# x y topography
0 3.00673 0.00672781
0.046875 3.0075 0.00750448
0.046875 3.0075 0.00750448
0.09375 3.00929 0.00928847
0.09375 3.00929 0.00928847
0.140625 3.01184 0.0118448
0.140625 3.01184 0.0118448
0.1875 3.0149 0.0149014
0.1875 3.0149 0.0149014
0.234375 3.01822 0.018224
0.234375 3.01822 0.018224
0.28125 3.02165 0.0216508
0.28125 3.02165 0.0216508
0.328125 3.02509 0.0250877
0.328125 3.02509 0.0250877
0.375 3.02849 0.0284868
0.375 3.02849 0.0284868
0.421875 3.03182 0.0318243
0.421875 3.03182 0.0318243
0.46875 3.03509 0.0350869
0.46875 3.03509 0.0350869
0.515625 3.03827 0.0382655
0.515625 3.03827 0.0382655
0.5625 3.04135 0.041352
0.5625 3.04135 0.041352
0.609375 3.04434 0.0443388
0.609375 3.04434 0.0443388
0.65625 3.04722 0.0472189
0.65625 3.04722 0.0472189
0.703125 3.04999 0.0499852
0.703125 3.04999 0.0499852
0.75 3.05263 0.0526311
0.75 3.05263 0.0526311
0.796875 3.05515 0.0551502
0.796875 3.05515 0.0551502
0.84375 3.05754 0.0575364
0.84375 3.05754 0.0575364
0.890625 3.05978 0.059784
0.890625 3.05978 0.059784
0.9375 3.06189 0.0618876
0.9375 3.06189 0.0618876
0.984375 3.06384 0.0638421
0.984375 3.06384 0.0638421
1.03125 3.06564 0.0656428
1.03125 3.06564 0.0656428
1.07812 3.06729 0.0672853
1.07812 3.06729 0.0672853
1.125 3.06877 0.0687658
1.125 3.06877 0.0687658
1.17188 3.07008 0.0700806
1.17188 3.07008 0.0700806
1.21875 3.07123 0.0712266
1.21875 3.07123 0.0712266
1.26562 3.0722 0.072201
1.26562 3.0722 0.072201
1.3125 3.073 0.0730014
1.3125 3.073 0.0730014
1.35938 3.07363 0.073626
1.35938 3.07363 0.073626
1.40625 3.07407 0.0740732
1.40625 3.07407 0.0740732
1.45312 3.07434 0.0743419
1.45312 3.07434 0.0743419
1.5 3.07443 0.0744316
1.5 3.07443 0.0744316
1.54688 3.07434 0.0743419
1.54688 3.07434 0.0743419
1.59375 3.07407 0.0740732
1.59375 3.07407 0.0740732
1.64062 3.07363 0.073626
1.64062 3.07363 0.073626
1.6875 3.073 0.0730014
1.6875 3.073 0.0730014
1.73438 3.0722 0.072201
1.73438 3.0722 0.072201
1.78125 3.07123 0.0712266
1.78125 3.07123 0.0712266
1.82812 3.07008 0.0700806
1.82812 3.07008 0.0700806
1.875 3.06877 0.0687658
1.875 3.06877 0.0687658
1.92188 3.06729 0.0672853
1.92188 3.06729 0.0672853
1.96875 3.06564 0.0656428
1.96875 3.06564 0.0656428
2.01562 3.06384 0.0638421
2.01562 3.06384 0.0638421
2.0625 3.06189 0.0618876
2.0625 3.06189 0.0618876
2.10938 3.05978 0.059784
2.10938 3.05978 0.059784
2.15625 3.05754 0.0575364
2.15625 3.05754 0.0575364
2.20312 3.05515 0.0551502
2.20312 3.05515 0.0551502
2.25 3.05263 0.0526311
2.25 3.05263 0.0526311
2.29688 3.04999 0.0499852
2.29688 3.04999 0.0499852
2.34375 3.04722 0.0472189
2.34375 3.04722 0.0472189
2.39062 3.04434 0.0443388
2.39062 3.04434 0.0443388
2.4375 3.04135 0.041352
2.4375 3.04135 0.041352
2.48438 3.03827 0.0382655
2.48438 3.03827 0.0382655
2.53125 3.03509 0.0350869
2.53125 3.03509 0.0350869
2.57812 3.03182 0.0318243
2.57812 3.03182 0.0318243
2.625 3.02849 0.0284868
2.625 3.02849 0.0284868
2.67188 3.02509 0.0250877
2.67188 3.02509 0.0250877
2.71875 3.02165 0.0216508
2.71875 3.02165 0.0216508
2.76562 3.01822 0.018224
2.76562 3.01822 0.018224
2.8125 3.0149 0.0149014
2.8125 3.0149 0.0149014
2.85938 3.01184 0.0118448
2.85938 3.01184 0.0118448
2.90625 3.00929 0.00928847
2.90625 3.00929 0.00928847
2.95312 3.0075 0.00750448
2.95312 3.0075 0.00750448
3 3.00673 0.00672781
