# x y topography
0 3.00717 0.00716574
0.046875 3.0079 0.00789998
0.046875 3.0079 0.00789998
0.09375 3.00959 0.00959435
0.09375 3.00959 0.00959435
0.140625 3.01205 0.0120458
0.140625 3.01205 0.0120458
0.1875 3.01501 0.0150108
0.1875 3.01501 0.0150108
0.234375 3.01827 0.0182688
0.234375 3.01827 0.0182688
0.28125 3.02166 0.0216571
0.28125 3.02166 0.0216571
0.328125 3.02507 0.025074
0.328125 3.02507 0.025074
0.375 3.02846 0.028463
0.375 3.02846 0.028463
0.421875 3.03179 0.0317949
0.421875 3.03179 0.0317949
0.46875 3.03505 0.0350538
0.46875 3.03505 0.0350538
0.515625 3.03823 0.0382292
0.515625 3.03823 0.0382292
0.5625 3.04131 0.0413127
0.5625 3.04131 0.0413127
0.609375 3.0443 0.0442967
0.609375 3.0443 0.0442967
0.65625 3.04717 0.047174
0.65625 3.04717 0.047174
0.703125 3.04994 0.0499377
0.703125 3.04994 0.0499377
0.75 3.05258 0.052581
0.75 3.05258 0.052581
0.796875 3.0551 0.0550977
0.796875 3.0551 0.0550977
0.84375 3.05748 0.0574817
0.84375 3.05748 0.0574817
0.890625 3.05973 0.0597272
0.890625 3.05973 0.0597272
0.9375 3.06183 0.0618288
0.9375 3.06183 0.0618288
0.984375 3.06378 0.0637814
0.984375 3.06378 0.0637814
1.03125 3.06558 0.0655804
1.03125 3.06558 0.0655804
1.07812 3.06722 0.0672214
1.07812 3.06722 0.0672214
1.125 3.0687 0.0687004
1.125 3.0687 0.0687004
1.17188 3.07001 0.070014
1.17188 3.07001 0.070014
1.21875 3.07116 0.0711589
1.21875 3.07116 0.0711589
1.26562 3.07213 0.0721323
1.26562 3.07213 0.0721323
1.3125 3.07293 0.072932
1.3125 3.07293 0.072932
1.35938 3.07356 0.073556
1.35938 3.07356 0.073556
1.40625 3.074 0.0740028
1.40625 3.074 0.0740028
1.45312 3.07427 0.0742713
1.45312 3.07427 0.0742713
1.5 3.07436 0.0743608
1.5 3.07436 0.0743608
1.54688 3.07427 0.0742713
1.54688 3.07427 0.0742713
1.59375 3.074 0.0740028
1.59375 3.074 0.0740028
1.64062 3.07356 0.073556
1.64062 3.07356 0.073556
1.6875 3.07293 0.072932
1.6875 3.07293 0.072932
1.73438 3.07213 0.0721323
1.73438 3.07213 0.0721323
1.78125 3.07116 0.0711589
1.78125 3.07116 0.0711589
1.82812 3.07001 0.070014
1.82812 3.07001 0.070014
1.875 3.0687 0.0687004
1.875 3.0687 0.0687004
1.92188 3.06722 0.0672214
1.92188 3.06722 0.0672214
1.96875 3.06558 0.0655804
1.96875 3.06558 0.0655804
2.01562 3.06378 0.0637814
2.01562 3.06378 0.0637814
2.0625 3.06183 0.0618288
2.0625 3.06183 0.0618288
2.10938 3.05973 0.0597272
2.10938 3.05973 0.0597272
2.15625 3.05748 0.0574817
2.15625 3.05748 0.0574817
2.20312 3.0551 0.0550977
2.20312 3.0551 0.0550977
2.25 3.05258 0.052581
2.25 3.05258 0.052581
2.29688 3.04994 0.0499377
2.29688 3.04994 0.0499377
2.34375 3.04717 0.047174
2.34375 3.04717 0.047174
2.39062 3.0443 0.0442967
2.39062 3.0443 0.0442967
2.4375 3.04131 0.0413127
2.4375 3.04131 0.0413127
2.48438 3.03823 0.0382292
2.48438 3.03823 0.0382292
2.53125 3.03505 0.0350538
2.53125 3.03505 0.0350538
2.57812 3.03179 0.0317949
2.57812 3.03179 0.0317949
2.625 3.02846 0.028463
2.625 3.02846 0.028463
2.67188 3.02507 0.025074
2.67188 3.02507 0.025074
2.71875 3.02166 0.0216571
2.71875 3.02166 0.0216571
2.76562 3.01827 0.0182688
2.76562 3.01827 0.0182688
2.8125 3.01501 0.0150108
2.8125 3.01501 0.0150108
2.85938 3.01205 0.0120458
2.85938 3.01205 0.0120458
2.90625 3.00959 0.00959435
2.90625 3.00959 0.00959435
2.95312 3.0079 0.00789998
2.95312 3.0079 0.00789998
3 3.00717 0.00716574
