# x y topography
0 3.00895 0.00895269
0.046875 3.00955 0.00955187
0.046875 3.00955 0.00955187
0.09375 3.01095 0.0109499
0.09375 3.01095 0.0109499
0.140625 3.01303 0.0130287
0.140625 3.01303 0.0130287
0.1875 3.01563 0.0156322
0.1875 3.01563 0.0156322
0.234375 3.0186 0.0185976
0.234375 3.0186 0.0185976
0.28125 3.02178 0.0217806
0.28125 3.02178 0.0217806
0.328125 3.02507 0.0250685
0.328125 3.02507 0.0250685
0.375 3.02838 0.0283825
0.375 3.02838 0.0283825
0.421875 3.03167 0.0316713
0.421875 3.03167 0.0316713
0.46875 3.0349 0.0349038
0.46875 3.0349 0.0349038
0.515625 3.03806 0.0380604
0.515625 3.03806 0.0380604
0.5625 3.04113 0.0411286
0.5625 3.04113 0.0411286
0.609375 3.0441 0.0440988
0.609375 3.0441 0.0440988
0.65625 3.04696 0.0469631
0.65625 3.04696 0.0469631
0.703125 3.04971 0.0497143
0.703125 3.04971 0.0497143
0.75 3.05235 0.0523459
0.75 3.05235 0.0523459
0.796875 3.05485 0.0548513
0.796875 3.05485 0.0548513
0.84375 3.05722 0.0572246
0.84375 3.05722 0.0572246
0.890625 3.05946 0.05946
0.890625 3.05946 0.05946
0.9375 3.06155 0.0615522
0.9375 3.06155 0.0615522
0.984375 3.0635 0.0634961
0.984375 3.0635 0.0634961
1.03125 3.06529 0.0652871
1.03125 3.06529 0.0652871
1.07812 3.06692 0.0669207
1.07812 3.06692 0.0669207
1.125 3.06839 0.0683932
1.125 3.06839 0.0683932
1.17188 3.0697 0.0697008
1.17188 3.0697 0.0697008
1.21875 3.07084 0.0708406
1.21875 3.07084 0.0708406
1.26562 3.07181 0.0718097
1.26562 3.07181 0.0718097
1.3125 3.07261 0.0726058
1.3125 3.07261 0.0726058
1.35938 3.07323 0.073227
1.35938 3.07323 0.073227
1.40625 3.07367 0.0736718
1.40625 3.07367 0.0736718
1.45312 3.07394 0.0739391
1.45312 3.07394 0.0739391
1.5 3.07403 0.0740282
1.5 3.07403 0.0740282
1.54688 3.07394 0.0739391
1.54688 3.07394 0.0739391
1.59375 3.07367 0.0736718
1.59375 3.07367 0.0736718
1.64062 3.07323 0.073227
1.64062 3.07323 0.073227
1.6875 3.07261 0.0726058
1.6875 3.07261 0.0726058
1.73438 3.07181 0.0718097
1.73438 3.07181 0.0718097
1.78125 3.07084 0.0708406
1.78125 3.07084 0.0708406
1.82812 3.0697 0.0697008
1.82812 3.0697 0.0697008
1.875 3.06839 0.0683932
1.875 3.06839 0.0683932
1.92188 3.06692 0.0669207
1.92188 3.06692 0.0669207
1.96875 3.06529 0.0652871
1.96875 3.06529 0.0652871
2.01562 3.0635 0.0634961
2.01562 3.0635 0.0634961
2.0625 3.06155 0.0615522
2.0625 3.06155 0.0615522
2.10938 3.05946 0.05946
2.10938 3.05946 0.05946
2.15625 3.05722 0.0572246
2.15625 3.05722 0.0572246
2.20312 3.05485 0.0548513
2.20312 3.05485 0.0548513
2.25 3.05235 0.0523459
2.25 3.05235 0.0523459
2.29688 3.04971 0.0497143
2.29688 3.04971 0.0497143
2.34375 3.04696 0.0469631
2.34375 3.04696 0.0469631
2.39062 3.0441 0.0440988
2.39062 3.0441 0.0440988
2.4375 3.04113 0.0411286
2.4375 3.04113 0.0411286
2.48438 3.03806 0.0380604
2.48438 3.03806 0.0380604
2.53125 3.0349 0.0349038
2.53125 3.0349 0.0349038
2.57812 3.03167 0.0316713
2.57812 3.03167 0.0316713
2.625 3.02838 0.0283825
2.625 3.02838 0.0283825
2.67188 3.02507 0.0250685
2.67188 3.02507 0.0250685
2.71875 3.02178 0.0217806
2.71875 3.02178 0.0217806
2.76562 3.0186 0.0185976
2.76562 3.0186 0.0185976
2.8125 3.01563 0.0156322
2.8125 3.01563 0.0156322
2.85938 3.01303 0.0130287
2.85938 3.01303 0.0130287
2.90625 3.01095 0.0109499
2.90625 3.01095 0.0109499
2.95312 3.00955 0.00955187
2.95312 3.00955 0.00955187
3 3.00895 0.00895269
