# x y topography
0 3.01101 0.0110068
0.046875 3.0115 0.0114994
0.046875 3.0115 0.0114994
0.09375 3.01265 0.012653
0.09375 3.01265 0.012653
0.140625 3.0144 0.0143985
0.140625 3.0144 0.0143985
0.1875 3.01664 0.0166384
0.1875 3.01664 0.0166384
0.234375 3.01926 0.0192615
0.234375 3.01926 0.0192615
0.28125 3.02216 0.022157
0.28125 3.02216 0.022157
0.328125 3.02522 0.0252249
0.328125 3.02522 0.0252249
0.375 3.02838 0.0283827
0.375 3.02838 0.0283827
0.421875 3.03157 0.0315665
0.421875 3.03157 0.0315665
0.46875 3.03473 0.03473
0.46875 3.03473 0.03473
0.515625 3.03784 0.0378409
0.515625 3.03784 0.0378409
0.5625 3.04088 0.0408768
0.5625 3.04088 0.0408768
0.609375 3.04382 0.0438222
0.609375 3.04382 0.0438222
0.65625 3.04667 0.0466658
0.65625 3.04667 0.0466658
0.703125 3.0494 0.0493985
0.703125 3.0494 0.0493985
0.75 3.05201 0.0520129
0.75 3.05201 0.0520129
0.796875 3.0545 0.0545023
0.796875 3.0545 0.0545023
0.84375 3.05686 0.0568604
0.84375 3.05686 0.0568604
0.890625 3.05908 0.0590816
0.890625 3.05908 0.0590816
0.9375 3.06116 0.0611605
0.9375 3.06116 0.0611605
0.984375 3.06309 0.063092
0.984375 3.06309 0.063092
1.03125 3.06487 0.0648716
1.03125 3.06487 0.0648716
1.07812 3.06649 0.0664948
1.07812 3.06649 0.0664948
1.125 3.06796 0.0679579
1.125 3.06796 0.0679579
1.17188 3.06926 0.0692573
1.17188 3.06926 0.0692573
1.21875 3.07039 0.0703898
1.21875 3.07039 0.0703898
1.26562 3.07135 0.0713527
1.26562 3.07135 0.0713527
1.3125 3.07214 0.0721437
1.3125 3.07214 0.0721437
1.35938 3.07276 0.072761
1.35938 3.07276 0.072761
1.40625 3.0732 0.0732029
1.40625 3.0732 0.0732029
1.45312 3.07347 0.0734685
1.45312 3.07347 0.0734685
1.5 3.07356 0.0735571
1.5 3.07356 0.0735571
1.54688 3.07347 0.0734685
1.54688 3.07347 0.0734685
1.59375 3.0732 0.0732029
1.59375 3.0732 0.0732029
1.64062 3.07276 0.072761
1.64062 3.07276 0.072761
1.6875 3.07214 0.0721437
1.6875 3.07214 0.0721437
1.73438 3.07135 0.0713527
1.73438 3.07135 0.0713527
1.78125 3.07039 0.0703898
1.78125 3.07039 0.0703898
1.82812 3.06926 0.0692573
1.82812 3.06926 0.0692573
1.875 3.06796 0.0679579
1.875 3.06796 0.0679579
1.92188 3.06649 0.0664948
1.92188 3.06649 0.0664948
1.96875 3.06487 0.0648716
1.96875 3.06487 0.0648716
2.01562 3.06309 0.063092
2.01562 3.06309 0.063092
2.0625 3.06116 0.0611605
2.0625 3.06116 0.0611605
2.10938 3.05908 0.0590816
2.10938 3.05908 0.0590816
2.15625 3.05686 0.0568604
2.15625 3.05686 0.0568604
2.20312 3.0545 0.0545023
2.20312 3.0545 0.0545023
2.25 3.05201 0.0520129
2.25 3.05201 0.0520129
2.29688 3.0494 0.0493985
2.29688 3.0494 0.0493985
2.34375 3.04667 0.0466658
2.34375 3.04667 0.0466658
2.39062 3.04382 0.0438222
2.39062 3.04382 0.0438222
2.4375 3.04088 0.0408768
2.4375 3.04088 0.0408768
2.48438 3.03784 0.0378409
2.48438 3.03784 0.0378409
2.53125 3.03473 0.03473
2.53125 3.03473 0.03473
2.57812 3.03157 0.0315665
2.57812 3.03157 0.0315665
2.625 3.02838 0.0283827
2.625 3.02838 0.0283827
2.67188 3.02522 0.0252249
2.67188 3.02522 0.0252249
2.71875 3.02216 0.022157
2.71875 3.02216 0.022157
2.76562 3.01926 0.0192615
2.76562 3.01926 0.0192615
2.8125 3.01664 0.0166384
2.8125 3.01664 0.0166384
2.85938 3.0144 0.0143985
2.85938 3.0144 0.0143985
2.90625 3.01265 0.012653
2.90625 3.01265 0.012653
2.95312 3.0115 0.0114994
2.95312 3.0115 0.0114994
3 3.01101 0.0110068
