# x y topography
0 3.0031 0.00310339
0.046875 3.00456 0.00456361
0.046875 3.00456 0.00456361
0.09375 3.0075 0.00750215
0.09375 3.0075 0.00750215
0.140625 3.011 0.0110027
0.140625 3.011 0.0110027
0.1875 3.01461 0.0146053
0.1875 3.01461 0.0146053
0.234375 3.01819 0.0181889
0.234375 3.01819 0.0181889
0.28125 3.02173 0.02173
0.28125 3.02173 0.02173
0.328125 3.02522 0.0252187
0.328125 3.02522 0.0252187
0.375 3.02865 0.0286467
0.375 3.02865 0.0286467
0.421875 3.03201 0.0320057
0.421875 3.03201 0.0320057
0.46875 3.03529 0.0352876
0.46875 3.03529 0.0352876
0.515625 3.03848 0.0384844
0.515625 3.03848 0.0384844
0.5625 3.04159 0.0415886
0.5625 3.04159 0.0415886
0.609375 3.04459 0.0445926
0.609375 3.04459 0.0445926
0.65625 3.04749 0.0474891
0.65625 3.04749 0.0474891
0.703125 3.05027 0.0502712
0.703125 3.05027 0.0502712
0.75 3.05293 0.0529322
0.75 3.05293 0.0529322
0.796875 3.05547 0.0554657
0.796875 3.05547 0.0554657
0.84375 3.05787 0.0578656
0.84375 3.05787 0.0578656
0.890625 3.06013 0.0601261
0.890625 3.06013 0.0601261
0.9375 3.06224 0.0622417
0.9375 3.06224 0.0622417
0.984375 3.06421 0.0642074
0.984375 3.06421 0.0642074
1.03125 3.06602 0.0660184
1.03125 3.06602 0.0660184
1.07812 3.06767 0.0676704
1.07812 3.06767 0.0676704
1.125 3.06916 0.0691593
1.125 3.06916 0.0691593
1.17188 3.07048 0.0704816
1.17188 3.07048 0.0704816
1.21875 3.07163 0.0716341
1.21875 3.07163 0.0716341
1.26562 3.07261 0.0726141
1.26562 3.07261 0.0726141
1.3125 3.07342 0.0734191
1.3125 3.07342 0.0734191
1.35938 3.07405 0.0740473
1.35938 3.07405 0.0740473
1.40625 3.0745 0.074497
1.40625 3.0745 0.074497
1.45312 3.07477 0.0747673
1.45312 3.07477 0.0747673
1.5 3.07486 0.0748575
1.5 3.07486 0.0748575
1.54688 3.07477 0.0747673
1.54688 3.07477 0.0747673
1.59375 3.0745 0.074497
1.59375 3.0745 0.074497
1.64062 3.07405 0.0740473
1.64062 3.07405 0.0740473
1.6875 3.07342 0.0734191
1.6875 3.07342 0.0734191
1.73438 3.07261 0.0726141
1.73438 3.07261 0.0726141
1.78125 3.07163 0.0716341
1.78125 3.07163 0.0716341
1.82812 3.07048 0.0704816
1.82812 3.07048 0.0704816
1.875 3.06916 0.0691593
1.875 3.06916 0.0691593
1.92188 3.06767 0.0676704
1.92188 3.06767 0.0676704
1.96875 3.06602 0.0660184
1.96875 3.06602 0.0660184
2.01562 3.06421 0.0642074
2.01562 3.06421 0.0642074
2.0625 3.06224 0.0622417
2.0625 3.06224 0.0622417
2.10938 3.06013 0.0601261
2.10938 3.06013 0.0601261
2.15625 3.05787 0.0578656
2.15625 3.05787 0.0578656
2.20312 3.05547 0.0554657
2.20312 3.05547 0.0554657
2.25 3.05293 0.0529322
2.25 3.05293 0.0529322
2.29688 3.05027 0.0502712
2.29688 3.05027 0.0502712
2.34375 3.04749 0.0474891
2.34375 3.04749 0.0474891
2.39062 3.04459 0.0445926
2.39062 3.04459 0.0445926
2.4375 3.04159 0.0415886
2.4375 3.04159 0.0415886
2.48438 3.03848 0.0384844
2.48438 3.03848 0.0384844
2.53125 3.03529 0.0352876
2.53125 3.03529 0.0352876
2.57812 3.03201 0.0320057
2.57812 3.03201 0.0320057
2.625 3.02865 0.0286467
2.625 3.02865 0.0286467
2.67188 3.02522 0.0252187
2.67188 3.02522 0.0252187
2.71875 3.02173 0.02173
2.71875 3.02173 0.02173
2.76562 3.01819 0.0181889
2.76562 3.01819 0.0181889
2.8125 3.01461 0.0146053
2.8125 3.01461 0.0146053
2.85938 3.011 0.0110027
2.85938 3.011 0.0110027
2.90625 3.0075 0.00750215
2.90625 3.0075 0.00750215
2.95312 3.00456 0.00456361
2.95312 3.00456 0.00456361
3 3.0031 0.00310339
