# x y topography
0 3.01296 0.012956
0.046875 3.01338 0.0133756
0.046875 3.01338 0.0133756
0.09375 3.01436 0.0143572
0.09375 3.01436 0.0143572
0.140625 3.01586 0.0158563
0.140625 3.01586 0.0158563
0.1875 3.01781 0.0178077
0.1875 3.01781 0.0178077
0.234375 3.02013 0.0201332
0.234375 3.02013 0.0201332
0.28125 3.02275 0.0227493
0.28125 3.02275 0.0227493
0.328125 3.02557 0.0255746
0.328125 3.02557 0.0255746
0.375 3.02853 0.0285347
0.375 3.02853 0.0285347
0.421875 3.03157 0.0315659
0.421875 3.03157 0.0315659
0.46875 3.03462 0.0346164
0.46875 3.03462 0.0346164
0.515625 3.03765 0.0376457
0.515625 3.03765 0.0376457
0.5625 3.04062 0.0406231
0.5625 3.04062 0.0406231
0.609375 3.04353 0.0435257
0.609375 3.04353 0.0435257
0.65625 3.04634 0.0463367
0.65625 3.04634 0.0463367
0.703125 3.04904 0.0490433
0.703125 3.04904 0.0490433
0.75 3.05164 0.0516355
0.75 3.05164 0.0516355
0.796875 3.05411 0.0541051
0.796875 3.05411 0.0541051
0.84375 3.05645 0.0564454
0.84375 3.05645 0.0564454
0.890625 3.05865 0.0586501
0.890625 3.05865 0.0586501
0.9375 3.06071 0.0607136
0.9375 3.06071 0.0607136
0.984375 3.06263 0.062631
0.984375 3.06263 0.062631
1.03125 3.0644 0.0643975
1.03125 3.0644 0.0643975
1.07812 3.06601 0.0660089
1.07812 3.06601 0.0660089
1.125 3.06746 0.0674613
1.125 3.06746 0.0674613
1.17188 3.06875 0.0687511
1.17188 3.06875 0.0687511
1.21875 3.06988 0.0698753
1.21875 3.06988 0.0698753
1.26562 3.07083 0.0708312
1.26562 3.07083 0.0708312
1.3125 3.07162 0.0716165
1.3125 3.07162 0.0716165
1.35938 3.07223 0.0722292
1.35938 3.07223 0.0722292
1.40625 3.07267 0.0726679
1.40625 3.07267 0.0726679
1.45312 3.07293 0.0729316
1.45312 3.07293 0.0729316
1.5 3.07302 0.0730195
1.5 3.07302 0.0730195
1.54688 3.07293 0.0729316
1.54688 3.07293 0.0729316
1.59375 3.07267 0.0726679
1.59375 3.07267 0.0726679
1.64062 3.07223 0.0722292
1.64062 3.07223 0.0722292
1.6875 3.07162 0.0716165
1.6875 3.07162 0.0716165
1.73438 3.07083 0.0708312
1.73438 3.07083 0.0708312
1.78125 3.06988 0.0698753
1.78125 3.06988 0.0698753
1.82812 3.06875 0.0687511
1.82812 3.06875 0.0687511
1.875 3.06746 0.0674613
1.875 3.06746 0.0674613
1.92188 3.06601 0.0660089
1.92188 3.06601 0.0660089
1.96875 3.0644 0.0643975
1.96875 3.0644 0.0643975
2.01562 3.06263 0.062631
2.01562 3.06263 0.062631
2.0625 3.06071 0.0607136
2.0625 3.06071 0.0607136
2.10938 3.05865 0.0586501
2.10938 3.05865 0.0586501
2.15625 3.05645 0.0564454
2.15625 3.05645 0.0564454
2.20312 3.05411 0.0541051
2.20312 3.05411 0.0541051
2.25 3.05164 0.0516355
2.25 3.05164 0.0516355
2.29688 3.04904 0.0490433
2.29688 3.04904 0.0490433
2.34375 3.04634 0.0463367
2.34375 3.04634 0.0463367
2.39062 3.04353 0.0435257
2.39062 3.04353 0.0435257
2.4375 3.04062 0.0406231
2.4375 3.04062 0.0406231
2.48438 3.03765 0.0376457
2.48438 3.03765 0.0376457
2.53125 3.03462 0.0346164
2.53125 3.03462 0.0346164
2.57812 3.03157 0.0315659
2.57812 3.03157 0.0315659
2.625 3.02853 0.0285347
2.625 3.02853 0.0285347
2.67188 3.02557 0.0255746
2.67188 3.02557 0.0255746
2.71875 3.02275 0.0227493
2.71875 3.02275 0.0227493
2.76562 3.02013 0.0201332
2.76562 3.02013 0.0201332
2.8125 3.01781 0.0178077
2.8125 3.01781 0.0178077
2.85938 3.01586 0.0158563
2.85938 3.01586 0.0158563
2.90625 3.01436 0.0143572
2.90625 3.01436 0.0143572
2.95312 3.01338 0.0133756
2.95312 3.01338 0.0133756
3 3.01296 0.012956
