# x y topography
0 3.01184 0.0118424
0.046875 3.0123 0.0123011
0.046875 3.0123 0.0123011
0.09375 3.01338 0.0133754
0.09375 3.01338 0.0133754
0.140625 3.01501 0.0150081
0.140625 3.01501 0.0150081
0.1875 3.01712 0.017118
0.1875 3.01712 0.017118
0.234375 3.01961 0.0196094
0.234375 3.01961 0.0196094
0.28125 3.02238 0.0223842
0.28125 3.02238 0.0223842
0.328125 3.02535 0.0253502
0.328125 3.02535 0.0253502
0.375 3.02843 0.0284275
0.375 3.02843 0.0284275
0.421875 3.03155 0.0315514
0.421875 3.03155 0.0315514
0.46875 3.03467 0.034672
0.46875 3.03467 0.034672
0.515625 3.03775 0.0377529
0.515625 3.03775 0.0377529
0.5625 3.04077 0.0407677
0.5625 3.04077 0.0407677
0.609375 3.0437 0.0436977
0.609375 3.0437 0.0436977
0.65625 3.04653 0.0465294
0.65625 3.04653 0.0465294
0.703125 3.04925 0.0492524
0.703125 3.04925 0.0492524
0.75 3.05186 0.0518583
0.75 3.05186 0.0518583
0.796875 3.05434 0.0543399
0.796875 3.05434 0.0543399
0.84375 3.05669 0.0566908
0.84375 3.05669 0.0566908
0.890625 3.05891 0.0589054
0.890625 3.05891 0.0589054
0.9375 3.06098 0.060978
0.9375 3.06098 0.060978
0.984375 3.0629 0.0629038
0.984375 3.0629 0.0629038
1.03125 3.06468 0.064678
1.03125 3.06468 0.064678
1.07812 3.0663 0.0662964
1.07812 3.0663 0.0662964
1.125 3.06776 0.0677551
1.125 3.06776 0.0677551
1.17188 3.06905 0.0690506
1.17188 3.06905 0.0690506
1.21875 3.07018 0.0701797
1.21875 3.07018 0.0701797
1.26562 3.07114 0.0711398
1.26562 3.07114 0.0711398
1.3125 3.07193 0.0719285
1.3125 3.07193 0.0719285
1.35938 3.07254 0.0725438
1.35938 3.07254 0.0725438
1.40625 3.07298 0.0729845
1.40625 3.07298 0.0729845
1.45312 3.07325 0.0732493
1.45312 3.07325 0.0732493
1.5 3.07334 0.0733376
1.5 3.07334 0.0733376
1.54688 3.07325 0.0732493
1.54688 3.07325 0.0732493
1.59375 3.07298 0.0729845
1.59375 3.07298 0.0729845
1.64062 3.07254 0.0725438
1.64062 3.07254 0.0725438
1.6875 3.07193 0.0719285
1.6875 3.07193 0.0719285
1.73438 3.07114 0.0711398
1.73438 3.07114 0.0711398
1.78125 3.07018 0.0701797
1.78125 3.07018 0.0701797
1.82812 3.06905 0.0690506
1.82812 3.06905 0.0690506
1.875 3.06776 0.0677551
1.875 3.06776 0.0677551
1.92188 3.0663 0.0662964
1.92188 3.0663 0.0662964
1.96875 3.06468 0.064678
1.96875 3.06468 0.064678
2.01562 3.0629 0.0629038
2.01562 3.0629 0.0629038
2.0625 3.06098 0.060978
2.0625 3.06098 0.060978
2.10938 3.05891 0.0589054
2.10938 3.05891 0.0589054
2.15625 3.05669 0.0566908
2.15625 3.05669 0.0566908
2.20312 3.05434 0.0543399
2.20312 3.05434 0.0543399
2.25 3.05186 0.0518583
2.25 3.05186 0.0518583
2.29688 3.04925 0.0492524
2.29688 3.04925 0.0492524
2.34375 3.04653 0.0465294
2.34375 3.04653 0.0465294
2.39062 3.0437 0.0436977
2.39062 3.0437 0.0436977
2.4375 3.04077 0.0407677
2.4375 3.04077 0.0407677
2.48438 3.03775 0.0377529
2.48438 3.03775 0.0377529
2.53125 3.03467 0.034672
2.53125 3.03467 0.034672
2.57812 3.03155 0.0315514
2.57812 3.03155 0.0315514
2.625 3.02843 0.0284275
2.625 3.02843 0.0284275
2.67188 3.02535 0.0253502
2.67188 3.02535 0.0253502
2.71875 3.02238 0.0223842
2.71875 3.02238 0.0223842
2.76562 3.01961 0.0196094
2.76562 3.01961 0.0196094
2.8125 3.01712 0.017118
2.8125 3.01712 0.017118
2.85938 3.01501 0.0150081
2.85938 3.01501 0.0150081
2.90625 3.01338 0.0133754
2.90625 3.01338 0.0133754
2.95312 3.0123 0.0123011
2.95312 3.0123 0.0123011
3 3.01184 0.0118424
