# x y topography
0 3.00347 0.00347285
0.046875 3.00482 0.00481563
0.046875 3.00482 0.00481563
0.09375 3.0076 0.00759803
0.09375 3.0076 0.00759803
0.140625 3.01102 0.0110203
0.140625 3.01102 0.0110203
0.1875 3.0146 0.0146022
0.1875 3.0146 0.0146022
0.234375 3.01818 0.0181817
0.234375 3.01818 0.0181817
0.28125 3.02172 0.0217211
0.28125 3.02172 0.0217211
0.328125 3.02521 0.0252085
0.328125 3.02521 0.0252085
0.375 3.02864 0.028635
0.375 3.02864 0.028635
0.421875 3.03199 0.0319927
0.421875 3.03199 0.0319927
0.46875 3.03527 0.0352732
0.46875 3.03527 0.0352732
0.515625 3.03847 0.0384688
0.515625 3.03847 0.0384688
0.5625 3.04157 0.0415716
0.5625 3.04157 0.0415716
0.609375 3.04457 0.0445744
0.609375 3.04457 0.0445744
0.65625 3.04747 0.0474697
0.65625 3.04747 0.0474697
0.703125 3.05025 0.0502507
0.703125 3.05025 0.0502507
0.75 3.05291 0.0529107
0.75 3.05291 0.0529107
0.796875 3.05544 0.0554431
0.796875 3.05544 0.0554431
0.84375 3.05784 0.057842
0.84375 3.05784 0.057842
0.890625 3.0601 0.0601016
0.890625 3.0601 0.0601016
0.9375 3.06222 0.0622164
0.9375 3.06222 0.0622164
0.984375 3.06418 0.0641812
0.984375 3.06418 0.0641812
1.03125 3.06599 0.0659915
1.03125 3.06599 0.0659915
1.07812 3.06764 0.0676428
1.07812 3.06764 0.0676428
1.125 3.06913 0.0691311
1.125 3.06913 0.0691311
1.17188 3.07045 0.0704529
1.17188 3.07045 0.0704529
1.21875 3.0716 0.071605
1.21875 3.0716 0.071605
1.26562 3.07258 0.0725845
1.26562 3.07258 0.0725845
1.3125 3.07339 0.0733892
1.3125 3.07339 0.0733892
1.35938 3.07402 0.0740171
1.35938 3.07402 0.0740171
1.40625 3.07447 0.0744667
1.40625 3.07447 0.0744667
1.45312 3.07474 0.0747368
1.45312 3.07474 0.0747368
1.5 3.07483 0.074827
1.5 3.07483 0.074827
1.54688 3.07474 0.0747368
1.54688 3.07474 0.0747368
1.59375 3.07447 0.0744667
1.59375 3.07447 0.0744667
1.64062 3.07402 0.0740171
1.64062 3.07402 0.0740171
1.6875 3.07339 0.0733892
1.6875 3.07339 0.0733892
1.73438 3.07258 0.0725845
1.73438 3.07258 0.0725845
1.78125 3.0716 0.071605
1.78125 3.0716 0.071605
1.82812 3.07045 0.0704529
1.82812 3.07045 0.0704529
1.875 3.06913 0.0691311
1.875 3.06913 0.0691311
1.92188 3.06764 0.0676428
1.92188 3.06764 0.0676428
1.96875 3.06599 0.0659915
1.96875 3.06599 0.0659915
2.01562 3.06418 0.0641812
2.01562 3.06418 0.0641812
2.0625 3.06222 0.0622164
2.0625 3.06222 0.0622164
2.10938 3.0601 0.0601016
2.10938 3.0601 0.0601016
2.15625 3.05784 0.057842
2.15625 3.05784 0.057842
2.20312 3.05544 0.0554431
2.20312 3.05544 0.0554431
2.25 3.05291 0.0529107
2.25 3.05291 0.0529107
2.29688 3.05025 0.0502507
2.29688 3.05025 0.0502507
2.34375 3.04747 0.0474697
2.34375 3.04747 0.0474697
2.39062 3.04457 0.0445744
2.39062 3.04457 0.0445744
2.4375 3.04157 0.0415716
2.4375 3.04157 0.0415716
2.48438 3.03847 0.0384688
2.48438 3.03847 0.0384688
2.53125 3.03527 0.0352732
2.53125 3.03527 0.0352732
2.57812 3.03199 0.0319927
2.57812 3.03199 0.0319927
2.625 3.02864 0.028635
2.625 3.02864 0.028635
2.67188 3.02521 0.0252085
2.67188 3.02521 0.0252085
2.71875 3.02172 0.0217211
2.71875 3.02172 0.0217211
2.76562 3.01818 0.0181817
2.76562 3.01818 0.0181817
2.8125 3.0146 0.0146022
2.8125 3.0146 0.0146022
2.85938 3.01102 0.0110203
2.85938 3.01102 0.0110203
2.90625 3.0076 0.00759803
2.90625 3.0076 0.00759803
2.95312 3.00482 0.00481563
2.95312 3.00482 0.00481563
3 3.00347 0.00347285
