# x y topography
0 3.0101 0.0100987
0.046875 3.01063 0.0106337
0.046875 3.01063 0.0106337
0.09375 3.01189 0.0118856
0.09375 3.01189 0.0118856
0.140625 3.01377 0.0137675
0.140625 3.01377 0.0137675
0.1875 3.01616 0.0161604
0.1875 3.01616 0.0161604
0.234375 3.01893 0.0189325
0.234375 3.01893 0.0189325
0.28125 3.02196 0.0219582
0.28125 3.02196 0.0219582
0.328125 3.02513 0.0251303
0.328125 3.02513 0.0251303
0.375 3.02837 0.0283654
0.375 3.02837 0.0283654
0.421875 3.0316 0.0316034
0.421875 3.0316 0.0316034
0.46875 3.0348 0.0348036
0.46875 3.0348 0.0348036
0.515625 3.03794 0.0379392
0.515625 3.03794 0.0379392
0.5625 3.04099 0.0409922
0.5625 3.04099 0.0409922
0.609375 3.04395 0.0439504
0.609375 3.04395 0.0439504
0.65625 3.0468 0.0468042
0.65625 3.0468 0.0468042
0.703125 3.04955 0.0495459
0.703125 3.04955 0.0495459
0.75 3.05217 0.0521684
0.75 3.05217 0.0521684
0.796875 3.05467 0.0546653
0.796875 3.05467 0.0546653
0.84375 3.05703 0.0570306
0.84375 3.05703 0.0570306
0.890625 3.05926 0.0592584
0.890625 3.05926 0.0592584
0.9375 3.06134 0.0613435
0.9375 3.06134 0.0613435
0.984375 3.06328 0.0632809
0.984375 3.06328 0.0632809
1.03125 3.06507 0.0650657
1.03125 3.06507 0.0650657
1.07812 3.06669 0.0666938
1.07812 3.06669 0.0666938
1.125 3.06816 0.0681613
1.125 3.06816 0.0681613
1.17188 3.06946 0.0694645
1.17188 3.06946 0.0694645
1.21875 3.0706 0.0706004
1.21875 3.0706 0.0706004
1.26562 3.07157 0.0715662
1.26562 3.07157 0.0715662
1.3125 3.07236 0.0723596
1.3125 3.07236 0.0723596
1.35938 3.07298 0.0729787
1.35938 3.07298 0.0729787
1.40625 3.07342 0.073422
1.40625 3.07342 0.073422
1.45312 3.07369 0.0736884
1.45312 3.07369 0.0736884
1.5 3.07378 0.0737772
1.5 3.07378 0.0737772
1.54688 3.07369 0.0736884
1.54688 3.07369 0.0736884
1.59375 3.07342 0.073422
1.59375 3.07342 0.073422
1.64062 3.07298 0.0729787
1.64062 3.07298 0.0729787
1.6875 3.07236 0.0723596
1.6875 3.07236 0.0723596
1.73438 3.07157 0.0715662
1.73438 3.07157 0.0715662
1.78125 3.0706 0.0706004
1.78125 3.0706 0.0706004
1.82812 3.06946 0.0694645
1.82812 3.06946 0.0694645
1.875 3.06816 0.0681613
1.875 3.06816 0.0681613
1.92188 3.06669 0.0666938
1.92188 3.06669 0.0666938
1.96875 3.06507 0.0650657
1.96875 3.06507 0.0650657
2.01562 3.06328 0.0632809
2.01562 3.06328 0.0632809
2.0625 3.06134 0.0613435
2.0625 3.06134 0.0613435
2.10938 3.05926 0.0592584
2.10938 3.05926 0.0592584
2.15625 3.05703 0.0570306
2.15625 3.05703 0.0570306
2.20312 3.05467 0.0546653
2.20312 3.05467 0.0546653
2.25 3.05217 0.0521684
2.25 3.05217 0.0521684
2.29688 3.04955 0.0495459
2.29688 3.04955 0.0495459
2.34375 3.0468 0.0468042
2.34375 3.0468 0.0468042
2.39062 3.04395 0.0439504
2.39062 3.04395 0.0439504
2.4375 3.04099 0.0409922
2.4375 3.04099 0.0409922
2.48438 3.03794 0.0379392
2.48438 3.03794 0.0379392
2.53125 3.0348 0.0348036
2.53125 3.0348 0.0348036
2.57812 3.0316 0.0316034
2.57812 3.0316 0.0316034
2.625 3.02837 0.0283654
2.625 3.02837 0.0283654
2.67188 3.02513 0.0251303
2.67188 3.02513 0.0251303
2.71875 3.02196 0.0219582
2.71875 3.02196 0.0219582
2.76562 3.01893 0.0189325
2.76562 3.01893 0.0189325
2.8125 3.01616 0.0161604
2.8125 3.01616 0.0161604
2.85938 3.01377 0.0137675
2.85938 3.01377 0.0137675
2.90625 3.01189 0.0118856
2.90625 3.01189 0.0118856
2.95312 3.01063 0.0106337
2.95312 3.01063 0.0106337
3 3.0101 0.0100987
