# x y topography
0 3.01259 0.0125852
0.046875 3.01302 0.0130172
0.046875 3.01302 0.0130172
0.09375 3.01403 0.0140281
0.09375 3.01403 0.0140281
0.140625 3.01557 0.0155698
0.140625 3.01557 0.0155698
0.1875 3.01757 0.0175722
0.1875 3.01757 0.0175722
0.234375 3.01995 0.0199517
0.234375 3.01995 0.0199517
0.28125 3.02262 0.0226202
0.28125 3.02262 0.0226202
0.328125 3.02549 0.0254926
0.328125 3.02549 0.0254926
0.375 3.02849 0.0284928
0.375 3.02849 0.0284928
0.421875 3.03156 0.0315563
0.421875 3.03156 0.0315563
0.46875 3.03463 0.0346317
0.46875 3.03463 0.0346317
0.515625 3.03768 0.0376796
0.515625 3.03768 0.0376796
0.5625 3.04067 0.0406707
0.5625 3.04067 0.0406707
0.609375 3.04358 0.0435835
0.609375 3.04358 0.0435835
0.65625 3.0464 0.0464021
0.65625 3.0464 0.0464021
0.703125 3.04911 0.0491146
0.703125 3.04911 0.0491146
0.75 3.05171 0.0517117
0.75 3.05171 0.0517117
0.796875 3.05419 0.0541856
0.796875 3.05419 0.0541856
0.84375 3.05653 0.0565296
0.84375 3.05653 0.0565296
0.890625 3.05874 0.0587377
0.890625 3.05874 0.0587377
0.9375 3.0608 0.0608044
0.9375 3.0608 0.0608044
0.984375 3.06272 0.0627246
0.984375 3.06272 0.0627246
1.03125 3.06449 0.0644938
1.03125 3.06449 0.0644938
1.07812 3.06611 0.0661076
1.07812 3.06611 0.0661076
1.125 3.06756 0.0675621
1.125 3.06756 0.0675621
1.17188 3.06885 0.0688539
1.17188 3.06885 0.0688539
1.21875 3.06998 0.0699798
1.21875 3.06998 0.0699798
1.26562 3.07094 0.0709371
1.26562 3.07094 0.0709371
1.3125 3.07172 0.0717236
1.3125 3.07172 0.0717236
1.35938 3.07234 0.0723372
1.35938 3.07234 0.0723372
1.40625 3.07278 0.0727766
1.40625 3.07278 0.0727766
1.45312 3.07304 0.0730406
1.45312 3.07304 0.0730406
1.5 3.07313 0.0731287
1.5 3.07313 0.0731287
1.54688 3.07304 0.0730406
1.54688 3.07304 0.0730406
1.59375 3.07278 0.0727766
1.59375 3.07278 0.0727766
1.64062 3.07234 0.0723372
1.64062 3.07234 0.0723372
1.6875 3.07172 0.0717236
1.6875 3.07172 0.0717236
1.73438 3.07094 0.0709371
1.73438 3.07094 0.0709371
1.78125 3.06998 0.0699798
1.78125 3.06998 0.0699798
1.82812 3.06885 0.0688539
1.82812 3.06885 0.0688539
1.875 3.06756 0.0675621
1.875 3.06756 0.0675621
1.92188 3.06611 0.0661076
1.92188 3.06611 0.0661076
1.96875 3.06449 0.0644938
1.96875 3.06449 0.0644938
2.01562 3.06272 0.0627246
2.01562 3.06272 0.0627246
2.0625 3.0608 0.0608044
2.0625 3.0608 0.0608044
2.10938 3.05874 0.0587377
2.10938 3.05874 0.0587377
2.15625 3.05653 0.0565296
2.15625 3.05653 0.0565296
2.20312 3.05419 0.0541856
2.20312 3.05419 0.0541856
2.25 3.05171 0.0517117
2.25 3.05171 0.0517117
2.29688 3.04911 0.0491146
2.29688 3.04911 0.0491146
2.34375 3.0464 0.0464021
2.34375 3.0464 0.0464021
2.39062 3.04358 0.0435835
2.39062 3.04358 0.0435835
2.4375 3.04067 0.0406707
2.4375 3.04067 0.0406707
2.48438 3.03768 0.0376796
2.48438 3.03768 0.0376796
2.53125 3.03463 0.0346317
2.53125 3.03463 0.0346317
2.57812 3.03156 0.0315563
2.57812 3.03156 0.0315563
2.625 3.02849 0.0284928
2.625 3.02849 0.0284928
2.67188 3.02549 0.0254926
2.67188 3.02549 0.0254926
2.71875 3.02262 0.0226202
2.71875 3.02262 0.0226202
2.76562 3.01995 0.0199517
2.76562 3.01995 0.0199517
2.8125 3.01757 0.0175722
2.8125 3.01757 0.0175722
2.85938 3.01557 0.0155698
2.85938 3.01557 0.0155698
2.90625 3.01403 0.0140281
2.90625 3.01403 0.0140281
2.95312 3.01302 0.0130172
2.95312 3.01302 0.0130172
3 3.01259 0.0125852
