# x y topography
0 3.01292 0.0129227
0.046875 3.01334 0.0133434
0.046875 3.01334 0.0133434
0.09375 3.01433 0.0143277
0.09375 3.01433 0.0143277
0.140625 3.01583 0.0158305
0.140625 3.01583 0.0158305
0.1875 3.01779 0.0177864
0.1875 3.01779 0.0177864
0.234375 3.02012 0.0201166
0.234375 3.02012 0.0201166
0.28125 3.02274 0.0227375
0.28125 3.02274 0.0227375
0.328125 3.02557 0.0255669
0.328125 3.02557 0.0255669
0.375 3.02853 0.0285306
0.375 3.02853 0.0285306
0.421875 3.03156 0.0315648
0.421875 3.03156 0.0315648
0.46875 3.03462 0.0346177
0.46875 3.03462 0.0346177
0.515625 3.03765 0.0376487
0.515625 3.03765 0.0376487
0.5625 3.04063 0.0406273
0.5625 3.04063 0.0406273
0.609375 3.04353 0.0435309
0.609375 3.04353 0.0435309
0.65625 3.04634 0.0463426
0.65625 3.04634 0.0463426
0.703125 3.04905 0.0490497
0.703125 3.04905 0.0490497
0.75 3.05164 0.0516424
0.75 3.05164 0.0516424
0.796875 3.05411 0.0541124
0.796875 3.05411 0.0541124
0.84375 3.05645 0.056453
0.84375 3.05645 0.056453
0.890625 3.05866 0.058658
0.890625 3.05866 0.058658
0.9375 3.06072 0.0607219
0.9375 3.06072 0.0607219
0.984375 3.06264 0.0626395
0.984375 3.06264 0.0626395
1.03125 3.06441 0.0644062
1.03125 3.06441 0.0644062
1.07812 3.06602 0.0660179
1.07812 3.06602 0.0660179
1.125 3.06747 0.0674704
1.125 3.06747 0.0674704
1.17188 3.06876 0.0687605
1.17188 3.06876 0.0687605
1.21875 3.06988 0.0698848
1.21875 3.06988 0.0698848
1.26562 3.07084 0.0708409
1.26562 3.07084 0.0708409
1.3125 3.07163 0.0716262
1.3125 3.07163 0.0716262
1.35938 3.07224 0.072239
1.35938 3.07224 0.072239
1.40625 3.07268 0.0726778
1.40625 3.07268 0.0726778
1.45312 3.07294 0.0729415
1.45312 3.07294 0.0729415
1.5 3.07303 0.0730295
1.5 3.07303 0.0730295
1.54688 3.07294 0.0729415
1.54688 3.07294 0.0729415
1.59375 3.07268 0.0726778
1.59375 3.07268 0.0726778
1.64062 3.07224 0.072239
1.64062 3.07224 0.072239
1.6875 3.07163 0.0716262
1.6875 3.07163 0.0716262
1.73438 3.07084 0.0708409
1.73438 3.07084 0.0708409
1.78125 3.06988 0.0698848
1.78125 3.06988 0.0698848
1.82812 3.06876 0.0687605
1.82812 3.06876 0.0687605
1.875 3.06747 0.0674704
1.875 3.06747 0.0674704
1.92188 3.06602 0.0660179
1.92188 3.06602 0.0660179
1.96875 3.06441 0.0644062
1.96875 3.06441 0.0644062
2.01562 3.06264 0.0626395
2.01562 3.06264 0.0626395
2.0625 3.06072 0.0607219
2.0625 3.06072 0.0607219
2.10938 3.05866 0.058658
2.10938 3.05866 0.058658
2.15625 3.05645 0.056453
2.15625 3.05645 0.056453
2.20312 3.05411 0.0541124
2.20312 3.05411 0.0541124
2.25 3.05164 0.0516424
2.25 3.05164 0.0516424
2.29688 3.04905 0.0490497
2.29688 3.04905 0.0490497
2.34375 3.04634 0.0463426
2.34375 3.04634 0.0463426
2.39062 3.04353 0.0435309
2.39062 3.04353 0.0435309
2.4375 3.04063 0.0406273
2.4375 3.04063 0.0406273
2.48438 3.03765 0.0376487
2.48438 3.03765 0.0376487
2.53125 3.03462 0.0346177
2.53125 3.03462 0.0346177
2.57812 3.03156 0.0315648
2.57812 3.03156 0.0315648
2.625 3.02853 0.0285306
2.625 3.02853 0.0285306
2.67188 3.02557 0.0255669
2.67188 3.02557 0.0255669
2.71875 3.02274 0.0227375
2.71875 3.02274 0.0227375
2.76562 3.02012 0.0201166
2.76562 3.02012 0.0201166
2.8125 3.01779 0.0177864
2.8125 3.01779 0.0177864
2.85938 3.01583 0.0158305
2.85938 3.01583 0.0158305
2.90625 3.01433 0.0143277
2.90625 3.01433 0.0143277
2.95312 3.01334 0.0133434
2.95312 3.01334 0.0133434
3 3.01292 0.0129227
