# x y topography
0 3.00984 0.00983603
0.046875 3.01038 0.0103846
0.046875 3.01038 0.0103846
0.09375 3.01167 0.0116675
0.09375 3.01167 0.0116675
0.140625 3.01359 0.0135921
0.140625 3.01359 0.0135921
0.1875 3.01603 0.0160315
0.1875 3.01603 0.0160315
0.234375 3.01885 0.0188475
0.234375 3.01885 0.0188475
0.28125 3.02191 0.0219103
0.28125 3.02191 0.0219103
0.328125 3.02511 0.0251107
0.328125 3.02511 0.0251107
0.375 3.02837 0.0283658
0.375 3.02837 0.0283658
0.421875 3.03162 0.0316173
0.421875 3.03162 0.0316173
0.46875 3.03483 0.0348262
0.46875 3.03483 0.0348262
0.515625 3.03797 0.0379675
0.515625 3.03797 0.0379675
0.5625 3.04102 0.0410245
0.5625 3.04102 0.0410245
0.609375 3.04399 0.0439858
0.609375 3.04399 0.0439858
0.65625 3.04684 0.0468422
0.65625 3.04684 0.0468422
0.703125 3.04959 0.0495863
0.703125 3.04959 0.0495863
0.75 3.05221 0.052211
0.75 3.05221 0.052211
0.796875 3.05471 0.0547099
0.796875 3.05471 0.0547099
0.84375 3.05708 0.0570771
0.84375 3.05708 0.0570771
0.890625 3.05931 0.0593068
0.890625 3.05931 0.0593068
0.9375 3.06139 0.0613936
0.9375 3.06139 0.0613936
0.984375 3.06333 0.0633325
0.984375 3.06333 0.0633325
1.03125 3.06512 0.0651188
1.03125 3.06512 0.0651188
1.07812 3.06675 0.0667482
1.07812 3.06675 0.0667482
1.125 3.06822 0.0682169
1.125 3.06822 0.0682169
1.17188 3.06952 0.0695212
1.17188 3.06952 0.0695212
1.21875 3.07066 0.070658
1.21875 3.07066 0.070658
1.26562 3.07162 0.0716246
1.26562 3.07162 0.0716246
1.3125 3.07242 0.0724186
1.3125 3.07242 0.0724186
1.35938 3.07304 0.0730382
1.35938 3.07304 0.0730382
1.40625 3.07348 0.0734819
1.40625 3.07348 0.0734819
1.45312 3.07375 0.0737485
1.45312 3.07375 0.0737485
1.5 3.07384 0.0738374
1.5 3.07384 0.0738374
1.54688 3.07375 0.0737485
1.54688 3.07375 0.0737485
1.59375 3.07348 0.0734819
1.59375 3.07348 0.0734819
1.64062 3.07304 0.0730382
1.64062 3.07304 0.0730382
1.6875 3.07242 0.0724186
1.6875 3.07242 0.0724186
1.73438 3.07162 0.0716246
1.73438 3.07162 0.0716246
1.78125 3.07066 0.070658
1.78125 3.07066 0.070658
1.82812 3.06952 0.0695212
1.82812 3.06952 0.0695212
1.875 3.06822 0.0682169
1.875 3.06822 0.0682169
1.92188 3.06675 0.0667482
1.92188 3.06675 0.0667482
1.96875 3.06512 0.0651188
1.96875 3.06512 0.0651188
2.01562 3.06333 0.0633325
2.01562 3.06333 0.0633325
2.0625 3.06139 0.0613936
2.0625 3.06139 0.0613936
2.10938 3.05931 0.0593068
2.10938 3.05931 0.0593068
2.15625 3.05708 0.0570771
2.15625 3.05708 0.0570771
2.20312 3.05471 0.0547099
2.20312 3.05471 0.0547099
2.25 3.05221 0.052211
2.25 3.05221 0.052211
2.29688 3.04959 0.0495863
2.29688 3.04959 0.0495863
2.34375 3.04684 0.0468422
2.34375 3.04684 0.0468422
2.39062 3.04399 0.0439858
2.39062 3.04399 0.0439858
2.4375 3.04102 0.0410245
2.4375 3.04102 0.0410245
2.48438 3.03797 0.0379675
2.48438 3.03797 0.0379675
2.53125 3.03483 0.0348262
2.53125 3.03483 0.0348262
2.57812 3.03162 0.0316173
2.57812 3.03162 0.0316173
2.625 3.02837 0.0283658
2.625 3.02837 0.0283658
2.67188 3.02511 0.0251107
2.67188 3.02511 0.0251107
2.71875 3.02191 0.0219103
2.71875 3.02191 0.0219103
2.76562 3.01885 0.0188475
2.76562 3.01885 0.0188475
2.8125 3.01603 0.0160315
2.8125 3.01603 0.0160315
2.85938 3.01359 0.0135921
2.85938 3.01359 0.0135921
2.90625 3.01167 0.0116675
2.90625 3.01167 0.0116675
2.95312 3.01038 0.0103846
2.95312 3.01038 0.0103846
3 3.00984 0.00983603
