# x y topography
0 3.01234 0.012343
0.046875 3.01278 0.0127833
0.046875 3.01278 0.0127833
0.09375 3.01381 0.0138142
0.09375 3.01381 0.0138142
0.140625 3.01538 0.0153848
0.140625 3.01538 0.0153848
0.1875 3.01742 0.0174214
0.1875 3.01742 0.0174214
0.234375 3.01984 0.0198368
0.234375 3.01984 0.0198368
0.28125 3.02254 0.0225398
0.28125 3.02254 0.0225398
0.328125 3.02544 0.025443
0.328125 3.02544 0.025443
0.375 3.02847 0.0284688
0.375 3.02847 0.0284688
0.421875 3.03155 0.0315526
0.421875 3.03155 0.0315526
0.46875 3.03464 0.0346435
0.46875 3.03464 0.0346435
0.515625 3.0377 0.0377028
0.515625 3.0377 0.0377028
0.5625 3.0407 0.0407022
0.5625 3.0407 0.0407022
0.609375 3.04362 0.043621
0.609375 3.04362 0.043621
0.65625 3.04644 0.0464442
0.65625 3.04644 0.0464442
0.703125 3.04916 0.0491603
0.703125 3.04916 0.0491603
0.75 3.05176 0.0517604
0.75 3.05176 0.0517604
0.796875 3.05424 0.0542369
0.796875 3.05424 0.0542369
0.84375 3.05658 0.0565833
0.84375 3.05658 0.0565833
0.890625 3.05879 0.0587935
0.890625 3.05879 0.0587935
0.9375 3.06086 0.0608622
0.9375 3.06086 0.0608622
0.984375 3.06278 0.0627843
0.984375 3.06278 0.0627843
1.03125 3.06456 0.0645551
1.03125 3.06456 0.0645551
1.07812 3.06617 0.0661705
1.07812 3.06617 0.0661705
1.125 3.06763 0.0676264
1.125 3.06763 0.0676264
1.17188 3.06892 0.0689194
1.17188 3.06892 0.0689194
1.21875 3.07005 0.0700464
1.21875 3.07005 0.0700464
1.26562 3.071 0.0710046
1.26562 3.071 0.0710046
1.3125 3.07179 0.0717918
1.3125 3.07179 0.0717918
1.35938 3.07241 0.072406
1.35938 3.07241 0.072406
1.40625 3.07285 0.0728458
1.40625 3.07285 0.0728458
1.45312 3.07311 0.0731101
1.45312 3.07311 0.0731101
1.5 3.0732 0.0731983
1.5 3.0732 0.0731983
1.54688 3.07311 0.0731101
1.54688 3.07311 0.0731101
1.59375 3.07285 0.0728458
1.59375 3.07285 0.0728458
1.64062 3.07241 0.072406
1.64062 3.07241 0.072406
1.6875 3.07179 0.0717918
1.6875 3.07179 0.0717918
1.73438 3.071 0.0710046
1.73438 3.071 0.0710046
1.78125 3.07005 0.0700464
1.78125 3.07005 0.0700464
1.82812 3.06892 0.0689194
1.82812 3.06892 0.0689194
1.875 3.06763 0.0676264
1.875 3.06763 0.0676264
1.92188 3.06617 0.0661705
1.92188 3.06617 0.0661705
1.96875 3.06456 0.0645551
1.96875 3.06456 0.0645551
2.01562 3.06278 0.0627843
2.01562 3.06278 0.0627843
2.0625 3.06086 0.0608622
2.0625 3.06086 0.0608622
2.10938 3.05879 0.0587935
2.10938 3.05879 0.0587935
2.15625 3.05658 0.0565833
2.15625 3.05658 0.0565833
2.20312 3.05424 0.0542369
2.20312 3.05424 0.0542369
2.25 3.05176 0.0517604
2.25 3.05176 0.0517604
2.29688 3.04916 0.0491603
2.29688 3.04916 0.0491603
2.34375 3.04644 0.0464442
2.34375 3.04644 0.0464442
2.39062 3.04362 0.043621
2.39062 3.04362 0.043621
2.4375 3.0407 0.0407022
2.4375 3.0407 0.0407022
2.48438 3.0377 0.0377028
2.48438 3.0377 0.0377028
2.53125 3.03464 0.0346435
2.53125 3.03464 0.0346435
2.57812 3.03155 0.0315526
2.57812 3.03155 0.0315526
2.625 3.02847 0.0284688
2.625 3.02847 0.0284688
2.67188 3.02544 0.025443
2.67188 3.02544 0.025443
2.71875 3.02254 0.0225398
2.71875 3.02254 0.0225398
2.76562 3.01984 0.0198368
2.76562 3.01984 0.0198368
2.8125 3.01742 0.0174214
2.8125 3.01742 0.0174214
2.85938 3.01538 0.0153848
2.85938 3.01538 0.0153848
2.90625 3.01381 0.0138142
2.90625 3.01381 0.0138142
2.95312 3.01278 0.0127833
2.95312 3.01278 0.0127833
3 3.01234 0.012343
