# x y topography
0 3.00686 0.00685567
0.046875 3.00762 0.00761947
0.046875 3.00762 0.00761947
0.09375 3.00938 0.00937647
0.09375 3.00938 0.00937647
0.140625 3.0119 0.0119016
0.140625 3.0119 0.0119016
0.1875 3.01493 0.0149315
0.1875 3.01493 0.0149315
0.234375 3.01824 0.0182357
0.234375 3.01824 0.0182357
0.28125 3.02165 0.0216518
0.28125 3.02165 0.0216518
0.328125 3.02508 0.0250834
0.328125 3.02508 0.0250834
0.375 3.02848 0.0284798
0.375 3.02848 0.0284798
0.421875 3.03182 0.0318158
0.421875 3.03182 0.0318158
0.46875 3.03508 0.0350774
0.46875 3.03508 0.0350774
0.515625 3.03826 0.0382551
0.515625 3.03826 0.0382551
0.5625 3.04134 0.0413407
0.5625 3.04134 0.0413407
0.609375 3.04433 0.0443268
0.609375 3.04433 0.0443268
0.65625 3.04721 0.0472061
0.65625 3.04721 0.0472061
0.703125 3.04997 0.0499716
0.703125 3.04997 0.0499716
0.75 3.05262 0.0526168
0.75 3.05262 0.0526168
0.796875 3.05514 0.0551352
0.796875 3.05514 0.0551352
0.84375 3.05752 0.0575208
0.84375 3.05752 0.0575208
0.890625 3.05977 0.0597678
0.890625 3.05977 0.0597678
0.9375 3.06187 0.0618708
0.9375 3.06187 0.0618708
0.984375 3.06382 0.0638247
0.984375 3.06382 0.0638247
1.03125 3.06562 0.065625
1.03125 3.06562 0.065625
1.07812 3.06727 0.0672671
1.07812 3.06727 0.0672671
1.125 3.06875 0.0687471
1.125 3.06875 0.0687471
1.17188 3.07006 0.0700616
1.17188 3.07006 0.0700616
1.21875 3.07121 0.0712072
1.21875 3.07121 0.0712072
1.26562 3.07218 0.0721813
1.26562 3.07218 0.0721813
1.3125 3.07298 0.0729816
1.3125 3.07298 0.0729816
1.35938 3.07361 0.073606
1.35938 3.07361 0.073606
1.40625 3.07405 0.074053
1.40625 3.07405 0.074053
1.45312 3.07432 0.0743217
1.45312 3.07432 0.0743217
1.5 3.07441 0.0744114
1.5 3.07441 0.0744114
1.54688 3.07432 0.0743217
1.54688 3.07432 0.0743217
1.59375 3.07405 0.074053
1.59375 3.07405 0.074053
1.64062 3.07361 0.073606
1.64062 3.07361 0.073606
1.6875 3.07298 0.0729816
1.6875 3.07298 0.0729816
1.73438 3.07218 0.0721813
1.73438 3.07218 0.0721813
1.78125 3.07121 0.0712072
1.78125 3.07121 0.0712072
1.82812 3.07006 0.0700616
1.82812 3.07006 0.0700616
1.875 3.06875 0.0687471
1.875 3.06875 0.0687471
1.92188 3.06727 0.0672671
1.92188 3.06727 0.0672671
1.96875 3.06562 0.065625
1.96875 3.06562 0.065625
2.01562 3.06382 0.0638247
2.01562 3.06382 0.0638247
2.0625 3.06187 0.0618708
2.0625 3.06187 0.0618708
2.10938 3.05977 0.0597678
2.10938 3.05977 0.0597678
2.15625 3.05752 0.0575208
2.15625 3.05752 0.0575208
2.20312 3.05514 0.0551352
2.20312 3.05514 0.0551352
2.25 3.05262 0.0526168
2.25 3.05262 0.0526168
2.29688 3.04997 0.0499716
2.29688 3.04997 0.0499716
2.34375 3.04721 0.0472061
2.34375 3.04721 0.0472061
2.39062 3.04433 0.0443268
2.39062 3.04433 0.0443268
2.4375 3.04134 0.0413407
2.4375 3.04134 0.0413407
2.48438 3.03826 0.0382551
2.48438 3.03826 0.0382551
2.53125 3.03508 0.0350774
2.53125 3.03508 0.0350774
2.57812 3.03182 0.0318158
2.57812 3.03182 0.0318158
2.625 3.02848 0.0284798
2.625 3.02848 0.0284798
2.67188 3.02508 0.0250834
2.67188 3.02508 0.0250834
2.71875 3.02165 0.0216518
2.71875 3.02165 0.0216518
2.76562 3.01824 0.0182357
2.76562 3.01824 0.0182357
2.8125 3.01493 0.0149315
2.8125 3.01493 0.0149315
2.85938 3.0119 0.0119016
2.85938 3.0119 0.0119016
2.90625 3.00938 0.00937647
2.90625 3.00938 0.00937647
2.95312 3.00762 0.00761947
2.95312 3.00762 0.00761947
3 3.00686 0.00685567
