# x y topography analytical topography
0 1 0 0.0332493
0.015625 1.00368 0.00368008 0.0333229
0.015625 1.00368 0.00368008 0.0333229
0.03125 1.00735 0.00735129 0.0335427
0.03125 1.00735 0.00735129 0.0335427
0.046875 1.011 0.0110048 0.0339062
0.046875 1.011 0.0110048 0.0339062
0.0625 1.01463 0.0146318 0.0344092
0.0625 1.01463 0.0146318 0.0344092
0.078125 1.01822 0.0182235 0.0350459
0.078125 1.01822 0.0182235 0.0350459
0.09375 1.02177 0.0217714 0.035809
0.09375 1.02177 0.0217714 0.035809
0.109375 1.02527 0.0252667 0.0366899
0.109375 1.02527 0.0252667 0.0366899
0.125 1.0287 0.0287013 0.0376785
0.125 1.0287 0.0287013 0.0376785
0.140625 1.03207 0.0320666 0.0387641
0.140625 1.03207 0.0320666 0.0387641
0.15625 1.03535 0.0353548 0.0399346
0.15625 1.03535 0.0353548 0.0399346
0.171875 1.03856 0.0385577 0.0411773
0.171875 1.03856 0.0385577 0.0411773
0.1875 1.04167 0.0416678 0.0424791
0.1875 1.04167 0.0416678 0.0424791
0.203125 1.04468 0.0446774 0.0438263
0.203125 1.04468 0.0446774 0.0438263
0.21875 1.04758 0.0475795 0.045205
0.21875 1.04758 0.0475795 0.045205
0.234375 1.05037 0.0503669 0.0466014
0.234375 1.05037 0.0503669 0.0466014
0.25 1.05303 0.053033 0.0480015
0.25 1.05303 0.053033 0.0480015
0.265625 1.05557 0.0555713 0.0493918
0.265625 1.05557 0.0555713 0.0493918
0.28125 1.05798 0.0579758 0.0507591
0.28125 1.05798 0.0579758 0.0507591
0.296875 1.06024 0.0602406 0.0520907
0.296875 1.06024 0.0602406 0.0520907
0.3125 1.06236 0.0623602 0.0533745
0.3125 1.06236 0.0623602 0.0533745
0.328125 1.06433 0.0643296 0.054599
0.328125 1.06433 0.0643296 0.054599
0.34375 1.06614 0.0661441 0.0557536
0.34375 1.06614 0.0661441 0.0557536
0.359375 1.0678 0.0677992 0.0568284
0.359375 1.0678 0.0677992 0.0568284
0.375 1.06929 0.069291 0.0578144
0.375 1.06929 0.069291 0.0578144
0.390625 1.07062 0.0706158 0.0587036
0.390625 1.07062 0.0706158 0.0587036
0.40625 1.07177 0.0717705 0.0594888
0.40625 1.07177 0.0717705 0.0594888
0.421875 1.07275 0.0727523 0.0601637
0.421875 1.07275 0.0727523 0.0601637
0.4375 1.07356 0.0735589 0.0607231
0.4375 1.07356 0.0735589 0.0607231
0.453125 1.07419 0.0741882 0.0611627
0.453125 1.07419 0.0741882 0.0611627
0.46875 1.07464 0.0746389 0.0614791
0.46875 1.07464 0.0746389 0.0614791
0.484375 1.07491 0.0749097 0.0616699
0.484375 1.07491 0.0749097 0.0616699
0.5 1.075 0.075 0.0617336
0.5 1.075 0.075 0.0617336
0.515625 1.07491 0.0749097 0.0616699
0.515625 1.07491 0.0749097 0.0616699
0.53125 1.07464 0.0746389 0.0614791
0.53125 1.07464 0.0746389 0.0614791
0.546875 1.07419 0.0741882 0.0611627
0.546875 1.07419 0.0741882 0.0611627
0.5625 1.07356 0.0735589 0.0607231
0.5625 1.07356 0.0735589 0.0607231
0.578125 1.07275 0.0727523 0.0601637
0.578125 1.07275 0.0727523 0.0601637
0.59375 1.07177 0.0717705 0.0594888
0.59375 1.07177 0.0717705 0.0594888
0.609375 1.07062 0.0706158 0.0587036
0.609375 1.07062 0.0706158 0.0587036
0.625 1.06929 0.069291 0.0578144
0.625 1.06929 0.069291 0.0578144
0.640625 1.0678 0.0677992 0.0568284
0.640625 1.0678 0.0677992 0.0568284
0.65625 1.06614 0.0661441 0.0557536
0.65625 1.06614 0.0661441 0.0557536
0.671875 1.06433 0.0643296 0.054599
0.671875 1.06433 0.0643296 0.054599
0.6875 1.06236 0.0623602 0.0533745
0.6875 1.06236 0.0623602 0.0533745
0.703125 1.06024 0.0602406 0.0520907
0.703125 1.06024 0.0602406 0.0520907
0.71875 1.05798 0.0579758 0.0507591
0.71875 1.05798 0.0579758 0.0507591
0.734375 1.05557 0.0555713 0.0493918
0.734375 1.05557 0.0555713 0.0493918
0.75 1.05303 0.053033 0.0480015
0.75 1.05303 0.053033 0.0480015
0.765625 1.05037 0.0503669 0.0466014
0.765625 1.05037 0.0503669 0.0466014
0.78125 1.04758 0.0475795 0.045205
0.78125 1.04758 0.0475795 0.045205
0.796875 1.04468 0.0446774 0.0438263
0.796875 1.04468 0.0446774 0.0438263
0.8125 1.04167 0.0416678 0.0424791
0.8125 1.04167 0.0416678 0.0424791
0.828125 1.03856 0.0385577 0.0411773
0.828125 1.03856 0.0385577 0.0411773
0.84375 1.03535 0.0353548 0.0399346
0.84375 1.03535 0.0353548 0.0399346
0.859375 1.03207 0.0320666 0.0387641
0.859375 1.03207 0.0320666 0.0387641
0.875 1.0287 0.0287013 0.0376785
0.875 1.0287 0.0287013 0.0376785
0.890625 1.02527 0.0252667 0.0366899
0.890625 1.02527 0.0252667 0.0366899
0.90625 1.02177 0.0217714 0.035809
0.90625 1.02177 0.0217714 0.035809
0.921875 1.01822 0.0182235 0.0350459
0.921875 1.01822 0.0182235 0.0350459
0.9375 1.01463 0.0146318 0.0344092
0.9375 1.01463 0.0146318 0.0344092
0.953125 1.011 0.0110048 0.0339062
0.953125 1.011 0.0110048 0.0339062
0.96875 1.00735 0.00735129 0.0335427
0.96875 1.00735 0.00735129 0.0335427
0.984375 1.00368 0.00368008 0.0333229
0.984375 1.00368 0.00368008 0.0333229
1 1 0 0.0332493
