# x y topography analytical topography
0 1 0 0.0315604
0.015625 1.00368 0.00368008 0.0316441
0.015625 1.00368 0.00368008 0.0316441
0.03125 1.00735 0.00735129 0.0318941
0.03125 1.00735 0.00735129 0.0318941
0.046875 1.011 0.0110048 0.0323074
0.046875 1.011 0.0110048 0.0323074
0.0625 1.01463 0.0146318 0.0328789
0.0625 1.01463 0.0146318 0.0328789
0.078125 1.01822 0.0182235 0.0336015
0.078125 1.01822 0.0182235 0.0336015
0.09375 1.02177 0.0217714 0.0344666
0.09375 1.02177 0.0217714 0.0344666
0.109375 1.02527 0.0252667 0.0354638
0.109375 1.02527 0.0252667 0.0354638
0.125 1.0287 0.0287013 0.0365812
0.125 1.0287 0.0287013 0.0365812
0.140625 1.03207 0.0320666 0.0378059
0.140625 1.03207 0.0320666 0.0378059
0.15625 1.03535 0.0353548 0.0391238
0.15625 1.03535 0.0353548 0.0391238
0.171875 1.03856 0.0385577 0.0405201
0.171875 1.03856 0.0385577 0.0405201
0.1875 1.04167 0.0416678 0.0419795
0.1875 1.04167 0.0416678 0.0419795
0.203125 1.04468 0.0446774 0.0434862
0.203125 1.04468 0.0446774 0.0434862
0.21875 1.04758 0.0475795 0.0450244
0.21875 1.04758 0.0475795 0.0450244
0.234375 1.05037 0.0503669 0.0465783
0.234375 1.05037 0.0503669 0.0465783
0.25 1.05303 0.053033 0.0481324
0.25 1.05303 0.053033 0.0481324
0.265625 1.05557 0.0555713 0.0496718
0.265625 1.05557 0.0555713 0.0496718
0.28125 1.05798 0.0579758 0.0511818
0.28125 1.05798 0.0579758 0.0511818
0.296875 1.06024 0.0602406 0.0526486
0.296875 1.06024 0.0602406 0.0526486
0.3125 1.06236 0.0623602 0.0540593
0.3125 1.06236 0.0623602 0.0540593
0.328125 1.06433 0.0643296 0.0554017
0.328125 1.06433 0.0643296 0.0554017
0.34375 1.06614 0.0661441 0.0566646
0.34375 1.06614 0.0661441 0.0566646
0.359375 1.0678 0.0677992 0.0578377
0.359375 1.0678 0.0677992 0.0578377
0.375 1.06929 0.069291 0.0589118
0.375 1.06929 0.069291 0.0589118
0.390625 1.07062 0.0706158 0.0598786
0.390625 1.07062 0.0706158 0.0598786
0.40625 1.07177 0.0717705 0.0607309
0.40625 1.07177 0.0717705 0.0607309
0.421875 1.07275 0.0727523 0.0614626
0.421875 1.07275 0.0727523 0.0614626
0.4375 1.07356 0.0735589 0.0620682
0.4375 1.07356 0.0735589 0.0620682
0.453125 1.07419 0.0741882 0.0625436
0.453125 1.07419 0.0741882 0.0625436
0.46875 1.07464 0.0746389 0.0628856
0.46875 1.07464 0.0746389 0.0628856
0.484375 1.07491 0.0749097 0.0630917
0.484375 1.07491 0.0749097 0.0630917
0.5 1.075 0.075 0.0631605
0.5 1.075 0.075 0.0631605
0.515625 1.07491 0.0749097 0.0630917
0.515625 1.07491 0.0749097 0.0630917
0.53125 1.07464 0.0746389 0.0628856
0.53125 1.07464 0.0746389 0.0628856
0.546875 1.07419 0.0741882 0.0625436
0.546875 1.07419 0.0741882 0.0625436
0.5625 1.07356 0.0735589 0.0620682
0.5625 1.07356 0.0735589 0.0620682
0.578125 1.07275 0.0727523 0.0614626
0.578125 1.07275 0.0727523 0.0614626
0.59375 1.07177 0.0717705 0.0607309
0.59375 1.07177 0.0717705 0.0607309
0.609375 1.07062 0.0706158 0.0598786
0.609375 1.07062 0.0706158 0.0598786
0.625 1.06929 0.069291 0.0589118
0.625 1.06929 0.069291 0.0589118
0.640625 1.0678 0.0677992 0.0578377
0.640625 1.0678 0.0677992 0.0578377
0.65625 1.06614 0.0661441 0.0566646
0.65625 1.06614 0.0661441 0.0566646
0.671875 1.06433 0.0643296 0.0554017
0.671875 1.06433 0.0643296 0.0554017
0.6875 1.06236 0.0623602 0.0540593
0.6875 1.06236 0.0623602 0.0540593
0.703125 1.06024 0.0602406 0.0526486
0.703125 1.06024 0.0602406 0.0526486
0.71875 1.05798 0.0579758 0.0511818
0.71875 1.05798 0.0579758 0.0511818
0.734375 1.05557 0.0555713 0.0496718
0.734375 1.05557 0.0555713 0.0496718
0.75 1.05303 0.053033 0.0481324
0.75 1.05303 0.053033 0.0481324
0.765625 1.05037 0.0503669 0.0465783
0.765625 1.05037 0.0503669 0.0465783
0.78125 1.04758 0.0475795 0.0450244
0.78125 1.04758 0.0475795 0.0450244
0.796875 1.04468 0.0446774 0.0434862
0.796875 1.04468 0.0446774 0.0434862
0.8125 1.04167 0.0416678 0.0419795
0.8125 1.04167 0.0416678 0.0419795
0.828125 1.03856 0.0385577 0.0405201
0.828125 1.03856 0.0385577 0.0405201
0.84375 1.03535 0.0353548 0.0391238
0.84375 1.03535 0.0353548 0.0391238
0.859375 1.03207 0.0320666 0.0378059
0.859375 1.03207 0.0320666 0.0378059
0.875 1.0287 0.0287013 0.0365812
0.875 1.0287 0.0287013 0.0365812
0.890625 1.02527 0.0252667 0.0354638
0.890625 1.02527 0.0252667 0.0354638
0.90625 1.02177 0.0217714 0.0344666
0.90625 1.02177 0.0217714 0.0344666
0.921875 1.01822 0.0182235 0.0336015
0.921875 1.01822 0.0182235 0.0336015
0.9375 1.01463 0.0146318 0.0328789
0.9375 1.01463 0.0146318 0.0328789
0.953125 1.011 0.0110048 0.0323074
0.953125 1.011 0.0110048 0.0323074
0.96875 1.00735 0.00735129 0.0318941
0.96875 1.00735 0.00735129 0.0318941
0.984375 1.00368 0.00368008 0.0316441
0.984375 1.00368 0.00368008 0.0316441
1 1 0 0.0315604
