# x y topography analytical topography
0 1 0 0.0322297
0.015625 1.00368 0.00368008 0.0323093
0.015625 1.00368 0.00368008 0.0323093
0.03125 1.00735 0.00735129 0.0325472
0.03125 1.00735 0.00735129 0.0325472
0.046875 1.011 0.0110048 0.0329404
0.046875 1.011 0.0110048 0.0329404
0.0625 1.01463 0.0146318 0.0334842
0.0625 1.01463 0.0146318 0.0334842
0.078125 1.01822 0.0182235 0.0341722
0.078125 1.01822 0.0182235 0.0341722
0.09375 1.02177 0.0217714 0.0349963
0.09375 1.02177 0.0217714 0.0349963
0.109375 1.02527 0.0252667 0.0359467
0.109375 1.02527 0.0252667 0.0359467
0.125 1.0287 0.0287013 0.0370125
0.125 1.0287 0.0287013 0.0370125
0.140625 1.03207 0.0320666 0.0381815
0.140625 1.03207 0.0320666 0.0381815
0.15625 1.03535 0.0353548 0.0394405
0.15625 1.03535 0.0353548 0.0394405
0.171875 1.03856 0.0385577 0.0407755
0.171875 1.03856 0.0385577 0.0407755
0.1875 1.04167 0.0416678 0.0421722
0.1875 1.04167 0.0416678 0.0421722
0.203125 1.04468 0.0446774 0.0436156
0.203125 1.04468 0.0446774 0.0436156
0.21875 1.04758 0.0475795 0.0450907
0.21875 1.04758 0.0475795 0.0450907
0.234375 1.05037 0.0503669 0.0465825
0.234375 1.05037 0.0503669 0.0465825
0.25 1.05303 0.053033 0.0480761
0.25 1.05303 0.053033 0.0480761
0.265625 1.05557 0.0555713 0.049557
0.265625 1.05557 0.0555713 0.049557
0.28125 1.05798 0.0579758 0.0510112
0.28125 1.05798 0.0579758 0.0510112
0.296875 1.06024 0.0602406 0.0524254
0.296875 1.06024 0.0602406 0.0524254
0.3125 1.06236 0.0623602 0.0537869
0.3125 1.06236 0.0623602 0.0537869
0.328125 1.06433 0.0643296 0.0550837
0.328125 1.06433 0.0643296 0.0550837
0.34375 1.06614 0.0661441 0.0563048
0.34375 1.06614 0.0661441 0.0563048
0.359375 1.0678 0.0677992 0.0574401
0.359375 1.0678 0.0677992 0.0574401
0.375 1.06929 0.069291 0.0584805
0.375 1.06929 0.069291 0.0584805
0.390625 1.07062 0.0706158 0.0594177
0.390625 1.07062 0.0706158 0.0594177
0.40625 1.07177 0.0717705 0.0602444
0.40625 1.07177 0.0717705 0.0602444
0.421875 1.07275 0.0727523 0.0609545
0.421875 1.07275 0.0727523 0.0609545
0.4375 1.07356 0.0735589 0.0615426
0.4375 1.07356 0.0735589 0.0615426
0.453125 1.07419 0.0741882 0.0620045
0.453125 1.07419 0.0741882 0.0620045
0.46875 1.07464 0.0746389 0.0623368
0.46875 1.07464 0.0746389 0.0623368
0.484375 1.07491 0.0749097 0.0625371
0.484375 1.07491 0.0749097 0.0625371
0.5 1.075 0.075 0.062604
0.5 1.075 0.075 0.062604
0.515625 1.07491 0.0749097 0.0625371
0.515625 1.07491 0.0749097 0.0625371
0.53125 1.07464 0.0746389 0.0623368
0.53125 1.07464 0.0746389 0.0623368
0.546875 1.07419 0.0741882 0.0620045
0.546875 1.07419 0.0741882 0.0620045
0.5625 1.07356 0.0735589 0.0615426
0.5625 1.07356 0.0735589 0.0615426
0.578125 1.07275 0.0727523 0.0609545
0.578125 1.07275 0.0727523 0.0609545
0.59375 1.07177 0.0717705 0.0602444
0.59375 1.07177 0.0717705 0.0602444
0.609375 1.07062 0.0706158 0.0594177
0.609375 1.07062 0.0706158 0.0594177
0.625 1.06929 0.069291 0.0584805
0.625 1.06929 0.069291 0.0584805
0.640625 1.0678 0.0677992 0.0574401
0.640625 1.0678 0.0677992 0.0574401
0.65625 1.06614 0.0661441 0.0563048
0.65625 1.06614 0.0661441 0.0563048
0.671875 1.06433 0.0643296 0.0550837
0.671875 1.06433 0.0643296 0.0550837
0.6875 1.06236 0.0623602 0.0537869
0.6875 1.06236 0.0623602 0.0537869
0.703125 1.06024 0.0602406 0.0524254
0.703125 1.06024 0.0602406 0.0524254
0.71875 1.05798 0.0579758 0.0510112
0.71875 1.05798 0.0579758 0.0510112
0.734375 1.05557 0.0555713 0.049557
0.734375 1.05557 0.0555713 0.049557
0.75 1.05303 0.053033 0.0480761
0.75 1.05303 0.053033 0.0480761
0.765625 1.05037 0.0503669 0.0465825
0.765625 1.05037 0.0503669 0.0465825
0.78125 1.04758 0.0475795 0.0450907
0.78125 1.04758 0.0475795 0.0450907
0.796875 1.04468 0.0446774 0.0436156
0.796875 1.04468 0.0446774 0.0436156
0.8125 1.04167 0.0416678 0.0421722
0.8125 1.04167 0.0416678 0.0421722
0.828125 1.03856 0.0385577 0.0407755
0.828125 1.03856 0.0385577 0.0407755
0.84375 1.03535 0.0353548 0.0394405
0.84375 1.03535 0.0353548 0.0394405
0.859375 1.03207 0.0320666 0.0381815
0.859375 1.03207 0.0320666 0.0381815
0.875 1.0287 0.0287013 0.0370125
0.875 1.0287 0.0287013 0.0370125
0.890625 1.02527 0.0252667 0.0359467
0.890625 1.02527 0.0252667 0.0359467
0.90625 1.02177 0.0217714 0.0349963
0.90625 1.02177 0.0217714 0.0349963
0.921875 1.01822 0.0182235 0.0341722
0.921875 1.01822 0.0182235 0.0341722
0.9375 1.01463 0.0146318 0.0334842
0.9375 1.01463 0.0146318 0.0334842
0.953125 1.011 0.0110048 0.0329404
0.953125 1.011 0.0110048 0.0329404
0.96875 1.00735 0.00735129 0.0325472
0.96875 1.00735 0.00735129 0.0325472
0.984375 1.00368 0.00368008 0.0323093
0.984375 1.00368 0.00368008 0.0323093
1 1 0 0.0322297
