# x y topography analytical topography
0 1 0 0.0299224
0.015625 1.00368 0.00368008 0.0300166
0.015625 1.00368 0.00368008 0.0300166
0.03125 1.00735 0.00735129 0.0302979
0.03125 1.00735 0.00735129 0.0302979
0.046875 1.011 0.0110048 0.0307626
0.046875 1.011 0.0110048 0.0307626
0.0625 1.01463 0.0146318 0.0314046
0.0625 1.01463 0.0146318 0.0314046
0.078125 1.01822 0.0182235 0.0322155
0.078125 1.01822 0.0182235 0.0322155
0.09375 1.02177 0.0217714 0.0331849
0.09375 1.02177 0.0217714 0.0331849
0.109375 1.02527 0.0252667 0.0343004
0.109375 1.02527 0.0252667 0.0343004
0.125 1.0287 0.0287013 0.0355481
0.125 1.0287 0.0287013 0.0355481
0.140625 1.03207 0.0320666 0.0369127
0.140625 1.03207 0.0320666 0.0369127
0.15625 1.03535 0.0353548 0.0383777
0.15625 1.03535 0.0353548 0.0383777
0.171875 1.03856 0.0385577 0.0399261
0.171875 1.03856 0.0385577 0.0399261
0.1875 1.04167 0.0416678 0.0415401
0.1875 1.04167 0.0416678 0.0415401
0.203125 1.04468 0.0446774 0.0432019
0.203125 1.04468 0.0446774 0.0432019
0.21875 1.04758 0.0475795 0.0448936
0.21875 1.04758 0.0475795 0.0448936
0.234375 1.05037 0.0503669 0.0465977
0.234375 1.05037 0.0503669 0.0465977
0.25 1.05303 0.053033 0.048297
0.25 1.05303 0.053033 0.048297
0.265625 1.05557 0.0555713 0.0499753
0.265625 1.05557 0.0555713 0.0499753
0.28125 1.05798 0.0579758 0.0516167
0.28125 1.05798 0.0579758 0.0516167
0.296875 1.06024 0.0602406 0.0532067
0.296875 1.06024 0.0602406 0.0532067
0.3125 1.06236 0.0623602 0.0547316
0.3125 1.06236 0.0623602 0.0547316
0.328125 1.06433 0.0643296 0.0561788
0.328125 1.06433 0.0643296 0.0561788
0.34375 1.06614 0.0661441 0.0575368
0.34375 1.06614 0.0661441 0.0575368
0.359375 1.0678 0.0677992 0.0587953
0.359375 1.0678 0.0677992 0.0587953
0.375 1.06929 0.069291 0.059945
0.375 1.06929 0.069291 0.059945
0.390625 1.07062 0.0706158 0.0609779
0.390625 1.07062 0.0706158 0.0609779
0.40625 1.07177 0.0717705 0.0618867
0.40625 1.07177 0.0717705 0.0618867
0.421875 1.07275 0.0727523 0.0626657
0.421875 1.07275 0.0727523 0.0626657
0.4375 1.07356 0.0735589 0.0633096
0.4375 1.07356 0.0735589 0.0633096
0.453125 1.07419 0.0741882 0.0638146
0.453125 1.07419 0.0741882 0.0638146
0.46875 1.07464 0.0746389 0.0641775
0.46875 1.07464 0.0746389 0.0641775
0.484375 1.07491 0.0749097 0.0643961
0.484375 1.07491 0.0749097 0.0643961
0.5 1.075 0.075 0.0644691
0.5 1.075 0.075 0.0644691
0.515625 1.07491 0.0749097 0.0643961
0.515625 1.07491 0.0749097 0.0643961
0.53125 1.07464 0.0746389 0.0641775
0.53125 1.07464 0.0746389 0.0641775
0.546875 1.07419 0.0741882 0.0638146
0.546875 1.07419 0.0741882 0.0638146
0.5625 1.07356 0.0735589 0.0633096
0.5625 1.07356 0.0735589 0.0633096
0.578125 1.07275 0.0727523 0.0626657
0.578125 1.07275 0.0727523 0.0626657
0.59375 1.07177 0.0717705 0.0618867
0.59375 1.07177 0.0717705 0.0618867
0.609375 1.07062 0.0706158 0.0609779
0.609375 1.07062 0.0706158 0.0609779
0.625 1.06929 0.069291 0.059945
0.625 1.06929 0.069291 0.059945
0.640625 1.0678 0.0677992 0.0587953
0.640625 1.0678 0.0677992 0.0587953
0.65625 1.06614 0.0661441 0.0575368
0.65625 1.06614 0.0661441 0.0575368
0.671875 1.06433 0.0643296 0.0561788
0.671875 1.06433 0.0643296 0.0561788
0.6875 1.06236 0.0623602 0.0547316
0.6875 1.06236 0.0623602 0.0547316
0.703125 1.06024 0.0602406 0.0532067
0.703125 1.06024 0.0602406 0.0532067
0.71875 1.05798 0.0579758 0.0516167
0.71875 1.05798 0.0579758 0.0516167
0.734375 1.05557 0.0555713 0.0499753
0.734375 1.05557 0.0555713 0.0499753
0.75 1.05303 0.053033 0.048297
0.75 1.05303 0.053033 0.048297
0.765625 1.05037 0.0503669 0.0465977
0.765625 1.05037 0.0503669 0.0465977
0.78125 1.04758 0.0475795 0.0448936
0.78125 1.04758 0.0475795 0.0448936
0.796875 1.04468 0.0446774 0.0432019
0.796875 1.04468 0.0446774 0.0432019
0.8125 1.04167 0.0416678 0.0415401
0.8125 1.04167 0.0416678 0.0415401
0.828125 1.03856 0.0385577 0.0399261
0.828125 1.03856 0.0385577 0.0399261
0.84375 1.03535 0.0353548 0.0383777
0.84375 1.03535 0.0353548 0.0383777
0.859375 1.03207 0.0320666 0.0369127
0.859375 1.03207 0.0320666 0.0369127
0.875 1.0287 0.0287013 0.0355481
0.875 1.0287 0.0287013 0.0355481
0.890625 1.02527 0.0252667 0.0343004
0.890625 1.02527 0.0252667 0.0343004
0.90625 1.02177 0.0217714 0.0331849
0.90625 1.02177 0.0217714 0.0331849
0.921875 1.01822 0.0182235 0.0322155
0.921875 1.01822 0.0182235 0.0322155
0.9375 1.01463 0.0146318 0.0314046
0.9375 1.01463 0.0146318 0.0314046
0.953125 1.011 0.0110048 0.0307626
0.953125 1.011 0.0110048 0.0307626
0.96875 1.00735 0.00735129 0.0302979
0.96875 1.00735 0.00735129 0.0302979
0.984375 1.00368 0.00368008 0.0300166
0.984375 1.00368 0.00368008 0.0300166
1 1 0 0.0299224
