# x y topography analytical topography
0 1 0 0.0288188
0.015625 1.00368 0.00368008 0.0289205
0.015625 1.00368 0.00368008 0.0289205
0.03125 1.00735 0.00735129 0.0292242
0.03125 1.00735 0.00735129 0.0292242
0.046875 1.011 0.0110048 0.0297256
0.046875 1.011 0.0110048 0.0297256
0.0625 1.01463 0.0146318 0.0304179
0.0625 1.01463 0.0146318 0.0304179
0.078125 1.01822 0.0182235 0.0312915
0.078125 1.01822 0.0182235 0.0312915
0.09375 1.02177 0.0217714 0.0323346
0.09375 1.02177 0.0217714 0.0323346
0.109375 1.02527 0.0252667 0.0335334
0.109375 1.02527 0.0252667 0.0335334
0.125 1.0287 0.0287013 0.0348723
0.125 1.0287 0.0287013 0.0348723
0.140625 1.03207 0.0320666 0.0363341
0.140625 1.03207 0.0320666 0.0363341
0.15625 1.03535 0.0353548 0.0379007
0.15625 1.03535 0.0353548 0.0379007
0.171875 1.03856 0.0385577 0.0395533
0.171875 1.03856 0.0385577 0.0395533
0.1875 1.04167 0.0416678 0.0412724
0.1875 1.04167 0.0416678 0.0412724
0.203125 1.04468 0.0446774 0.0430387
0.203125 1.04468 0.0446774 0.0430387
0.21875 1.04758 0.0475795 0.0448329
0.21875 1.04758 0.0475795 0.0448329
0.234375 1.05037 0.0503669 0.0466362
0.234375 1.05037 0.0503669 0.0466362
0.25 1.05303 0.053033 0.0484305
0.25 1.05303 0.053033 0.0484305
0.265625 1.05557 0.0555713 0.0501985
0.265625 1.05557 0.0555713 0.0501985
0.28125 1.05798 0.0579758 0.051924
0.28125 1.05798 0.0579758 0.051924
0.296875 1.06024 0.0602406 0.0535918
0.296875 1.06024 0.0602406 0.0535918
0.3125 1.06236 0.0623602 0.0551881
0.3125 1.06236 0.0623602 0.0551881
0.328125 1.06433 0.0643296 0.0567
0.328125 1.06433 0.0643296 0.0567
0.34375 1.06614 0.0661441 0.0581162
0.34375 1.06614 0.0661441 0.0581162
0.359375 1.0678 0.0677992 0.0594262
0.359375 1.0678 0.0677992 0.0594262
0.375 1.06929 0.069291 0.0606211
0.375 1.06929 0.069291 0.0606211
0.390625 1.07062 0.0706158 0.061693
0.390625 1.07062 0.0706158 0.061693
0.40625 1.07177 0.0717705 0.062635
0.40625 1.07177 0.0717705 0.062635
0.421875 1.07275 0.0727523 0.0634414
0.421875 1.07275 0.0727523 0.0634414
0.4375 1.07356 0.0735589 0.0641075
0.4375 1.07356 0.0735589 0.0641075
0.453125 1.07419 0.0741882 0.0646294
0.453125 1.07419 0.0741882 0.0646294
0.46875 1.07464 0.0746389 0.0650043
0.46875 1.07464 0.0746389 0.0650043
0.484375 1.07491 0.0749097 0.06523
0.484375 1.07491 0.0749097 0.06523
0.5 1.075 0.075 0.0653054
0.5 1.075 0.075 0.0653054
0.515625 1.07491 0.0749097 0.06523
0.515625 1.07491 0.0749097 0.06523
0.53125 1.07464 0.0746389 0.0650043
0.53125 1.07464 0.0746389 0.0650043
0.546875 1.07419 0.0741882 0.0646294
0.546875 1.07419 0.0741882 0.0646294
0.5625 1.07356 0.0735589 0.0641075
0.5625 1.07356 0.0735589 0.0641075
0.578125 1.07275 0.0727523 0.0634414
0.578125 1.07275 0.0727523 0.0634414
0.59375 1.07177 0.0717705 0.062635
0.59375 1.07177 0.0717705 0.062635
0.609375 1.07062 0.0706158 0.061693
0.609375 1.07062 0.0706158 0.061693
0.625 1.06929 0.069291 0.0606211
0.625 1.06929 0.069291 0.0606211
0.640625 1.0678 0.0677992 0.0594262
0.640625 1.0678 0.0677992 0.0594262
0.65625 1.06614 0.0661441 0.0581162
0.65625 1.06614 0.0661441 0.0581162
0.671875 1.06433 0.0643296 0.0567
0.671875 1.06433 0.0643296 0.0567
0.6875 1.06236 0.0623602 0.0551881
0.6875 1.06236 0.0623602 0.0551881
0.703125 1.06024 0.0602406 0.0535918
0.703125 1.06024 0.0602406 0.0535918
0.71875 1.05798 0.0579758 0.051924
0.71875 1.05798 0.0579758 0.051924
0.734375 1.05557 0.0555713 0.0501985
0.734375 1.05557 0.0555713 0.0501985
0.75 1.05303 0.053033 0.0484305
0.75 1.05303 0.053033 0.0484305
0.765625 1.05037 0.0503669 0.0466362
0.765625 1.05037 0.0503669 0.0466362
0.78125 1.04758 0.0475795 0.0448329
0.78125 1.04758 0.0475795 0.0448329
0.796875 1.04468 0.0446774 0.0430387
0.796875 1.04468 0.0446774 0.0430387
0.8125 1.04167 0.0416678 0.0412724
0.8125 1.04167 0.0416678 0.0412724
0.828125 1.03856 0.0385577 0.0395533
0.828125 1.03856 0.0385577 0.0395533
0.84375 1.03535 0.0353548 0.0379007
0.84375 1.03535 0.0353548 0.0379007
0.859375 1.03207 0.0320666 0.0363341
0.859375 1.03207 0.0320666 0.0363341
0.875 1.0287 0.0287013 0.0348723
0.875 1.0287 0.0287013 0.0348723
0.890625 1.02527 0.0252667 0.0335334
0.890625 1.02527 0.0252667 0.0335334
0.90625 1.02177 0.0217714 0.0323346
0.90625 1.02177 0.0217714 0.0323346
0.921875 1.01822 0.0182235 0.0312915
0.921875 1.01822 0.0182235 0.0312915
0.9375 1.01463 0.0146318 0.0304179
0.9375 1.01463 0.0146318 0.0304179
0.953125 1.011 0.0110048 0.0297256
0.953125 1.011 0.0110048 0.0297256
0.96875 1.00735 0.00735129 0.0292242
0.96875 1.00735 0.00735129 0.0292242
0.984375 1.00368 0.00368008 0.0289205
0.984375 1.00368 0.00368008 0.0289205
1 1 0 0.0288188
