# x y topography
0 1.01446 0.0144605
0.015625 1.01502 0.0150236
0.015625 1.01502 0.0150236
0.03125 1.01602 0.0160245
0.03125 1.01602 0.0160245
0.046875 1.01743 0.0174331
0.046875 1.01743 0.0174331
0.0625 1.01921 0.019208
0.0625 1.01921 0.019208
0.078125 1.0213 0.0212992
0.078125 1.0213 0.0212992
0.09375 1.02365 0.0236516
0.09375 1.02365 0.0236516
0.109375 1.02621 0.0262085
0.109375 1.02621 0.0262085
0.125 1.02891 0.028915
0.125 1.02891 0.028915
0.140625 1.03172 0.0317197
0.140625 1.03172 0.0317197
0.15625 1.03458 0.0345768
0.15625 1.03458 0.0345768
0.171875 1.03745 0.0374466
0.171875 1.03745 0.0374466
0.1875 1.0403 0.0402958
0.1875 1.0403 0.0402958
0.203125 1.0431 0.043097
0.203125 1.0431 0.043097
0.21875 1.04583 0.0458278
0.21875 1.04583 0.0458278
0.234375 1.04847 0.0484707
0.234375 1.04847 0.0484707
0.25 1.05101 0.0510112
0.25 1.05101 0.0510112
0.265625 1.05344 0.0534381
0.265625 1.05344 0.0534381
0.28125 1.05574 0.0557418
0.28125 1.05574 0.0557418
0.296875 1.05791 0.0579146
0.296875 1.05791 0.0579146
0.3125 1.05995 0.0599498
0.3125 1.05995 0.0599498
0.328125 1.06184 0.0618417
0.328125 1.06184 0.0618417
0.34375 1.06359 0.0635853
0.34375 1.06359 0.0635853
0.359375 1.06518 0.065176
0.359375 1.06518 0.065176
0.375 1.06661 0.0666098
0.375 1.06661 0.0666098
0.390625 1.06788 0.0678833
0.390625 1.06788 0.0678833
0.40625 1.06899 0.0689933
0.40625 1.06899 0.0689933
0.421875 1.06994 0.0699371
0.421875 1.06994 0.0699371
0.4375 1.07071 0.0707124
0.4375 1.07071 0.0707124
0.453125 1.07132 0.0713174
0.453125 1.07132 0.0713174
0.46875 1.07175 0.0717506
0.46875 1.07175 0.0717506
0.484375 1.07201 0.0720109
0.484375 1.07201 0.0720109
0.5 1.0721 0.0720978
0.5 1.0721 0.0720978
0.515625 1.07201 0.0720109
0.515625 1.07201 0.0720109
0.53125 1.07175 0.0717506
0.53125 1.07175 0.0717506
0.546875 1.07132 0.0713174
0.546875 1.07132 0.0713174
0.5625 1.07071 0.0707124
0.5625 1.07071 0.0707124
0.578125 1.06994 0.0699371
0.578125 1.06994 0.0699371
0.59375 1.06899 0.0689933
0.59375 1.06899 0.0689933
0.609375 1.06788 0.0678833
0.609375 1.06788 0.0678833
0.625 1.06661 0.0666098
0.625 1.06661 0.0666098
0.640625 1.06518 0.065176
0.640625 1.06518 0.065176
0.65625 1.06359 0.0635853
0.65625 1.06359 0.0635853
0.671875 1.06184 0.0618417
0.671875 1.06184 0.0618417
0.6875 1.05995 0.0599498
0.6875 1.05995 0.0599498
0.703125 1.05791 0.0579146
0.703125 1.05791 0.0579146
0.71875 1.05574 0.0557418
0.71875 1.05574 0.0557418
0.734375 1.05344 0.0534381
0.734375 1.05344 0.0534381
0.75 1.05101 0.0510112
0.75 1.05101 0.0510112
0.765625 1.04847 0.0484707
0.765625 1.04847 0.0484707
0.78125 1.04583 0.0458278
0.78125 1.04583 0.0458278
0.796875 1.0431 0.043097
0.796875 1.0431 0.043097
0.8125 1.0403 0.0402958
0.8125 1.0403 0.0402958
0.828125 1.03745 0.0374466
0.828125 1.03745 0.0374466
0.84375 1.03458 0.0345768
0.84375 1.03458 0.0345768
0.859375 1.03172 0.0317197
0.859375 1.03172 0.0317197
0.875 1.02891 0.028915
0.875 1.02891 0.028915
0.890625 1.02621 0.0262085
0.890625 1.02621 0.0262085
0.90625 1.02365 0.0236516
0.90625 1.02365 0.0236516
0.921875 1.0213 0.0212992
0.921875 1.0213 0.0212992
0.9375 1.01921 0.019208
0.9375 1.01921 0.019208
0.953125 1.01743 0.0174331
0.953125 1.01743 0.0174331
0.96875 1.01602 0.0160245
0.96875 1.01602 0.0160245
0.984375 1.01502 0.0150236
0.984375 1.01502 0.0150236
1 1.01446 0.0144605
