# x y topography
0 1.03103 0.0310254
0.015625 1.03128 0.0312789
0.015625 1.03128 0.0312789
0.03125 1.03167 0.031674
0.03125 1.03167 0.031674
0.046875 1.03221 0.0322073
0.046875 1.03221 0.0322073
0.0625 1.03287 0.0328738
0.0625 1.03287 0.0328738
0.078125 1.03367 0.0336669
0.078125 1.03367 0.0336669
0.09375 1.03458 0.0345788
0.09375 1.03458 0.0345788
0.109375 1.0356 0.0356003
0.109375 1.0356 0.0356003
0.125 1.03672 0.0367212
0.125 1.03672 0.0367212
0.140625 1.03793 0.0379303
0.140625 1.03793 0.0379303
0.15625 1.03922 0.0392155
0.15625 1.03922 0.0392155
0.171875 1.04056 0.0405642
0.171875 1.04056 0.0405642
0.1875 1.04196 0.0419632
0.1875 1.04196 0.0419632
0.203125 1.0434 0.0433991
0.203125 1.0434 0.0433991
0.21875 1.04486 0.0448583
0.21875 1.04486 0.0448583
0.234375 1.04633 0.0463273
0.234375 1.04633 0.0463273
0.25 1.04779 0.0477925
0.25 1.04779 0.0477925
0.265625 1.04924 0.0492409
0.265625 1.04924 0.0492409
0.28125 1.05066 0.0506596
0.28125 1.05066 0.0506596
0.296875 1.05204 0.0520365
0.296875 1.05204 0.0520365
0.3125 1.05336 0.0533599
0.3125 1.05336 0.0533599
0.328125 1.05462 0.0546189
0.328125 1.05462 0.0546189
0.34375 1.0558 0.0558032
0.34375 1.0558 0.0558032
0.359375 1.0569 0.0569035
0.359375 1.0569 0.0569035
0.375 1.05791 0.0579112
0.375 1.05791 0.0579112
0.390625 1.05882 0.0588185
0.390625 1.05882 0.0588185
0.40625 1.05962 0.0596187
0.40625 1.05962 0.0596187
0.421875 1.06031 0.0603058
0.421875 1.06031 0.0603058
0.4375 1.06087 0.0608748
0.4375 1.06087 0.0608748
0.453125 1.06132 0.0613216
0.453125 1.06132 0.0613216
0.46875 1.06164 0.061643
0.46875 1.06164 0.061643
0.484375 1.06184 0.0618368
0.484375 1.06184 0.0618368
0.5 1.0619 0.0619015
0.5 1.0619 0.0619015
0.515625 1.06184 0.0618368
0.515625 1.06184 0.0618368
0.53125 1.06164 0.061643
0.53125 1.06164 0.061643
0.546875 1.06132 0.0613216
0.546875 1.06132 0.0613216
0.5625 1.06087 0.0608748
0.5625 1.06087 0.0608748
0.578125 1.06031 0.0603058
0.578125 1.06031 0.0603058
0.59375 1.05962 0.0596187
0.59375 1.05962 0.0596187
0.609375 1.05882 0.0588185
0.609375 1.05882 0.0588185
0.625 1.05791 0.0579112
0.625 1.05791 0.0579112
0.640625 1.0569 0.0569035
0.640625 1.0569 0.0569035
0.65625 1.0558 0.0558032
0.65625 1.0558 0.0558032
0.671875 1.05462 0.0546189
0.671875 1.05462 0.0546189
0.6875 1.05336 0.0533599
0.6875 1.05336 0.0533599
0.703125 1.05204 0.0520365
0.703125 1.05204 0.0520365
0.71875 1.05066 0.0506596
0.71875 1.05066 0.0506596
0.734375 1.04924 0.0492409
0.734375 1.04924 0.0492409
0.75 1.04779 0.0477925
0.75 1.04779 0.0477925
0.765625 1.04633 0.0463273
0.765625 1.04633 0.0463273
0.78125 1.04486 0.0448583
0.78125 1.04486 0.0448583
0.796875 1.0434 0.0433991
0.796875 1.0434 0.0433991
0.8125 1.04196 0.0419632
0.8125 1.04196 0.0419632
0.828125 1.04056 0.0405642
0.828125 1.04056 0.0405642
0.84375 1.03922 0.0392155
0.84375 1.03922 0.0392155
0.859375 1.03793 0.0379303
0.859375 1.03793 0.0379303
0.875 1.03672 0.0367212
0.875 1.03672 0.0367212
0.890625 1.0356 0.0356003
0.890625 1.0356 0.0356003
0.90625 1.03458 0.0345788
0.90625 1.03458 0.0345788
0.921875 1.03367 0.0336669
0.921875 1.03367 0.0336669
0.9375 1.03287 0.0328738
0.9375 1.03287 0.0328738
0.953125 1.03221 0.0322073
0.953125 1.03221 0.0322073
0.96875 1.03167 0.031674
0.96875 1.03167 0.031674
0.984375 1.03128 0.0312789
0.984375 1.03128 0.0312789
1 1.03103 0.0310254
