# x y topography
0 1.02673 0.0267254
0.015625 1.02703 0.027032
0.015625 1.02703 0.027032
0.03125 1.02753 0.0275323
0.03125 1.02753 0.0275323
0.046875 1.02822 0.0282209
0.046875 1.02822 0.0282209
0.0625 1.02909 0.0290896
0.0625 1.02909 0.0290896
0.078125 1.03013 0.0301283
0.078125 1.03013 0.0301283
0.09375 1.03132 0.0313244
0.09375 1.03132 0.0313244
0.109375 1.03266 0.0326638
0.109375 1.03266 0.0326638
0.125 1.03413 0.0341307
0.125 1.03413 0.0341307
0.140625 1.03571 0.0357081
0.140625 1.03571 0.0357081
0.15625 1.03738 0.0373781
0.15625 1.03738 0.0373781
0.171875 1.03912 0.0391223
0.171875 1.03912 0.0391223
0.1875 1.04092 0.040922
0.1875 1.04092 0.040922
0.203125 1.04276 0.0427583
0.203125 1.04276 0.0427583
0.21875 1.04461 0.0446129
0.21875 1.04461 0.0446129
0.234375 1.04647 0.0464679
0.234375 1.04647 0.0464679
0.25 1.04831 0.0483059
0.25 1.04831 0.0483059
0.265625 1.05011 0.0501106
0.265625 1.05011 0.0501106
0.28125 1.05187 0.0518666
0.28125 1.05187 0.0518666
0.296875 1.05356 0.0535596
0.296875 1.05356 0.0535596
0.3125 1.05518 0.0551763
0.3125 1.05518 0.0551763
0.328125 1.0567 0.0567048
0.328125 1.0567 0.0567048
0.34375 1.05813 0.0581342
0.34375 1.05813 0.0581342
0.359375 1.05945 0.0594547
0.359375 1.05945 0.0594547
0.375 1.06066 0.0606579
0.375 1.06066 0.0606579
0.390625 1.06174 0.0617361
0.390625 1.06174 0.0617361
0.40625 1.06268 0.0626831
0.40625 1.06268 0.0626831
0.421875 1.06349 0.0634932
0.421875 1.06349 0.0634932
0.4375 1.06416 0.064162
0.4375 1.06416 0.064162
0.453125 1.06469 0.0646858
0.453125 1.06469 0.0646858
0.46875 1.06506 0.065062
0.46875 1.06506 0.065062
0.484375 1.06529 0.0652884
0.484375 1.06529 0.0652884
0.5 1.06536 0.065364
0.5 1.06536 0.065364
0.515625 1.06529 0.0652884
0.515625 1.06529 0.0652884
0.53125 1.06506 0.065062
0.53125 1.06506 0.065062
0.546875 1.06469 0.0646858
0.546875 1.06469 0.0646858
0.5625 1.06416 0.064162
0.5625 1.06416 0.064162
0.578125 1.06349 0.0634932
0.578125 1.06349 0.0634932
0.59375 1.06268 0.0626831
0.59375 1.06268 0.0626831
0.609375 1.06174 0.0617361
0.609375 1.06174 0.0617361
0.625 1.06066 0.0606579
0.625 1.06066 0.0606579
0.640625 1.05945 0.0594547
0.640625 1.05945 0.0594547
0.65625 1.05813 0.0581342
0.65625 1.05813 0.0581342
0.671875 1.0567 0.0567048
0.671875 1.0567 0.0567048
0.6875 1.05518 0.0551763
0.6875 1.05518 0.0551763
0.703125 1.05356 0.0535596
0.703125 1.05356 0.0535596
0.71875 1.05187 0.0518666
0.71875 1.05187 0.0518666
0.734375 1.05011 0.0501106
0.734375 1.05011 0.0501106
0.75 1.04831 0.0483059
0.75 1.04831 0.0483059
0.765625 1.04647 0.0464679
0.765625 1.04647 0.0464679
0.78125 1.04461 0.0446129
0.78125 1.04461 0.0446129
0.796875 1.04276 0.0427583
0.796875 1.04276 0.0427583
0.8125 1.04092 0.040922
0.8125 1.04092 0.040922
0.828125 1.03912 0.0391223
0.828125 1.03912 0.0391223
0.84375 1.03738 0.0373781
0.84375 1.03738 0.0373781
0.859375 1.03571 0.0357081
0.859375 1.03571 0.0357081
0.875 1.03413 0.0341307
0.875 1.03413 0.0341307
0.890625 1.03266 0.0326638
0.890625 1.03266 0.0326638
0.90625 1.03132 0.0313244
0.90625 1.03132 0.0313244
0.921875 1.03013 0.0301283
0.921875 1.03013 0.0301283
0.9375 1.02909 0.0290896
0.9375 1.02909 0.0290896
0.953125 1.02822 0.0282209
0.953125 1.02822 0.0282209
0.96875 1.02753 0.0275323
0.96875 1.02753 0.0275323
0.984375 1.02703 0.027032
0.984375 1.02703 0.027032
1 1.02673 0.0267254
