# x y topography
0 1.026 0.0260028
0.015625 1.02632 0.0263193
0.015625 1.02632 0.0263193
0.03125 1.02684 0.0268394
0.03125 1.02684 0.0268394
0.046875 1.02756 0.0275569
0.046875 1.02756 0.0275569
0.0625 1.02846 0.0284633
0.0625 1.02846 0.0284633
0.078125 1.02955 0.0295472
0.078125 1.02955 0.0295472
0.09375 1.0308 0.0307954
0.09375 1.0308 0.0307954
0.109375 1.03219 0.0321925
0.109375 1.03219 0.0321925
0.125 1.03372 0.0337215
0.125 1.03372 0.0337215
0.140625 1.03536 0.0353642
0.140625 1.03536 0.0353642
0.15625 1.0371 0.0371015
0.15625 1.0371 0.0371015
0.171875 1.03891 0.0389139
0.171875 1.03891 0.0389139
0.1875 1.04078 0.0407816
0.1875 1.04078 0.0407816
0.203125 1.04268 0.0426848
0.203125 1.04268 0.0426848
0.21875 1.0446 0.0446043
0.21875 1.0446 0.0446043
0.234375 1.04652 0.0465213
0.234375 1.04652 0.0465213
0.25 1.04842 0.0484182
0.25 1.04842 0.0484182
0.265625 1.05028 0.050278
0.265625 1.05028 0.050278
0.28125 1.05209 0.0520851
0.28125 1.05209 0.0520851
0.296875 1.05382 0.0538249
0.296875 1.05382 0.0538249
0.3125 1.05548 0.0554842
0.3125 1.05548 0.0554842
0.328125 1.05705 0.057051
0.328125 1.05705 0.057051
0.34375 1.05851 0.0585144
0.34375 1.05851 0.0585144
0.359375 1.05986 0.059865
0.359375 1.05986 0.059865
0.375 1.06109 0.0610942
0.375 1.06109 0.0610942
0.390625 1.06219 0.0621949
0.390625 1.06219 0.0621949
0.40625 1.06316 0.0631608
0.40625 1.06316 0.0631608
0.421875 1.06399 0.0639865
0.421875 1.06399 0.0639865
0.4375 1.06467 0.0646679
0.4375 1.06467 0.0646679
0.453125 1.0652 0.0652013
0.453125 1.0652 0.0652013
0.46875 1.06558 0.0655841
0.46875 1.06558 0.0655841
0.484375 1.06581 0.0658146
0.484375 1.06581 0.0658146
0.5 1.06589 0.0658915
0.5 1.06589 0.0658915
0.515625 1.06581 0.0658146
0.515625 1.06581 0.0658146
0.53125 1.06558 0.0655841
0.53125 1.06558 0.0655841
0.546875 1.0652 0.0652013
0.546875 1.0652 0.0652013
0.5625 1.06467 0.0646679
0.5625 1.06467 0.0646679
0.578125 1.06399 0.0639865
0.578125 1.06399 0.0639865
0.59375 1.06316 0.0631608
0.59375 1.06316 0.0631608
0.609375 1.06219 0.0621949
0.609375 1.06219 0.0621949
0.625 1.06109 0.0610942
0.625 1.06109 0.0610942
0.640625 1.05986 0.059865
0.640625 1.05986 0.059865
0.65625 1.05851 0.0585144
0.65625 1.05851 0.0585144
0.671875 1.05705 0.057051
0.671875 1.05705 0.057051
0.6875 1.05548 0.0554842
0.6875 1.05548 0.0554842
0.703125 1.05382 0.0538249
0.703125 1.05382 0.0538249
0.71875 1.05209 0.0520851
0.71875 1.05209 0.0520851
0.734375 1.05028 0.050278
0.734375 1.05028 0.050278
0.75 1.04842 0.0484182
0.75 1.04842 0.0484182
0.765625 1.04652 0.0465213
0.765625 1.04652 0.0465213
0.78125 1.0446 0.0446043
0.78125 1.0446 0.0446043
0.796875 1.04268 0.0426848
0.796875 1.04268 0.0426848
0.8125 1.04078 0.0407816
0.8125 1.04078 0.0407816
0.828125 1.03891 0.0389139
0.828125 1.03891 0.0389139
0.84375 1.0371 0.0371015
0.84375 1.0371 0.0371015
0.859375 1.03536 0.0353642
0.859375 1.03536 0.0353642
0.875 1.03372 0.0337215
0.875 1.03372 0.0337215
0.890625 1.03219 0.0321925
0.890625 1.03219 0.0321925
0.90625 1.0308 0.0307954
0.90625 1.0308 0.0307954
0.921875 1.02955 0.0295472
0.921875 1.02955 0.0295472
0.9375 1.02846 0.0284633
0.9375 1.02846 0.0284633
0.953125 1.02756 0.0275569
0.953125 1.02756 0.0275569
0.96875 1.02684 0.0268394
0.96875 1.02684 0.0268394
0.984375 1.02632 0.0263193
0.984375 1.02632 0.0263193
1 1.026 0.0260028
