# x y topography
0 1.03132 0.0313161
0.015625 1.03157 0.0315663
0.015625 1.03157 0.0315663
0.03125 1.03195 0.0319549
0.03125 1.03195 0.0319549
0.046875 1.03248 0.0324786
0.046875 1.03248 0.0324786
0.0625 1.03313 0.0331325
0.0625 1.03313 0.0331325
0.078125 1.03391 0.0339102
0.078125 1.03391 0.0339102
0.09375 1.0348 0.0348042
0.09375 1.0348 0.0348042
0.109375 1.03581 0.0358056
0.109375 1.03581 0.0358056
0.125 1.0369 0.0369043
0.125 1.0369 0.0369043
0.140625 1.03809 0.0380896
0.140625 1.03809 0.0380896
0.15625 1.03935 0.0393497
0.15625 1.03935 0.0393497
0.171875 1.04067 0.0406723
0.171875 1.04067 0.0406723
0.1875 1.04204 0.0420446
0.1875 1.04204 0.0420446
0.203125 1.04345 0.0434534
0.203125 1.04345 0.0434534
0.21875 1.04489 0.0448855
0.21875 1.04489 0.0448855
0.234375 1.04633 0.0463276
0.234375 1.04633 0.0463276
0.25 1.04777 0.0477666
0.25 1.04777 0.0477666
0.265625 1.04919 0.0491894
0.265625 1.04919 0.0491894
0.28125 1.05058 0.0505837
0.28125 1.05058 0.0505837
0.296875 1.05194 0.0519372
0.296875 1.05194 0.0519372
0.3125 1.05324 0.0532387
0.3125 1.05324 0.0532387
0.328125 1.05448 0.0544771
0.328125 1.05448 0.0544771
0.34375 1.05564 0.0556425
0.34375 1.05564 0.0556425
0.359375 1.05673 0.0567256
0.359375 1.05673 0.0567256
0.375 1.05772 0.0577177
0.375 1.05772 0.0577177
0.390625 1.05861 0.0586113
0.390625 1.05861 0.0586113
0.40625 1.0594 0.0593995
0.40625 1.0594 0.0593995
0.421875 1.06008 0.0600765
0.421875 1.06008 0.0600765
0.4375 1.06064 0.0606372
0.4375 1.06064 0.0606372
0.453125 1.06108 0.0610776
0.453125 1.06108 0.0610776
0.46875 1.06139 0.0613944
0.46875 1.06139 0.0613944
0.484375 1.06159 0.0615855
0.484375 1.06159 0.0615855
0.5 1.06165 0.0616493
0.5 1.06165 0.0616493
0.515625 1.06159 0.0615855
0.515625 1.06159 0.0615855
0.53125 1.06139 0.0613944
0.53125 1.06139 0.0613944
0.546875 1.06108 0.0610776
0.546875 1.06108 0.0610776
0.5625 1.06064 0.0606372
0.5625 1.06064 0.0606372
0.578125 1.06008 0.0600765
0.578125 1.06008 0.0600765
0.59375 1.0594 0.0593995
0.59375 1.0594 0.0593995
0.609375 1.05861 0.0586113
0.609375 1.05861 0.0586113
0.625 1.05772 0.0577177
0.625 1.05772 0.0577177
0.640625 1.05673 0.0567256
0.640625 1.05673 0.0567256
0.65625 1.05564 0.0556425
0.65625 1.05564 0.0556425
0.671875 1.05448 0.0544771
0.671875 1.05448 0.0544771
0.6875 1.05324 0.0532387
0.6875 1.05324 0.0532387
0.703125 1.05194 0.0519372
0.703125 1.05194 0.0519372
0.71875 1.05058 0.0505837
0.71875 1.05058 0.0505837
0.734375 1.04919 0.0491894
0.734375 1.04919 0.0491894
0.75 1.04777 0.0477666
0.75 1.04777 0.0477666
0.765625 1.04633 0.0463276
0.765625 1.04633 0.0463276
0.78125 1.04489 0.0448855
0.78125 1.04489 0.0448855
0.796875 1.04345 0.0434534
0.796875 1.04345 0.0434534
0.8125 1.04204 0.0420446
0.8125 1.04204 0.0420446
0.828125 1.04067 0.0406723
0.828125 1.04067 0.0406723
0.84375 1.03935 0.0393497
0.84375 1.03935 0.0393497
0.859375 1.03809 0.0380896
0.859375 1.03809 0.0380896
0.875 1.0369 0.0369043
0.875 1.0369 0.0369043
0.890625 1.03581 0.0358056
0.890625 1.03581 0.0358056
0.90625 1.0348 0.0348042
0.90625 1.0348 0.0348042
0.921875 1.03391 0.0339102
0.921875 1.03391 0.0339102
0.9375 1.03313 0.0331325
0.9375 1.03313 0.0331325
0.953125 1.03248 0.0324786
0.953125 1.03248 0.0324786
0.96875 1.03195 0.0319549
0.96875 1.03195 0.0319549
0.984375 1.03157 0.0315663
0.984375 1.03157 0.0315663
1 1.03132 0.0313161
