# x y topography
0 1.02683 0.0268258
0.015625 1.02713 0.027131
0.015625 1.02713 0.027131
0.03125 1.02763 0.0276286
0.03125 1.02763 0.0276286
0.046875 1.02831 0.0283132
0.046875 1.02831 0.0283132
0.0625 1.02918 0.0291769
0.0625 1.02918 0.0291769
0.078125 1.03021 0.0302094
0.078125 1.03021 0.0302094
0.09375 1.0314 0.0313984
0.09375 1.0314 0.0313984
0.109375 1.03273 0.0327299
0.109375 1.03273 0.0327299
0.125 1.03419 0.0341882
0.125 1.03419 0.0341882
0.140625 1.03576 0.0357566
0.140625 1.03576 0.0357566
0.15625 1.03742 0.0374174
0.15625 1.03742 0.0374174
0.171875 1.03915 0.0391521
0.171875 1.03915 0.0391521
0.1875 1.04094 0.0409423
0.1875 1.04094 0.0409423
0.203125 1.04277 0.0427694
0.203125 1.04277 0.0427694
0.21875 1.04461 0.044615
0.21875 1.04461 0.044615
0.234375 1.04646 0.0464612
0.234375 1.04646 0.0464612
0.25 1.04829 0.0482909
0.25 1.04829 0.0482909
0.265625 1.05009 0.0500879
0.265625 1.05009 0.0500879
0.28125 1.05184 0.0518366
0.28125 1.05184 0.0518366
0.296875 1.05352 0.0535229
0.296875 1.05352 0.0535229
0.3125 1.05513 0.0551336
0.3125 1.05513 0.0551336
0.328125 1.05666 0.0566566
0.328125 1.05666 0.0566566
0.34375 1.05808 0.0580811
0.34375 1.05808 0.0580811
0.359375 1.0594 0.0593973
0.359375 1.0594 0.0593973
0.375 1.0606 0.0605966
0.375 1.0606 0.0605966
0.390625 1.06167 0.0616716
0.390625 1.06167 0.0616716
0.40625 1.06262 0.0626158
0.40625 1.06262 0.0626158
0.421875 1.06342 0.0634236
0.421875 1.06342 0.0634236
0.4375 1.06409 0.0640906
0.4375 1.06409 0.0640906
0.453125 1.06461 0.064613
0.453125 1.06461 0.064613
0.46875 1.06499 0.0649882
0.46875 1.06499 0.0649882
0.484375 1.06521 0.0652141
0.484375 1.06521 0.0652141
0.5 1.06529 0.0652895
0.5 1.06529 0.0652895
0.515625 1.06521 0.0652141
0.515625 1.06521 0.0652141
0.53125 1.06499 0.0649882
0.53125 1.06499 0.0649882
0.546875 1.06461 0.064613
0.546875 1.06461 0.064613
0.5625 1.06409 0.0640906
0.5625 1.06409 0.0640906
0.578125 1.06342 0.0634236
0.578125 1.06342 0.0634236
0.59375 1.06262 0.0626158
0.59375 1.06262 0.0626158
0.609375 1.06167 0.0616716
0.609375 1.06167 0.0616716
0.625 1.0606 0.0605966
0.625 1.0606 0.0605966
0.640625 1.0594 0.0593973
0.640625 1.0594 0.0593973
0.65625 1.05808 0.0580811
0.65625 1.05808 0.0580811
0.671875 1.05666 0.0566566
0.671875 1.05666 0.0566566
0.6875 1.05513 0.0551336
0.6875 1.05513 0.0551336
0.703125 1.05352 0.0535229
0.703125 1.05352 0.0535229
0.71875 1.05184 0.0518366
0.71875 1.05184 0.0518366
0.734375 1.05009 0.0500879
0.734375 1.05009 0.0500879
0.75 1.04829 0.0482909
0.75 1.04829 0.0482909
0.765625 1.04646 0.0464612
0.765625 1.04646 0.0464612
0.78125 1.04461 0.044615
0.78125 1.04461 0.044615
0.796875 1.04277 0.0427694
0.796875 1.04277 0.0427694
0.8125 1.04094 0.0409423
0.8125 1.04094 0.0409423
0.828125 1.03915 0.0391521
0.828125 1.03915 0.0391521
0.84375 1.03742 0.0374174
0.84375 1.03742 0.0374174
0.859375 1.03576 0.0357566
0.859375 1.03576 0.0357566
0.875 1.03419 0.0341882
0.875 1.03419 0.0341882
0.890625 1.03273 0.0327299
0.890625 1.03273 0.0327299
0.90625 1.0314 0.0313984
0.90625 1.0314 0.0313984
0.921875 1.03021 0.0302094
0.921875 1.03021 0.0302094
0.9375 1.02918 0.0291769
0.9375 1.02918 0.0291769
0.953125 1.02831 0.0283132
0.953125 1.02831 0.0283132
0.96875 1.02763 0.0276286
0.96875 1.02763 0.0276286
0.984375 1.02713 0.027131
0.984375 1.02713 0.027131
1 1.02683 0.0268258
