# x y topography
0 1.03146 0.031459
0.015625 1.03171 0.0317075
0.015625 1.03171 0.0317075
0.03125 1.03209 0.032093
0.03125 1.03209 0.032093
0.046875 1.03261 0.032612
0.046875 1.03261 0.032612
0.0625 1.03326 0.0332597
0.0625 1.03326 0.0332597
0.078125 1.03403 0.03403
0.078125 1.03403 0.03403
0.09375 1.03492 0.0349152
0.09375 1.03492 0.0349152
0.109375 1.03591 0.0359067
0.109375 1.03591 0.0359067
0.125 1.03699 0.0369946
0.125 1.03699 0.0369946
0.140625 1.03817 0.0381682
0.140625 1.03817 0.0381682
0.15625 1.03942 0.039416
0.15625 1.03942 0.039416
0.171875 1.04073 0.0407258
0.171875 1.04073 0.0407258
0.1875 1.04208 0.042085
0.1875 1.04208 0.042085
0.203125 1.04348 0.0434805
0.203125 1.04348 0.0434805
0.21875 1.0449 0.0448993
0.21875 1.0449 0.0448993
0.234375 1.04633 0.0463282
0.234375 1.04633 0.0463282
0.25 1.04775 0.0477542
0.25 1.04775 0.0477542
0.265625 1.04916 0.0491645
0.265625 1.04916 0.0491645
0.28125 1.05055 0.0505466
0.28125 1.05055 0.0505466
0.296875 1.05189 0.0518886
0.296875 1.05189 0.0518886
0.3125 1.05318 0.0531791
0.3125 1.05318 0.0531791
0.328125 1.05441 0.0544075
0.328125 1.05441 0.0544075
0.34375 1.05556 0.0555635
0.34375 1.05556 0.0555635
0.359375 1.05664 0.0566379
0.359375 1.05664 0.0566379
0.375 1.05762 0.0576223
0.375 1.05762 0.0576223
0.390625 1.05851 0.0585091
0.390625 1.05851 0.0585091
0.40625 1.05929 0.0592914
0.40625 1.05929 0.0592914
0.421875 1.05996 0.0599633
0.421875 1.05996 0.0599633
0.4375 1.06052 0.0605199
0.4375 1.06052 0.0605199
0.453125 1.06096 0.060957
0.453125 1.06096 0.060957
0.46875 1.06127 0.0612716
0.46875 1.06127 0.0612716
0.484375 1.06146 0.0614612
0.484375 1.06146 0.0614612
0.5 1.06152 0.0615246
0.5 1.06152 0.0615246
0.515625 1.06146 0.0614612
0.515625 1.06146 0.0614612
0.53125 1.06127 0.0612716
0.53125 1.06127 0.0612716
0.546875 1.06096 0.060957
0.546875 1.06096 0.060957
0.5625 1.06052 0.0605199
0.5625 1.06052 0.0605199
0.578125 1.05996 0.0599633
0.578125 1.05996 0.0599633
0.59375 1.05929 0.0592914
0.59375 1.05929 0.0592914
0.609375 1.05851 0.0585091
0.609375 1.05851 0.0585091
0.625 1.05762 0.0576223
0.625 1.05762 0.0576223
0.640625 1.05664 0.0566379
0.640625 1.05664 0.0566379
0.65625 1.05556 0.0555635
0.65625 1.05556 0.0555635
0.671875 1.05441 0.0544075
0.671875 1.05441 0.0544075
0.6875 1.05318 0.0531791
0.6875 1.05318 0.0531791
0.703125 1.05189 0.0518886
0.703125 1.05189 0.0518886
0.71875 1.05055 0.0505466
0.71875 1.05055 0.0505466
0.734375 1.04916 0.0491645
0.734375 1.04916 0.0491645
0.75 1.04775 0.0477542
0.75 1.04775 0.0477542
0.765625 1.04633 0.0463282
0.765625 1.04633 0.0463282
0.78125 1.0449 0.0448993
0.78125 1.0449 0.0448993
0.796875 1.04348 0.0434805
0.796875 1.04348 0.0434805
0.8125 1.04208 0.042085
0.8125 1.04208 0.042085
0.828125 1.04073 0.0407258
0.828125 1.04073 0.0407258
0.84375 1.03942 0.039416
0.84375 1.03942 0.039416
0.859375 1.03817 0.0381682
0.859375 1.03817 0.0381682
0.875 1.03699 0.0369946
0.875 1.03699 0.0369946
0.890625 1.03591 0.0359067
0.890625 1.03591 0.0359067
0.90625 1.03492 0.0349152
0.90625 1.03492 0.0349152
0.921875 1.03403 0.03403
0.921875 1.03403 0.03403
0.9375 1.03326 0.0332597
0.9375 1.03326 0.0332597
0.953125 1.03261 0.032612
0.953125 1.03261 0.032612
0.96875 1.03209 0.032093
0.96875 1.03209 0.032093
0.984375 1.03171 0.0317075
0.984375 1.03171 0.0317075
1 1.03146 0.031459
