# x y topography
0 1.01325 0.0132453
0.015625 1.01385 0.0138528
0.015625 1.01385 0.0138528
0.03125 1.01494 0.0149383
0.03125 1.01494 0.0149383
0.046875 1.01646 0.0164643
0.046875 1.01646 0.0164643
0.0625 1.01838 0.0183797
0.0625 1.01838 0.0183797
0.078125 1.02062 0.0206236
0.078125 1.02062 0.0206236
0.09375 1.02313 0.0231308
0.09375 1.02313 0.0231308
0.109375 1.02584 0.0258362
0.109375 1.02584 0.0258362
0.125 1.02868 0.0286783
0.125 1.02868 0.0286783
0.140625 1.0316 0.0316019
0.140625 1.0316 0.0316019
0.15625 1.03456 0.0345599
0.15625 1.03456 0.0345599
0.171875 1.03751 0.0375127
0.171875 1.03751 0.0375127
0.1875 1.04043 0.0404288
0.1875 1.04043 0.0404288
0.203125 1.04328 0.043283
0.203125 1.04328 0.043283
0.21875 1.04606 0.0460558
0.21875 1.04606 0.0460558
0.234375 1.04873 0.0487318
0.234375 1.04873 0.0487318
0.25 1.0513 0.0512991
0.25 1.0513 0.0512991
0.265625 1.05375 0.0537477
0.265625 1.05375 0.0537477
0.28125 1.05607 0.0560697
0.28125 1.05607 0.0560697
0.296875 1.05826 0.0582582
0.296875 1.05826 0.0582582
0.3125 1.06031 0.0603072
0.3125 1.06031 0.0603072
0.328125 1.06221 0.0622114
0.328125 1.06221 0.0622114
0.34375 1.06397 0.0639659
0.34375 1.06397 0.0639659
0.359375 1.06557 0.0655664
0.359375 1.06557 0.0655664
0.375 1.06701 0.067009
0.375 1.06701 0.067009
0.390625 1.06829 0.0682902
0.390625 1.06829 0.0682902
0.40625 1.06941 0.0694068
0.40625 1.06941 0.0694068
0.421875 1.07036 0.0703563
0.421875 1.07036 0.0703563
0.4375 1.07114 0.0711363
0.4375 1.07114 0.0711363
0.453125 1.07174 0.0717449
0.453125 1.07174 0.0717449
0.46875 1.07218 0.0721807
0.46875 1.07218 0.0721807
0.484375 1.07244 0.0724426
0.484375 1.07244 0.0724426
0.5 1.07253 0.07253
0.5 1.07253 0.07253
0.515625 1.07244 0.0724426
0.515625 1.07244 0.0724426
0.53125 1.07218 0.0721807
0.53125 1.07218 0.0721807
0.546875 1.07174 0.0717449
0.546875 1.07174 0.0717449
0.5625 1.07114 0.0711363
0.5625 1.07114 0.0711363
0.578125 1.07036 0.0703563
0.578125 1.07036 0.0703563
0.59375 1.06941 0.0694068
0.59375 1.06941 0.0694068
0.609375 1.06829 0.0682902
0.609375 1.06829 0.0682902
0.625 1.06701 0.067009
0.625 1.06701 0.067009
0.640625 1.06557 0.0655664
0.640625 1.06557 0.0655664
0.65625 1.06397 0.0639659
0.65625 1.06397 0.0639659
0.671875 1.06221 0.0622114
0.671875 1.06221 0.0622114
0.6875 1.06031 0.0603072
0.6875 1.06031 0.0603072
0.703125 1.05826 0.0582582
0.703125 1.05826 0.0582582
0.71875 1.05607 0.0560697
0.71875 1.05607 0.0560697
0.734375 1.05375 0.0537477
0.734375 1.05375 0.0537477
0.75 1.0513 0.0512991
0.75 1.0513 0.0512991
0.765625 1.04873 0.0487318
0.765625 1.04873 0.0487318
0.78125 1.04606 0.0460558
0.78125 1.04606 0.0460558
0.796875 1.04328 0.043283
0.796875 1.04328 0.043283
0.8125 1.04043 0.0404288
0.8125 1.04043 0.0404288
0.828125 1.03751 0.0375127
0.828125 1.03751 0.0375127
0.84375 1.03456 0.0345599
0.84375 1.03456 0.0345599
0.859375 1.0316 0.0316019
0.859375 1.0316 0.0316019
0.875 1.02868 0.0286783
0.875 1.02868 0.0286783
0.890625 1.02584 0.0258362
0.890625 1.02584 0.0258362
0.90625 1.02313 0.0231308
0.90625 1.02313 0.0231308
0.921875 1.02062 0.0206236
0.921875 1.02062 0.0206236
0.9375 1.01838 0.0183797
0.9375 1.01838 0.0183797
0.953125 1.01646 0.0164643
0.953125 1.01646 0.0164643
0.96875 1.01494 0.0149383
0.96875 1.01494 0.0149383
0.984375 1.01385 0.0138528
0.984375 1.01385 0.0138528
1 1.01325 0.0132453
