# x y topography
0 1.0311 0.0310987
0.015625 1.03135 0.0313513
0.015625 1.03135 0.0313513
0.03125 1.03174 0.0317448
0.03125 1.03174 0.0317448
0.046875 1.03228 0.0322757
0.046875 1.03228 0.0322757
0.0625 1.03294 0.032939
0.0625 1.03294 0.032939
0.078125 1.03373 0.0337282
0.078125 1.03373 0.0337282
0.09375 1.03464 0.0346356
0.09375 1.03464 0.0346356
0.109375 1.03565 0.035652
0.109375 1.03565 0.035652
0.125 1.03677 0.0367673
0.125 1.03677 0.0367673
0.140625 1.03797 0.0379704
0.140625 1.03797 0.0379704
0.15625 1.03925 0.0392492
0.15625 1.03925 0.0392492
0.171875 1.04059 0.0405913
0.171875 1.04059 0.0405913
0.1875 1.04198 0.0419836
0.1875 1.04198 0.0419836
0.203125 1.04341 0.0434127
0.203125 1.04341 0.0434127
0.21875 1.04487 0.0448651
0.21875 1.04487 0.0448651
0.234375 1.04633 0.0463273
0.234375 1.04633 0.0463273
0.25 1.04779 0.0477859
0.25 1.04779 0.0477859
0.265625 1.04923 0.0492278
0.265625 1.04923 0.0492278
0.28125 1.05064 0.0506404
0.28125 1.05064 0.0506404
0.296875 1.05201 0.0520114
0.296875 1.05201 0.0520114
0.3125 1.05333 0.0533293
0.3125 1.05333 0.0533293
0.328125 1.05458 0.0545831
0.328125 1.05458 0.0545831
0.34375 1.05576 0.0557627
0.34375 1.05576 0.0557627
0.359375 1.05686 0.0568587
0.359375 1.05686 0.0568587
0.375 1.05786 0.0578625
0.375 1.05786 0.0578625
0.390625 1.05877 0.0587664
0.390625 1.05877 0.0587664
0.40625 1.05956 0.0595635
0.40625 1.05956 0.0595635
0.421875 1.06025 0.0602481
0.421875 1.06025 0.0602481
0.4375 1.06082 0.060815
0.4375 1.06082 0.060815
0.453125 1.06126 0.0612602
0.453125 1.06126 0.0612602
0.46875 1.06158 0.0615805
0.46875 1.06158 0.0615805
0.484375 1.06177 0.0617736
0.484375 1.06177 0.0617736
0.5 1.06184 0.0618381
0.5 1.06184 0.0618381
0.515625 1.06177 0.0617736
0.515625 1.06177 0.0617736
0.53125 1.06158 0.0615805
0.53125 1.06158 0.0615805
0.546875 1.06126 0.0612602
0.546875 1.06126 0.0612602
0.5625 1.06082 0.060815
0.5625 1.06082 0.060815
0.578125 1.06025 0.0602481
0.578125 1.06025 0.0602481
0.59375 1.05956 0.0595635
0.59375 1.05956 0.0595635
0.609375 1.05877 0.0587664
0.609375 1.05877 0.0587664
0.625 1.05786 0.0578625
0.625 1.05786 0.0578625
0.640625 1.05686 0.0568587
0.640625 1.05686 0.0568587
0.65625 1.05576 0.0557627
0.65625 1.05576 0.0557627
0.671875 1.05458 0.0545831
0.671875 1.05458 0.0545831
0.6875 1.05333 0.0533293
0.6875 1.05333 0.0533293
0.703125 1.05201 0.0520114
0.703125 1.05201 0.0520114
0.71875 1.05064 0.0506404
0.71875 1.05064 0.0506404
0.734375 1.04923 0.0492278
0.734375 1.04923 0.0492278
0.75 1.04779 0.0477859
0.75 1.04779 0.0477859
0.765625 1.04633 0.0463273
0.765625 1.04633 0.0463273
0.78125 1.04487 0.0448651
0.78125 1.04487 0.0448651
0.796875 1.04341 0.0434127
0.796875 1.04341 0.0434127
0.8125 1.04198 0.0419836
0.8125 1.04198 0.0419836
0.828125 1.04059 0.0405913
0.828125 1.04059 0.0405913
0.84375 1.03925 0.0392492
0.84375 1.03925 0.0392492
0.859375 1.03797 0.0379704
0.859375 1.03797 0.0379704
0.875 1.03677 0.0367673
0.875 1.03677 0.0367673
0.890625 1.03565 0.035652
0.890625 1.03565 0.035652
0.90625 1.03464 0.0346356
0.90625 1.03464 0.0346356
0.921875 1.03373 0.0337282
0.921875 1.03373 0.0337282
0.9375 1.03294 0.032939
0.9375 1.03294 0.032939
0.953125 1.03228 0.0322757
0.953125 1.03228 0.0322757
0.96875 1.03174 0.0317448
0.96875 1.03174 0.0317448
0.984375 1.03135 0.0313513
0.984375 1.03135 0.0313513
1 1.0311 0.0310987
