# x y topography
0 1.0198 0.0198013
0.015625 1.02022 0.0202231
0.015625 1.02022 0.0202231
0.03125 1.02095 0.0209502
0.03125 1.02095 0.0209502
0.046875 1.02197 0.0219695
0.046875 1.02197 0.0219695
0.0625 1.02326 0.0232626
0.0625 1.02326 0.0232626
0.078125 1.02481 0.0248059
0.078125 1.02481 0.0248059
0.09375 1.02657 0.0265722
0.09375 1.02657 0.0265722
0.109375 1.02853 0.0285311
0.109375 1.02853 0.0285311
0.125 1.03065 0.0306509
0.125 1.03065 0.0306509
0.140625 1.0329 0.0328986
0.140625 1.0329 0.0328986
0.15625 1.03524 0.0352419
0.15625 1.03524 0.0352419
0.171875 1.03765 0.0376491
0.171875 1.03765 0.0376491
0.1875 1.04009 0.0400906
0.1875 1.04009 0.0400906
0.203125 1.04254 0.0425386
0.203125 1.04254 0.0425386
0.21875 1.04497 0.044968
0.21875 1.04497 0.044968
0.234375 1.04736 0.047356
0.234375 1.04736 0.047356
0.25 1.04968 0.0496828
0.25 1.04968 0.0496828
0.265625 1.05193 0.0519308
0.265625 1.05193 0.0519308
0.28125 1.05408 0.054085
0.28125 1.05408 0.054085
0.296875 1.05613 0.0561323
0.296875 1.05613 0.0561323
0.3125 1.05806 0.0580618
0.3125 1.05806 0.0580618
0.328125 1.05986 0.0598642
0.328125 1.05986 0.0598642
0.34375 1.06153 0.0615314
0.34375 1.06153 0.0615314
0.359375 1.06306 0.0630568
0.359375 1.06306 0.0630568
0.375 1.06443 0.0644347
0.375 1.06443 0.0644347
0.390625 1.06566 0.0656606
0.390625 1.06566 0.0656606
0.40625 1.06673 0.0667303
0.40625 1.06673 0.0667303
0.421875 1.06764 0.0676406
0.421875 1.06764 0.0676406
0.4375 1.06839 0.0683889
0.4375 1.06839 0.0683889
0.453125 1.06897 0.0689731
0.453125 1.06897 0.0689731
0.46875 1.06939 0.0693915
0.46875 1.06939 0.0693915
0.484375 1.06964 0.0696429
0.484375 1.06964 0.0696429
0.5 1.06973 0.0697268
0.5 1.06973 0.0697268
0.515625 1.06964 0.0696429
0.515625 1.06964 0.0696429
0.53125 1.06939 0.0693915
0.53125 1.06939 0.0693915
0.546875 1.06897 0.0689731
0.546875 1.06897 0.0689731
0.5625 1.06839 0.0683889
0.5625 1.06839 0.0683889
0.578125 1.06764 0.0676406
0.578125 1.06764 0.0676406
0.59375 1.06673 0.0667303
0.59375 1.06673 0.0667303
0.609375 1.06566 0.0656606
0.609375 1.06566 0.0656606
0.625 1.06443 0.0644347
0.625 1.06443 0.0644347
0.640625 1.06306 0.0630568
0.640625 1.06306 0.0630568
0.65625 1.06153 0.0615314
0.65625 1.06153 0.0615314
0.671875 1.05986 0.0598642
0.671875 1.05986 0.0598642
0.6875 1.05806 0.0580618
0.6875 1.05806 0.0580618
0.703125 1.05613 0.0561323
0.703125 1.05613 0.0561323
0.71875 1.05408 0.054085
0.71875 1.05408 0.054085
0.734375 1.05193 0.0519308
0.734375 1.05193 0.0519308
0.75 1.04968 0.0496828
0.75 1.04968 0.0496828
0.765625 1.04736 0.047356
0.765625 1.04736 0.047356
0.78125 1.04497 0.044968
0.78125 1.04497 0.044968
0.796875 1.04254 0.0425386
0.796875 1.04254 0.0425386
0.8125 1.04009 0.0400906
0.8125 1.04009 0.0400906
0.828125 1.03765 0.0376491
0.828125 1.03765 0.0376491
0.84375 1.03524 0.0352419
0.84375 1.03524 0.0352419
0.859375 1.0329 0.0328986
0.859375 1.0329 0.0328986
0.875 1.03065 0.0306509
0.875 1.03065 0.0306509
0.890625 1.02853 0.0285311
0.890625 1.02853 0.0285311
0.90625 1.02657 0.0265722
0.90625 1.02657 0.0265722
0.921875 1.02481 0.0248059
0.921875 1.02481 0.0248059
0.9375 1.02326 0.0232626
0.9375 1.02326 0.0232626
0.953125 1.02197 0.0219695
0.953125 1.02197 0.0219695
0.96875 1.02095 0.0209502
0.96875 1.02095 0.0209502
0.984375 1.02022 0.0202231
0.984375 1.02022 0.0202231
1 1.0198 0.0198013
