# x y topography
0 1.03181 0.0318091
0.015625 1.03205 0.0320537
0.015625 1.03205 0.0320537
0.03125 1.03243 0.0324315
0.03125 1.03243 0.0324315
0.046875 1.03294 0.032939
0.046875 1.03294 0.032939
0.0625 1.03357 0.0335718
0.0625 1.03357 0.0335718
0.078125 1.03432 0.0343238
0.078125 1.03432 0.0343238
0.09375 1.03519 0.0351877
0.09375 1.03519 0.0351877
0.109375 1.03616 0.0361552
0.109375 1.03616 0.0361552
0.125 1.03722 0.0372167
0.125 1.03722 0.0372167
0.140625 1.03836 0.0383619
0.140625 1.03836 0.0383619
0.15625 1.03958 0.0395797
0.15625 1.03958 0.0395797
0.171875 1.04086 0.0408582
0.171875 1.04086 0.0408582
0.1875 1.04219 0.0421852
0.1875 1.04219 0.0421852
0.203125 1.04355 0.0435482
0.203125 1.04355 0.0435482
0.21875 1.04493 0.0449343
0.21875 1.04493 0.0449343
0.234375 1.04633 0.0463308
0.234375 1.04633 0.0463308
0.25 1.04772 0.0477249
0.25 1.04772 0.0477249
0.265625 1.0491 0.0491041
0.265625 1.0491 0.0491041
0.28125 1.05046 0.0504564
0.28125 1.05046 0.0504564
0.296875 1.05177 0.0517699
0.296875 1.05177 0.0517699
0.3125 1.05303 0.0530335
0.3125 1.05303 0.0530335
0.328125 1.05424 0.0542367
0.328125 1.05424 0.0542367
0.34375 1.05537 0.0553694
0.34375 1.05537 0.0553694
0.359375 1.05642 0.0564226
0.359375 1.05642 0.0564226
0.375 1.05739 0.0573878
0.375 1.05739 0.0573878
0.390625 1.05826 0.0582575
0.390625 1.05826 0.0582575
0.40625 1.05902 0.059025
0.40625 1.05902 0.059025
0.421875 1.05968 0.0596843
0.421875 1.05968 0.0596843
0.4375 1.06023 0.0602306
0.4375 1.06023 0.0602306
0.453125 1.06066 0.0606597
0.453125 1.06066 0.0606597
0.46875 1.06097 0.0609685
0.46875 1.06097 0.0609685
0.484375 1.06115 0.0611547
0.484375 1.06115 0.0611547
0.5 1.06122 0.0612169
0.5 1.06122 0.0612169
0.515625 1.06115 0.0611547
0.515625 1.06115 0.0611547
0.53125 1.06097 0.0609685
0.53125 1.06097 0.0609685
0.546875 1.06066 0.0606597
0.546875 1.06066 0.0606597
0.5625 1.06023 0.0602306
0.5625 1.06023 0.0602306
0.578125 1.05968 0.0596843
0.578125 1.05968 0.0596843
0.59375 1.05902 0.059025
0.59375 1.05902 0.059025
0.609375 1.05826 0.0582575
0.609375 1.05826 0.0582575
0.625 1.05739 0.0573878
0.625 1.05739 0.0573878
0.640625 1.05642 0.0564226
0.640625 1.05642 0.0564226
0.65625 1.05537 0.0553694
0.65625 1.05537 0.0553694
0.671875 1.05424 0.0542367
0.671875 1.05424 0.0542367
0.6875 1.05303 0.0530335
0.6875 1.05303 0.0530335
0.703125 1.05177 0.0517699
0.703125 1.05177 0.0517699
0.71875 1.05046 0.0504564
0.71875 1.05046 0.0504564
0.734375 1.0491 0.0491041
0.734375 1.0491 0.0491041
0.75 1.04772 0.0477249
0.75 1.04772 0.0477249
0.765625 1.04633 0.0463308
0.765625 1.04633 0.0463308
0.78125 1.04493 0.0449343
0.78125 1.04493 0.0449343
0.796875 1.04355 0.0435482
0.796875 1.04355 0.0435482
0.8125 1.04219 0.0421852
0.8125 1.04219 0.0421852
0.828125 1.04086 0.0408582
0.828125 1.04086 0.0408582
0.84375 1.03958 0.0395797
0.84375 1.03958 0.0395797
0.859375 1.03836 0.0383619
0.859375 1.03836 0.0383619
0.875 1.03722 0.0372167
0.875 1.03722 0.0372167
0.890625 1.03616 0.0361552
0.890625 1.03616 0.0361552
0.90625 1.03519 0.0351877
0.90625 1.03519 0.0351877
0.921875 1.03432 0.0343238
0.921875 1.03432 0.0343238
0.9375 1.03357 0.0335718
0.9375 1.03357 0.0335718
0.953125 1.03294 0.032939
0.953125 1.03294 0.032939
0.96875 1.03243 0.0324315
0.96875 1.03243 0.0324315
0.984375 1.03205 0.0320537
0.984375 1.03205 0.0320537
1 1.03181 0.0318091
