# x y topography
0 1.01719 0.017188
0.015625 1.01767 0.0176704
0.015625 1.01767 0.0176704
0.03125 1.01852 0.0185153
0.03125 1.01852 0.0185153
0.046875 1.0197 0.019704
0.046875 1.0197 0.019704
0.0625 1.02121 0.0212093
0.0625 1.02121 0.0212093
0.078125 1.023 0.022998
0.078125 1.023 0.022998
0.09375 1.02503 0.025032
0.09375 1.02503 0.025032
0.109375 1.02727 0.0272702
0.109375 1.02727 0.0272702
0.125 1.02967 0.0296709
0.125 1.02967 0.0296709
0.140625 1.03219 0.0321924
0.140625 1.03219 0.0321924
0.15625 1.0348 0.0347954
0.15625 1.0348 0.0347954
0.171875 1.03744 0.0374431
0.171875 1.03744 0.0374431
0.1875 1.0401 0.0401026
0.1875 1.0401 0.0401026
0.203125 1.04274 0.0427446
0.203125 1.04274 0.0427446
0.21875 1.04534 0.0453438
0.21875 1.04534 0.0453438
0.234375 1.04788 0.0478786
0.234375 1.04788 0.0478786
0.25 1.05033 0.0503307
0.25 1.05033 0.0503307
0.265625 1.05269 0.052685
0.265625 1.05269 0.052685
0.28125 1.05493 0.0549288
0.28125 1.05493 0.0549288
0.296875 1.05705 0.0570515
0.296875 1.05705 0.0570515
0.3125 1.05904 0.0590443
0.3125 1.05904 0.0590443
0.328125 1.0609 0.0608999
0.328125 1.0609 0.0608999
0.34375 1.06261 0.0626121
0.34375 1.06261 0.0626121
0.359375 1.06418 0.0641755
0.359375 1.06418 0.0641755
0.375 1.06559 0.0655855
0.375 1.06559 0.0655855
0.390625 1.06684 0.0668384
0.390625 1.06684 0.0668384
0.40625 1.06793 0.0679307
0.40625 1.06793 0.0679307
0.421875 1.06886 0.0688596
0.421875 1.06886 0.0688596
0.4375 1.06962 0.0696228
0.4375 1.06962 0.0696228
0.453125 1.07022 0.0702183
0.453125 1.07022 0.0702183
0.46875 1.07064 0.0706448
0.46875 1.07064 0.0706448
0.484375 1.0709 0.0709011
0.484375 1.0709 0.0709011
0.5 1.07099 0.0709866
0.5 1.07099 0.0709866
0.515625 1.0709 0.0709011
0.515625 1.0709 0.0709011
0.53125 1.07064 0.0706448
0.53125 1.07064 0.0706448
0.546875 1.07022 0.0702183
0.546875 1.07022 0.0702183
0.5625 1.06962 0.0696228
0.5625 1.06962 0.0696228
0.578125 1.06886 0.0688596
0.578125 1.06886 0.0688596
0.59375 1.06793 0.0679307
0.59375 1.06793 0.0679307
0.609375 1.06684 0.0668384
0.609375 1.06684 0.0668384
0.625 1.06559 0.0655855
0.625 1.06559 0.0655855
0.640625 1.06418 0.0641755
0.640625 1.06418 0.0641755
0.65625 1.06261 0.0626121
0.65625 1.06261 0.0626121
0.671875 1.0609 0.0608999
0.671875 1.0609 0.0608999
0.6875 1.05904 0.0590443
0.6875 1.05904 0.0590443
0.703125 1.05705 0.0570515
0.703125 1.05705 0.0570515
0.71875 1.05493 0.0549288
0.71875 1.05493 0.0549288
0.734375 1.05269 0.052685
0.734375 1.05269 0.052685
0.75 1.05033 0.0503307
0.75 1.05033 0.0503307
0.765625 1.04788 0.0478786
0.765625 1.04788 0.0478786
0.78125 1.04534 0.0453438
0.78125 1.04534 0.0453438
0.796875 1.04274 0.0427446
0.796875 1.04274 0.0427446
0.8125 1.0401 0.0401026
0.8125 1.0401 0.0401026
0.828125 1.03744 0.0374431
0.828125 1.03744 0.0374431
0.84375 1.0348 0.0347954
0.84375 1.0348 0.0347954
0.859375 1.03219 0.0321924
0.859375 1.03219 0.0321924
0.875 1.02967 0.0296709
0.875 1.02967 0.0296709
0.890625 1.02727 0.0272702
0.890625 1.02727 0.0272702
0.90625 1.02503 0.025032
0.90625 1.02503 0.025032
0.921875 1.023 0.022998
0.921875 1.023 0.022998
0.9375 1.02121 0.0212093
0.9375 1.02121 0.0212093
0.953125 1.0197 0.019704
0.953125 1.0197 0.019704
0.96875 1.01852 0.0185153
0.96875 1.01852 0.0185153
0.984375 1.01767 0.0176704
0.984375 1.01767 0.0176704
1 1.01719 0.017188
