# x y topography
0 1.03228 0.0322829
0.015625 1.03252 0.0325223
0.015625 1.03252 0.0325223
0.03125 1.03289 0.0328897
0.03125 1.03289 0.0328897
0.046875 1.03338 0.033382
0.046875 1.03338 0.033382
0.0625 1.03399 0.0339948
0.0625 1.03399 0.0339948
0.078125 1.03472 0.0347223
0.078125 1.03472 0.0347223
0.09375 1.03556 0.0355577
0.09375 1.03556 0.0355577
0.109375 1.03649 0.036493
0.109375 1.03649 0.036493
0.125 1.03752 0.0375191
0.125 1.03752 0.0375191
0.140625 1.03863 0.0386261
0.140625 1.03863 0.0386261
0.15625 1.0398 0.0398035
0.15625 1.0398 0.0398035
0.171875 1.04104 0.0410398
0.171875 1.04104 0.0410398
0.1875 1.04232 0.0423235
0.1875 1.04232 0.0423235
0.203125 1.04364 0.0436423
0.203125 1.04364 0.0436423
0.21875 1.04498 0.0449841
0.21875 1.04498 0.0449841
0.234375 1.04634 0.0463366
0.234375 1.04634 0.0463366
0.25 1.04769 0.0476873
0.25 1.04769 0.0476873
0.265625 1.04902 0.0490243
0.265625 1.04902 0.0490243
0.28125 1.05034 0.0503358
0.28125 1.05034 0.0503358
0.296875 1.05161 0.0516103
0.296875 1.05161 0.0516103
0.3125 1.05284 0.052837
0.3125 1.05284 0.052837
0.328125 1.05401 0.0540055
0.328125 1.05401 0.0540055
0.34375 1.05511 0.0551062
0.34375 1.05511 0.0551062
0.359375 1.05613 0.0561299
0.359375 1.05613 0.0561299
0.375 1.05707 0.0570686
0.375 1.05707 0.0570686
0.390625 1.05791 0.0579147
0.390625 1.05791 0.0579147
0.40625 1.05866 0.0586616
0.40625 1.05866 0.0586616
0.421875 1.0593 0.0593034
0.421875 1.0593 0.0593034
0.4375 1.05984 0.0598353
0.4375 1.05984 0.0598353
0.453125 1.06025 0.0602533
0.453125 1.06025 0.0602533
0.46875 1.06055 0.060554
0.46875 1.06055 0.060554
0.484375 1.06074 0.0607354
0.484375 1.06074 0.0607354
0.5 1.0608 0.060796
0.5 1.0608 0.060796
0.515625 1.06074 0.0607354
0.515625 1.06074 0.0607354
0.53125 1.06055 0.060554
0.53125 1.06055 0.060554
0.546875 1.06025 0.0602533
0.546875 1.06025 0.0602533
0.5625 1.05984 0.0598353
0.5625 1.05984 0.0598353
0.578125 1.0593 0.0593034
0.578125 1.0593 0.0593034
0.59375 1.05866 0.0586616
0.59375 1.05866 0.0586616
0.609375 1.05791 0.0579147
0.609375 1.05791 0.0579147
0.625 1.05707 0.0570686
0.625 1.05707 0.0570686
0.640625 1.05613 0.0561299
0.640625 1.05613 0.0561299
0.65625 1.05511 0.0551062
0.65625 1.05511 0.0551062
0.671875 1.05401 0.0540055
0.671875 1.05401 0.0540055
0.6875 1.05284 0.052837
0.6875 1.05284 0.052837
0.703125 1.05161 0.0516103
0.703125 1.05161 0.0516103
0.71875 1.05034 0.0503358
0.71875 1.05034 0.0503358
0.734375 1.04902 0.0490243
0.734375 1.04902 0.0490243
0.75 1.04769 0.0476873
0.75 1.04769 0.0476873
0.765625 1.04634 0.0463366
0.765625 1.04634 0.0463366
0.78125 1.04498 0.0449841
0.78125 1.04498 0.0449841
0.796875 1.04364 0.0436423
0.796875 1.04364 0.0436423
0.8125 1.04232 0.0423235
0.8125 1.04232 0.0423235
0.828125 1.04104 0.0410398
0.828125 1.04104 0.0410398
0.84375 1.0398 0.0398035
0.84375 1.0398 0.0398035
0.859375 1.03863 0.0386261
0.859375 1.03863 0.0386261
0.875 1.03752 0.0375191
0.875 1.03752 0.0375191
0.890625 1.03649 0.036493
0.890625 1.03649 0.036493
0.90625 1.03556 0.0355577
0.90625 1.03556 0.0355577
0.921875 1.03472 0.0347223
0.921875 1.03472 0.0347223
0.9375 1.03399 0.0339948
0.9375 1.03399 0.0339948
0.953125 1.03338 0.033382
0.953125 1.03338 0.033382
0.96875 1.03289 0.0328897
0.96875 1.03289 0.0328897
0.984375 1.03252 0.0325223
0.984375 1.03252 0.0325223
1 1.03228 0.0322829
