# x y topography
0 1.03248 0.0324803
0.015625 1.03272 0.0327176
0.015625 1.03272 0.0327176
0.03125 1.03308 0.0330808
0.03125 1.03308 0.0330808
0.046875 1.03357 0.0335668
0.046875 1.03357 0.0335668
0.0625 1.03417 0.0341713
0.0625 1.03417 0.0341713
0.078125 1.03489 0.0348887
0.078125 1.03489 0.0348887
0.09375 1.03571 0.0357123
0.09375 1.03571 0.0357123
0.109375 1.03663 0.0366343
0.109375 1.03663 0.0366343
0.125 1.03765 0.0376457
0.125 1.03765 0.0376457
0.140625 1.03874 0.0387369
0.140625 1.03874 0.0387369
0.15625 1.0399 0.0398975
0.15625 1.0399 0.0398975
0.171875 1.04112 0.0411163
0.171875 1.04112 0.0411163
0.1875 1.04238 0.0423819
0.1875 1.04238 0.0423819
0.203125 1.04368 0.0436824
0.203125 1.04368 0.0436824
0.21875 1.04501 0.0450058
0.21875 1.04501 0.0450058
0.234375 1.04634 0.0463398
0.234375 1.04634 0.0463398
0.25 1.04767 0.0476724
0.25 1.04767 0.0476724
0.265625 1.04899 0.0489917
0.265625 1.04899 0.0489917
0.28125 1.05029 0.050286
0.28125 1.05029 0.050286
0.296875 1.05154 0.0515441
0.296875 1.05154 0.0515441
0.3125 1.05276 0.0527553
0.3125 1.05276 0.0527553
0.328125 1.05391 0.0539092
0.328125 1.05391 0.0539092
0.34375 1.055 0.0549963
0.34375 1.055 0.0549963
0.359375 1.05601 0.0560076
0.359375 1.05601 0.0560076
0.375 1.05694 0.056935
0.375 1.05694 0.056935
0.390625 1.05777 0.0577711
0.390625 1.05777 0.0577711
0.40625 1.05851 0.0585092
0.40625 1.05851 0.0585092
0.421875 1.05914 0.0591436
0.421875 1.05914 0.0591436
0.4375 1.05967 0.0596694
0.4375 1.05967 0.0596694
0.453125 1.06008 0.0600826
0.453125 1.06008 0.0600826
0.46875 1.06038 0.0603799
0.46875 1.06038 0.0603799
0.484375 1.06056 0.0605592
0.484375 1.06056 0.0605592
0.5 1.06062 0.0606192
0.5 1.06062 0.0606192
0.515625 1.06056 0.0605592
0.515625 1.06056 0.0605592
0.53125 1.06038 0.0603799
0.53125 1.06038 0.0603799
0.546875 1.06008 0.0600826
0.546875 1.06008 0.0600826
0.5625 1.05967 0.0596694
0.5625 1.05967 0.0596694
0.578125 1.05914 0.0591436
0.578125 1.05914 0.0591436
0.59375 1.05851 0.0585092
0.59375 1.05851 0.0585092
0.609375 1.05777 0.0577711
0.609375 1.05777 0.0577711
0.625 1.05694 0.056935
0.625 1.05694 0.056935
0.640625 1.05601 0.0560076
0.640625 1.05601 0.0560076
0.65625 1.055 0.0549963
0.65625 1.055 0.0549963
0.671875 1.05391 0.0539092
0.671875 1.05391 0.0539092
0.6875 1.05276 0.0527553
0.6875 1.05276 0.0527553
0.703125 1.05154 0.0515441
0.703125 1.05154 0.0515441
0.71875 1.05029 0.050286
0.71875 1.05029 0.050286
0.734375 1.04899 0.0489917
0.734375 1.04899 0.0489917
0.75 1.04767 0.0476724
0.75 1.04767 0.0476724
0.765625 1.04634 0.0463398
0.765625 1.04634 0.0463398
0.78125 1.04501 0.0450058
0.78125 1.04501 0.0450058
0.796875 1.04368 0.0436824
0.796875 1.04368 0.0436824
0.8125 1.04238 0.0423819
0.8125 1.04238 0.0423819
0.828125 1.04112 0.0411163
0.828125 1.04112 0.0411163
0.84375 1.0399 0.0398975
0.84375 1.0399 0.0398975
0.859375 1.03874 0.0387369
0.859375 1.03874 0.0387369
0.875 1.03765 0.0376457
0.875 1.03765 0.0376457
0.890625 1.03663 0.0366343
0.890625 1.03663 0.0366343
0.90625 1.03571 0.0357123
0.90625 1.03571 0.0357123
0.921875 1.03489 0.0348887
0.921875 1.03489 0.0348887
0.9375 1.03417 0.0341713
0.9375 1.03417 0.0341713
0.953125 1.03357 0.0335668
0.953125 1.03357 0.0335668
0.96875 1.03308 0.0330808
0.96875 1.03308 0.0330808
0.984375 1.03272 0.0327176
0.984375 1.03272 0.0327176
1 1.03248 0.0324803
