# x y z topography
0 0 100.001 0.000548814
75 0 100.001 0.000715189
0 47.5 100.001 0.000548814
75 47.5 100.001 0.000715189
75 0 100.001 0.000715189
150 0 100.001 0.000715189
75 47.5 100.001 0.000715189
150 47.5 100.001 0.000715189
150 0 100.001 0.000715189
225 0 100.001 0.000602763
150 47.5 100.001 0.000715189
225 47.5 100.001 0.000602763
225 0 100.001 0.000602763
300 0 100.001 0.000544883
225 47.5 100.001 0.000602763
300 47.5 100.001 0.000544883
300 0 100.001 0.000544883
375 0 100 0.000423655
300 47.5 100.001 0.000544883
375 47.5 100 0.000423655
375 0 100 0.000423655
450 0 100 0.000423655
375 47.5 100 0.000423655
450 47.5 100 0.000423655
450 0 100 0.000423655
525 0 100.001 0.000645894
450 47.5 100 0.000423655
525 47.5 100.001 0.000645894
525 0 100.001 0.000645894
600 0 100 0.000437587
525 47.5 100.001 0.000645894
600 47.5 100 0.000437587
600 0 100 0.000437587
675 0 100.001 0.000891773
600 47.5 100 0.000437587
675 47.5 100.001 0.000891773
675 0 100.001 0.000891773
750 0 100.001 0.000891773
675 47.5 100.001 0.000891773
750 47.5 100.001 0.000891773
750 0 100.001 0.000891773
825 0 100.001 0.000963663
750 47.5 100.001 0.000891773
825 47.5 100.001 0.000963663
825 0 100.001 0.000963663
900 0 100 0.000383442
825 47.5 100.001 0.000963663
900 47.5 100 0.000383442
0 47.5 100.001 0.000548814
75 47.5 100.001 0.000715189
0 95 100.001 0.000791725
75 95 100.001 0.000528895
75 47.5 100.001 0.000715189
150 47.5 100.001 0.000715189
75 95 100.001 0.000528895
150 95 100.001 0.000528895
150 47.5 100.001 0.000715189
225 47.5 100.001 0.000602763
150 95 100.001 0.000528895
225 95 100.001 0.000568045
225 47.5 100.001 0.000602763
300 47.5 100.001 0.000544883
225 95 100.001 0.000568045
300 95 100.001 0.000925597
300 47.5 100.001 0.000544883
375 47.5 100 0.000423655
300 95 100.001 0.000925597
375 95 100 7.10361e-05
375 47.5 100 0.000423655
450 47.5 100 0.000423655
375 95 100 7.10361e-05
450 95 100 7.10361e-05
450 47.5 100 0.000423655
525 47.5 100.001 0.000645894
450 95 100 7.10361e-05
525 95 100 8.71293e-05
525 47.5 100.001 0.000645894
600 47.5 100 0.000437587
525 95 100 8.71293e-05
600 95 100 2.02184e-05
600 47.5 100 0.000437587
675 47.5 100.001 0.000891773
600 95 100 2.02184e-05
675 95 100.001 0.00083262
675 47.5 100.001 0.000891773
750 47.5 100.001 0.000891773
675 95 100.001 0.00083262
750 95 100.001 0.00083262
750 47.5 100.001 0.000891773
825 47.5 100.001 0.000963663
750 95 100.001 0.00083262
825 95 100.001 0.000778157
825 47.5 100.001 0.000963663
900 47.5 100 0.000383442
825 95 100.001 0.000778157
900 95 100.001 0.000870012
0 95 100.001 0.000791725
75 95 100.001 0.000528895
0 142.5 100.001 0.000791725
75 142.5 100.001 0.000528895
75 95 100.001 0.000528895
150 95 100.001 0.000528895
75 142.5 100.001 0.000528895
150 142.5 100.001 0.000528895
150 95 100.001 0.000528895
225 95 100.001 0.000568045
150 142.5 100.001 0.000528895
225 142.5 100.001 0.000568045
225 95 100.001 0.000568045
300 95 100.001 0.000925597
225 142.5 100.001 0.000568045
300 142.5 100.001 0.000925597
300 95 100.001 0.000925597
375 95 100 7.10361e-05
300 142.5 100.001 0.000925597
375 142.5 100 7.10361e-05
375 95 100 7.10361e-05
450 95 100 7.10361e-05
375 142.5 100 7.10361e-05
450 142.5 100 7.10361e-05
450 95 100 7.10361e-05
525 95 100 8.71293e-05
450 142.5 100 7.10361e-05
525 142.5 100 8.71293e-05
525 95 100 8.71293e-05
600 95 100 2.02184e-05
525 142.5 100 8.71293e-05
600 142.5 100 2.02184e-05
600 95 100 2.02184e-05
675 95 100.001 0.00083262
600 142.5 100 2.02184e-05
675 142.5 100.001 0.00083262
675 95 100.001 0.00083262
750 95 100.001 0.00083262
675 142.5 100.001 0.00083262
750 142.5 100.001 0.00083262
750 95 100.001 0.00083262
825 95 100.001 0.000778157
750 142.5 100.001 0.00083262
825 142.5 100.001 0.000778157
825 95 100.001 0.000778157
900 95 100.001 0.000870012
825 142.5 100.001 0.000778157
900 142.5 100.001 0.000870012
0 142.5 100.001 0.000791725
75 142.5 100.001 0.000528895
0 190 100.001 0.000978618
75 190 100.001 0.000799159
75 142.5 100.001 0.000528895
150 142.5 100.001 0.000528895
75 190 100.001 0.000799159
150 190 100.001 0.000799159
150 142.5 100.001 0.000528895
225 142.5 100.001 0.000568045
150 190 100.001 0.000799159
225 190 100 0.000461479
225 142.5 100.001 0.000568045
300 142.5 100.001 0.000925597
225 190 100 0.000461479
300 190 100.002 0.00178053
300 142.5 100.001 0.000925597
375 142.5 100 7.10361e-05
300 190 100.002 0.00178053
375 190 100.001 0.00111827
375 142.5 100 7.10361e-05
450 142.5 100 7.10361e-05
375 190 100.001 0.00111827
450 190 100.001 0.00111827
450 142.5 100 7.10361e-05
525 142.5 100 8.71293e-05
450 190 100.001 0.00111827
525 190 100.002 0.00163992
525 142.5 100 8.71293e-05
600 142.5 100 2.02184e-05
525 190 100.002 0.00163992
600 190 100.001 0.00114335
600 142.5 100 2.02184e-05
675 142.5 100.001 0.00083262
600 190 100.001 0.00114335
675 190 100.002 0.00194467
675 142.5 100.001 0.00083262
750 142.5 100.001 0.00083262
675 190 100.002 0.00194467
750 190 100.002 0.00194467
750 142.5 100.001 0.00083262
825 142.5 100.001 0.000778157
750 190 100.002 0.00194467
825 190 100.002 0.00152185
825 142.5 100.001 0.000778157
900 142.5 100.001 0.000870012
825 190 100.002 0.00152185
900 190 100 0.000414662
0 190 100.001 0.000978618
75 190 100.001 0.000799159
0 237.5 100.001 0.000978618
75 237.5 100.001 0.000799159
75 190 100.001 0.000799159
150 190 100.001 0.000799159
75 237.5 100.001 0.000799159
150 237.5 100.001 0.000799159
150 190 100.001 0.000799159
225 190 100 0.000461479
150 237.5 100.001 0.000799159
225 237.5 100 0.000461479
225 190 100 0.000461479
300 190 100.002 0.00178053
225 237.5 100 0.000461479
300 237.5 100.002 0.00178053
300 190 100.002 0.00178053
375 190 100.001 0.00111827
300 237.5 100.002 0.00178053
375 237.5 100.001 0.00111827
375 190 100.001 0.00111827
450 190 100.001 0.00111827
375 237.5 100.001 0.00111827
450 237.5 100.001 0.00111827
450 190 100.001 0.00111827
525 190 100.002 0.00163992
450 237.5 100.001 0.00111827
525 237.5 100.002 0.00163992
525 190 100.002 0.00163992
600 190 100.001 0.00114335
525 237.5 100.002 0.00163992
600 237.5 100.001 0.00114335
600 190 100.001 0.00114335
675 190 100.002 0.00194467
600 237.5 100.001 0.00114335
675 237.5 100.002 0.00194467
675 190 100.002 0.00194467
750 190 100.002 0.00194467
675 237.5 100.002 0.00194467
750 237.5 100.002 0.00194467
750 190 100.002 0.00194467
825 190 100.002 0.00152185
750 237.5 100.002 0.00194467
825 237.5 100.002 0.00152185
825 190 100.002 0.00152185
900 190 100 0.000414662
825 237.5 100.002 0.00152185
900 237.5 100 0.000414662
0 237.5 100.001 0.000978618
75 237.5 100.001 0.000799159
0 285 100 0.000264556
75 285 100.002 0.00177423
75 237.5 100.001 0.000799159
150 237.5 100.001 0.000799159
75 285 100.002 0.00177423
150 285 100.002 0.00177423
150 237.5 100.001 0.000799159
225 237.5 100 0.000461479
150 285 100.002 0.00177423
225 285 100.001 0.00145615
225 237.5 100 0.000461479
300 237.5 100.002 0.00178053
225 285 100.001 0.00145615
300 285 100.002 0.00156843
300 237.5 100.002 0.00178053
375 237.5 100.001 0.00111827
300 285 100.002 0.00156843
375 285 100.001 0.00101879
375 237.5 100.001 0.00111827
450 237.5 100.001 0.00111827
375 285 100.001 0.00101879
450 285 100.001 0.00101879
450 237.5 100.001 0.00111827
525 237.5 100.002 0.00163992
450 285 100.001 0.00101879
525 285 100.003 0.00261764
525 237.5 100.002 0.00163992
600 237.5 100.001 0.00114335
525 285 100.003 0.00261764
600 285 100.003 0.0026121
600 237.5 100.001 0.00114335
675 237.5 100.002 0.00194467
600 285 100.003 0.0026121
675 285 100.003 0.00261693
675 237.5 100.002 0.00194467
750 237.5 100.002 0.00194467
675 285 100.003 0.00261693
750 285 100.003 0.00261693
750 237.5 100.002 0.00194467
825 237.5 100.002 0.00152185
750 285 100.003 0.00261693
825 285 100.003 0.00294375
825 237.5 100.002 0.00152185
900 237.5 100 0.000414662
825 285 100.003 0.00294375
900 285 100.001 0.00068182
0 285 100 0.000264556
75 285 100.002 0.00177423
0 332.5 100 0.000264556
75 332.5 100.002 0.00177423
75 285 100.002 0.00177423
150 285 100.002 0.00177423
75 332.5 100.002 0.00177423
150 332.5 100.002 0.00177423
150 285 100.002 0.00177423
225 285 100.001 0.00145615
150 332.5 100.002 0.00177423
225 332.5 100.001 0.00145615
225 285 100.001 0.00145615
300 285 100.002 0.00156843
225 332.5 100.001 0.00145615
300 332.5 100.002 0.00156843
300 285 100.002 0.00156843
375 285 100.001 0.00101879
300 332.5 100.002 0.00156843
375 332.5 100.001 0.00101879
375 285 100.001 0.00101879
450 285 100.001 0.00101879
375 332.5 100.001 0.00101879
450 332.5 100.001 0.00101879
450 285 100.001 0.00101879
525 285 100.003 0.00261764
450 332.5 100.001 0.00101879
525 332.5 100.003 0.00261764
525 285 100.003 0.00261764
600 285 100.003 0.0026121
525 332.5 100.003 0.00261764
600 332.5 100.003 0.0026121
600 285 100.003 0.0026121
675 285 100.003 0.00261693
600 332.5 100.003 0.0026121
675 332.5 100.003 0.00261693
675 285 100.003 0.00261693
750 285 100.003 0.00261693
675 332.5 100.003 0.00261693
750 332.5 100.003 0.00261693
750 285 100.003 0.00261693
825 285 100.003 0.00294375
750 332.5 100.003 0.00261693
825 332.5 100.003 0.00294375
825 285 100.003 0.00294375
900 285 100.001 0.00068182
825 332.5 100.003 0.00294375
900 332.5 100.001 0.00068182
0 332.5 100 0.000264556
75 332.5 100.002 0.00177423
0 380 100 0.000359508
75 380 100.002 0.00243703
75 332.5 100.002 0.00177423
150 332.5 100.002 0.00177423
75 380 100.002 0.00243703
150 380 100.002 0.00243703
150 332.5 100.002 0.00177423
225 332.5 100.001 0.00145615
150 380 100.002 0.00243703
225 380 100.003 0.00269763
225 332.5 100.001 0.00145615
300 332.5 100.002 0.00156843
225 380 100.003 0.00269763
300 380 100.002 0.00206023
300 332.5 100.002 0.00156843
375 332.5 100.001 0.00101879
300 380 100.002 0.00206023
375 380 100.003 0.00266677
375 332.5 100.001 0.00101879
450 332.5 100.001 0.00101879
375 380 100.003 0.00266677
450 380 100.003 0.00266677
450 332.5 100.001 0.00101879
525 332.5 100.003 0.00261764
450 380 100.003 0.00266677
525 380 100.003 0.00267064
525 332.5 100.003 0.00261764
600 332.5 100.003 0.0026121
525 380 100.003 0.00267064
600 380 100.002 0.00221038
600 332.5 100.003 0.0026121
675 332.5 100.003 0.00261693
600 380 100.002 0.00221038
675 380 100.003 0.00312893
675 332.5 100.003 0.00261693
750 332.5 100.003 0.00261693
675 380 100.003 0.00312893
750 380 100.003 0.00312893
750 332.5 100.003 0.00261693
825 332.5 100.003 0.00294375
750 380 100.003 0.00312893
825 380 100.003 0.00331543
825 332.5 100.003 0.00294375
900 332.5 100.001 0.00068182
825 380 100.003 0.00331543
900 380 100 0.000363711
0 380 100 0.000359508
75 380 100.002 0.00243703
0 427.5 100 0.000359508
75 427.5 100.002 0.00243703
75 380 100.002 0.00243703
150 380 100.002 0.00243703
75 427.5 100.002 0.00243703
150 427.5 100.002 0.00243703
150 380 100.002 0.00243703
225 380 100.003 0.00269763
150 427.5 100.002 0.00243703
225 427.5 100.003 0.00269763
225 380 100.003 0.00269763
300 380 100.002 0.00206023
225 427.5 100.003 0.00269763
300 427.5 100.002 0.00206023
300 380 100.002 0.00206023
375 380 100.003 0.00266677
300 427.5 100.002 0.00206023
375 427.5 100.003 0.00266677
375 380 100.003 0.00266677
450 380 100.003 0.00266677
375 427.5 100.003 0.00266677
450 427.5 100.003 0.00266677
450 380 100.003 0.00266677
525 380 100.003 0.00267064
450 427.5 100.003 0.00266677
525 427.5 100.003 0.00267064
525 380 100.003 0.00267064
600 380 100.002 0.00221038
525 427.5 100.003 0.00267064
600 427.5 100.002 0.00221038
600 380 100.002 0.00221038
675 380 100.003 0.00312893
600 427.5 100.002 0.00221038
675 427.5 100.003 0.00312893
675 380 100.003 0.00312893
750 380 100.003 0.00312893
675 427.5 100.003 0.00312893
750 427.5 100.003 0.00312893
750 380 100.003 0.00312893
825 380 100.003 0.00331543
750 427.5 100.003 0.00312893
825 427.5 100.003 0.00331543
825 380 100.003 0.00331543
900 380 100 0.000363711
825 427.5 100.003 0.00331543
900 427.5 100 0.000363711
0 427.5 100 0.000359508
75 427.5 100.002 0.00243703
0 475 100.001 0.000570197
75 475 100.003 0.0034386
75 427.5 100.002 0.00243703
150 427.5 100.002 0.00243703
75 475 100.003 0.0034386
150 475 100.003 0.0034386
150 427.5 100.002 0.00243703
225 427.5 100.003 0.00269763
150 475 100.003 0.0034386
225 475 100.004 0.00398837
225 427.5 100.003 0.00269763
300 427.5 100.002 0.00206023
225 475 100.004 0.00398837
300 475 100.003 0.00310204
300 427.5 100.002 0.00206023
375 427.5 100.003 0.00266677
300 475 100.003 0.00310204
375 475 100.003 0.00320888
375 427.5 100.003 0.00266677
450 427.5 100.003 0.00266677
375 475 100.003 0.00320888
450 475 100.003 0.00320888
450 427.5 100.003 0.00266677
525 427.5 100.003 0.00267064
450 475 100.003 0.00320888
525 475 100.003 0.00316131
525 427.5 100.003 0.00267064
600 427.5 100.002 0.00221038
525 475 100.003 0.00316131
600 475 100.004 0.00365311
600 427.5 100.002 0.00221038
675 427.5 100.003 0.00312893
600 475 100.004 0.00365311
675 475 100.003 0.00325329
675 427.5 100.003 0.00312893
750 427.5 100.003 0.00312893
675 475 100.003 0.00325329
750 475 100.003 0.00325329
750 427.5 100.003 0.00312893
825 427.5 100.003 0.00331543
750 475 100.003 0.00325329
825 475 100.003 0.00346631
825 427.5 100.003 0.00331543
900 427.5 100 0.000363711
825 475 100.003 0.00346631
900 475 100 0.000244426
0 475 100.001 0.000570197
75 475 100.003 0.0034386
0 522.5 100.001 0.000570197
75 522.5 100.003 0.0034386
75 475 100.003 0.0034386
150 475 100.003 0.0034386
75 522.5 100.003 0.0034386
150 522.5 100.003 0.0034386
150 475 100.003 0.0034386
225 475 100.004 0.00398837
150 522.5 100.003 0.0034386
225 522.5 100.004 0.00398837
225 475 100.004 0.00398837
300 475 100.003 0.00310204
225 522.5 100.004 0.00398837
300 522.5 100.003 0.00310204
300 475 100.003 0.00310204
375 475 100.003 0.00320888
300 522.5 100.003 0.00310204
375 522.5 100.003 0.00320888
375 475 100.003 0.00320888
450 475 100.003 0.00320888
375 522.5 100.003 0.00320888
450 522.5 100.003 0.00320888
450 475 100.003 0.00320888
525 475 100.003 0.00316131
450 522.5 100.003 0.00320888
525 522.5 100.003 0.00316131
525 475 100.003 0.00316131
600 475 100.004 0.00365311
525 522.5 100.003 0.00316131
600 522.5 100.004 0.00365311
600 475 100.004 0.00365311
675 475 100.003 0.00325329
600 522.5 100.004 0.00365311
675 522.5 100.003 0.00325329
675 475 100.003 0.00325329
750 475 100.003 0.00325329
675 522.5 100.003 0.00325329
750 522.5 100.003 0.00325329
750 475 100.003 0.00325329
825 475 100.003 0.00346631
750 522.5 100.003 0.00325329
825 522.5 100.003 0.00346631
825 475 100.003 0.00346631
900 475 100 0.000244426
825 522.5 100.003 0.00346631
900 522.5 100 0.000244426
0 522.5 100.001 0.000570197
75 522.5 100.003 0.0034386
0 570 100 0.00015897
75 570 100.004 0.00411038
75 522.5 100.003 0.0034386
150 522.5 100.003 0.0034386
75 570 100.004 0.00411038
150 570 100.004 0.00411038
150 522.5 100.003 0.0034386
225 522.5 100.004 0.00398837
150 570 100.004 0.00411038
225 570 100.005 0.00465633
225 522.5 100.004 0.00398837
300 522.5 100.003 0.00310204
225 570 100.005 0.00465633
300 570 100.004 0.00413818
300 522.5 100.003 0.00310204
375 522.5 100.003 0.00320888
300 570 100.004 0.00413818
375 570 100.004 0.00419658
375 522.5 100.003 0.00320888
450 522.5 100.003 0.00320888
375 570 100.004 0.00419658
450 570 100.004 0.00419658
450 522.5 100.003 0.00320888
525 522.5 100.003 0.00316131
450 570 100.004 0.00419658
525 570 100.004 0.00436873
525 522.5 100.003 0.00316131
600 522.5 100.004 0.00365311
525 570 100.004 0.00436873
600 570 100.005 0.00482099
600 522.5 100.004 0.00365311
675 522.5 100.003 0.00325329
600 570 100.005 0.00482099
675 570 100.004 0.0040971
675 522.5 100.003 0.00325329
750 522.5 100.003 0.00325329
675 570 100.004 0.0040971
750 570 100.004 0.0040971
750 522.5 100.003 0.00325329
825 522.5 100.003 0.00346631
750 570 100.004 0.0040971
825 570 100.005 0.00483794
825 522.5 100.003 0.00346631
900 522.5 100 0.000244426
825 570 100.005 0.00483794
900 570 100 9.60984e-05
0 570 100 0.00015897
75 570 100.004 0.00411038
0 617.5 100 0.00015897
75 617.5 100.004 0.00411038
75 570 100.004 0.00411038
150 570 100.004 0.00411038
75 617.5 100.004 0.00411038
150 617.5 100.004 0.00411038
150 570 100.004 0.00411038
225 570 100.005 0.00465633
150 617.5 100.004 0.00411038
225 617.5 100.005 0.00465633
225 570 100.005 0.00465633
300 570 100.004 0.00413818
225 617.5 100.005 0.00465633
300 617.5 100.004 0.00413818
300 570 100.004 0.00413818
375 570 100.004 0.00419658
300 617.5 100.004 0.00413818
375 617.5 100.004 0.00419658
375 570 100.004 0.00419658
450 570 100.004 0.00419658
375 617.5 100.004 0.00419658
450 617.5 100.004 0.00419658
450 570 100.004 0.00419658
525 570 100.004 0.00436873
450 617.5 100.004 0.00419658
525 617.5 100.004 0.00436873
525 570 100.004 0.00436873
600 570 100.005 0.00482099
525 617.5 100.004 0.00436873
600 617.5 100.005 0.00482099
600 570 100.005 0.00482099
675 570 100.004 0.0040971
600 617.5 100.005 0.00482099
675 617.5 100.004 0.0040971
675 570 100.004 0.0040971
750 570 100.004 0.0040971
675 617.5 100.004 0.0040971
750 617.5 100.004 0.0040971
750 570 100.004 0.0040971
825 570 100.005 0.00483794
750 617.5 100.004 0.0040971
825 617.5 100.005 0.00483794
825 570 100.005 0.00483794
900 570 100 9.60984e-05
825 617.5 100.005 0.00483794
900 617.5 100 9.60984e-05
0 617.5 100 0.00015897
75 617.5 100.004 0.00411038
0 665 100.001 0.000976459
75 665 100.004 0.00446865
75 617.5 100.004 0.00411038
150 617.5 100.004 0.00411038
75 665 100.004 0.00446865
150 665 100.004 0.00446865
150 617.5 100.004 0.00411038
225 617.5 100.005 0.00465633
150 665 100.004 0.00446865
225 665 100.005 0.00497676
225 617.5 100.005 0.00465633
300 617.5 100.004 0.00413818
225 665 100.005 0.00497676
300 665 100.006 0.00560485
300 617.5 100.004 0.00413818
375 617.5 100.004 0.00419658
300 665 100.006 0.00560485
375 665 100.006 0.00573926
375 617.5 100.004 0.00419658
450 617.5 100.004 0.00419658
375 665 100.006 0.00573926
450 665 100.006 0.00573926
450 617.5 100.004 0.00419658
525 617.5 100.004 0.00436873
450 665 100.006 0.00573926
525 665 100.005 0.00503919
525 617.5 100.004 0.00436873
600 617.5 100.005 0.00482099
525 665 100.005 0.00503919
600 665 100.005 0.00528281
600 617.5 100.005 0.00482099
675 617.5 100.004 0.0040971
600 665 100.005 0.00528281
675 665 100.005 0.0051202
675 617.5 100.004 0.0040971
750 617.5 100.004 0.0040971
675 665 100.005 0.0051202
750 665 100.005 0.0051202
750 617.5 100.004 0.0040971
825 617.5 100.005 0.00483794
750 665 100.005 0.0051202
825 665 100.005 0.00529614
825 617.5 100.005 0.00483794
900 617.5 100 9.60984e-05
825 665 100.005 0.00529614
900 665 100 0.000118728
0 665 100.001 0.000976459
75 665 100.004 0.00446865
0 712.5 100.001 0.000976459
75 712.5 100.004 0.00446865
75 665 100.004 0.00446865
150 665 100.004 0.00446865
75 712.5 100.004 0.00446865
150 712.5 100.004 0.00446865
150 665 100.004 0.00446865
225 665 100.005 0.00497676
150 712.5 100.004 0.00446865
225 712.5 100.005 0.00497676
225 665 100.005 0.00497676
300 665 100.006 0.00560485
225 712.5 100.005 0.00497676
300 712.5 100.006 0.00560485
300 665 100.006 0.00560485
375 665 100.006 0.00573926
300 712.5 100.006 0.00560485
375 712.5 100.006 0.00573926
375 665 100.006 0.00573926
450 665 100.006 0.00573926
375 712.5 100.006 0.00573926
450 712.5 100.006 0.00573926
450 665 100.006 0.00573926
525 665 100.005 0.00503919
450 712.5 100.006 0.00573926
525 712.5 100.005 0.00503919
525 665 100.005 0.00503919
600 665 100.005 0.00528281
525 712.5 100.005 0.00503919
600 712.5 100.005 0.00528281
600 665 100.005 0.00528281
675 665 100.005 0.0051202
600 712.5 100.005 0.00528281
675 712.5 100.005 0.0051202
675 665 100.005 0.0051202
750 665 100.005 0.0051202
675 712.5 100.005 0.0051202
750 712.5 100.005 0.0051202
750 665 100.005 0.0051202
825 665 100.005 0.00529614
750 712.5 100.005 0.0051202
825 712.5 100.005 0.00529614
825 665 100.005 0.00529614
900 665 100 0.000118728
825 712.5 100.005 0.00529614
900 712.5 100 0.000118728
0 712.5 100.001 0.000976459
75 712.5 100.004 0.00446865
0 760 100 0.000317983
75 760 100.005 0.00541426
75 712.5 100.004 0.00446865
150 712.5 100.004 0.00446865
75 760 100.005 0.00541426
150 760 100.005 0.00541426
150 712.5 100.004 0.00446865
225 712.5 100.005 0.00497676
150 760 100.005 0.00541426
225 760 100.005 0.00506415
225 712.5 100.005 0.00497676
300 712.5 100.006 0.00560485
225 760 100.005 0.00506415
300 760 100.006 0.00569247
300 712.5 100.006 0.00560485
375 712.5 100.006 0.00573926
300 760 100.006 0.00569247
375 760 100.006 0.0055666
375 712.5 100.006 0.00573926
450 712.5 100.006 0.00573926
375 760 100.006 0.0055666
450 760 100.006 0.0055666
450 712.5 100.006 0.00573926
525 712.5 100.005 0.00503919
450 760 100.006 0.0055666
525 760 100.006 0.00626539
525 712.5 100.005 0.00503919
600 712.5 100.005 0.00528281
525 760 100.006 0.00626539
600 760 100.007 0.00652325
600 712.5 100.005 0.00528281
675 712.5 100.005 0.0051202
600 760 100.007 0.00652325
675 760 100.006 0.00609394
675 712.5 100.005 0.0051202
750 712.5 100.005 0.0051202
675 760 100.006 0.00609394
750 760 100.006 0.00609394
750 712.5 100.005 0.0051202
825 712.5 100.005 0.00529614
750 760 100.006 0.00609394
825 760 100.007 0.00657595
825 712.5 100.005 0.00529614
900 712.5 100 0.000118728
825 760 100.007 0.00657595
900 760 100.001 0.000929296
0 760 100 0.000317983
75 760 100.005 0.00541426
0 807.5 100 0.000317983
75 807.5 100.005 0.00541426
75 760 100.005 0.00541426
150 760 100.005 0.00541426
75 807.5 100.005 0.00541426
150 807.5 100.005 0.00541426
150 760 100.005 0.00541426
225 760 100.005 0.00506415
150 807.5 100.005 0.00541426
225 807.5 100.005 0.00506415
225 760 100.005 0.00506415
300 760 100.006 0.00569247
225 807.5 100.005 0.00506415
300 807.5 100.006 0.00569247
300 760 100.006 0.00569247
375 760 100.006 0.0055666
300 807.5 100.006 0.00569247
375 807.5 100.006 0.0055666
375 760 100.006 0.0055666
450 760 100.006 0.0055666
375 807.5 100.006 0.0055666
450 807.5 100.006 0.0055666
450 760 100.006 0.0055666
525 760 100.006 0.00626539
450 807.5 100.006 0.0055666
525 807.5 100.006 0.00626539
525 760 100.006 0.00626539
600 760 100.007 0.00652325
525 807.5 100.006 0.00626539
600 807.5 100.007 0.00652325
600 760 100.007 0.00652325
675 760 100.006 0.00609394
600 807.5 100.007 0.00652325
675 807.5 100.006 0.00609394
675 760 100.006 0.00609394
750 760 100.006 0.00609394
675 807.5 100.006 0.00609394
750 807.5 100.006 0.00609394
750 760 100.006 0.00609394
825 760 100.007 0.00657595
750 807.5 100.006 0.00609394
825 807.5 100.007 0.00657595
825 760 100.007 0.00657595
900 760 100.001 0.000929296
825 807.5 100.007 0.00657595
900 807.5 100.001 0.000929296
0 807.5 100 0.000317983
75 807.5 100.005 0.00541426
0 855 100 0.000318569
75 855 100.007 0.00666741
75 807.5 100.005 0.00541426
150 807.5 100.005 0.00541426
75 855 100.007 0.00666741
150 855 100.007 0.00666741
150 807.5 100.005 0.00541426
225 807.5 100.005 0.00506415
150 855 100.007 0.00666741
225 855 100.006 0.0061318
225 807.5 100.005 0.00506415
300 807.5 100.006 0.00569247
225 855 100.006 0.0061318
300 855 100.007 0.00671633
300 807.5 100.006 0.00569247
375 807.5 100.006 0.0055666
300 855 100.007 0.00671633
375 855 100.006 0.00628941
375 807.5 100.006 0.0055666
450 807.5 100.006 0.0055666
375 855 100.006 0.00628941
450 855 100.006 0.00628941
450 807.5 100.006 0.0055666
525 807.5 100.006 0.00626539
450 855 100.006 0.00628941
525 855 100.006 0.00618319
525 807.5 100.006 0.00626539
600 807.5 100.007 0.00652325
525 855 100.006 0.00618319
600 855 100.007 0.00658651
600 807.5 100.007 0.00652325
675 807.5 100.006 0.00609394
600 855 100.007 0.00658651
675 855 100.007 0.00702011
675 807.5 100.006 0.00609394
750 807.5 100.006 0.00609394
675 855 100.007 0.00702011
750 855 100.007 0.00702011
750 807.5 100.006 0.00609394
825 807.5 100.007 0.00657595
750 855 100.007 0.00702011
825 855 100.008 0.00782894
825 807.5 100.007 0.00657595
900 807.5 100.001 0.000929296
825 855 100.008 0.00782894
900 855 100 4.69548e-06
0 855 100 0.000318569
75 855 100.007 0.00666741
0 902.5 100 0.000318569
75 902.5 100.007 0.00666741
75 855 100.007 0.00666741
150 855 100.007 0.00666741
75 902.5 100.007 0.00666741
150 902.5 100.007 0.00666741
150 855 100.007 0.00666741
225 855 100.006 0.0061318
150 902.5 100.007 0.00666741
225 902.5 100.006 0.0061318
225 855 100.006 0.0061318
300 855 100.007 0.00671633
225 902.5 100.006 0.0061318
300 902.5 100.007 0.00671633
300 855 100.007 0.00671633
375 855 100.006 0.00628941
300 902.5 100.007 0.00671633
375 902.5 100.006 0.00628941
375 855 100.006 0.00628941
450 855 100.006 0.00628941
375 902.5 100.006 0.00628941
450 902.5 100.006 0.00628941
450 855 100.006 0.00628941
525 855 100.006 0.00618319
450 902.5 100.006 0.00628941
525 902.5 100.006 0.00618319
525 855 100.006 0.00618319
600 855 100.007 0.00658651
525 902.5 100.006 0.00618319
600 902.5 100.007 0.00658651
600 855 100.007 0.00658651
675 855 100.007 0.00702011
600 902.5 100.007 0.00658651
675 902.5 100.007 0.00702011
675 855 100.007 0.00702011
750 855 100.007 0.00702011
675 902.5 100.007 0.00702011
750 902.5 100.007 0.00702011
750 855 100.007 0.00702011
825 855 100.008 0.00782894
750 902.5 100.007 0.00702011
825 902.5 100.008 0.00782894
825 855 100.008 0.00782894
900 855 100 4.69548e-06
825 902.5 100.008 0.00782894
900 902.5 100 4.69548e-06
0 902.5 100 0.000318569
75 902.5 100.007 0.00666741
0 950 100 0
75 950 100 0
75 902.5 100.007 0.00666741
150 902.5 100.007 0.00666741
75 950 100 0
150 950 100 0
150 902.5 100.007 0.00666741
225 902.5 100.006 0.0061318
150 950 100 0
225 950 100 0
225 902.5 100.006 0.0061318
300 902.5 100.007 0.00671633
225 950 100 0
300 950 100 0
300 902.5 100.007 0.00671633
375 902.5 100.006 0.00628941
300 950 100 0
375 950 100 0
375 902.5 100.006 0.00628941
450 902.5 100.006 0.00628941
375 950 100 0
450 950 100 0
450 902.5 100.006 0.00628941
525 902.5 100.006 0.00618319
450 950 100 0
525 950 100 0
525 902.5 100.006 0.00618319
600 902.5 100.007 0.00658651
525 950 100 0
600 950 100 0
600 902.5 100.007 0.00658651
675 902.5 100.007 0.00702011
600 950 100 0
675 950 100 0
675 902.5 100.007 0.00702011
750 902.5 100.007 0.00702011
675 950 100 0
750 950 100 0
750 902.5 100.007 0.00702011
825 902.5 100.008 0.00782894
750 950 100 0
825 950 100 0
825 902.5 100.008 0.00782894
900 902.5 100 4.69548e-06
825 950 100 0
900 950 100 0
0 950 100 0
75 950 100 0
0 997.5 100.001 0.000677817
75 997.5 100.007 0.00727001
75 950 100 0
150 950 100 0
75 997.5 100.007 0.00727001
150 997.5 100.007 0.00727001
150 950 100 0
225 950 100 0
150 997.5 100.007 0.00727001
225 997.5 100.008 0.00773519
225 950 100 0
300 950 100 0
225 997.5 100.008 0.00773519
300 997.5 100.008 0.00796219
300 950 100 0
375 950 100 0
300 997.5 100.008 0.00796219
375 997.5 100.007 0.00724875
375 950 100 0
450 950 100 0
375 997.5 100.007 0.00724875
450 997.5 100.007 0.00724875
450 950 100 0
525 950 100 0
450 997.5 100.007 0.00724875
525 997.5 100.008 0.00757616
525 950 100 0
600 950 100 0
525 997.5 100.008 0.00757616
600 997.5 100.008 0.00759204
600 950 100 0
675 950 100 0
600 997.5 100.008 0.00759204
675 997.5 100.008 0.00757225
675 950 100 0
750 950 100 0
675 997.5 100.008 0.00757225
750 997.5 100.008 0.00757225
750 950 100 0
825 950 100 0
750 997.5 100.008 0.00757225
825 997.5 100.007 0.00722308
825 950 100 0
900 950 100 0
825 997.5 100.007 0.00722308
900 997.5 100.001 0.000952749
0 997.5 100.001 0.000677817
75 997.5 100.007 0.00727001
0 1045 100.001 0.000677817
75 1045 100.007 0.00727001
75 997.5 100.007 0.00727001
150 997.5 100.007 0.00727001
75 1045 100.007 0.00727001
150 1045 100.007 0.00727001
150 997.5 100.007 0.00727001
225 997.5 100.008 0.00773519
150 1045 100.007 0.00727001
225 1045 100.008 0.00773519
225 997.5 100.008 0.00773519
300 997.5 100.008 0.00796219
225 1045 100.008 0.00773519
300 1045 100.008 0.00796219
300 997.5 100.008 0.00796219
375 997.5 100.007 0.00724875
300 1045 100.008 0.00796219
375 1045 100.007 0.00724875
375 997.5 100.007 0.00724875
450 997.5 100.007 0.00724875
375 1045 100.007 0.00724875
450 1045 100.007 0.00724875
450 997.5 100.007 0.00724875
525 997.5 100.008 0.00757616
450 1045 100.007 0.00724875
525 1045 100.008 0.00757616
525 997.5 100.008 0.00757616
600 997.5 100.008 0.00759204
525 1045 100.008 0.00757616
600 1045 100.008 0.00759204
600 997.5 100.008 0.00759204
675 997.5 100.008 0.00757225
600 1045 100.008 0.00759204
675 1045 100.008 0.00757225
675 997.5 100.008 0.00757225
750 997.5 100.008 0.00757225
675 1045 100.008 0.00757225
750 1045 100.008 0.00757225
750 997.5 100.008 0.00757225
825 997.5 100.007 0.00722308
750 1045 100.008 0.00757225
825 1045 100.007 0.00722308
825 997.5 100.007 0.00722308
900 997.5 100.001 0.000952749
825 1045 100.007 0.00722308
900 1045 100.001 0.000952749
0 1045 100.001 0.000677817
75 1045 100.007 0.00727001
0 1092.5 100 0.000447125
75 1092.5 100.009 0.00884641
75 1045 100.007 0.00727001
150 1045 100.007 0.00727001
75 1092.5 100.009 0.00884641
150 1092.5 100.009 0.00884641
150 1045 100.007 0.00727001
225 1045 100.008 0.00773519
150 1092.5 100.009 0.00884641
225 1092.5 100.009 0.00869948
225 1045 100.008 0.00773519
300 1045 100.008 0.00796219
225 1092.5 100.009 0.00869948
300 1092.5 100.008 0.00829744
300 1045 100.008 0.00796219
375 1045 100.007 0.00724875
300 1092.5 100.008 0.00829744
375 1092.5 100.009 0.0088138
375 1045 100.007 0.00724875
450 1045 100.007 0.00724875
375 1092.5 100.009 0.0088138
450 1092.5 100.009 0.0088138
450 1045 100.007 0.00724875
525 1045 100.008 0.00757616
450 1092.5 100.009 0.0088138
525 1092.5 100.008 0.00839651
525 1045 100.008 0.00757616
600 1045 100.008 0.00759204
525 1092.5 100.008 0.00839651
600 1092.5 100.009 0.0088811
600 1045 100.008 0.00759204
675 1045 100.008 0.00757225
600 1092.5 100.009 0.0088811
675 1092.5 100.009 0.00858127
675 1045 100.008 0.00757225
750 1045 100.008 0.00757225
675 1092.5 100.009 0.00858127
750 1092.5 100.009 0.00858127
750 1045 100.008 0.00757225
825 1045 100.007 0.00722308
750 1092.5 100.009 0.00858127
825 1092.5 100.009 0.00888174
825 1045 100.007 0.00722308
900 1045 100.001 0.000952749
825 1092.5 100.009 0.00888174
900 1092.5 100.001 0.000692532
0 1092.5 100 0.000447125
75 1092.5 100.009 0.00884641
0 1140 100 0.000447125
75 1140 100.009 0.00884641
75 1092.5 100.009 0.00884641
150 1092.5 100.009 0.00884641
75 1140 100.009 0.00884641
150 1140 100.009 0.00884641
150 1092.5 100.009 0.00884641
225 1092.5 100.009 0.00869948
150 1140 100.009 0.00884641
225 1140 100.009 0.00869948
225 1092.5 100.009 0.00869948
300 1092.5 100.008 0.00829744
225 1140 100.009 0.00869948
300 1140 100.008 0.00829744
300 1092.5 100.008 0.00829744
375 1092.5 100.009 0.0088138
300 1140 100.008 0.00829744
375 1140 100.009 0.0088138
375 1092.5 100.009 0.0088138
450 1092.5 100.009 0.0088138
375 1140 100.009 0.0088138
450 1140 100.009 0.0088138
450 1092.5 100.009 0.0088138
525 1092.5 100.008 0.00839651
450 1140 100.009 0.0088138
525 1140 100.008 0.00839651
525 1092.5 100.008 0.00839651
600 1092.5 100.009 0.0088811
525 1140 100.008 0.00839651
600 1140 100.009 0.0088811
600 1092.5 100.009 0.0088811
675 1092.5 100.009 0.00858127
600 1140 100.009 0.0088811
675 1140 100.009 0.00858127
675 1092.5 100.009 0.00858127
750 1092.5 100.009 0.00858127
675 1140 100.009 0.00858127
750 1140 100.009 0.00858127
750 1092.5 100.009 0.00858127
825 1092.5 100.009 0.00888174
750 1140 100.009 0.00858127
825 1140 100.009 0.00888174
825 1092.5 100.009 0.00888174
900 1092.5 100.001 0.000692532
825 1140 100.009 0.00888174
900 1140 100.001 0.000692532
0 1140 100 0.000447125
75 1140 100.009 0.00884641
0 1187.5 100.001 0.000725254
75 1187.5 100.009 0.00850132
75 1140 100.009 0.00884641
150 1140 100.009 0.00884641
75 1187.5 100.009 0.00850132
150 1187.5 100.009 0.00850132
150 1140 100.009 0.00884641
225 1140 100.009 0.00869948
150 1187.5 100.009 0.00850132
225 1187.5 100.009 0.00895608
225 1140 100.009 0.00869948
300 1140 100.008 0.00829744
225 1187.5 100.009 0.00895608
300 1187.5 100.01 0.00964399
300 1140 100.008 0.00829744
375 1140 100.009 0.0088138
300 1187.5 100.01 0.00964399
375 1187.5 100.009 0.00942386
375 1140 100.009 0.0088138
450 1140 100.009 0.0088138
375 1187.5 100.009 0.00942386
450 1187.5 100.009 0.00942386
450 1140 100.009 0.0088138
525 1140 100.008 0.00839651
450 1187.5 100.009 0.00942386
525 1187.5 100.01 0.00960639
525 1140 100.008 0.00839651
600 1140 100.009 0.0088811
525 1187.5 100.01 0.00960639
600 1187.5 100.009 0.00901919
600 1140 100.009 0.0088811
675 1140 100.009 0.00858127
600 1187.5 100.009 0.00901919
675 1187.5 100.009 0.00930157
675 1140 100.009 0.00858127
750 1140 100.009 0.00858127
675 1187.5 100.009 0.00930157
750 1187.5 100.009 0.00930157
750 1140 100.009 0.00858127
825 1140 100.009 0.00888174
750 1187.5 100.009 0.00930157
825 1187.5 100.01 0.00966017
825 1140 100.009 0.00888174
900 1140 100.001 0.000692532
825 1187.5 100.01 0.00966017
900 1187.5 100 0.000290078
0 1187.5 100.001 0.000725254
75 1187.5 100.009 0.00850132
0 1235 100.001 0.000725254
75 1235 100.009 0.00850132
75 1187.5 100.009 0.00850132
150 1187.5 100.009 0.00850132
75 1235 100.009 0.00850132
150 1235 100.009 0.00850132
150 1187.5 100.009 0.00850132
225 1187.5 100.009 0.00895608
150 1235 100.009 0.00850132
225 1235 100.009 0.00895608
225 1187.5 100.009 0.00895608
300 1187.5 100.01 0.00964399
225 1235 100.009 0.00895608
300 1235 100.01 0.00964399
300 1187.5 100.01 0.00964399
375 1187.5 100.009 0.00942386
300 1235 100.01 0.00964399
375 1235 100.009 0.00942386
375 1187.5 100.009 0.00942386
450 1187.5 100.009 0.00942386
375 1235 100.009 0.00942386
450 1235 100.009 0.00942386
450 1187.5 100.009 0.00942386
525 1187.5 100.01 0.00960639
450 1235 100.009 0.00942386
525 1235 100.01 0.00960639
525 1187.5 100.01 0.00960639
600 1187.5 100.009 0.00901919
525 1235 100.01 0.00960639
600 1235 100.009 0.00901919
600 1187.5 100.009 0.00901919
675 1187.5 100.009 0.00930157
600 1235 100.009 0.00901919
675 1235 100.009 0.00930157
675 1187.5 100.009 0.00930157
750 1187.5 100.009 0.00930157
675 1235 100.009 0.00930157
750 1235 100.009 0.00930157
750 1187.5 100.009 0.00930157
825 1187.5 100.01 0.00966017
750 1235 100.009 0.00930157
825 1235 100.01 0.00966017
825 1187.5 100.01 0.00966017
900 1187.5 100 0.000290078
825 1235 100.01 0.00966017
900 1235 100 0.000290078
0 1235 100.001 0.000725254
75 1235 100.009 0.00850132
0 1282.5 100.001 0.000618015
75 1282.5 100.009 0.00942877
75 1235 100.009 0.00850132
150 1235 100.009 0.00850132
75 1282.5 100.009 0.00942877
150 1282.5 100.009 0.00942877
150 1235 100.009 0.00850132
225 1235 100.009 0.00895608
150 1282.5 100.009 0.00942877
225 1282.5 100.009 0.00913547
225 1235 100.009 0.00895608
300 1235 100.01 0.00964399
225 1282.5 100.009 0.00913547
300 1282.5 100.009 0.00929828
300 1235 100.01 0.00964399
375 1235 100.009 0.00942386
300 1282.5 100.009 0.00929828
375 1282.5 100.01 0.00956996
375 1235 100.009 0.00942386
450 1235 100.009 0.00942386
375 1282.5 100.01 0.00956996
450 1282.5 100.01 0.00956996
450 1235 100.009 0.00942386
525 1235 100.01 0.00960639
450 1282.5 100.01 0.00956996
525 1282.5 100.011 0.0105909
525 1235 100.01 0.00960639
600 1235 100.009 0.00901919
525 1282.5 100.011 0.0105909
600 1282.5 100.011 0.0105743
600 1235 100.009 0.00901919
675 1235 100.009 0.00930157
600 1282.5 100.011 0.0105743
675 1282.5 100.011 0.0106532
675 1235 100.009 0.00930157
750 1235 100.009 0.00930157
675 1282.5 100.011 0.0106532
750 1282.5 100.011 0.0106532
750 1235 100.009 0.00930157
825 1235 100.01 0.00966017
750 1282.5 100.011 0.0106532
825 1282.5 100.011 0.0106521
825 1235 100.01 0.00966017
900 1235 100 0.000290078
825 1282.5 100.011 0.0106521
900 1282.5 100 0.000431418
0 1282.5 100.001 0.000618015
75 1282.5 100.009 0.00942877
0 1330 100.001 0.000618015
75 1330 100.009 0.00942877
75 1282.5 100.009 0.00942877
150 1282.5 100.009 0.00942877
75 1330 100.009 0.00942877
150 1330 100.009 0.00942877
150 1282.5 100.009 0.00942877
225 1282.5 100.009 0.00913547
150 1330 100.009 0.00942877
225 1330 100.009 0.00913547
225 1282.5 100.009 0.00913547
300 1282.5 100.009 0.00929828
225 1330 100.009 0.00913547
300 1330 100.009 0.00929828
300 1282.5 100.009 0.00929828
375 1282.5 100.01 0.00956996
300 1330 100.009 0.00929828
375 1330 100.01 0.00956996
375 1282.5 100.01 0.00956996
450 1282.5 100.01 0.00956996
375 1330 100.01 0.00956996
450 1330 100.01 0.00956996
450 1282.5 100.01 0.00956996
525 1282.5 100.011 0.0105909
450 1330 100.01 0.00956996
525 1330 100.011 0.0105909
525 1282.5 100.011 0.0105909
600 1282.5 100.011 0.0105743
525 1330 100.011 0.0105909
600 1330 100.011 0.0105743
600 1282.5 100.011 0.0105743
675 1282.5 100.011 0.0106532
600 1330 100.011 0.0105743
675 1330 100.011 0.0106532
675 1282.5 100.011 0.0106532
750 1282.5 100.011 0.0106532
675 1330 100.011 0.0106532
750 1330 100.011 0.0106532
750 1282.5 100.011 0.0106532
825 1282.5 100.011 0.0106521
750 1330 100.011 0.0106532
825 1330 100.011 0.0106521
825 1282.5 100.011 0.0106521
900 1282.5 100 0.000431418
825 1330 100.011 0.0106521
900 1330 100 0.000431418
0 1330 100.001 0.000618015
75 1330 100.009 0.00942877
0 1377.5 100.001 0.000896547
75 1377.5 100.01 0.0103676
75 1330 100.009 0.00942877
150 1330 100.009 0.00942877
75 1377.5 100.01 0.0103676
150 1377.5 100.01 0.0103676
150 1330 100.009 0.00942877
225 1330 100.009 0.00913547
150 1377.5 100.01 0.0103676
225 1377.5 100.01 0.0104359
225 1330 100.009 0.00913547
300 1330 100.009 0.00929828
225 1377.5 100.01 0.0104359
300 1377.5 100.011 0.0108919
300 1330 100.009 0.00929828
375 1330 100.01 0.00956996
300 1377.5 100.011 0.0108919
375 1377.5 100.011 0.0108062
375 1330 100.01 0.00956996
450 1330 100.01 0.00956996
375 1377.5 100.011 0.0108062
450 1377.5 100.011 0.0108062
450 1330 100.01 0.00956996
525 1330 100.011 0.0105909
450 1377.5 100.011 0.0108062
525 1377.5 100.011 0.0107039
525 1330 100.011 0.0105909
600 1330 100.011 0.0105743
525 1377.5 100.011 0.0107039
600 1377.5 100.01 0.0101002
600 1330 100.011 0.0105743
675 1330 100.011 0.0106532
600 1377.5 100.01 0.0101002
675 1377.5 100.012 0.0119195
675 1330 100.011 0.0106532
750 1330 100.011 0.0106532
675 1377.5 100.012 0.0119195
750 1377.5 100.012 0.0119195
750 1330 100.011 0.0106532
825 1330 100.011 0.0106521
750 1377.5 100.012 0.0119195
825 1377.5 100.012 0.0117142
825 1330 100.011 0.0106521
900 1330 100 0.000431418
825 1377.5 100.012 0.0117142
900 1377.5 100.001 0.000998847
0 1377.5 100.001 0.000896547
75 1377.5 100.01 0.0103676
0 1425 100.001 0.000896547
75 1425 100.01 0.0103676
75 1377.5 100.01 0.0103676
150 1377.5 100.01 0.0103676
75 1425 100.01 0.0103676
150 1425 100.01 0.0103676
150 1377.5 100.01 0.0103676
225 1377.5 100.01 0.0104359
150 1425 100.01 0.0103676
225 1425 100.01 0.0104359
225 1377.5 100.01 0.0104359
300 1377.5 100.011 0.0108919
225 1425 100.01 0.0104359
300 1425 100.011 0.0108919
300 1377.5 100.011 0.0108919
375 1377.5 100.011 0.0108062
300 1425 100.011 0.0108919
375 1425 100.011 0.0108062
375 1377.5 100.011 0.0108062
450 1377.5 100.011 0.0108062
375 1425 100.011 0.0108062
450 1425 100.011 0.0108062
450 1377.5 100.011 0.0108062
525 1377.5 100.011 0.0107039
450 1425 100.011 0.0108062
525 1425 100.011 0.0107039
525 1377.5 100.011 0.0107039
600 1377.5 100.01 0.0101002
525 1425 100.011 0.0107039
600 1425 100.01 0.0101002
600 1377.5 100.01 0.0101002
675 1377.5 100.012 0.0119195
600 1425 100.01 0.0101002
675 1425 100.012 0.0119195
675 1377.5 100.012 0.0119195
750 1377.5 100.012 0.0119195
675 1425 100.012 0.0119195
750 1425 100.012 0.0119195
750 1377.5 100.012 0.0119195
825 1377.5 100.012 0.0117142
750 1425 100.012 0.0119195
825 1425 100.012 0.0117142
825 1377.5 100.012 0.0117142
900 1377.5 100.001 0.000998847
825 1425 100.012 0.0117142
900 1425 100.001 0.000998847
0 1425 100.001 0.000896547
75 1425 100.01 0.0103676
0 1472.5 100 0.000149448
75 1472.5 100.012 0.0118681
75 1425 100.01 0.0103676
150 1425 100.01 0.0103676
75 1472.5 100.012 0.0118681
150 1472.5 100.012 0.0118681
150 1425 100.01 0.0103676
225 1425 100.01 0.0104359
150 1472.5 100.012 0.0118681
225 1472.5 100.011 0.0111625
225 1425 100.01 0.0104359
300 1425 100.011 0.0108919
225 1472.5 100.011 0.0111625
300 1472.5 100.012 0.0116156
300 1425 100.011 0.0108919
375 1425 100.011 0.0108062
300 1472.5 100.012 0.0116156
375 1472.5 100.011 0.0111238
375 1425 100.011 0.0108062
450 1425 100.011 0.0108062
375 1472.5 100.011 0.0111238
450 1472.5 100.011 0.0111238
450 1425 100.011 0.0108062
525 1425 100.011 0.0107039
450 1472.5 100.011 0.0111238
525 1472.5 100.012 0.011848
525 1425 100.011 0.0107039
600 1425 100.01 0.0101002
525 1472.5 100.012 0.011848
600 1472.5 100.012 0.0118073
600 1425 100.01 0.0101002
675 1425 100.012 0.0119195
600 1472.5 100.012 0.0118073
675 1472.5 100.012 0.0115691
675 1425 100.012 0.0119195
750 1425 100.012 0.0119195
675 1472.5 100.012 0.0115691
750 1472.5 100.012 0.0115691
750 1425 100.012 0.0119195
825 1425 100.012 0.0117142
750 1472.5 100.012 0.0115691
825 1472.5 100.011 0.0114072
825 1425 100.012 0.0117142
900 1425 100.001 0.000998847
825 1472.5 100.011 0.0114072
900 1472.5 100 6.9167e-05
0 1472.5 100 0.000149448
75 1472.5 100.012 0.0118681
0 1520 100 0.000149448
75 1520 100.012 0.0118681
75 1472.5 100.012 0.0118681
150 1472.5 100.012 0.0118681
75 1520 100.012 0.0118681
150 1520 100.012 0.0118681
150 1472.5 100.012 0.0118681
225 1472.5 100.011 0.0111625
150 1520 100.012 0.0118681
225 1520 100.011 0.0111625
225 1472.5 100.011 0.0111625
300 1472.5 100.012 0.0116156
225 1520 100.011 0.0111625
300 1520 100.012 0.0116156
300 1472.5 100.012 0.0116156
375 1472.5 100.011 0.0111238
300 1520 100.012 0.0116156
375 1520 100.011 0.0111238
375 1472.5 100.011 0.0111238
450 1472.5 100.011 0.0111238
375 1520 100.011 0.0111238
450 1520 100.011 0.0111238
450 1472.5 100.011 0.0111238
525 1472.5 100.012 0.011848
450 1520 100.011 0.0111238
525 1520 100.012 0.011848
525 1472.5 100.012 0.011848
600 1472.5 100.012 0.0118073
525 1520 100.012 0.011848
600 1520 100.012 0.0118073
600 1472.5 100.012 0.0118073
675 1472.5 100.012 0.0115691
600 1520 100.012 0.0118073
675 1520 100.012 0.0115691
675 1472.5 100.012 0.0115691
750 1472.5 100.012 0.0115691
675 1520 100.012 0.0115691
750 1520 100.012 0.0115691
750 1472.5 100.012 0.0115691
825 1472.5 100.011 0.0114072
750 1520 100.012 0.0115691
825 1520 100.011 0.0114072
825 1472.5 100.011 0.0114072
900 1472.5 100 6.9167e-05
825 1520 100.011 0.0114072
900 1520 100 6.9167e-05
0 1520 100 0.000149448
75 1520 100.012 0.0118681
0 1567.5 100.001 0.000697429
75 1567.5 100.012 0.0124535
75 1520 100.012 0.0118681
150 1520 100.012 0.0118681
75 1567.5 100.012 0.0124535
150 1567.5 100.012 0.0124535
150 1520 100.012 0.0118681
225 1520 100.011 0.0111625
150 1567.5 100.012 0.0124535
225 1567.5 100.013 0.0127221
225 1520 100.011 0.0111625
300 1520 100.012 0.0116156
225 1567.5 100.013 0.0127221
300 1567.5 100.013 0.0128664
300 1520 100.012 0.0116156
375 1520 100.011 0.0111238
300 1567.5 100.013 0.0128664
375 1567.5 100.013 0.0129755
375 1520 100.011 0.0111238
450 1520 100.011 0.0111238
375 1567.5 100.013 0.0129755
450 1567.5 100.013 0.0129755
450 1520 100.011 0.0111238
525 1520 100.012 0.011848
450 1567.5 100.013 0.0129755
525 1567.5 100.013 0.0128558
525 1520 100.012 0.011848
600 1520 100.012 0.0118073
525 1567.5 100.013 0.0128558
600 1567.5 100.012 0.0120117
600 1520 100.012 0.0118073
675 1520 100.012 0.0115691
600 1567.5 100.012 0.0120117
675 1567.5 100.012 0.01236
675 1520 100.012 0.0115691
750 1520 100.012 0.0115691
675 1567.5 100.012 0.01236
750 1567.5 100.012 0.01236
750 1520 100.012 0.0115691
825 1520 100.011 0.0114072
750 1567.5 100.012 0.01236
825 1567.5 100.013 0.01273
825 1520 100.011 0.0114072
900 1520 100 6.9167e-05
825 1567.5 100.013 0.01273
900 1567.5 100 0.00017163
0 1567.5 100.001 0.000697429
75 1567.5 100.012 0.0124535
0 1615 100.001 0.000697429
75 1615 100.012 0.0124535
75 1567.5 100.012 0.0124535
150 1567.5 100.012 0.0124535
75 1615 100.012 0.0124535
150 1615 100.012 0.0124535
150 1567.5 100.012 0.0124535
225 1567.5 100.013 0.0127221
150 1615 100.012 0.0124535
225 1615 100.013 0.0127221
225 1567.5 100.013 0.0127221
300 1567.5 100.013 0.0128664
225 1615 100.013 0.0127221
300 1615 100.013 0.0128664
300 1567.5 100.013 0.0128664
375 1567.5 100.013 0.0129755
300 1615 100.013 0.0128664
375 1615 100.013 0.0129755
375 1567.5 100.013 0.0129755
450 1567.5 100.013 0.0129755
375 1615 100.013 0.0129755
450 1615 100.013 0.0129755
450 1567.5 100.013 0.0129755
525 1567.5 100.013 0.0128558
450 1615 100.013 0.0129755
525 1615 100.013 0.0128558
525 1567.5 100.013 0.0128558
600 1567.5 100.012 0.0120117
525 1615 100.013 0.0128558
600 1615 100.012 0.0120117
600 1567.5 100.012 0.0120117
675 1567.5 100.012 0.01236
600 1615 100.012 0.0120117
675 1615 100.012 0.01236
675 1567.5 100.012 0.01236
750 1567.5 100.012 0.01236
675 1615 100.012 0.01236
750 1615 100.012 0.01236
750 1567.5 100.012 0.01236
825 1567.5 100.013 0.01273
750 1615 100.012 0.01236
825 1615 100.013 0.01273
825 1567.5 100.013 0.01273
900 1567.5 100 0.00017163
825 1615 100.013 0.01273
900 1615 100 0.00017163
0 1615 100.001 0.000697429
75 1615 100.012 0.0124535
0 1662.5 100.001 0.000521037
75 1662.5 100.012 0.0120543
75 1615 100.012 0.0124535
150 1615 100.012 0.0124535
75 1662.5 100.012 0.0120543
150 1662.5 100.012 0.0120543
150 1615 100.012 0.0124535
225 1615 100.013 0.0127221
150 1662.5 100.012 0.0120543
225 1662.5 100.012 0.0122
225 1615 100.013 0.0127221
300 1615 100.013 0.0128664
225 1662.5 100.012 0.0122
300 1662.5 100.013 0.0130185
300 1615 100.013 0.0128664
375 1615 100.013 0.0129755
300 1662.5 100.013 0.0130185
375 1662.5 100.014 0.0137937
375 1615 100.013 0.0129755
450 1615 100.013 0.0129755
375 1662.5 100.014 0.0137937
450 1662.5 100.014 0.0137937
450 1615 100.013 0.0129755
525 1615 100.013 0.0128558
450 1662.5 100.014 0.0137937
525 1662.5 100.013 0.0132239
525 1615 100.013 0.0128558
600 1615 100.012 0.0120117
525 1662.5 100.013 0.0132239
600 1662.5 100.013 0.0133454
600 1615 100.012 0.0120117
675 1615 100.012 0.01236
600 1662.5 100.013 0.0133454
675 1662.5 100.014 0.0139281
675 1615 100.012 0.01236
750 1615 100.012 0.01236
675 1662.5 100.014 0.0139281
750 1662.5 100.014 0.0139281
750 1615 100.012 0.01236
825 1615 100.013 0.01273
750 1662.5 100.014 0.0139281
825 1662.5 100.014 0.0137044
825 1615 100.013 0.01273
900 1615 100 0.00017163
825 1662.5 100.014 0.0137044
900 1662.5 100 3.18389e-05
0 1662.5 100.001 0.000521037
75 1662.5 100.012 0.0120543
0 1710 100.001 0.000521037
75 1710 100.012 0.0120543
75 1662.5 100.012 0.0120543
150 1662.5 100.012 0.0120543
75 1710 100.012 0.0120543
150 1710 100.012 0.0120543
150 1662.5 100.012 0.0120543
225 1662.5 100.012 0.0122
150 1710 100.012 0.0120543
225 1710 100.012 0.0122
225 1662.5 100.012 0.0122
300 1662.5 100.013 0.0130185
225 1710 100.012 0.0122
300 1710 100.013 0.0130185
300 1662.5 100.013 0.0130185
375 1662.5 100.014 0.0137937
300 1710 100.013 0.0130185
375 1710 100.014 0.0137937
375 1662.5 100.014 0.0137937
450 1662.5 100.014 0.0137937
375 1710 100.014 0.0137937
450 1710 100.014 0.0137937
450 1662.5 100.014 0.0137937
525 1662.5 100.013 0.0132239
450 1710 100.014 0.0137937
525 1710 100.013 0.0132239
525 1662.5 100.013 0.0132239
600 1662.5 100.013 0.0133454
525 1710 100.013 0.0132239
600 1710 100.013 0.0133454
600 1662.5 100.013 0.0133454
675 1662.5 100.014 0.0139281
600 1710 100.013 0.0133454
675 1710 100.014 0.0139281
675 1662.5 100.014 0.0139281
750 1662.5 100.014 0.0139281
675 1710 100.014 0.0139281
750 1710 100.014 0.0139281
750 1662.5 100.014 0.0139281
825 1662.5 100.014 0.0137044
750 1710 100.014 0.0139281
825 1710 100.014 0.0137044
825 1662.5 100.014 0.0137044
900 1662.5 100 3.18389e-05
825 1710 100.014 0.0137044
900 1710 100 3.18389e-05
0 1710 100.001 0.000521037
75 1710 100.012 0.0120543
0 1757.5 100 0.000164694
75 1757.5 100.014 0.0136215
75 1710 100.012 0.0120543
150 1710 100.012 0.0120543
75 1757.5 100.014 0.0136215
150 1757.5 100.014 0.0136215
150 1710 100.012 0.0120543
225 1710 100.012 0.0122
150 1757.5 100.014 0.0136215
225 1757.5 100.014 0.0135772
225 1710 100.012 0.0122
300 1710 100.013 0.0130185
225 1757.5 100.014 0.0135772
300 1757.5 100.013 0.0132379
300 1710 100.013 0.0130185
375 1710 100.014 0.0137937
300 1757.5 100.013 0.0132379
375 1757.5 100.014 0.0139342
375 1710 100.014 0.0137937
450 1710 100.014 0.0137937
375 1757.5 100.014 0.0139342
450 1757.5 100.014 0.0139342
450 1710 100.014 0.0137937
525 1710 100.013 0.0132239
450 1757.5 100.014 0.0139342
525 1757.5 100.015 0.014614
525 1710 100.013 0.0132239
600 1710 100.013 0.0133454
525 1757.5 100.015 0.014614
600 1757.5 100.015 0.0145356
600 1710 100.013 0.0133454
675 1710 100.014 0.0139281
600 1757.5 100.015 0.0145356
675 1757.5 100.015 0.0145899
675 1710 100.014 0.0139281
750 1710 100.014 0.0139281
675 1757.5 100.015 0.0145899
750 1757.5 100.015 0.0145899
750 1710 100.014 0.0139281
825 1710 100.014 0.0137044
750 1757.5 100.015 0.0145899
825 1757.5 100.015 0.0147301
825 1710 100.014 0.0137044
900 1710 100 3.18389e-05
825 1757.5 100.015 0.0147301
900 1757.5 100 0.000311945
0 1757.5 100 0.000164694
75 1757.5 100.014 0.0136215
0 1805 100 0.000164694
75 1805 100.014 0.0136215
75 1757.5 100.014 0.0136215
150 1757.5 100.014 0.0136215
75 1805 100.014 0.0136215
150 1805 100.014 0.0136215
150 1757.5 100.014 0.0136215
225 1757.5 100.014 0.0135772
150 1805 100.014 0.0136215
225 1805 100.014 0.0135772
225 1757.5 100.014 0.0135772
300 1757.5 100.013 0.0132379
225 1805 100.014 0.0135772
300 1805 100.013 0.0132379
300 1757.5 100.013 0.0132379
375 1757.5 100.014 0.0139342
300 1805 100.013 0.0132379
375 1805 100.014 0.0139342
375 1757.5 100.014 0.0139342
450 1757.5 100.014 0.0139342
375 1805 100.014 0.0139342
450 1805 100.014 0.0139342
450 1757.5 100.014 0.0139342
525 1757.5 100.015 0.014614
450 1805 100.014 0.0139342
525 1805 100.015 0.014614
525 1757.5 100.015 0.014614
600 1757.5 100.015 0.0145356
525 1805 100.015 0.014614
600 1805 100.015 0.0145356
600 1757.5 100.015 0.0145356
675 1757.5 100.015 0.0145899
600 1805 100.015 0.0145356
675 1805 100.015 0.0145899
675 1757.5 100.015 0.0145899
750 1757.5 100.015 0.0145899
675 1805 100.015 0.0145899
750 1805 100.015 0.0145899
750 1757.5 100.015 0.0145899
825 1757.5 100.015 0.0147301
750 1805 100.015 0.0145899
825 1805 100.015 0.0147301
825 1757.5 100.015 0.0147301
900 1757.5 100 0.000311945
825 1805 100.015 0.0147301
900 1805 100 0.000311945
0 1805 100 0.000164694
75 1805 100.014 0.0136215
0 1852.5 100 0.000398221
75 1852.5 100 0.000209844
75 1805 100.014 0.0136215
150 1805 100.014 0.0136215
75 1852.5 100 0.000209844
150 1852.5 100 0.000209844
150 1805 100.014 0.0136215
225 1805 100.014 0.0135772
150 1852.5 100 0.000209844
225 1852.5 100 0.000186193
225 1805 100.014 0.0135772
300 1805 100.013 0.0132379
225 1852.5 100 0.000186193
300 1852.5 100.001 0.000944372
300 1805 100.013 0.0132379
375 1805 100.014 0.0139342
300 1852.5 100.001 0.000944372
375 1852.5 100.001 0.000739551
375 1805 100.014 0.0139342
450 1805 100.014 0.0139342
375 1852.5 100.001 0.000739551
450 1852.5 100.001 0.000739551
450 1805 100.014 0.0139342
525 1805 100.015 0.014614
450 1852.5 100.001 0.000739551
525 1852.5 100 0.000490459
525 1805 100.015 0.014614
600 1805 100.015 0.0145356
525 1852.5 100 0.000490459
600 1852.5 100 0.000227415
600 1805 100.015 0.0145356
675 1805 100.015 0.0145899
600 1852.5 100 0.000227415
675 1852.5 100 0.000254356
675 1805 100.015 0.0145899
750 1805 100.015 0.0145899
675 1852.5 100 0.000254356
750 1852.5 100 0.000254356
750 1805 100.015 0.0145899
825 1805 100.015 0.0147301
750 1852.5 100 0.000254356
825 1852.5 100 5.80292e-05
825 1805 100.015 0.0147301
900 1805 100 0.000311945
825 1852.5 100 5.80292e-05
900 1852.5 100 0.000434417
0 1852.5 100 0.000398221
75 1852.5 100 0.000209844
0 1900 100 0.000398221
75 1900 100 0.000209844
75 1852.5 100 0.000209844
150 1852.5 100 0.000209844
75 1900 100 0.000209844
150 1900 100 0.000209844
150 1852.5 100 0.000209844
225 1852.5 100 0.000186193
150 1900 100 0.000209844
225 1900 100 0.000186193
225 1852.5 100 0.000186193
300 1852.5 100.001 0.000944372
225 1900 100 0.000186193
300 1900 100.001 0.000944372
300 1852.5 100.001 0.000944372
375 1852.5 100.001 0.000739551
300 1900 100.001 0.000944372
375 1900 100.001 0.000739551
375 1852.5 100.001 0.000739551
450 1852.5 100.001 0.000739551
375 1900 100.001 0.000739551
450 1900 100.001 0.000739551
450 1852.5 100.001 0.000739551
525 1852.5 100 0.000490459
450 1900 100.001 0.000739551
525 1900 100 0.000490459
525 1852.5 100 0.000490459
600 1852.5 100 0.000227415
525 1900 100 0.000490459
600 1900 100 0.000227415
600 1852.5 100 0.000227415
675 1852.5 100 0.000254356
600 1900 100 0.000227415
675 1900 100 0.000254356
675 1852.5 100 0.000254356
750 1852.5 100 0.000254356
675 1900 100 0.000254356
750 1900 100 0.000254356
750 1852.5 100 0.000254356
825 1852.5 100 5.80292e-05
750 1900 100 0.000254356
825 1900 100 5.80292e-05
825 1852.5 100 5.80292e-05
900 1852.5 100 0.000434417
825 1900 100 5.80292e-05
900 1900 100 0.000434417
