# x y z topography
0 0 100.001 0.000548814
75 0 100.001 0.000715189
0 47.5 100.001 0.000548814
75 47.5 100.001 0.000715189
75 0 100.001 0.000715189
150 0 100.001 0.000715189
75 47.5 100.001 0.000715189
150 47.5 100.001 0.000715189
150 0 100.001 0.000715189
225 0 100.001 0.000602763
150 47.5 100.001 0.000715189
225 47.5 100.001 0.000602763
225 0 100.001 0.000602763
300 0 100.001 0.000544883
225 47.5 100.001 0.000602763
300 47.5 100.001 0.000544883
300 0 100.001 0.000544883
375 0 100 0.000423655
300 47.5 100.001 0.000544883
375 47.5 100 0.000423655
375 0 100 0.000423655
450 0 100 0.000423655
375 47.5 100 0.000423655
450 47.5 100 0.000423655
450 0 100 0.000423655
525 0 100.001 0.000645894
450 47.5 100 0.000423655
525 47.5 100.001 0.000645894
525 0 100.001 0.000645894
600 0 100 0.000437587
525 47.5 100.001 0.000645894
600 47.5 100 0.000437587
600 0 100 0.000437587
675 0 100.001 0.000891773
600 47.5 100 0.000437587
675 47.5 100.001 0.000891773
675 0 100.001 0.000891773
750 0 100.001 0.000891773
675 47.5 100.001 0.000891773
750 47.5 100.001 0.000891773
750 0 100.001 0.000891773
825 0 100.001 0.000963663
750 47.5 100.001 0.000891773
825 47.5 100.001 0.000963663
825 0 100.001 0.000963663
900 0 100 0.000383442
825 47.5 100.001 0.000963663
900 47.5 100 0.000383442
0 47.5 100.001 0.000548814
75 47.5 100.001 0.000715189
0 95 100.001 0.000791725
75 95 100.001 0.000528895
75 47.5 100.001 0.000715189
150 47.5 100.001 0.000715189
75 95 100.001 0.000528895
150 95 100.001 0.000528895
150 47.5 100.001 0.000715189
225 47.5 100.001 0.000602763
150 95 100.001 0.000528895
225 95 100.001 0.000568045
225 47.5 100.001 0.000602763
300 47.5 100.001 0.000544883
225 95 100.001 0.000568045
300 95 100.001 0.000925597
300 47.5 100.001 0.000544883
375 47.5 100 0.000423655
300 95 100.001 0.000925597
375 95 100 7.10361e-05
375 47.5 100 0.000423655
450 47.5 100 0.000423655
375 95 100 7.10361e-05
450 95 100 7.10361e-05
450 47.5 100 0.000423655
525 47.5 100.001 0.000645894
450 95 100 7.10361e-05
525 95 100 8.71293e-05
525 47.5 100.001 0.000645894
600 47.5 100 0.000437587
525 95 100 8.71293e-05
600 95 100 2.02184e-05
600 47.5 100 0.000437587
675 47.5 100.001 0.000891773
600 95 100 2.02184e-05
675 95 100.001 0.00083262
675 47.5 100.001 0.000891773
750 47.5 100.001 0.000891773
675 95 100.001 0.00083262
750 95 100.001 0.00083262
750 47.5 100.001 0.000891773
825 47.5 100.001 0.000963663
750 95 100.001 0.00083262
825 95 100.001 0.000778157
825 47.5 100.001 0.000963663
900 47.5 100 0.000383442
825 95 100.001 0.000778157
900 95 100.001 0.000870012
0 95 100.001 0.000791725
75 95 100.001 0.000528895
0 142.5 100.001 0.000791725
75 142.5 100.001 0.000528895
75 95 100.001 0.000528895
150 95 100.001 0.000528895
75 142.5 100.001 0.000528895
150 142.5 100.001 0.000528895
150 95 100.001 0.000528895
225 95 100.001 0.000568045
150 142.5 100.001 0.000528895
225 142.5 100.001 0.000568045
225 95 100.001 0.000568045
300 95 100.001 0.000925597
225 142.5 100.001 0.000568045
300 142.5 100.001 0.000925597
300 95 100.001 0.000925597
375 95 100 7.10361e-05
300 142.5 100.001 0.000925597
375 142.5 100 7.10361e-05
375 95 100 7.10361e-05
450 95 100 7.10361e-05
375 142.5 100 7.10361e-05
450 142.5 100 7.10361e-05
450 95 100 7.10361e-05
525 95 100 8.71293e-05
450 142.5 100 7.10361e-05
525 142.5 100 8.71293e-05
525 95 100 8.71293e-05
600 95 100 2.02184e-05
525 142.5 100 8.71293e-05
600 142.5 100 2.02184e-05
600 95 100 2.02184e-05
675 95 100.001 0.00083262
600 142.5 100 2.02184e-05
675 142.5 100.001 0.00083262
675 95 100.001 0.00083262
750 95 100.001 0.00083262
675 142.5 100.001 0.00083262
750 142.5 100.001 0.00083262
750 95 100.001 0.00083262
825 95 100.001 0.000778157
750 142.5 100.001 0.00083262
825 142.5 100.001 0.000778157
825 95 100.001 0.000778157
900 95 100.001 0.000870012
825 142.5 100.001 0.000778157
900 142.5 100.001 0.000870012
0 142.5 100.001 0.000791725
75 142.5 100.001 0.000528895
0 190 100.001 0.000978618
75 190 100.001 0.000799159
75 142.5 100.001 0.000528895
150 142.5 100.001 0.000528895
75 190 100.001 0.000799159
150 190 100.001 0.000799159
150 142.5 100.001 0.000528895
225 142.5 100.001 0.000568045
150 190 100.001 0.000799159
225 190 100 0.000461479
225 142.5 100.001 0.000568045
300 142.5 100.001 0.000925597
225 190 100 0.000461479
300 190 100.001 0.000780529
300 142.5 100.001 0.000925597
375 142.5 100 7.10361e-05
300 190 100.001 0.000780529
375 190 100 0.000118274
375 142.5 100 7.10361e-05
450 142.5 100 7.10361e-05
375 190 100 0.000118274
450 190 100 0.000118274
450 142.5 100 7.10361e-05
525 142.5 100 8.71293e-05
450 190 100 0.000118274
525 190 100.001 0.000639921
525 142.5 100 8.71293e-05
600 142.5 100 2.02184e-05
525 190 100.001 0.000639921
600 190 100 0.000143353
600 142.5 100 2.02184e-05
675 142.5 100.001 0.00083262
600 190 100 0.000143353
675 190 100.001 0.000944669
675 142.5 100.001 0.00083262
750 142.5 100.001 0.00083262
675 190 100.001 0.000944669
750 190 100.001 0.000944669
750 142.5 100.001 0.00083262
825 142.5 100.001 0.000778157
750 190 100.001 0.000944669
825 190 100.001 0.000521848
825 142.5 100.001 0.000778157
900 142.5 100.001 0.000870012
825 190 100.001 0.000521848
900 190 100 0.000414662
0 190 100.001 0.000978618
75 190 100.001 0.000799159
0 237.5 100.001 0.000978618
75 237.5 100.001 0.000799159
75 190 100.001 0.000799159
150 190 100.001 0.000799159
75 237.5 100.001 0.000799159
150 237.5 100.001 0.000799159
150 190 100.001 0.000799159
225 190 100 0.000461479
150 237.5 100.001 0.000799159
225 237.5 100 0.000461479
225 190 100 0.000461479
300 190 100.001 0.000780529
225 237.5 100 0.000461479
300 237.5 100.001 0.000780529
300 190 100.001 0.000780529
375 190 100 0.000118274
300 237.5 100.001 0.000780529
375 237.5 100 0.000118274
375 190 100 0.000118274
450 190 100 0.000118274
375 237.5 100 0.000118274
450 237.5 100 0.000118274
450 190 100 0.000118274
525 190 100.001 0.000639921
450 237.5 100 0.000118274
525 237.5 100.001 0.000639921
525 190 100.001 0.000639921
600 190 100 0.000143353
525 237.5 100.001 0.000639921
600 237.5 100 0.000143353
600 190 100 0.000143353
675 190 100.001 0.000944669
600 237.5 100 0.000143353
675 237.5 100.001 0.000944669
675 190 100.001 0.000944669
750 190 100.001 0.000944669
675 237.5 100.001 0.000944669
750 237.5 100.001 0.000944669
750 190 100.001 0.000944669
825 190 100.001 0.000521848
750 237.5 100.001 0.000944669
825 237.5 100.001 0.000521848
825 190 100.001 0.000521848
900 190 100 0.000414662
825 237.5 100.001 0.000521848
900 237.5 100 0.000414662
0 237.5 100.001 0.000978618
75 237.5 100.001 0.000799159
0 285 100 0.000264556
75 285 100.001 0.000774234
75 237.5 100.001 0.000799159
150 237.5 100.001 0.000799159
75 285 100.001 0.000774234
150 285 100.001 0.000774234
150 237.5 100.001 0.000799159
225 237.5 100 0.000461479
150 285 100.001 0.000774234
225 285 100 0.00045615
225 237.5 100 0.000461479
300 237.5 100.001 0.000780529
225 285 100 0.00045615
300 285 100.001 0.000568434
300 237.5 100.001 0.000780529
375 237.5 100 0.000118274
300 285 100.001 0.000568434
375 285 100 1.87898e-05
375 237.5 100 0.000118274
450 237.5 100 0.000118274
375 285 100 1.87898e-05
450 285 100 1.87898e-05
450 237.5 100 0.000118274
525 237.5 100.001 0.000639921
450 285 100 1.87898e-05
525 285 100.001 0.000617635
525 237.5 100.001 0.000639921
600 237.5 100 0.000143353
525 285 100.001 0.000617635
600 285 100.001 0.000612096
600 237.5 100 0.000143353
675 237.5 100.001 0.000944669
600 285 100.001 0.000612096
675 285 100.001 0.000616934
675 237.5 100.001 0.000944669
750 237.5 100.001 0.000944669
675 285 100.001 0.000616934
750 285 100.001 0.000616934
750 237.5 100.001 0.000944669
825 237.5 100.001 0.000521848
750 285 100.001 0.000616934
825 285 100.001 0.000943748
825 237.5 100.001 0.000521848
900 237.5 100 0.000414662
825 285 100.001 0.000943748
900 285 100.001 0.00068182
0 285 100 0.000264556
75 285 100.001 0.000774234
0 332.5 100 0.000264556
75 332.5 100.001 0.000774234
75 285 100.001 0.000774234
150 285 100.001 0.000774234
75 332.5 100.001 0.000774234
150 332.5 100.001 0.000774234
150 285 100.001 0.000774234
225 285 100 0.00045615
150 332.5 100.001 0.000774234
225 332.5 100 0.00045615
225 285 100 0.00045615
300 285 100.001 0.000568434
225 332.5 100 0.00045615
300 332.5 100.001 0.000568434
300 285 100.001 0.000568434
375 285 100 1.87898e-05
300 332.5 100.001 0.000568434
375 332.5 100 1.87898e-05
375 285 100 1.87898e-05
450 285 100 1.87898e-05
375 332.5 100 1.87898e-05
450 332.5 100 1.87898e-05
450 285 100 1.87898e-05
525 285 100.001 0.000617635
450 332.5 100 1.87898e-05
525 332.5 100.001 0.000617635
525 285 100.001 0.000617635
600 285 100.001 0.000612096
525 332.5 100.001 0.000617635
600 332.5 100.001 0.000612096
600 285 100.001 0.000612096
675 285 100.001 0.000616934
600 332.5 100.001 0.000612096
675 332.5 100.001 0.000616934
675 285 100.001 0.000616934
750 285 100.001 0.000616934
675 332.5 100.001 0.000616934
750 332.5 100.001 0.000616934
750 285 100.001 0.000616934
825 285 100.001 0.000943748
750 332.5 100.001 0.000616934
825 332.5 100.001 0.000943748
825 285 100.001 0.000943748
900 285 100.001 0.00068182
825 332.5 100.001 0.000943748
900 332.5 100.001 0.00068182
0 332.5 100 0.000264556
75 332.5 100.001 0.000774234
0 380 100 0.000359508
75 380 100 0.000437032
75 332.5 100.001 0.000774234
150 332.5 100.001 0.000774234
75 380 100 0.000437032
150 380 100 0.000437032
150 332.5 100.001 0.000774234
225 332.5 100 0.00045615
150 380 100 0.000437032
225 380 100.001 0.000697631
225 332.5 100 0.00045615
300 332.5 100.001 0.000568434
225 380 100.001 0.000697631
300 380 100 6.02255e-05
300 332.5 100.001 0.000568434
375 332.5 100 1.87898e-05
300 380 100 6.02255e-05
375 380 100.001 0.000666767
375 332.5 100 1.87898e-05
450 332.5 100 1.87898e-05
375 380 100.001 0.000666767
450 380 100.001 0.000666767
450 332.5 100 1.87898e-05
525 332.5 100.001 0.000617635
450 380 100.001 0.000666767
525 380 100.001 0.000670638
525 332.5 100.001 0.000617635
600 332.5 100.001 0.000612096
525 380 100.001 0.000670638
600 380 100 0.000210383
600 332.5 100.001 0.000612096
675 332.5 100.001 0.000616934
600 380 100 0.000210383
675 380 100 0.000128926
675 332.5 100.001 0.000616934
750 332.5 100.001 0.000616934
675 380 100 0.000128926
750 380 100 0.000128926
750 332.5 100.001 0.000616934
825 332.5 100.001 0.000943748
750 380 100 0.000128926
825 380 100 0.000315428
825 332.5 100.001 0.000943748
900 332.5 100.001 0.00068182
825 380 100 0.000315428
900 380 100 0.000363711
0 380 100 0.000359508
75 380 100 0.000437032
0 427.5 100 0.000359508
75 427.5 100 0.000437032
75 380 100 0.000437032
150 380 100 0.000437032
75 427.5 100 0.000437032
150 427.5 100 0.000437032
150 380 100 0.000437032
225 380 100.001 0.000697631
150 427.5 100 0.000437032
225 427.5 100.001 0.000697631
225 380 100.001 0.000697631
300 380 100 6.02255e-05
225 427.5 100.001 0.000697631
300 427.5 100 6.02255e-05
300 380 100 6.02255e-05
375 380 100.001 0.000666767
300 427.5 100 6.02255e-05
375 427.5 100.001 0.000666767
375 380 100.001 0.000666767
450 380 100.001 0.000666767
375 427.5 100.001 0.000666767
450 427.5 100.001 0.000666767
450 380 100.001 0.000666767
525 380 100.001 0.000670638
450 427.5 100.001 0.000666767
525 427.5 100.001 0.000670638
525 380 100.001 0.000670638
600 380 100 0.000210383
525 427.5 100.001 0.000670638
600 427.5 100 0.000210383
600 380 100 0.000210383
675 380 100 0.000128926
600 427.5 100 0.000210383
675 427.5 100 0.000128926
675 380 100 0.000128926
750 380 100 0.000128926
675 427.5 100 0.000128926
750 427.5 100 0.000128926
750 380 100 0.000128926
825 380 100 0.000315428
750 427.5 100 0.000128926
825 427.5 100 0.000315428
825 380 100 0.000315428
900 380 100 0.000363711
825 427.5 100 0.000315428
900 427.5 100 0.000363711
0 427.5 100 0.000359508
75 427.5 100 0.000437032
0 475 100.001 0.000570197
75 475 100 0.000438602
75 427.5 100 0.000437032
150 427.5 100 0.000437032
75 475 100 0.000438602
150 475 100 0.000438602
150 427.5 100 0.000437032
225 427.5 100.001 0.000697631
150 475 100 0.000438602
225 475 100.001 0.000988374
225 427.5 100.001 0.000697631
300 427.5 100 6.02255e-05
225 475 100.001 0.000988374
300 475 100 0.000102045
300 427.5 100 6.02255e-05
375 427.5 100.001 0.000666767
300 475 100 0.000102045
375 475 100 0.000208877
375 427.5 100.001 0.000666767
450 427.5 100.001 0.000666767
375 475 100 0.000208877
450 475 100 0.000208877
450 427.5 100.001 0.000666767
525 427.5 100.001 0.000670638
450 475 100 0.000208877
525 475 100 0.00016131
525 427.5 100.001 0.000670638
600 427.5 100 0.000210383
525 475 100 0.00016131
600 475 100.001 0.000653108
600 427.5 100 0.000210383
675 427.5 100 0.000128926
600 475 100.001 0.000653108
675 475 100 0.000253292
675 427.5 100 0.000128926
750 427.5 100 0.000128926
675 475 100 0.000253292
750 475 100 0.000253292
750 427.5 100 0.000128926
825 427.5 100 0.000315428
750 475 100 0.000253292
825 475 100 0.000466311
825 427.5 100 0.000315428
900 427.5 100 0.000363711
825 475 100 0.000466311
900 475 100 0.000244426
0 475 100.001 0.000570197
75 475 100 0.000438602
0 522.5 100.001 0.000570197
75 522.5 100 0.000438602
75 475 100 0.000438602
150 475 100 0.000438602
75 522.5 100 0.000438602
150 522.5 100 0.000438602
150 475 100 0.000438602
225 475 100.001 0.000988374
150 522.5 100 0.000438602
225 522.5 100.001 0.000988374
225 475 100.001 0.000988374
300 475 100 0.000102045
225 522.5 100.001 0.000988374
300 522.5 100 0.000102045
300 475 100 0.000102045
375 475 100 0.000208877
300 522.5 100 0.000102045
375 522.5 100 0.000208877
375 475 100 0.000208877
450 475 100 0.000208877
375 522.5 100 0.000208877
450 522.5 100 0.000208877
450 475 100 0.000208877
525 475 100 0.00016131
450 522.5 100 0.000208877
525 522.5 100 0.00016131
525 475 100 0.00016131
600 475 100.001 0.000653108
525 522.5 100 0.00016131
600 522.5 100.001 0.000653108
600 475 100.001 0.000653108
675 475 100 0.000253292
600 522.5 100.001 0.000653108
675 522.5 100 0.000253292
675 475 100 0.000253292
750 475 100 0.000253292
675 522.5 100 0.000253292
750 522.5 100 0.000253292
750 475 100 0.000253292
825 475 100 0.000466311
750 522.5 100 0.000253292
825 522.5 100 0.000466311
825 475 100 0.000466311
900 475 100 0.000244426
825 522.5 100 0.000466311
900 522.5 100 0.000244426
0 522.5 100.001 0.000570197
75 522.5 100 0.000438602
0 570 100 0.00015897
75 570 100 0.000110375
75 522.5 100 0.000438602
150 522.5 100 0.000438602
75 570 100 0.000110375
150 570 100 0.000110375
150 522.5 100 0.000438602
225 522.5 100.001 0.000988374
150 570 100 0.000110375
225 570 100.001 0.00065633
225 522.5 100.001 0.000988374
300 522.5 100 0.000102045
225 570 100.001 0.00065633
300 570 100 0.000138183
300 522.5 100 0.000102045
375 522.5 100 0.000208877
300 570 100 0.000138183
375 570 100 0.000196582
375 522.5 100 0.000208877
450 522.5 100 0.000208877
375 570 100 0.000196582
450 570 100 0.000196582
450 522.5 100 0.000208877
525 522.5 100 0.00016131
450 570 100 0.000196582
525 570 100 0.000368725
525 522.5 100 0.00016131
600 522.5 100.001 0.000653108
525 570 100 0.000368725
600 570 100.001 0.000820993
600 522.5 100.001 0.000653108
675 522.5 100 0.000253292
600 570 100.001 0.000820993
675 570 100 9.71013e-05
675 522.5 100 0.000253292
750 522.5 100 0.000253292
675 570 100 9.71013e-05
750 570 100 9.71013e-05
750 522.5 100 0.000253292
825 522.5 100 0.000466311
750 570 100 9.71013e-05
825 570 100.001 0.000837945
825 522.5 100 0.000466311
900 522.5 100 0.000244426
825 570 100.001 0.000837945
900 570 100 9.60984e-05
0 570 100 0.00015897
75 570 100 0.000110375
0 617.5 100 0.00015897
75 617.5 100 0.000110375
75 570 100 0.000110375
150 570 100 0.000110375
75 617.5 100 0.000110375
150 617.5 100 0.000110375
150 570 100 0.000110375
225 570 100.001 0.00065633
150 617.5 100 0.000110375
225 617.5 100.001 0.00065633
225 570 100.001 0.00065633
300 570 100 0.000138183
225 617.5 100.001 0.00065633
300 617.5 100 0.000138183
300 570 100 0.000138183
375 570 100 0.000196582
300 617.5 100 0.000138183
375 617.5 100 0.000196582
375 570 100 0.000196582
450 570 100 0.000196582
375 617.5 100 0.000196582
450 617.5 100 0.000196582
450 570 100 0.000196582
525 570 100 0.000368725
450 617.5 100 0.000196582
525 617.5 100 0.000368725
525 570 100 0.000368725
600 570 100.001 0.000820993
525 617.5 100 0.000368725
600 617.5 100.001 0.000820993
600 570 100.001 0.000820993
675 570 100 9.71013e-05
600 617.5 100.001 0.000820993
675 617.5 100 9.71013e-05
675 570 100 9.71013e-05
750 570 100 9.71013e-05
675 617.5 100 9.71013e-05
750 617.5 100 9.71013e-05
750 570 100 9.71013e-05
825 570 100.001 0.000837945
750 617.5 100 9.71013e-05
825 617.5 100.001 0.000837945
825 570 100.001 0.000837945
900 570 100 9.60984e-05
825 617.5 100.001 0.000837945
900 617.5 100 9.60984e-05
0 617.5 100 0.00015897
75 617.5 100 0.000110375
0 665 100.001 0.000976459
75 665 100 0.000468651
75 617.5 100 0.000110375
150 617.5 100 0.000110375
75 665 100 0.000468651
150 665 100 0.000468651
150 617.5 100 0.000110375
225 617.5 100.001 0.00065633
150 665 100 0.000468651
225 665 100.001 0.000976761
225 617.5 100.001 0.00065633
300 617.5 100 0.000138183
225 665 100.001 0.000976761
300 665 100.001 0.000604846
300 617.5 100 0.000138183
375 617.5 100 0.000196582
300 665 100.001 0.000604846
375 665 100.001 0.000739264
375 617.5 100 0.000196582
450 617.5 100 0.000196582
375 665 100.001 0.000739264
450 665 100.001 0.000739264
450 617.5 100 0.000196582
525 617.5 100 0.000368725
450 665 100.001 0.000739264
525 665 100 3.91878e-05
525 617.5 100 0.000368725
600 617.5 100.001 0.000820993
525 665 100 3.91878e-05
600 665 100 0.000282807
600 617.5 100.001 0.000820993
675 617.5 100 9.71013e-05
600 665 100 0.000282807
675 665 100 0.000120197
675 617.5 100 9.71013e-05
750 617.5 100 9.71013e-05
675 665 100 0.000120197
750 665 100 0.000120197
750 617.5 100 9.71013e-05
825 617.5 100.001 0.000837945
750 665 100 0.000120197
825 665 100 0.00029614
825 617.5 100.001 0.000837945
900 617.5 100 9.60984e-05
825 665 100 0.00029614
900 665 100 0.000118728
0 665 100.001 0.000976459
75 665 100 0.000468651
0 712.5 100.001 0.000976459
75 712.5 100 0.000468651
75 665 100 0.000468651
150 665 100 0.000468651
75 712.5 100 0.000468651
150 712.5 100 0.000468651
150 665 100 0.000468651
225 665 100.001 0.000976761
150 712.5 100 0.000468651
225 712.5 100.001 0.000976761
225 665 100.001 0.000976761
300 665 100.001 0.000604846
225 712.5 100.001 0.000976761
300 712.5 100.001 0.000604846
300 665 100.001 0.000604846
375 665 100.001 0.000739264
300 712.5 100.001 0.000604846
375 712.5 100.001 0.000739264
375 665 100.001 0.000739264
450 665 100.001 0.000739264
375 712.5 100.001 0.000739264
450 712.5 100.001 0.000739264
450 665 100.001 0.000739264
525 665 100 3.91878e-05
450 712.5 100.001 0.000739264
525 712.5 100 3.91878e-05
525 665 100 3.91878e-05
600 665 100 0.000282807
525 712.5 100 3.91878e-05
600 712.5 100 0.000282807
600 665 100 0.000282807
675 665 100 0.000120197
600 712.5 100 0.000282807
675 712.5 100 0.000120197
675 665 100 0.000120197
750 665 100 0.000120197
675 712.5 100 0.000120197
750 712.5 100 0.000120197
750 665 100 0.000120197
825 665 100 0.00029614
750 712.5 100 0.000120197
825 712.5 100 0.00029614
825 665 100 0.00029614
900 665 100 0.000118728
825 712.5 100 0.00029614
900 712.5 100 0.000118728
0 712.5 100.001 0.000976459
75 712.5 100 0.000468651
0 760 100 0.000317983
75 760 100 0.000414263
75 712.5 100 0.000468651
150 712.5 100 0.000468651
75 760 100 0.000414263
150 760 100 0.000414263
150 712.5 100 0.000468651
225 712.5 100.001 0.000976761
150 760 100 0.000414263
225 760 100 6.41475e-05
225 712.5 100.001 0.000976761
300 712.5 100.001 0.000604846
225 760 100 6.41475e-05
300 760 100.001 0.000692472
300 712.5 100.001 0.000604846
375 712.5 100.001 0.000739264
300 760 100.001 0.000692472
375 760 100.001 0.000566601
375 712.5 100.001 0.000739264
450 712.5 100.001 0.000739264
375 760 100.001 0.000566601
450 760 100.001 0.000566601
450 712.5 100.001 0.000739264
525 712.5 100 3.91878e-05
450 760 100.001 0.000566601
525 760 100 0.000265389
525 712.5 100 3.91878e-05
600 712.5 100 0.000282807
525 760 100 0.000265389
600 760 100.001 0.000523248
600 712.5 100 0.000282807
675 712.5 100 0.000120197
600 760 100.001 0.000523248
675 760 100 9.39405e-05
675 712.5 100 0.000120197
750 712.5 100 0.000120197
675 760 100 9.39405e-05
750 760 100 9.39405e-05
750 712.5 100 0.000120197
825 712.5 100 0.00029614
750 760 100 9.39405e-05
825 760 100.001 0.000575946
825 712.5 100 0.00029614
900 712.5 100 0.000118728
825 760 100.001 0.000575946
900 760 100.001 0.000929296
0 760 100 0.000317983
75 760 100 0.000414263
0 807.5 100 0.000317983
75 807.5 100 0.000414263
75 760 100 0.000414263
150 760 100 0.000414263
75 807.5 100 0.000414263
150 807.5 100 0.000414263
150 760 100 0.000414263
225 760 100 6.41475e-05
150 807.5 100 0.000414263
225 807.5 100 6.41475e-05
225 760 100 6.41475e-05
300 760 100.001 0.000692472
225 807.5 100 6.41475e-05
300 807.5 100.001 0.000692472
300 760 100.001 0.000692472
375 760 100.001 0.000566601
300 807.5 100.001 0.000692472
375 807.5 100.001 0.000566601
375 760 100.001 0.000566601
450 760 100.001 0.000566601
375 807.5 100.001 0.000566601
450 807.5 100.001 0.000566601
450 760 100.001 0.000566601
525 760 100 0.000265389
450 807.5 100.001 0.000566601
525 807.5 100 0.000265389
525 760 100 0.000265389
600 760 100.001 0.000523248
525 807.5 100 0.000265389
600 807.5 100.001 0.000523248
600 760 100.001 0.000523248
675 760 100 9.39405e-05
600 807.5 100.001 0.000523248
675 807.5 100 9.39405e-05
675 760 100 9.39405e-05
750 760 100 9.39405e-05
675 807.5 100 9.39405e-05
750 807.5 100 9.39405e-05
750 760 100 9.39405e-05
825 760 100.001 0.000575946
750 807.5 100 9.39405e-05
825 807.5 100.001 0.000575946
825 760 100.001 0.000575946
900 760 100.001 0.000929296
825 807.5 100.001 0.000575946
900 807.5 100.001 0.000929296
0 807.5 100 0.000317983
75 807.5 100 0.000414263
0 855 100 0.000318569
75 855 100.001 0.00066741
75 807.5 100 0.000414263
150 807.5 100 0.000414263
75 855 100.001 0.00066741
150 855 100.001 0.00066741
150 807.5 100 0.000414263
225 807.5 100 6.41475e-05
150 855 100.001 0.00066741
225 855 100 0.000131798
225 807.5 100 6.41475e-05
300 807.5 100.001 0.000692472
225 855 100 0.000131798
300 855 100.001 0.000716327
300 807.5 100.001 0.000692472
375 807.5 100.001 0.000566601
300 855 100.001 0.000716327
375 855 100 0.000289406
375 807.5 100.001 0.000566601
450 807.5 100.001 0.000566601
375 855 100 0.000289406
450 855 100 0.000289406
450 807.5 100.001 0.000566601
525 807.5 100 0.000265389
450 855 100 0.000289406
525 855 100 0.000183191
525 807.5 100 0.000265389
600 807.5 100.001 0.000523248
525 855 100 0.000183191
600 855 100.001 0.000586513
600 807.5 100.001 0.000523248
675 807.5 100 9.39405e-05
600 855 100.001 0.000586513
675 855 100 2.01075e-05
675 807.5 100 9.39405e-05
750 807.5 100 9.39405e-05
675 855 100 2.01075e-05
750 855 100 2.01075e-05
750 807.5 100 9.39405e-05
825 807.5 100.001 0.000575946
750 855 100 2.01075e-05
825 855 100.001 0.00082894
825 807.5 100.001 0.000575946
900 807.5 100.001 0.000929296
825 855 100.001 0.00082894
900 855 100 4.69548e-06
0 855 100 0.000318569
75 855 100.001 0.00066741
0 902.5 100 0.000318569
75 902.5 100.001 0.00066741
75 855 100.001 0.00066741
150 855 100.001 0.00066741
75 902.5 100.001 0.00066741
150 902.5 100.001 0.00066741
150 855 100.001 0.00066741
225 855 100 0.000131798
150 902.5 100.001 0.00066741
225 902.5 100 0.000131798
225 855 100 0.000131798
300 855 100.001 0.000716327
225 902.5 100 0.000131798
300 902.5 100.001 0.000716327
300 855 100.001 0.000716327
375 855 100 0.000289406
300 902.5 100.001 0.000716327
375 902.5 100 0.000289406
375 855 100 0.000289406
450 855 100 0.000289406
375 902.5 100 0.000289406
450 902.5 100 0.000289406
450 855 100 0.000289406
525 855 100 0.000183191
450 902.5 100 0.000289406
525 902.5 100 0.000183191
525 855 100 0.000183191
600 855 100.001 0.000586513
525 902.5 100 0.000183191
600 902.5 100.001 0.000586513
600 855 100.001 0.000586513
675 855 100 2.01075e-05
600 902.5 100.001 0.000586513
675 902.5 100 2.01075e-05
675 855 100 2.01075e-05
750 855 100 2.01075e-05
675 902.5 100 2.01075e-05
750 902.5 100 2.01075e-05
750 855 100 2.01075e-05
825 855 100.001 0.00082894
750 902.5 100 2.01075e-05
825 902.5 100.001 0.00082894
825 855 100.001 0.00082894
900 855 100 4.69548e-06
825 902.5 100.001 0.00082894
900 902.5 100 4.69548e-06
0 902.5 100 0.000318569
75 902.5 100.001 0.00066741
0 950 100 0
75 950 100 0
75 902.5 100.001 0.00066741
150 902.5 100.001 0.00066741
75 950 100 0
150 950 100 0
150 902.5 100.001 0.00066741
225 902.5 100 0.000131798
150 950 100 0
225 950 100 0
225 902.5 100 0.000131798
300 902.5 100.001 0.000716327
225 950 100 0
300 950 100 0
300 902.5 100.001 0.000716327
375 902.5 100 0.000289406
300 950 100 0
375 950 100 0
375 902.5 100 0.000289406
450 902.5 100 0.000289406
375 950 100 0
450 950 100 0
450 902.5 100 0.000289406
525 902.5 100 0.000183191
450 950 100 0
525 950 100 0
525 902.5 100 0.000183191
600 902.5 100.001 0.000586513
525 950 100 0
600 950 100 0
600 902.5 100.001 0.000586513
675 902.5 100 2.01075e-05
600 950 100 0
675 950 100 0
675 902.5 100 2.01075e-05
750 902.5 100 2.01075e-05
675 950 100 0
750 950 100 0
750 902.5 100 2.01075e-05
825 902.5 100.001 0.00082894
750 950 100 0
825 950 100 0
825 902.5 100.001 0.00082894
900 902.5 100 4.69548e-06
825 950 100 0
900 950 100 0
0 950 100 0
75 950 100 0
0 997.5 100.001 0.000677817
75 997.5 100 0.000270008
75 950 100 0
150 950 100 0
75 997.5 100 0.000270008
150 997.5 100 0.000270008
150 950 100 0
225 950 100 0
150 997.5 100 0.000270008
225 997.5 100.001 0.000735194
225 950 100 0
300 950 100 0
225 997.5 100.001 0.000735194
300 997.5 100.001 0.000962189
300 950 100 0
375 950 100 0
300 997.5 100.001 0.000962189
375 997.5 100 0.000248753
375 950 100 0
450 950 100 0
375 997.5 100 0.000248753
450 997.5 100 0.000248753
450 950 100 0
525 950 100 0
450 997.5 100 0.000248753
525 997.5 100.001 0.000576157
525 950 100 0
600 950 100 0
525 997.5 100.001 0.000576157
600 997.5 100.001 0.000592042
600 950 100 0
675 950 100 0
600 997.5 100.001 0.000592042
675 997.5 100.001 0.000572252
675 950 100 0
750 950 100 0
675 997.5 100.001 0.000572252
750 997.5 100.001 0.000572252
750 950 100 0
825 950 100 0
750 997.5 100.001 0.000572252
825 997.5 100 0.000223082
825 950 100 0
900 950 100 0
825 997.5 100 0.000223082
900 997.5 100.001 0.000952749
0 997.5 100.001 0.000677817
75 997.5 100 0.000270008
0 1045 100.001 0.000677817
75 1045 100 0.000270008
75 997.5 100 0.000270008
150 997.5 100 0.000270008
75 1045 100 0.000270008
150 1045 100 0.000270008
150 997.5 100 0.000270008
225 997.5 100.001 0.000735194
150 1045 100 0.000270008
225 1045 100.001 0.000735194
225 997.5 100.001 0.000735194
300 997.5 100.001 0.000962189
225 1045 100.001 0.000735194
300 1045 100.001 0.000962189
300 997.5 100.001 0.000962189
375 997.5 100 0.000248753
300 1045 100.001 0.000962189
375 1045 100 0.000248753
375 997.5 100 0.000248753
450 997.5 100 0.000248753
375 1045 100 0.000248753
450 1045 100 0.000248753
450 997.5 100 0.000248753
525 997.5 100.001 0.000576157
450 1045 100 0.000248753
525 1045 100.001 0.000576157
525 997.5 100.001 0.000576157
600 997.5 100.001 0.000592042
525 1045 100.001 0.000576157
600 1045 100.001 0.000592042
600 997.5 100.001 0.000592042
675 997.5 100.001 0.000572252
600 1045 100.001 0.000592042
675 1045 100.001 0.000572252
675 997.5 100.001 0.000572252
750 997.5 100.001 0.000572252
675 1045 100.001 0.000572252
750 1045 100.001 0.000572252
750 997.5 100.001 0.000572252
825 997.5 100 0.000223082
750 1045 100.001 0.000572252
825 1045 100 0.000223082
825 997.5 100 0.000223082
900 997.5 100.001 0.000952749
825 1045 100 0.000223082
900 1045 100.001 0.000952749
0 1045 100.001 0.000677817
75 1045 100 0.000270008
0 1092.5 100 0.000447125
75 1092.5 100.001 0.000846409
75 1045 100 0.000270008
150 1045 100 0.000270008
75 1092.5 100.001 0.000846409
150 1092.5 100.001 0.000846409
150 1045 100 0.000270008
225 1045 100.001 0.000735194
150 1092.5 100.001 0.000846409
225 1092.5 100.001 0.000699479
225 1045 100.001 0.000735194
300 1045 100.001 0.000962189
225 1092.5 100.001 0.000699479
300 1092.5 100 0.000297437
300 1045 100.001 0.000962189
375 1045 100 0.000248753
300 1092.5 100 0.000297437
375 1092.5 100.001 0.000813798
375 1045 100 0.000248753
450 1045 100 0.000248753
375 1092.5 100.001 0.000813798
450 1092.5 100.001 0.000813798
450 1045 100 0.000248753
525 1045 100.001 0.000576157
450 1092.5 100.001 0.000813798
525 1092.5 100 0.000396506
525 1045 100.001 0.000576157
600 1045 100.001 0.000592042
525 1092.5 100 0.000396506
600 1092.5 100.001 0.000881103
600 1045 100.001 0.000592042
675 1045 100.001 0.000572252
600 1092.5 100.001 0.000881103
675 1092.5 100.001 0.000581273
675 1045 100.001 0.000572252
750 1045 100.001 0.000572252
675 1092.5 100.001 0.000581273
750 1092.5 100.001 0.000581273
750 1045 100.001 0.000572252
825 1045 100 0.000223082
750 1092.5 100.001 0.000581273
825 1092.5 100.001 0.000881735
825 1045 100 0.000223082
900 1045 100.001 0.000952749
825 1092.5 100.001 0.000881735
900 1092.5 100.001 0.000692532
0 1092.5 100 0.000447125
75 1092.5 100.001 0.000846409
0 1140 100 0.000447125
75 1140 100.001 0.000846409
75 1092.5 100.001 0.000846409
150 1092.5 100.001 0.000846409
75 1140 100.001 0.000846409
150 1140 100.001 0.000846409
150 1092.5 100.001 0.000846409
225 1092.5 100.001 0.000699479
150 1140 100.001 0.000846409
225 1140 100.001 0.000699479
225 1092.5 100.001 0.000699479
300 1092.5 100 0.000297437
225 1140 100.001 0.000699479
300 1140 100 0.000297437
300 1092.5 100 0.000297437
375 1092.5 100.001 0.000813798
300 1140 100 0.000297437
375 1140 100.001 0.000813798
375 1092.5 100.001 0.000813798
450 1092.5 100.001 0.000813798
375 1140 100.001 0.000813798
450 1140 100.001 0.000813798
450 1092.5 100.001 0.000813798
525 1092.5 100 0.000396506
450 1140 100.001 0.000813798
525 1140 100 0.000396506
525 1092.5 100 0.000396506
600 1092.5 100.001 0.000881103
525 1140 100 0.000396506
600 1140 100.001 0.000881103
600 1092.5 100.001 0.000881103
675 1092.5 100.001 0.000581273
600 1140 100.001 0.000881103
675 1140 100.001 0.000581273
675 1092.5 100.001 0.000581273
750 1092.5 100.001 0.000581273
675 1140 100.001 0.000581273
750 1140 100.001 0.000581273
750 1092.5 100.001 0.000581273
825 1092.5 100.001 0.000881735
750 1140 100.001 0.000581273
825 1140 100.001 0.000881735
825 1092.5 100.001 0.000881735
900 1092.5 100.001 0.000692532
825 1140 100.001 0.000881735
900 1140 100.001 0.000692532
0 1140 100 0.000447125
75 1140 100.001 0.000846409
0 1187.5 100.001 0.000725254
75 1187.5 100.001 0.000501324
75 1140 100.001 0.000846409
150 1140 100.001 0.000846409
75 1187.5 100.001 0.000501324
150 1187.5 100.001 0.000501324
150 1140 100.001 0.000846409
225 1140 100.001 0.000699479
150 1187.5 100.001 0.000501324
225 1187.5 100.001 0.000956084
225 1140 100.001 0.000699479
300 1140 100 0.000297437
225 1187.5 100.001 0.000956084
300 1187.5 100.001 0.00064399
300 1140 100 0.000297437
375 1140 100.001 0.000813798
300 1187.5 100.001 0.00064399
375 1187.5 100 0.000423855
375 1140 100.001 0.000813798
450 1140 100.001 0.000813798
375 1187.5 100 0.000423855
450 1187.5 100 0.000423855
450 1140 100.001 0.000813798
525 1140 100 0.000396506
450 1187.5 100 0.000423855
525 1187.5 100.001 0.000606393
525 1140 100 0.000396506
600 1140 100.001 0.000881103
525 1187.5 100.001 0.000606393
600 1187.5 100 1.91932e-05
600 1140 100.001 0.000881103
675 1140 100.001 0.000581273
600 1187.5 100 1.91932e-05
675 1187.5 100 0.000301575
675 1140 100.001 0.000581273
750 1140 100.001 0.000581273
675 1187.5 100 0.000301575
750 1187.5 100 0.000301575
750 1140 100.001 0.000581273
825 1140 100.001 0.000881735
750 1187.5 100 0.000301575
825 1187.5 100.001 0.000660174
825 1140 100.001 0.000881735
900 1140 100.001 0.000692532
825 1187.5 100.001 0.000660174
900 1187.5 100 0.000290078
0 1187.5 100.001 0.000725254
75 1187.5 100.001 0.000501324
0 1235 100.001 0.000725254
75 1235 100.001 0.000501324
75 1187.5 100.001 0.000501324
150 1187.5 100.001 0.000501324
75 1235 100.001 0.000501324
150 1235 100.001 0.000501324
150 1187.5 100.001 0.000501324
225 1187.5 100.001 0.000956084
150 1235 100.001 0.000501324
225 1235 100.001 0.000956084
225 1187.5 100.001 0.000956084
300 1187.5 100.001 0.00064399
225 1235 100.001 0.000956084
300 1235 100.001 0.00064399
300 1187.5 100.001 0.00064399
375 1187.5 100 0.000423855
300 1235 100.001 0.00064399
375 1235 100 0.000423855
375 1187.5 100 0.000423855
450 1187.5 100 0.000423855
375 1235 100 0.000423855
450 1235 100 0.000423855
450 1187.5 100 0.000423855
525 1187.5 100.001 0.000606393
450 1235 100 0.000423855
525 1235 100.001 0.000606393
525 1187.5 100.001 0.000606393
600 1187.5 100 1.91932e-05
525 1235 100.001 0.000606393
600 1235 100 1.91932e-05
600 1187.5 100 1.91932e-05
675 1187.5 100 0.000301575
600 1235 100 1.91932e-05
675 1235 100 0.000301575
675 1187.5 100 0.000301575
750 1187.5 100 0.000301575
675 1235 100 0.000301575
750 1235 100 0.000301575
750 1187.5 100 0.000301575
825 1187.5 100.001 0.000660174
750 1235 100 0.000301575
825 1235 100.001 0.000660174
825 1187.5 100.001 0.000660174
900 1187.5 100 0.000290078
825 1235 100.001 0.000660174
900 1235 100 0.000290078
0 1235 100.001 0.000725254
75 1235 100.001 0.000501324
0 1282.5 100.001 0.000618015
75 1282.5 100 0.000428769
75 1235 100.001 0.000501324
150 1235 100.001 0.000501324
75 1282.5 100 0.000428769
150 1282.5 100 0.000428769
150 1235 100.001 0.000501324
225 1235 100.001 0.000956084
150 1282.5 100 0.000428769
225 1282.5 100 0.000135474
225 1235 100.001 0.000956084
300 1235 100.001 0.00064399
225 1282.5 100 0.000135474
300 1282.5 100 0.000298282
300 1235 100.001 0.00064399
375 1235 100 0.000423855
300 1282.5 100 0.000298282
375 1282.5 100.001 0.000569965
375 1235 100 0.000423855
450 1235 100 0.000423855
375 1282.5 100.001 0.000569965
450 1282.5 100.001 0.000569965
450 1235 100 0.000423855
525 1235 100.001 0.000606393
450 1282.5 100.001 0.000569965
525 1282.5 100.001 0.000590873
525 1235 100.001 0.000606393
600 1235 100 1.91932e-05
525 1282.5 100.001 0.000590873
600 1282.5 100.001 0.000574325
600 1235 100 1.91932e-05
675 1235 100 0.000301575
600 1282.5 100.001 0.000574325
675 1282.5 100.001 0.000653201
675 1235 100 0.000301575
750 1235 100 0.000301575
675 1282.5 100.001 0.000653201
750 1282.5 100.001 0.000653201
750 1235 100 0.000301575
825 1235 100.001 0.000660174
750 1282.5 100.001 0.000653201
825 1282.5 100.001 0.000652103
825 1235 100.001 0.000660174
900 1235 100 0.000290078
825 1282.5 100.001 0.000652103
900 1282.5 100 0.000431418
0 1282.5 100.001 0.000618015
75 1282.5 100 0.000428769
0 1330 100.001 0.000618015
75 1330 100 0.000428769
75 1282.5 100 0.000428769
150 1282.5 100 0.000428769
75 1330 100 0.000428769
150 1330 100 0.000428769
150 1282.5 100 0.000428769
225 1282.5 100 0.000135474
150 1330 100 0.000428769
225 1330 100 0.000135474
225 1282.5 100 0.000135474
300 1282.5 100 0.000298282
225 1330 100 0.000135474
300 1330 100 0.000298282
300 1282.5 100 0.000298282
375 1282.5 100.001 0.000569965
300 1330 100 0.000298282
375 1330 100.001 0.000569965
375 1282.5 100.001 0.000569965
450 1282.5 100.001 0.000569965
375 1330 100.001 0.000569965
450 1330 100.001 0.000569965
450 1282.5 100.001 0.000569965
525 1282.5 100.001 0.000590873
450 1330 100.001 0.000569965
525 1330 100.001 0.000590873
525 1282.5 100.001 0.000590873
600 1282.5 100.001 0.000574325
525 1330 100.001 0.000590873
600 1330 100.001 0.000574325
600 1282.5 100.001 0.000574325
675 1282.5 100.001 0.000653201
600 1330 100.001 0.000574325
675 1330 100.001 0.000653201
675 1282.5 100.001 0.000653201
750 1282.5 100.001 0.000653201
675 1330 100.001 0.000653201
750 1330 100.001 0.000653201
750 1282.5 100.001 0.000653201
825 1282.5 100.001 0.000652103
750 1330 100.001 0.000653201
825 1330 100.001 0.000652103
825 1282.5 100.001 0.000652103
900 1282.5 100 0.000431418
825 1330 100.001 0.000652103
900 1330 100 0.000431418
0 1330 100.001 0.000618015
75 1330 100 0.000428769
0 1377.5 100.001 0.000896547
75 1377.5 100 0.000367562
75 1330 100 0.000428769
150 1330 100 0.000428769
75 1377.5 100 0.000367562
150 1377.5 100 0.000367562
150 1330 100 0.000428769
225 1330 100 0.000135474
150 1377.5 100 0.000367562
225 1377.5 100 0.000435865
225 1330 100 0.000135474
300 1330 100 0.000298282
225 1377.5 100 0.000435865
300 1377.5 100.001 0.000891923
300 1330 100 0.000298282
375 1330 100.001 0.000569965
300 1377.5 100.001 0.000891923
375 1377.5 100.001 0.000806194
375 1330 100.001 0.000569965
450 1330 100.001 0.000569965
375 1377.5 100.001 0.000806194
450 1377.5 100.001 0.000806194
450 1330 100.001 0.000569965
525 1330 100.001 0.000590873
450 1377.5 100.001 0.000806194
525 1377.5 100.001 0.000703889
525 1330 100.001 0.000590873
600 1330 100.001 0.000574325
525 1377.5 100.001 0.000703889
600 1377.5 100 0.000100227
600 1330 100.001 0.000574325
675 1330 100.001 0.000653201
600 1377.5 100 0.000100227
675 1377.5 100.001 0.000919483
675 1330 100.001 0.000653201
750 1330 100.001 0.000653201
675 1377.5 100.001 0.000919483
750 1377.5 100.001 0.000919483
750 1330 100.001 0.000653201
825 1330 100.001 0.000652103
750 1377.5 100.001 0.000919483
825 1377.5 100.001 0.000714241
825 1330 100.001 0.000652103
900 1330 100 0.000431418
825 1377.5 100.001 0.000714241
900 1377.5 100.001 0.000998847
0 1377.5 100.001 0.000896547
75 1377.5 100 0.000367562
0 1425 100.001 0.000896547
75 1425 100 0.000367562
75 1377.5 100 0.000367562
150 1377.5 100 0.000367562
75 1425 100 0.000367562
150 1425 100 0.000367562
150 1377.5 100 0.000367562
225 1377.5 100 0.000435865
150 1425 100 0.000367562
225 1425 100 0.000435865
225 1377.5 100 0.000435865
300 1377.5 100.001 0.000891923
225 1425 100 0.000435865
300 1425 100.001 0.000891923
300 1377.5 100.001 0.000891923
375 1377.5 100.001 0.000806194
300 1425 100.001 0.000891923
375 1425 100.001 0.000806194
375 1377.5 100.001 0.000806194
450 1377.5 100.001 0.000806194
375 1425 100.001 0.000806194
450 1425 100.001 0.000806194
450 1377.5 100.001 0.000806194
525 1377.5 100.001 0.000703889
450 1425 100.001 0.000806194
525 1425 100.001 0.000703889
525 1377.5 100.001 0.000703889
600 1377.5 100 0.000100227
525 1425 100.001 0.000703889
600 1425 100 0.000100227
600 1377.5 100 0.000100227
675 1377.5 100.001 0.000919483
600 1425 100 0.000100227
675 1425 100.001 0.000919483
675 1377.5 100.001 0.000919483
750 1377.5 100.001 0.000919483
675 1425 100.001 0.000919483
750 1425 100.001 0.000919483
750 1377.5 100.001 0.000919483
825 1377.5 100.001 0.000714241
750 1425 100.001 0.000919483
825 1425 100.001 0.000714241
825 1377.5 100.001 0.000714241
900 1377.5 100.001 0.000998847
825 1425 100.001 0.000714241
900 1425 100.001 0.000998847
0 1425 100.001 0.000896547
75 1425 100 0.000367562
0 1472.5 100 0.000149448
75 1472.5 100.001 0.000868126
75 1425 100 0.000367562
150 1425 100 0.000367562
75 1472.5 100.001 0.000868126
150 1472.5 100.001 0.000868126
150 1425 100 0.000367562
225 1425 100 0.000435865
150 1472.5 100.001 0.000868126
225 1472.5 100 0.000162493
225 1425 100 0.000435865
300 1425 100.001 0.000891923
225 1472.5 100 0.000162493
300 1472.5 100.001 0.00061556
300 1425 100.001 0.000891923
375 1425 100.001 0.000806194
300 1472.5 100.001 0.00061556
375 1472.5 100 0.00012382
375 1425 100.001 0.000806194
450 1425 100.001 0.000806194
375 1472.5 100 0.00012382
450 1472.5 100 0.00012382
450 1425 100.001 0.000806194
525 1425 100.001 0.000703889
450 1472.5 100 0.00012382
525 1472.5 100.001 0.000848008
525 1425 100.001 0.000703889
600 1425 100 0.000100227
525 1472.5 100.001 0.000848008
600 1472.5 100.001 0.000807319
600 1425 100 0.000100227
675 1425 100.001 0.000919483
600 1472.5 100.001 0.000807319
675 1472.5 100.001 0.000569101
675 1425 100.001 0.000919483
750 1425 100.001 0.000919483
675 1472.5 100.001 0.000569101
750 1472.5 100.001 0.000569101
750 1425 100.001 0.000919483
825 1425 100.001 0.000714241
750 1472.5 100.001 0.000569101
825 1472.5 100 0.000407183
825 1425 100.001 0.000714241
900 1425 100.001 0.000998847
825 1472.5 100 0.000407183
900 1472.5 100 6.9167e-05
0 1472.5 100 0.000149448
75 1472.5 100.001 0.000868126
0 1520 100 0.000149448
75 1520 100.001 0.000868126
75 1472.5 100.001 0.000868126
150 1472.5 100.001 0.000868126
75 1520 100.001 0.000868126
150 1520 100.001 0.000868126
150 1472.5 100.001 0.000868126
225 1472.5 100 0.000162493
150 1520 100.001 0.000868126
225 1520 100 0.000162493
225 1472.5 100 0.000162493
300 1472.5 100.001 0.00061556
225 1520 100 0.000162493
300 1520 100.001 0.00061556
300 1472.5 100.001 0.00061556
375 1472.5 100 0.00012382
300 1520 100.001 0.00061556
375 1520 100 0.00012382
375 1472.5 100 0.00012382
450 1472.5 100 0.00012382
375 1520 100 0.00012382
450 1520 100 0.00012382
450 1472.5 100 0.00012382
525 1472.5 100.001 0.000848008
450 1520 100 0.00012382
525 1520 100.001 0.000848008
525 1472.5 100.001 0.000848008
600 1472.5 100.001 0.000807319
525 1520 100.001 0.000848008
600 1520 100.001 0.000807319
600 1472.5 100.001 0.000807319
675 1472.5 100.001 0.000569101
600 1520 100.001 0.000807319
675 1520 100.001 0.000569101
675 1472.5 100.001 0.000569101
750 1472.5 100.001 0.000569101
675 1520 100.001 0.000569101
750 1520 100.001 0.000569101
750 1472.5 100.001 0.000569101
825 1472.5 100 0.000407183
750 1520 100.001 0.000569101
825 1520 100 0.000407183
825 1472.5 100 0.000407183
900 1472.5 100 6.9167e-05
825 1520 100 0.000407183
900 1520 100 6.9167e-05
0 1520 100 0.000149448
75 1520 100.001 0.000868126
0 1567.5 100.001 0.000697429
75 1567.5 100 0.000453543
75 1520 100.001 0.000868126
150 1520 100.001 0.000868126
75 1567.5 100 0.000453543
150 1567.5 100 0.000453543
150 1520 100.001 0.000868126
225 1520 100 0.000162493
150 1567.5 100 0.000453543
225 1567.5 100.001 0.000722056
225 1520 100 0.000162493
300 1520 100.001 0.00061556
225 1567.5 100.001 0.000722056
300 1567.5 100.001 0.000866382
300 1520 100.001 0.00061556
375 1520 100 0.00012382
300 1567.5 100.001 0.000866382
375 1567.5 100.001 0.000975522
375 1520 100 0.00012382
450 1520 100 0.00012382
375 1567.5 100.001 0.000975522
450 1567.5 100.001 0.000975522
450 1520 100 0.00012382
525 1520 100.001 0.000848008
450 1567.5 100.001 0.000975522
525 1567.5 100.001 0.000855803
525 1520 100.001 0.000848008
600 1520 100.001 0.000807319
525 1567.5 100.001 0.000855803
600 1567.5 100 1.17141e-05
600 1520 100.001 0.000807319
675 1520 100.001 0.000569101
600 1567.5 100 1.17141e-05
675 1567.5 100 0.000359978
675 1520 100.001 0.000569101
750 1520 100.001 0.000569101
675 1567.5 100 0.000359978
750 1567.5 100 0.000359978
750 1520 100.001 0.000569101
825 1520 100 0.000407183
750 1567.5 100 0.000359978
825 1567.5 100.001 0.000729991
825 1520 100 0.000407183
900 1520 100 6.9167e-05
825 1567.5 100.001 0.000729991
900 1567.5 100 0.00017163
0 1567.5 100.001 0.000697429
75 1567.5 100 0.000453543
0 1615 100.001 0.000697429
75 1615 100 0.000453543
75 1567.5 100 0.000453543
150 1567.5 100 0.000453543
75 1615 100 0.000453543
150 1615 100 0.000453543
150 1567.5 100 0.000453543
225 1567.5 100.001 0.000722056
150 1615 100 0.000453543
225 1615 100.001 0.000722056
225 1567.5 100.001 0.000722056
300 1567.5 100.001 0.000866382
225 1615 100.001 0.000722056
300 1615 100.001 0.000866382
300 1567.5 100.001 0.000866382
375 1567.5 100.001 0.000975522
300 1615 100.001 0.000866382
375 1615 100.001 0.000975522
375 1567.5 100.001 0.000975522
450 1567.5 100.001 0.000975522
375 1615 100.001 0.000975522
450 1615 100.001 0.000975522
450 1567.5 100.001 0.000975522
525 1567.5 100.001 0.000855803
450 1615 100.001 0.000975522
525 1615 100.001 0.000855803
525 1567.5 100.001 0.000855803
600 1567.5 100 1.17141e-05
525 1615 100.001 0.000855803
600 1615 100 1.17141e-05
600 1567.5 100 1.17141e-05
675 1567.5 100 0.000359978
600 1615 100 1.17141e-05
675 1615 100 0.000359978
675 1567.5 100 0.000359978
750 1567.5 100 0.000359978
675 1615 100 0.000359978
750 1615 100 0.000359978
750 1567.5 100 0.000359978
825 1567.5 100.001 0.000729991
750 1615 100 0.000359978
825 1615 100.001 0.000729991
825 1567.5 100.001 0.000729991
900 1567.5 100 0.00017163
825 1615 100.001 0.000729991
900 1615 100 0.00017163
0 1615 100.001 0.000697429
75 1615 100 0.000453543
0 1662.5 100.001 0.000521037
75 1662.5 100 5.4338e-05
75 1615 100 0.000453543
150 1615 100 0.000453543
75 1662.5 100 5.4338e-05
150 1662.5 100 5.4338e-05
150 1615 100 0.000453543
225 1615 100.001 0.000722056
150 1662.5 100 5.4338e-05
225 1662.5 100 0.000199997
225 1615 100.001 0.000722056
300 1615 100.001 0.000866382
225 1662.5 100 0.000199997
300 1662.5 100 1.85218e-05
300 1615 100.001 0.000866382
375 1615 100.001 0.000975522
300 1662.5 100 1.85218e-05
375 1662.5 100.001 0.000793698
375 1615 100.001 0.000975522
450 1615 100.001 0.000975522
375 1662.5 100.001 0.000793698
450 1662.5 100.001 0.000793698
450 1615 100.001 0.000975522
525 1615 100.001 0.000855803
450 1662.5 100.001 0.000793698
525 1662.5 100 0.000223925
525 1615 100.001 0.000855803
600 1615 100 1.17141e-05
525 1662.5 100 0.000223925
600 1662.5 100 0.000345352
600 1615 100 1.17141e-05
675 1615 100 0.000359978
600 1662.5 100 0.000345352
675 1662.5 100.001 0.000928081
675 1615 100 0.000359978
750 1615 100 0.000359978
675 1662.5 100.001 0.000928081
750 1662.5 100.001 0.000928081
750 1615 100 0.000359978
825 1615 100.001 0.000729991
750 1662.5 100.001 0.000928081
825 1662.5 100.001 0.000704414
825 1615 100.001 0.000729991
900 1615 100 0.00017163
825 1662.5 100.001 0.000704414
900 1662.5 100 3.18389e-05
0 1662.5 100.001 0.000521037
75 1662.5 100 5.4338e-05
0 1710 100.001 0.000521037
75 1710 100 5.4338e-05
75 1662.5 100 5.4338e-05
150 1662.5 100 5.4338e-05
75 1710 100 5.4338e-05
150 1710 100 5.4338e-05
150 1662.5 100 5.4338e-05
225 1662.5 100 0.000199997
150 1710 100 5.4338e-05
225 1710 100 0.000199997
225 1662.5 100 0.000199997
300 1662.5 100 1.85218e-05
225 1710 100 0.000199997
300 1710 100 1.85218e-05
300 1662.5 100 1.85218e-05
375 1662.5 100.001 0.000793698
300 1710 100 1.85218e-05
375 1710 100.001 0.000793698
375 1662.5 100.001 0.000793698
450 1662.5 100.001 0.000793698
375 1710 100.001 0.000793698
450 1710 100.001 0.000793698
450 1662.5 100.001 0.000793698
525 1662.5 100 0.000223925
450 1710 100.001 0.000793698
525 1710 100 0.000223925
525 1662.5 100 0.000223925
600 1662.5 100 0.000345352
525 1710 100 0.000223925
600 1710 100 0.000345352
600 1662.5 100 0.000345352
675 1662.5 100.001 0.000928081
600 1710 100 0.000345352
675 1710 100.001 0.000928081
675 1662.5 100.001 0.000928081
750 1662.5 100.001 0.000928081
675 1710 100.001 0.000928081
750 1710 100.001 0.000928081
750 1662.5 100.001 0.000928081
825 1662.5 100.001 0.000704414
750 1710 100.001 0.000928081
825 1710 100.001 0.000704414
825 1662.5 100.001 0.000704414
900 1662.5 100 3.18389e-05
825 1710 100.001 0.000704414
900 1710 100 3.18389e-05
0 1710 100.001 0.000521037
75 1710 100 5.4338e-05
0 1757.5 100 0.000164694
75 1757.5 100.001 0.000621478
75 1710 100 5.4338e-05
150 1710 100 5.4338e-05
75 1757.5 100.001 0.000621478
150 1757.5 100.001 0.000621478
150 1710 100 5.4338e-05
225 1710 100 0.000199997
150 1757.5 100.001 0.000621478
225 1757.5 100.001 0.000577229
225 1710 100 0.000199997
300 1710 100 1.85218e-05
225 1757.5 100.001 0.000577229
300 1757.5 100 0.000237893
300 1710 100 1.85218e-05
375 1710 100.001 0.000793698
300 1757.5 100 0.000237893
375 1757.5 100.001 0.000934214
375 1710 100.001 0.000793698
450 1710 100.001 0.000793698
375 1757.5 100.001 0.000934214
450 1757.5 100.001 0.000934214
450 1710 100.001 0.000793698
525 1710 100 0.000223925
450 1757.5 100.001 0.000934214
525 1757.5 100.001 0.000613966
525 1710 100 0.000223925
600 1710 100 0.000345352
525 1757.5 100.001 0.000613966
600 1757.5 100.001 0.000535633
600 1710 100 0.000345352
675 1710 100.001 0.000928081
600 1757.5 100.001 0.000535633
675 1757.5 100.001 0.00058991
675 1710 100.001 0.000928081
750 1710 100.001 0.000928081
675 1757.5 100.001 0.00058991
750 1757.5 100.001 0.00058991
750 1710 100.001 0.000928081
825 1710 100.001 0.000704414
750 1757.5 100.001 0.00058991
825 1757.5 100.001 0.000730122
825 1710 100.001 0.000704414
900 1710 100 3.18389e-05
825 1757.5 100.001 0.000730122
900 1757.5 100 0.000311945
0 1757.5 100 0.000164694
75 1757.5 100.001 0.000621478
0 1805 100 0.000164694
75 1805 100.001 0.000621478
75 1757.5 100.001 0.000621478
150 1757.5 100.001 0.000621478
75 1805 100.001 0.000621478
150 1805 100.001 0.000621478
150 1757.5 100.001 0.000621478
225 1757.5 100.001 0.000577229
150 1805 100.001 0.000621478
225 1805 100.001 0.000577229
225 1757.5 100.001 0.000577229
300 1757.5 100 0.000237893
225 1805 100.001 0.000577229
300 1805 100 0.000237893
300 1757.5 100 0.000237893
375 1757.5 100.001 0.000934214
300 1805 100 0.000237893
375 1805 100.001 0.000934214
375 1757.5 100.001 0.000934214
450 1757.5 100.001 0.000934214
375 1805 100.001 0.000934214
450 1805 100.001 0.000934214
450 1757.5 100.001 0.000934214
525 1757.5 100.001 0.000613966
450 1805 100.001 0.000934214
525 1805 100.001 0.000613966
525 1757.5 100.001 0.000613966
600 1757.5 100.001 0.000535633
525 1805 100.001 0.000613966
600 1805 100.001 0.000535633
600 1757.5 100.001 0.000535633
675 1757.5 100.001 0.00058991
600 1805 100.001 0.000535633
675 1805 100.001 0.00058991
675 1757.5 100.001 0.00058991
750 1757.5 100.001 0.00058991
675 1805 100.001 0.00058991
750 1805 100.001 0.00058991
750 1757.5 100.001 0.00058991
825 1757.5 100.001 0.000730122
750 1805 100.001 0.00058991
825 1805 100.001 0.000730122
825 1757.5 100.001 0.000730122
900 1757.5 100 0.000311945
825 1805 100.001 0.000730122
900 1805 100 0.000311945
0 1805 100 0.000164694
75 1805 100.001 0.000621478
0 1852.5 100 0.000398221
75 1852.5 100 0.000209844
75 1805 100.001 0.000621478
150 1805 100.001 0.000621478
75 1852.5 100 0.000209844
150 1852.5 100 0.000209844
150 1805 100.001 0.000621478
225 1805 100.001 0.000577229
150 1852.5 100 0.000209844
225 1852.5 100 0.000186193
225 1805 100.001 0.000577229
300 1805 100 0.000237893
225 1852.5 100 0.000186193
300 1852.5 100.001 0.000944372
300 1805 100 0.000237893
375 1805 100.001 0.000934214
300 1852.5 100.001 0.000944372
375 1852.5 100.001 0.000739551
375 1805 100.001 0.000934214
450 1805 100.001 0.000934214
375 1852.5 100.001 0.000739551
450 1852.5 100.001 0.000739551
450 1805 100.001 0.000934214
525 1805 100.001 0.000613966
450 1852.5 100.001 0.000739551
525 1852.5 100 0.000490459
525 1805 100.001 0.000613966
600 1805 100.001 0.000535633
525 1852.5 100 0.000490459
600 1852.5 100 0.000227415
600 1805 100.001 0.000535633
675 1805 100.001 0.00058991
600 1852.5 100 0.000227415
675 1852.5 100 0.000254356
675 1805 100.001 0.00058991
750 1805 100.001 0.00058991
675 1852.5 100 0.000254356
750 1852.5 100 0.000254356
750 1805 100.001 0.00058991
825 1805 100.001 0.000730122
750 1852.5 100 0.000254356
825 1852.5 100 5.80292e-05
825 1805 100.001 0.000730122
900 1805 100 0.000311945
825 1852.5 100 5.80292e-05
900 1852.5 100 0.000434417
0 1852.5 100 0.000398221
75 1852.5 100 0.000209844
0 1900 100 0.000398221
75 1900 100 0.000209844
75 1852.5 100 0.000209844
150 1852.5 100 0.000209844
75 1900 100 0.000209844
150 1900 100 0.000209844
150 1852.5 100 0.000209844
225 1852.5 100 0.000186193
150 1900 100 0.000209844
225 1900 100 0.000186193
225 1852.5 100 0.000186193
300 1852.5 100.001 0.000944372
225 1900 100 0.000186193
300 1900 100.001 0.000944372
300 1852.5 100.001 0.000944372
375 1852.5 100.001 0.000739551
300 1900 100.001 0.000944372
375 1900 100.001 0.000739551
375 1852.5 100.001 0.000739551
450 1852.5 100.001 0.000739551
375 1900 100.001 0.000739551
450 1900 100.001 0.000739551
450 1852.5 100.001 0.000739551
525 1852.5 100 0.000490459
450 1900 100.001 0.000739551
525 1900 100 0.000490459
525 1852.5 100 0.000490459
600 1852.5 100 0.000227415
525 1900 100 0.000490459
600 1900 100 0.000227415
600 1852.5 100 0.000227415
675 1852.5 100 0.000254356
600 1900 100 0.000227415
675 1900 100 0.000254356
675 1852.5 100 0.000254356
750 1852.5 100 0.000254356
675 1900 100 0.000254356
750 1900 100 0.000254356
750 1852.5 100 0.000254356
825 1852.5 100 5.80292e-05
750 1900 100 0.000254356
825 1900 100 5.80292e-05
825 1852.5 100 5.80292e-05
900 1852.5 100 0.000434417
825 1900 100 5.80292e-05
900 1900 100 0.000434417
