# x y z topography
0 0 1.00055 0.000548814
100 0 1.00072 0.000715189
0 100 1.00079 0.000791725
100 100 1.00114 0.00114203
100 0 1.00072 0.000715189
200 0 1.0006 0.000602763
100 100 1.00114 0.00114203
200 100 1.0013 0.00129682
200 0 1.0006 0.000602763
300 0 1.00054 0.000544883
200 100 1.0013 0.00129682
300 100 1.00138 0.00137948
300 0 1.00054 0.000544883
400 0 1.00042 0.000423655
300 100 1.00138 0.00137948
400 100 1.0014 0.00140386
0 100 1.00079 0.000791725
100 100 1.00114 0.00114203
0 200 1.00098 0.000978618
100 200 1.00157 0.00156861
100 100 1.00114 0.00114203
200 100 1.0013 0.00129682
100 200 1.00157 0.00156861
200 200 1.00196 0.00195997
200 100 1.0013 0.00129682
300 100 1.00138 0.00137948
200 200 1.00196 0.00195997
300 200 1.0022 0.00219591
300 100 1.00138 0.00137948
400 100 1.0014 0.00140386
300 200 1.0022 0.00219591
400 200 1.0023 0.00230013
0 200 1.00098 0.000978618
100 200 1.00157 0.00156861
0 300 1.00026 0.000264556
100 300 1.0018 0.00180206
100 200 1.00157 0.00156861
200 200 1.00196 0.00195997
100 300 1.0018 0.00180206
200 300 1.00257 0.00257221
400 0 1.00042 0.000423655
500 0 1.00065 0.000645894
400 100 1.0014 0.00140386
500 100 1.00145 0.00145276
500 0 1.00065 0.000645894
600 0 1.00044 0.000437587
500 100 1.00145 0.00145276
600 100 1.00139 0.00139049
400 100 1.0014 0.00140386
500 100 1.00145 0.00145276
400 200 1.0023 0.00230013
500 200 1.00231 0.00231144
500 100 1.00145 0.00145276
600 100 1.00139 0.00139049
500 200 1.00231 0.00231144
600 200 1.0022 0.00220255
200 200 1.00196 0.00195997
300 200 1.0022 0.00219591
200 300 1.00257 0.00257221
300 300 1.00299 0.00299063
300 200 1.0022 0.00219591
400 200 1.0023 0.00230013
300 300 1.00299 0.00299063
400 300 1.00317 0.00316992
0 300 1.00026 0.000264556
100 300 1.0018 0.00180206
0 400 1.00036 0.000359508
100 400 1.00221 0.00221489
100 300 1.0018 0.00180206
200 300 1.00257 0.00257221
100 400 1.00221 0.00221489
200 400 1.00323 0.00322592
200 300 1.00257 0.00257221
300 300 1.00299 0.00299063
200 400 1.00323 0.00322592
300 400 1.00379 0.00379344
300 300 1.00299 0.00299063
400 300 1.00317 0.00316992
300 400 1.00379 0.00379344
400 400 1.00404 0.00403757
600 0 1.00044 0.000437587
700 0 1.00089 0.000891773
600 100 1.00139 0.00139049
700 100 1.00139 0.00139284
700 0 1.00089 0.000891773
800 0 1.00096 0.000963663
700 100 1.00139 0.00139284
800 100 1.00122 0.00122251
600 100 1.00139 0.00139049
700 100 1.00139 0.00139284
600 200 1.0022 0.00220255
700 200 1.00196 0.00196381
700 100 1.00139 0.00139284
800 100 1.00122 0.00122251
700 200 1.00196 0.00196381
800 200 1.00147 0.0014679
400 200 1.0023 0.00230013
500 200 1.00231 0.00231144
400 300 1.00317 0.00316992
500 300 1.00317 0.00317113
500 200 1.00231 0.00231144
600 200 1.0022 0.00220255
500 300 1.00317 0.00317113
600 300 1.00299 0.0029915
600 200 1.0022 0.00220255
700 200 1.00196 0.00196381
600 300 1.00299 0.0029915
700 300 1.00259 0.00258613
700 200 1.00196 0.00196381
800 200 1.00147 0.0014679
700 300 1.00259 0.00258613
800 300 1.00188 0.00187921
400 300 1.00317 0.00316992
500 300 1.00317 0.00317113
400 400 1.00404 0.00403757
500 400 1.00403 0.00403177
500 300 1.00317 0.00317113
600 300 1.00299 0.0029915
500 400 1.00403 0.00403177
600 400 1.00378 0.00377586
600 300 1.00299 0.0029915
700 300 1.00259 0.00258613
600 400 1.00378 0.00377586
700 400 1.0032 0.00320063
700 300 1.00259 0.00258613
800 300 1.00188 0.00187921
700 400 1.0032 0.00320063
800 400 1.00219 0.00219356
0 400 1.00036 0.000359508
100 400 1.00221 0.00221489
0 500 1.00057 0.000570197
100 500 1.00269 0.00268756
100 400 1.00221 0.00221489
200 400 1.00323 0.00322592
100 500 1.00269 0.00268756
200 500 1.00391 0.00390849
200 400 1.00323 0.00322592
300 400 1.00379 0.00379344
200 500 1.00391 0.00390849
300 500 1.00461 0.00461015
300 400 1.00379 0.00379344
400 400 1.00404 0.00403757
300 500 1.00461 0.00461015
400 500 1.00491 0.00491328
0 500 1.00057 0.000570197
100 500 1.00269 0.00268756
0 600 1.00016 0.00015897
100 600 1.00308 0.00307538
100 500 1.00269 0.00268756
200 500 1.00391 0.00390849
100 600 1.00308 0.00307538
200 600 1.00459 0.00459079
200 500 1.00391 0.00390849
300 500 1.00461 0.00461015
200 600 1.00459 0.00459079
300 600 1.00544 0.0054368
300 500 1.00461 0.00461015
400 500 1.00491 0.00491328
300 600 1.00544 0.0054368
400 600 1.0058 0.00580005
400 400 1.00404 0.00403757
500 400 1.00403 0.00403177
400 500 1.00491 0.00491328
500 500 1.0049 0.00490109
500 400 1.00403 0.00403177
600 400 1.00378 0.00377586
500 500 1.0049 0.00490109
600 500 1.00457 0.00457116
0 600 1.00016 0.00015897
100 600 1.00308 0.00307538
0 700 1.00098 0.000976459
100 700 1.00369 0.00368595
100 600 1.00308 0.00307538
200 600 1.00459 0.00459079
100 700 1.00369 0.00368595
200 700 1.00532 0.00531769
200 600 1.00459 0.00459079
300 600 1.00544 0.0054368
200 700 1.00532 0.00531769
300 700 1.00628 0.00627807
300 600 1.00544 0.0054368
400 600 1.0058 0.00580005
300 700 1.00628 0.00627807
400 700 1.0067 0.00669834
0 700 1.00098 0.000976459
100 700 1.00369 0.00368595
0 800 1.00032 0.000317983
100 800 1.004 0.0039989
100 700 1.00369 0.00368595
200 700 1.00532 0.00531769
100 800 1.004 0.0039989
200 800 1.00599 0.00598549
200 700 1.00532 0.00531769
300 700 1.00628 0.00627807
200 800 1.00599 0.00598549
300 800 1.00711 0.00711117
300 700 1.00628 0.00627807
400 700 1.0067 0.00669834
300 800 1.00711 0.00711117
400 800 1.0076 0.00760096
600 400 1.00378 0.00377586
700 400 1.0032 0.00320063
600 500 1.00457 0.00457116
700 500 1.00383 0.00383358
700 400 1.0032 0.00320063
800 400 1.00219 0.00219356
700 500 1.00383 0.00383358
800 500 1.00255 0.00254698
400 500 1.00491 0.00491328
500 500 1.0049 0.00490109
400 600 1.0058 0.00580005
500 600 1.00578 0.00578452
500 500 1.0049 0.00490109
600 500 1.00457 0.00457116
500 600 1.00578 0.00578452
600 600 1.00539 0.00538711
600 500 1.00457 0.00457116
700 500 1.00383 0.00383358
600 600 1.00539 0.00538711
700 600 1.0045 0.00449779
700 500 1.00383 0.00383358
800 500 1.00255 0.00254698
700 600 1.0045 0.00449779
800 600 1.00294 0.00293625
400 600 1.0058 0.00580005
500 600 1.00578 0.00578452
400 700 1.0067 0.00669834
500 700 1.00668 0.0066834
500 600 1.00578 0.00578452
600 600 1.00539 0.00538711
500 700 1.00668 0.0066834
600 700 1.00623 0.00622889
400 700 1.0067 0.00669834
500 700 1.00668 0.0066834
400 800 1.0076 0.00760096
500 800 1.00759 0.00759196
500 700 1.00668 0.0066834
600 700 1.00623 0.00622889
500 800 1.00759 0.00759196
600 800 1.00709 0.00708747
800 0 1.00096 0.000963663
900 0 1.00038 0.000383442
800 100 1.00122 0.00122251
900 100 1.00087 0.000870012
800 100 1.00122 0.00122251
900 100 1.00087 0.000870012
800 200 1.00147 0.0014679
900 200 1.00041 0.000414662
800 200 1.00147 0.0014679
900 200 1.00041 0.000414662
800 300 1.00188 0.00187921
900 300 1.00068 0.00068182
800 300 1.00188 0.00187921
900 300 1.00068 0.00068182
800 400 1.00219 0.00219356
900 400 1.00036 0.000363711
800 400 1.00219 0.00219356
900 400 1.00036 0.000363711
800 500 1.00255 0.00254698
900 500 1.00024 0.000244426
800 500 1.00255 0.00254698
900 500 1.00024 0.000244426
800 600 1.00294 0.00293625
900 600 1.0001 9.60984e-05
600 600 1.00539 0.00538711
700 600 1.0045 0.00449779
600 700 1.00623 0.00622889
700 700 1.00521 0.00521175
700 600 1.0045 0.00449779
800 600 1.00294 0.00293625
700 700 1.00521 0.00521175
800 700 1.00343 0.00342742
600 700 1.00623 0.00622889
700 700 1.00521 0.00521175
600 800 1.00709 0.00708747
700 800 1.00597 0.00596525
700 700 1.00521 0.00521175
800 700 1.00343 0.00342742
700 800 1.00597 0.00596525
800 800 1.00407 0.00406939
800 600 1.00294 0.00293625
900 600 1.0001 9.60984e-05
800 700 1.00343 0.00342742
900 700 1.00012 0.000118728
800 700 1.00343 0.00342742
900 700 1.00012 0.000118728
800 800 1.00407 0.00406939
900 800 1.00093 0.000929296
0 800 1.00032 0.000317983
100 800 1.004 0.0039989
0 900 1.00032 0.000318569
100 900 1.00443 0.00443335
100 800 1.004 0.0039989
200 800 1.00599 0.00598549
100 900 1.00443 0.00443335
200 900 1.00668 0.00667757
200 800 1.00599 0.00598549
300 800 1.00711 0.00711117
200 900 1.00668 0.00667757
300 900 1.00795 0.00795094
300 800 1.00711 0.00711117
400 800 1.0076 0.00760096
300 900 1.00795 0.00795094
400 900 1.00851 0.00850685
0 900 1.00032 0.000318569
100 900 1.00443 0.00443335
0 1000 1.00068 0.000677817
100 1000 1.00497 0.00496748
100 900 1.00443 0.00443335
200 900 1.00668 0.00667757
100 1000 1.00497 0.00496748
200 1000 1.0074 0.0073964
200 900 1.00668 0.00667757
300 900 1.00795 0.00795094
200 1000 1.0074 0.0073964
300 1000 1.0088 0.00879622
300 900 1.00795 0.00795094
400 900 1.00851 0.00850685
300 1000 1.0088 0.00879622
400 1000 1.00941 0.00941163
400 800 1.0076 0.00760096
500 800 1.00759 0.00759196
400 900 1.00851 0.00850685
500 900 1.0085 0.00850149
500 800 1.00759 0.00759196
600 800 1.00709 0.00708747
500 900 1.0085 0.00850149
600 900 1.00794 0.00793716
0 1000 1.00068 0.000677817
100 1000 1.00497 0.00496748
0 1100 1.00045 0.000447125
100 1100 1.00539 0.00539183
100 1000 1.00497 0.00496748
200 1000 1.0074 0.0073964
100 1100 1.00539 0.00539183
200 1100 1.00809 0.00808977
200 1000 1.0074 0.0073964
300 1000 1.0088 0.00879622
200 1100 1.00809 0.00808977
300 1100 1.00963 0.00962711
300 1000 1.0088 0.00879622
400 1000 1.00941 0.00941163
300 1100 1.00963 0.00962711
400 1100 1.0103 0.0103009
0 1100 1.00045 0.000447125
100 1100 1.00539 0.00539183
0 1200 1.00073 0.000725254
100 1200 1.00589 0.00588912
100 1100 1.00539 0.00539183
200 1100 1.00809 0.00808977
100 1200 1.00589 0.00588912
200 1200 1.00877 0.00877184
200 1100 1.00809 0.00808977
300 1100 1.00963 0.00962711
200 1200 1.00877 0.00877184
300 1200 1.01043 0.0104265
300 1100 1.00963 0.00962711
400 1100 1.0103 0.0103009
300 1200 1.01043 0.0104265
400 1200 1.01115 0.0111519
600 800 1.00709 0.00708747
700 800 1.00597 0.00596525
600 900 1.00794 0.00793716
700 900 1.00666 0.0066587
700 800 1.00597 0.00596525
800 800 1.00407 0.00406939
700 900 1.00666 0.0066587
800 900 1.00438 0.00438469
400 900 1.00851 0.00850685
500 900 1.0085 0.00850149
400 1000 1.00941 0.00941163
500 1000 1.00941 0.00940855
500 900 1.0085 0.00850149
600 900 1.00794 0.00793716
500 1000 1.00941 0.00940855
600 1000 1.00879 0.00879137
600 900 1.00794 0.00793716
700 900 1.00666 0.0066587
600 1000 1.00879 0.00879137
700 1000 1.00741 0.00740621
700 900 1.00666 0.0066587
800 900 1.00438 0.00438469
700 1000 1.00741 0.00740621
800 1000 1.00504 0.00503682
400 1000 1.00941 0.00941163
500 1000 1.00941 0.00940855
400 1100 1.0103 0.0103009
500 1100 1.0103 0.0102962
500 1000 1.00941 0.00940855
600 1000 1.00879 0.00879137
500 1100 1.0103 0.0102962
600 1100 1.00962 0.00961629
400 1100 1.0103 0.0103009
500 1100 1.0103 0.0102962
400 1200 1.01115 0.0111519
500 1200 1.01114 0.0111428
500 1100 1.0103 0.0102962
600 1100 1.00962 0.00961629
500 1200 1.01114 0.0111428
600 1200 1.0104 0.0103976
600 1000 1.00879 0.00879137
700 1000 1.00741 0.00740621
600 1100 1.00962 0.00961629
700 1100 1.00809 0.00808511
700 1000 1.00741 0.00740621
800 1000 1.00504 0.00503682
700 1100 1.00809 0.00808511
800 1100 1.00543 0.00543424
600 1100 1.00962 0.00961629
700 1100 1.00809 0.00808511
600 1200 1.0104 0.0103976
700 1200 1.00871 0.00871209
700 1100 1.00809 0.00808511
800 1100 1.00543 0.00543424
700 1200 1.00871 0.00871209
800 1200 1.00575 0.00574882
0 1200 1.00073 0.000725254
100 1200 1.00589 0.00588912
0 1300 1.00062 0.000618015
100 1300 1.00628 0.00628277
100 1200 1.00589 0.00588912
200 1200 1.00877 0.00877184
100 1300 1.00628 0.00628277
200 1300 1.00938 0.00937833
200 1200 1.00877 0.00877184
300 1200 1.01043 0.0104265
200 1300 1.00938 0.00937833
300 1300 1.01114 0.0111447
300 1200 1.01043 0.0104265
400 1200 1.01115 0.0111519
300 1300 1.01114 0.0111447
400 1300 1.01192 0.0119162
0 1300 1.00062 0.000618015
100 1300 1.00628 0.00628277
0 1400 1.0009 0.000896547
100 1400 1.00664 0.00663577
100 1300 1.00628 0.00628277
200 1300 1.00938 0.00937833
100 1400 1.00664 0.00663577
200 1400 1.00985 0.00985236
200 1300 1.00938 0.00937833
300 1300 1.01114 0.0111447
200 1400 1.00985 0.00985236
300 1400 1.0117 0.0116961
300 1300 1.01114 0.0111447
400 1300 1.01192 0.0119162
300 1400 1.0117 0.0116961
400 1400 1.0125 0.0124986
0 1400 1.0009 0.000896547
100 1400 1.00664 0.00663577
0 1500 1.00015 0.000149448
100 1500 1.00665 0.0066537
100 1400 1.00664 0.00663577
200 1400 1.00985 0.00985236
100 1500 1.00665 0.0066537
200 1500 1.01004 0.0100366
200 1400 1.00985 0.00985236
300 1400 1.0117 0.0116961
200 1500 1.01004 0.0100366
300 1500 1.01192 0.0119187
300 1400 1.0117 0.0116961
400 1400 1.0125 0.0124986
300 1500 1.01192 0.0119187
400 1500 1.01272 0.0127238
0 1500 1.00015 0.000149448
100 1500 1.00665 0.0066537
0 1600 1.0007 0.000697429
100 1600 1.00665 0.00665346
100 1500 1.00665 0.0066537
200 1500 1.01004 0.0100366
100 1600 1.00665 0.00665346
200 1600 1.0098 0.00979641
200 1500 1.01004 0.0100366
300 1500 1.01192 0.0119187
200 1600 1.0098 0.00979641
300 1600 1.01156 0.0115571
300 1500 1.01192 0.0119187
400 1500 1.01272 0.0127238
300 1600 1.01156 0.0115571
400 1600 1.0123 0.0122983
400 1200 1.01115 0.0111519
500 1200 1.01114 0.0111428
400 1300 1.01192 0.0119162
500 1300 1.0119 0.0119041
500 1200 1.01114 0.0111428
600 1200 1.0104 0.0103976
500 1300 1.0119 0.0119041
600 1300 1.01111 0.0111074
600 1200 1.0104 0.0103976
700 1200 1.00871 0.00871209
600 1300 1.01111 0.0111074
700 1300 1.00931 0.00931165
700 1200 1.00871 0.00871209
800 1200 1.00575 0.00574882
700 1300 1.00931 0.00931165
800 1300 1.00617 0.0061731
400 1300 1.01192 0.0119162
500 1300 1.0119 0.0119041
400 1400 1.0125 0.0124986
500 1400 1.01248 0.012483
500 1300 1.0119 0.0119041
600 1300 1.01111 0.0111074
500 1400 1.01248 0.012483
600 1400 1.01165 0.0116516
600 1300 1.01111 0.0111074
700 1300 1.00931 0.00931165
600 1400 1.01165 0.0116516
700 1400 1.00979 0.00978892
700 1300 1.00931 0.00931165
800 1300 1.00617 0.0061731
700 1400 1.00979 0.00978892
800 1400 1.00659 0.00658845
400 1400 1.0125 0.0124986
500 1400 1.01248 0.012483
400 1500 1.01272 0.0127238
500 1500 1.0127 0.0127006
500 1400 1.01248 0.012483
600 1400 1.01165 0.0116516
500 1500 1.0127 0.0127006
600 1500 1.01185 0.0118528
800 800 1.00407 0.00406939
900 800 1.00093 0.000929296
800 900 1.00438 0.00438469
900 900 1 4.69548e-06
800 900 1.00438 0.00438469
900 900 1 4.69548e-06
800 1000 1.00504 0.00503682
900 1000 1.00095 0.000952749
800 1000 1.00504 0.00503682
900 1000 1.00095 0.000952749
800 1100 1.00543 0.00543424
900 1100 1.00069 0.000692532
800 1100 1.00543 0.00543424
900 1100 1.00069 0.000692532
800 1200 1.00575 0.00574882
900 1200 1.00029 0.000290078
600 1400 1.01165 0.0116516
700 1400 1.00979 0.00978892
600 1500 1.01185 0.0118528
700 1500 1.00994 0.0099363
700 1400 1.00979 0.00978892
800 1400 1.00659 0.00658845
700 1500 1.00994 0.0099363
800 1500 1.00653 0.00653193
400 1500 1.01272 0.0127238
500 1500 1.0127 0.0127006
400 1600 1.0123 0.0122983
500 1600 1.01226 0.0122619
500 1500 1.0127 0.0127006
600 1500 1.01185 0.0118528
500 1600 1.01226 0.0122619
600 1600 1.01146 0.0114564
600 1500 1.01185 0.0118528
700 1500 1.00994 0.0099363
600 1600 1.01146 0.0114564
700 1600 1.00964 0.00964008
700 1500 1.00994 0.0099363
800 1500 1.00653 0.00653193
700 1600 1.00964 0.00964008
800 1600 1.00639 0.0063904
800 1200 1.00575 0.00574882
900 1200 1.00029 0.000290078
800 1300 1.00617 0.0061731
900 1300 1.00043 0.000431418
800 1300 1.00617 0.0061731
900 1300 1.00043 0.000431418
800 1400 1.00659 0.00658845
900 1400 1.001 0.000998847
800 1400 1.00659 0.00658845
900 1400 1.001 0.000998847
800 1500 1.00653 0.00653193
900 1500 1.00007 6.9167e-05
800 1500 1.00653 0.00653193
900 1500 1.00007 6.9167e-05
800 1600 1.00639 0.0063904
900 1600 1.00017 0.00017163
0 1600 1.0007 0.000697429
100 1600 1.00665 0.00665346
0 1700 1.00052 0.000521037
100 1700 1.006 0.00600316
100 1600 1.00665 0.00665346
200 1600 1.0098 0.00979641
100 1700 1.006 0.00600316
200 1700 1.00867 0.00866732
0 1700 1.00052 0.000521037
100 1700 1.006 0.00600316
0 1800 1.00016 0.000164694
100 1800 1.00445 0.00444628
100 1700 1.006 0.00600316
200 1700 1.00867 0.00866732
100 1800 1.00445 0.00444628
200 1800 1.00613 0.00612572
0 1800 1.00016 0.000164694
100 1800 1.00445 0.00444628
0 1900 1.0004 0.000398221
100 1900 1.00021 0.000209844
100 1800 1.00445 0.00444628
200 1800 1.00613 0.00612572
100 1900 1.00021 0.000209844
200 1900 1.00019 0.000186193
200 1600 1.0098 0.00979641
300 1600 1.01156 0.0115571
200 1700 1.00867 0.00866732
300 1700 1.01016 0.0101552
300 1600 1.01156 0.0115571
400 1600 1.0123 0.0122983
300 1700 1.01016 0.0101552
400 1700 1.01075 0.0107471
400 1600 1.0123 0.0122983
500 1600 1.01226 0.0122619
400 1700 1.01075 0.0107471
500 1700 1.01069 0.010687
500 1600 1.01226 0.0122619
600 1600 1.01146 0.0114564
500 1700 1.01069 0.010687
600 1700 1.01001 0.0100057
200 1700 1.00867 0.00866732
300 1700 1.01016 0.0101552
200 1800 1.00613 0.00612572
300 1800 1.00718 0.00718241
300 1700 1.01016 0.0101552
400 1700 1.01075 0.0107471
300 1800 1.00718 0.00718241
400 1800 1.0075 0.00749895
400 1700 1.01075 0.0107471
500 1700 1.01069 0.010687
400 1800 1.0075 0.00749895
500 1800 1.00738 0.00738248
500 1700 1.01069 0.010687
600 1700 1.01001 0.0100057
500 1800 1.00738 0.00738248
600 1800 1.00691 0.00690834
200 1800 1.00613 0.00612572
300 1800 1.00718 0.00718241
200 1900 1.00019 0.000186193
300 1900 1.00094 0.000944372
300 1800 1.00718 0.00718241
400 1800 1.0075 0.00749895
300 1900 1.00094 0.000944372
400 1900 1.00074 0.000739551
600 1600 1.01146 0.0114564
700 1600 1.00964 0.00964008
600 1700 1.01001 0.0100057
700 1700 1.0085 0.00850008
700 1600 1.00964 0.00964008
800 1600 1.00639 0.0063904
700 1700 1.0085 0.00850008
800 1700 1.00575 0.0057509
800 1600 1.00639 0.0063904
900 1600 1.00017 0.00017163
800 1700 1.00575 0.0057509
900 1700 1.00003 3.18389e-05
600 1700 1.01001 0.0100057
700 1700 1.0085 0.00850008
600 1800 1.00691 0.00690834
700 1800 1.00601 0.00600995
700 1700 1.0085 0.00850008
800 1700 1.00575 0.0057509
700 1800 1.00601 0.00600995
800 1800 1.00435 0.00435358
800 1700 1.00575 0.0057509
900 1700 1.00003 3.18389e-05
800 1800 1.00435 0.00435358
900 1800 1.00031 0.000311945
400 1800 1.0075 0.00749895
500 1800 1.00738 0.00738248
400 1900 1.00074 0.000739551
500 1900 1.00049 0.000490459
500 1800 1.00738 0.00738248
600 1800 1.00691 0.00690834
500 1900 1.00049 0.000490459
600 1900 1.00023 0.000227415
600 1800 1.00691 0.00690834
700 1800 1.00601 0.00600995
600 1900 1.00023 0.000227415
700 1900 1.00025 0.000254356
700 1800 1.00601 0.00600995
800 1800 1.00435 0.00435358
700 1900 1.00025 0.000254356
800 1900 1.00006 5.80292e-05
800 1800 1.00435 0.00435358
900 1800 1.00031 0.000311945
800 1900 1.00006 5.80292e-05
900 1900 1.00043 0.000434417
