0 2.42598e+08
1 1.64865e+08
2 1.2688e+08
3 1.26448e+08
4 1.26448e+08
5 1.26448e+08
6 1.26446e+08
7 1.26445e+08
8 1.26444e+08
9 1.26444e+08
10 1.26444e+08
11 1.26444e+08
12 1.26444e+08
13 1.26444e+08
14 1.26444e+08
15 1.26444e+08
16 1.26444e+08
17 1.26443e+08
18 1.26442e+08
19 1.26442e+08
20 1.26442e+08
21 1.26442e+08
22 1.2644e+08
23 1.26439e+08
24 1.26438e+08
25 1.26433e+08
26 1.2643e+08
27 1.26423e+08
28 1.26396e+08
29 1.26359e+08
30 1.26309e+08
31 1.263e+08
32 1.26287e+08
33 1.26261e+08
34 1.26244e+08
35 1.26211e+08
36 1.26172e+08
37 1.26119e+08
38 1.26063e+08
39 1.26062e+08
40 1.26058e+08
41 1.26011e+08
42 1.25951e+08
43 1.25887e+08
44 1.25838e+08
45 1.25682e+08
46 1.25538e+08
47 1.25522e+08
48 1.25497e+08
49 1.25488e+08
50 1.25449e+08
51 1.25423e+08
52 1.25395e+08
53 1.25225e+08
54 1.25002e+08
55 1.24894e+08
56 1.24864e+08
57 1.24859e+08
58 1.24858e+08
59 1.24824e+08
60 1.24783e+08
61 1.24748e+08
62 1.24653e+08
63 1.24561e+08
64 1.24456e+08
65 1.24353e+08
66 1.24327e+08
67 1.24275e+08
68 1.2401e+08
69 1.23933e+08
70 1.23851e+08
71 1.23827e+08
72 1.23827e+08
73 1.23817e+08
74 1.23783e+08
75 1.23769e+08
76 1.23763e+08
77 1.23757e+08
78 1.23757e+08
79 1.2375e+08
80 1.23732e+08
81 1.2373e+08
82 1.2373e+08
83 1.23714e+08
84 1.23697e+08
85 1.23695e+08
86 1.23641e+08
87 1.23623e+08
88 1.23581e+08
89 1.23537e+08
90 1.23528e+08
91 1.23482e+08
92 1.23436e+08
93 1.23407e+08
94 1.23129e+08
95 1.2299e+08
96 1.22955e+08
97 1.22955e+08
98 1.22953e+08
99 1.22949e+08
100 1.22906e+08
101 1.2286e+08
102 1.22846e+08
103 1.22846e+08
104 1.22846e+08
105 1.22846e+08
106 1.22846e+08
107 1.22846e+08
108 1.22846e+08
109 1.22846e+08
110 1.22846e+08
111 1.22846e+08
112 1.22845e+08
113 1.22845e+08
114 1.22845e+08
115 1.22844e+08
116 1.22844e+08
117 1.22843e+08
118 1.22838e+08
119 1.22836e+08
120 1.22835e+08
121 1.22831e+08
122 1.22824e+08
123 1.22821e+08
124 1.22813e+08
125 1.22813e+08
126 1.22813e+08
127 1.22813e+08
128 1.22813e+08
129 1.22812e+08
130 1.2281e+08
131 1.22809e+08
132 1.22809e+08
133 1.22807e+08
134 1.22803e+08
135 1.22798e+08
136 1.22793e+08
137 1.2279e+08
138 1.22787e+08
139 1.22782e+08
140 1.2278e+08
141 1.2278e+08
142 1.22779e+08
143 1.22775e+08
144 1.2277e+08
145 1.2275e+08
146 1.2271e+08
147 1.22661e+08
148 1.22581e+08
149 1.22549e+08
150 1.22523e+08
151 1.2251e+08
152 1.22508e+08
153 1.22497e+08
154 1.22485e+08
155 1.22454e+08
156 1.22431e+08
157 1.22395e+08
158 1.22351e+08
159 1.22269e+08
160 1.22209e+08
161 1.22152e+08
162 1.22027e+08
163 1.21962e+08
164 1.21934e+08
165 1.21922e+08
166 1.21912e+08
167 1.21887e+08
168 1.21856e+08
169 1.21841e+08
170 1.21827e+08
171 1.21821e+08
172 1.21821e+08
173 1.21817e+08
174 1.21817e+08
175 1.21812e+08
176 1.21806e+08
177 1.21798e+08
178 1.21794e+08
179 1.21791e+08
180 1.21791e+08
181 1.21791e+08
182 1.2179e+08
183 1.2179e+08
184 1.2179e+08
185 1.21785e+08
186 1.21781e+08
187 1.21776e+08
188 1.21771e+08
189 1.21723e+08
190 1.21716e+08
191 1.21676e+08
192 1.2162e+08
193 1.21599e+08
194 1.21588e+08
195 1.21585e+08
196 1.21571e+08
197 1.21567e+08
198 1.21558e+08
199 1.21557e+08
200 1.21551e+08
201 1.21546e+08
202 1.21521e+08
203 1.21487e+08
204 1.21453e+08
205 1.21428e+08
206 1.21428e+08
207 1.21428e+08
208 1.21428e+08
209 1.21428e+08
210 1.21427e+08
211 1.21427e+08
212 1.21427e+08
213 1.21427e+08
214 1.21426e+08
215 1.21425e+08
216 1.21423e+08
217 1.21421e+08
218 1.21421e+08
219 1.2142e+08
220 1.21418e+08
221 1.21418e+08
222 1.21418e+08
223 1.21417e+08
224 1.21417e+08
225 1.21417e+08
226 1.21416e+08
227 1.21409e+08
228 1.21408e+08
229 1.21408e+08
230 1.21407e+08
231 1.21407e+08
232 1.21407e+08
233 1.21405e+08
234 1.21405e+08
235 1.21404e+08
236 1.21404e+08
237 1.21403e+08
238 1.21398e+08
239 1.21385e+08
240 1.21375e+08
241 1.21369e+08
242 1.2136e+08
243 1.21356e+08
244 1.21352e+08
245 1.21349e+08
246 1.21348e+08
247 1.21346e+08
248 1.21345e+08
249 1.21344e+08
250 1.21338e+08
251 1.21334e+08
252 1.2132e+08
253 1.21302e+08
254 1.21292e+08
255 1.2129e+08
256 1.21288e+08
257 1.21285e+08
258 1.21265e+08
259 1.21255e+08
260 1.21247e+08
261 1.21243e+08
262 1.2123e+08
263 1.21219e+08
264 1.21209e+08
265 1.21206e+08
266 1.21202e+08
267 1.21195e+08
268 1.21181e+08
269 1.21168e+08
270 1.21156e+08
271 1.21152e+08
272 1.2115e+08
273 1.21148e+08
274 1.21148e+08
275 1.21146e+08
276 1.21144e+08
277 1.21141e+08
278 1.2114e+08
279 1.21139e+08
280 1.21138e+08
281 1.21138e+08
282 1.21138e+08
283 1.21137e+08
284 1.21137e+08
285 1.21137e+08
286 1.21137e+08
287 1.21137e+08
288 1.21137e+08
289 1.21136e+08
290 1.21136e+08
291 1.21136e+08
292 1.21136e+08
293 1.21136e+08
294 1.21135e+08
295 1.21133e+08
296 1.2113e+08
297 1.21123e+08
298 1.21119e+08
299 1.21118e+08
300 1.21116e+08
301 1.21113e+08
302 1.21111e+08
303 1.21107e+08
304 1.21106e+08
305 1.21105e+08
306 1.21103e+08
307 1.21102e+08
308 1.21098e+08
309 1.21098e+08
310 1.21098e+08
311 1.21098e+08
312 1.21098e+08
313 1.21098e+08
314 1.21098e+08
315 1.21098e+08
316 1.21098e+08
317 1.21098e+08
318 1.21098e+08
319 1.21098e+08
320 1.21098e+08
321 1.21098e+08
322 1.21098e+08
323 1.21098e+08
324 1.21098e+08
325 1.21098e+08
326 1.21098e+08
327 1.21098e+08
328 1.21098e+08
329 1.21098e+08
330 1.21097e+08
331 1.21097e+08
332 1.21097e+08
333 1.21097e+08
334 1.21097e+08
335 1.21097e+08
336 1.21097e+08
337 1.21097e+08
338 1.21096e+08
339 1.21096e+08
340 1.21096e+08
341 1.21096e+08
342 1.21096e+08
343 1.21095e+08
344 1.21095e+08
345 1.21095e+08
346 1.21095e+08
347 1.21094e+08
348 1.21094e+08
349 1.21094e+08
350 1.21094e+08
351 1.21094e+08
352 1.21093e+08
353 1.2109e+08
354 1.21087e+08
355 1.21079e+08
356 1.21071e+08
357 1.21068e+08
358 1.21068e+08
359 1.21068e+08
360 1.21064e+08
361 1.21054e+08
362 1.21045e+08
363 1.2104e+08
364 1.21036e+08
365 1.21028e+08
366 1.21023e+08
367 1.21014e+08
368 1.21006e+08
369 1.21e+08
370 1.20988e+08
371 1.20978e+08
372 1.20964e+08
373 1.20954e+08
374 1.20944e+08
375 1.20936e+08
376 1.20929e+08
377 1.20919e+08
378 1.20911e+08
379 1.20908e+08
380 1.20906e+08
381 1.20903e+08
382 1.20901e+08
383 1.20899e+08
384 1.20898e+08
385 1.20898e+08
386 1.20898e+08
387 1.20898e+08
388 1.20898e+08
389 1.20898e+08
390 1.20897e+08
391 1.20897e+08
392 1.20897e+08
393 1.20896e+08
394 1.20893e+08
395 1.20885e+08
396 1.20876e+08
397 1.20867e+08
398 1.20856e+08
399 1.20843e+08
400 1.20825e+08
401 1.20817e+08
402 1.20804e+08
403 1.20792e+08
404 1.20787e+08
405 1.20782e+08
406 1.20781e+08
407 1.20781e+08
408 1.20781e+08
409 1.2078e+08
410 1.20779e+08
411 1.20778e+08
412 1.20778e+08
413 1.20778e+08
414 1.20778e+08
415 1.20778e+08
416 1.20778e+08
417 1.20778e+08
418 1.20778e+08
419 1.20778e+08
420 1.20778e+08
421 1.20778e+08
422 1.20778e+08
423 1.20778e+08
424 1.20778e+08
425 1.20777e+08
426 1.20777e+08
427 1.20777e+08
428 1.20777e+08
429 1.20777e+08
430 1.20777e+08
431 1.20777e+08
432 1.20777e+08
433 1.20777e+08
434 1.20776e+08
435 1.20776e+08
436 1.20776e+08
437 1.20776e+08
438 1.20776e+08
439 1.20776e+08
440 1.20776e+08
441 1.20776e+08
442 1.20776e+08
443 1.20776e+08
444 1.20776e+08
445 1.20776e+08
446 1.20776e+08
447 1.20776e+08
448 1.20776e+08
449 1.20776e+08
450 1.20775e+08
451 1.20772e+08
452 1.2077e+08
453 1.20767e+08
454 1.20764e+08
455 1.20759e+08
456 1.20756e+08
457 1.20749e+08
458 1.20739e+08
459 1.20733e+08
460 1.20727e+08
461 1.20725e+08
462 1.20725e+08
463 1.20722e+08
464 1.20717e+08
465 1.20706e+08
466 1.20695e+08
467 1.20688e+08
468 1.20678e+08
469 1.20669e+08
470 1.20658e+08
471 1.20648e+08
472 1.20639e+08
473 1.20628e+08
474 1.20597e+08
475 1.2058e+08
476 1.20555e+08
477 1.20544e+08
478 1.20532e+08
479 1.20516e+08
480 1.20506e+08
481 1.20489e+08
482 1.20479e+08
483 1.20474e+08
484 1.20468e+08
485 1.20462e+08
486 1.20458e+08
487 1.20449e+08
488 1.20447e+08
489 1.20446e+08
490 1.20441e+08
491 1.20436e+08
492 1.20431e+08
493 1.20422e+08
494 1.20416e+08
495 1.20408e+08
496 1.20405e+08
497 1.20402e+08
498 1.20401e+08
499 1.20401e+08
500 1.20401e+08
501 1.20401e+08
502 1.204e+08
503 1.20397e+08
504 1.20394e+08
505 1.20391e+08
506 1.20389e+08
507 1.20388e+08
508 1.20387e+08
509 1.20386e+08
510 1.20386e+08
511 1.20386e+08
512 1.20384e+08
513 1.20382e+08
514 1.20379e+08
515 1.20379e+08
516 1.20379e+08
517 1.20379e+08
518 1.20379e+08
519 1.20379e+08
520 1.20379e+08
521 1.20379e+08
522 1.20379e+08
523 1.20379e+08
524 1.20379e+08
525 1.20379e+08
526 1.20379e+08
527 1.20379e+08
528 1.20379e+08
529 1.20379e+08
530 1.20379e+08
531 1.20379e+08
532 1.20379e+08
533 1.20379e+08
534 1.20379e+08
535 1.20379e+08
536 1.20379e+08
537 1.20379e+08
538 1.20379e+08
539 1.20379e+08
540 1.20379e+08
541 1.20379e+08
542 1.20379e+08
543 1.20379e+08
544 1.20379e+08
545 1.20379e+08
546 1.20379e+08
547 1.20379e+08
548 1.20379e+08
549 1.20379e+08
550 1.20379e+08
551 1.20379e+08
552 1.20378e+08
553 1.20377e+08
554 1.20376e+08
555 1.20375e+08
556 1.20374e+08
557 1.20373e+08
558 1.20371e+08
559 1.20365e+08
560 1.2036e+08
561 1.20352e+08
562 1.20347e+08
563 1.20343e+08
564 1.20342e+08
565 1.2034e+08
566 1.20338e+08
567 1.20335e+08
568 1.2033e+08
569 1.20325e+08
570 1.20319e+08
571 1.20315e+08
572 1.20313e+08
573 1.20311e+08
574 1.20307e+08
575 1.20302e+08
576 1.20295e+08
577 1.20278e+08
578 1.20261e+08
579 1.20246e+08
580 1.20231e+08
581 1.20219e+08
582 1.20209e+08
583 1.20206e+08
584 1.20201e+08
585 1.20195e+08
586 1.20193e+08
587 1.20192e+08
588 1.20192e+08
589 1.20191e+08
590 1.20189e+08
591 1.20186e+08
592 1.20186e+08
593 1.20186e+08
594 1.20186e+08
595 1.20183e+08
596 1.2018e+08
597 1.20175e+08
598 1.20166e+08
599 1.20156e+08
600 1.20141e+08
601 1.20116e+08
602 1.20084e+08
603 1.20044e+08
604 1.20002e+08
605 1.19968e+08
606 1.19934e+08
607 1.19901e+08
608 1.19871e+08
609 1.19819e+08
610 1.1977e+08
611 1.19725e+08
612 1.19697e+08
613 1.19678e+08
614 1.19668e+08
615 1.19638e+08
616 1.19593e+08
617 1.19539e+08
618 1.19539e+08
619 1.19539e+08
620 1.19538e+08
621 1.19538e+08
622 1.19538e+08
623 1.19538e+08
624 1.19537e+08
625 1.19536e+08
626 1.19536e+08
627 1.19534e+08
628 1.19524e+08
629 1.19522e+08
630 1.19521e+08
631 1.19521e+08
632 1.19519e+08
633 1.19518e+08
634 1.19518e+08
635 1.19518e+08
636 1.19518e+08
637 1.19517e+08
638 1.19507e+08
639 1.19502e+08
640 1.195e+08
641 1.195e+08
642 1.195e+08
643 1.195e+08
644 1.19499e+08
645 1.19493e+08
646 1.1949e+08
647 1.19487e+08
648 1.1948e+08
649 1.19471e+08
650 1.19462e+08
651 1.19446e+08
652 1.19429e+08
653 1.19427e+08
654 1.19415e+08
655 1.19402e+08
656 1.1939e+08
657 1.1937e+08
658 1.19353e+08
659 1.19335e+08
660 1.1933e+08
661 1.19329e+08
662 1.19327e+08
663 1.19327e+08
664 1.1932e+08
665 1.19309e+08
666 1.193e+08
667 1.19288e+08
668 1.19287e+08
669 1.19287e+08
670 1.19287e+08
671 1.19287e+08
672 1.19286e+08
673 1.19286e+08
674 1.19284e+08
675 1.19284e+08
676 1.19284e+08
677 1.19284e+08
678 1.19282e+08
679 1.19281e+08
680 1.19279e+08
681 1.19279e+08
682 1.19279e+08
683 1.19279e+08
684 1.19279e+08
685 1.19278e+08
686 1.19276e+08
687 1.19276e+08
688 1.19275e+08
689 1.19275e+08
690 1.19275e+08
691 1.19275e+08
692 1.19272e+08
693 1.19272e+08
694 1.19272e+08
695 1.19271e+08
696 1.19267e+08
697 1.19265e+08
698 1.1926e+08
699 1.19259e+08
700 1.19258e+08
701 1.19258e+08
702 1.19257e+08
703 1.19257e+08
704 1.19257e+08
705 1.19256e+08
706 1.19256e+08
707 1.19255e+08
708 1.19254e+08
709 1.19252e+08
710 1.19241e+08
711 1.19228e+08
712 1.19202e+08
713 1.19188e+08
714 1.19178e+08
715 1.19173e+08
716 1.19169e+08
717 1.19169e+08
718 1.19169e+08
719 1.19169e+08
720 1.19169e+08
721 1.19169e+08
722 1.19169e+08
723 1.19169e+08
724 1.19169e+08
725 1.19169e+08
726 1.19169e+08
727 1.19169e+08
728 1.19169e+08
729 1.19169e+08
730 1.19169e+08
731 1.19168e+08
732 1.19168e+08
733 1.19168e+08
734 1.19168e+08
735 1.19168e+08
736 1.19168e+08
737 1.19168e+08
738 1.19168e+08
739 1.19168e+08
740 1.19168e+08
741 1.19168e+08
742 1.19168e+08
743 1.19168e+08
744 1.19168e+08
745 1.19168e+08
746 1.19167e+08
747 1.19167e+08
748 1.19167e+08
749 1.19167e+08
750 1.19167e+08
751 1.19166e+08
752 1.19166e+08
753 1.19166e+08
754 1.19165e+08
755 1.19164e+08
756 1.19164e+08
757 1.19163e+08
758 1.19163e+08
759 1.19162e+08
760 1.1916e+08
761 1.19158e+08
762 1.19158e+08
763 1.19158e+08
764 1.19158e+08
765 1.19157e+08
766 1.19157e+08
767 1.19157e+08
768 1.19157e+08
769 1.19157e+08
770 1.19157e+08
771 1.19156e+08
772 1.19156e+08
773 1.19156e+08
774 1.19156e+08
775 1.19156e+08
776 1.19156e+08
777 1.19155e+08
778 1.19155e+08
779 1.19155e+08
780 1.19155e+08
781 1.19155e+08
782 1.19155e+08
783 1.19155e+08
784 1.19155e+08
785 1.19155e+08
786 1.19155e+08
787 1.19155e+08
788 1.19155e+08
789 1.19155e+08
790 1.19155e+08
791 1.19154e+08
792 1.19154e+08
793 1.19154e+08
794 1.19154e+08
795 1.19153e+08
796 1.19153e+08
797 1.19153e+08
798 1.19153e+08
799 1.19153e+08
800 1.19152e+08
801 1.19152e+08
802 1.19152e+08
803 1.19152e+08
804 1.19152e+08
805 1.19152e+08
806 1.19151e+08
807 1.19151e+08
808 1.19151e+08
809 1.1915e+08
810 1.1915e+08
811 1.1915e+08
812 1.19148e+08
813 1.19145e+08
814 1.19142e+08
815 1.19135e+08
816 1.19128e+08
817 1.19122e+08
818 1.1912e+08
819 1.19119e+08
820 1.19119e+08
821 1.19119e+08
822 1.19119e+08
823 1.19118e+08
824 1.19118e+08
825 1.19118e+08
826 1.19118e+08
827 1.19118e+08
828 1.19118e+08
829 1.19118e+08
830 1.19118e+08
831 1.19118e+08
832 1.19118e+08
833 1.19118e+08
834 1.19118e+08
835 1.19118e+08
836 1.19118e+08
837 1.19118e+08
838 1.19118e+08
839 1.19118e+08
840 1.19118e+08
841 1.19118e+08
842 1.19118e+08
843 1.19118e+08
844 1.19118e+08
845 1.19118e+08
846 1.19118e+08
847 1.19118e+08
848 1.19118e+08
849 1.19118e+08
850 1.19118e+08
851 1.19118e+08
852 1.19118e+08
853 1.19118e+08
854 1.19118e+08
855 1.19118e+08
856 1.19118e+08
857 1.19118e+08
858 1.19118e+08
859 1.19118e+08
860 1.19118e+08
861 1.19118e+08
862 1.19118e+08
863 1.19118e+08
864 1.19118e+08
865 1.19118e+08
866 1.19117e+08
867 1.19117e+08
868 1.19116e+08
869 1.19115e+08
870 1.19112e+08
871 1.19109e+08
872 1.19106e+08
873 1.19106e+08
874 1.19106e+08
875 1.19105e+08
876 1.19103e+08
877 1.19102e+08
878 1.191e+08
879 1.19096e+08
880 1.19095e+08
881 1.19094e+08
882 1.19094e+08
883 1.19094e+08
884 1.19094e+08
885 1.19094e+08
886 1.19094e+08
887 1.19093e+08
888 1.19093e+08
889 1.19093e+08
890 1.19093e+08
891 1.19093e+08
892 1.19093e+08
893 1.19093e+08
894 1.19093e+08
895 1.19092e+08
896 1.19092e+08
897 1.19092e+08
898 1.19091e+08
899 1.1909e+08
900 1.19088e+08
901 1.19086e+08
902 1.19086e+08
903 1.19086e+08
904 1.19085e+08
905 1.19084e+08
906 1.19082e+08
907 1.19081e+08
908 1.1908e+08
909 1.19079e+08
910 1.19077e+08
911 1.19074e+08
912 1.19071e+08
913 1.19067e+08
914 1.19065e+08
915 1.19062e+08
916 1.1906e+08
917 1.19057e+08
918 1.19053e+08
919 1.19051e+08
920 1.19051e+08
921 1.19051e+08
922 1.19051e+08
923 1.19051e+08
924 1.1905e+08
925 1.1905e+08
926 1.19049e+08
927 1.19049e+08
928 1.19049e+08
929 1.19049e+08
930 1.19049e+08
931 1.19049e+08
932 1.19049e+08
933 1.19049e+08
934 1.19049e+08
935 1.19049e+08
936 1.19049e+08
937 1.19049e+08
938 1.19049e+08
939 1.19049e+08
940 1.19049e+08
941 1.19049e+08
942 1.19049e+08
943 1.19049e+08
944 1.19049e+08
945 1.19049e+08
946 1.19049e+08
947 1.19049e+08
948 1.19049e+08
949 1.19049e+08
950 1.19049e+08
951 1.19049e+08
952 1.19049e+08
953 1.19049e+08
954 1.19049e+08
955 1.19049e+08
956 1.19049e+08
957 1.19049e+08
958 1.19049e+08
959 1.19049e+08
960 1.19048e+08
961 1.19048e+08
962 1.19048e+08
963 1.19048e+08
964 1.19048e+08
965 1.19048e+08
966 1.19048e+08
967 1.19048e+08
968 1.19048e+08
969 1.19048e+08
970 1.19047e+08
971 1.19047e+08
972 1.19046e+08
973 1.19043e+08
974 1.1904e+08
975 1.19037e+08
976 1.19036e+08
977 1.19036e+08
978 1.19034e+08
979 1.1903e+08
980 1.19025e+08
981 1.19019e+08
982 1.19011e+08
983 1.19006e+08
984 1.19002e+08
985 1.19e+08
986 1.19e+08
987 1.18999e+08
988 1.18998e+08
989 1.18997e+08
990 1.18997e+08
991 1.18996e+08
992 1.18995e+08
993 1.18994e+08
994 1.18994e+08
995 1.18994e+08
996 1.18994e+08
997 1.18993e+08
998 1.18993e+08
999 1.18992e+08
1000 1.18992e+08
1001 1.18992e+08
1002 1.18992e+08
1003 1.18991e+08
1004 1.18991e+08
1005 1.1899e+08
1006 1.1899e+08
1007 1.18988e+08
1008 1.18987e+08
1009 1.18985e+08

0 1.18985e+08
