# x y topography analytical topography
0 3.00984 0.00983603 0.0105145
0.046875 3.01038 0.0103846 0.0109052
0.046875 3.01038 0.0103846 0.0109052
0.09375 3.01167 0.0116675 0.0120466
0.09375 3.01167 0.0116675 0.0120466
0.140625 3.01359 0.0135921 0.0138527
0.140625 3.01359 0.0135921 0.0138527
0.1875 3.01603 0.0160315 0.0161999
0.1875 3.01603 0.0160315 0.0161999
0.234375 3.01885 0.0188475 0.0189492
0.234375 3.01885 0.0188475 0.0189492
0.28125 3.02191 0.0219103 0.0219669
0.28125 3.02191 0.0219103 0.0219669
0.328125 3.02511 0.0251107 0.0251392
0.328125 3.02511 0.0251107 0.0251392
0.375 3.02837 0.0283658 0.0283779
0.375 3.02837 0.0283658 0.0283779
0.421875 3.03162 0.0316173 0.0316203
0.421875 3.03162 0.0316173 0.0316203
0.46875 3.03483 0.0348262 0.0348246
0.46875 3.03483 0.0348262 0.0348246
0.515625 3.03797 0.0379675 0.0379634
0.515625 3.03797 0.0379675 0.0379634
0.5625 3.04102 0.0410245 0.0410192
0.5625 3.04102 0.0410245 0.0410192
0.609375 3.04399 0.0439858 0.0439797
0.609375 3.04399 0.0439858 0.0439797
0.65625 3.04684 0.0468422 0.0468357
0.65625 3.04684 0.0468422 0.0468357
0.703125 3.04959 0.0495863 0.0495793
0.703125 3.04959 0.0495863 0.0495793
0.75 3.05221 0.052211 0.0522036
0.75 3.05221 0.052211 0.0522036
0.796875 3.05471 0.0547099 0.0547022
0.796875 3.05471 0.0547099 0.0547022
0.84375 3.05708 0.0570771 0.057069
0.84375 3.05708 0.0570771 0.057069
0.890625 3.05931 0.0593068 0.0592984
0.890625 3.05931 0.0593068 0.0592984
0.9375 3.06139 0.0613936 0.0613849
0.9375 3.06139 0.0613936 0.0613849
0.984375 3.06333 0.0633325 0.0633235
0.984375 3.06333 0.0633325 0.0633235
1.03125 3.06512 0.0651188 0.0651096
1.03125 3.06512 0.0651188 0.0651096
1.07812 3.06675 0.0667482 0.0667388
1.07812 3.06675 0.0667482 0.0667388
1.125 3.06822 0.0682169 0.0682072
1.125 3.06822 0.0682169 0.0682072
1.17188 3.06952 0.0695212 0.0695113
1.17188 3.06952 0.0695212 0.0695113
1.21875 3.07066 0.070658 0.070648
1.21875 3.07066 0.070658 0.070648
1.26562 3.07162 0.0716246 0.0716145
1.26562 3.07162 0.0716246 0.0716145
1.3125 3.07242 0.0724186 0.0724084
1.3125 3.07242 0.0724186 0.0724084
1.35938 3.07304 0.0730382 0.0730279
1.35938 3.07304 0.0730382 0.0730279
1.40625 3.07348 0.0734819 0.0734715
1.40625 3.07348 0.0734819 0.0734715
1.45312 3.07375 0.0737485 0.073738
1.45312 3.07375 0.0737485 0.073738
1.5 3.07384 0.0738374 0.073827
1.5 3.07384 0.0738374 0.073827
1.54688 3.07375 0.0737485 0.073738
1.54688 3.07375 0.0737485 0.073738
1.59375 3.07348 0.0734819 0.0734715
1.59375 3.07348 0.0734819 0.0734715
1.64062 3.07304 0.0730382 0.0730279
1.64062 3.07304 0.0730382 0.0730279
1.6875 3.07242 0.0724186 0.0724084
1.6875 3.07242 0.0724186 0.0724084
1.73438 3.07162 0.0716246 0.0716145
1.73438 3.07162 0.0716246 0.0716145
1.78125 3.07066 0.070658 0.070648
1.78125 3.07066 0.070658 0.070648
1.82812 3.06952 0.0695212 0.0695113
1.82812 3.06952 0.0695212 0.0695113
1.875 3.06822 0.0682169 0.0682072
1.875 3.06822 0.0682169 0.0682072
1.92188 3.06675 0.0667482 0.0667388
1.92188 3.06675 0.0667482 0.0667388
1.96875 3.06512 0.0651188 0.0651096
1.96875 3.06512 0.0651188 0.0651096
2.01562 3.06333 0.0633325 0.0633235
2.01562 3.06333 0.0633325 0.0633235
2.0625 3.06139 0.0613936 0.0613849
2.0625 3.06139 0.0613936 0.0613849
2.10938 3.05931 0.0593068 0.0592984
2.10938 3.05931 0.0593068 0.0592984
2.15625 3.05708 0.0570771 0.057069
2.15625 3.05708 0.0570771 0.057069
2.20312 3.05471 0.0547099 0.0547022
2.20312 3.05471 0.0547099 0.0547022
2.25 3.05221 0.052211 0.0522036
2.25 3.05221 0.052211 0.0522036
2.29688 3.04959 0.0495863 0.0495793
2.29688 3.04959 0.0495863 0.0495793
2.34375 3.04684 0.0468422 0.0468357
2.34375 3.04684 0.0468422 0.0468357
2.39062 3.04399 0.0439858 0.0439797
2.39062 3.04399 0.0439858 0.0439797
2.4375 3.04102 0.0410245 0.0410192
2.4375 3.04102 0.0410245 0.0410192
2.48438 3.03797 0.0379675 0.0379634
2.48438 3.03797 0.0379675 0.0379634
2.53125 3.03483 0.0348262 0.0348246
2.53125 3.03483 0.0348262 0.0348246
2.57812 3.03162 0.0316173 0.0316203
2.57812 3.03162 0.0316173 0.0316203
2.625 3.02837 0.0283658 0.0283779
2.625 3.02837 0.0283658 0.0283779
2.67188 3.02511 0.0251107 0.0251392
2.67188 3.02511 0.0251107 0.0251392
2.71875 3.02191 0.0219103 0.0219669
2.71875 3.02191 0.0219103 0.0219669
2.76562 3.01885 0.0188475 0.0189492
2.76562 3.01885 0.0188475 0.0189492
2.8125 3.01603 0.0160315 0.0161999
2.8125 3.01603 0.0160315 0.0161999
2.85938 3.01359 0.0135921 0.0138527
2.85938 3.01359 0.0135921 0.0138527
2.90625 3.01167 0.0116675 0.0120466
2.90625 3.01167 0.0116675 0.0120466
2.95312 3.01038 0.0103846 0.0109052
2.95312 3.01038 0.0103846 0.0109052
3 3.00984 0.00983603 0.0105145
