# x y topography analytical topography
0 3.00865 0.00865492 0.00932293
0.046875 3.00927 0.0092732 0.00976688
0.046875 3.00927 0.0092732 0.00976688
0.09375 3.01071 0.0107141 0.011055
0.09375 3.01071 0.0107141 0.011055
0.140625 3.01285 0.0128491 0.0130677
0.140625 3.01285 0.0128491 0.0130677
0.1875 3.01551 0.0155104 0.0156396
0.1875 3.01551 0.0155104 0.0156396
0.234375 3.01853 0.0185262 0.018596
0.234375 3.01853 0.0185262 0.018596
0.28125 3.02175 0.0217476 0.0217815
0.28125 3.02175 0.0217476 0.0217815
0.328125 3.02506 0.0250619 0.025076
0.328125 3.02506 0.0250619 0.025076
0.375 3.02839 0.0283925 0.0283965
0.375 3.02839 0.0283925 0.0283965
0.421875 3.03169 0.0316914 0.0316906
0.421875 3.03169 0.0316914 0.0316906
0.46875 3.03493 0.0349299 0.034927
0.46875 3.03493 0.0349299 0.034927
0.515625 3.03809 0.0380906 0.0380867
0.515625 3.03809 0.0380906 0.0380867
0.5625 3.04116 0.0411618 0.0411574
0.5625 3.04116 0.0411618 0.0411574
0.609375 3.04413 0.0441346 0.0441298
0.609375 3.04413 0.0441346 0.0441298
0.65625 3.047 0.0470013 0.0469961
0.65625 3.047 0.0470013 0.0469961
0.703125 3.04975 0.0497549 0.0497494
0.703125 3.04975 0.0497549 0.0497494
0.75 3.05239 0.0523885 0.0523828
0.75 3.05239 0.0523885 0.0523828
0.796875 3.0549 0.054896 0.05489
0.796875 3.0549 0.054896 0.05489
0.84375 3.05727 0.0572713 0.0572649
0.84375 3.05727 0.0572713 0.0572649
0.890625 3.05951 0.0595085 0.0595019
0.890625 3.05951 0.0595085 0.0595019
0.9375 3.0616 0.0616024 0.0615956
0.9375 3.0616 0.0616024 0.0615956
0.984375 3.06355 0.0635479 0.0635409
0.984375 3.06355 0.0635479 0.0635409
1.03125 3.06534 0.0653403 0.0653331
1.03125 3.06534 0.0653403 0.0653331
1.07812 3.06698 0.0669753 0.0669679
1.07812 3.06698 0.0669753 0.0669679
1.125 3.06845 0.0684489 0.0684414
1.125 3.06845 0.0684489 0.0684414
1.17188 3.06976 0.0697577 0.06975
1.17188 3.06976 0.0697577 0.06975
1.21875 3.0709 0.0708984 0.0708905
1.21875 3.0709 0.0708984 0.0708905
1.26562 3.07187 0.0718682 0.0718603
1.26562 3.07187 0.0718682 0.0718603
1.3125 3.07266 0.072665 0.072657
1.3125 3.07266 0.072665 0.072657
1.35938 3.07329 0.0732867 0.0732786
1.35938 3.07329 0.0732867 0.0732786
1.40625 3.07373 0.0737318 0.0737237
1.40625 3.07373 0.0737318 0.0737237
1.45312 3.074 0.0739993 0.0739912
1.45312 3.074 0.0739993 0.0739912
1.5 3.07409 0.0740886 0.0740804
1.5 3.07409 0.0740886 0.0740804
1.54688 3.074 0.0739993 0.0739912
1.54688 3.074 0.0739993 0.0739912
1.59375 3.07373 0.0737318 0.0737237
1.59375 3.07373 0.0737318 0.0737237
1.64062 3.07329 0.0732867 0.0732786
1.64062 3.07329 0.0732867 0.0732786
1.6875 3.07266 0.072665 0.072657
1.6875 3.07266 0.072665 0.072657
1.73438 3.07187 0.0718682 0.0718603
1.73438 3.07187 0.0718682 0.0718603
1.78125 3.0709 0.0708984 0.0708905
1.78125 3.0709 0.0708984 0.0708905
1.82812 3.06976 0.0697577 0.06975
1.82812 3.06976 0.0697577 0.06975
1.875 3.06845 0.0684489 0.0684414
1.875 3.06845 0.0684489 0.0684414
1.92188 3.06698 0.0669753 0.0669679
1.92188 3.06698 0.0669753 0.0669679
1.96875 3.06534 0.0653403 0.0653331
1.96875 3.06534 0.0653403 0.0653331
2.01562 3.06355 0.0635479 0.0635409
2.01562 3.06355 0.0635479 0.0635409
2.0625 3.0616 0.0616024 0.0615956
2.0625 3.0616 0.0616024 0.0615956
2.10938 3.05951 0.0595085 0.0595019
2.10938 3.05951 0.0595085 0.0595019
2.15625 3.05727 0.0572713 0.0572649
2.15625 3.05727 0.0572713 0.0572649
2.20312 3.0549 0.054896 0.05489
2.20312 3.0549 0.054896 0.05489
2.25 3.05239 0.0523885 0.0523828
2.25 3.05239 0.0523885 0.0523828
2.29688 3.04975 0.0497549 0.0497494
2.29688 3.04975 0.0497549 0.0497494
2.34375 3.047 0.0470013 0.0469961
2.34375 3.047 0.0470013 0.0469961
2.39062 3.04413 0.0441346 0.0441298
2.39062 3.04413 0.0441346 0.0441298
2.4375 3.04116 0.0411618 0.0411574
2.4375 3.04116 0.0411618 0.0411574
2.48438 3.03809 0.0380906 0.0380867
2.48438 3.03809 0.0380906 0.0380867
2.53125 3.03493 0.0349299 0.034927
2.53125 3.03493 0.0349299 0.034927
2.57812 3.03169 0.0316914 0.0316906
2.57812 3.03169 0.0316914 0.0316906
2.625 3.02839 0.0283925 0.0283965
2.625 3.02839 0.0283925 0.0283965
2.67188 3.02506 0.0250619 0.025076
2.67188 3.02506 0.0250619 0.025076
2.71875 3.02175 0.0217476 0.0217815
2.71875 3.02175 0.0217476 0.0217815
2.76562 3.01853 0.0185262 0.018596
2.76562 3.01853 0.0185262 0.018596
2.8125 3.01551 0.0155104 0.0156396
2.8125 3.01551 0.0155104 0.0156396
2.85938 3.01285 0.0128491 0.0130677
2.85938 3.01285 0.0128491 0.0130677
2.90625 3.01071 0.0107141 0.011055
2.90625 3.01071 0.0107141 0.011055
2.95312 3.00927 0.0092732 0.00976688
2.95312 3.00927 0.0092732 0.00976688
3 3.00865 0.00865492 0.00932293
