# x y topography analytical topography
0 3.00979 0.00979156 0.0104697
0.046875 3.01034 0.0103425 0.0108622
0.046875 3.01034 0.0103425 0.0108622
0.09375 3.01163 0.0116308 0.0120085
0.09375 3.01163 0.0116308 0.0120085
0.140625 3.01356 0.0135627 0.0138218
0.140625 3.01356 0.0135627 0.0138218
0.1875 3.01601 0.0160101 0.016177
0.1875 3.01601 0.0160101 0.016177
0.234375 3.01883 0.0188336 0.018934
0.234375 3.01883 0.0188336 0.018934
0.28125 3.0219 0.0219026 0.0219583
0.28125 3.0219 0.0219026 0.0219583
0.328125 3.02511 0.0251077 0.0251356
0.328125 3.02511 0.0251077 0.0251356
0.375 3.02837 0.0283661 0.0283778
0.375 3.02837 0.0283661 0.0283778
0.421875 3.03162 0.0316197 0.0316226
0.421875 3.03162 0.0316197 0.0316226
0.46875 3.03483 0.0348301 0.0348283
0.46875 3.03483 0.0348301 0.0348283
0.515625 3.03797 0.0379722 0.0379682
0.515625 3.03797 0.0379722 0.0379682
0.5625 3.04103 0.0410299 0.0410247
0.5625 3.04103 0.0410299 0.0410247
0.609375 3.04399 0.0439917 0.0439857
0.609375 3.04399 0.0439917 0.0439857
0.65625 3.04685 0.0468486 0.0468421
0.65625 3.04685 0.0468486 0.0468421
0.703125 3.04959 0.049593 0.0495861
0.703125 3.04959 0.049593 0.0495861
0.75 3.05222 0.052218 0.0522107
0.75 3.05222 0.052218 0.0522107
0.796875 3.05472 0.0547173 0.0547097
0.796875 3.05472 0.0547173 0.0547097
0.84375 3.05708 0.0570848 0.0570768
0.84375 3.05708 0.0570848 0.0570768
0.890625 3.05931 0.0593148 0.0593065
0.890625 3.05931 0.0593148 0.0593065
0.9375 3.0614 0.0614019 0.0613933
0.9375 3.0614 0.0614019 0.0613933
0.984375 3.06334 0.0633411 0.0633322
0.984375 3.06334 0.0633411 0.0633322
1.03125 3.06513 0.0651276 0.0651185
1.03125 3.06513 0.0651276 0.0651185
1.07812 3.06676 0.0667573 0.0667479
1.07812 3.06676 0.0667573 0.0667479
1.125 3.06823 0.0682261 0.0682166
1.125 3.06823 0.0682261 0.0682166
1.17188 3.06953 0.0695306 0.0695209
1.17188 3.06953 0.0695306 0.0695209
1.21875 3.07067 0.0706676 0.0706577
1.21875 3.07067 0.0706676 0.0706577
1.26562 3.07163 0.0716343 0.0716243
1.26562 3.07163 0.0716343 0.0716243
1.3125 3.07243 0.0724285 0.0724183
1.3125 3.07243 0.0724285 0.0724183
1.35938 3.07305 0.0730481 0.0730379
1.35938 3.07305 0.0730481 0.0730379
1.40625 3.07349 0.0734918 0.0734815
1.40625 3.07349 0.0734918 0.0734815
1.45312 3.07376 0.0737585 0.0737482
1.45312 3.07376 0.0737585 0.0737482
1.5 3.07385 0.0738474 0.0738371
1.5 3.07385 0.0738474 0.0738371
1.54688 3.07376 0.0737585 0.0737482
1.54688 3.07376 0.0737585 0.0737482
1.59375 3.07349 0.0734918 0.0734815
1.59375 3.07349 0.0734918 0.0734815
1.64062 3.07305 0.0730481 0.0730379
1.64062 3.07305 0.0730481 0.0730379
1.6875 3.07243 0.0724285 0.0724183
1.6875 3.07243 0.0724285 0.0724183
1.73438 3.07163 0.0716343 0.0716243
1.73438 3.07163 0.0716343 0.0716243
1.78125 3.07067 0.0706676 0.0706577
1.78125 3.07067 0.0706676 0.0706577
1.82812 3.06953 0.0695306 0.0695209
1.82812 3.06953 0.0695306 0.0695209
1.875 3.06823 0.0682261 0.0682166
1.875 3.06823 0.0682261 0.0682166
1.92188 3.06676 0.0667573 0.0667479
1.92188 3.06676 0.0667573 0.0667479
1.96875 3.06513 0.0651276 0.0651185
1.96875 3.06513 0.0651276 0.0651185
2.01562 3.06334 0.0633411 0.0633322
2.01562 3.06334 0.0633411 0.0633322
2.0625 3.0614 0.0614019 0.0613933
2.0625 3.0614 0.0614019 0.0613933
2.10938 3.05931 0.0593148 0.0593065
2.10938 3.05931 0.0593148 0.0593065
2.15625 3.05708 0.0570848 0.0570768
2.15625 3.05708 0.0570848 0.0570768
2.20312 3.05472 0.0547173 0.0547097
2.20312 3.05472 0.0547173 0.0547097
2.25 3.05222 0.052218 0.0522107
2.25 3.05222 0.052218 0.0522107
2.29688 3.04959 0.049593 0.0495861
2.29688 3.04959 0.049593 0.0495861
2.34375 3.04685 0.0468486 0.0468421
2.34375 3.04685 0.0468486 0.0468421
2.39062 3.04399 0.0439917 0.0439857
2.39062 3.04399 0.0439917 0.0439857
2.4375 3.04103 0.0410299 0.0410247
2.4375 3.04103 0.0410299 0.0410247
2.48438 3.03797 0.0379722 0.0379682
2.48438 3.03797 0.0379722 0.0379682
2.53125 3.03483 0.0348301 0.0348283
2.53125 3.03483 0.0348301 0.0348283
2.57812 3.03162 0.0316197 0.0316226
2.57812 3.03162 0.0316197 0.0316226
2.625 3.02837 0.0283661 0.0283778
2.625 3.02837 0.0283661 0.0283778
2.67188 3.02511 0.0251077 0.0251356
2.67188 3.02511 0.0251077 0.0251356
2.71875 3.0219 0.0219026 0.0219583
2.71875 3.0219 0.0219026 0.0219583
2.76562 3.01883 0.0188336 0.018934
2.76562 3.01883 0.0188336 0.018934
2.8125 3.01601 0.0160101 0.016177
2.8125 3.01601 0.0160101 0.016177
2.85938 3.01356 0.0135627 0.0138218
2.85938 3.01356 0.0135627 0.0138218
2.90625 3.01163 0.0116308 0.0120085
2.90625 3.01163 0.0116308 0.0120085
2.95312 3.01034 0.0103425 0.0108622
2.95312 3.01034 0.0103425 0.0108622
3 3.00979 0.00979156 0.0104697
