# x y topography analytical topography
0 3.01296 0.012956 0.0136593
0.046875 3.01338 0.0133756 0.0139519
0.046875 3.01338 0.0133756 0.0139519
0.09375 3.01436 0.0143572 0.0148153
0.09375 3.01436 0.0143572 0.0148153
0.140625 3.01586 0.0158563 0.0162087
0.140625 3.01586 0.0158563 0.0162087
0.1875 3.01781 0.0178077 0.0180695
0.1875 3.01781 0.0178077 0.0180695
0.234375 3.02013 0.0201332 0.0203203
0.234375 3.02013 0.0201332 0.0203203
0.28125 3.02275 0.0227493 0.0228775
0.28125 3.02275 0.0227493 0.0228775
0.328125 3.02557 0.0255746 0.0256581
0.328125 3.02557 0.0255746 0.0256581
0.375 3.02853 0.0285347 0.0285857
0.375 3.02853 0.0285347 0.0285857
0.421875 3.03157 0.0315659 0.0315943
0.421875 3.03157 0.0315659 0.0315943
0.46875 3.03462 0.0346164 0.0346296
0.46875 3.03462 0.0346164 0.0346296
0.515625 3.03765 0.0376457 0.037649
0.515625 3.03765 0.0376457 0.037649
0.5625 3.04062 0.0406231 0.0406201
0.5625 3.04062 0.0406231 0.0406201
0.609375 3.04353 0.0435257 0.0435188
0.609375 3.04353 0.0435257 0.0435188
0.65625 3.04634 0.0463367 0.0463273
0.65625 3.04634 0.0463367 0.0463273
0.703125 3.04904 0.0490433 0.0490322
0.703125 3.04904 0.0490433 0.0490322
0.75 3.05164 0.0516355 0.0516233
0.75 3.05164 0.0516355 0.0516233
0.796875 3.05411 0.0541051 0.0540922
0.796875 3.05411 0.0541051 0.0540922
0.84375 3.05645 0.0564454 0.0564317
0.84375 3.05645 0.0564454 0.0564317
0.890625 3.05865 0.0586501 0.0586358
0.890625 3.05865 0.0586501 0.0586358
0.9375 3.06071 0.0607136 0.0606988
0.9375 3.06071 0.0607136 0.0606988
0.984375 3.06263 0.062631 0.0626157
0.984375 3.06263 0.062631 0.0626157
1.03125 3.0644 0.0643975 0.0643818
1.03125 3.0644 0.0643975 0.0643818
1.07812 3.06601 0.0660089 0.0659928
1.07812 3.06601 0.0660089 0.0659928
1.125 3.06746 0.0674613 0.0674448
1.125 3.06746 0.0674613 0.0674448
1.17188 3.06875 0.0687511 0.0687344
1.17188 3.06875 0.0687511 0.0687344
1.21875 3.06988 0.0698753 0.0698583
1.21875 3.06988 0.0698753 0.0698583
1.26562 3.07083 0.0708312 0.070814
1.26562 3.07083 0.0708312 0.070814
1.3125 3.07162 0.0716165 0.0715991
1.3125 3.07162 0.0716165 0.0715991
1.35938 3.07223 0.0722292 0.0722116
1.35938 3.07223 0.0722292 0.0722116
1.40625 3.07267 0.0726679 0.0726503
1.40625 3.07267 0.0726679 0.0726503
1.45312 3.07293 0.0729316 0.0729138
1.45312 3.07293 0.0729316 0.0729138
1.5 3.07302 0.0730195 0.0730018
1.5 3.07302 0.0730195 0.0730018
1.54688 3.07293 0.0729316 0.0729138
1.54688 3.07293 0.0729316 0.0729138
1.59375 3.07267 0.0726679 0.0726503
1.59375 3.07267 0.0726679 0.0726503
1.64062 3.07223 0.0722292 0.0722116
1.64062 3.07223 0.0722292 0.0722116
1.6875 3.07162 0.0716165 0.0715991
1.6875 3.07162 0.0716165 0.0715991
1.73438 3.07083 0.0708312 0.070814
1.73438 3.07083 0.0708312 0.070814
1.78125 3.06988 0.0698753 0.0698583
1.78125 3.06988 0.0698753 0.0698583
1.82812 3.06875 0.0687511 0.0687344
1.82812 3.06875 0.0687511 0.0687344
1.875 3.06746 0.0674613 0.0674448
1.875 3.06746 0.0674613 0.0674448
1.92188 3.06601 0.0660089 0.0659928
1.92188 3.06601 0.0660089 0.0659928
1.96875 3.0644 0.0643975 0.0643818
1.96875 3.0644 0.0643975 0.0643818
2.01562 3.06263 0.062631 0.0626157
2.01562 3.06263 0.062631 0.0626157
2.0625 3.06071 0.0607136 0.0606988
2.0625 3.06071 0.0607136 0.0606988
2.10938 3.05865 0.0586501 0.0586358
2.10938 3.05865 0.0586501 0.0586358
2.15625 3.05645 0.0564454 0.0564317
2.15625 3.05645 0.0564454 0.0564317
2.20312 3.05411 0.0541051 0.0540922
2.20312 3.05411 0.0541051 0.0540922
2.25 3.05164 0.0516355 0.0516233
2.25 3.05164 0.0516355 0.0516233
2.29688 3.04904 0.0490433 0.0490322
2.29688 3.04904 0.0490433 0.0490322
2.34375 3.04634 0.0463367 0.0463273
2.34375 3.04634 0.0463367 0.0463273
2.39062 3.04353 0.0435257 0.0435188
2.39062 3.04353 0.0435257 0.0435188
2.4375 3.04062 0.0406231 0.0406201
2.4375 3.04062 0.0406231 0.0406201
2.48438 3.03765 0.0376457 0.037649
2.48438 3.03765 0.0376457 0.037649
2.53125 3.03462 0.0346164 0.0346296
2.53125 3.03462 0.0346164 0.0346296
2.57812 3.03157 0.0315659 0.0315943
2.57812 3.03157 0.0315659 0.0315943
2.625 3.02853 0.0285347 0.0285857
2.625 3.02853 0.0285347 0.0285857
2.67188 3.02557 0.0255746 0.0256581
2.67188 3.02557 0.0255746 0.0256581
2.71875 3.02275 0.0227493 0.0228775
2.71875 3.02275 0.0227493 0.0228775
2.76562 3.02013 0.0201332 0.0203203
2.76562 3.02013 0.0201332 0.0203203
2.8125 3.01781 0.0178077 0.0180695
2.8125 3.01781 0.0178077 0.0180695
2.85938 3.01586 0.0158563 0.0162087
2.85938 3.01586 0.0158563 0.0162087
2.90625 3.01436 0.0143572 0.0148153
2.90625 3.01436 0.0143572 0.0148153
2.95312 3.01338 0.0133756 0.0139519
2.95312 3.01338 0.0133756 0.0139519
3 3.01296 0.012956 0.0136593
