# x y topography analytical topography
0 3.00297 0.00297169 0.00356825
0.046875 3.00448 0.00447854 0.00470766
0.046875 3.00448 0.00447854 0.00470766
0.09375 3.00747 0.00747403 0.00752537
0.09375 3.00747 0.00747403 0.00752537
0.140625 3.011 0.0109989 0.0110051
0.140625 3.011 0.0109989 0.0110051
0.1875 3.01461 0.0146067 0.0146069
0.1875 3.01461 0.0146067 0.0146069
0.234375 3.01819 0.0181914 0.0181911
0.234375 3.01819 0.0181914 0.0181911
0.28125 3.02173 0.0217329 0.0217326
0.28125 3.02173 0.0217329 0.0217326
0.328125 3.02522 0.0252222 0.0252218
0.328125 3.02522 0.0252222 0.0252218
0.375 3.02865 0.0286506 0.0286502
0.375 3.02865 0.0286506 0.0286502
0.421875 3.03201 0.03201 0.0320095
0.421875 3.03201 0.03201 0.0320095
0.46875 3.03529 0.0352924 0.0352918
0.46875 3.03529 0.0352924 0.0352918
0.515625 3.03849 0.0384897 0.0384891
0.515625 3.03849 0.0384897 0.0384891
0.5625 3.04159 0.0415942 0.0415936
0.5625 3.04159 0.0415942 0.0415936
0.609375 3.0446 0.0445986 0.0445979
0.609375 3.0446 0.0445986 0.0445979
0.65625 3.0475 0.0474955 0.0474948
0.65625 3.0475 0.0474955 0.0474948
0.703125 3.05028 0.050278 0.0502772
0.703125 3.05028 0.050278 0.0502772
0.75 3.05294 0.0529394 0.0529386
0.75 3.05294 0.0529394 0.0529386
0.796875 3.05547 0.0554733 0.0554724
0.796875 3.05547 0.0554733 0.0554724
0.84375 3.05787 0.0578735 0.0578726
0.84375 3.05787 0.0578735 0.0578726
0.890625 3.06013 0.0601343 0.0601333
0.890625 3.06013 0.0601343 0.0601333
0.9375 3.06225 0.0622502 0.0622492
0.9375 3.06225 0.0622502 0.0622492
0.984375 3.06422 0.0642161 0.0642151
0.984375 3.06422 0.0642161 0.0642151
1.03125 3.06603 0.0660274 0.0660263
1.03125 3.06603 0.0660274 0.0660263
1.07812 3.06768 0.0676796 0.0676785
1.07812 3.06768 0.0676796 0.0676785
1.125 3.06917 0.0691687 0.0691676
1.125 3.06917 0.0691687 0.0691676
1.17188 3.07049 0.0704912 0.0704901
1.17188 3.07049 0.0704912 0.0704901
1.21875 3.07164 0.0716439 0.0716427
1.21875 3.07164 0.0716439 0.0716427
1.26562 3.07262 0.072624 0.0726228
1.26562 3.07262 0.072624 0.0726228
1.3125 3.07343 0.0734291 0.0734279
1.3125 3.07343 0.0734291 0.0734279
1.35938 3.07406 0.0740573 0.0740562
1.35938 3.07406 0.0740573 0.0740562
1.40625 3.07451 0.0745071 0.074506
1.40625 3.07451 0.0745071 0.074506
1.45312 3.07478 0.0747775 0.0747763
1.45312 3.07478 0.0747775 0.0747763
1.5 3.07487 0.0748677 0.0748665
1.5 3.07487 0.0748677 0.0748665
1.54688 3.07478 0.0747775 0.0747763
1.54688 3.07478 0.0747775 0.0747763
1.59375 3.07451 0.0745071 0.074506
1.59375 3.07451 0.0745071 0.074506
1.64062 3.07406 0.0740573 0.0740562
1.64062 3.07406 0.0740573 0.0740562
1.6875 3.07343 0.0734291 0.0734279
1.6875 3.07343 0.0734291 0.0734279
1.73438 3.07262 0.072624 0.0726228
1.73438 3.07262 0.072624 0.0726228
1.78125 3.07164 0.0716439 0.0716427
1.78125 3.07164 0.0716439 0.0716427
1.82812 3.07049 0.0704912 0.0704901
1.82812 3.07049 0.0704912 0.0704901
1.875 3.06917 0.0691687 0.0691676
1.875 3.06917 0.0691687 0.0691676
1.92188 3.06768 0.0676796 0.0676785
1.92188 3.06768 0.0676796 0.0676785
1.96875 3.06603 0.0660274 0.0660263
1.96875 3.06603 0.0660274 0.0660263
2.01562 3.06422 0.0642161 0.0642151
2.01562 3.06422 0.0642161 0.0642151
2.0625 3.06225 0.0622502 0.0622492
2.0625 3.06225 0.0622502 0.0622492
2.10938 3.06013 0.0601343 0.0601333
2.10938 3.06013 0.0601343 0.0601333
2.15625 3.05787 0.0578735 0.0578726
2.15625 3.05787 0.0578735 0.0578726
2.20312 3.05547 0.0554733 0.0554724
2.20312 3.05547 0.0554733 0.0554724
2.25 3.05294 0.0529394 0.0529386
2.25 3.05294 0.0529394 0.0529386
2.29688 3.05028 0.050278 0.0502772
2.29688 3.05028 0.050278 0.0502772
2.34375 3.0475 0.0474955 0.0474948
2.34375 3.0475 0.0474955 0.0474948
2.39062 3.0446 0.0445986 0.0445979
2.39062 3.0446 0.0445986 0.0445979
2.4375 3.04159 0.0415942 0.0415936
2.4375 3.04159 0.0415942 0.0415936
2.48438 3.03849 0.0384897 0.0384891
2.48438 3.03849 0.0384897 0.0384891
2.53125 3.03529 0.0352924 0.0352918
2.53125 3.03529 0.0352924 0.0352918
2.57812 3.03201 0.03201 0.0320095
2.57812 3.03201 0.03201 0.0320095
2.625 3.02865 0.0286506 0.0286502
2.625 3.02865 0.0286506 0.0286502
2.67188 3.02522 0.0252222 0.0252218
2.67188 3.02522 0.0252222 0.0252218
2.71875 3.02173 0.0217329 0.0217326
2.71875 3.02173 0.0217329 0.0217326
2.76562 3.01819 0.0181914 0.0181911
2.76562 3.01819 0.0181914 0.0181911
2.8125 3.01461 0.0146067 0.0146069
2.8125 3.01461 0.0146067 0.0146069
2.85938 3.011 0.0109989 0.0110051
2.85938 3.011 0.0109989 0.0110051
2.90625 3.00747 0.00747403 0.00752537
2.90625 3.00747 0.00747403 0.00752537
2.95312 3.00448 0.00447854 0.00470766
2.95312 3.00448 0.00447854 0.00470766
3 3.00297 0.00297169 0.00356825
