# x y topography analytical topography
0 3.00871 0.00870525 0.00937372
0.046875 3.00932 0.00932022 0.00981515
0.046875 3.00932 0.00932022 0.00981515
0.09375 3.01075 0.0107537 0.0110963
0.09375 3.01075 0.0107537 0.0110963
0.140625 3.01288 0.0128791 0.0130995
0.140625 3.01288 0.0128791 0.0130995
0.1875 3.01553 0.0155305 0.0156614
0.1875 3.01553 0.0155305 0.0156614
0.234375 3.01854 0.0185378 0.0186089
0.234375 3.01854 0.0185378 0.0186089
0.28125 3.02175 0.0217528 0.0217876
0.28125 3.02175 0.0217528 0.0217876
0.328125 3.02506 0.0250628 0.0250773
0.328125 3.02506 0.0250628 0.0250773
0.375 3.02839 0.0283907 0.0283949
0.375 3.02839 0.0283907 0.0283949
0.421875 3.03169 0.0316879 0.0316873
0.421875 3.03169 0.0316879 0.0316873
0.46875 3.03493 0.0349255 0.0349226
0.46875 3.03493 0.0349255 0.0349226
0.515625 3.03809 0.0380855 0.0380816
0.515625 3.03809 0.0380855 0.0380816
0.5625 3.04116 0.0411563 0.0411518
0.5625 3.04116 0.0411563 0.0411518
0.609375 3.04413 0.0441286 0.0441237
0.609375 3.04413 0.0441286 0.0441237
0.65625 3.04699 0.0469949 0.0469897
0.65625 3.04699 0.0469949 0.0469897
0.703125 3.04975 0.0497481 0.0497426
0.703125 3.04975 0.0497481 0.0497426
0.75 3.05238 0.0523814 0.0523756
0.75 3.05238 0.0523814 0.0523756
0.796875 3.05489 0.0548886 0.0548824
0.796875 3.05489 0.0548886 0.0548824
0.84375 3.05726 0.0572635 0.0572571
0.84375 3.05726 0.0572635 0.0572571
0.890625 3.0595 0.0595004 0.0594938
0.890625 3.0595 0.0595004 0.0594938
0.9375 3.06159 0.061594 0.0615872
0.9375 3.06159 0.061594 0.0615872
0.984375 3.06354 0.0635393 0.0635322
0.984375 3.06354 0.0635393 0.0635322
1.03125 3.06533 0.0653314 0.0653241
1.03125 3.06533 0.0653314 0.0653241
1.07812 3.06697 0.0669662 0.0669587
1.07812 3.06697 0.0669662 0.0669587
1.125 3.06844 0.0684396 0.068432
1.125 3.06844 0.0684396 0.068432
1.17188 3.06975 0.0697482 0.0697404
1.17188 3.06975 0.0697482 0.0697404
1.21875 3.07089 0.0708887 0.0708808
1.21875 3.07089 0.0708887 0.0708808
1.26562 3.07186 0.0718585 0.0718505
1.26562 3.07186 0.0718585 0.0718505
1.3125 3.07266 0.0726551 0.072647
1.3125 3.07266 0.0726551 0.072647
1.35938 3.07328 0.0732767 0.0732686
1.35938 3.07328 0.0732767 0.0732686
1.40625 3.07372 0.0737218 0.0737136
1.40625 3.07372 0.0737218 0.0737136
1.45312 3.07399 0.0739893 0.073981
1.45312 3.07399 0.0739893 0.073981
1.5 3.07408 0.0740785 0.0740703
1.5 3.07408 0.0740785 0.0740703
1.54688 3.07399 0.0739893 0.073981
1.54688 3.07399 0.0739893 0.073981
1.59375 3.07372 0.0737218 0.0737136
1.59375 3.07372 0.0737218 0.0737136
1.64062 3.07328 0.0732767 0.0732686
1.64062 3.07328 0.0732767 0.0732686
1.6875 3.07266 0.0726551 0.072647
1.6875 3.07266 0.0726551 0.072647
1.73438 3.07186 0.0718585 0.0718505
1.73438 3.07186 0.0718585 0.0718505
1.78125 3.07089 0.0708887 0.0708808
1.78125 3.07089 0.0708887 0.0708808
1.82812 3.06975 0.0697482 0.0697404
1.82812 3.06975 0.0697482 0.0697404
1.875 3.06844 0.0684396 0.068432
1.875 3.06844 0.0684396 0.068432
1.92188 3.06697 0.0669662 0.0669587
1.92188 3.06697 0.0669662 0.0669587
1.96875 3.06533 0.0653314 0.0653241
1.96875 3.06533 0.0653314 0.0653241
2.01562 3.06354 0.0635393 0.0635322
2.01562 3.06354 0.0635393 0.0635322
2.0625 3.06159 0.061594 0.0615872
2.0625 3.06159 0.061594 0.0615872
2.10938 3.0595 0.0595004 0.0594938
2.10938 3.0595 0.0595004 0.0594938
2.15625 3.05726 0.0572635 0.0572571
2.15625 3.05726 0.0572635 0.0572571
2.20312 3.05489 0.0548886 0.0548824
2.20312 3.05489 0.0548886 0.0548824
2.25 3.05238 0.0523814 0.0523756
2.25 3.05238 0.0523814 0.0523756
2.29688 3.04975 0.0497481 0.0497426
2.29688 3.04975 0.0497481 0.0497426
2.34375 3.04699 0.0469949 0.0469897
2.34375 3.04699 0.0469949 0.0469897
2.39062 3.04413 0.0441286 0.0441237
2.39062 3.04413 0.0441286 0.0441237
2.4375 3.04116 0.0411563 0.0411518
2.4375 3.04116 0.0411563 0.0411518
2.48438 3.03809 0.0380855 0.0380816
2.48438 3.03809 0.0380855 0.0380816
2.53125 3.03493 0.0349255 0.0349226
2.53125 3.03493 0.0349255 0.0349226
2.57812 3.03169 0.0316879 0.0316873
2.57812 3.03169 0.0316879 0.0316873
2.625 3.02839 0.0283907 0.0283949
2.625 3.02839 0.0283907 0.0283949
2.67188 3.02506 0.0250628 0.0250773
2.67188 3.02506 0.0250628 0.0250773
2.71875 3.02175 0.0217528 0.0217876
2.71875 3.02175 0.0217528 0.0217876
2.76562 3.01854 0.0185378 0.0186089
2.76562 3.01854 0.0185378 0.0186089
2.8125 3.01553 0.0155305 0.0156614
2.8125 3.01553 0.0155305 0.0156614
2.85938 3.01288 0.0128791 0.0130995
2.85938 3.01288 0.0128791 0.0130995
2.90625 3.01075 0.0107537 0.0110963
2.90625 3.01075 0.0107537 0.0110963
2.95312 3.00932 0.00932022 0.00981515
2.95312 3.00932 0.00932022 0.00981515
3 3.00871 0.00870525 0.00937372
