# x y topography analytical topography
0 3.00487 0.00487382 0.00550112
0.046875 3.0059 0.00589858 0.00625841
0.046875 3.0059 0.00589858 0.00625841
0.09375 3.00817 0.00816793 0.00833516
0.09375 3.00817 0.00816793 0.00833516
0.140625 3.01122 0.0112197 0.0112811
0.140625 3.01122 0.0112197 0.0112811
0.1875 3.01463 0.0146347 0.014652
0.1875 3.01463 0.0146347 0.014652
0.234375 3.01816 0.0181595 0.0181628
0.234375 3.01816 0.0181595 0.0181628
0.28125 3.02168 0.0216818 0.0216816
0.28125 3.02168 0.0216818 0.0216816
0.328125 3.02516 0.0251608 0.0251599
0.328125 3.02516 0.0251608 0.0251599
0.375 3.02858 0.0285807 0.0285796
0.375 3.02858 0.0285807 0.0285796
0.421875 3.03193 0.0319319 0.0319307
0.421875 3.03193 0.0319319 0.0319307
0.46875 3.03521 0.0352062 0.0352048
0.46875 3.03521 0.0352062 0.0352048
0.515625 3.0384 0.0383957 0.0383942
0.515625 3.0384 0.0383957 0.0383942
0.5625 3.04149 0.0414927 0.0414911
0.5625 3.04149 0.0414927 0.0414911
0.609375 3.04449 0.0444897 0.044488
0.609375 3.04449 0.0444897 0.044488
0.65625 3.04738 0.0473795 0.0473777
0.65625 3.04738 0.0473795 0.0473777
0.703125 3.05016 0.0501552 0.0501533
0.703125 3.05016 0.0501552 0.0501533
0.75 3.05281 0.0528101 0.0528081
0.75 3.05281 0.0528101 0.0528081
0.796875 3.05534 0.0553378 0.0553357
0.796875 3.05534 0.0553378 0.0553357
0.84375 3.05773 0.0577321 0.0577299
0.84375 3.05773 0.0577321 0.0577299
0.890625 3.05999 0.0599874 0.0599851
0.890625 3.05999 0.0599874 0.0599851
0.9375 3.0621 0.0620981 0.0620958
0.9375 3.0621 0.0620981 0.0620958
0.984375 3.06406 0.0640593 0.0640569
0.984375 3.06406 0.0640593 0.0640569
1.03125 3.06587 0.0658661 0.0658636
1.03125 3.06587 0.0658661 0.0658636
1.07812 3.06751 0.0675143 0.0675117
1.07812 3.06751 0.0675143 0.0675117
1.125 3.069 0.0689998 0.0689971
1.125 3.069 0.0689998 0.0689971
1.17188 3.07032 0.070319 0.0703164
1.17188 3.07032 0.070319 0.0703164
1.21875 3.07147 0.0714689 0.0714662
1.21875 3.07147 0.0714689 0.0714662
1.26562 3.07245 0.0724466 0.0724438
1.26562 3.07245 0.0724466 0.0724438
1.3125 3.07325 0.0732498 0.073247
1.3125 3.07325 0.0732498 0.073247
1.35938 3.07388 0.0738764 0.0738737
1.35938 3.07388 0.0738764 0.0738737
1.40625 3.07433 0.0743252 0.0743224
1.40625 3.07433 0.0743252 0.0743224
1.45312 3.07459 0.0745948 0.074592
1.45312 3.07459 0.0745948 0.074592
1.5 3.07468 0.0746848 0.074682
1.5 3.07468 0.0746848 0.074682
1.54688 3.07459 0.0745948 0.074592
1.54688 3.07459 0.0745948 0.074592
1.59375 3.07433 0.0743252 0.0743224
1.59375 3.07433 0.0743252 0.0743224
1.64062 3.07388 0.0738764 0.0738737
1.64062 3.07388 0.0738764 0.0738737
1.6875 3.07325 0.0732498 0.073247
1.6875 3.07325 0.0732498 0.073247
1.73438 3.07245 0.0724466 0.0724438
1.73438 3.07245 0.0724466 0.0724438
1.78125 3.07147 0.0714689 0.0714662
1.78125 3.07147 0.0714689 0.0714662
1.82812 3.07032 0.070319 0.0703164
1.82812 3.07032 0.070319 0.0703164
1.875 3.069 0.0689998 0.0689971
1.875 3.069 0.0689998 0.0689971
1.92188 3.06751 0.0675143 0.0675117
1.92188 3.06751 0.0675143 0.0675117
1.96875 3.06587 0.0658661 0.0658636
1.96875 3.06587 0.0658661 0.0658636
2.01562 3.06406 0.0640593 0.0640569
2.01562 3.06406 0.0640593 0.0640569
2.0625 3.0621 0.0620981 0.0620958
2.0625 3.0621 0.0620981 0.0620958
2.10938 3.05999 0.0599874 0.0599851
2.10938 3.05999 0.0599874 0.0599851
2.15625 3.05773 0.0577321 0.0577299
2.15625 3.05773 0.0577321 0.0577299
2.20312 3.05534 0.0553378 0.0553357
2.20312 3.05534 0.0553378 0.0553357
2.25 3.05281 0.0528101 0.0528081
2.25 3.05281 0.0528101 0.0528081
2.29688 3.05016 0.0501552 0.0501533
2.29688 3.05016 0.0501552 0.0501533
2.34375 3.04738 0.0473795 0.0473777
2.34375 3.04738 0.0473795 0.0473777
2.39062 3.04449 0.0444897 0.044488
2.39062 3.04449 0.0444897 0.044488
2.4375 3.04149 0.0414927 0.0414911
2.4375 3.04149 0.0414927 0.0414911
2.48438 3.0384 0.0383957 0.0383942
2.48438 3.0384 0.0383957 0.0383942
2.53125 3.03521 0.0352062 0.0352048
2.53125 3.03521 0.0352062 0.0352048
2.57812 3.03193 0.0319319 0.0319307
2.57812 3.03193 0.0319319 0.0319307
2.625 3.02858 0.0285807 0.0285796
2.625 3.02858 0.0285807 0.0285796
2.67188 3.02516 0.0251608 0.0251599
2.67188 3.02516 0.0251608 0.0251599
2.71875 3.02168 0.0216818 0.0216816
2.71875 3.02168 0.0216818 0.0216816
2.76562 3.01816 0.0181595 0.0181628
2.76562 3.01816 0.0181595 0.0181628
2.8125 3.01463 0.0146347 0.014652
2.8125 3.01463 0.0146347 0.014652
2.85938 3.01122 0.0112197 0.0112811
2.85938 3.01122 0.0112197 0.0112811
2.90625 3.00817 0.00816793 0.00833516
2.90625 3.00817 0.00816793 0.00833516
2.95312 3.0059 0.00589858 0.00625841
2.95312 3.0059 0.00589858 0.00625841
3 3.00487 0.00487382 0.00550112
