# x y topography analytical topography
0 3.00612 0.00612126 0.0067637
0.046875 3.00697 0.00696516 0.00738084
0.046875 3.00697 0.00696516 0.00738084
0.09375 3.00889 0.00888738 0.0091224
0.09375 3.00889 0.00888738 0.0091224
0.140625 3.0116 0.0115978 0.0117122
0.140625 3.0116 0.0115978 0.0117122
0.1875 3.01478 0.0147797 0.0148269
0.1875 3.01478 0.0147797 0.0148269
0.234375 3.01818 0.018183 0.018199
0.234375 3.01818 0.018183 0.018199
0.28125 3.02165 0.021653 0.0216569
0.28125 3.02165 0.021653 0.0216569
0.328125 3.02511 0.0251106 0.0251104
0.328125 3.02511 0.0251106 0.0251104
0.375 3.02852 0.0285195 0.0285181
0.375 3.02852 0.0285195 0.0285181
0.421875 3.03186 0.0318627 0.0318609
0.421875 3.03186 0.0318627 0.0318609
0.46875 3.03513 0.0351297 0.0351277
0.46875 3.03513 0.0351297 0.0351277
0.515625 3.03831 0.0383123 0.0383101
0.515625 3.03831 0.0383123 0.0383101
0.5625 3.0414 0.0414026 0.0414002
0.5625 3.0414 0.0414026 0.0414002
0.609375 3.04439 0.0443931 0.0443905
0.609375 3.04439 0.0443931 0.0443905
0.65625 3.04728 0.0472767 0.0472739
0.65625 3.04728 0.0472767 0.0472739
0.703125 3.05005 0.0500463 0.0500435
0.703125 3.05005 0.0500463 0.0500435
0.75 3.0527 0.0526955 0.0526924
0.75 3.0527 0.0526955 0.0526924
0.796875 3.05522 0.0552176 0.0552145
0.796875 3.05522 0.0552176 0.0552145
0.84375 3.05761 0.0576068 0.0576035
0.84375 3.05761 0.0576068 0.0576035
0.890625 3.05986 0.0598571 0.0598537
0.890625 3.05986 0.0598571 0.0598537
0.9375 3.06196 0.0619633 0.0619597
0.9375 3.06196 0.0619633 0.0619597
0.984375 3.06392 0.0639202 0.0639165
0.984375 3.06392 0.0639202 0.0639165
1.03125 3.06572 0.0657231 0.0657193
1.03125 3.06572 0.0657231 0.0657193
1.07812 3.06737 0.0673677 0.0673638
1.07812 3.06737 0.0673677 0.0673638
1.125 3.06885 0.0688499 0.068846
1.125 3.06885 0.0688499 0.068846
1.17188 3.07017 0.0701663 0.0701623
1.17188 3.07017 0.0701663 0.0701623
1.21875 3.07131 0.0713137 0.0713096
1.21875 3.07131 0.0713137 0.0713096
1.26562 3.07229 0.0722893 0.0722851
1.26562 3.07229 0.0722893 0.0722851
1.3125 3.07309 0.0730907 0.0730865
1.3125 3.07309 0.0730907 0.0730865
1.35938 3.07372 0.073716 0.0737118
1.35938 3.07372 0.073716 0.0737118
1.40625 3.07416 0.0741638 0.0741595
1.40625 3.07416 0.0741638 0.0741595
1.45312 3.07443 0.0744329 0.0744286
1.45312 3.07443 0.0744329 0.0744286
1.5 3.07452 0.0745226 0.0745184
1.5 3.07452 0.0745226 0.0745184
1.54688 3.07443 0.0744329 0.0744286
1.54688 3.07443 0.0744329 0.0744286
1.59375 3.07416 0.0741638 0.0741595
1.59375 3.07416 0.0741638 0.0741595
1.64062 3.07372 0.073716 0.0737118
1.64062 3.07372 0.073716 0.0737118
1.6875 3.07309 0.0730907 0.0730865
1.6875 3.07309 0.0730907 0.0730865
1.73438 3.07229 0.0722893 0.0722851
1.73438 3.07229 0.0722893 0.0722851
1.78125 3.07131 0.0713137 0.0713096
1.78125 3.07131 0.0713137 0.0713096
1.82812 3.07017 0.0701663 0.0701623
1.82812 3.07017 0.0701663 0.0701623
1.875 3.06885 0.0688499 0.068846
1.875 3.06885 0.0688499 0.068846
1.92188 3.06737 0.0673677 0.0673638
1.92188 3.06737 0.0673677 0.0673638
1.96875 3.06572 0.0657231 0.0657193
1.96875 3.06572 0.0657231 0.0657193
2.01562 3.06392 0.0639202 0.0639165
2.01562 3.06392 0.0639202 0.0639165
2.0625 3.06196 0.0619633 0.0619597
2.0625 3.06196 0.0619633 0.0619597
2.10938 3.05986 0.0598571 0.0598537
2.10938 3.05986 0.0598571 0.0598537
2.15625 3.05761 0.0576068 0.0576035
2.15625 3.05761 0.0576068 0.0576035
2.20312 3.05522 0.0552176 0.0552145
2.20312 3.05522 0.0552176 0.0552145
2.25 3.0527 0.0526955 0.0526924
2.25 3.0527 0.0526955 0.0526924
2.29688 3.05005 0.0500463 0.0500435
2.29688 3.05005 0.0500463 0.0500435
2.34375 3.04728 0.0472767 0.0472739
2.34375 3.04728 0.0472767 0.0472739
2.39062 3.04439 0.0443931 0.0443905
2.39062 3.04439 0.0443931 0.0443905
2.4375 3.0414 0.0414026 0.0414002
2.4375 3.0414 0.0414026 0.0414002
2.48438 3.03831 0.0383123 0.0383101
2.48438 3.03831 0.0383123 0.0383101
2.53125 3.03513 0.0351297 0.0351277
2.53125 3.03513 0.0351297 0.0351277
2.57812 3.03186 0.0318627 0.0318609
2.57812 3.03186 0.0318627 0.0318609
2.625 3.02852 0.0285195 0.0285181
2.625 3.02852 0.0285195 0.0285181
2.67188 3.02511 0.0251106 0.0251104
2.67188 3.02511 0.0251106 0.0251104
2.71875 3.02165 0.021653 0.0216569
2.71875 3.02165 0.021653 0.0216569
2.76562 3.01818 0.018183 0.018199
2.76562 3.01818 0.018183 0.018199
2.8125 3.01478 0.0147797 0.0148269
2.8125 3.01478 0.0147797 0.0148269
2.85938 3.0116 0.0115978 0.0117122
2.85938 3.0116 0.0115978 0.0117122
2.90625 3.00889 0.00888738 0.0091224
2.90625 3.00889 0.00888738 0.0091224
2.95312 3.00697 0.00696516 0.00738084
2.95312 3.00697 0.00696516 0.00738084
3 3.00612 0.00612126 0.0067637
