# x y topography analytical topography
0 3.01151 0.0115083 0.0122006
0.046875 3.01198 0.0119801 0.0125328
0.046875 3.01198 0.0119801 0.0125328
0.09375 3.01308 0.0130849 0.0135096
0.09375 3.01308 0.0130849 0.0135096
0.140625 3.01476 0.0147614 0.0150744
0.140625 3.01476 0.0147614 0.0150744
0.1875 3.01692 0.016922 0.0171426
0.1875 3.01692 0.016922 0.0171426
0.234375 3.01947 0.0194654 0.0196134
0.234375 3.01947 0.0194654 0.0196134
0.28125 3.02229 0.0222884 0.0223824
0.28125 3.02229 0.0222884 0.0223824
0.328125 3.0253 0.0252957 0.0253515
0.328125 3.0253 0.0252957 0.0253515
0.375 3.02841 0.0284061 0.0284363
0.375 3.02841 0.0284061 0.0284363
0.421875 3.03155 0.0315549 0.0315689
0.421875 3.03155 0.0315549 0.0315689
0.46875 3.03469 0.0346938 0.0346978
0.46875 3.03469 0.0346938 0.0346978
0.515625 3.03779 0.0377875 0.0377856
0.515625 3.03779 0.0377875 0.0377856
0.5625 3.04081 0.0408115 0.0408062
0.5625 3.04081 0.0408115 0.0408062
0.609375 3.04375 0.0437481 0.0437409
0.609375 3.04375 0.0437481 0.0437409
0.65625 3.04658 0.0465849 0.0465765
0.65625 3.04658 0.0465849 0.0465765
0.703125 3.04931 0.049312 0.0493027
0.703125 3.04931 0.049312 0.0493027
0.75 3.05192 0.0519214 0.0519115
0.75 3.05192 0.0519214 0.0519115
0.796875 3.05441 0.0544062 0.0543958
0.796875 3.05441 0.0544062 0.0543958
0.84375 3.05676 0.0567601 0.0567492
0.84375 3.05676 0.0567601 0.0567492
0.890625 3.05898 0.0589774 0.0589661
0.890625 3.05898 0.0589774 0.0589661
0.9375 3.06105 0.0610526 0.0610409
0.9375 3.06105 0.0610526 0.0610409
0.984375 3.06298 0.0629807 0.0629686
0.984375 3.06298 0.0629807 0.0629686
1.03125 3.06476 0.0647571 0.0647447
1.03125 3.06476 0.0647571 0.0647447
1.07812 3.06638 0.0663775 0.0663648
1.07812 3.06638 0.0663775 0.0663648
1.125 3.06784 0.067838 0.067825
1.125 3.06784 0.067838 0.067825
1.17188 3.06914 0.0691351 0.0691218
1.17188 3.06914 0.0691351 0.0691218
1.21875 3.07027 0.0702656 0.0702521
1.21875 3.07027 0.0702656 0.0702521
1.26562 3.07123 0.0712268 0.0712131
1.26562 3.07123 0.0712268 0.0712131
1.3125 3.07202 0.0720164 0.0720026
1.3125 3.07202 0.0720164 0.0720026
1.35938 3.07263 0.0726326 0.0726186
1.35938 3.07263 0.0726326 0.0726186
1.40625 3.07307 0.0730738 0.0730597
1.40625 3.07307 0.0730738 0.0730597
1.45312 3.07334 0.0733389 0.0733248
1.45312 3.07334 0.0733389 0.0733248
1.5 3.07343 0.0734273 0.0734132
1.5 3.07343 0.0734273 0.0734132
1.54688 3.07334 0.0733389 0.0733248
1.54688 3.07334 0.0733389 0.0733248
1.59375 3.07307 0.0730738 0.0730597
1.59375 3.07307 0.0730738 0.0730597
1.64062 3.07263 0.0726326 0.0726186
1.64062 3.07263 0.0726326 0.0726186
1.6875 3.07202 0.0720164 0.0720026
1.6875 3.07202 0.0720164 0.0720026
1.73438 3.07123 0.0712268 0.0712131
1.73438 3.07123 0.0712268 0.0712131
1.78125 3.07027 0.0702656 0.0702521
1.78125 3.07027 0.0702656 0.0702521
1.82812 3.06914 0.0691351 0.0691218
1.82812 3.06914 0.0691351 0.0691218
1.875 3.06784 0.067838 0.067825
1.875 3.06784 0.067838 0.067825
1.92188 3.06638 0.0663775 0.0663648
1.92188 3.06638 0.0663775 0.0663648
1.96875 3.06476 0.0647571 0.0647447
1.96875 3.06476 0.0647571 0.0647447
2.01562 3.06298 0.0629807 0.0629686
2.01562 3.06298 0.0629807 0.0629686
2.0625 3.06105 0.0610526 0.0610409
2.0625 3.06105 0.0610526 0.0610409
2.10938 3.05898 0.0589774 0.0589661
2.10938 3.05898 0.0589774 0.0589661
2.15625 3.05676 0.0567601 0.0567492
2.15625 3.05676 0.0567601 0.0567492
2.20312 3.05441 0.0544062 0.0543958
2.20312 3.05441 0.0544062 0.0543958
2.25 3.05192 0.0519214 0.0519115
2.25 3.05192 0.0519214 0.0519115
2.29688 3.04931 0.049312 0.0493027
2.29688 3.04931 0.049312 0.0493027
2.34375 3.04658 0.0465849 0.0465765
2.34375 3.04658 0.0465849 0.0465765
2.39062 3.04375 0.0437481 0.0437409
2.39062 3.04375 0.0437481 0.0437409
2.4375 3.04081 0.0408115 0.0408062
2.4375 3.04081 0.0408115 0.0408062
2.48438 3.03779 0.0377875 0.0377856
2.48438 3.03779 0.0377875 0.0377856
2.53125 3.03469 0.0346938 0.0346978
2.53125 3.03469 0.0346938 0.0346978
2.57812 3.03155 0.0315549 0.0315689
2.57812 3.03155 0.0315549 0.0315689
2.625 3.02841 0.0284061 0.0284363
2.625 3.02841 0.0284061 0.0284363
2.67188 3.0253 0.0252957 0.0253515
2.67188 3.0253 0.0252957 0.0253515
2.71875 3.02229 0.0222884 0.0223824
2.71875 3.02229 0.0222884 0.0223824
2.76562 3.01947 0.0194654 0.0196134
2.76562 3.01947 0.0194654 0.0196134
2.8125 3.01692 0.016922 0.0171426
2.8125 3.01692 0.016922 0.0171426
2.85938 3.01476 0.0147614 0.0150744
2.85938 3.01476 0.0147614 0.0150744
2.90625 3.01308 0.0130849 0.0135096
2.90625 3.01308 0.0130849 0.0135096
2.95312 3.01198 0.0119801 0.0125328
2.95312 3.01198 0.0119801 0.0125328
3 3.01151 0.0115083 0.0122006
