# x y topography analytical topography
0 3.01206 0.0120597 0.0127562
0.046875 3.01251 0.0125103 0.0130723
0.046875 3.01251 0.0125103 0.0130723
0.09375 3.01357 0.0135653 0.0140033
0.09375 3.01357 0.0135653 0.0140033
0.140625 3.01517 0.0151706 0.0154992
0.140625 3.01517 0.0151706 0.0154992
0.1875 3.01725 0.0172483 0.0174849
0.1875 3.01725 0.0172483 0.0174849
0.234375 3.01971 0.0197065 0.0198696
0.234375 3.01971 0.0197065 0.0198696
0.28125 3.02245 0.02245 0.0225569
0.28125 3.02245 0.02245 0.0225569
0.328125 3.02539 0.0253888 0.0254549
0.328125 3.02539 0.0253888 0.0254549
0.375 3.02844 0.0284441 0.0284818
0.375 3.02844 0.0284441 0.0284818
0.421875 3.03155 0.0315509 0.0315698
0.421875 3.03155 0.0315509 0.0315698
0.46875 3.03466 0.034659 0.034666
0.46875 3.03466 0.034659 0.034666
0.515625 3.03773 0.0377308 0.0377305
0.515625 3.03773 0.0377308 0.0377305
0.5625 3.04074 0.0407392 0.0407345
0.5625 3.04074 0.0407392 0.0407345
0.609375 3.04366 0.0436646 0.0436573
0.609375 3.04366 0.0436646 0.0436573
0.65625 3.04649 0.0464927 0.0464838
0.65625 3.04649 0.0464927 0.0464838
0.703125 3.04921 0.0492128 0.0492028
0.703125 3.04921 0.0492128 0.0492028
0.75 3.05182 0.0518163 0.0518055
0.75 3.05182 0.0518163 0.0518055
0.796875 3.0543 0.0542957 0.0542843
0.796875 3.0543 0.0542957 0.0542843
0.84375 3.05664 0.0566447 0.0566328
0.84375 3.05664 0.0566447 0.0566328
0.890625 3.05886 0.0588574 0.058845
0.890625 3.05886 0.0588574 0.058845
0.9375 3.06093 0.0609283 0.0609155
0.9375 3.06093 0.0609283 0.0609155
0.984375 3.06285 0.0628525 0.0628393
0.984375 3.06285 0.0628525 0.0628393
1.03125 3.06463 0.0646253 0.0646117
1.03125 3.06463 0.0646253 0.0646117
1.07812 3.06624 0.0662424 0.0662284
1.07812 3.06624 0.0662424 0.0662284
1.125 3.0677 0.0676999 0.0676857
1.125 3.0677 0.0676999 0.0676857
1.17188 3.06899 0.0689943 0.0689798
1.17188 3.06899 0.0689943 0.0689798
1.21875 3.07012 0.0701226 0.0701078
1.21875 3.07012 0.0701226 0.0701078
1.26562 3.07108 0.0710818 0.0710668
1.26562 3.07108 0.0710818 0.0710668
1.3125 3.07187 0.0718699 0.0718547
1.3125 3.07187 0.0718699 0.0718547
1.35938 3.07248 0.0724848 0.0724695
1.35938 3.07248 0.0724848 0.0724695
1.40625 3.07293 0.072925 0.0729096
1.40625 3.07293 0.072925 0.0729096
1.45312 3.07319 0.0731896 0.0731742
1.45312 3.07319 0.0731896 0.0731742
1.5 3.07328 0.0732779 0.0732624
1.5 3.07328 0.0732779 0.0732624
1.54688 3.07319 0.0731896 0.0731742
1.54688 3.07319 0.0731896 0.0731742
1.59375 3.07293 0.072925 0.0729096
1.59375 3.07293 0.072925 0.0729096
1.64062 3.07248 0.0724848 0.0724695
1.64062 3.07248 0.0724848 0.0724695
1.6875 3.07187 0.0718699 0.0718547
1.6875 3.07187 0.0718699 0.0718547
1.73438 3.07108 0.0710818 0.0710668
1.73438 3.07108 0.0710818 0.0710668
1.78125 3.07012 0.0701226 0.0701078
1.78125 3.07012 0.0701226 0.0701078
1.82812 3.06899 0.0689943 0.0689798
1.82812 3.06899 0.0689943 0.0689798
1.875 3.0677 0.0676999 0.0676857
1.875 3.0677 0.0676999 0.0676857
1.92188 3.06624 0.0662424 0.0662284
1.92188 3.06624 0.0662424 0.0662284
1.96875 3.06463 0.0646253 0.0646117
1.96875 3.06463 0.0646253 0.0646117
2.01562 3.06285 0.0628525 0.0628393
2.01562 3.06285 0.0628525 0.0628393
2.0625 3.06093 0.0609283 0.0609155
2.0625 3.06093 0.0609283 0.0609155
2.10938 3.05886 0.0588574 0.058845
2.10938 3.05886 0.0588574 0.058845
2.15625 3.05664 0.0566447 0.0566328
2.15625 3.05664 0.0566447 0.0566328
2.20312 3.0543 0.0542957 0.0542843
2.20312 3.0543 0.0542957 0.0542843
2.25 3.05182 0.0518163 0.0518055
2.25 3.05182 0.0518163 0.0518055
2.29688 3.04921 0.0492128 0.0492028
2.29688 3.04921 0.0492128 0.0492028
2.34375 3.04649 0.0464927 0.0464838
2.34375 3.04649 0.0464927 0.0464838
2.39062 3.04366 0.0436646 0.0436573
2.39062 3.04366 0.0436646 0.0436573
2.4375 3.04074 0.0407392 0.0407345
2.4375 3.04074 0.0407392 0.0407345
2.48438 3.03773 0.0377308 0.0377305
2.48438 3.03773 0.0377308 0.0377305
2.53125 3.03466 0.034659 0.034666
2.53125 3.03466 0.034659 0.034666
2.57812 3.03155 0.0315509 0.0315698
2.57812 3.03155 0.0315509 0.0315698
2.625 3.02844 0.0284441 0.0284818
2.625 3.02844 0.0284441 0.0284818
2.67188 3.02539 0.0253888 0.0254549
2.67188 3.02539 0.0253888 0.0254549
2.71875 3.02245 0.02245 0.0225569
2.71875 3.02245 0.02245 0.0225569
2.76562 3.01971 0.0197065 0.0198696
2.76562 3.01971 0.0197065 0.0198696
2.8125 3.01725 0.0172483 0.0174849
2.8125 3.01725 0.0172483 0.0174849
2.85938 3.01517 0.0151706 0.0154992
2.85938 3.01517 0.0151706 0.0154992
2.90625 3.01357 0.0135653 0.0140033
2.90625 3.01357 0.0135653 0.0140033
2.95312 3.01251 0.0125103 0.0130723
2.95312 3.01251 0.0125103 0.0130723
3 3.01206 0.0120597 0.0127562
