# x y topography
0 3.01085 0.0108475
0.046875 3.01135 0.0113471
0.046875 3.01135 0.0113471
0.09375 3.01252 0.012517
0.09375 3.01252 0.012517
0.140625 3.01429 0.0142853
0.140625 3.01429 0.0142853
0.1875 3.01655 0.0165511
0.1875 3.01655 0.0165511
0.234375 3.0192 0.0192
0.234375 3.0192 0.0192
0.28125 3.02212 0.0221185
0.28125 3.02212 0.0221185
0.328125 3.02521 0.0252053
0.328125 3.02521 0.0252053
0.375 3.02838 0.0283774
0.375 3.02838 0.0283774
0.421875 3.03157 0.0315716
0.421875 3.03157 0.0315716
0.46875 3.03474 0.0347423
0.46875 3.03474 0.0347423
0.515625 3.03786 0.037858
0.515625 3.03786 0.037858
0.5625 3.0409 0.0408974
0.5625 3.0409 0.0408974
0.609375 3.04385 0.0438453
0.609375 3.04385 0.0438453
0.65625 3.04669 0.0466908
0.65625 3.04669 0.0466908
0.703125 3.04943 0.0494253
0.703125 3.04943 0.0494253
0.75 3.05204 0.0520412
0.75 3.05204 0.0520412
0.796875 3.05453 0.0545319
0.796875 3.05453 0.0545319
0.84375 3.05689 0.0568913
0.84375 3.05689 0.0568913
0.890625 3.05911 0.0591137
0.890625 3.05911 0.0591137
0.9375 3.06119 0.0611937
0.9375 3.06119 0.0611937
0.984375 3.06313 0.0631263
0.984375 3.06313 0.0631263
1.03125 3.06491 0.0649068
1.03125 3.06491 0.0649068
1.07812 3.06653 0.066531
1.07812 3.06653 0.066531
1.125 3.06799 0.0679948
1.125 3.06799 0.0679948
1.17188 3.06929 0.0692949
1.17188 3.06929 0.0692949
1.21875 3.07043 0.070428
1.21875 3.07043 0.070428
1.26562 3.07139 0.0713915
1.26562 3.07139 0.0713915
1.3125 3.07218 0.0721829
1.3125 3.07218 0.0721829
1.35938 3.0728 0.0728005
1.35938 3.0728 0.0728005
1.40625 3.07324 0.0732427
1.40625 3.07324 0.0732427
1.45312 3.07351 0.0735084
1.45312 3.07351 0.0735084
1.5 3.0736 0.0735971
1.5 3.0736 0.0735971
1.54688 3.07351 0.0735084
1.54688 3.07351 0.0735084
1.59375 3.07324 0.0732427
1.59375 3.07324 0.0732427
1.64062 3.0728 0.0728005
1.64062 3.0728 0.0728005
1.6875 3.07218 0.0721829
1.6875 3.07218 0.0721829
1.73438 3.07139 0.0713915
1.73438 3.07139 0.0713915
1.78125 3.07043 0.070428
1.78125 3.07043 0.070428
1.82812 3.06929 0.0692949
1.82812 3.06929 0.0692949
1.875 3.06799 0.0679948
1.875 3.06799 0.0679948
1.92188 3.06653 0.066531
1.92188 3.06653 0.066531
1.96875 3.06491 0.0649068
1.96875 3.06491 0.0649068
2.01562 3.06313 0.0631263
2.01562 3.06313 0.0631263
2.0625 3.06119 0.0611937
2.0625 3.06119 0.0611937
2.10938 3.05911 0.0591137
2.10938 3.05911 0.0591137
2.15625 3.05689 0.0568913
2.15625 3.05689 0.0568913
2.20312 3.05453 0.0545319
2.20312 3.05453 0.0545319
2.25 3.05204 0.0520412
2.25 3.05204 0.0520412
2.29688 3.04943 0.0494253
2.29688 3.04943 0.0494253
2.34375 3.04669 0.0466908
2.34375 3.04669 0.0466908
2.39062 3.04385 0.0438453
2.39062 3.04385 0.0438453
2.4375 3.0409 0.0408974
2.4375 3.0409 0.0408974
2.48438 3.03786 0.037858
2.48438 3.03786 0.037858
2.53125 3.03474 0.0347423
2.53125 3.03474 0.0347423
2.57812 3.03157 0.0315716
2.57812 3.03157 0.0315716
2.625 3.02838 0.0283774
2.625 3.02838 0.0283774
2.67188 3.02521 0.0252053
2.67188 3.02521 0.0252053
2.71875 3.02212 0.0221185
2.71875 3.02212 0.0221185
2.76562 3.0192 0.0192
2.76562 3.0192 0.0192
2.8125 3.01655 0.0165511
2.8125 3.01655 0.0165511
2.85938 3.01429 0.0142853
2.85938 3.01429 0.0142853
2.90625 3.01252 0.012517
2.90625 3.01252 0.012517
2.95312 3.01135 0.0113471
2.95312 3.01135 0.0113471
3 3.01085 0.0108475
