# x y topography
0 3.00905 0.00904977
0.046875 3.00964 0.00964296
0.046875 3.00964 0.00964296
0.09375 3.01103 0.0110275
0.09375 3.01103 0.0110275
0.140625 3.01309 0.0130884
0.140625 3.01309 0.0130884
0.1875 3.01567 0.0156733
0.1875 3.01567 0.0156733
0.234375 3.01862 0.0186223
0.234375 3.01862 0.0186223
0.28125 3.02179 0.0217925
0.28125 3.02179 0.0217925
0.328125 3.02507 0.0250715
0.328125 3.02507 0.0250715
0.375 3.02838 0.0283796
0.375 3.02838 0.0283796
0.421875 3.03166 0.031665
0.421875 3.03166 0.031665
0.46875 3.0349 0.0348952
0.46875 3.0349 0.0348952
0.515625 3.03805 0.0380504
0.515625 3.03805 0.0380504
0.5625 3.04112 0.0411175
0.5625 3.04112 0.0411175
0.609375 3.04409 0.0440868
0.609375 3.04409 0.0440868
0.65625 3.04695 0.0469503
0.65625 3.04695 0.0469503
0.703125 3.0497 0.0497008
0.703125 3.0497 0.0497008
0.75 3.05233 0.0523316
0.75 3.05233 0.0523316
0.796875 3.05484 0.0548364
0.796875 3.05484 0.0548364
0.84375 3.05721 0.057209
0.84375 3.05721 0.057209
0.890625 3.05944 0.0594439
0.890625 3.05944 0.0594439
0.9375 3.06154 0.0615355
0.9375 3.06154 0.0615355
0.984375 3.06348 0.0634789
0.984375 3.06348 0.0634789
1.03125 3.06527 0.0652693
1.03125 3.06527 0.0652693
1.07812 3.0669 0.0669025
1.07812 3.0669 0.0669025
1.125 3.06837 0.0683746
1.125 3.06837 0.0683746
1.17188 3.06968 0.0696819
1.17188 3.06968 0.0696819
1.21875 3.07082 0.0708213
1.21875 3.07082 0.0708213
1.26562 3.07179 0.0717902
1.26562 3.07179 0.0717902
1.3125 3.07259 0.0725861
1.3125 3.07259 0.0725861
1.35938 3.07321 0.0732071
1.35938 3.07321 0.0732071
1.40625 3.07365 0.0736517
1.40625 3.07365 0.0736517
1.45312 3.07392 0.073919
1.45312 3.07392 0.073919
1.5 3.07401 0.0740081
1.5 3.07401 0.0740081
1.54688 3.07392 0.073919
1.54688 3.07392 0.073919
1.59375 3.07365 0.0736517
1.59375 3.07365 0.0736517
1.64062 3.07321 0.0732071
1.64062 3.07321 0.0732071
1.6875 3.07259 0.0725861
1.6875 3.07259 0.0725861
1.73438 3.07179 0.0717902
1.73438 3.07179 0.0717902
1.78125 3.07082 0.0708213
1.78125 3.07082 0.0708213
1.82812 3.06968 0.0696819
1.82812 3.06968 0.0696819
1.875 3.06837 0.0683746
1.875 3.06837 0.0683746
1.92188 3.0669 0.0669025
1.92188 3.0669 0.0669025
1.96875 3.06527 0.0652693
1.96875 3.06527 0.0652693
2.01562 3.06348 0.0634789
2.01562 3.06348 0.0634789
2.0625 3.06154 0.0615355
2.0625 3.06154 0.0615355
2.10938 3.05944 0.0594439
2.10938 3.05944 0.0594439
2.15625 3.05721 0.057209
2.15625 3.05721 0.057209
2.20312 3.05484 0.0548364
2.20312 3.05484 0.0548364
2.25 3.05233 0.0523316
2.25 3.05233 0.0523316
2.29688 3.0497 0.0497008
2.29688 3.0497 0.0497008
2.34375 3.04695 0.0469503
2.34375 3.04695 0.0469503
2.39062 3.04409 0.0440868
2.39062 3.04409 0.0440868
2.4375 3.04112 0.0411175
2.4375 3.04112 0.0411175
2.48438 3.03805 0.0380504
2.48438 3.03805 0.0380504
2.53125 3.0349 0.0348952
2.53125 3.0349 0.0348952
2.57812 3.03166 0.031665
2.57812 3.03166 0.031665
2.625 3.02838 0.0283796
2.625 3.02838 0.0283796
2.67188 3.02507 0.0250715
2.67188 3.02507 0.0250715
2.71875 3.02179 0.0217925
2.71875 3.02179 0.0217925
2.76562 3.01862 0.0186223
2.76562 3.01862 0.0186223
2.8125 3.01567 0.0156733
2.8125 3.01567 0.0156733
2.85938 3.01309 0.0130884
2.85938 3.01309 0.0130884
2.90625 3.01103 0.0110275
2.90625 3.01103 0.0110275
2.95312 3.00964 0.00964296
2.95312 3.00964 0.00964296
3 3.00905 0.00904977
