# x y topography
0 3.01177 0.011769
0.046875 3.01223 0.0122306
0.046875 3.01223 0.0122306
0.09375 3.01331 0.0133114
0.09375 3.01331 0.0133114
0.140625 3.01495 0.0149536
0.140625 3.01495 0.0149536
0.1875 3.01707 0.0170745
0.1875 3.01707 0.0170745
0.234375 3.01958 0.0195773
0.234375 3.01958 0.0195773
0.28125 3.02236 0.0223626
0.28125 3.02236 0.0223626
0.328125 3.02534 0.0253377
0.328125 3.02534 0.0253377
0.375 3.02842 0.0284224
0.375 3.02842 0.0284224
0.421875 3.03155 0.0315518
0.421875 3.03155 0.0315518
0.46875 3.03468 0.0346766
0.46875 3.03468 0.0346766
0.515625 3.03776 0.0377604
0.515625 3.03776 0.0377604
0.5625 3.04078 0.0407773
0.5625 3.04078 0.0407773
0.609375 3.04371 0.0437089
0.609375 3.04371 0.0437089
0.65625 3.04654 0.0465417
0.65625 3.04654 0.0465417
0.703125 3.04927 0.0492656
0.703125 3.04927 0.0492656
0.75 3.05187 0.0518723
0.75 3.05187 0.0518723
0.796875 3.05435 0.0543546
0.796875 3.05435 0.0543546
0.84375 3.05671 0.0567062
0.84375 3.05671 0.0567062
0.890625 3.05892 0.0589214
0.890625 3.05892 0.0589214
0.9375 3.06099 0.0609946
0.9375 3.06099 0.0609946
0.984375 3.06292 0.0629209
0.984375 3.06292 0.0629209
1.03125 3.0647 0.0646956
1.03125 3.0647 0.0646956
1.07812 3.06631 0.0663144
1.07812 3.06631 0.0663144
1.125 3.06777 0.0677735
1.125 3.06777 0.0677735
1.17188 3.06907 0.0690694
1.17188 3.06907 0.0690694
1.21875 3.0702 0.0701988
1.21875 3.0702 0.0701988
1.26562 3.07116 0.0711591
1.26562 3.07116 0.0711591
1.3125 3.07195 0.071948
1.3125 3.07195 0.071948
1.35938 3.07256 0.0725636
1.35938 3.07256 0.0725636
1.40625 3.073 0.0730043
1.40625 3.073 0.0730043
1.45312 3.07327 0.0732692
1.45312 3.07327 0.0732692
1.5 3.07336 0.0733575
1.5 3.07336 0.0733575
1.54688 3.07327 0.0732692
1.54688 3.07327 0.0732692
1.59375 3.073 0.0730043
1.59375 3.073 0.0730043
1.64062 3.07256 0.0725636
1.64062 3.07256 0.0725636
1.6875 3.07195 0.071948
1.6875 3.07195 0.071948
1.73438 3.07116 0.0711591
1.73438 3.07116 0.0711591
1.78125 3.0702 0.0701988
1.78125 3.0702 0.0701988
1.82812 3.06907 0.0690694
1.82812 3.06907 0.0690694
1.875 3.06777 0.0677735
1.875 3.06777 0.0677735
1.92188 3.06631 0.0663144
1.92188 3.06631 0.0663144
1.96875 3.0647 0.0646956
1.96875 3.0647 0.0646956
2.01562 3.06292 0.0629209
2.01562 3.06292 0.0629209
2.0625 3.06099 0.0609946
2.0625 3.06099 0.0609946
2.10938 3.05892 0.0589214
2.10938 3.05892 0.0589214
2.15625 3.05671 0.0567062
2.15625 3.05671 0.0567062
2.20312 3.05435 0.0543546
2.20312 3.05435 0.0543546
2.25 3.05187 0.0518723
2.25 3.05187 0.0518723
2.29688 3.04927 0.0492656
2.29688 3.04927 0.0492656
2.34375 3.04654 0.0465417
2.34375 3.04654 0.0465417
2.39062 3.04371 0.0437089
2.39062 3.04371 0.0437089
2.4375 3.04078 0.0407773
2.4375 3.04078 0.0407773
2.48438 3.03776 0.0377604
2.48438 3.03776 0.0377604
2.53125 3.03468 0.0346766
2.53125 3.03468 0.0346766
2.57812 3.03155 0.0315518
2.57812 3.03155 0.0315518
2.625 3.02842 0.0284224
2.625 3.02842 0.0284224
2.67188 3.02534 0.0253377
2.67188 3.02534 0.0253377
2.71875 3.02236 0.0223626
2.71875 3.02236 0.0223626
2.76562 3.01958 0.0195773
2.76562 3.01958 0.0195773
2.8125 3.01707 0.0170745
2.8125 3.01707 0.0170745
2.85938 3.01495 0.0149536
2.85938 3.01495 0.0149536
2.90625 3.01331 0.0133114
2.90625 3.01331 0.0133114
2.95312 3.01223 0.0122306
2.95312 3.01223 0.0122306
3 3.01177 0.011769
