# x y topography
0 3.00254 0.00254345
0.046875 3.00422 0.00422278
0.046875 3.00422 0.00422278
0.09375 3.0074 0.00740444
0.09375 3.0074 0.00740444
0.140625 3.01099 0.0109935
0.140625 3.01099 0.0109935
0.1875 3.01461 0.014612
0.1875 3.01461 0.014612
0.234375 3.0182 0.0181988
0.234375 3.0182 0.0181988
0.28125 3.02174 0.0217418
0.28125 3.02174 0.0217418
0.328125 3.02523 0.0252324
0.328125 3.02523 0.0252324
0.375 3.02866 0.0286623
0.375 3.02866 0.0286623
0.421875 3.03202 0.0320231
0.421875 3.03202 0.0320231
0.46875 3.03531 0.0353068
0.46875 3.03531 0.0353068
0.515625 3.03851 0.0385054
0.515625 3.03851 0.0385054
0.5625 3.04161 0.0416112
0.5625 3.04161 0.0416112
0.609375 3.04462 0.0446168
0.609375 3.04462 0.0446168
0.65625 3.04751 0.0475149
0.65625 3.04751 0.0475149
0.703125 3.0503 0.0502985
0.703125 3.0503 0.0502985
0.75 3.05296 0.052961
0.75 3.05296 0.052961
0.796875 3.0555 0.0554959
0.796875 3.0555 0.0554959
0.84375 3.0579 0.0578971
0.84375 3.0579 0.0578971
0.890625 3.06016 0.0601588
0.890625 3.06016 0.0601588
0.9375 3.06228 0.0622756
0.9375 3.06228 0.0622756
0.984375 3.06424 0.0642423
0.984375 3.06424 0.0642423
1.03125 3.06605 0.0660543
1.03125 3.06605 0.0660543
1.07812 3.06771 0.0677071
1.07812 3.06771 0.0677071
1.125 3.0692 0.0691969
1.125 3.0692 0.0691969
1.17188 3.07052 0.0705199
1.17188 3.07052 0.0705199
1.21875 3.07167 0.0716731
1.21875 3.07167 0.0716731
1.26562 3.07265 0.0726536
1.26562 3.07265 0.0726536
1.3125 3.07346 0.073459
1.3125 3.07346 0.073459
1.35938 3.07409 0.0740875
1.35938 3.07409 0.0740875
1.40625 3.07454 0.0745375
1.40625 3.07454 0.0745375
1.45312 3.07481 0.074808
1.45312 3.07481 0.074808
1.5 3.0749 0.0748982
1.5 3.0749 0.0748982
1.54688 3.07481 0.074808
1.54688 3.07481 0.074808
1.59375 3.07454 0.0745375
1.59375 3.07454 0.0745375
1.64062 3.07409 0.0740875
1.64062 3.07409 0.0740875
1.6875 3.07346 0.073459
1.6875 3.07346 0.073459
1.73438 3.07265 0.0726536
1.73438 3.07265 0.0726536
1.78125 3.07167 0.0716731
1.78125 3.07167 0.0716731
1.82812 3.07052 0.0705199
1.82812 3.07052 0.0705199
1.875 3.0692 0.0691969
1.875 3.0692 0.0691969
1.92188 3.06771 0.0677071
1.92188 3.06771 0.0677071
1.96875 3.06605 0.0660543
1.96875 3.06605 0.0660543
2.01562 3.06424 0.0642423
2.01562 3.06424 0.0642423
2.0625 3.06228 0.0622756
2.0625 3.06228 0.0622756
2.10938 3.06016 0.0601588
2.10938 3.06016 0.0601588
2.15625 3.0579 0.0578971
2.15625 3.0579 0.0578971
2.20312 3.0555 0.0554959
2.20312 3.0555 0.0554959
2.25 3.05296 0.052961
2.25 3.05296 0.052961
2.29688 3.0503 0.0502985
2.29688 3.0503 0.0502985
2.34375 3.04751 0.0475149
2.34375 3.04751 0.0475149
2.39062 3.04462 0.0446168
2.39062 3.04462 0.0446168
2.4375 3.04161 0.0416112
2.4375 3.04161 0.0416112
2.48438 3.03851 0.0385054
2.48438 3.03851 0.0385054
2.53125 3.03531 0.0353068
2.53125 3.03531 0.0353068
2.57812 3.03202 0.0320231
2.57812 3.03202 0.0320231
2.625 3.02866 0.0286623
2.625 3.02866 0.0286623
2.67188 3.02523 0.0252324
2.67188 3.02523 0.0252324
2.71875 3.02174 0.0217418
2.71875 3.02174 0.0217418
2.76562 3.0182 0.0181988
2.76562 3.0182 0.0181988
2.8125 3.01461 0.014612
2.8125 3.01461 0.014612
2.85938 3.01099 0.0109935
2.85938 3.01099 0.0109935
2.90625 3.0074 0.00740444
2.90625 3.0074 0.00740444
2.95312 3.00422 0.00422278
2.95312 3.00422 0.00422278
3 3.00254 0.00254345
