# x y topography
0 3.00089 0.000887583
0.046875 3.00369 0.00368954
0.046875 3.00369 0.00368954
0.09375 3.00735 0.00734929
0.09375 3.00735 0.00734929
0.140625 3.011 0.0110018
0.140625 3.011 0.0110018
0.1875 3.01463 0.0146278
0.1875 3.01463 0.0146278
0.234375 3.01822 0.0182186
0.234375 3.01822 0.0182186
0.28125 3.02177 0.0217654
0.28125 3.02177 0.0217654
0.328125 3.02526 0.0252599
0.328125 3.02526 0.0252599
0.375 3.02869 0.0286935
0.375 3.02869 0.0286935
0.421875 3.03206 0.0320579
0.421875 3.03206 0.0320579
0.46875 3.03535 0.0353452
0.46875 3.03535 0.0353452
0.515625 3.03855 0.0385472
0.515625 3.03855 0.0385472
0.5625 3.04166 0.0416564
0.5625 3.04166 0.0416564
0.609375 3.04467 0.0446653
0.609375 3.04467 0.0446653
0.65625 3.04757 0.0475666
0.65625 3.04757 0.0475666
0.703125 3.05035 0.0503532
0.703125 3.05035 0.0503532
0.75 3.05302 0.0530186
0.75 3.05302 0.0530186
0.796875 3.05556 0.0555562
0.796875 3.05556 0.0555562
0.84375 3.05796 0.05796
0.84375 3.05796 0.05796
0.890625 3.06022 0.0602242
0.890625 3.06022 0.0602242
0.9375 3.06234 0.0623433
0.9375 3.06234 0.0623433
0.984375 3.06431 0.0643122
0.984375 3.06431 0.0643122
1.03125 3.06613 0.0661261
1.03125 3.06613 0.0661261
1.07812 3.06778 0.0677808
1.07812 3.06778 0.0677808
1.125 3.06927 0.0692721
1.125 3.06927 0.0692721
1.17188 3.0706 0.0705966
1.17188 3.0706 0.0705966
1.21875 3.07175 0.071751
1.21875 3.07175 0.071751
1.26562 3.07273 0.0727326
1.26562 3.07273 0.0727326
1.3125 3.07354 0.0735389
1.3125 3.07354 0.0735389
1.35938 3.07417 0.0741681
1.35938 3.07417 0.0741681
1.40625 3.07462 0.0746186
1.40625 3.07462 0.0746186
1.45312 3.07489 0.0748893
1.45312 3.07489 0.0748893
1.5 3.07498 0.0749796
1.5 3.07498 0.0749796
1.54688 3.07489 0.0748893
1.54688 3.07489 0.0748893
1.59375 3.07462 0.0746186
1.59375 3.07462 0.0746186
1.64062 3.07417 0.0741681
1.64062 3.07417 0.0741681
1.6875 3.07354 0.0735389
1.6875 3.07354 0.0735389
1.73438 3.07273 0.0727326
1.73438 3.07273 0.0727326
1.78125 3.07175 0.071751
1.78125 3.07175 0.071751
1.82812 3.0706 0.0705966
1.82812 3.0706 0.0705966
1.875 3.06927 0.0692721
1.875 3.06927 0.0692721
1.92188 3.06778 0.0677808
1.92188 3.06778 0.0677808
1.96875 3.06613 0.0661261
1.96875 3.06613 0.0661261
2.01562 3.06431 0.0643122
2.01562 3.06431 0.0643122
2.0625 3.06234 0.0623433
2.0625 3.06234 0.0623433
2.10938 3.06022 0.0602242
2.10938 3.06022 0.0602242
2.15625 3.05796 0.05796
2.15625 3.05796 0.05796
2.20312 3.05556 0.0555562
2.20312 3.05556 0.0555562
2.25 3.05302 0.0530186
2.25 3.05302 0.0530186
2.29688 3.05035 0.0503532
2.29688 3.05035 0.0503532
2.34375 3.04757 0.0475666
2.34375 3.04757 0.0475666
2.39062 3.04467 0.0446653
2.39062 3.04467 0.0446653
2.4375 3.04166 0.0416564
2.4375 3.04166 0.0416564
2.48438 3.03855 0.0385472
2.48438 3.03855 0.0385472
2.53125 3.03535 0.0353452
2.53125 3.03535 0.0353452
2.57812 3.03206 0.0320579
2.57812 3.03206 0.0320579
2.625 3.02869 0.0286935
2.625 3.02869 0.0286935
2.67188 3.02526 0.0252599
2.67188 3.02526 0.0252599
2.71875 3.02177 0.0217654
2.71875 3.02177 0.0217654
2.76562 3.01822 0.0182186
2.76562 3.01822 0.0182186
2.8125 3.01463 0.0146278
2.8125 3.01463 0.0146278
2.85938 3.011 0.0110018
2.85938 3.011 0.0110018
2.90625 3.00735 0.00734929
2.90625 3.00735 0.00734929
2.95312 3.00369 0.00368954
2.95312 3.00369 0.00368954
3 3.00089 0.000887583
