# x y topography
0 3.01269 0.0126875
0.046875 3.01312 0.013116
0.046875 3.01312 0.013116
0.09375 3.01412 0.0141187
0.09375 3.01412 0.0141187
0.140625 3.01565 0.0156485
0.140625 3.01565 0.0156485
0.1875 3.01764 0.0176366
0.1875 3.01764 0.0176366
0.234375 3.02 0.0200011
0.234375 3.02 0.0200011
0.28125 3.02266 0.0226551
0.28125 3.02266 0.0226551
0.328125 3.02551 0.0255145
0.328125 3.02551 0.0255145
0.375 3.0285 0.0285037
0.375 3.0285 0.0285037
0.421875 3.03156 0.0315584
0.421875 3.03156 0.0315584
0.46875 3.03463 0.0346272
0.46875 3.03463 0.0346272
0.515625 3.03767 0.0376701
0.515625 3.03767 0.0376701
0.5625 3.04066 0.0406575
0.5625 3.04066 0.0406575
0.609375 3.04357 0.0435676
0.609375 3.04357 0.0435676
0.65625 3.04638 0.0463841
0.65625 3.04638 0.0463841
0.703125 3.0491 0.0490951
0.703125 3.0491 0.0490951
0.75 3.05169 0.0516909
0.75 3.05169 0.0516909
0.796875 3.05416 0.0541636
0.796875 3.05416 0.0541636
0.84375 3.05651 0.0565066
0.84375 3.05651 0.0565066
0.890625 3.05871 0.0587137
0.890625 3.05871 0.0587137
0.9375 3.06078 0.0607796
0.9375 3.06078 0.0607796
0.984375 3.0627 0.0626991
0.984375 3.0627 0.0626991
1.03125 3.06447 0.0644675
1.03125 3.06447 0.0644675
1.07812 3.06608 0.0660807
1.07812 3.06608 0.0660807
1.125 3.06753 0.0675346
1.125 3.06753 0.0675346
1.17188 3.06883 0.0688259
1.17188 3.06883 0.0688259
1.21875 3.06995 0.0699513
1.21875 3.06995 0.0699513
1.26562 3.07091 0.0709082
1.26562 3.07091 0.0709082
1.3125 3.07169 0.0716944
1.3125 3.07169 0.0716944
1.35938 3.07231 0.0723077
1.35938 3.07231 0.0723077
1.40625 3.07275 0.0727469
1.40625 3.07275 0.0727469
1.45312 3.07301 0.0730109
1.45312 3.07301 0.0730109
1.5 3.0731 0.0730989
1.5 3.0731 0.0730989
1.54688 3.07301 0.0730109
1.54688 3.07301 0.0730109
1.59375 3.07275 0.0727469
1.59375 3.07275 0.0727469
1.64062 3.07231 0.0723077
1.64062 3.07231 0.0723077
1.6875 3.07169 0.0716944
1.6875 3.07169 0.0716944
1.73438 3.07091 0.0709082
1.73438 3.07091 0.0709082
1.78125 3.06995 0.0699513
1.78125 3.06995 0.0699513
1.82812 3.06883 0.0688259
1.82812 3.06883 0.0688259
1.875 3.06753 0.0675346
1.875 3.06753 0.0675346
1.92188 3.06608 0.0660807
1.92188 3.06608 0.0660807
1.96875 3.06447 0.0644675
1.96875 3.06447 0.0644675
2.01562 3.0627 0.0626991
2.01562 3.0627 0.0626991
2.0625 3.06078 0.0607796
2.0625 3.06078 0.0607796
2.10938 3.05871 0.0587137
2.10938 3.05871 0.0587137
2.15625 3.05651 0.0565066
2.15625 3.05651 0.0565066
2.20312 3.05416 0.0541636
2.20312 3.05416 0.0541636
2.25 3.05169 0.0516909
2.25 3.05169 0.0516909
2.29688 3.0491 0.0490951
2.29688 3.0491 0.0490951
2.34375 3.04638 0.0463841
2.34375 3.04638 0.0463841
2.39062 3.04357 0.0435676
2.39062 3.04357 0.0435676
2.4375 3.04066 0.0406575
2.4375 3.04066 0.0406575
2.48438 3.03767 0.0376701
2.48438 3.03767 0.0376701
2.53125 3.03463 0.0346272
2.53125 3.03463 0.0346272
2.57812 3.03156 0.0315584
2.57812 3.03156 0.0315584
2.625 3.0285 0.0285037
2.625 3.0285 0.0285037
2.67188 3.02551 0.0255145
2.67188 3.02551 0.0255145
2.71875 3.02266 0.0226551
2.71875 3.02266 0.0226551
2.76562 3.02 0.0200011
2.76562 3.02 0.0200011
2.8125 3.01764 0.0176366
2.8125 3.01764 0.0176366
2.85938 3.01565 0.0156485
2.85938 3.01565 0.0156485
2.90625 3.01412 0.0141187
2.90625 3.01412 0.0141187
2.95312 3.01312 0.013116
2.95312 3.01312 0.013116
3 3.01269 0.0126875
