# x y topography
0 3.0037 0.00370141
0.046875 3.00498 0.0049801
0.046875 3.00498 0.0049801
0.09375 3.00767 0.00766962
0.09375 3.00767 0.00766962
0.140625 3.01104 0.0110376
0.140625 3.01104 0.0110376
0.1875 3.0146 0.0146017
0.1875 3.0146 0.0146017
0.234375 3.01818 0.0181772
0.234375 3.01818 0.0181772
0.28125 3.02172 0.0217153
0.28125 3.02172 0.0217153
0.328125 3.0252 0.0252016
0.328125 3.0252 0.0252016
0.375 3.02863 0.0286273
0.375 3.02863 0.0286273
0.421875 3.03198 0.031984
0.421875 3.03198 0.031984
0.46875 3.03526 0.0352636
0.46875 3.03526 0.0352636
0.515625 3.03846 0.0384583
0.515625 3.03846 0.0384583
0.5625 3.04156 0.0415603
0.5625 3.04156 0.0415603
0.609375 3.04456 0.0445623
0.609375 3.04456 0.0445623
0.65625 3.04746 0.0474568
0.65625 3.04746 0.0474568
0.703125 3.05024 0.0502371
0.703125 3.05024 0.0502371
0.75 3.0529 0.0528963
0.75 3.0529 0.0528963
0.796875 3.05543 0.0554281
0.796875 3.05543 0.0554281
0.84375 3.05783 0.0578263
0.84375 3.05783 0.0578263
0.890625 3.06009 0.0600853
0.890625 3.06009 0.0600853
0.9375 3.0622 0.0621995
0.9375 3.0622 0.0621995
0.984375 3.06416 0.0641638
0.984375 3.06416 0.0641638
1.03125 3.06597 0.0659736
1.03125 3.06597 0.0659736
1.07812 3.06762 0.0676244
1.07812 3.06762 0.0676244
1.125 3.06911 0.0691123
1.125 3.06911 0.0691123
1.17188 3.07043 0.0704338
1.17188 3.07043 0.0704338
1.21875 3.07159 0.0715855
1.21875 3.07159 0.0715855
1.26562 3.07256 0.0725648
1.26562 3.07256 0.0725648
1.3125 3.07337 0.0733693
1.3125 3.07337 0.0733693
1.35938 3.074 0.073997
1.35938 3.074 0.073997
1.40625 3.07445 0.0744464
1.40625 3.07445 0.0744464
1.45312 3.07472 0.0747165
1.45312 3.07472 0.0747165
1.5 3.07481 0.0748067
1.5 3.07481 0.0748067
1.54688 3.07472 0.0747165
1.54688 3.07472 0.0747165
1.59375 3.07445 0.0744464
1.59375 3.07445 0.0744464
1.64062 3.074 0.073997
1.64062 3.074 0.073997
1.6875 3.07337 0.0733693
1.6875 3.07337 0.0733693
1.73438 3.07256 0.0725648
1.73438 3.07256 0.0725648
1.78125 3.07159 0.0715855
1.78125 3.07159 0.0715855
1.82812 3.07043 0.0704338
1.82812 3.07043 0.0704338
1.875 3.06911 0.0691123
1.875 3.06911 0.0691123
1.92188 3.06762 0.0676244
1.92188 3.06762 0.0676244
1.96875 3.06597 0.0659736
1.96875 3.06597 0.0659736
2.01562 3.06416 0.0641638
2.01562 3.06416 0.0641638
2.0625 3.0622 0.0621995
2.0625 3.0622 0.0621995
2.10938 3.06009 0.0600853
2.10938 3.06009 0.0600853
2.15625 3.05783 0.0578263
2.15625 3.05783 0.0578263
2.20312 3.05543 0.0554281
2.20312 3.05543 0.0554281
2.25 3.0529 0.0528963
2.25 3.0529 0.0528963
2.29688 3.05024 0.0502371
2.29688 3.05024 0.0502371
2.34375 3.04746 0.0474568
2.34375 3.04746 0.0474568
2.39062 3.04456 0.0445623
2.39062 3.04456 0.0445623
2.4375 3.04156 0.0415603
2.4375 3.04156 0.0415603
2.48438 3.03846 0.0384583
2.48438 3.03846 0.0384583
2.53125 3.03526 0.0352636
2.53125 3.03526 0.0352636
2.57812 3.03198 0.031984
2.57812 3.03198 0.031984
2.625 3.02863 0.0286273
2.625 3.02863 0.0286273
2.67188 3.0252 0.0252016
2.67188 3.0252 0.0252016
2.71875 3.02172 0.0217153
2.71875 3.02172 0.0217153
2.76562 3.01818 0.0181772
2.76562 3.01818 0.0181772
2.8125 3.0146 0.0146017
2.8125 3.0146 0.0146017
2.85938 3.01104 0.0110376
2.85938 3.01104 0.0110376
2.90625 3.00767 0.00766962
2.90625 3.00767 0.00766962
2.95312 3.00498 0.0049801
2.95312 3.00498 0.0049801
3 3.0037 0.00370141
