# x y topography
0 3.01255 0.0125509
0.046875 3.01298 0.012984
0.046875 3.01298 0.012984
0.09375 3.014 0.0139978
0.09375 3.014 0.0139978
0.140625 3.01554 0.0155435
0.140625 3.01554 0.0155435
0.1875 3.01755 0.0175507
0.1875 3.01755 0.0175507
0.234375 3.01994 0.0199352
0.234375 3.01994 0.0199352
0.28125 3.02261 0.0226086
0.28125 3.02261 0.0226086
0.328125 3.02549 0.0254854
0.328125 3.02549 0.0254854
0.375 3.02849 0.0284892
0.375 3.02849 0.0284892
0.421875 3.03156 0.0315556
0.421875 3.03156 0.0315556
0.46875 3.03463 0.0346333
0.46875 3.03463 0.0346333
0.515625 3.03768 0.0376829
0.515625 3.03768 0.0376829
0.5625 3.04068 0.0406752
0.5625 3.04068 0.0406752
0.609375 3.04359 0.0435888
0.609375 3.04359 0.0435888
0.65625 3.04641 0.0464081
0.65625 3.04641 0.0464081
0.703125 3.04912 0.0491211
0.703125 3.04912 0.0491211
0.75 3.05172 0.0517186
0.75 3.05172 0.0517186
0.796875 3.05419 0.0541929
0.796875 3.05419 0.0541929
0.84375 3.05654 0.0565372
0.84375 3.05654 0.0565372
0.890625 3.05875 0.0587456
0.890625 3.05875 0.0587456
0.9375 3.06081 0.0608126
0.9375 3.06081 0.0608126
0.984375 3.06273 0.0627331
0.984375 3.06273 0.0627331
1.03125 3.0645 0.0645025
1.03125 3.0645 0.0645025
1.07812 3.06612 0.0661166
1.07812 3.06612 0.0661166
1.125 3.06757 0.0675713
1.125 3.06757 0.0675713
1.17188 3.06886 0.0688633
1.17188 3.06886 0.0688633
1.21875 3.06999 0.0699893
1.21875 3.06999 0.0699893
1.26562 3.07095 0.0709468
1.26562 3.07095 0.0709468
1.3125 3.07173 0.0717333
1.3125 3.07173 0.0717333
1.35938 3.07235 0.072347
1.35938 3.07235 0.072347
1.40625 3.07279 0.0727865
1.40625 3.07279 0.0727865
1.45312 3.07305 0.0730506
1.45312 3.07305 0.0730506
1.5 3.07314 0.0731387
1.5 3.07314 0.0731387
1.54688 3.07305 0.0730506
1.54688 3.07305 0.0730506
1.59375 3.07279 0.0727865
1.59375 3.07279 0.0727865
1.64062 3.07235 0.072347
1.64062 3.07235 0.072347
1.6875 3.07173 0.0717333
1.6875 3.07173 0.0717333
1.73438 3.07095 0.0709468
1.73438 3.07095 0.0709468
1.78125 3.06999 0.0699893
1.78125 3.06999 0.0699893
1.82812 3.06886 0.0688633
1.82812 3.06886 0.0688633
1.875 3.06757 0.0675713
1.875 3.06757 0.0675713
1.92188 3.06612 0.0661166
1.92188 3.06612 0.0661166
1.96875 3.0645 0.0645025
1.96875 3.0645 0.0645025
2.01562 3.06273 0.0627331
2.01562 3.06273 0.0627331
2.0625 3.06081 0.0608126
2.0625 3.06081 0.0608126
2.10938 3.05875 0.0587456
2.10938 3.05875 0.0587456
2.15625 3.05654 0.0565372
2.15625 3.05654 0.0565372
2.20312 3.05419 0.0541929
2.20312 3.05419 0.0541929
2.25 3.05172 0.0517186
2.25 3.05172 0.0517186
2.29688 3.04912 0.0491211
2.29688 3.04912 0.0491211
2.34375 3.04641 0.0464081
2.34375 3.04641 0.0464081
2.39062 3.04359 0.0435888
2.39062 3.04359 0.0435888
2.4375 3.04068 0.0406752
2.4375 3.04068 0.0406752
2.48438 3.03768 0.0376829
2.48438 3.03768 0.0376829
2.53125 3.03463 0.0346333
2.53125 3.03463 0.0346333
2.57812 3.03156 0.0315556
2.57812 3.03156 0.0315556
2.625 3.02849 0.0284892
2.625 3.02849 0.0284892
2.67188 3.02549 0.0254854
2.67188 3.02549 0.0254854
2.71875 3.02261 0.0226086
2.71875 3.02261 0.0226086
2.76562 3.01994 0.0199352
2.76562 3.01994 0.0199352
2.8125 3.01755 0.0175507
2.8125 3.01755 0.0175507
2.85938 3.01554 0.0155435
2.85938 3.01554 0.0155435
2.90625 3.014 0.0139978
2.90625 3.014 0.0139978
2.95312 3.01298 0.012984
2.95312 3.01298 0.012984
3 3.01255 0.0125509
