# x y topography
0 3.01299 0.0129891
0.046875 3.01341 0.0134076
0.046875 3.01341 0.0134076
0.09375 3.01439 0.0143867
0.09375 3.01439 0.0143867
0.140625 3.01588 0.0158821
0.140625 3.01588 0.0158821
0.1875 3.01783 0.017829
0.1875 3.01783 0.017829
0.234375 3.02015 0.0201497
0.234375 3.02015 0.0201497
0.28125 3.02276 0.0227612
0.28125 3.02276 0.0227612
0.328125 3.02558 0.0255822
0.328125 3.02558 0.0255822
0.375 3.02854 0.0285387
0.375 3.02854 0.0285387
0.421875 3.03157 0.031567
0.421875 3.03157 0.031567
0.46875 3.03462 0.0346152
0.46875 3.03462 0.0346152
0.515625 3.03764 0.0376428
0.515625 3.03764 0.0376428
0.5625 3.04062 0.0406189
0.5625 3.04062 0.0406189
0.609375 3.04352 0.0435205
0.609375 3.04352 0.0435205
0.65625 3.04633 0.0463308
0.65625 3.04633 0.0463308
0.703125 3.04904 0.0490368
0.703125 3.04904 0.0490368
0.75 3.05163 0.0516285
0.75 3.05163 0.0516285
0.796875 3.0541 0.0540978
0.796875 3.0541 0.0540978
0.84375 3.05644 0.0564377
0.84375 3.05644 0.0564377
0.890625 3.05864 0.0586421
0.890625 3.05864 0.0586421
0.9375 3.06071 0.0607054
0.9375 3.06071 0.0607054
0.984375 3.06262 0.0626225
0.984375 3.06262 0.0626225
1.03125 3.06439 0.0643888
1.03125 3.06439 0.0643888
1.07812 3.066 0.0659999
1.07812 3.066 0.0659999
1.125 3.06745 0.0674521
1.125 3.06745 0.0674521
1.17188 3.06874 0.0687418
1.17188 3.06874 0.0687418
1.21875 3.06987 0.0698659
1.21875 3.06987 0.0698659
1.26562 3.07082 0.0708216
1.26562 3.07082 0.0708216
1.3125 3.07161 0.0716068
1.3125 3.07161 0.0716068
1.35938 3.07222 0.0722194
1.35938 3.07222 0.0722194
1.40625 3.07266 0.0726581
1.40625 3.07266 0.0726581
1.45312 3.07292 0.0729217
1.45312 3.07292 0.0729217
1.5 3.07301 0.0730096
1.5 3.07301 0.0730096
1.54688 3.07292 0.0729217
1.54688 3.07292 0.0729217
1.59375 3.07266 0.0726581
1.59375 3.07266 0.0726581
1.64062 3.07222 0.0722194
1.64062 3.07222 0.0722194
1.6875 3.07161 0.0716068
1.6875 3.07161 0.0716068
1.73438 3.07082 0.0708216
1.73438 3.07082 0.0708216
1.78125 3.06987 0.0698659
1.78125 3.06987 0.0698659
1.82812 3.06874 0.0687418
1.82812 3.06874 0.0687418
1.875 3.06745 0.0674521
1.875 3.06745 0.0674521
1.92188 3.066 0.0659999
1.92188 3.066 0.0659999
1.96875 3.06439 0.0643888
1.96875 3.06439 0.0643888
2.01562 3.06262 0.0626225
2.01562 3.06262 0.0626225
2.0625 3.06071 0.0607054
2.0625 3.06071 0.0607054
2.10938 3.05864 0.0586421
2.10938 3.05864 0.0586421
2.15625 3.05644 0.0564377
2.15625 3.05644 0.0564377
2.20312 3.0541 0.0540978
2.20312 3.0541 0.0540978
2.25 3.05163 0.0516285
2.25 3.05163 0.0516285
2.29688 3.04904 0.0490368
2.29688 3.04904 0.0490368
2.34375 3.04633 0.0463308
2.34375 3.04633 0.0463308
2.39062 3.04352 0.0435205
2.39062 3.04352 0.0435205
2.4375 3.04062 0.0406189
2.4375 3.04062 0.0406189
2.48438 3.03764 0.0376428
2.48438 3.03764 0.0376428
2.53125 3.03462 0.0346152
2.53125 3.03462 0.0346152
2.57812 3.03157 0.031567
2.57812 3.03157 0.031567
2.625 3.02854 0.0285387
2.625 3.02854 0.0285387
2.67188 3.02558 0.0255822
2.67188 3.02558 0.0255822
2.71875 3.02276 0.0227612
2.71875 3.02276 0.0227612
2.76562 3.02015 0.0201497
2.76562 3.02015 0.0201497
2.8125 3.01783 0.017829
2.8125 3.01783 0.017829
2.85938 3.01588 0.0158821
2.85938 3.01588 0.0158821
2.90625 3.01439 0.0143867
2.90625 3.01439 0.0143867
2.95312 3.01341 0.0134076
2.95312 3.01341 0.0134076
3 3.01299 0.0129891
