# x y topography
0 3.00679 0.00679203
0.046875 3.00756 0.00756218
0.046875 3.00756 0.00756218
0.09375 3.00933 0.00933253
0.09375 3.00933 0.00933253
0.140625 3.01187 0.0118732
0.140625 3.01187 0.0118732
0.1875 3.01492 0.0149163
0.1875 3.01492 0.0149163
0.234375 3.01823 0.0182297
0.234375 3.01823 0.0182297
0.28125 3.02165 0.0216512
0.28125 3.02165 0.0216512
0.328125 3.02509 0.0250855
0.328125 3.02509 0.0250855
0.375 3.02848 0.0284833
0.375 3.02848 0.0284833
0.421875 3.03182 0.03182
0.421875 3.03182 0.03182
0.46875 3.03508 0.0350822
0.46875 3.03508 0.0350822
0.515625 3.03826 0.0382603
0.515625 3.03826 0.0382603
0.5625 3.04135 0.0413464
0.5625 3.04135 0.0413464
0.609375 3.04433 0.0443328
0.609375 3.04433 0.0443328
0.65625 3.04721 0.0472125
0.65625 3.04721 0.0472125
0.703125 3.04998 0.0499784
0.703125 3.04998 0.0499784
0.75 3.05262 0.0526239
0.75 3.05262 0.0526239
0.796875 3.05514 0.0551427
0.796875 3.05514 0.0551427
0.84375 3.05753 0.0575286
0.84375 3.05753 0.0575286
0.890625 3.05978 0.0597759
0.890625 3.05978 0.0597759
0.9375 3.06188 0.0618792
0.9375 3.06188 0.0618792
0.984375 3.06383 0.0638334
0.984375 3.06383 0.0638334
1.03125 3.06563 0.0656339
1.03125 3.06563 0.0656339
1.07812 3.06728 0.0672762
1.07812 3.06728 0.0672762
1.125 3.06876 0.0687565
1.125 3.06876 0.0687565
1.17188 3.07007 0.0700711
1.17188 3.07007 0.0700711
1.21875 3.07122 0.0712169
1.21875 3.07122 0.0712169
1.26562 3.07219 0.0721911
1.26562 3.07219 0.0721911
1.3125 3.07299 0.0729915
1.3125 3.07299 0.0729915
1.35938 3.07362 0.073616
1.35938 3.07362 0.073616
1.40625 3.07406 0.0740631
1.40625 3.07406 0.0740631
1.45312 3.07433 0.0743318
1.45312 3.07433 0.0743318
1.5 3.07442 0.0744215
1.5 3.07442 0.0744215
1.54688 3.07433 0.0743318
1.54688 3.07433 0.0743318
1.59375 3.07406 0.0740631
1.59375 3.07406 0.0740631
1.64062 3.07362 0.073616
1.64062 3.07362 0.073616
1.6875 3.07299 0.0729915
1.6875 3.07299 0.0729915
1.73438 3.07219 0.0721911
1.73438 3.07219 0.0721911
1.78125 3.07122 0.0712169
1.78125 3.07122 0.0712169
1.82812 3.07007 0.0700711
1.82812 3.07007 0.0700711
1.875 3.06876 0.0687565
1.875 3.06876 0.0687565
1.92188 3.06728 0.0672762
1.92188 3.06728 0.0672762
1.96875 3.06563 0.0656339
1.96875 3.06563 0.0656339
2.01562 3.06383 0.0638334
2.01562 3.06383 0.0638334
2.0625 3.06188 0.0618792
2.0625 3.06188 0.0618792
2.10938 3.05978 0.0597759
2.10938 3.05978 0.0597759
2.15625 3.05753 0.0575286
2.15625 3.05753 0.0575286
2.20312 3.05514 0.0551427
2.20312 3.05514 0.0551427
2.25 3.05262 0.0526239
2.25 3.05262 0.0526239
2.29688 3.04998 0.0499784
2.29688 3.04998 0.0499784
2.34375 3.04721 0.0472125
2.34375 3.04721 0.0472125
2.39062 3.04433 0.0443328
2.39062 3.04433 0.0443328
2.4375 3.04135 0.0413464
2.4375 3.04135 0.0413464
2.48438 3.03826 0.0382603
2.48438 3.03826 0.0382603
2.53125 3.03508 0.0350822
2.53125 3.03508 0.0350822
2.57812 3.03182 0.03182
2.57812 3.03182 0.03182
2.625 3.02848 0.0284833
2.625 3.02848 0.0284833
2.67188 3.02509 0.0250855
2.67188 3.02509 0.0250855
2.71875 3.02165 0.0216512
2.71875 3.02165 0.0216512
2.76562 3.01823 0.0182297
2.76562 3.01823 0.0182297
2.8125 3.01492 0.0149163
2.8125 3.01492 0.0149163
2.85938 3.01187 0.0118732
2.85938 3.01187 0.0118732
2.90625 3.00933 0.00933253
2.90625 3.00933 0.00933253
2.95312 3.00756 0.00756218
2.95312 3.00756 0.00756218
3 3.00679 0.00679203
