# x y topography
0 3.00781 0.00780606
0.046875 3.00849 0.00848572
0.046875 3.00849 0.00848572
0.09375 3.01006 0.0100623
0.09375 3.01006 0.0100623
0.140625 3.01237 0.0123702
0.140625 3.01237 0.0123702
0.1875 3.0152 0.0152022
0.1875 3.0152 0.0152022
0.234375 3.01836 0.0183591
0.234375 3.01836 0.0183591
0.28125 3.02168 0.0216818
0.28125 3.02168 0.0216818
0.328125 3.02506 0.0250609
0.328125 3.02506 0.0250609
0.375 3.02843 0.0284297
0.375 3.02843 0.0284297
0.421875 3.03175 0.0317505
0.421875 3.03175 0.0317505
0.46875 3.035 0.0350024
0.46875 3.035 0.0350024
0.515625 3.03817 0.0381723
0.515625 3.03817 0.0381723
0.5625 3.04125 0.041251
0.5625 3.04125 0.041251
0.609375 3.04423 0.0442306
0.609375 3.04423 0.0442306
0.65625 3.0471 0.0471036
0.65625 3.0471 0.0471036
0.703125 3.04986 0.0498631
0.703125 3.04986 0.0498631
0.75 3.0525 0.0525025
0.75 3.0525 0.0525025
0.796875 3.05502 0.0550155
0.796875 3.05502 0.0550155
0.84375 3.0574 0.0573959
0.84375 3.0574 0.0573959
0.890625 3.05964 0.059638
0.890625 3.05964 0.059638
0.9375 3.06174 0.0617364
0.9375 3.06174 0.0617364
0.984375 3.06369 0.0636862
0.984375 3.06369 0.0636862
1.03125 3.06548 0.0654825
1.03125 3.06548 0.0654825
1.07812 3.06712 0.067121
1.07812 3.06712 0.067121
1.125 3.0686 0.0685979
1.125 3.0686 0.0685979
1.17188 3.06991 0.0699095
1.17188 3.06991 0.0699095
1.21875 3.07105 0.0710526
1.21875 3.07105 0.0710526
1.26562 3.07202 0.0720246
1.26562 3.07202 0.0720246
1.3125 3.07282 0.0728231
1.3125 3.07282 0.0728231
1.35938 3.07345 0.0734462
1.35938 3.07345 0.0734462
1.40625 3.07389 0.0738923
1.40625 3.07389 0.0738923
1.45312 3.07416 0.0741604
1.45312 3.07416 0.0741604
1.5 3.07425 0.0742498
1.5 3.07425 0.0742498
1.54688 3.07416 0.0741604
1.54688 3.07416 0.0741604
1.59375 3.07389 0.0738923
1.59375 3.07389 0.0738923
1.64062 3.07345 0.0734462
1.64062 3.07345 0.0734462
1.6875 3.07282 0.0728231
1.6875 3.07282 0.0728231
1.73438 3.07202 0.0720246
1.73438 3.07202 0.0720246
1.78125 3.07105 0.0710526
1.78125 3.07105 0.0710526
1.82812 3.06991 0.0699095
1.82812 3.06991 0.0699095
1.875 3.0686 0.0685979
1.875 3.0686 0.0685979
1.92188 3.06712 0.067121
1.92188 3.06712 0.067121
1.96875 3.06548 0.0654825
1.96875 3.06548 0.0654825
2.01562 3.06369 0.0636862
2.01562 3.06369 0.0636862
2.0625 3.06174 0.0617364
2.0625 3.06174 0.0617364
2.10938 3.05964 0.059638
2.10938 3.05964 0.059638
2.15625 3.0574 0.0573959
2.15625 3.0574 0.0573959
2.20312 3.05502 0.0550155
2.20312 3.05502 0.0550155
2.25 3.0525 0.0525025
2.25 3.0525 0.0525025
2.29688 3.04986 0.0498631
2.29688 3.04986 0.0498631
2.34375 3.0471 0.0471036
2.34375 3.0471 0.0471036
2.39062 3.04423 0.0442306
2.39062 3.04423 0.0442306
2.4375 3.04125 0.041251
2.4375 3.04125 0.041251
2.48438 3.03817 0.0381723
2.48438 3.03817 0.0381723
2.53125 3.035 0.0350024
2.53125 3.035 0.0350024
2.57812 3.03175 0.0317505
2.57812 3.03175 0.0317505
2.625 3.02843 0.0284297
2.625 3.02843 0.0284297
2.67188 3.02506 0.0250609
2.67188 3.02506 0.0250609
2.71875 3.02168 0.0216818
2.71875 3.02168 0.0216818
2.76562 3.01836 0.0183591
2.76562 3.01836 0.0183591
2.8125 3.0152 0.0152022
2.8125 3.0152 0.0152022
2.85938 3.01237 0.0123702
2.85938 3.01237 0.0123702
2.90625 3.01006 0.0100623
2.90625 3.01006 0.0100623
2.95312 3.00849 0.00848572
2.95312 3.00849 0.00848572
3 3.00781 0.00780606
