# x y topography
0 3.00205 0.00204655
0.046875 3.00398 0.00397563
0.046875 3.00398 0.00397563
0.09375 3.00736 0.00736195
0.09375 3.00736 0.00736195
0.140625 3.01099 0.0109947
0.140625 3.01099 0.0109947
0.1875 3.01462 0.0146179
0.1875 3.01462 0.0146179
0.234375 3.01821 0.0182062
0.234375 3.01821 0.0182062
0.28125 3.02175 0.0217507
0.28125 3.02175 0.0217507
0.328125 3.02524 0.0252427
0.328125 3.02524 0.0252427
0.375 3.02867 0.028674
0.375 3.02867 0.028674
0.421875 3.03204 0.0320362
0.421875 3.03204 0.0320362
0.46875 3.03532 0.0353211
0.46875 3.03532 0.0353211
0.515625 3.03852 0.0385211
0.515625 3.03852 0.0385211
0.5625 3.04163 0.0416282
0.5625 3.04163 0.0416282
0.609375 3.04463 0.044635
0.609375 3.04463 0.044635
0.65625 3.04753 0.0475343
0.65625 3.04753 0.0475343
0.703125 3.05032 0.050319
0.703125 3.05032 0.050319
0.75 3.05298 0.0529826
0.75 3.05298 0.0529826
0.796875 3.05552 0.0555185
0.796875 3.05552 0.0555185
0.84375 3.05792 0.0579207
0.84375 3.05792 0.0579207
0.890625 3.06018 0.0601833
0.890625 3.06018 0.0601833
0.9375 3.0623 0.0623009
0.9375 3.0623 0.0623009
0.984375 3.06427 0.0642685
0.984375 3.06427 0.0642685
1.03125 3.06608 0.0660812
1.03125 3.06608 0.0660812
1.07812 3.06773 0.0677348
1.07812 3.06773 0.0677348
1.125 3.06923 0.0692251
1.125 3.06923 0.0692251
1.17188 3.07055 0.0705487
1.17188 3.07055 0.0705487
1.21875 3.0717 0.0717023
1.21875 3.0717 0.0717023
1.26562 3.07268 0.0726832
1.26562 3.07268 0.0726832
1.3125 3.07349 0.073489
1.3125 3.07349 0.073489
1.35938 3.07412 0.0741177
1.35938 3.07412 0.0741177
1.40625 3.07457 0.0745679
1.40625 3.07457 0.0745679
1.45312 3.07484 0.0748385
1.45312 3.07484 0.0748385
1.5 3.07493 0.0749287
1.5 3.07493 0.0749287
1.54688 3.07484 0.0748385
1.54688 3.07484 0.0748385
1.59375 3.07457 0.0745679
1.59375 3.07457 0.0745679
1.64062 3.07412 0.0741177
1.64062 3.07412 0.0741177
1.6875 3.07349 0.073489
1.6875 3.07349 0.073489
1.73438 3.07268 0.0726832
1.73438 3.07268 0.0726832
1.78125 3.0717 0.0717023
1.78125 3.0717 0.0717023
1.82812 3.07055 0.0705487
1.82812 3.07055 0.0705487
1.875 3.06923 0.0692251
1.875 3.06923 0.0692251
1.92188 3.06773 0.0677348
1.92188 3.06773 0.0677348
1.96875 3.06608 0.0660812
1.96875 3.06608 0.0660812
2.01562 3.06427 0.0642685
2.01562 3.06427 0.0642685
2.0625 3.0623 0.0623009
2.0625 3.0623 0.0623009
2.10938 3.06018 0.0601833
2.10938 3.06018 0.0601833
2.15625 3.05792 0.0579207
2.15625 3.05792 0.0579207
2.20312 3.05552 0.0555185
2.20312 3.05552 0.0555185
2.25 3.05298 0.0529826
2.25 3.05298 0.0529826
2.29688 3.05032 0.050319
2.29688 3.05032 0.050319
2.34375 3.04753 0.0475343
2.34375 3.04753 0.0475343
2.39062 3.04463 0.044635
2.39062 3.04463 0.044635
2.4375 3.04163 0.0416282
2.4375 3.04163 0.0416282
2.48438 3.03852 0.0385211
2.48438 3.03852 0.0385211
2.53125 3.03532 0.0353211
2.53125 3.03532 0.0353211
2.57812 3.03204 0.0320362
2.57812 3.03204 0.0320362
2.625 3.02867 0.028674
2.625 3.02867 0.028674
2.67188 3.02524 0.0252427
2.67188 3.02524 0.0252427
2.71875 3.02175 0.0217507
2.71875 3.02175 0.0217507
2.76562 3.01821 0.0182062
2.76562 3.01821 0.0182062
2.8125 3.01462 0.0146179
2.8125 3.01462 0.0146179
2.85938 3.01099 0.0109947
2.85938 3.01099 0.0109947
2.90625 3.00736 0.00736195
2.90625 3.00736 0.00736195
2.95312 3.00398 0.00397563
2.95312 3.00398 0.00397563
3 3.00205 0.00204655
