# x y topography
0 3.00335 0.00335357
0.046875 3.00473 0.00473227
0.046875 3.00473 0.00473227
0.09375 3.00756 0.00756436
0.09375 3.00756 0.00756436
0.140625 3.01101 0.0110134
0.140625 3.01101 0.0110134
0.1875 3.0146 0.0146029
0.1875 3.0146 0.0146029
0.234375 3.01818 0.0181841
0.234375 3.01818 0.0181841
0.28125 3.02172 0.0217241
0.28125 3.02172 0.0217241
0.328125 3.02521 0.0252119
0.328125 3.02521 0.0252119
0.375 3.02864 0.0286389
0.375 3.02864 0.0286389
0.421875 3.032 0.031997
0.421875 3.032 0.031997
0.46875 3.03528 0.035278
0.46875 3.03528 0.035278
0.515625 3.03847 0.038474
0.515625 3.03847 0.038474
0.5625 3.04158 0.0415773
0.5625 3.04158 0.0415773
0.609375 3.04458 0.0445804
0.609375 3.04458 0.0445804
0.65625 3.04748 0.0474762
0.65625 3.04748 0.0474762
0.703125 3.05026 0.0502576
0.703125 3.05026 0.0502576
0.75 3.05292 0.0529179
0.75 3.05292 0.0529179
0.796875 3.05545 0.0554507
0.796875 3.05545 0.0554507
0.84375 3.05785 0.0578499
0.84375 3.05785 0.0578499
0.890625 3.06011 0.0601098
0.890625 3.06011 0.0601098
0.9375 3.06222 0.0622248
0.9375 3.06222 0.0622248
0.984375 3.06419 0.06419
0.984375 3.06419 0.06419
1.03125 3.066 0.0660005
1.03125 3.066 0.0660005
1.07812 3.06765 0.067652
1.07812 3.06765 0.067652
1.125 3.06914 0.0691405
1.125 3.06914 0.0691405
1.17188 3.07046 0.0704625
1.17188 3.07046 0.0704625
1.21875 3.07161 0.0716147
1.21875 3.07161 0.0716147
1.26562 3.07259 0.0725944
1.26562 3.07259 0.0725944
1.3125 3.0734 0.0733992
1.3125 3.0734 0.0733992
1.35938 3.07403 0.0740271
1.35938 3.07403 0.0740271
1.40625 3.07448 0.0744768
1.40625 3.07448 0.0744768
1.45312 3.07475 0.074747
1.45312 3.07475 0.074747
1.5 3.07484 0.0748371
1.5 3.07484 0.0748371
1.54688 3.07475 0.074747
1.54688 3.07475 0.074747
1.59375 3.07448 0.0744768
1.59375 3.07448 0.0744768
1.64062 3.07403 0.0740271
1.64062 3.07403 0.0740271
1.6875 3.0734 0.0733992
1.6875 3.0734 0.0733992
1.73438 3.07259 0.0725944
1.73438 3.07259 0.0725944
1.78125 3.07161 0.0716147
1.78125 3.07161 0.0716147
1.82812 3.07046 0.0704625
1.82812 3.07046 0.0704625
1.875 3.06914 0.0691405
1.875 3.06914 0.0691405
1.92188 3.06765 0.067652
1.92188 3.06765 0.067652
1.96875 3.066 0.0660005
1.96875 3.066 0.0660005
2.01562 3.06419 0.06419
2.01562 3.06419 0.06419
2.0625 3.06222 0.0622248
2.0625 3.06222 0.0622248
2.10938 3.06011 0.0601098
2.10938 3.06011 0.0601098
2.15625 3.05785 0.0578499
2.15625 3.05785 0.0578499
2.20312 3.05545 0.0554507
2.20312 3.05545 0.0554507
2.25 3.05292 0.0529179
2.25 3.05292 0.0529179
2.29688 3.05026 0.0502576
2.29688 3.05026 0.0502576
2.34375 3.04748 0.0474762
2.34375 3.04748 0.0474762
2.39062 3.04458 0.0445804
2.39062 3.04458 0.0445804
2.4375 3.04158 0.0415773
2.4375 3.04158 0.0415773
2.48438 3.03847 0.038474
2.48438 3.03847 0.038474
2.53125 3.03528 0.035278
2.53125 3.03528 0.035278
2.57812 3.032 0.031997
2.57812 3.032 0.031997
2.625 3.02864 0.0286389
2.625 3.02864 0.0286389
2.67188 3.02521 0.0252119
2.67188 3.02521 0.0252119
2.71875 3.02172 0.0217241
2.71875 3.02172 0.0217241
2.76562 3.01818 0.0181841
2.76562 3.01818 0.0181841
2.8125 3.0146 0.0146029
2.8125 3.0146 0.0146029
2.85938 3.01101 0.0110134
2.85938 3.01101 0.0110134
2.90625 3.00756 0.00756436
2.90625 3.00756 0.00756436
2.95312 3.00473 0.00473227
2.95312 3.00473 0.00473227
3 3.00335 0.00335357
