# x y topography
0 3.00988 0.00988031
0.046875 3.01043 0.0104265
0.046875 3.01043 0.0104265
0.09375 3.0117 0.0117041
0.09375 3.0117 0.0117041
0.140625 3.01362 0.0136214
0.140625 3.01362 0.0136214
0.1875 3.01605 0.0160529
0.1875 3.01605 0.0160529
0.234375 3.01886 0.0188615
0.234375 3.01886 0.0188615
0.28125 3.02192 0.021918
0.28125 3.02192 0.021918
0.328125 3.02511 0.0251138
0.328125 3.02511 0.0251138
0.375 3.02837 0.0283656
0.375 3.02837 0.0283656
0.421875 3.03161 0.0316149
0.421875 3.03161 0.0316149
0.46875 3.03482 0.0348224
0.46875 3.03482 0.0348224
0.515625 3.03796 0.0379627
0.515625 3.03796 0.0379627
0.5625 3.04102 0.0410191
0.5625 3.04102 0.0410191
0.609375 3.04398 0.0439799
0.609375 3.04398 0.0439799
0.65625 3.04684 0.0468359
0.65625 3.04684 0.0468359
0.703125 3.04958 0.0495795
0.703125 3.04958 0.0495795
0.75 3.0522 0.0522039
0.75 3.0522 0.0522039
0.796875 3.0547 0.0547025
0.796875 3.0547 0.0547025
0.84375 3.05707 0.0570693
0.84375 3.05707 0.0570693
0.890625 3.0593 0.0592987
0.890625 3.0593 0.0592987
0.9375 3.06139 0.0613852
0.9375 3.06139 0.0613852
0.984375 3.06332 0.0633239
0.984375 3.06332 0.0633239
1.03125 3.06511 0.0651099
1.03125 3.06511 0.0651099
1.07812 3.06674 0.0667392
1.07812 3.06674 0.0667392
1.125 3.06821 0.0682076
1.125 3.06821 0.0682076
1.17188 3.06951 0.0695117
1.17188 3.06951 0.0695117
1.21875 3.07065 0.0706484
1.21875 3.07065 0.0706484
1.26562 3.07161 0.0716149
1.26562 3.07161 0.0716149
1.3125 3.07241 0.0724088
1.3125 3.07241 0.0724088
1.35938 3.07303 0.0730283
1.35938 3.07303 0.0730283
1.40625 3.07347 0.0734719
1.40625 3.07347 0.0734719
1.45312 3.07374 0.0737384
1.45312 3.07374 0.0737384
1.5 3.07383 0.0738274
1.5 3.07383 0.0738274
1.54688 3.07374 0.0737384
1.54688 3.07374 0.0737384
1.59375 3.07347 0.0734719
1.59375 3.07347 0.0734719
1.64062 3.07303 0.0730283
1.64062 3.07303 0.0730283
1.6875 3.07241 0.0724088
1.6875 3.07241 0.0724088
1.73438 3.07161 0.0716149
1.73438 3.07161 0.0716149
1.78125 3.07065 0.0706484
1.78125 3.07065 0.0706484
1.82812 3.06951 0.0695117
1.82812 3.06951 0.0695117
1.875 3.06821 0.0682076
1.875 3.06821 0.0682076
1.92188 3.06674 0.0667392
1.92188 3.06674 0.0667392
1.96875 3.06511 0.0651099
1.96875 3.06511 0.0651099
2.01562 3.06332 0.0633239
2.01562 3.06332 0.0633239
2.0625 3.06139 0.0613852
2.0625 3.06139 0.0613852
2.10938 3.0593 0.0592987
2.10938 3.0593 0.0592987
2.15625 3.05707 0.0570693
2.15625 3.05707 0.0570693
2.20312 3.0547 0.0547025
2.20312 3.0547 0.0547025
2.25 3.0522 0.0522039
2.25 3.0522 0.0522039
2.29688 3.04958 0.0495795
2.29688 3.04958 0.0495795
2.34375 3.04684 0.0468359
2.34375 3.04684 0.0468359
2.39062 3.04398 0.0439799
2.39062 3.04398 0.0439799
2.4375 3.04102 0.0410191
2.4375 3.04102 0.0410191
2.48438 3.03796 0.0379627
2.48438 3.03796 0.0379627
2.53125 3.03482 0.0348224
2.53125 3.03482 0.0348224
2.57812 3.03161 0.0316149
2.57812 3.03161 0.0316149
2.625 3.02837 0.0283656
2.625 3.02837 0.0283656
2.67188 3.02511 0.0251138
2.67188 3.02511 0.0251138
2.71875 3.02192 0.021918
2.71875 3.02192 0.021918
2.76562 3.01886 0.0188615
2.76562 3.01886 0.0188615
2.8125 3.01605 0.0160529
2.8125 3.01605 0.0160529
2.85938 3.01362 0.0136214
2.85938 3.01362 0.0136214
2.90625 3.0117 0.0117041
2.90625 3.0117 0.0117041
2.95312 3.01043 0.0104265
2.95312 3.01043 0.0104265
3 3.00988 0.00988031
