# x y topography
0 3.01227 0.0122728
0.046875 3.01272 0.0127157
0.046875 3.01272 0.0127157
0.09375 3.01375 0.0137525
0.09375 3.01375 0.0137525
0.140625 3.01533 0.0153315
0.140625 3.01533 0.0153315
0.1875 3.01738 0.0173782
0.1875 3.01738 0.0173782
0.234375 3.0198 0.0198042
0.234375 3.0198 0.0198042
0.28125 3.02252 0.0225172
0.28125 3.02252 0.0225172
0.328125 3.02543 0.0254292
0.328125 3.02543 0.0254292
0.375 3.02846 0.0284623
0.375 3.02846 0.0284623
0.421875 3.03155 0.0315519
0.421875 3.03155 0.0315519
0.46875 3.03465 0.0346472
0.46875 3.03465 0.0346472
0.515625 3.03771 0.0377097
0.515625 3.03771 0.0377097
0.5625 3.04071 0.0407113
0.5625 3.04071 0.0407113
0.609375 3.04363 0.0436318
0.609375 3.04363 0.0436318
0.65625 3.04646 0.0464563
0.65625 3.04646 0.0464563
0.703125 3.04917 0.0491734
0.703125 3.04917 0.0491734
0.75 3.05177 0.0517743
0.75 3.05177 0.0517743
0.796875 3.05425 0.0542516
0.796875 3.05425 0.0542516
0.84375 3.0566 0.0565986
0.84375 3.0566 0.0565986
0.890625 3.05881 0.0588095
0.890625 3.05881 0.0588095
0.9375 3.06088 0.0608787
0.9375 3.06088 0.0608787
0.984375 3.0628 0.0628013
0.984375 3.0628 0.0628013
1.03125 3.06457 0.0645727
1.03125 3.06457 0.0645727
1.07812 3.06619 0.0661884
1.07812 3.06619 0.0661884
1.125 3.06764 0.0676448
1.125 3.06764 0.0676448
1.17188 3.06894 0.0689381
1.17188 3.06894 0.0689381
1.21875 3.07007 0.0700654
1.21875 3.07007 0.0700654
1.26562 3.07102 0.0710239
1.26562 3.07102 0.0710239
1.3125 3.07181 0.0718113
1.3125 3.07181 0.0718113
1.35938 3.07243 0.0724257
1.35938 3.07243 0.0724257
1.40625 3.07287 0.0728656
1.40625 3.07287 0.0728656
1.45312 3.07313 0.07313
1.45312 3.07313 0.07313
1.5 3.07322 0.0732182
1.5 3.07322 0.0732182
1.54688 3.07313 0.07313
1.54688 3.07313 0.07313
1.59375 3.07287 0.0728656
1.59375 3.07287 0.0728656
1.64062 3.07243 0.0724257
1.64062 3.07243 0.0724257
1.6875 3.07181 0.0718113
1.6875 3.07181 0.0718113
1.73438 3.07102 0.0710239
1.73438 3.07102 0.0710239
1.78125 3.07007 0.0700654
1.78125 3.07007 0.0700654
1.82812 3.06894 0.0689381
1.82812 3.06894 0.0689381
1.875 3.06764 0.0676448
1.875 3.06764 0.0676448
1.92188 3.06619 0.0661884
1.92188 3.06619 0.0661884
1.96875 3.06457 0.0645727
1.96875 3.06457 0.0645727
2.01562 3.0628 0.0628013
2.01562 3.0628 0.0628013
2.0625 3.06088 0.0608787
2.0625 3.06088 0.0608787
2.10938 3.05881 0.0588095
2.10938 3.05881 0.0588095
2.15625 3.0566 0.0565986
2.15625 3.0566 0.0565986
2.20312 3.05425 0.0542516
2.20312 3.05425 0.0542516
2.25 3.05177 0.0517743
2.25 3.05177 0.0517743
2.29688 3.04917 0.0491734
2.29688 3.04917 0.0491734
2.34375 3.04646 0.0464563
2.34375 3.04646 0.0464563
2.39062 3.04363 0.0436318
2.39062 3.04363 0.0436318
2.4375 3.04071 0.0407113
2.4375 3.04071 0.0407113
2.48438 3.03771 0.0377097
2.48438 3.03771 0.0377097
2.53125 3.03465 0.0346472
2.53125 3.03465 0.0346472
2.57812 3.03155 0.0315519
2.57812 3.03155 0.0315519
2.625 3.02846 0.0284623
2.625 3.02846 0.0284623
2.67188 3.02543 0.0254292
2.67188 3.02543 0.0254292
2.71875 3.02252 0.0225172
2.71875 3.02252 0.0225172
2.76562 3.0198 0.0198042
2.76562 3.0198 0.0198042
2.8125 3.01738 0.0173782
2.8125 3.01738 0.0173782
2.85938 3.01533 0.0153315
2.85938 3.01533 0.0153315
2.90625 3.01375 0.0137525
2.90625 3.01375 0.0137525
2.95312 3.01272 0.0127157
2.95312 3.01272 0.0127157
3 3.01227 0.0122728
