# x y topography
0 3.01195 0.0119516
0.046875 3.01241 0.0124062
0.046875 3.01241 0.0124062
0.09375 3.01347 0.0134707
0.09375 3.01347 0.0134707
0.140625 3.01509 0.0150896
0.140625 3.01509 0.0150896
0.1875 3.01718 0.0171832
0.1875 3.01718 0.0171832
0.234375 3.01966 0.0196579
0.234375 3.01966 0.0196579
0.28125 3.02242 0.022417
0.28125 3.02242 0.022417
0.328125 3.02537 0.0253693
0.328125 3.02537 0.0253693
0.375 3.02844 0.0284356
0.375 3.02844 0.0284356
0.421875 3.03155 0.0315509
0.421875 3.03155 0.0315509
0.46875 3.03467 0.0346653
0.46875 3.03467 0.0346653
0.515625 3.03774 0.0377417
0.515625 3.03774 0.0377417
0.5625 3.04075 0.0407534
0.5625 3.04075 0.0407534
0.609375 3.04368 0.0436811
0.609375 3.04368 0.0436811
0.65625 3.04651 0.046511
0.65625 3.04651 0.046511
0.703125 3.04923 0.0492326
0.703125 3.04923 0.0492326
0.75 3.05184 0.0518372
0.75 3.05184 0.0518372
0.796875 3.05432 0.0543178
0.796875 3.05432 0.0543178
0.84375 3.05667 0.0566678
0.84375 3.05667 0.0566678
0.890625 3.05888 0.0588814
0.890625 3.05888 0.0588814
0.9375 3.06095 0.0609532
0.9375 3.06095 0.0609532
0.984375 3.06288 0.0628781
0.984375 3.06288 0.0628781
1.03125 3.06465 0.0646517
1.03125 3.06465 0.0646517
1.07812 3.06627 0.0662694
1.07812 3.06627 0.0662694
1.125 3.06773 0.0677275
1.125 3.06773 0.0677275
1.17188 3.06902 0.0690225
1.17188 3.06902 0.0690225
1.21875 3.07015 0.0701511
1.21875 3.07015 0.0701511
1.26562 3.07111 0.0711108
1.26562 3.07111 0.0711108
1.3125 3.0719 0.0718992
1.3125 3.0719 0.0718992
1.35938 3.07251 0.0725143
1.35938 3.07251 0.0725143
1.40625 3.07295 0.0729547
1.40625 3.07295 0.0729547
1.45312 3.07322 0.0732194
1.45312 3.07322 0.0732194
1.5 3.07331 0.0733077
1.5 3.07331 0.0733077
1.54688 3.07322 0.0732194
1.54688 3.07322 0.0732194
1.59375 3.07295 0.0729547
1.59375 3.07295 0.0729547
1.64062 3.07251 0.0725143
1.64062 3.07251 0.0725143
1.6875 3.0719 0.0718992
1.6875 3.0719 0.0718992
1.73438 3.07111 0.0711108
1.73438 3.07111 0.0711108
1.78125 3.07015 0.0701511
1.78125 3.07015 0.0701511
1.82812 3.06902 0.0690225
1.82812 3.06902 0.0690225
1.875 3.06773 0.0677275
1.875 3.06773 0.0677275
1.92188 3.06627 0.0662694
1.92188 3.06627 0.0662694
1.96875 3.06465 0.0646517
1.96875 3.06465 0.0646517
2.01562 3.06288 0.0628781
2.01562 3.06288 0.0628781
2.0625 3.06095 0.0609532
2.0625 3.06095 0.0609532
2.10938 3.05888 0.0588814
2.10938 3.05888 0.0588814
2.15625 3.05667 0.0566678
2.15625 3.05667 0.0566678
2.20312 3.05432 0.0543178
2.20312 3.05432 0.0543178
2.25 3.05184 0.0518372
2.25 3.05184 0.0518372
2.29688 3.04923 0.0492326
2.29688 3.04923 0.0492326
2.34375 3.04651 0.046511
2.34375 3.04651 0.046511
2.39062 3.04368 0.0436811
2.39062 3.04368 0.0436811
2.4375 3.04075 0.0407534
2.4375 3.04075 0.0407534
2.48438 3.03774 0.0377417
2.48438 3.03774 0.0377417
2.53125 3.03467 0.0346653
2.53125 3.03467 0.0346653
2.57812 3.03155 0.0315509
2.57812 3.03155 0.0315509
2.625 3.02844 0.0284356
2.625 3.02844 0.0284356
2.67188 3.02537 0.0253693
2.67188 3.02537 0.0253693
2.71875 3.02242 0.022417
2.71875 3.02242 0.022417
2.76562 3.01966 0.0196579
2.76562 3.01966 0.0196579
2.8125 3.01718 0.0171832
2.8125 3.01718 0.0171832
2.85938 3.01509 0.0150896
2.85938 3.01509 0.0150896
2.90625 3.01347 0.0134707
2.90625 3.01347 0.0134707
2.95312 3.01241 0.0124062
2.95312 3.01241 0.0124062
3 3.01195 0.0119516
