# x y topography
0 3.01158 0.0115834
0.046875 3.01205 0.0120522
0.046875 3.01205 0.0120522
0.09375 3.01315 0.01315
0.09375 3.01315 0.01315
0.140625 3.01482 0.0148165
0.140625 3.01482 0.0148165
0.1875 3.01697 0.0169656
0.1875 3.01697 0.0169656
0.234375 3.0195 0.0194973
0.234375 3.0195 0.0194973
0.28125 3.02231 0.0223094
0.28125 3.02231 0.0223094
0.328125 3.02531 0.0253074
0.328125 3.02531 0.0253074
0.375 3.02841 0.0284105
0.375 3.02841 0.0284105
0.421875 3.03155 0.0315538
0.421875 3.03155 0.0315538
0.46875 3.03469 0.0346887
0.46875 3.03469 0.0346887
0.515625 3.03778 0.0377797
0.515625 3.03778 0.0377797
0.5625 3.0408 0.0408016
0.5625 3.0408 0.0408016
0.609375 3.04374 0.0437369
0.609375 3.04374 0.0437369
0.65625 3.04657 0.0465725
0.65625 3.04657 0.0465725
0.703125 3.0493 0.0492987
0.703125 3.0493 0.0492987
0.75 3.05191 0.0519074
0.75 3.05191 0.0519074
0.796875 3.05439 0.0543915
0.796875 3.05439 0.0543915
0.84375 3.05674 0.0567447
0.84375 3.05674 0.0567447
0.890625 3.05896 0.0589614
0.890625 3.05896 0.0589614
0.9375 3.06104 0.061036
0.9375 3.06104 0.061036
0.984375 3.06296 0.0629636
0.984375 3.06296 0.0629636
1.03125 3.06474 0.0647395
1.03125 3.06474 0.0647395
1.07812 3.06636 0.0663595
1.07812 3.06636 0.0663595
1.125 3.06782 0.0678196
1.125 3.06782 0.0678196
1.17188 3.06912 0.0691163
1.17188 3.06912 0.0691163
1.21875 3.07025 0.0702465
1.21875 3.07025 0.0702465
1.26562 3.07121 0.0712075
1.26562 3.07121 0.0712075
1.3125 3.072 0.0719969
1.3125 3.072 0.0719969
1.35938 3.07261 0.0726129
1.35938 3.07261 0.0726129
1.40625 3.07305 0.0730539
1.40625 3.07305 0.0730539
1.45312 3.07332 0.073319
1.45312 3.07332 0.073319
1.5 3.07341 0.0734074
1.5 3.07341 0.0734074
1.54688 3.07332 0.073319
1.54688 3.07332 0.073319
1.59375 3.07305 0.0730539
1.59375 3.07305 0.0730539
1.64062 3.07261 0.0726129
1.64062 3.07261 0.0726129
1.6875 3.072 0.0719969
1.6875 3.072 0.0719969
1.73438 3.07121 0.0712075
1.73438 3.07121 0.0712075
1.78125 3.07025 0.0702465
1.78125 3.07025 0.0702465
1.82812 3.06912 0.0691163
1.82812 3.06912 0.0691163
1.875 3.06782 0.0678196
1.875 3.06782 0.0678196
1.92188 3.06636 0.0663595
1.92188 3.06636 0.0663595
1.96875 3.06474 0.0647395
1.96875 3.06474 0.0647395
2.01562 3.06296 0.0629636
2.01562 3.06296 0.0629636
2.0625 3.06104 0.061036
2.0625 3.06104 0.061036
2.10938 3.05896 0.0589614
2.10938 3.05896 0.0589614
2.15625 3.05674 0.0567447
2.15625 3.05674 0.0567447
2.20312 3.05439 0.0543915
2.20312 3.05439 0.0543915
2.25 3.05191 0.0519074
2.25 3.05191 0.0519074
2.29688 3.0493 0.0492987
2.29688 3.0493 0.0492987
2.34375 3.04657 0.0465725
2.34375 3.04657 0.0465725
2.39062 3.04374 0.0437369
2.39062 3.04374 0.0437369
2.4375 3.0408 0.0408016
2.4375 3.0408 0.0408016
2.48438 3.03778 0.0377797
2.48438 3.03778 0.0377797
2.53125 3.03469 0.0346887
2.53125 3.03469 0.0346887
2.57812 3.03155 0.0315538
2.57812 3.03155 0.0315538
2.625 3.02841 0.0284105
2.625 3.02841 0.0284105
2.67188 3.02531 0.0253074
2.67188 3.02531 0.0253074
2.71875 3.02231 0.0223094
2.71875 3.02231 0.0223094
2.76562 3.0195 0.0194973
2.76562 3.0195 0.0194973
2.8125 3.01697 0.0169656
2.8125 3.01697 0.0169656
2.85938 3.01482 0.0148165
2.85938 3.01482 0.0148165
2.90625 3.01315 0.01315
2.90625 3.01315 0.01315
2.95312 3.01205 0.0120522
2.95312 3.01205 0.0120522
3 3.01158 0.0115834
