# x y topography
0 3.00803 0.00802656
0.046875 3.00869 0.00868919
0.046875 3.00869 0.00868919
0.09375 3.01023 0.0102285
0.09375 3.01023 0.0102285
0.140625 3.01249 0.0124896
0.140625 3.01249 0.0124896
0.1875 3.01528 0.0152765
0.1875 3.01528 0.0152765
0.234375 3.0184 0.0183973
0.234375 3.0184 0.0183973
0.28125 3.0217 0.021695
0.28125 3.0217 0.021695
0.328125 3.02506 0.0250589
0.328125 3.02506 0.0250589
0.375 3.02842 0.028419
0.375 3.02842 0.028419
0.421875 3.03174 0.031735
0.421875 3.03174 0.031735
0.46875 3.03498 0.0349839
0.46875 3.03498 0.0349839
0.515625 3.03815 0.0381518
0.515625 3.03815 0.0381518
0.5625 3.04123 0.0412287
0.5625 3.04123 0.0412287
0.609375 3.04421 0.0442065
0.609375 3.04421 0.0442065
0.65625 3.04708 0.047078
0.65625 3.04708 0.047078
0.703125 3.04984 0.049836
0.703125 3.04984 0.049836
0.75 3.05247 0.052474
0.75 3.05247 0.052474
0.796875 3.05499 0.0549856
0.796875 3.05499 0.0549856
0.84375 3.05736 0.0573647
0.84375 3.05736 0.0573647
0.890625 3.05961 0.0596056
0.890625 3.05961 0.0596056
0.9375 3.0617 0.0617029
0.9375 3.0617 0.0617029
0.984375 3.06365 0.0636516
0.984375 3.06365 0.0636516
1.03125 3.06545 0.0654469
1.03125 3.06545 0.0654469
1.07812 3.06708 0.0670846
1.07812 3.06708 0.0670846
1.125 3.06856 0.0685606
1.125 3.06856 0.0685606
1.17188 3.06987 0.0698715
1.17188 3.06987 0.0698715
1.21875 3.07101 0.071014
1.21875 3.07101 0.071014
1.26562 3.07199 0.0719855
1.26562 3.07199 0.0719855
1.3125 3.07278 0.0727835
1.3125 3.07278 0.0727835
1.35938 3.07341 0.0734063
1.35938 3.07341 0.0734063
1.40625 3.07385 0.0738521
1.40625 3.07385 0.0738521
1.45312 3.07412 0.0741201
1.45312 3.07412 0.0741201
1.5 3.07421 0.0742095
1.5 3.07421 0.0742095
1.54688 3.07412 0.0741201
1.54688 3.07412 0.0741201
1.59375 3.07385 0.0738521
1.59375 3.07385 0.0738521
1.64062 3.07341 0.0734063
1.64062 3.07341 0.0734063
1.6875 3.07278 0.0727835
1.6875 3.07278 0.0727835
1.73438 3.07199 0.0719855
1.73438 3.07199 0.0719855
1.78125 3.07101 0.071014
1.78125 3.07101 0.071014
1.82812 3.06987 0.0698715
1.82812 3.06987 0.0698715
1.875 3.06856 0.0685606
1.875 3.06856 0.0685606
1.92188 3.06708 0.0670846
1.92188 3.06708 0.0670846
1.96875 3.06545 0.0654469
1.96875 3.06545 0.0654469
2.01562 3.06365 0.0636516
2.01562 3.06365 0.0636516
2.0625 3.0617 0.0617029
2.0625 3.0617 0.0617029
2.10938 3.05961 0.0596056
2.10938 3.05961 0.0596056
2.15625 3.05736 0.0573647
2.15625 3.05736 0.0573647
2.20312 3.05499 0.0549856
2.20312 3.05499 0.0549856
2.25 3.05247 0.052474
2.25 3.05247 0.052474
2.29688 3.04984 0.049836
2.29688 3.04984 0.049836
2.34375 3.04708 0.047078
2.34375 3.04708 0.047078
2.39062 3.04421 0.0442065
2.39062 3.04421 0.0442065
2.4375 3.04123 0.0412287
2.4375 3.04123 0.0412287
2.48438 3.03815 0.0381518
2.48438 3.03815 0.0381518
2.53125 3.03498 0.0349839
2.53125 3.03498 0.0349839
2.57812 3.03174 0.031735
2.57812 3.03174 0.031735
2.625 3.02842 0.028419
2.625 3.02842 0.028419
2.67188 3.02506 0.0250589
2.67188 3.02506 0.0250589
2.71875 3.0217 0.021695
2.71875 3.0217 0.021695
2.76562 3.0184 0.0183973
2.76562 3.0184 0.0183973
2.8125 3.01528 0.0152765
2.8125 3.01528 0.0152765
2.85938 3.01249 0.0124896
2.85938 3.01249 0.0124896
2.90625 3.01023 0.0102285
2.90625 3.01023 0.0102285
2.95312 3.00869 0.00868919
2.95312 3.00869 0.00868919
3 3.00803 0.00802656
