# x y topography
0 3.01166 0.011658
0.046875 3.01212 0.0121239
0.046875 3.01212 0.0121239
0.09375 3.01321 0.0132148
0.09375 3.01321 0.0132148
0.140625 3.01487 0.0148715
0.140625 3.01487 0.0148715
0.1875 3.01701 0.0170092
0.1875 3.01701 0.0170092
0.234375 3.01953 0.0195292
0.234375 3.01953 0.0195292
0.28125 3.02233 0.0223306
0.28125 3.02233 0.0223306
0.328125 3.02532 0.0253194
0.328125 3.02532 0.0253194
0.375 3.02842 0.0284151
0.375 3.02842 0.0284151
0.421875 3.03155 0.0315529
0.421875 3.03155 0.0315529
0.46875 3.03468 0.0346838
0.46875 3.03468 0.0346838
0.515625 3.03777 0.0377719
0.515625 3.03777 0.0377719
0.5625 3.04079 0.0407918
0.5625 3.04079 0.0407918
0.609375 3.04373 0.0437256
0.609375 3.04373 0.0437256
0.65625 3.04656 0.0465602
0.65625 3.04656 0.0465602
0.703125 3.04929 0.0492855
0.703125 3.04929 0.0492855
0.75 3.05189 0.0518933
0.75 3.05189 0.0518933
0.796875 3.05438 0.0543767
0.796875 3.05438 0.0543767
0.84375 3.05673 0.0567293
0.84375 3.05673 0.0567293
0.890625 3.05895 0.0589454
0.890625 3.05895 0.0589454
0.9375 3.06102 0.0610194
0.9375 3.06102 0.0610194
0.984375 3.06295 0.0629465
0.984375 3.06295 0.0629465
1.03125 3.06472 0.0647219
1.03125 3.06472 0.0647219
1.07812 3.06634 0.0663415
1.07812 3.06634 0.0663415
1.125 3.0678 0.0678012
1.125 3.0678 0.0678012
1.17188 3.0691 0.0690975
1.17188 3.0691 0.0690975
1.21875 3.07023 0.0702274
1.21875 3.07023 0.0702274
1.26562 3.07119 0.0711881
1.26562 3.07119 0.0711881
1.3125 3.07198 0.0719773
1.3125 3.07198 0.0719773
1.35938 3.07259 0.0725931
1.35938 3.07259 0.0725931
1.40625 3.07303 0.0730341
1.40625 3.07303 0.0730341
1.45312 3.0733 0.073299
1.45312 3.0733 0.073299
1.5 3.07339 0.0733874
1.5 3.07339 0.0733874
1.54688 3.0733 0.073299
1.54688 3.0733 0.073299
1.59375 3.07303 0.0730341
1.59375 3.07303 0.0730341
1.64062 3.07259 0.0725931
1.64062 3.07259 0.0725931
1.6875 3.07198 0.0719773
1.6875 3.07198 0.0719773
1.73438 3.07119 0.0711881
1.73438 3.07119 0.0711881
1.78125 3.07023 0.0702274
1.78125 3.07023 0.0702274
1.82812 3.0691 0.0690975
1.82812 3.0691 0.0690975
1.875 3.0678 0.0678012
1.875 3.0678 0.0678012
1.92188 3.06634 0.0663415
1.92188 3.06634 0.0663415
1.96875 3.06472 0.0647219
1.96875 3.06472 0.0647219
2.01562 3.06295 0.0629465
2.01562 3.06295 0.0629465
2.0625 3.06102 0.0610194
2.0625 3.06102 0.0610194
2.10938 3.05895 0.0589454
2.10938 3.05895 0.0589454
2.15625 3.05673 0.0567293
2.15625 3.05673 0.0567293
2.20312 3.05438 0.0543767
2.20312 3.05438 0.0543767
2.25 3.05189 0.0518933
2.25 3.05189 0.0518933
2.29688 3.04929 0.0492855
2.29688 3.04929 0.0492855
2.34375 3.04656 0.0465602
2.34375 3.04656 0.0465602
2.39062 3.04373 0.0437256
2.39062 3.04373 0.0437256
2.4375 3.04079 0.0407918
2.4375 3.04079 0.0407918
2.48438 3.03777 0.0377719
2.48438 3.03777 0.0377719
2.53125 3.03468 0.0346838
2.53125 3.03468 0.0346838
2.57812 3.03155 0.0315529
2.57812 3.03155 0.0315529
2.625 3.02842 0.0284151
2.625 3.02842 0.0284151
2.67188 3.02532 0.0253194
2.67188 3.02532 0.0253194
2.71875 3.02233 0.0223306
2.71875 3.02233 0.0223306
2.76562 3.01953 0.0195292
2.76562 3.01953 0.0195292
2.8125 3.01701 0.0170092
2.8125 3.01701 0.0170092
2.85938 3.01487 0.0148715
2.85938 3.01487 0.0148715
2.90625 3.01321 0.0132148
2.90625 3.01321 0.0132148
2.95312 3.01212 0.0121239
2.95312 3.01212 0.0121239
3 3.01166 0.011658
