# x y topography
0 3.0084 0.00839875
0.046875 3.00903 0.00903441
0.046875 3.00903 0.00903441
0.09375 3.01051 0.0105141
0.09375 3.01051 0.0105141
0.140625 3.0127 0.0126992
0.140625 3.0127 0.0126992
0.1875 3.01541 0.0154112
0.1875 3.01541 0.0154112
0.234375 3.01847 0.01847
0.234375 3.01847 0.01847
0.28125 3.02172 0.0217235
0.28125 3.02172 0.0217235
0.328125 3.02506 0.025059
0.328125 3.02506 0.025059
0.375 3.0284 0.0284025
0.375 3.0284 0.0284025
0.421875 3.03171 0.031709
0.421875 3.03171 0.031709
0.46875 3.03495 0.0349521
0.46875 3.03495 0.0349521
0.515625 3.03812 0.038116
0.515625 3.03812 0.038116
0.5625 3.04119 0.0411896
0.5625 3.04119 0.0411896
0.609375 3.04416 0.0441646
0.609375 3.04416 0.0441646
0.65625 3.04703 0.0470332
0.65625 3.04703 0.0470332
0.703125 3.04979 0.0497887
0.703125 3.04979 0.0497887
0.75 3.05242 0.0524241
0.75 3.05242 0.0524241
0.796875 3.05493 0.0549333
0.796875 3.05493 0.0549333
0.84375 3.05731 0.0573102
0.84375 3.05731 0.0573102
0.890625 3.05955 0.0595489
0.890625 3.05955 0.0595489
0.9375 3.06164 0.0616443
0.9375 3.06164 0.0616443
0.984375 3.06359 0.0635911
0.984375 3.06359 0.0635911
1.03125 3.06538 0.0653847
1.03125 3.06538 0.0653847
1.07812 3.06702 0.0670208
1.07812 3.06702 0.0670208
1.125 3.0685 0.0684954
1.125 3.0685 0.0684954
1.17188 3.06981 0.0698051
1.17188 3.06981 0.0698051
1.21875 3.07095 0.0709465
1.21875 3.07095 0.0709465
1.26562 3.07192 0.0719171
1.26562 3.07192 0.0719171
1.3125 3.07271 0.0727144
1.3125 3.07271 0.0727144
1.35938 3.07334 0.0733365
1.35938 3.07334 0.0733365
1.40625 3.07378 0.0737819
1.40625 3.07378 0.0737819
1.45312 3.07405 0.0740496
1.45312 3.07405 0.0740496
1.5 3.07414 0.0741389
1.5 3.07414 0.0741389
1.54688 3.07405 0.0740496
1.54688 3.07405 0.0740496
1.59375 3.07378 0.0737819
1.59375 3.07378 0.0737819
1.64062 3.07334 0.0733365
1.64062 3.07334 0.0733365
1.6875 3.07271 0.0727144
1.6875 3.07271 0.0727144
1.73438 3.07192 0.0719171
1.73438 3.07192 0.0719171
1.78125 3.07095 0.0709465
1.78125 3.07095 0.0709465
1.82812 3.06981 0.0698051
1.82812 3.06981 0.0698051
1.875 3.0685 0.0684954
1.875 3.0685 0.0684954
1.92188 3.06702 0.0670208
1.92188 3.06702 0.0670208
1.96875 3.06538 0.0653847
1.96875 3.06538 0.0653847
2.01562 3.06359 0.0635911
2.01562 3.06359 0.0635911
2.0625 3.06164 0.0616443
2.0625 3.06164 0.0616443
2.10938 3.05955 0.0595489
2.10938 3.05955 0.0595489
2.15625 3.05731 0.0573102
2.15625 3.05731 0.0573102
2.20312 3.05493 0.0549333
2.20312 3.05493 0.0549333
2.25 3.05242 0.0524241
2.25 3.05242 0.0524241
2.29688 3.04979 0.0497887
2.29688 3.04979 0.0497887
2.34375 3.04703 0.0470332
2.34375 3.04703 0.0470332
2.39062 3.04416 0.0441646
2.39062 3.04416 0.0441646
2.4375 3.04119 0.0411896
2.4375 3.04119 0.0411896
2.48438 3.03812 0.038116
2.48438 3.03812 0.038116
2.53125 3.03495 0.0349521
2.53125 3.03495 0.0349521
2.57812 3.03171 0.031709
2.57812 3.03171 0.031709
2.625 3.0284 0.0284025
2.625 3.0284 0.0284025
2.67188 3.02506 0.025059
2.67188 3.02506 0.025059
2.71875 3.02172 0.0217235
2.71875 3.02172 0.0217235
2.76562 3.01847 0.01847
2.76562 3.01847 0.01847
2.8125 3.01541 0.0154112
2.8125 3.01541 0.0154112
2.85938 3.0127 0.0126992
2.85938 3.0127 0.0126992
2.90625 3.01051 0.0105141
2.90625 3.01051 0.0105141
2.95312 3.00903 0.00903441
2.95312 3.00903 0.00903441
3 3.0084 0.00839875
