# x y topography
0 3.00451 0.00451343
0.046875 3.00561 0.00560522
0.046875 3.00561 0.00560522
0.09375 3.00799 0.00799339
0.09375 3.00799 0.00799339
0.140625 3.01115 0.0111459
0.140625 3.01115 0.0111459
0.1875 3.01462 0.0146162
0.1875 3.01462 0.0146162
0.234375 3.01816 0.0181629
0.234375 3.01816 0.0181629
0.28125 3.02169 0.0216924
0.28125 3.02169 0.0216924
0.328125 3.02517 0.0251743
0.328125 3.02517 0.0251743
0.375 3.0286 0.0285962
0.375 3.0286 0.0285962
0.421875 3.03195 0.0319492
0.421875 3.03195 0.0319492
0.46875 3.03523 0.0352253
0.46875 3.03523 0.0352253
0.515625 3.03842 0.0384165
0.515625 3.03842 0.0384165
0.5625 3.04152 0.0415152
0.5625 3.04152 0.0415152
0.609375 3.04451 0.0445139
0.609375 3.04451 0.0445139
0.65625 3.04741 0.0474053
0.65625 3.04741 0.0474053
0.703125 3.05018 0.0501825
0.703125 3.05018 0.0501825
0.75 3.05284 0.0528388
0.75 3.05284 0.0528388
0.796875 3.05537 0.0553679
0.796875 3.05537 0.0553679
0.84375 3.05776 0.0577635
0.84375 3.05776 0.0577635
0.890625 3.06002 0.06002
0.890625 3.06002 0.06002
0.9375 3.06213 0.0621319
0.9375 3.06213 0.0621319
0.984375 3.06409 0.0640941
0.984375 3.06409 0.0640941
1.03125 3.0659 0.0659019
1.03125 3.0659 0.0659019
1.07812 3.06755 0.067551
1.07812 3.06755 0.067551
1.125 3.06904 0.0690373
1.125 3.06904 0.0690373
1.17188 3.07036 0.0703573
1.17188 3.07036 0.0703573
1.21875 3.07151 0.0715077
1.21875 3.07151 0.0715077
1.26562 3.07249 0.072486
1.26562 3.07249 0.072486
1.3125 3.07329 0.0732896
1.3125 3.07329 0.0732896
1.35938 3.07392 0.0739166
1.35938 3.07392 0.0739166
1.40625 3.07437 0.0743656
1.40625 3.07437 0.0743656
1.45312 3.07464 0.0746354
1.45312 3.07464 0.0746354
1.5 3.07473 0.0747254
1.5 3.07473 0.0747254
1.54688 3.07464 0.0746354
1.54688 3.07464 0.0746354
1.59375 3.07437 0.0743656
1.59375 3.07437 0.0743656
1.64062 3.07392 0.0739166
1.64062 3.07392 0.0739166
1.6875 3.07329 0.0732896
1.6875 3.07329 0.0732896
1.73438 3.07249 0.072486
1.73438 3.07249 0.072486
1.78125 3.07151 0.0715077
1.78125 3.07151 0.0715077
1.82812 3.07036 0.0703573
1.82812 3.07036 0.0703573
1.875 3.06904 0.0690373
1.875 3.06904 0.0690373
1.92188 3.06755 0.067551
1.92188 3.06755 0.067551
1.96875 3.0659 0.0659019
1.96875 3.0659 0.0659019
2.01562 3.06409 0.0640941
2.01562 3.06409 0.0640941
2.0625 3.06213 0.0621319
2.0625 3.06213 0.0621319
2.10938 3.06002 0.06002
2.10938 3.06002 0.06002
2.15625 3.05776 0.0577635
2.15625 3.05776 0.0577635
2.20312 3.05537 0.0553679
2.20312 3.05537 0.0553679
2.25 3.05284 0.0528388
2.25 3.05284 0.0528388
2.29688 3.05018 0.0501825
2.29688 3.05018 0.0501825
2.34375 3.04741 0.0474053
2.34375 3.04741 0.0474053
2.39062 3.04451 0.0445139
2.39062 3.04451 0.0445139
2.4375 3.04152 0.0415152
2.4375 3.04152 0.0415152
2.48438 3.03842 0.0384165
2.48438 3.03842 0.0384165
2.53125 3.03523 0.0352253
2.53125 3.03523 0.0352253
2.57812 3.03195 0.0319492
2.57812 3.03195 0.0319492
2.625 3.0286 0.0285962
2.625 3.0286 0.0285962
2.67188 3.02517 0.0251743
2.67188 3.02517 0.0251743
2.71875 3.02169 0.0216924
2.71875 3.02169 0.0216924
2.76562 3.01816 0.0181629
2.76562 3.01816 0.0181629
2.8125 3.01462 0.0146162
2.8125 3.01462 0.0146162
2.85938 3.01115 0.0111459
2.85938 3.01115 0.0111459
2.90625 3.00799 0.00799339
2.90625 3.00799 0.00799339
2.95312 3.00561 0.00560522
2.95312 3.00561 0.00560522
3 3.00451 0.00451343
