# x y topography
0 3.00143 0.00143158
0.046875 3.00377 0.00376771
0.046875 3.00377 0.00376771
0.09375 3.00735 0.00734841
0.09375 3.00735 0.00734841
0.140625 3.011 0.0109988
0.140625 3.011 0.0109988
0.1875 3.01462 0.0146238
0.1875 3.01462 0.0146238
0.234375 3.01821 0.0182136
0.234375 3.01821 0.0182136
0.28125 3.02176 0.0217595
0.28125 3.02176 0.0217595
0.328125 3.02525 0.025253
0.328125 3.02525 0.025253
0.375 3.02869 0.0286857
0.375 3.02869 0.0286857
0.421875 3.03205 0.0320492
0.421875 3.03205 0.0320492
0.46875 3.03534 0.0353355
0.46875 3.03534 0.0353355
0.515625 3.03854 0.0385368
0.515625 3.03854 0.0385368
0.5625 3.04165 0.0416451
0.5625 3.04165 0.0416451
0.609375 3.04465 0.0446532
0.609375 3.04465 0.0446532
0.65625 3.04755 0.0475536
0.65625 3.04755 0.0475536
0.703125 3.05034 0.0503396
0.703125 3.05034 0.0503396
0.75 3.053 0.0530042
0.75 3.053 0.0530042
0.796875 3.05554 0.0555411
0.796875 3.05554 0.0555411
0.84375 3.05794 0.0579443
0.84375 3.05794 0.0579443
0.890625 3.06021 0.0602078
0.890625 3.06021 0.0602078
0.9375 3.06233 0.0623263
0.9375 3.06233 0.0623263
0.984375 3.06429 0.0642947
0.984375 3.06429 0.0642947
1.03125 3.06611 0.0661082
1.03125 3.06611 0.0661082
1.07812 3.06776 0.0677624
1.07812 3.06776 0.0677624
1.125 3.06925 0.0692533
1.125 3.06925 0.0692533
1.17188 3.07058 0.0705774
1.17188 3.07058 0.0705774
1.21875 3.07173 0.0717315
1.21875 3.07173 0.0717315
1.26562 3.07271 0.0727128
1.26562 3.07271 0.0727128
1.3125 3.07352 0.0735189
1.3125 3.07352 0.0735189
1.35938 3.07415 0.0741479
1.35938 3.07415 0.0741479
1.40625 3.0746 0.0745983
1.40625 3.0746 0.0745983
1.45312 3.07487 0.074869
1.45312 3.07487 0.074869
1.5 3.07496 0.0749593
1.5 3.07496 0.0749593
1.54688 3.07487 0.074869
1.54688 3.07487 0.074869
1.59375 3.0746 0.0745983
1.59375 3.0746 0.0745983
1.64062 3.07415 0.0741479
1.64062 3.07415 0.0741479
1.6875 3.07352 0.0735189
1.6875 3.07352 0.0735189
1.73438 3.07271 0.0727128
1.73438 3.07271 0.0727128
1.78125 3.07173 0.0717315
1.78125 3.07173 0.0717315
1.82812 3.07058 0.0705774
1.82812 3.07058 0.0705774
1.875 3.06925 0.0692533
1.875 3.06925 0.0692533
1.92188 3.06776 0.0677624
1.92188 3.06776 0.0677624
1.96875 3.06611 0.0661082
1.96875 3.06611 0.0661082
2.01562 3.06429 0.0642947
2.01562 3.06429 0.0642947
2.0625 3.06233 0.0623263
2.0625 3.06233 0.0623263
2.10938 3.06021 0.0602078
2.10938 3.06021 0.0602078
2.15625 3.05794 0.0579443
2.15625 3.05794 0.0579443
2.20312 3.05554 0.0555411
2.20312 3.05554 0.0555411
2.25 3.053 0.0530042
2.25 3.053 0.0530042
2.29688 3.05034 0.0503396
2.29688 3.05034 0.0503396
2.34375 3.04755 0.0475536
2.34375 3.04755 0.0475536
2.39062 3.04465 0.0446532
2.39062 3.04465 0.0446532
2.4375 3.04165 0.0416451
2.4375 3.04165 0.0416451
2.48438 3.03854 0.0385368
2.48438 3.03854 0.0385368
2.53125 3.03534 0.0353355
2.53125 3.03534 0.0353355
2.57812 3.03205 0.0320492
2.57812 3.03205 0.0320492
2.625 3.02869 0.0286857
2.625 3.02869 0.0286857
2.67188 3.02525 0.025253
2.67188 3.02525 0.025253
2.71875 3.02176 0.0217595
2.71875 3.02176 0.0217595
2.76562 3.01821 0.0182136
2.76562 3.01821 0.0182136
2.8125 3.01462 0.0146238
2.8125 3.01462 0.0146238
2.85938 3.011 0.0109988
2.85938 3.011 0.0109988
2.90625 3.00735 0.00734841
2.90625 3.00735 0.00734841
2.95312 3.00377 0.00376771
2.95312 3.00377 0.00376771
3 3.00143 0.00143158
