# x y topography
0 3.01064 0.010645
0.046875 3.01115 0.0111537
0.046875 3.01115 0.0111537
0.09375 3.01234 0.0123449
0.09375 3.01234 0.0123449
0.140625 3.01414 0.0141428
0.140625 3.01414 0.0141428
0.1875 3.01644 0.0164422
0.1875 3.01644 0.0164422
0.234375 3.01912 0.019124
0.234375 3.01912 0.019124
0.28125 3.02207 0.0220717
0.28125 3.02207 0.0220717
0.328125 3.02518 0.0251821
0.328125 3.02518 0.0251821
0.375 3.02837 0.0283721
0.375 3.02837 0.0283721
0.421875 3.03158 0.0315789
0.421875 3.03158 0.0315789
0.46875 3.03476 0.0347583
0.46875 3.03476 0.0347583
0.515625 3.03788 0.03788
0.515625 3.03788 0.03788
0.5625 3.04092 0.0409234
0.5625 3.04092 0.0409234
0.609375 3.04387 0.0438743
0.609375 3.04387 0.0438743
0.65625 3.04672 0.0467222
0.65625 3.04672 0.0467222
0.703125 3.04946 0.0494587
0.703125 3.04946 0.0494587
0.75 3.05208 0.0520765
0.75 3.05208 0.0520765
0.796875 3.05457 0.0545689
0.796875 3.05457 0.0545689
0.84375 3.05693 0.05693
0.84375 3.05693 0.05693
0.890625 3.05915 0.0591539
0.890625 3.05915 0.0591539
0.9375 3.06124 0.0612353
0.9375 3.06124 0.0612353
0.984375 3.06317 0.0631692
0.984375 3.06317 0.0631692
1.03125 3.06495 0.0649509
1.03125 3.06495 0.0649509
1.07812 3.06658 0.0665762
1.07812 3.06658 0.0665762
1.125 3.06804 0.068041
1.125 3.06804 0.068041
1.17188 3.06934 0.069342
1.17188 3.06934 0.069342
1.21875 3.07048 0.0704759
1.21875 3.07048 0.0704759
1.26562 3.07144 0.07144
1.26562 3.07144 0.07144
1.3125 3.07223 0.072232
1.3125 3.07223 0.072232
1.35938 3.07285 0.07285
1.35938 3.07285 0.07285
1.40625 3.07329 0.0732925
1.40625 3.07329 0.0732925
1.45312 3.07356 0.0735584
1.45312 3.07356 0.0735584
1.5 3.07365 0.0736471
1.5 3.07365 0.0736471
1.54688 3.07356 0.0735584
1.54688 3.07356 0.0735584
1.59375 3.07329 0.0732925
1.59375 3.07329 0.0732925
1.64062 3.07285 0.07285
1.64062 3.07285 0.07285
1.6875 3.07223 0.072232
1.6875 3.07223 0.072232
1.73438 3.07144 0.07144
1.73438 3.07144 0.07144
1.78125 3.07048 0.0704759
1.78125 3.07048 0.0704759
1.82812 3.06934 0.069342
1.82812 3.06934 0.069342
1.875 3.06804 0.068041
1.875 3.06804 0.068041
1.92188 3.06658 0.0665762
1.92188 3.06658 0.0665762
1.96875 3.06495 0.0649509
1.96875 3.06495 0.0649509
2.01562 3.06317 0.0631692
2.01562 3.06317 0.0631692
2.0625 3.06124 0.0612353
2.0625 3.06124 0.0612353
2.10938 3.05915 0.0591539
2.10938 3.05915 0.0591539
2.15625 3.05693 0.05693
2.15625 3.05693 0.05693
2.20312 3.05457 0.0545689
2.20312 3.05457 0.0545689
2.25 3.05208 0.0520765
2.25 3.05208 0.0520765
2.29688 3.04946 0.0494587
2.29688 3.04946 0.0494587
2.34375 3.04672 0.0467222
2.34375 3.04672 0.0467222
2.39062 3.04387 0.0438743
2.39062 3.04387 0.0438743
2.4375 3.04092 0.0409234
2.4375 3.04092 0.0409234
2.48438 3.03788 0.03788
2.48438 3.03788 0.03788
2.53125 3.03476 0.0347583
2.53125 3.03476 0.0347583
2.57812 3.03158 0.0315789
2.57812 3.03158 0.0315789
2.625 3.02837 0.0283721
2.625 3.02837 0.0283721
2.67188 3.02518 0.0251821
2.67188 3.02518 0.0251821
2.71875 3.02207 0.0220717
2.71875 3.02207 0.0220717
2.76562 3.01912 0.019124
2.76562 3.01912 0.019124
2.8125 3.01644 0.0164422
2.8125 3.01644 0.0164422
2.85938 3.01414 0.0141428
2.85938 3.01414 0.0141428
2.90625 3.01234 0.0123449
2.90625 3.01234 0.0123449
2.95312 3.01115 0.0111537
2.95312 3.01115 0.0111537
3 3.01064 0.010645
