# x y topography
0 3.01069 0.0106858
0.046875 3.01119 0.0111927
0.046875 3.01119 0.0111927
0.09375 3.01238 0.0123795
0.09375 3.01238 0.0123795
0.140625 3.01417 0.0141714
0.140625 3.01417 0.0141714
0.1875 3.01646 0.016464
0.1875 3.01646 0.016464
0.234375 3.01914 0.0191391
0.234375 3.01914 0.0191391
0.28125 3.02208 0.0220809
0.28125 3.02208 0.0220809
0.328125 3.02519 0.0251866
0.328125 3.02519 0.0251866
0.375 3.02837 0.028373
0.375 3.02837 0.028373
0.421875 3.03158 0.0315774
0.421875 3.03158 0.0315774
0.46875 3.03476 0.034755
0.46875 3.03476 0.034755
0.515625 3.03788 0.0378755
0.515625 3.03788 0.0378755
0.5625 3.04092 0.0409181
0.5625 3.04092 0.0409181
0.609375 3.04387 0.0438685
0.609375 3.04387 0.0438685
0.65625 3.04672 0.0467159
0.65625 3.04672 0.0467159
0.703125 3.04945 0.049452
0.703125 3.04945 0.049452
0.75 3.05207 0.0520694
0.75 3.05207 0.0520694
0.796875 3.05456 0.0545615
0.796875 3.05456 0.0545615
0.84375 3.05692 0.0569222
0.84375 3.05692 0.0569222
0.890625 3.05915 0.0591459
0.890625 3.05915 0.0591459
0.9375 3.06123 0.061227
0.9375 3.06123 0.061227
0.984375 3.06316 0.0631606
0.984375 3.06316 0.0631606
1.03125 3.06494 0.0649421
1.03125 3.06494 0.0649421
1.07812 3.06657 0.0665671
1.07812 3.06657 0.0665671
1.125 3.06803 0.0680318
1.125 3.06803 0.0680318
1.17188 3.06933 0.0693326
1.17188 3.06933 0.0693326
1.21875 3.07047 0.0704663
1.21875 3.07047 0.0704663
1.26562 3.07143 0.0714303
1.26562 3.07143 0.0714303
1.3125 3.07222 0.0722222
1.3125 3.07222 0.0722222
1.35938 3.07284 0.0728401
1.35938 3.07284 0.0728401
1.40625 3.07328 0.0732825
1.40625 3.07328 0.0732825
1.45312 3.07355 0.0735484
1.45312 3.07355 0.0735484
1.5 3.07364 0.0736371
1.5 3.07364 0.0736371
1.54688 3.07355 0.0735484
1.54688 3.07355 0.0735484
1.59375 3.07328 0.0732825
1.59375 3.07328 0.0732825
1.64062 3.07284 0.0728401
1.64062 3.07284 0.0728401
1.6875 3.07222 0.0722222
1.6875 3.07222 0.0722222
1.73438 3.07143 0.0714303
1.73438 3.07143 0.0714303
1.78125 3.07047 0.0704663
1.78125 3.07047 0.0704663
1.82812 3.06933 0.0693326
1.82812 3.06933 0.0693326
1.875 3.06803 0.0680318
1.875 3.06803 0.0680318
1.92188 3.06657 0.0665671
1.92188 3.06657 0.0665671
1.96875 3.06494 0.0649421
1.96875 3.06494 0.0649421
2.01562 3.06316 0.0631606
2.01562 3.06316 0.0631606
2.0625 3.06123 0.061227
2.0625 3.06123 0.061227
2.10938 3.05915 0.0591459
2.10938 3.05915 0.0591459
2.15625 3.05692 0.0569222
2.15625 3.05692 0.0569222
2.20312 3.05456 0.0545615
2.20312 3.05456 0.0545615
2.25 3.05207 0.0520694
2.25 3.05207 0.0520694
2.29688 3.04945 0.049452
2.29688 3.04945 0.049452
2.34375 3.04672 0.0467159
2.34375 3.04672 0.0467159
2.39062 3.04387 0.0438685
2.39062 3.04387 0.0438685
2.4375 3.04092 0.0409181
2.4375 3.04092 0.0409181
2.48438 3.03788 0.0378755
2.48438 3.03788 0.0378755
2.53125 3.03476 0.034755
2.53125 3.03476 0.034755
2.57812 3.03158 0.0315774
2.57812 3.03158 0.0315774
2.625 3.02837 0.028373
2.625 3.02837 0.028373
2.67188 3.02519 0.0251866
2.67188 3.02519 0.0251866
2.71875 3.02208 0.0220809
2.71875 3.02208 0.0220809
2.76562 3.01914 0.0191391
2.76562 3.01914 0.0191391
2.8125 3.01646 0.016464
2.8125 3.01646 0.016464
2.85938 3.01417 0.0141714
2.85938 3.01417 0.0141714
2.90625 3.01238 0.0123795
2.90625 3.01238 0.0123795
2.95312 3.01119 0.0111927
2.95312 3.01119 0.0111927
3 3.01069 0.0106858
