# x y topography analytical topography
0 1 0 0.0314744
0.015625 1.00368 0.00368008 0.0315586
0.015625 1.00368 0.00368008 0.0315586
0.03125 1.00735 0.00735129 0.0318102
0.03125 1.00735 0.00735129 0.0318102
0.046875 1.011 0.0110048 0.0322261
0.046875 1.011 0.0110048 0.0322261
0.0625 1.01463 0.0146318 0.0328012
0.0625 1.01463 0.0146318 0.0328012
0.078125 1.01822 0.0182235 0.0335283
0.078125 1.01822 0.0182235 0.0335283
0.09375 1.02177 0.0217714 0.0343988
0.09375 1.02177 0.0217714 0.0343988
0.109375 1.02527 0.0252667 0.035402
0.109375 1.02527 0.0252667 0.035402
0.125 1.0287 0.0287013 0.0365261
0.125 1.0287 0.0287013 0.0365261
0.140625 1.03207 0.0320666 0.037758
0.140625 1.03207 0.0320666 0.037758
0.15625 1.03535 0.0353548 0.0390836
0.15625 1.03535 0.0353548 0.0390836
0.171875 1.03856 0.0385577 0.0404878
0.171875 1.03856 0.0385577 0.0404878
0.1875 1.04167 0.0416678 0.0419552
0.1875 1.04167 0.0416678 0.0419552
0.203125 1.04468 0.0446774 0.0434701
0.203125 1.04468 0.0446774 0.0434701
0.21875 1.04758 0.0475795 0.0450164
0.21875 1.04758 0.0475795 0.0450164
0.234375 1.05037 0.0503669 0.0465782
0.234375 1.05037 0.0503669 0.0465782
0.25 1.05303 0.053033 0.0481401
0.25 1.05303 0.053033 0.0481401
0.265625 1.05557 0.0555713 0.0496869
0.265625 1.05557 0.0555713 0.0496869
0.28125 1.05798 0.0579758 0.051204
0.28125 1.05798 0.0579758 0.051204
0.296875 1.06024 0.0602406 0.0526775
0.296875 1.06024 0.0602406 0.0526775
0.3125 1.06236 0.0623602 0.0540945
0.3125 1.06236 0.0623602 0.0540945
0.328125 1.06433 0.0643296 0.0554426
0.328125 1.06433 0.0643296 0.0554426
0.34375 1.06614 0.0661441 0.0567107
0.34375 1.06614 0.0661441 0.0567107
0.359375 1.0678 0.0677992 0.0578886
0.359375 1.0678 0.0677992 0.0578886
0.375 1.06929 0.069291 0.0589669
0.375 1.06929 0.069291 0.0589669
0.390625 1.07062 0.0706158 0.0599374
0.390625 1.07062 0.0706158 0.0599374
0.40625 1.07177 0.0717705 0.0607929
0.40625 1.07177 0.0717705 0.0607929
0.421875 1.07275 0.0727523 0.0615272
0.421875 1.07275 0.0727523 0.0615272
0.4375 1.07356 0.0735589 0.062135
0.4375 1.07356 0.0735589 0.062135
0.453125 1.07419 0.0741882 0.0626122
0.453125 1.07419 0.0741882 0.0626122
0.46875 1.07464 0.0746389 0.0629553
0.46875 1.07464 0.0746389 0.0629553
0.484375 1.07491 0.0749097 0.0631621
0.484375 1.07491 0.0749097 0.0631621
0.5 1.075 0.075 0.0632312
0.5 1.075 0.075 0.0632312
0.515625 1.07491 0.0749097 0.0631621
0.515625 1.07491 0.0749097 0.0631621
0.53125 1.07464 0.0746389 0.0629553
0.53125 1.07464 0.0746389 0.0629553
0.546875 1.07419 0.0741882 0.0626122
0.546875 1.07419 0.0741882 0.0626122
0.5625 1.07356 0.0735589 0.062135
0.5625 1.07356 0.0735589 0.062135
0.578125 1.07275 0.0727523 0.0615272
0.578125 1.07275 0.0727523 0.0615272
0.59375 1.07177 0.0717705 0.0607929
0.59375 1.07177 0.0717705 0.0607929
0.609375 1.07062 0.0706158 0.0599374
0.609375 1.07062 0.0706158 0.0599374
0.625 1.06929 0.069291 0.0589669
0.625 1.06929 0.069291 0.0589669
0.640625 1.0678 0.0677992 0.0578886
0.640625 1.0678 0.0677992 0.0578886
0.65625 1.06614 0.0661441 0.0567107
0.65625 1.06614 0.0661441 0.0567107
0.671875 1.06433 0.0643296 0.0554426
0.671875 1.06433 0.0643296 0.0554426
0.6875 1.06236 0.0623602 0.0540945
0.6875 1.06236 0.0623602 0.0540945
0.703125 1.06024 0.0602406 0.0526775
0.703125 1.06024 0.0602406 0.0526775
0.71875 1.05798 0.0579758 0.051204
0.71875 1.05798 0.0579758 0.051204
0.734375 1.05557 0.0555713 0.0496869
0.734375 1.05557 0.0555713 0.0496869
0.75 1.05303 0.053033 0.0481401
0.75 1.05303 0.053033 0.0481401
0.765625 1.05037 0.0503669 0.0465782
0.765625 1.05037 0.0503669 0.0465782
0.78125 1.04758 0.0475795 0.0450164
0.78125 1.04758 0.0475795 0.0450164
0.796875 1.04468 0.0446774 0.0434701
0.796875 1.04468 0.0446774 0.0434701
0.8125 1.04167 0.0416678 0.0419552
0.8125 1.04167 0.0416678 0.0419552
0.828125 1.03856 0.0385577 0.0404878
0.828125 1.03856 0.0385577 0.0404878
0.84375 1.03535 0.0353548 0.0390836
0.84375 1.03535 0.0353548 0.0390836
0.859375 1.03207 0.0320666 0.037758
0.859375 1.03207 0.0320666 0.037758
0.875 1.0287 0.0287013 0.0365261
0.875 1.0287 0.0287013 0.0365261
0.890625 1.02527 0.0252667 0.035402
0.890625 1.02527 0.0252667 0.035402
0.90625 1.02177 0.0217714 0.0343988
0.90625 1.02177 0.0217714 0.0343988
0.921875 1.01822 0.0182235 0.0335283
0.921875 1.01822 0.0182235 0.0335283
0.9375 1.01463 0.0146318 0.0328012
0.9375 1.01463 0.0146318 0.0328012
0.953125 1.011 0.0110048 0.0322261
0.953125 1.011 0.0110048 0.0322261
0.96875 1.00735 0.00735129 0.0318102
0.96875 1.00735 0.00735129 0.0318102
0.984375 1.00368 0.00368008 0.0315586
0.984375 1.00368 0.00368008 0.0315586
1 1 0 0.0314744
