# x y topography analytical topography
0 1 0 0.0186121
0.015625 1.00368 0.00368008 0.0188132
0.015625 1.00368 0.00368008 0.0188132
0.03125 1.00735 0.00735129 0.0194107
0.03125 1.00735 0.00735129 0.0194107
0.046875 1.011 0.0110048 0.0203882
0.046875 1.011 0.0110048 0.0203882
0.0625 1.01463 0.0146318 0.0217194
0.0625 1.01463 0.0146318 0.0217194
0.078125 1.01822 0.0182235 0.0233695
0.078125 1.01822 0.0182235 0.0233695
0.09375 1.02177 0.0217714 0.025298
0.09375 1.02177 0.0217714 0.025298
0.109375 1.02527 0.0252667 0.0274601
0.109375 1.02527 0.0252667 0.0274601
0.125 1.0287 0.0287013 0.0298095
0.125 1.0287 0.0287013 0.0298095
0.140625 1.03207 0.0320666 0.0323
0.140625 1.03207 0.0320666 0.0323
0.15625 1.03535 0.0353548 0.0348877
0.15625 1.03535 0.0353548 0.0348877
0.171875 1.03856 0.0385577 0.0375317
0.171875 1.03856 0.0385577 0.0375317
0.1875 1.04167 0.0416678 0.0401953
0.1875 1.04167 0.0416678 0.0401953
0.203125 1.04468 0.0446774 0.0428465
0.203125 1.04468 0.0446774 0.0428465
0.21875 1.04758 0.0475795 0.0454576
0.21875 1.04758 0.0475795 0.0454576
0.234375 1.05037 0.0503669 0.0480054
0.234375 1.05037 0.0503669 0.0480054
0.25 1.05303 0.053033 0.0504705
0.25 1.05303 0.053033 0.0504705
0.265625 1.05557 0.0555713 0.0528371
0.265625 1.05557 0.0555713 0.0528371
0.28125 1.05798 0.0579758 0.0550921
0.28125 1.05798 0.0579758 0.0550921
0.296875 1.06024 0.0602406 0.0572249
0.296875 1.06024 0.0602406 0.0572249
0.3125 1.06236 0.0623602 0.0592266
0.3125 1.06236 0.0623602 0.0592266
0.328125 1.06433 0.0643296 0.0610901
0.328125 1.06433 0.0643296 0.0610901
0.34375 1.06614 0.0661441 0.062809
0.34375 1.06614 0.0661441 0.062809
0.359375 1.0678 0.0677992 0.0643783
0.359375 1.0678 0.0677992 0.0643783
0.375 1.06929 0.069291 0.0657935
0.375 1.06929 0.069291 0.0657935
0.390625 1.07062 0.0706158 0.0670508
0.390625 1.07062 0.0706158 0.0670508
0.40625 1.07177 0.0717705 0.0681468
0.40625 1.07177 0.0717705 0.0681468
0.421875 1.07275 0.0727523 0.0690789
0.421875 1.07275 0.0727523 0.0690789
0.4375 1.07356 0.0735589 0.0698446
0.4375 1.07356 0.0735589 0.0698446
0.453125 1.07419 0.0741882 0.0704421
0.453125 1.07419 0.0741882 0.0704421
0.46875 1.07464 0.0746389 0.0708699
0.46875 1.07464 0.0746389 0.0708699
0.484375 1.07491 0.0749097 0.071127
0.484375 1.07491 0.0749097 0.071127
0.5 1.075 0.075 0.0712128
0.5 1.075 0.075 0.0712128
0.515625 1.07491 0.0749097 0.071127
0.515625 1.07491 0.0749097 0.071127
0.53125 1.07464 0.0746389 0.0708699
0.53125 1.07464 0.0746389 0.0708699
0.546875 1.07419 0.0741882 0.0704421
0.546875 1.07419 0.0741882 0.0704421
0.5625 1.07356 0.0735589 0.0698446
0.5625 1.07356 0.0735589 0.0698446
0.578125 1.07275 0.0727523 0.0690789
0.578125 1.07275 0.0727523 0.0690789
0.59375 1.07177 0.0717705 0.0681468
0.59375 1.07177 0.0717705 0.0681468
0.609375 1.07062 0.0706158 0.0670508
0.609375 1.07062 0.0706158 0.0670508
0.625 1.06929 0.069291 0.0657935
0.625 1.06929 0.069291 0.0657935
0.640625 1.0678 0.0677992 0.0643783
0.640625 1.0678 0.0677992 0.0643783
0.65625 1.06614 0.0661441 0.062809
0.65625 1.06614 0.0661441 0.062809
0.671875 1.06433 0.0643296 0.0610901
0.671875 1.06433 0.0643296 0.0610901
0.6875 1.06236 0.0623602 0.0592266
0.6875 1.06236 0.0623602 0.0592266
0.703125 1.06024 0.0602406 0.0572249
0.703125 1.06024 0.0602406 0.0572249
0.71875 1.05798 0.0579758 0.0550921
0.71875 1.05798 0.0579758 0.0550921
0.734375 1.05557 0.0555713 0.0528371
0.734375 1.05557 0.0555713 0.0528371
0.75 1.05303 0.053033 0.0504705
0.75 1.05303 0.053033 0.0504705
0.765625 1.05037 0.0503669 0.0480054
0.765625 1.05037 0.0503669 0.0480054
0.78125 1.04758 0.0475795 0.0454576
0.78125 1.04758 0.0475795 0.0454576
0.796875 1.04468 0.0446774 0.0428465
0.796875 1.04468 0.0446774 0.0428465
0.8125 1.04167 0.0416678 0.0401953
0.8125 1.04167 0.0416678 0.0401953
0.828125 1.03856 0.0385577 0.0375317
0.828125 1.03856 0.0385577 0.0375317
0.84375 1.03535 0.0353548 0.0348877
0.84375 1.03535 0.0353548 0.0348877
0.859375 1.03207 0.0320666 0.0323
0.859375 1.03207 0.0320666 0.0323
0.875 1.0287 0.0287013 0.0298095
0.875 1.0287 0.0287013 0.0298095
0.890625 1.02527 0.0252667 0.0274601
0.890625 1.02527 0.0252667 0.0274601
0.90625 1.02177 0.0217714 0.025298
0.90625 1.02177 0.0217714 0.025298
0.921875 1.01822 0.0182235 0.0233695
0.921875 1.01822 0.0182235 0.0233695
0.9375 1.01463 0.0146318 0.0217194
0.9375 1.01463 0.0146318 0.0217194
0.953125 1.011 0.0110048 0.0203882
0.953125 1.011 0.0110048 0.0203882
0.96875 1.00735 0.00735129 0.0194107
0.96875 1.00735 0.00735129 0.0194107
0.984375 1.00368 0.00368008 0.0188132
0.984375 1.00368 0.00368008 0.0188132
1 1 0 0.0186121
