# x y topography analytical topography
0 1 0 0.0340523
0.015625 1.00368 0.00368009 0.0341212
0.015625 1.00368 0.00368009 0.0341212
0.03125 1.00735 0.00735129 0.0343272
0.03125 1.00735 0.00735129 0.0343272
0.046875 1.011 0.0110048 0.0346681
0.046875 1.011 0.0110048 0.0346681
0.0625 1.01463 0.0146318 0.0351398
0.0625 1.01463 0.0146318 0.0351398
0.078125 1.01822 0.0182235 0.0357372
0.078125 1.01822 0.0182235 0.0357372
0.09375 1.02177 0.0217714 0.0364535
0.09375 1.02177 0.0217714 0.0364535
0.109375 1.02527 0.0252667 0.0372808
0.109375 1.02527 0.0252667 0.0372808
0.125 1.0287 0.0287013 0.03821
0.125 1.0287 0.0287013 0.03821
0.140625 1.03207 0.0320666 0.039231
0.140625 1.03207 0.0320666 0.039231
0.15625 1.03535 0.0353548 0.0403328
0.15625 1.03535 0.0353548 0.0403328
0.171875 1.03856 0.0385577 0.0415036
0.171875 1.03856 0.0385577 0.0415036
0.1875 1.04167 0.0416678 0.0427312
0.1875 1.04167 0.0416678 0.0427312
0.203125 1.04468 0.0446774 0.0440028
0.203125 1.04468 0.0446774 0.0440028
0.21875 1.04758 0.0475795 0.0453054
0.21875 1.04758 0.0475795 0.0453054
0.234375 1.05037 0.0503669 0.0466261
0.234375 1.05037 0.0503669 0.0466261
0.25 1.05303 0.053033 0.0479517
0.25 1.05303 0.053033 0.0479517
0.265625 1.05557 0.0555713 0.0492695
0.265625 1.05557 0.0555713 0.0492695
0.28125 1.05798 0.0579758 0.0505668
0.28125 1.05798 0.0579758 0.0505668
0.296875 1.06024 0.0602406 0.0518315
0.296875 1.06024 0.0602406 0.0518315
0.3125 1.06236 0.0623602 0.053052
0.3125 1.06236 0.0623602 0.053052
0.328125 1.06433 0.0643296 0.0542174
0.328125 1.06433 0.0643296 0.0542174
0.34375 1.06614 0.0661441 0.0553173
0.34375 1.06614 0.0661441 0.0553173
0.359375 1.0678 0.0677992 0.056342
0.359375 1.0678 0.0677992 0.056342
0.375 1.06929 0.069291 0.0572829
0.375 1.06929 0.069291 0.0572829
0.390625 1.07062 0.0706158 0.0581321
0.390625 1.07062 0.0706158 0.0581321
0.40625 1.07177 0.0717705 0.0588824
0.40625 1.07177 0.0717705 0.0588824
0.421875 1.07275 0.0727523 0.0595277
0.421875 1.07275 0.0727523 0.0595277
0.4375 1.07356 0.0735589 0.0600629
0.4375 1.07356 0.0735589 0.0600629
0.453125 1.07419 0.0741882 0.0604836
0.453125 1.07419 0.0741882 0.0604836
0.46875 1.07464 0.0746389 0.0607865
0.46875 1.07464 0.0746389 0.0607865
0.484375 1.07491 0.0749097 0.0609692
0.484375 1.07491 0.0749097 0.0609692
0.5 1.075 0.075 0.0610302
0.5 1.075 0.075 0.0610302
0.515625 1.07491 0.0749097 0.0609692
0.515625 1.07491 0.0749097 0.0609692
0.53125 1.07464 0.0746389 0.0607865
0.53125 1.07464 0.0746389 0.0607865
0.546875 1.07419 0.0741882 0.0604836
0.546875 1.07419 0.0741882 0.0604836
0.5625 1.07356 0.0735589 0.0600629
0.5625 1.07356 0.0735589 0.0600629
0.578125 1.07275 0.0727523 0.0595277
0.578125 1.07275 0.0727523 0.0595277
0.59375 1.07177 0.0717705 0.0588824
0.59375 1.07177 0.0717705 0.0588824
0.609375 1.07062 0.0706158 0.0581321
0.609375 1.07062 0.0706158 0.0581321
0.625 1.06929 0.069291 0.0572829
0.625 1.06929 0.069291 0.0572829
0.640625 1.0678 0.0677992 0.056342
0.640625 1.0678 0.0677992 0.056342
0.65625 1.06614 0.0661441 0.0553173
0.65625 1.06614 0.0661441 0.0553173
0.671875 1.06433 0.0643296 0.0542174
0.671875 1.06433 0.0643296 0.0542174
0.6875 1.06236 0.0623602 0.053052
0.6875 1.06236 0.0623602 0.053052
0.703125 1.06024 0.0602406 0.0518315
0.703125 1.06024 0.0602406 0.0518315
0.71875 1.05798 0.0579758 0.0505668
0.71875 1.05798 0.0579758 0.0505668
0.734375 1.05557 0.0555713 0.0492695
0.734375 1.05557 0.0555713 0.0492695
0.75 1.05303 0.053033 0.0479517
0.75 1.05303 0.053033 0.0479517
0.765625 1.05037 0.0503669 0.0466261
0.765625 1.05037 0.0503669 0.0466261
0.78125 1.04758 0.0475795 0.0453054
0.78125 1.04758 0.0475795 0.0453054
0.796875 1.04468 0.0446774 0.0440028
0.796875 1.04468 0.0446774 0.0440028
0.8125 1.04167 0.0416678 0.0427312
0.8125 1.04167 0.0416678 0.0427312
0.828125 1.03856 0.0385577 0.0415036
0.828125 1.03856 0.0385577 0.0415036
0.84375 1.03535 0.0353548 0.0403328
0.84375 1.03535 0.0353548 0.0403328
0.859375 1.03207 0.0320666 0.039231
0.859375 1.03207 0.0320666 0.039231
0.875 1.0287 0.0287013 0.03821
0.875 1.0287 0.0287013 0.03821
0.890625 1.02527 0.0252667 0.0372808
0.890625 1.02527 0.0252667 0.0372808
0.90625 1.02177 0.0217714 0.0364535
0.90625 1.02177 0.0217714 0.0364535
0.921875 1.01822 0.0182235 0.0357372
0.921875 1.01822 0.0182235 0.0357372
0.9375 1.01463 0.0146318 0.0351398
0.9375 1.01463 0.0146318 0.0351398
0.953125 1.011 0.0110048 0.0346681
0.953125 1.011 0.0110048 0.0346681
0.96875 1.00735 0.00735129 0.0343272
0.96875 1.00735 0.00735129 0.0343272
0.984375 1.00368 0.00368009 0.0341212
0.984375 1.00368 0.00368009 0.0341212
1 1 0 0.0340523
