# x y topography analytical topography
0 3.01042 0.010424 0.011122
0.046875 3.01095 0.0109467 0.0114897
0.046875 3.01095 0.0109467 0.0114897
0.09375 3.01216 0.0121636 0.0125668
0.09375 3.01216 0.0121636 0.0125668
0.140625 3.014 0.0139952 0.0142797
0.140625 3.014 0.0139952 0.0142797
0.1875 3.01633 0.0163312 0.0165212
0.1875 3.01633 0.0163312 0.0165212
0.234375 3.01905 0.0190481 0.0191676
0.234375 3.01905 0.0190481 0.0191676
0.28125 3.02203 0.0220262 0.0220962
0.28125 3.02203 0.0220262 0.0220962
0.328125 3.02516 0.0251609 0.0251983
0.328125 3.02516 0.0251609 0.0251983
0.375 3.02837 0.0283687 0.028386
0.375 3.02837 0.0283687 0.028386
0.421875 3.03159 0.0315881 0.0315936
0.421875 3.03159 0.0315881 0.0315936
0.46875 3.03478 0.0347759 0.0347749
0.46875 3.03478 0.0347759 0.0347749
0.515625 3.0379 0.0379033 0.0378987
0.515625 3.0379 0.0379033 0.0378987
0.5625 3.04095 0.0409506 0.0409441
0.5625 3.04095 0.0409506 0.0409441
0.609375 3.0439 0.0439045 0.0438969
0.609375 3.0439 0.0439045 0.0438969
0.65625 3.04675 0.0467548 0.0467464
0.65625 3.04675 0.0467548 0.0467464
0.703125 3.04949 0.0494934 0.0494844
0.703125 3.04949 0.0494934 0.0494844
0.75 3.05211 0.0521131 0.0521036
0.75 3.05211 0.0521131 0.0521036
0.796875 3.05461 0.0546073 0.0545973
0.796875 3.05461 0.0546073 0.0545973
0.84375 3.05697 0.05697 0.0569596
0.84375 3.05697 0.05697 0.0569596
0.890625 3.0592 0.0591955 0.0591847
0.890625 3.0592 0.0591955 0.0591847
0.9375 3.06128 0.0612784 0.0612672
0.9375 3.06128 0.0612784 0.0612672
0.984375 3.06321 0.0632137 0.0632021
0.984375 3.06321 0.0632137 0.0632021
1.03125 3.065 0.0649966 0.0649847
1.03125 3.065 0.0649966 0.0649847
1.07812 3.06662 0.066623 0.0666108
1.07812 3.06662 0.066623 0.0666108
1.125 3.06809 0.0680889 0.0680765
1.125 3.06809 0.0680889 0.0680765
1.17188 3.06939 0.0693908 0.0693781
1.17188 3.06939 0.0693908 0.0693781
1.21875 3.07053 0.0705255 0.0705126
1.21875 3.07053 0.0705255 0.0705126
1.26562 3.07149 0.0714903 0.0714772
1.26562 3.07149 0.0714903 0.0714772
1.3125 3.07228 0.0722828 0.0722696
1.3125 3.07228 0.0722828 0.0722696
1.35938 3.0729 0.0729012 0.0728879
1.35938 3.0729 0.0729012 0.0728879
1.40625 3.07334 0.073344 0.0733306
1.40625 3.07334 0.073344 0.0733306
1.45312 3.07361 0.0736101 0.0735967
1.45312 3.07361 0.0736101 0.0735967
1.5 3.0737 0.0736989 0.0736854
1.5 3.0737 0.0736989 0.0736854
1.54688 3.07361 0.0736101 0.0735967
1.54688 3.07361 0.0736101 0.0735967
1.59375 3.07334 0.073344 0.0733306
1.59375 3.07334 0.073344 0.0733306
1.64062 3.0729 0.0729012 0.0728879
1.64062 3.0729 0.0729012 0.0728879
1.6875 3.07228 0.0722828 0.0722696
1.6875 3.07228 0.0722828 0.0722696
1.73438 3.07149 0.0714903 0.0714772
1.73438 3.07149 0.0714903 0.0714772
1.78125 3.07053 0.0705255 0.0705126
1.78125 3.07053 0.0705255 0.0705126
1.82812 3.06939 0.0693908 0.0693781
1.82812 3.06939 0.0693908 0.0693781
1.875 3.06809 0.0680889 0.0680765
1.875 3.06809 0.0680889 0.0680765
1.92188 3.06662 0.066623 0.0666108
1.92188 3.06662 0.066623 0.0666108
1.96875 3.065 0.0649966 0.0649847
1.96875 3.065 0.0649966 0.0649847
2.01562 3.06321 0.0632137 0.0632021
2.01562 3.06321 0.0632137 0.0632021
2.0625 3.06128 0.0612784 0.0612672
2.0625 3.06128 0.0612784 0.0612672
2.10938 3.0592 0.0591955 0.0591847
2.10938 3.0592 0.0591955 0.0591847
2.15625 3.05697 0.05697 0.0569596
2.15625 3.05697 0.05697 0.0569596
2.20312 3.05461 0.0546073 0.0545973
2.20312 3.05461 0.0546073 0.0545973
2.25 3.05211 0.0521131 0.0521036
2.25 3.05211 0.0521131 0.0521036
2.29688 3.04949 0.0494934 0.0494844
2.29688 3.04949 0.0494934 0.0494844
2.34375 3.04675 0.0467548 0.0467464
2.34375 3.04675 0.0467548 0.0467464
2.39062 3.0439 0.0439045 0.0438969
2.39062 3.0439 0.0439045 0.0438969
2.4375 3.04095 0.0409506 0.0409441
2.4375 3.04095 0.0409506 0.0409441
2.48438 3.0379 0.0379033 0.0378987
2.48438 3.0379 0.0379033 0.0378987
2.53125 3.03478 0.0347759 0.0347749
2.53125 3.03478 0.0347759 0.0347749
2.57812 3.03159 0.0315881 0.0315936
2.57812 3.03159 0.0315881 0.0315936
2.625 3.02837 0.0283687 0.028386
2.625 3.02837 0.0283687 0.028386
2.67188 3.02516 0.0251609 0.0251983
2.67188 3.02516 0.0251609 0.0251983
2.71875 3.02203 0.0220262 0.0220962
2.71875 3.02203 0.0220262 0.0220962
2.76562 3.01905 0.0190481 0.0191676
2.76562 3.01905 0.0190481 0.0191676
2.8125 3.01633 0.0163312 0.0165212
2.8125 3.01633 0.0163312 0.0165212
2.85938 3.014 0.0139952 0.0142797
2.85938 3.014 0.0139952 0.0142797
2.90625 3.01216 0.0121636 0.0125668
2.90625 3.01216 0.0121636 0.0125668
2.95312 3.01095 0.0109467 0.0114897
2.95312 3.01095 0.0109467 0.0114897
3 3.01042 0.010424 0.011122
