# x y topography analytical topography
0 3.0052 0.00520429 0.00584313
0.046875 3.00618 0.00617684 0.00655692
0.046875 3.00618 0.00617684 0.00655692
0.09375 3.00834 0.00834492 0.00853297
0.09375 3.00834 0.00834492 0.00853297
0.140625 3.0113 0.0113032 0.0113789
0.140625 3.0113 0.0113032 0.0113789
0.1875 3.01466 0.0146608 0.0146849
0.1875 3.01466 0.0146608 0.0146849
0.234375 3.01816 0.0181597 0.0181652
0.234375 3.01816 0.0181597 0.0181652
0.28125 3.02167 0.0216724 0.0216726
0.28125 3.02167 0.0216724 0.0216726
0.328125 3.02515 0.0251477 0.0251466
0.328125 3.02515 0.0251477 0.0251466
0.375 3.02857 0.0285654 0.028564
0.375 3.02857 0.0285654 0.028564
0.421875 3.03191 0.0319147 0.0319132
0.421875 3.03191 0.0319147 0.0319132
0.46875 3.03519 0.0351873 0.0351855
0.46875 3.03519 0.0351873 0.0351855
0.515625 3.03838 0.0383751 0.0383732
0.515625 3.03838 0.0383751 0.0383732
0.5625 3.04147 0.0414704 0.0414683
0.5625 3.04147 0.0414704 0.0414683
0.609375 3.04447 0.0444658 0.0444636
0.609375 3.04447 0.0444658 0.0444636
0.65625 3.04735 0.0473541 0.0473518
0.65625 3.04735 0.0473541 0.0473518
0.703125 3.05013 0.0501283 0.0501259
0.703125 3.05013 0.0501283 0.0501259
0.75 3.05278 0.0527818 0.0527792
0.75 3.05278 0.0527818 0.0527792
0.796875 3.05531 0.0553081 0.0553054
0.796875 3.05531 0.0553081 0.0553054
0.84375 3.0577 0.0577011 0.0576983
0.84375 3.0577 0.0577011 0.0576983
0.890625 3.05996 0.0599552 0.0599522
0.890625 3.05996 0.0599552 0.0599522
0.9375 3.06206 0.0620648 0.0620618
0.9375 3.06206 0.0620648 0.0620618
0.984375 3.06402 0.0640249 0.0640217
0.984375 3.06402 0.0640249 0.0640217
1.03125 3.06583 0.0658308 0.0658275
1.03125 3.06583 0.0658308 0.0658275
1.07812 3.06748 0.067478 0.0674747
1.07812 3.06748 0.067478 0.0674747
1.125 3.06896 0.0689627 0.0689593
1.125 3.06896 0.0689627 0.0689593
1.17188 3.07028 0.0702813 0.0702778
1.17188 3.07028 0.0702813 0.0702778
1.21875 3.07143 0.0714305 0.071427
1.21875 3.07143 0.0714305 0.071427
1.26562 3.07241 0.0724077 0.0724041
1.26562 3.07241 0.0724077 0.0724041
1.3125 3.07321 0.0732104 0.0732068
1.3125 3.07321 0.0732104 0.0732068
1.35938 3.07384 0.0738368 0.0738332
1.35938 3.07384 0.0738368 0.0738332
1.40625 3.07429 0.0742853 0.0742816
1.40625 3.07429 0.0742853 0.0742816
1.45312 3.07455 0.0745548 0.0745511
1.45312 3.07455 0.0745548 0.0745511
1.5 3.07464 0.0746447 0.074641
1.5 3.07464 0.0746447 0.074641
1.54688 3.07455 0.0745548 0.0745511
1.54688 3.07455 0.0745548 0.0745511
1.59375 3.07429 0.0742853 0.0742816
1.59375 3.07429 0.0742853 0.0742816
1.64062 3.07384 0.0738368 0.0738332
1.64062 3.07384 0.0738368 0.0738332
1.6875 3.07321 0.0732104 0.0732068
1.6875 3.07321 0.0732104 0.0732068
1.73438 3.07241 0.0724077 0.0724041
1.73438 3.07241 0.0724077 0.0724041
1.78125 3.07143 0.0714305 0.071427
1.78125 3.07143 0.0714305 0.071427
1.82812 3.07028 0.0702813 0.0702778
1.82812 3.07028 0.0702813 0.0702778
1.875 3.06896 0.0689627 0.0689593
1.875 3.06896 0.0689627 0.0689593
1.92188 3.06748 0.067478 0.0674747
1.92188 3.06748 0.067478 0.0674747
1.96875 3.06583 0.0658308 0.0658275
1.96875 3.06583 0.0658308 0.0658275
2.01562 3.06402 0.0640249 0.0640217
2.01562 3.06402 0.0640249 0.0640217
2.0625 3.06206 0.0620648 0.0620618
2.0625 3.06206 0.0620648 0.0620618
2.10938 3.05996 0.0599552 0.0599522
2.10938 3.05996 0.0599552 0.0599522
2.15625 3.0577 0.0577011 0.0576983
2.15625 3.0577 0.0577011 0.0576983
2.20312 3.05531 0.0553081 0.0553054
2.20312 3.05531 0.0553081 0.0553054
2.25 3.05278 0.0527818 0.0527792
2.25 3.05278 0.0527818 0.0527792
2.29688 3.05013 0.0501283 0.0501259
2.29688 3.05013 0.0501283 0.0501259
2.34375 3.04735 0.0473541 0.0473518
2.34375 3.04735 0.0473541 0.0473518
2.39062 3.04447 0.0444658 0.0444636
2.39062 3.04447 0.0444658 0.0444636
2.4375 3.04147 0.0414704 0.0414683
2.4375 3.04147 0.0414704 0.0414683
2.48438 3.03838 0.0383751 0.0383732
2.48438 3.03838 0.0383751 0.0383732
2.53125 3.03519 0.0351873 0.0351855
2.53125 3.03519 0.0351873 0.0351855
2.57812 3.03191 0.0319147 0.0319132
2.57812 3.03191 0.0319147 0.0319132
2.625 3.02857 0.0285654 0.028564
2.625 3.02857 0.0285654 0.028564
2.67188 3.02515 0.0251477 0.0251466
2.67188 3.02515 0.0251477 0.0251466
2.71875 3.02167 0.0216724 0.0216726
2.71875 3.02167 0.0216724 0.0216726
2.76562 3.01816 0.0181597 0.0181652
2.76562 3.01816 0.0181597 0.0181652
2.8125 3.01466 0.0146608 0.0146849
2.8125 3.01466 0.0146608 0.0146849
2.85938 3.0113 0.0113032 0.0113789
2.85938 3.0113 0.0113032 0.0113789
2.90625 3.00834 0.00834492 0.00853297
2.90625 3.00834 0.00834492 0.00853297
2.95312 3.00618 0.00617684 0.00655692
2.95312 3.00618 0.00617684 0.00655692
3 3.0052 0.00520429 0.00584313
