# x y topography analytical topography
0 3.00537 0.00536559 0.00600666
0.046875 3.00631 0.00631346 0.00670127
0.046875 3.00631 0.00631346 0.00670127
0.09375 3.00843 0.00843476 0.00863196
0.09375 3.00843 0.00843476 0.00863196
0.140625 3.01135 0.0113482 0.0114308
0.140625 3.01135 0.0113482 0.0114308
0.1875 3.01468 0.0146765 0.0147043
0.1875 3.01468 0.0146765 0.0147043
0.234375 3.01816 0.0181611 0.018168
0.234375 3.01816 0.0181611 0.018168
0.28125 3.02167 0.0216681 0.0216687
0.28125 3.02167 0.0216681 0.0216687
0.328125 3.02514 0.0251412 0.0251402
0.328125 3.02514 0.0251412 0.0251402
0.375 3.02856 0.0285577 0.0285562
0.375 3.02856 0.0285577 0.0285562
0.421875 3.03191 0.0319061 0.0319044
0.421875 3.03191 0.0319061 0.0319044
0.46875 3.03518 0.0351777 0.0351759
0.46875 3.03518 0.0351777 0.0351759
0.515625 3.03836 0.0383646 0.0383626
0.515625 3.03836 0.0383646 0.0383626
0.5625 3.04146 0.0414591 0.041457
0.5625 3.04146 0.0414591 0.041457
0.609375 3.04445 0.0444537 0.0444514
0.609375 3.04445 0.0444537 0.0444514
0.65625 3.04734 0.0473413 0.0473388
0.65625 3.04734 0.0473413 0.0473388
0.703125 3.05011 0.0501147 0.0501121
0.703125 3.05011 0.0501147 0.0501121
0.75 3.05277 0.0527675 0.0527647
0.75 3.05277 0.0527675 0.0527647
0.796875 3.05529 0.0552931 0.0552902
0.796875 3.05529 0.0552931 0.0552902
0.84375 3.05769 0.0576855 0.0576825
0.84375 3.05769 0.0576855 0.0576825
0.890625 3.05994 0.0599389 0.0599358
0.890625 3.05994 0.0599389 0.0599358
0.9375 3.06205 0.062048 0.0620447
0.9375 3.06205 0.062048 0.0620447
0.984375 3.06401 0.0640075 0.0640042
0.984375 3.06401 0.0640075 0.0640042
1.03125 3.06581 0.0658129 0.0658095
1.03125 3.06581 0.0658129 0.0658095
1.07812 3.06746 0.0674597 0.0674562
1.07812 3.06746 0.0674597 0.0674562
1.125 3.06894 0.068944 0.0689404
1.125 3.06894 0.068944 0.0689404
1.17188 3.07026 0.0702622 0.0702586
1.17188 3.07026 0.0702622 0.0702586
1.21875 3.07141 0.0714112 0.0714074
1.21875 3.07141 0.0714112 0.0714074
1.26562 3.07239 0.0723881 0.0723843
1.26562 3.07239 0.0723881 0.0723843
1.3125 3.07319 0.0731906 0.0731868
1.3125 3.07319 0.0731906 0.0731868
1.35938 3.07382 0.0738168 0.0738129
1.35938 3.07382 0.0738168 0.0738129
1.40625 3.07427 0.0742651 0.0742613
1.40625 3.07427 0.0742651 0.0742613
1.45312 3.07453 0.0745346 0.0745307
1.45312 3.07453 0.0745346 0.0745307
1.5 3.07462 0.0746245 0.0746206
1.5 3.07462 0.0746245 0.0746206
1.54688 3.07453 0.0745346 0.0745307
1.54688 3.07453 0.0745346 0.0745307
1.59375 3.07427 0.0742651 0.0742613
1.59375 3.07427 0.0742651 0.0742613
1.64062 3.07382 0.0738168 0.0738129
1.64062 3.07382 0.0738168 0.0738129
1.6875 3.07319 0.0731906 0.0731868
1.6875 3.07319 0.0731906 0.0731868
1.73438 3.07239 0.0723881 0.0723843
1.73438 3.07239 0.0723881 0.0723843
1.78125 3.07141 0.0714112 0.0714074
1.78125 3.07141 0.0714112 0.0714074
1.82812 3.07026 0.0702622 0.0702586
1.82812 3.07026 0.0702622 0.0702586
1.875 3.06894 0.068944 0.0689404
1.875 3.06894 0.068944 0.0689404
1.92188 3.06746 0.0674597 0.0674562
1.92188 3.06746 0.0674597 0.0674562
1.96875 3.06581 0.0658129 0.0658095
1.96875 3.06581 0.0658129 0.0658095
2.01562 3.06401 0.0640075 0.0640042
2.01562 3.06401 0.0640075 0.0640042
2.0625 3.06205 0.062048 0.0620447
2.0625 3.06205 0.062048 0.0620447
2.10938 3.05994 0.0599389 0.0599358
2.10938 3.05994 0.0599389 0.0599358
2.15625 3.05769 0.0576855 0.0576825
2.15625 3.05769 0.0576855 0.0576825
2.20312 3.05529 0.0552931 0.0552902
2.20312 3.05529 0.0552931 0.0552902
2.25 3.05277 0.0527675 0.0527647
2.25 3.05277 0.0527675 0.0527647
2.29688 3.05011 0.0501147 0.0501121
2.29688 3.05011 0.0501147 0.0501121
2.34375 3.04734 0.0473413 0.0473388
2.34375 3.04734 0.0473413 0.0473388
2.39062 3.04445 0.0444537 0.0444514
2.39062 3.04445 0.0444537 0.0444514
2.4375 3.04146 0.0414591 0.041457
2.4375 3.04146 0.0414591 0.041457
2.48438 3.03836 0.0383646 0.0383626
2.48438 3.03836 0.0383646 0.0383626
2.53125 3.03518 0.0351777 0.0351759
2.53125 3.03518 0.0351777 0.0351759
2.57812 3.03191 0.0319061 0.0319044
2.57812 3.03191 0.0319061 0.0319044
2.625 3.02856 0.0285577 0.0285562
2.625 3.02856 0.0285577 0.0285562
2.67188 3.02514 0.0251412 0.0251402
2.67188 3.02514 0.0251412 0.0251402
2.71875 3.02167 0.0216681 0.0216687
2.71875 3.02167 0.0216681 0.0216687
2.76562 3.01816 0.0181611 0.018168
2.76562 3.01816 0.0181611 0.018168
2.8125 3.01468 0.0146765 0.0147043
2.8125 3.01468 0.0146765 0.0147043
2.85938 3.01135 0.0113482 0.0114308
2.85938 3.01135 0.0113482 0.0114308
2.90625 3.00843 0.00843476 0.00863196
2.90625 3.00843 0.00843476 0.00863196
2.95312 3.00631 0.00631346 0.00670127
2.95312 3.00631 0.00631346 0.00670127
3 3.00537 0.00536559 0.00600666
