# x y topography analytical topography
0 3.01153 0.01153 0.0122385
0.046875 3.012 0.0120047 0.0125696
0.046875 3.012 0.0120047 0.0125696
0.09375 3.01311 0.0131096 0.0135431
0.09375 3.01311 0.0131096 0.0135431
0.140625 3.01478 0.0147837 0.015103
0.140625 3.01478 0.0147837 0.015103
0.1875 3.01694 0.0169406 0.0171655
0.1875 3.01694 0.0169406 0.0171655
0.234375 3.01948 0.0194796 0.0196304
0.234375 3.01948 0.0194796 0.0196304
0.28125 3.0223 0.0222982 0.0223937
0.28125 3.0223 0.0222982 0.0223937
0.328125 3.0253 0.0253015 0.025358
0.328125 3.0253 0.0253015 0.025358
0.375 3.02841 0.0284086 0.0284389
0.375 3.02841 0.0284086 0.0284389
0.421875 3.03156 0.0315551 0.0315686
0.421875 3.03156 0.0315551 0.0315686
0.46875 3.03469 0.0346922 0.0346954
0.46875 3.03469 0.0346922 0.0346954
0.515625 3.03778 0.0377846 0.0377818
0.515625 3.03778 0.0377846 0.0377818
0.5625 3.04081 0.0408077 0.0408013
0.5625 3.04081 0.0408077 0.0408013
0.609375 3.04374 0.0437438 0.0437353
0.609375 3.04374 0.0437438 0.0437353
0.65625 3.04658 0.0465801 0.0465702
0.65625 3.04658 0.0465801 0.0465702
0.703125 3.04931 0.0493068 0.049296
0.703125 3.04931 0.0493068 0.049296
0.75 3.05192 0.0519159 0.0519044
0.75 3.05192 0.0519159 0.0519044
0.796875 3.0544 0.0544005 0.0543883
0.796875 3.0544 0.0544005 0.0543883
0.84375 3.05675 0.0567541 0.0567415
0.84375 3.05675 0.0567541 0.0567415
0.890625 3.05897 0.0589711 0.058958
0.890625 3.05897 0.0589711 0.058958
0.9375 3.06105 0.0610461 0.0610325
0.9375 3.06105 0.0610461 0.0610325
0.984375 3.06297 0.062974 0.06296
0.984375 3.06297 0.062974 0.06296
1.03125 3.06475 0.0647503 0.0647358
1.03125 3.06475 0.0647503 0.0647358
1.07812 3.06637 0.0663705 0.0663557
1.07812 3.06637 0.0663705 0.0663557
1.125 3.06783 0.0678308 0.0678157
1.125 3.06783 0.0678308 0.0678157
1.17188 3.06913 0.0691277 0.0691123
1.17188 3.06913 0.0691277 0.0691123
1.21875 3.07026 0.0702581 0.0702424
1.21875 3.07026 0.0702581 0.0702424
1.26562 3.07122 0.0712192 0.0712034
1.26562 3.07122 0.0712192 0.0712034
1.3125 3.07201 0.0720088 0.0719927
1.3125 3.07201 0.0720088 0.0719927
1.35938 3.07262 0.0726249 0.0726087
1.35938 3.07262 0.0726249 0.0726087
1.40625 3.07307 0.073066 0.0730497
1.40625 3.07307 0.073066 0.0730497
1.45312 3.07333 0.0733311 0.0733147
1.45312 3.07333 0.0733311 0.0733147
1.5 3.07342 0.0734195 0.0734032
1.5 3.07342 0.0734195 0.0734032
1.54688 3.07333 0.0733311 0.0733147
1.54688 3.07333 0.0733311 0.0733147
1.59375 3.07307 0.073066 0.0730497
1.59375 3.07307 0.073066 0.0730497
1.64062 3.07262 0.0726249 0.0726087
1.64062 3.07262 0.0726249 0.0726087
1.6875 3.07201 0.0720088 0.0719927
1.6875 3.07201 0.0720088 0.0719927
1.73438 3.07122 0.0712192 0.0712034
1.73438 3.07122 0.0712192 0.0712034
1.78125 3.07026 0.0702581 0.0702424
1.78125 3.07026 0.0702581 0.0702424
1.82812 3.06913 0.0691277 0.0691123
1.82812 3.06913 0.0691277 0.0691123
1.875 3.06783 0.0678308 0.0678157
1.875 3.06783 0.0678308 0.0678157
1.92188 3.06637 0.0663705 0.0663557
1.92188 3.06637 0.0663705 0.0663557
1.96875 3.06475 0.0647503 0.0647358
1.96875 3.06475 0.0647503 0.0647358
2.01562 3.06297 0.062974 0.06296
2.01562 3.06297 0.062974 0.06296
2.0625 3.06105 0.0610461 0.0610325
2.0625 3.06105 0.0610461 0.0610325
2.10938 3.05897 0.0589711 0.058958
2.10938 3.05897 0.0589711 0.058958
2.15625 3.05675 0.0567541 0.0567415
2.15625 3.05675 0.0567541 0.0567415
2.20312 3.0544 0.0544005 0.0543883
2.20312 3.0544 0.0544005 0.0543883
2.25 3.05192 0.0519159 0.0519044
2.25 3.05192 0.0519159 0.0519044
2.29688 3.04931 0.0493068 0.049296
2.29688 3.04931 0.0493068 0.049296
2.34375 3.04658 0.0465801 0.0465702
2.34375 3.04658 0.0465801 0.0465702
2.39062 3.04374 0.0437438 0.0437353
2.39062 3.04374 0.0437438 0.0437353
2.4375 3.04081 0.0408077 0.0408013
2.4375 3.04081 0.0408077 0.0408013
2.48438 3.03778 0.0377846 0.0377818
2.48438 3.03778 0.0377846 0.0377818
2.53125 3.03469 0.0346922 0.0346954
2.53125 3.03469 0.0346922 0.0346954
2.57812 3.03156 0.0315551 0.0315686
2.57812 3.03156 0.0315551 0.0315686
2.625 3.02841 0.0284086 0.0284389
2.625 3.02841 0.0284086 0.0284389
2.67188 3.0253 0.0253015 0.025358
2.67188 3.0253 0.0253015 0.025358
2.71875 3.0223 0.0222982 0.0223937
2.71875 3.0223 0.0222982 0.0223937
2.76562 3.01948 0.0194796 0.0196304
2.76562 3.01948 0.0194796 0.0196304
2.8125 3.01694 0.0169406 0.0171655
2.8125 3.01694 0.0169406 0.0171655
2.85938 3.01478 0.0147837 0.015103
2.85938 3.01478 0.0147837 0.015103
2.90625 3.01311 0.0131096 0.0135431
2.90625 3.01311 0.0131096 0.0135431
2.95312 3.012 0.0120047 0.0125696
2.95312 3.012 0.0120047 0.0125696
3 3.01153 0.01153 0.0122385
