# x y topography analytical topography
0 3.00512 0.00512189 0.00575957
0.046875 3.00611 0.00610755 0.00648355
0.046875 3.00611 0.00610755 0.00648355
0.09375 3.0083 0.00830016 0.00848347
0.09375 3.0083 0.00830016 0.00848347
0.140625 3.01128 0.0112814 0.0113536
0.140625 3.01128 0.0112814 0.0113536
0.1875 3.01465 0.0146536 0.0146759
0.1875 3.01465 0.0146536 0.0146759
0.234375 3.01816 0.0181593 0.0181642
0.234375 3.01816 0.0181593 0.0181642
0.28125 3.02167 0.0216746 0.0216747
0.28125 3.02167 0.0216746 0.0216747
0.328125 3.02515 0.025151 0.0251499
0.328125 3.02515 0.025151 0.0251499
0.375 3.02857 0.0285692 0.0285679
0.375 3.02857 0.0285692 0.0285679
0.421875 3.03192 0.0319191 0.0319175
0.421875 3.03192 0.0319191 0.0319175
0.46875 3.03519 0.035192 0.0351904
0.46875 3.03519 0.035192 0.0351904
0.515625 3.03838 0.0383803 0.0383784
0.515625 3.03838 0.0383803 0.0383784
0.5625 3.04148 0.041476 0.041474
0.5625 3.04148 0.041476 0.041474
0.609375 3.04447 0.0444718 0.0444697
0.609375 3.04447 0.0444718 0.0444697
0.65625 3.04736 0.0473605 0.0473583
0.65625 3.04736 0.0473605 0.0473583
0.703125 3.05014 0.0501351 0.0501327
0.703125 3.05014 0.0501351 0.0501327
0.75 3.05279 0.0527889 0.0527864
0.75 3.05279 0.0527889 0.0527864
0.796875 3.05532 0.0553156 0.0553129
0.796875 3.05532 0.0553156 0.0553129
0.84375 3.05771 0.057709 0.0577062
0.84375 3.05771 0.057709 0.0577062
0.890625 3.05996 0.0599633 0.0599605
0.890625 3.05996 0.0599633 0.0599605
0.9375 3.06207 0.0620732 0.0620703
0.9375 3.06207 0.0620732 0.0620703
0.984375 3.06403 0.0640336 0.0640305
0.984375 3.06403 0.0640336 0.0640305
1.03125 3.06584 0.0658397 0.0658365
1.03125 3.06584 0.0658397 0.0658365
1.07812 3.06749 0.0674872 0.0674839
1.07812 3.06749 0.0674872 0.0674839
1.125 3.06897 0.0689721 0.0689688
1.125 3.06897 0.0689721 0.0689688
1.17188 3.07029 0.0702908 0.0702875
1.17188 3.07029 0.0702908 0.0702875
1.21875 3.07144 0.0714402 0.0714368
1.21875 3.07144 0.0714402 0.0714368
1.26562 3.07242 0.0724175 0.0724141
1.26562 3.07242 0.0724175 0.0724141
1.3125 3.07322 0.0732204 0.0732169
1.3125 3.07322 0.0732204 0.0732169
1.35938 3.07385 0.0738468 0.0738433
1.35938 3.07385 0.0738468 0.0738433
1.40625 3.0743 0.0742954 0.0742918
1.40625 3.0743 0.0742954 0.0742918
1.45312 3.07456 0.0745649 0.0745613
1.45312 3.07456 0.0745649 0.0745613
1.5 3.07465 0.0746548 0.0746513
1.5 3.07465 0.0746548 0.0746513
1.54688 3.07456 0.0745649 0.0745613
1.54688 3.07456 0.0745649 0.0745613
1.59375 3.0743 0.0742954 0.0742918
1.59375 3.0743 0.0742954 0.0742918
1.64062 3.07385 0.0738468 0.0738433
1.64062 3.07385 0.0738468 0.0738433
1.6875 3.07322 0.0732204 0.0732169
1.6875 3.07322 0.0732204 0.0732169
1.73438 3.07242 0.0724175 0.0724141
1.73438 3.07242 0.0724175 0.0724141
1.78125 3.07144 0.0714402 0.0714368
1.78125 3.07144 0.0714402 0.0714368
1.82812 3.07029 0.0702908 0.0702875
1.82812 3.07029 0.0702908 0.0702875
1.875 3.06897 0.0689721 0.0689688
1.875 3.06897 0.0689721 0.0689688
1.92188 3.06749 0.0674872 0.0674839
1.92188 3.06749 0.0674872 0.0674839
1.96875 3.06584 0.0658397 0.0658365
1.96875 3.06584 0.0658397 0.0658365
2.01562 3.06403 0.0640336 0.0640305
2.01562 3.06403 0.0640336 0.0640305
2.0625 3.06207 0.0620732 0.0620703
2.0625 3.06207 0.0620732 0.0620703
2.10938 3.05996 0.0599633 0.0599605
2.10938 3.05996 0.0599633 0.0599605
2.15625 3.05771 0.057709 0.0577062
2.15625 3.05771 0.057709 0.0577062
2.20312 3.05532 0.0553156 0.0553129
2.20312 3.05532 0.0553156 0.0553129
2.25 3.05279 0.0527889 0.0527864
2.25 3.05279 0.0527889 0.0527864
2.29688 3.05014 0.0501351 0.0501327
2.29688 3.05014 0.0501351 0.0501327
2.34375 3.04736 0.0473605 0.0473583
2.34375 3.04736 0.0473605 0.0473583
2.39062 3.04447 0.0444718 0.0444697
2.39062 3.04447 0.0444718 0.0444697
2.4375 3.04148 0.041476 0.041474
2.4375 3.04148 0.041476 0.041474
2.48438 3.03838 0.0383803 0.0383784
2.48438 3.03838 0.0383803 0.0383784
2.53125 3.03519 0.035192 0.0351904
2.53125 3.03519 0.035192 0.0351904
2.57812 3.03192 0.0319191 0.0319175
2.57812 3.03192 0.0319191 0.0319175
2.625 3.02857 0.0285692 0.0285679
2.625 3.02857 0.0285692 0.0285679
2.67188 3.02515 0.025151 0.0251499
2.67188 3.02515 0.025151 0.0251499
2.71875 3.02167 0.0216746 0.0216747
2.71875 3.02167 0.0216746 0.0216747
2.76562 3.01816 0.0181593 0.0181642
2.76562 3.01816 0.0181593 0.0181642
2.8125 3.01465 0.0146536 0.0146759
2.8125 3.01465 0.0146536 0.0146759
2.85938 3.01128 0.0112814 0.0113536
2.85938 3.01128 0.0112814 0.0113536
2.90625 3.0083 0.00830016 0.00848347
2.90625 3.0083 0.00830016 0.00848347
2.95312 3.00611 0.00610755 0.00648355
2.95312 3.00611 0.00610755 0.00648355
3 3.00512 0.00512189 0.00575957
