# x y topography analytical topography
0 3.00052 0.000523043 0.000990741
0.046875 3.00368 0.00367983 0.00368065
0.046875 3.00368 0.00367983 0.00368065
0.09375 3.00735 0.00735029 0.00735028
0.09375 3.00735 0.00735029 0.00735028
0.140625 3.011 0.0110033 0.0110033
0.140625 3.011 0.0110033 0.0110033
0.1875 3.01463 0.0146298 0.0146298
0.1875 3.01463 0.0146298 0.0146298
0.234375 3.01822 0.018221 0.018221
0.234375 3.01822 0.018221 0.018221
0.28125 3.02177 0.0217684 0.0217684
0.28125 3.02177 0.0217684 0.0217684
0.328125 3.02526 0.0252633 0.0252633
0.328125 3.02526 0.0252633 0.0252633
0.375 3.0287 0.0286974 0.0286973
0.375 3.0287 0.0286974 0.0286973
0.421875 3.03206 0.0320623 0.0320622
0.421875 3.03206 0.0320623 0.0320622
0.46875 3.03535 0.03535 0.0353499
0.46875 3.03535 0.03535 0.0353499
0.515625 3.03855 0.0385525 0.0385524
0.515625 3.03855 0.0385525 0.0385524
0.5625 3.04166 0.0416621 0.0416621
0.5625 3.04166 0.0416621 0.0416621
0.609375 3.04467 0.0446714 0.0446713
0.609375 3.04467 0.0446714 0.0446713
0.65625 3.04757 0.047573 0.047573
0.65625 3.04757 0.047573 0.047573
0.703125 3.05036 0.0503601 0.05036
0.703125 3.05036 0.0503601 0.05036
0.75 3.05303 0.0530258 0.0530257
0.75 3.05303 0.0530258 0.0530257
0.796875 3.05556 0.0555638 0.0555637
0.796875 3.05556 0.0555638 0.0555637
0.84375 3.05797 0.0579679 0.0579678
0.84375 3.05797 0.0579679 0.0579678
0.890625 3.06023 0.0602324 0.0602323
0.890625 3.06023 0.0602324 0.0602323
0.9375 3.06235 0.0623518 0.0623517
0.9375 3.06235 0.0623518 0.0623517
0.984375 3.06432 0.0643209 0.0643208
0.984375 3.06432 0.0643209 0.0643208
1.03125 3.06614 0.0661351 0.066135
1.03125 3.06614 0.0661351 0.066135
1.07812 3.06779 0.06779 0.0677899
1.07812 3.06779 0.06779 0.0677899
1.125 3.06928 0.0692816 0.0692815
1.125 3.06928 0.0692816 0.0692815
1.17188 3.07061 0.0706062 0.0706061
1.17188 3.07061 0.0706062 0.0706061
1.21875 3.07176 0.0717608 0.0717607
1.21875 3.07176 0.0717608 0.0717607
1.26562 3.07274 0.0727425 0.0727424
1.26562 3.07274 0.0727425 0.0727424
1.3125 3.07355 0.0735489 0.0735488
1.3125 3.07355 0.0735489 0.0735488
1.35938 3.07418 0.0741782 0.0741781
1.35938 3.07418 0.0741782 0.0741781
1.40625 3.07463 0.0746287 0.0746286
1.40625 3.07463 0.0746287 0.0746286
1.45312 3.0749 0.0748995 0.0748994
1.45312 3.0749 0.0748995 0.0748994
1.5 3.07499 0.0749898 0.0749897
1.5 3.07499 0.0749898 0.0749897
1.54688 3.0749 0.0748995 0.0748994
1.54688 3.0749 0.0748995 0.0748994
1.59375 3.07463 0.0746287 0.0746286
1.59375 3.07463 0.0746287 0.0746286
1.64062 3.07418 0.0741782 0.0741781
1.64062 3.07418 0.0741782 0.0741781
1.6875 3.07355 0.0735489 0.0735488
1.6875 3.07355 0.0735489 0.0735488
1.73438 3.07274 0.0727425 0.0727424
1.73438 3.07274 0.0727425 0.0727424
1.78125 3.07176 0.0717608 0.0717607
1.78125 3.07176 0.0717608 0.0717607
1.82812 3.07061 0.0706062 0.0706061
1.82812 3.07061 0.0706062 0.0706061
1.875 3.06928 0.0692816 0.0692815
1.875 3.06928 0.0692816 0.0692815
1.92188 3.06779 0.06779 0.0677899
1.92188 3.06779 0.06779 0.0677899
1.96875 3.06614 0.0661351 0.066135
1.96875 3.06614 0.0661351 0.066135
2.01562 3.06432 0.0643209 0.0643208
2.01562 3.06432 0.0643209 0.0643208
2.0625 3.06235 0.0623518 0.0623517
2.0625 3.06235 0.0623518 0.0623517
2.10938 3.06023 0.0602324 0.0602323
2.10938 3.06023 0.0602324 0.0602323
2.15625 3.05797 0.0579679 0.0579678
2.15625 3.05797 0.0579679 0.0579678
2.20312 3.05556 0.0555638 0.0555637
2.20312 3.05556 0.0555638 0.0555637
2.25 3.05303 0.0530258 0.0530257
2.25 3.05303 0.0530258 0.0530257
2.29688 3.05036 0.0503601 0.05036
2.29688 3.05036 0.0503601 0.05036
2.34375 3.04757 0.047573 0.047573
2.34375 3.04757 0.047573 0.047573
2.39062 3.04467 0.0446714 0.0446713
2.39062 3.04467 0.0446714 0.0446713
2.4375 3.04166 0.0416621 0.0416621
2.4375 3.04166 0.0416621 0.0416621
2.48438 3.03855 0.0385525 0.0385524
2.48438 3.03855 0.0385525 0.0385524
2.53125 3.03535 0.03535 0.0353499
2.53125 3.03535 0.03535 0.0353499
2.57812 3.03206 0.0320623 0.0320622
2.57812 3.03206 0.0320623 0.0320622
2.625 3.0287 0.0286974 0.0286973
2.625 3.0287 0.0286974 0.0286973
2.67188 3.02526 0.0252633 0.0252633
2.67188 3.02526 0.0252633 0.0252633
2.71875 3.02177 0.0217684 0.0217684
2.71875 3.02177 0.0217684 0.0217684
2.76562 3.01822 0.018221 0.018221
2.76562 3.01822 0.018221 0.018221
2.8125 3.01463 0.0146298 0.0146298
2.8125 3.01463 0.0146298 0.0146298
2.85938 3.011 0.0110033 0.0110033
2.85938 3.011 0.0110033 0.0110033
2.90625 3.00735 0.00735029 0.00735028
2.90625 3.00735 0.00735029 0.00735028
2.95312 3.00368 0.00367983 0.00368065
2.95312 3.00368 0.00367983 0.00368065
3 3.00052 0.000523043 0.000990741
