# x y topography analytical topography
0 3.01172 0.011716 0.0124262
0.046875 3.01218 0.0121834 0.0127517
0.046875 3.01218 0.0121834 0.0127517
0.09375 3.01327 0.0132711 0.0137094
0.09375 3.01327 0.0132711 0.0137094
0.140625 3.01492 0.0149209 0.0152457
0.140625 3.01492 0.0149209 0.0152457
0.1875 3.01705 0.0170494 0.0172799
0.1875 3.01705 0.0170494 0.0172799
0.234375 3.01956 0.0195594 0.0197154
0.234375 3.01956 0.0195594 0.0197154
0.28125 3.02235 0.0223511 0.0224511
0.28125 3.02235 0.0223511 0.0224511
0.328125 3.02533 0.0253315 0.0253915
0.328125 3.02533 0.0253315 0.0253915
0.375 3.02842 0.0284203 0.0284531
0.375 3.02842 0.0284203 0.0284531
0.421875 3.03155 0.0315529 0.031568
0.421875 3.03155 0.0315529 0.031568
0.46875 3.03468 0.0346799 0.0346841
0.46875 3.03468 0.0346799 0.0346841
0.515625 3.03777 0.0377653 0.0377629
0.515625 3.03777 0.0377653 0.0377629
0.5625 3.04078 0.0407833 0.040777
0.5625 3.04078 0.0407833 0.040777
0.609375 3.04372 0.0437158 0.0437072
0.609375 3.04372 0.0437158 0.0437072
0.65625 3.04655 0.0465493 0.0465392
0.65625 3.04655 0.0465493 0.0465392
0.703125 3.04927 0.0492737 0.0492627
0.703125 3.04927 0.0492737 0.0492627
0.75 3.05188 0.0518809 0.051869
0.75 3.05188 0.0518809 0.051869
0.796875 3.05436 0.0543636 0.0543512
0.796875 3.05436 0.0543636 0.0543512
0.84375 3.05672 0.0567157 0.0567026
0.84375 3.05672 0.0567157 0.0567026
0.890625 3.05893 0.0589312 0.0589176
0.890625 3.05893 0.0589312 0.0589176
0.9375 3.061 0.0610047 0.0609907
0.9375 3.061 0.0610047 0.0609907
0.984375 3.06293 0.0629313 0.0629169
0.984375 3.06293 0.0629313 0.0629169
1.03125 3.06471 0.0647064 0.0646914
1.03125 3.06471 0.0647064 0.0646914
1.07812 3.06633 0.0663255 0.0663102
1.07812 3.06633 0.0663255 0.0663102
1.125 3.06778 0.0677848 0.0677692
1.125 3.06778 0.0677848 0.0677692
1.17188 3.06908 0.0690809 0.069065
1.17188 3.06908 0.0690809 0.069065
1.21875 3.07021 0.0702105 0.0701943
1.21875 3.07021 0.0702105 0.0701943
1.26562 3.07117 0.071171 0.0711546
1.26562 3.07117 0.071171 0.0711546
1.3125 3.07196 0.07196 0.0719434
1.3125 3.07196 0.07196 0.0719434
1.35938 3.07258 0.0725756 0.0725589
1.35938 3.07258 0.0725756 0.0725589
1.40625 3.07302 0.0730165 0.0729996
1.40625 3.07302 0.0730165 0.0729996
1.45312 3.07328 0.0732814 0.0732645
1.45312 3.07328 0.0732814 0.0732645
1.5 3.07337 0.0733698 0.0733529
1.5 3.07337 0.0733698 0.0733529
1.54688 3.07328 0.0732814 0.0732645
1.54688 3.07328 0.0732814 0.0732645
1.59375 3.07302 0.0730165 0.0729996
1.59375 3.07302 0.0730165 0.0729996
1.64062 3.07258 0.0725756 0.0725589
1.64062 3.07258 0.0725756 0.0725589
1.6875 3.07196 0.07196 0.0719434
1.6875 3.07196 0.07196 0.0719434
1.73438 3.07117 0.071171 0.0711546
1.73438 3.07117 0.071171 0.0711546
1.78125 3.07021 0.0702105 0.0701943
1.78125 3.07021 0.0702105 0.0701943
1.82812 3.06908 0.0690809 0.069065
1.82812 3.06908 0.0690809 0.069065
1.875 3.06778 0.0677848 0.0677692
1.875 3.06778 0.0677848 0.0677692
1.92188 3.06633 0.0663255 0.0663102
1.92188 3.06633 0.0663255 0.0663102
1.96875 3.06471 0.0647064 0.0646914
1.96875 3.06471 0.0647064 0.0646914
2.01562 3.06293 0.0629313 0.0629169
2.01562 3.06293 0.0629313 0.0629169
2.0625 3.061 0.0610047 0.0609907
2.0625 3.061 0.0610047 0.0609907
2.10938 3.05893 0.0589312 0.0589176
2.10938 3.05893 0.0589312 0.0589176
2.15625 3.05672 0.0567157 0.0567026
2.15625 3.05672 0.0567157 0.0567026
2.20312 3.05436 0.0543636 0.0543512
2.20312 3.05436 0.0543636 0.0543512
2.25 3.05188 0.0518809 0.051869
2.25 3.05188 0.0518809 0.051869
2.29688 3.04927 0.0492737 0.0492627
2.29688 3.04927 0.0492737 0.0492627
2.34375 3.04655 0.0465493 0.0465392
2.34375 3.04655 0.0465493 0.0465392
2.39062 3.04372 0.0437158 0.0437072
2.39062 3.04372 0.0437158 0.0437072
2.4375 3.04078 0.0407833 0.040777
2.4375 3.04078 0.0407833 0.040777
2.48438 3.03777 0.0377653 0.0377629
2.48438 3.03777 0.0377653 0.0377629
2.53125 3.03468 0.0346799 0.0346841
2.53125 3.03468 0.0346799 0.0346841
2.57812 3.03155 0.0315529 0.031568
2.57812 3.03155 0.0315529 0.031568
2.625 3.02842 0.0284203 0.0284531
2.625 3.02842 0.0284203 0.0284531
2.67188 3.02533 0.0253315 0.0253915
2.67188 3.02533 0.0253315 0.0253915
2.71875 3.02235 0.0223511 0.0224511
2.71875 3.02235 0.0223511 0.0224511
2.76562 3.01956 0.0195594 0.0197154
2.76562 3.01956 0.0195594 0.0197154
2.8125 3.01705 0.0170494 0.0172799
2.8125 3.01705 0.0170494 0.0172799
2.85938 3.01492 0.0149209 0.0152457
2.85938 3.01492 0.0149209 0.0152457
2.90625 3.01327 0.0132711 0.0137094
2.90625 3.01327 0.0132711 0.0137094
2.95312 3.01218 0.0121834 0.0127517
2.95312 3.01218 0.0121834 0.0127517
3 3.01172 0.011716 0.0124262
