# x y topography analytical topography
0 3.00165 0.00165294 0.00221456
0.046875 3.00383 0.00382883 0.00391678
0.046875 3.00383 0.00382883 0.00391678
0.09375 3.00735 0.00735014 0.00735314
0.09375 3.00735 0.00735014 0.00735314
0.140625 3.011 0.0109973 0.0109973
0.140625 3.011 0.0109973 0.0109973
0.1875 3.01462 0.0146219 0.0146217
0.1875 3.01462 0.0146219 0.0146217
0.234375 3.01821 0.0182112 0.018211
0.234375 3.01821 0.0182112 0.018211
0.28125 3.02176 0.0217566 0.0217564
0.28125 3.02176 0.0217566 0.0217564
0.328125 3.02525 0.0252496 0.0252494
0.328125 3.02525 0.0252496 0.0252494
0.375 3.02868 0.0286818 0.0286816
0.375 3.02868 0.0286818 0.0286816
0.421875 3.03204 0.0320449 0.0320447
0.421875 3.03204 0.0320449 0.0320447
0.46875 3.03533 0.0353308 0.0353305
0.46875 3.03533 0.0353308 0.0353305
0.515625 3.03853 0.0385316 0.0385313
0.515625 3.03853 0.0385316 0.0385313
0.5625 3.04164 0.0416395 0.0416392
0.5625 3.04164 0.0416395 0.0416392
0.609375 3.04465 0.0446472 0.0446468
0.609375 3.04465 0.0446472 0.0446468
0.65625 3.04755 0.0475472 0.0475469
0.65625 3.04755 0.0475472 0.0475469
0.703125 3.05033 0.0503328 0.0503324
0.703125 3.05033 0.0503328 0.0503324
0.75 3.053 0.052997 0.0529967
0.75 3.053 0.052997 0.0529967
0.796875 3.05553 0.0555337 0.0555333
0.796875 3.05553 0.0555337 0.0555333
0.84375 3.05794 0.0579365 0.0579361
0.84375 3.05794 0.0579365 0.0579361
0.890625 3.0602 0.0601997 0.0601993
0.890625 3.0602 0.0601997 0.0601993
0.9375 3.06232 0.0623179 0.0623175
0.9375 3.06232 0.0623179 0.0623175
0.984375 3.06429 0.064286 0.0642856
0.984375 3.06429 0.064286 0.0642856
1.03125 3.0661 0.0660992 0.0660988
1.03125 3.0661 0.0660992 0.0660988
1.07812 3.06775 0.0677532 0.0677527
1.07812 3.06775 0.0677532 0.0677527
1.125 3.06924 0.069244 0.0692435
1.125 3.06924 0.069244 0.0692435
1.17188 3.07057 0.0705679 0.0705674
1.17188 3.07057 0.0705679 0.0705674
1.21875 3.07172 0.0717219 0.0717214
1.21875 3.07172 0.0717219 0.0717214
1.26562 3.0727 0.072703 0.0727025
1.26562 3.0727 0.072703 0.0727025
1.3125 3.07351 0.073509 0.0735085
1.3125 3.07351 0.073509 0.0735085
1.35938 3.07414 0.0741379 0.0741374
1.35938 3.07414 0.0741379 0.0741374
1.40625 3.07459 0.0745882 0.0745877
1.40625 3.07459 0.0745882 0.0745877
1.45312 3.07486 0.0748589 0.0748583
1.45312 3.07486 0.0748589 0.0748583
1.5 3.07495 0.0749491 0.0749486
1.5 3.07495 0.0749491 0.0749486
1.54688 3.07486 0.0748589 0.0748583
1.54688 3.07486 0.0748589 0.0748583
1.59375 3.07459 0.0745882 0.0745877
1.59375 3.07459 0.0745882 0.0745877
1.64062 3.07414 0.0741379 0.0741374
1.64062 3.07414 0.0741379 0.0741374
1.6875 3.07351 0.073509 0.0735085
1.6875 3.07351 0.073509 0.0735085
1.73438 3.0727 0.072703 0.0727025
1.73438 3.0727 0.072703 0.0727025
1.78125 3.07172 0.0717219 0.0717214
1.78125 3.07172 0.0717219 0.0717214
1.82812 3.07057 0.0705679 0.0705674
1.82812 3.07057 0.0705679 0.0705674
1.875 3.06924 0.069244 0.0692435
1.875 3.06924 0.069244 0.0692435
1.92188 3.06775 0.0677532 0.0677527
1.92188 3.06775 0.0677532 0.0677527
1.96875 3.0661 0.0660992 0.0660988
1.96875 3.0661 0.0660992 0.0660988
2.01562 3.06429 0.064286 0.0642856
2.01562 3.06429 0.064286 0.0642856
2.0625 3.06232 0.0623179 0.0623175
2.0625 3.06232 0.0623179 0.0623175
2.10938 3.0602 0.0601997 0.0601993
2.10938 3.0602 0.0601997 0.0601993
2.15625 3.05794 0.0579365 0.0579361
2.15625 3.05794 0.0579365 0.0579361
2.20312 3.05553 0.0555337 0.0555333
2.20312 3.05553 0.0555337 0.0555333
2.25 3.053 0.052997 0.0529967
2.25 3.053 0.052997 0.0529967
2.29688 3.05033 0.0503328 0.0503324
2.29688 3.05033 0.0503328 0.0503324
2.34375 3.04755 0.0475472 0.0475469
2.34375 3.04755 0.0475472 0.0475469
2.39062 3.04465 0.0446472 0.0446468
2.39062 3.04465 0.0446472 0.0446468
2.4375 3.04164 0.0416395 0.0416392
2.4375 3.04164 0.0416395 0.0416392
2.48438 3.03853 0.0385316 0.0385313
2.48438 3.03853 0.0385316 0.0385313
2.53125 3.03533 0.0353308 0.0353305
2.53125 3.03533 0.0353308 0.0353305
2.57812 3.03204 0.0320449 0.0320447
2.57812 3.03204 0.0320449 0.0320447
2.625 3.02868 0.0286818 0.0286816
2.625 3.02868 0.0286818 0.0286816
2.67188 3.02525 0.0252496 0.0252494
2.67188 3.02525 0.0252496 0.0252494
2.71875 3.02176 0.0217566 0.0217564
2.71875 3.02176 0.0217566 0.0217564
2.76562 3.01821 0.0182112 0.018211
2.76562 3.01821 0.0182112 0.018211
2.8125 3.01462 0.0146219 0.0146217
2.8125 3.01462 0.0146219 0.0146217
2.85938 3.011 0.0109973 0.0109973
2.85938 3.011 0.0109973 0.0109973
2.90625 3.00735 0.00735014 0.00735314
2.90625 3.00735 0.00735014 0.00735314
2.95312 3.00383 0.00382883 0.00391678
2.95312 3.00383 0.00382883 0.00391678
3 3.00165 0.00165294 0.00221456
