# x y topography analytical topography
0 3.01267 0.01267 0.0133888
0.046875 3.0131 0.013103 0.0136881
0.046875 3.0131 0.013103 0.0136881
0.09375 3.01411 0.0141094 0.014571
0.09375 3.01411 0.0141094 0.014571
0.140625 3.01564 0.0156421 0.015994
0.140625 3.01564 0.0156421 0.015994
0.1875 3.01763 0.0176324 0.017891
0.1875 3.01763 0.0176324 0.017891
0.234375 3.02 0.0199986 0.0201811
0.234375 3.02 0.0199986 0.0201811
0.28125 3.02265 0.0226539 0.0227769
0.28125 3.02265 0.0226539 0.0227769
0.328125 3.02551 0.0255142 0.0255927
0.328125 3.02551 0.0255142 0.0255927
0.375 3.0285 0.028504 0.0285506
0.375 3.0285 0.028504 0.0285506
0.421875 3.03156 0.0315591 0.0315839
0.421875 3.03156 0.0315591 0.0315839
0.46875 3.03463 0.0346282 0.0346383
0.46875 3.03463 0.0346282 0.0346383
0.515625 3.03767 0.0376713 0.0376721
0.515625 3.03767 0.0376713 0.0376721
0.5625 3.04066 0.0406589 0.0406539
0.5625 3.04066 0.0406589 0.0406539
0.609375 3.04357 0.0435691 0.0435604
0.609375 3.04357 0.0435691 0.0435604
0.65625 3.04639 0.0463858 0.0463748
0.65625 3.04639 0.0463858 0.0463748
0.703125 3.0491 0.0490968 0.0490843
0.703125 3.0491 0.0490968 0.0490843
0.75 3.05169 0.0516927 0.0516791
0.75 3.05169 0.0516927 0.0516791
0.796875 3.05417 0.0541656 0.0541511
0.796875 3.05417 0.0541656 0.0541511
0.84375 3.05651 0.0565086 0.0564935
0.84375 3.05651 0.0565086 0.0564935
0.890625 3.05872 0.0587159 0.0587001
0.890625 3.05872 0.0587159 0.0587001
0.9375 3.06078 0.0607818 0.0607654
0.9375 3.06078 0.0607818 0.0607654
0.984375 3.0627 0.0627013 0.0626844
0.984375 3.0627 0.0627013 0.0626844
1.03125 3.06447 0.0644698 0.0644525
1.03125 3.06447 0.0644698 0.0644525
1.07812 3.06608 0.066083 0.0660652
1.07812 3.06608 0.066083 0.0660652
1.125 3.06754 0.067537 0.0675189
1.125 3.06754 0.067537 0.0675189
1.17188 3.06883 0.0688283 0.0688098
1.17188 3.06883 0.0688283 0.0688098
1.21875 3.06995 0.0699538 0.069935
1.21875 3.06995 0.0699538 0.069935
1.26562 3.07091 0.0709108 0.0708917
1.26562 3.07091 0.0709108 0.0708917
1.3125 3.0717 0.0716969 0.0716776
1.3125 3.0717 0.0716969 0.0716776
1.35938 3.07231 0.0723103 0.0722909
1.35938 3.07231 0.0723103 0.0722909
1.40625 3.07275 0.0727496 0.07273
1.40625 3.07275 0.0727496 0.07273
1.45312 3.07301 0.0730135 0.0729938
1.45312 3.07301 0.0730135 0.0729938
1.5 3.0731 0.0731016 0.0730819
1.5 3.0731 0.0731016 0.0730819
1.54688 3.07301 0.0730135 0.0729938
1.54688 3.07301 0.0730135 0.0729938
1.59375 3.07275 0.0727496 0.07273
1.59375 3.07275 0.0727496 0.07273
1.64062 3.07231 0.0723103 0.0722909
1.64062 3.07231 0.0723103 0.0722909
1.6875 3.0717 0.0716969 0.0716776
1.6875 3.0717 0.0716969 0.0716776
1.73438 3.07091 0.0709108 0.0708917
1.73438 3.07091 0.0709108 0.0708917
1.78125 3.06995 0.0699538 0.069935
1.78125 3.06995 0.0699538 0.069935
1.82812 3.06883 0.0688283 0.0688098
1.82812 3.06883 0.0688283 0.0688098
1.875 3.06754 0.067537 0.0675189
1.875 3.06754 0.067537 0.0675189
1.92188 3.06608 0.066083 0.0660652
1.92188 3.06608 0.066083 0.0660652
1.96875 3.06447 0.0644698 0.0644525
1.96875 3.06447 0.0644698 0.0644525
2.01562 3.0627 0.0627013 0.0626844
2.01562 3.0627 0.0627013 0.0626844
2.0625 3.06078 0.0607818 0.0607654
2.0625 3.06078 0.0607818 0.0607654
2.10938 3.05872 0.0587159 0.0587001
2.10938 3.05872 0.0587159 0.0587001
2.15625 3.05651 0.0565086 0.0564935
2.15625 3.05651 0.0565086 0.0564935
2.20312 3.05417 0.0541656 0.0541511
2.20312 3.05417 0.0541656 0.0541511
2.25 3.05169 0.0516927 0.0516791
2.25 3.05169 0.0516927 0.0516791
2.29688 3.0491 0.0490968 0.0490843
2.29688 3.0491 0.0490968 0.0490843
2.34375 3.04639 0.0463858 0.0463748
2.34375 3.04639 0.0463858 0.0463748
2.39062 3.04357 0.0435691 0.0435604
2.39062 3.04357 0.0435691 0.0435604
2.4375 3.04066 0.0406589 0.0406539
2.4375 3.04066 0.0406589 0.0406539
2.48438 3.03767 0.0376713 0.0376721
2.48438 3.03767 0.0376713 0.0376721
2.53125 3.03463 0.0346282 0.0346383
2.53125 3.03463 0.0346282 0.0346383
2.57812 3.03156 0.0315591 0.0315839
2.57812 3.03156 0.0315591 0.0315839
2.625 3.0285 0.028504 0.0285506
2.625 3.0285 0.028504 0.0285506
2.67188 3.02551 0.0255142 0.0255927
2.67188 3.02551 0.0255142 0.0255927
2.71875 3.02265 0.0226539 0.0227769
2.71875 3.02265 0.0226539 0.0227769
2.76562 3.02 0.0199986 0.0201811
2.76562 3.02 0.0199986 0.0201811
2.8125 3.01763 0.0176324 0.017891
2.8125 3.01763 0.0176324 0.017891
2.85938 3.01564 0.0156421 0.015994
2.85938 3.01564 0.0156421 0.015994
2.90625 3.01411 0.0141094 0.014571
2.90625 3.01411 0.0141094 0.014571
2.95312 3.0131 0.013103 0.0136881
2.95312 3.0131 0.013103 0.0136881
3 3.01267 0.01267 0.0133888
