# x y topography analytical topography
0 3.01257 0.0125678 0.0132858
0.046875 3.013 0.0130043 0.0135877
0.046875 3.013 0.0130043 0.0135877
0.09375 3.01402 0.0140189 0.0144781
0.09375 3.01402 0.0140189 0.0144781
0.140625 3.01556 0.0155635 0.0159126
0.140625 3.01556 0.0155635 0.0159126
0.1875 3.01757 0.0175681 0.0178237
0.1875 3.01757 0.0175681 0.0178237
0.234375 3.01995 0.0199493 0.0201289
0.234375 3.01995 0.0199493 0.0201289
0.28125 3.02262 0.022619 0.0227396
0.28125 3.02262 0.022619 0.0227396
0.328125 3.02549 0.0254923 0.0255688
0.328125 3.02549 0.0254923 0.0255688
0.375 3.02849 0.0284931 0.0285382
0.375 3.02849 0.0284931 0.0285382
0.421875 3.03156 0.031557 0.0315806
0.421875 3.03156 0.031557 0.0315806
0.46875 3.03463 0.0346327 0.0346421
0.46875 3.03463 0.0346327 0.0346421
0.515625 3.03768 0.0376809 0.0376813
0.515625 3.03768 0.0376809 0.0376813
0.5625 3.04067 0.0406721 0.0406669
0.5625 3.04067 0.0406721 0.0406669
0.609375 3.04358 0.043585 0.0435763
0.609375 3.04358 0.043585 0.0435763
0.65625 3.0464 0.0464037 0.0463928
0.65625 3.0464 0.0464037 0.0463928
0.703125 3.04912 0.0491163 0.049104
0.703125 3.04912 0.0491163 0.049104
0.75 3.05171 0.0517135 0.0517001
0.75 3.05171 0.0517135 0.0517001
0.796875 3.05419 0.0541875 0.0541733
0.796875 3.05419 0.0541875 0.0541733
0.84375 3.05653 0.0565316 0.0565166
0.84375 3.05653 0.0565316 0.0565166
0.890625 3.05874 0.0587397 0.0587242
0.890625 3.05874 0.0587397 0.0587242
0.9375 3.06081 0.0608065 0.0607904
0.9375 3.06081 0.0608065 0.0607904
0.984375 3.06273 0.0627268 0.0627102
0.984375 3.06273 0.0627268 0.0627102
1.03125 3.0645 0.0644961 0.064479
1.03125 3.0645 0.0644961 0.064479
1.07812 3.06611 0.0661099 0.0660924
1.07812 3.06611 0.0661099 0.0660924
1.125 3.06756 0.0675645 0.0675466
1.125 3.06756 0.0675645 0.0675466
1.17188 3.06886 0.0688563 0.0688381
1.17188 3.06886 0.0688563 0.0688381
1.21875 3.06998 0.0699823 0.0699638
1.21875 3.06998 0.0699823 0.0699638
1.26562 3.07094 0.0709397 0.0709209
1.26562 3.07094 0.0709397 0.0709209
1.3125 3.07173 0.0717261 0.0717071
1.3125 3.07173 0.0717261 0.0717071
1.35938 3.07234 0.0723398 0.0723206
1.35938 3.07234 0.0723398 0.0723206
1.40625 3.07278 0.0727792 0.0727599
1.40625 3.07278 0.0727792 0.0727599
1.45312 3.07304 0.0730432 0.0730239
1.45312 3.07304 0.0730432 0.0730239
1.5 3.07313 0.0731313 0.0731119
1.5 3.07313 0.0731313 0.0731119
1.54688 3.07304 0.0730432 0.0730239
1.54688 3.07304 0.0730432 0.0730239
1.59375 3.07278 0.0727792 0.0727599
1.59375 3.07278 0.0727792 0.0727599
1.64062 3.07234 0.0723398 0.0723206
1.64062 3.07234 0.0723398 0.0723206
1.6875 3.07173 0.0717261 0.0717071
1.6875 3.07173 0.0717261 0.0717071
1.73438 3.07094 0.0709397 0.0709209
1.73438 3.07094 0.0709397 0.0709209
1.78125 3.06998 0.0699823 0.0699638
1.78125 3.06998 0.0699823 0.0699638
1.82812 3.06886 0.0688563 0.0688381
1.82812 3.06886 0.0688563 0.0688381
1.875 3.06756 0.0675645 0.0675466
1.875 3.06756 0.0675645 0.0675466
1.92188 3.06611 0.0661099 0.0660924
1.92188 3.06611 0.0661099 0.0660924
1.96875 3.0645 0.0644961 0.064479
1.96875 3.0645 0.0644961 0.064479
2.01562 3.06273 0.0627268 0.0627102
2.01562 3.06273 0.0627268 0.0627102
2.0625 3.06081 0.0608065 0.0607904
2.0625 3.06081 0.0608065 0.0607904
2.10938 3.05874 0.0587397 0.0587242
2.10938 3.05874 0.0587397 0.0587242
2.15625 3.05653 0.0565316 0.0565166
2.15625 3.05653 0.0565316 0.0565166
2.20312 3.05419 0.0541875 0.0541733
2.20312 3.05419 0.0541875 0.0541733
2.25 3.05171 0.0517135 0.0517001
2.25 3.05171 0.0517135 0.0517001
2.29688 3.04912 0.0491163 0.049104
2.29688 3.04912 0.0491163 0.049104
2.34375 3.0464 0.0464037 0.0463928
2.34375 3.0464 0.0464037 0.0463928
2.39062 3.04358 0.043585 0.0435763
2.39062 3.04358 0.043585 0.0435763
2.4375 3.04067 0.0406721 0.0406669
2.4375 3.04067 0.0406721 0.0406669
2.48438 3.03768 0.0376809 0.0376813
2.48438 3.03768 0.0376809 0.0376813
2.53125 3.03463 0.0346327 0.0346421
2.53125 3.03463 0.0346327 0.0346421
2.57812 3.03156 0.031557 0.0315806
2.57812 3.03156 0.031557 0.0315806
2.625 3.02849 0.0284931 0.0285382
2.625 3.02849 0.0284931 0.0285382
2.67188 3.02549 0.0254923 0.0255688
2.67188 3.02549 0.0254923 0.0255688
2.71875 3.02262 0.022619 0.0227396
2.71875 3.02262 0.022619 0.0227396
2.76562 3.01995 0.0199493 0.0201289
2.76562 3.01995 0.0199493 0.0201289
2.8125 3.01757 0.0175681 0.0178237
2.8125 3.01757 0.0175681 0.0178237
2.85938 3.01556 0.0155635 0.0159126
2.85938 3.01556 0.0155635 0.0159126
2.90625 3.01402 0.0140189 0.0144781
2.90625 3.01402 0.0140189 0.0144781
2.95312 3.013 0.0130043 0.0135877
2.95312 3.013 0.0130043 0.0135877
3 3.01257 0.0125678 0.0132858
