# x y topography analytical topography
0 3.01004 0.0100415 0.0107358
0.046875 3.01058 0.0105831 0.0111178
0.046875 3.01058 0.0105831 0.0111178
0.09375 3.01184 0.0118433 0.012235
0.09375 3.01184 0.0118433 0.012235
0.140625 3.01373 0.0137346 0.0140063
0.140625 3.01373 0.0137346 0.0140063
0.1875 3.01614 0.0161368 0.0163143
0.1875 3.01614 0.0161368 0.0163143
0.234375 3.01892 0.0189172 0.0190259
0.234375 3.01892 0.0189172 0.0190259
0.28125 3.02195 0.0219498 0.0220113
0.28125 3.02195 0.0219498 0.0220113
0.328125 3.02513 0.025127 0.0251585
0.328125 3.02513 0.025127 0.0251585
0.375 3.02837 0.0283658 0.0283793
0.375 3.02837 0.0283658 0.0283793
0.421875 3.03161 0.0316063 0.0316097
0.421875 3.03161 0.0316063 0.0316097
0.46875 3.03481 0.0348081 0.0348061
0.46875 3.03481 0.0348081 0.0348061
0.515625 3.03794 0.0379447 0.0379399
0.515625 3.03794 0.0379447 0.0379399
0.5625 3.041 0.0409985 0.0409922
0.5625 3.041 0.0409985 0.0409922
0.609375 3.04396 0.0439573 0.04395
0.609375 3.04396 0.0439573 0.04395
0.65625 3.04681 0.0468116 0.0468037
0.65625 3.04681 0.0468116 0.0468037
0.703125 3.04955 0.0495537 0.0495453
0.703125 3.04955 0.0495537 0.0495453
0.75 3.05218 0.0521767 0.0521678
0.75 3.05218 0.0521767 0.0521678
0.796875 3.05467 0.054674 0.0546647
0.796875 3.05467 0.054674 0.0546647
0.84375 3.05704 0.0570396 0.0570299
0.84375 3.05704 0.0570396 0.0570299
0.890625 3.05927 0.0592678 0.0592578
0.890625 3.05927 0.0592678 0.0592578
0.9375 3.06135 0.0613533 0.0613428
0.9375 3.06135 0.0613533 0.0613428
0.984375 3.06329 0.0632909 0.0632801
0.984375 3.06329 0.0632909 0.0632801
1.03125 3.06508 0.065076 0.065065
1.03125 3.06508 0.065076 0.065065
1.07812 3.0667 0.0667044 0.0666931
1.07812 3.0667 0.0667044 0.0666931
1.125 3.06817 0.0681721 0.0681605
1.125 3.06817 0.0681721 0.0681605
1.17188 3.06948 0.0694755 0.0694637
1.17188 3.06948 0.0694755 0.0694637
1.21875 3.07061 0.0706116 0.0705996
1.21875 3.07061 0.0706116 0.0705996
1.26562 3.07158 0.0715776 0.0715654
1.26562 3.07158 0.0715776 0.0715654
1.3125 3.07237 0.0723711 0.0723588
1.3125 3.07237 0.0723711 0.0723588
1.35938 3.07299 0.0729903 0.0729779
1.35938 3.07299 0.0729903 0.0729779
1.40625 3.07343 0.0734336 0.0734211
1.40625 3.07343 0.0734336 0.0734211
1.45312 3.0737 0.0737001 0.0736875
1.45312 3.0737 0.0737001 0.0736875
1.5 3.07379 0.0737889 0.0737764
1.5 3.07379 0.0737889 0.0737764
1.54688 3.0737 0.0737001 0.0736875
1.54688 3.0737 0.0737001 0.0736875
1.59375 3.07343 0.0734336 0.0734211
1.59375 3.07343 0.0734336 0.0734211
1.64062 3.07299 0.0729903 0.0729779
1.64062 3.07299 0.0729903 0.0729779
1.6875 3.07237 0.0723711 0.0723588
1.6875 3.07237 0.0723711 0.0723588
1.73438 3.07158 0.0715776 0.0715654
1.73438 3.07158 0.0715776 0.0715654
1.78125 3.07061 0.0706116 0.0705996
1.78125 3.07061 0.0706116 0.0705996
1.82812 3.06948 0.0694755 0.0694637
1.82812 3.06948 0.0694755 0.0694637
1.875 3.06817 0.0681721 0.0681605
1.875 3.06817 0.0681721 0.0681605
1.92188 3.0667 0.0667044 0.0666931
1.92188 3.0667 0.0667044 0.0666931
1.96875 3.06508 0.065076 0.065065
1.96875 3.06508 0.065076 0.065065
2.01562 3.06329 0.0632909 0.0632801
2.01562 3.06329 0.0632909 0.0632801
2.0625 3.06135 0.0613533 0.0613428
2.0625 3.06135 0.0613533 0.0613428
2.10938 3.05927 0.0592678 0.0592578
2.10938 3.05927 0.0592678 0.0592578
2.15625 3.05704 0.0570396 0.0570299
2.15625 3.05704 0.0570396 0.0570299
2.20312 3.05467 0.054674 0.0546647
2.20312 3.05467 0.054674 0.0546647
2.25 3.05218 0.0521767 0.0521678
2.25 3.05218 0.0521767 0.0521678
2.29688 3.04955 0.0495537 0.0495453
2.29688 3.04955 0.0495537 0.0495453
2.34375 3.04681 0.0468116 0.0468037
2.34375 3.04681 0.0468116 0.0468037
2.39062 3.04396 0.0439573 0.04395
2.39062 3.04396 0.0439573 0.04395
2.4375 3.041 0.0409985 0.0409922
2.4375 3.041 0.0409985 0.0409922
2.48438 3.03794 0.0379447 0.0379399
2.48438 3.03794 0.0379447 0.0379399
2.53125 3.03481 0.0348081 0.0348061
2.53125 3.03481 0.0348081 0.0348061
2.57812 3.03161 0.0316063 0.0316097
2.57812 3.03161 0.0316063 0.0316097
2.625 3.02837 0.0283658 0.0283793
2.625 3.02837 0.0283658 0.0283793
2.67188 3.02513 0.025127 0.0251585
2.67188 3.02513 0.025127 0.0251585
2.71875 3.02195 0.0219498 0.0220113
2.71875 3.02195 0.0219498 0.0220113
2.76562 3.01892 0.0189172 0.0190259
2.76562 3.01892 0.0189172 0.0190259
2.8125 3.01614 0.0161368 0.0163143
2.8125 3.01614 0.0161368 0.0163143
2.85938 3.01373 0.0137346 0.0140063
2.85938 3.01373 0.0137346 0.0140063
2.90625 3.01184 0.0118433 0.012235
2.90625 3.01184 0.0118433 0.012235
2.95312 3.01058 0.0105831 0.0111178
2.95312 3.01058 0.0105831 0.0111178
3 3.01004 0.0100415 0.0107358
