# x y z topography
0 0 1.00055 0.000548814
100 0 1.00072 0.000715189
0 100 1.00079 0.000791725
100 100 1.00127 0.00126787
100 0 1.00072 0.000715189
200 0 1.0006 0.000602763
100 100 1.00127 0.00126787
200 100 1.00136 0.00136359
200 0 1.0006 0.000602763
300 0 1.00054 0.000544883
200 100 1.00136 0.00136359
300 100 1.00142 0.00142266
300 0 1.00054 0.000544883
400 0 1.00042 0.000423655
300 100 1.00142 0.00142266
400 100 1.00144 0.00143823
0 100 1.00079 0.000791725
100 100 1.00127 0.00126787
0 200 1.00098 0.000978618
100 200 1.00182 0.00182029
100 100 1.00127 0.00126787
200 100 1.00136 0.00136359
100 200 1.00182 0.00182029
200 200 1.00209 0.00209351
200 100 1.00136 0.00136359
300 100 1.00142 0.00142266
200 200 1.00209 0.00209351
300 200 1.00228 0.00228226
300 100 1.00142 0.00142266
400 100 1.00144 0.00143823
300 200 1.00228 0.00228226
400 200 1.00237 0.00236885
0 200 1.00098 0.000978618
100 200 1.00182 0.00182029
0 300 1.00026 0.000264556
100 300 1.00218 0.00217958
100 200 1.00182 0.00182029
200 200 1.00209 0.00209351
100 300 1.00218 0.00217958
200 300 1.00277 0.00277251
400 0 1.00042 0.000423655
500 0 1.00065 0.000645894
400 100 1.00144 0.00143823
500 100 1.00149 0.00148712
500 0 1.00065 0.000645894
600 0 1.00044 0.000437587
500 100 1.00149 0.00148712
600 100 1.00143 0.00143367
400 100 1.00144 0.00143823
500 100 1.00149 0.00148712
400 200 1.00237 0.00236885
500 200 1.00238 0.00238016
500 100 1.00149 0.00148712
600 100 1.00143 0.00143367
500 200 1.00238 0.00238016
600 200 1.00229 0.0022889
200 200 1.00209 0.00209351
300 200 1.00228 0.00228226
200 300 1.00277 0.00277251
300 300 1.00312 0.00312015
300 200 1.00228 0.00228226
400 200 1.00237 0.00236885
300 300 1.00312 0.00312015
400 300 1.00327 0.00327298
0 300 1.00026 0.000264556
100 300 1.00218 0.00217958
0 400 1.00036 0.000359508
100 400 1.00272 0.00271824
100 300 1.00218 0.00217958
200 300 1.00277 0.00277251
100 400 1.00272 0.00271824
200 400 1.00349 0.00349298
200 300 1.00277 0.00277251
300 300 1.00312 0.00312015
200 400 1.00349 0.00349298
300 400 1.00397 0.00396612
300 300 1.00312 0.00312015
400 300 1.00327 0.00327298
300 400 1.00397 0.00396612
400 400 1.00417 0.00417497
600 0 1.00044 0.000437587
700 0 1.00089 0.000891773
600 100 1.00143 0.00143367
700 100 1.00146 0.00145961
700 0 1.00089 0.000891773
800 0 1.00096 0.000963663
700 100 1.00146 0.00145961
800 100 1.00135 0.00134835
600 100 1.00143 0.00143367
700 100 1.00146 0.00145961
600 200 1.00229 0.0022889
700 200 1.0021 0.00209735
700 100 1.00146 0.00145961
800 100 1.00135 0.00134835
700 200 1.0021 0.00209735
800 200 1.00172 0.00171958
400 200 1.00237 0.00236885
500 200 1.00238 0.00238016
400 300 1.00327 0.00327298
500 300 1.00327 0.0032742
500 200 1.00238 0.00238016
600 200 1.00229 0.0022889
500 300 1.00327 0.0032742
600 300 1.00312 0.00312102
600 200 1.00229 0.0022889
700 200 1.0021 0.00209735
600 300 1.00312 0.00312102
700 300 1.00279 0.00278644
700 200 1.0021 0.00209735
800 200 1.00172 0.00171958
700 300 1.00279 0.00278644
800 300 1.00226 0.00225673
400 300 1.00327 0.00327298
500 300 1.00327 0.0032742
400 400 1.00417 0.00417497
500 400 1.00417 0.00416918
500 300 1.00327 0.0032742
600 300 1.00312 0.00312102
500 400 1.00417 0.00416918
600 400 1.00395 0.00394855
600 300 1.00312 0.00312102
700 300 1.00279 0.00278644
600 400 1.00395 0.00394855
700 400 1.00347 0.0034677
700 300 1.00279 0.00278644
800 300 1.00226 0.00225673
700 400 1.00347 0.0034677
800 400 1.0027 0.00269692
0 400 1.00036 0.000359508
100 400 1.00272 0.00271824
0 500 1.00057 0.000570197
100 500 1.00332 0.00331675
100 400 1.00272 0.00271824
200 400 1.00349 0.00349298
100 500 1.00332 0.00331675
200 500 1.00424 0.00424231
200 400 1.00349 0.00349298
300 400 1.00397 0.00396612
200 500 1.00424 0.00424231
300 500 1.00483 0.00482599
300 400 1.00397 0.00396612
400 400 1.00417 0.00417497
300 500 1.00483 0.00482599
400 500 1.00509 0.00508503
0 500 1.00057 0.000570197
100 500 1.00332 0.00331675
0 600 1.00016 0.00015897
100 600 1.00383 0.00383041
100 500 1.00332 0.00331675
200 500 1.00424 0.00424231
100 600 1.00383 0.00383041
200 600 1.00499 0.00499139
200 500 1.00424 0.00424231
300 500 1.00483 0.00482599
200 600 1.00499 0.00499139
300 600 1.0057 0.00569583
300 500 1.00483 0.00482599
400 500 1.00509 0.00508503
300 600 1.0057 0.00569583
400 600 1.00601 0.00600616
400 400 1.00417 0.00417497
500 400 1.00417 0.00416918
400 500 1.00509 0.00508503
500 500 1.00507 0.00507285
500 400 1.00417 0.00416918
600 400 1.00395 0.00394855
500 500 1.00507 0.00507285
600 500 1.00479 0.00478702
0 600 1.00016 0.00015897
100 600 1.00383 0.00383041
0 700 1.00098 0.000976459
100 700 1.00457 0.00456687
100 600 1.00383 0.00383041
200 600 1.00499 0.00499139
100 700 1.00457 0.00456687
200 700 1.00579 0.00578513
200 600 1.00499 0.00499139
300 600 1.0057 0.00569583
200 700 1.00579 0.00578513
300 700 1.00658 0.00658036
300 600 1.0057 0.00569583
400 600 1.00601 0.00600616
300 700 1.00658 0.00658036
400 700 1.00694 0.00693892
0 700 1.00098 0.000976459
100 700 1.00457 0.00456687
0 800 1.00032 0.000317983
100 800 1.00501 0.0050058
100 700 1.00457 0.00456687
200 700 1.00579 0.00578513
100 800 1.00501 0.0050058
200 800 1.00652 0.00651998
200 700 1.00579 0.00578513
300 700 1.00658 0.00658036
200 800 1.00652 0.00651998
300 800 1.00746 0.00745701
300 700 1.00658 0.00658036
400 700 1.00694 0.00693892
300 800 1.00746 0.00745701
400 800 1.00788 0.00787632
600 400 1.00395 0.00394855
700 400 1.00347 0.0034677
600 500 1.00479 0.00478702
700 500 1.00417 0.00416742
700 400 1.00347 0.0034677
800 400 1.0027 0.00269692
700 500 1.00417 0.00416742
800 500 1.00318 0.00317618
400 500 1.00509 0.00508503
500 500 1.00507 0.00507285
400 600 1.00601 0.00600616
500 600 1.00599 0.00599065
500 500 1.00507 0.00507285
600 500 1.00479 0.00478702
500 600 1.00599 0.00599065
600 600 1.00565 0.00564616
600 500 1.00479 0.00478702
700 500 1.00417 0.00416742
600 600 1.00565 0.00564616
700 600 1.0049 0.00489842
700 500 1.00417 0.00416742
800 500 1.00318 0.00317618
700 600 1.0049 0.00489842
800 600 1.00369 0.0036913
400 600 1.00601 0.00600616
500 600 1.00599 0.00599065
400 700 1.00694 0.00693892
500 700 1.00692 0.00692399
500 600 1.00599 0.00599065
600 600 1.00565 0.00564616
500 700 1.00692 0.00692399
600 700 1.00653 0.00653121
400 700 1.00694 0.00693892
500 700 1.00692 0.00692399
400 800 1.00788 0.00787632
500 800 1.00787 0.00786733
500 700 1.00692 0.00692399
600 700 1.00653 0.00653121
500 800 1.00787 0.00786733
600 800 1.00743 0.00743335
800 0 1.00096 0.000963663
900 0 1.00038 0.000383442
800 100 1.00135 0.00134835
900 100 1.00087 0.000870012
800 100 1.00135 0.00134835
900 100 1.00087 0.000870012
800 200 1.00172 0.00171958
900 200 1.00041 0.000414662
800 200 1.00172 0.00171958
900 200 1.00041 0.000414662
800 300 1.00226 0.00225673
900 300 1.00068 0.00068182
800 300 1.00226 0.00225673
900 300 1.00068 0.00068182
800 400 1.0027 0.00269692
900 400 1.00036 0.000363711
800 400 1.0027 0.00269692
900 400 1.00036 0.000363711
800 500 1.00318 0.00317618
900 500 1.00024 0.000244426
800 500 1.00318 0.00317618
900 500 1.00024 0.000244426
800 600 1.00369 0.0036913
900 600 1.0001 9.60984e-05
600 600 1.00565 0.00564616
700 600 1.0049 0.00489842
600 700 1.00653 0.00653121
700 700 1.00568 0.00567922
700 600 1.0049 0.00489842
800 600 1.00369 0.0036913
700 700 1.00568 0.00567922
800 700 1.00431 0.00430836
600 700 1.00653 0.00653121
700 700 1.00568 0.00567922
600 800 1.00743 0.00743335
700 800 1.0065 0.00649978
700 700 1.00568 0.00567922
800 700 1.00431 0.00430836
700 800 1.0065 0.00649978
800 800 1.00508 0.00507632
800 600 1.00369 0.0036913
900 600 1.0001 9.60984e-05
800 700 1.00431 0.00430836
900 700 1.00012 0.000118728
800 700 1.00431 0.00430836
900 700 1.00012 0.000118728
800 800 1.00508 0.00507632
900 800 1.00093 0.000929296
0 800 1.00032 0.000317983
100 800 1.00501 0.0050058
0 900 1.00032 0.000318569
100 900 1.00557 0.00556658
100 800 1.00501 0.0050058
200 800 1.00652 0.00651998
100 900 1.00557 0.00556658
200 900 1.00728 0.00727973
200 800 1.00652 0.00651998
300 800 1.00746 0.00745701
200 900 1.00728 0.00727973
300 900 1.00834 0.00834115
300 800 1.00746 0.00745701
400 800 1.00788 0.00787632
300 900 1.00834 0.00834115
400 900 1.00882 0.00881791
0 900 1.00032 0.000318569
100 900 1.00557 0.00556658
0 1000 1.00068 0.000677817
100 1000 1.00623 0.00622792
100 900 1.00557 0.00556658
200 900 1.00728 0.00727973
100 1000 1.00623 0.00622792
200 1000 1.00807 0.00806787
200 900 1.00728 0.00727973
300 900 1.00834 0.00834115
200 1000 1.00807 0.00806787
300 1000 1.00923 0.00923301
300 900 1.00834 0.00834115
400 900 1.00882 0.00881791
300 1000 1.00923 0.00923301
400 1000 1.00976 0.00976089
400 800 1.00788 0.00787632
500 800 1.00787 0.00786733
400 900 1.00882 0.00881791
500 900 1.00881 0.00881257
500 800 1.00787 0.00786733
600 800 1.00743 0.00743335
500 900 1.00881 0.00881257
600 900 1.00833 0.00832741
0 1000 1.00068 0.000677817
100 1000 1.00623 0.00622792
0 1100 1.00045 0.000447125
100 1100 1.00678 0.00678157
100 1000 1.00623 0.00622792
200 1000 1.00807 0.00806787
100 1100 1.00678 0.00678157
200 1100 1.00883 0.00883447
200 1000 1.00807 0.00806787
300 1000 1.00923 0.00923301
200 1100 1.00883 0.00883447
300 1100 1.01012 0.0101157
300 1000 1.00923 0.00923301
400 1000 1.00976 0.00976089
300 1100 1.01012 0.0101157
400 1100 1.01069 0.0106942
0 1100 1.00045 0.000447125
100 1100 1.00678 0.00678157
0 1200 1.00073 0.000725254
100 1200 1.00741 0.0074126
100 1100 1.00678 0.00678157
200 1100 1.00883 0.00883447
100 1200 1.00741 0.0074126
200 1200 1.0096 0.00959806
200 1100 1.00883 0.00883447
300 1100 1.01012 0.0101157
200 1200 1.0096 0.00959806
300 1200 1.01098 0.010978
300 1100 1.01012 0.0101157
400 1100 1.01069 0.0106942
300 1200 1.01098 0.010978
400 1200 1.0116 0.0116019
600 800 1.00743 0.00743335
700 800 1.0065 0.00649978
600 900 1.00833 0.00832741
700 900 1.00726 0.0072609
700 800 1.0065 0.00649978
800 800 1.00508 0.00507632
700 900 1.00726 0.0072609
800 900 1.00552 0.00551795
400 900 1.00882 0.00881791
500 900 1.00881 0.00881257
400 1000 1.00976 0.00976089
500 1000 1.00976 0.00975782
500 900 1.00881 0.00881257
600 900 1.00833 0.00832741
500 1000 1.00976 0.00975782
600 1000 1.00923 0.00922819
600 900 1.00833 0.00832741
700 900 1.00726 0.0072609
600 1000 1.00923 0.00922819
700 1000 1.00808 0.00807772
700 900 1.00726 0.0072609
800 900 1.00552 0.00551795
700 1000 1.00808 0.00807772
800 1000 1.0063 0.00629729
400 1000 1.00976 0.00976089
500 1000 1.00976 0.00975782
400 1100 1.01069 0.0106942
500 1100 1.01069 0.0106896
500 1000 1.00976 0.00975782
600 1000 1.00923 0.00922819
500 1100 1.01069 0.0106896
600 1100 1.0101 0.0101049
400 1100 1.01069 0.0106942
500 1100 1.01069 0.0106896
400 1200 1.0116 0.0116019
500 1200 1.01159 0.0115929
500 1100 1.01069 0.0106896
600 1100 1.0101 0.0101049
500 1200 1.01159 0.0115929
600 1200 1.01095 0.0109491
600 1000 1.00923 0.00922819
700 1000 1.00808 0.00807772
600 1100 1.0101 0.0101049
700 1100 1.00883 0.00882982
700 1000 1.00808 0.00807772
800 1000 1.0063 0.00629729
700 1100 1.00883 0.00882982
800 1100 1.00682 0.00682399
600 1100 1.0101 0.0101049
700 1100 1.00883 0.00882982
600 1200 1.01095 0.0109491
700 1200 1.00954 0.00953829
700 1100 1.00883 0.00882982
800 1100 1.00682 0.00682399
700 1200 1.00954 0.00953829
800 1200 1.00727 0.00727229
0 1200 1.00073 0.000725254
100 1200 1.00741 0.0074126
0 1300 1.00062 0.000618015
100 1300 1.00795 0.00794824
100 1200 1.00741 0.0074126
200 1200 1.0096 0.00959806
100 1300 1.00795 0.00794824
200 1300 1.0103 0.0103016
200 1200 1.0096 0.00959806
300 1200 1.01098 0.010978
200 1300 1.0103 0.0103016
300 1300 1.01178 0.01178
300 1200 1.01098 0.010978
400 1200 1.0116 0.0116019
300 1300 1.01178 0.01178
400 1300 1.01245 0.0124466
0 1300 1.00062 0.000618015
100 1300 1.00795 0.00794824
0 1400 1.0009 0.000896547
100 1400 1.00846 0.00845596
100 1300 1.00795 0.00794824
200 1300 1.0103 0.0103016
100 1400 1.00846 0.00845596
200 1400 1.0109 0.0108968
200 1300 1.0103 0.0103016
300 1300 1.01178 0.01178
200 1400 1.0109 0.0108968
300 1400 1.01245 0.0124481
300 1300 1.01178 0.01178
400 1300 1.01245 0.0124466
300 1400 1.01245 0.0124481
400 1400 1.01315 0.0131472
0 1400 1.0009 0.000896547
100 1400 1.00846 0.00845596
0 1500 1.00015 0.000149448
100 1500 1.00864 0.00864471
100 1400 1.00846 0.00845596
200 1400 1.0109 0.0108968
100 1500 1.00864 0.00864471
200 1500 1.01123 0.0112323
200 1400 1.0109 0.0108968
300 1400 1.01245 0.0124481
200 1500 1.01123 0.0112323
300 1500 1.01283 0.0128285
300 1400 1.01245 0.0124481
400 1400 1.01315 0.0131472
300 1500 1.01283 0.0128285
400 1500 1.01354 0.013538
0 1500 1.00015 0.000149448
100 1500 1.00864 0.00864471
0 1600 1.0007 0.000697429
100 1600 1.00885 0.00884553
100 1500 1.00864 0.00864471
200 1500 1.01123 0.0112323
100 1600 1.00885 0.00884553
200 1600 1.01119 0.01119
200 1500 1.01123 0.0112323
300 1500 1.01283 0.0128285
200 1600 1.01119 0.01119
300 1600 1.01268 0.012682
300 1500 1.01283 0.0128285
400 1500 1.01354 0.013538
300 1600 1.01268 0.012682
400 1600 1.01334 0.0133416
400 1200 1.0116 0.0116019
500 1200 1.01159 0.0115929
400 1300 1.01245 0.0124466
500 1300 1.01243 0.0124345
500 1200 1.01159 0.0115929
600 1200 1.01095 0.0109491
500 1300 1.01243 0.0124345
600 1300 1.01174 0.0117426
600 1200 1.01095 0.0109491
700 1200 1.00954 0.00953829
600 1300 1.01174 0.0117426
700 1300 1.01023 0.0102349
700 1200 1.00954 0.00953829
800 1200 1.00727 0.00727229
700 1300 1.01023 0.0102349
800 1300 1.00784 0.00783855
400 1300 1.01245 0.0124466
500 1300 1.01243 0.0124345
400 1400 1.01315 0.0131472
500 1400 1.01313 0.0131315
500 1300 1.01243 0.0124345
600 1300 1.01174 0.0117426
500 1400 1.01313 0.0131315
600 1400 1.0124 0.0124036
600 1300 1.01174 0.0117426
700 1300 1.01023 0.0102349
600 1400 1.0124 0.0124036
700 1400 1.01083 0.0108333
700 1300 1.01023 0.0102349
800 1300 1.00784 0.00783855
700 1400 1.01083 0.0108333
800 1400 1.00841 0.00840859
400 1400 1.01315 0.0131472
500 1400 1.01313 0.0131315
400 1500 1.01354 0.013538
500 1500 1.01351 0.0135149
500 1400 1.01313 0.0131315
600 1400 1.0124 0.0124036
500 1500 1.01351 0.0135149
600 1500 1.01276 0.0127626
800 800 1.00508 0.00507632
900 800 1.00093 0.000929296
800 900 1.00552 0.00551795
900 900 1 4.69548e-06
800 900 1.00552 0.00551795
900 900 1 4.69548e-06
800 1000 1.0063 0.00629729
900 1000 1.00095 0.000952749
800 1000 1.0063 0.00629729
900 1000 1.00095 0.000952749
800 1100 1.00682 0.00682399
900 1100 1.00069 0.000692532
800 1100 1.00682 0.00682399
900 1100 1.00069 0.000692532
800 1200 1.00727 0.00727229
900 1200 1.00029 0.000290078
600 1400 1.0124 0.0124036
700 1400 1.01083 0.0108333
600 1500 1.01276 0.0127626
700 1500 1.01113 0.0111318
700 1400 1.01083 0.0108333
800 1400 1.00841 0.00840859
700 1500 1.01113 0.0111318
800 1500 1.00852 0.00852289
400 1500 1.01354 0.013538
500 1500 1.01351 0.0135149
400 1600 1.01334 0.0133416
500 1600 1.01331 0.0133052
500 1500 1.01351 0.0135149
600 1500 1.01276 0.0127626
500 1600 1.01331 0.0133052
600 1600 1.01258 0.0125812
600 1500 1.01276 0.0127626
700 1500 1.01113 0.0111318
600 1600 1.01258 0.0125812
700 1600 1.01103 0.0110336
700 1500 1.01113 0.0111318
800 1500 1.00852 0.00852289
700 1600 1.01103 0.0110336
800 1600 1.00858 0.00858241
800 1200 1.00727 0.00727229
900 1200 1.00029 0.000290078
800 1300 1.00784 0.00783855
900 1300 1.00043 0.000431418
800 1300 1.00784 0.00783855
900 1300 1.00043 0.000431418
800 1400 1.00841 0.00840859
900 1400 1.001 0.000998847
800 1400 1.00841 0.00840859
900 1400 1.001 0.000998847
800 1500 1.00852 0.00852289
900 1500 1.00007 6.9167e-05
800 1500 1.00852 0.00852289
900 1500 1.00007 6.9167e-05
800 1600 1.00858 0.00858241
900 1600 1.00017 0.00017163
0 1600 1.0007 0.000697429
100 1600 1.00885 0.00884553
0 1700 1.00052 0.000521037
100 1700 1.00852 0.00851979
100 1600 1.00885 0.00884553
200 1600 1.01119 0.01119
100 1700 1.00852 0.00851979
200 1700 1.01044 0.0104357
0 1700 1.00052 0.000521037
100 1700 1.00852 0.00851979
0 1800 1.00016 0.000164694
100 1800 1.00767 0.00766526
100 1700 1.00852 0.00851979
200 1700 1.01044 0.0104357
100 1800 1.00767 0.00766526
200 1800 1.00883 0.00883147
0 1800 1.00016 0.000164694
100 1800 1.00767 0.00766526
0 1900 1.0004 0.000398221
100 1900 1.00021 0.000209844
100 1800 1.00767 0.00766526
200 1800 1.00883 0.00883147
100 1900 1.00021 0.000209844
200 1900 1.00019 0.000186193
200 1600 1.01119 0.01119
300 1600 1.01268 0.012682
200 1700 1.01044 0.0104357
300 1700 1.01169 0.011685
300 1600 1.01268 0.012682
400 1600 1.01334 0.0133416
300 1700 1.01169 0.011685
400 1700 1.01221 0.0122134
400 1600 1.01334 0.0133416
500 1600 1.01331 0.0133052
400 1700 1.01221 0.0122134
500 1700 1.01215 0.0121533
500 1600 1.01331 0.0133052
600 1600 1.01258 0.0125812
500 1700 1.01215 0.0121533
600 1700 1.01154 0.0115355
200 1700 1.01044 0.0104357
300 1700 1.01169 0.011685
200 1800 1.00883 0.00883147
300 1800 1.00973 0.00972629
300 1700 1.01169 0.011685
400 1700 1.01221 0.0122134
300 1800 1.00973 0.00972629
400 1800 1.01 0.0100037
400 1700 1.01221 0.0122134
500 1700 1.01215 0.0121533
400 1800 1.01 0.0100037
500 1800 1.00989 0.00988727
500 1700 1.01215 0.0121533
600 1700 1.01154 0.0115355
500 1800 1.00989 0.00988727
600 1800 1.00945 0.00945218
200 1800 1.00883 0.00883147
300 1800 1.00973 0.00972629
200 1900 1.00019 0.000186193
300 1900 1.00094 0.000944372
300 1800 1.00973 0.00972629
400 1800 1.01 0.0100037
300 1900 1.00094 0.000944372
400 1900 1.00074 0.000739551
600 1600 1.01258 0.0125812
700 1600 1.01103 0.0110336
600 1700 1.01154 0.0115355
700 1700 1.01027 0.0102683
700 1600 1.01103 0.0110336
800 1600 1.00858 0.00858241
700 1700 1.01027 0.0102683
800 1700 1.00827 0.00826748
800 1600 1.00858 0.00858241
900 1600 1.00017 0.00017163
800 1700 1.00827 0.00826748
900 1700 1.00003 3.18389e-05
600 1700 1.01154 0.0115355
700 1700 1.01027 0.0102683
600 1800 1.00945 0.00945218
700 1800 1.00872 0.00871564
700 1700 1.01027 0.0102683
800 1700 1.00827 0.00826748
700 1800 1.00872 0.00871564
800 1800 1.00757 0.00757252
800 1700 1.00827 0.00826748
900 1700 1.00003 3.18389e-05
800 1800 1.00757 0.00757252
900 1800 1.00031 0.000311945
400 1800 1.01 0.0100037
500 1800 1.00989 0.00988727
400 1900 1.00074 0.000739551
500 1900 1.00049 0.000490459
500 1800 1.00989 0.00988727
600 1800 1.00945 0.00945218
500 1900 1.00049 0.000490459
600 1900 1.00023 0.000227415
600 1800 1.00945 0.00945218
700 1800 1.00872 0.00871564
600 1900 1.00023 0.000227415
700 1900 1.00025 0.000254356
700 1800 1.00872 0.00871564
800 1800 1.00757 0.00757252
700 1900 1.00025 0.000254356
800 1900 1.00006 5.80292e-05
800 1800 1.00757 0.00757252
900 1800 1.00031 0.000311945
800 1900 1.00006 5.80292e-05
900 1900 1.00043 0.000434417
