# x y z topography
0 0 100 0
45 0 100 0
0 95 100 0
45 95 100 0
45 0 100 0
90 0 100 0
45 95 100 0
90 95 502.22 402.22
0 95 100 0
45 95 100 0
0 190 100 0
45 190 100 0
45 95 100 0
90 95 502.22 402.22
45 190 100 0
90 190 502.22 402.22
90 0 100 0
135 0 100 0
90 95 502.22 402.22
135 95 502.22 402.22
135 0 100 0
180 0 100 0
135 95 502.22 402.22
180 95 502.22 402.22
90 95 502.22 402.22
135 95 502.22 402.22
90 190 502.22 402.22
135 190 502.22 402.22
135 95 502.22 402.22
180 95 502.22 402.22
135 190 502.22 402.22
180 190 502.22 402.22
0 190 100 0
45 190 100 0
0 285 100 0
45 285 100 0
45 190 100 0
90 190 502.22 402.22
45 285 100 0
90 285 505.375 405.375
0 285 100 0
45 285 100 0
0 380 100 0
45 380 100 0
45 285 100 0
90 285 505.375 405.375
45 380 100 0
90 380 508.531 408.531
90 190 502.22 402.22
135 190 502.22 402.22
90 285 505.375 405.375
135 285 505.375 405.375
135 190 502.22 402.22
180 190 502.22 402.22
135 285 505.375 405.375
180 285 505.375 405.375
90 285 505.375 405.375
135 285 505.375 405.375
90 380 508.531 408.531
135 380 508.531 408.531
135 285 505.375 405.375
180 285 505.375 405.375
135 380 508.531 408.531
180 380 508.531 408.531
180 0 100 0
225 0 100 0
180 95 502.22 402.22
225 95 502.22 402.22
225 0 100 0
270 0 100 0
225 95 502.22 402.22
270 95 502.22 402.22
180 95 502.22 402.22
225 95 502.22 402.22
180 190 502.22 402.22
225 190 502.22 402.22
225 95 502.22 402.22
270 95 502.22 402.22
225 190 502.22 402.22
270 190 505.375 405.375
270 0 100 0
315 0 100 0
270 95 502.22 402.22
315 95 502.22 402.22
315 0 100 0
360 0 100 0
315 95 502.22 402.22
360 95 502.22 402.22
270 95 502.22 402.22
315 95 502.22 402.22
270 190 505.375 405.375
315 190 505.375 405.375
315 95 502.22 402.22
360 95 502.22 402.22
315 190 505.375 405.375
360 190 505.375 405.375
180 190 502.22 402.22
225 190 502.22 402.22
180 285 505.375 405.375
225 285 505.375 405.375
225 190 502.22 402.22
270 190 505.375 405.375
225 285 505.375 405.375
270 285 505.375 405.375
180 285 505.375 405.375
225 285 505.375 405.375
180 380 508.531 408.531
225 380 508.531 408.531
225 285 505.375 405.375
270 285 505.375 405.375
225 380 508.531 408.531
270 380 508.531 408.531
270 190 505.375 405.375
315 190 505.375 405.375
270 285 505.375 405.375
315 285 505.375 405.375
315 190 505.375 405.375
360 190 505.375 405.375
315 285 505.375 405.375
360 285 505.375 405.375
270 285 505.375 405.375
315 285 505.375 405.375
270 380 508.531 408.531
315 380 508.531 408.531
315 285 505.375 405.375
360 285 505.375 405.375
315 380 508.531 408.531
360 380 508.531 408.531
360 0 100 0
405 0 100 0
360 95 502.22 402.22
405 95 502.22 402.22
405 0 100 0
450 0 100 0
405 95 502.22 402.22
450 95 100 0
360 95 502.22 402.22
405 95 502.22 402.22
360 190 505.375 405.375
405 190 505.375 405.375
405 95 502.22 402.22
450 95 100 0
405 190 505.375 405.375
450 190 100 0
450 0 100 0
495 0 100 0
450 95 100 0
495 95 502.22 402.22
495 0 100 0
540 0 100 0
495 95 502.22 402.22
540 95 502.22 402.22
450 95 100 0
495 95 502.22 402.22
450 190 100 0
495 190 505.375 405.375
495 95 502.22 402.22
540 95 502.22 402.22
495 190 505.375 405.375
540 190 505.375 405.375
360 190 505.375 405.375
405 190 505.375 405.375
360 285 505.375 405.375
405 285 505.375 405.375
405 190 505.375 405.375
450 190 100 0
405 285 505.375 405.375
450 285 100 0
360 285 505.375 405.375
405 285 505.375 405.375
360 380 508.531 408.531
405 380 508.531 408.531
405 285 505.375 405.375
450 285 100 0
405 380 508.531 408.531
450 380 100 0
450 190 100 0
495 190 505.375 405.375
450 285 100 0
495 285 508.531 408.531
495 190 505.375 405.375
540 190 505.375 405.375
495 285 508.531 408.531
540 285 508.531 408.531
450 285 100 0
495 285 508.531 408.531
450 380 100 0
495 380 508.531 408.531
495 285 508.531 408.531
540 285 508.531 408.531
495 380 508.531 408.531
540 380 508.531 408.531
540 0 100 0
585 0 100 0
540 95 502.22 402.22
585 95 502.22 402.22
585 0 100 0
630 0 100 0
585 95 502.22 402.22
630 95 502.22 402.22
540 95 502.22 402.22
585 95 502.22 402.22
540 190 505.375 405.375
585 190 505.375 405.375
585 95 502.22 402.22
630 95 502.22 402.22
585 190 505.375 405.375
630 190 505.375 405.375
630 0 100 0
675 0 100 0
630 95 502.22 402.22
675 95 502.22 402.22
675 0 100 0
720 0 100 0
675 95 502.22 402.22
720 95 502.22 402.22
630 95 502.22 402.22
675 95 502.22 402.22
630 190 505.375 405.375
675 190 505.375 405.375
675 95 502.22 402.22
720 95 502.22 402.22
675 190 505.375 405.375
720 190 505.375 405.375
540 190 505.375 405.375
585 190 505.375 405.375
540 285 508.531 408.531
585 285 508.531 408.531
585 190 505.375 405.375
630 190 505.375 405.375
585 285 508.531 408.531
630 285 508.531 408.531
540 285 508.531 408.531
585 285 508.531 408.531
540 380 508.531 408.531
585 380 508.531 408.531
585 285 508.531 408.531
630 285 508.531 408.531
585 380 508.531 408.531
630 380 508.531 408.531
630 190 505.375 405.375
675 190 505.375 405.375
630 285 508.531 408.531
675 285 508.531 408.531
675 190 505.375 405.375
720 190 505.375 405.375
675 285 508.531 408.531
720 285 508.531 408.531
630 285 508.531 408.531
675 285 508.531 408.531
630 380 508.531 408.531
675 380 511.687 411.687
675 285 508.531 408.531
720 285 508.531 408.531
675 380 511.687 411.687
720 380 511.687 411.687
720 0 100 0
765 0 100 0
720 95 502.22 402.22
765 95 502.22 402.22
765 0 100 0
810 0 100 0
765 95 502.22 402.22
810 95 502.22 402.22
720 95 502.22 402.22
765 95 502.22 402.22
720 190 505.375 405.375
765 190 505.375 405.375
765 95 502.22 402.22
810 95 502.22 402.22
765 190 505.375 405.375
810 190 505.375 405.375
810 0 100 0
855 0 100 0
810 95 502.22 402.22
855 95 100 0
855 0 100 0
900 0 100 0
855 95 100 0
900 95 100 0
810 95 502.22 402.22
855 95 100 0
810 190 505.375 405.375
855 190 100 0
855 95 100 0
900 95 100 0
855 190 100 0
900 190 100 0
720 190 505.375 405.375
765 190 505.375 405.375
720 285 508.531 408.531
765 285 508.531 408.531
765 190 505.375 405.375
810 190 505.375 405.375
765 285 508.531 408.531
810 285 508.531 408.531
720 285 508.531 408.531
765 285 508.531 408.531
720 380 511.687 411.687
765 380 511.687 411.687
765 285 508.531 408.531
810 285 508.531 408.531
765 380 511.687 411.687
810 380 511.687 411.687
810 190 505.375 405.375
855 190 100 0
810 285 508.531 408.531
855 285 100 0
855 190 100 0
900 190 100 0
855 285 100 0
900 285 100 0
810 285 508.531 408.531
855 285 100 0
810 380 511.687 411.687
855 380 100 0
855 285 100 0
900 285 100 0
855 380 100 0
900 380 100 0
0 380 100 0
45 380 100 0
0 475 100 0
45 475 100 0
45 380 100 0
90 380 508.531 408.531
45 475 100 0
90 475 511.687 411.687
0 475 100 0
45 475 100 0
0 570 100 0
45 570 100 0
45 475 100 0
90 475 511.687 411.687
45 570 100 0
90 570 514.842 414.842
90 380 508.531 408.531
135 380 508.531 408.531
90 475 511.687 411.687
135 475 511.687 411.687
135 380 508.531 408.531
180 380 508.531 408.531
135 475 511.687 411.687
180 475 511.687 411.687
90 475 511.687 411.687
135 475 511.687 411.687
90 570 514.842 414.842
135 570 514.842 414.842
135 475 511.687 411.687
180 475 511.687 411.687
135 570 514.842 414.842
180 570 514.842 414.842
0 570 100 0
45 570 100 0
0 665 100 0
45 665 100 0
45 570 100 0
90 570 514.842 414.842
45 665 100 0
90 665 514.842 414.842
0 665 100 0
45 665 100 0
0 760 100 0
45 760 100 0
45 665 100 0
90 665 514.842 414.842
45 760 100 0
90 760 517.998 417.998
90 570 514.842 414.842
135 570 514.842 414.842
90 665 514.842 414.842
135 665 514.842 414.842
135 570 514.842 414.842
180 570 514.842 414.842
135 665 514.842 414.842
180 665 514.842 414.842
90 665 514.842 414.842
135 665 514.842 414.842
90 760 517.998 417.998
135 760 517.998 417.998
135 665 514.842 414.842
180 665 514.842 414.842
135 760 517.998 417.998
180 760 517.998 417.998
180 380 508.531 408.531
225 380 508.531 408.531
180 475 511.687 411.687
225 475 511.687 411.687
225 380 508.531 408.531
270 380 508.531 408.531
225 475 511.687 411.687
270 475 511.687 411.687
180 475 511.687 411.687
225 475 511.687 411.687
180 570 514.842 414.842
225 570 514.842 414.842
225 475 511.687 411.687
270 475 511.687 411.687
225 570 514.842 414.842
270 570 514.842 414.842
270 380 508.531 408.531
315 380 508.531 408.531
270 475 511.687 411.687
315 475 511.687 411.687
315 380 508.531 408.531
360 380 508.531 408.531
315 475 511.687 411.687
360 475 511.687 411.687
270 475 511.687 411.687
315 475 511.687 411.687
270 570 514.842 414.842
315 570 514.842 414.842
315 475 511.687 411.687
360 475 511.687 411.687
315 570 514.842 414.842
360 570 514.842 414.842
180 570 514.842 414.842
225 570 514.842 414.842
180 665 514.842 414.842
225 665 514.842 414.842
225 570 514.842 414.842
270 570 514.842 414.842
225 665 514.842 414.842
270 665 517.998 417.998
180 665 514.842 414.842
225 665 514.842 414.842
180 760 517.998 417.998
225 760 517.998 417.998
225 665 514.842 414.842
270 665 517.998 417.998
225 760 517.998 417.998
270 760 517.998 417.998
270 570 514.842 414.842
315 570 514.842 414.842
270 665 517.998 417.998
315 665 517.998 417.998
315 570 514.842 414.842
360 570 514.842 414.842
315 665 517.998 417.998
360 665 517.998 417.998
270 665 517.998 417.998
315 665 517.998 417.998
270 760 517.998 417.998
315 760 517.998 417.998
315 665 517.998 417.998
360 665 517.998 417.998
315 760 517.998 417.998
360 760 517.998 417.998
360 380 508.531 408.531
405 380 508.531 408.531
360 475 511.687 411.687
405 475 511.687 411.687
405 380 508.531 408.531
450 380 100 0
405 475 511.687 411.687
450 475 100 0
360 475 511.687 411.687
405 475 511.687 411.687
360 570 514.842 414.842
405 570 514.842 414.842
405 475 511.687 411.687
450 475 100 0
405 570 514.842 414.842
450 570 100 0
450 380 100 0
495 380 508.531 408.531
450 475 100 0
495 475 511.687 411.687
495 380 508.531 408.531
540 380 508.531 408.531
495 475 511.687 411.687
540 475 511.687 411.687
450 475 100 0
495 475 511.687 411.687
450 570 100 0
495 570 514.842 414.842
495 475 511.687 411.687
540 475 511.687 411.687
495 570 514.842 414.842
540 570 514.842 414.842
360 570 514.842 414.842
405 570 514.842 414.842
360 665 517.998 417.998
405 665 517.998 417.998
405 570 514.842 414.842
450 570 100 0
405 665 517.998 417.998
450 665 100 0
360 665 517.998 417.998
405 665 517.998 417.998
360 760 517.998 417.998
405 760 517.998 417.998
405 665 517.998 417.998
450 665 100 0
405 760 517.998 417.998
450 760 100 0
450 570 100 0
495 570 514.842 414.842
450 665 100 0
495 665 517.998 417.998
495 570 514.842 414.842
540 570 514.842 414.842
495 665 517.998 417.998
540 665 517.998 417.998
450 665 100 0
495 665 517.998 417.998
450 760 100 0
495 760 521.154 421.154
495 665 517.998 417.998
540 665 517.998 417.998
495 760 521.154 421.154
540 760 521.154 421.154
540 380 508.531 408.531
585 380 508.531 408.531
540 475 511.687 411.687
585 475 511.687 411.687
585 380 508.531 408.531
630 380 508.531 408.531
585 475 511.687 411.687
630 475 511.687 411.687
540 475 511.687 411.687
585 475 511.687 411.687
540 570 514.842 414.842
585 570 514.842 414.842
585 475 511.687 411.687
630 475 511.687 411.687
585 570 514.842 414.842
630 570 514.842 414.842
630 380 508.531 408.531
675 380 511.687 411.687
630 475 511.687 411.687
675 475 511.687 411.687
675 380 511.687 411.687
720 380 511.687 411.687
675 475 511.687 411.687
720 475 511.687 411.687
630 475 511.687 411.687
675 475 511.687 411.687
630 570 514.842 414.842
675 570 514.842 414.842
675 475 511.687 411.687
720 475 511.687 411.687
675 570 514.842 414.842
720 570 514.842 414.842
540 570 514.842 414.842
585 570 514.842 414.842
540 665 517.998 417.998
585 665 517.998 417.998
585 570 514.842 414.842
630 570 514.842 414.842
585 665 517.998 417.998
630 665 517.998 417.998
540 665 517.998 417.998
585 665 517.998 417.998
540 760 521.154 421.154
585 760 521.154 421.154
585 665 517.998 417.998
630 665 517.998 417.998
585 760 521.154 421.154
630 760 521.154 421.154
630 570 514.842 414.842
675 570 514.842 414.842
630 665 517.998 417.998
675 665 517.998 417.998
675 570 514.842 414.842
720 570 514.842 414.842
675 665 517.998 417.998
720 665 517.998 417.998
630 665 517.998 417.998
675 665 517.998 417.998
630 760 521.154 421.154
675 760 521.154 421.154
675 665 517.998 417.998
720 665 517.998 417.998
675 760 521.154 421.154
720 760 521.154 421.154
720 380 511.687 411.687
765 380 511.687 411.687
720 475 511.687 411.687
765 475 511.687 411.687
765 380 511.687 411.687
810 380 511.687 411.687
765 475 511.687 411.687
810 475 511.687 411.687
720 475 511.687 411.687
765 475 511.687 411.687
720 570 514.842 414.842
765 570 514.842 414.842
765 475 511.687 411.687
810 475 511.687 411.687
765 570 514.842 414.842
810 570 514.842 414.842
810 380 511.687 411.687
855 380 100 0
810 475 511.687 411.687
855 475 100 0
855 380 100 0
900 380 100 0
855 475 100 0
900 475 100 0
810 475 511.687 411.687
855 475 100 0
810 570 514.842 414.842
855 570 100 0
855 475 100 0
900 475 100 0
855 570 100 0
900 570 100 0
720 570 514.842 414.842
765 570 514.842 414.842
720 665 517.998 417.998
765 665 517.998 417.998
765 570 514.842 414.842
810 570 514.842 414.842
765 665 517.998 417.998
810 665 517.998 417.998
720 665 517.998 417.998
765 665 517.998 417.998
720 760 521.154 421.154
765 760 521.154 421.154
765 665 517.998 417.998
810 665 517.998 417.998
765 760 521.154 421.154
810 760 521.154 421.154
810 570 514.842 414.842
855 570 100 0
810 665 517.998 417.998
855 665 100 0
855 570 100 0
900 570 100 0
855 665 100 0
900 665 100 0
810 665 517.998 417.998
855 665 100 0
810 760 521.154 421.154
855 760 100 0
855 665 100 0
900 665 100 0
855 760 100 0
900 760 100 0
0 760 100 0
45 760 100 0
0 855 100 0
45 855 100 0
45 760 100 0
90 760 517.998 417.998
45 855 100 0
90 855 521.154 421.154
0 855 100 0
45 855 100 0
0 950 100 0
45 950 100 0
45 855 100 0
90 855 521.154 421.154
45 950 100 0
90 950 524.31 424.31
90 760 517.998 417.998
135 760 517.998 417.998
90 855 521.154 421.154
135 855 521.154 421.154
135 760 517.998 417.998
180 760 517.998 417.998
135 855 521.154 421.154
180 855 521.154 421.154
90 855 521.154 421.154
135 855 521.154 421.154
90 950 524.31 424.31
135 950 521.154 421.154
135 855 521.154 421.154
180 855 521.154 421.154
135 950 521.154 421.154
180 950 524.31 424.31
0 950 100 0
45 950 100 0
0 1045 100 0
45 1045 100 0
45 950 100 0
90 950 524.31 424.31
45 1045 100 0
90 1045 524.31 424.31
0 1045 100 0
45 1045 100 0
0 1140 100 0
45 1140 100 0
45 1045 100 0
90 1045 524.31 424.31
45 1140 100 0
90 1140 527.465 427.465
90 950 524.31 424.31
135 950 521.154 421.154
90 1045 524.31 424.31
135 1045 524.31 424.31
135 950 521.154 421.154
180 950 524.31 424.31
135 1045 524.31 424.31
180 1045 524.31 424.31
90 1045 524.31 424.31
135 1045 524.31 424.31
90 1140 527.465 427.465
135 1140 527.465 427.465
135 1045 524.31 424.31
180 1045 524.31 424.31
135 1140 527.465 427.465
180 1140 527.465 427.465
180 760 517.998 417.998
225 760 517.998 417.998
180 855 521.154 421.154
225 855 521.154 421.154
225 760 517.998 417.998
270 760 517.998 417.998
225 855 521.154 421.154
270 855 521.154 421.154
180 855 521.154 421.154
225 855 521.154 421.154
180 950 524.31 424.31
225 950 521.154 421.154
225 855 521.154 421.154
270 855 521.154 421.154
225 950 521.154 421.154
270 950 524.31 424.31
270 760 517.998 417.998
315 760 517.998 417.998
270 855 521.154 421.154
315 855 521.154 421.154
315 760 517.998 417.998
360 760 517.998 417.998
315 855 521.154 421.154
360 855 521.154 421.154
270 855 521.154 421.154
315 855 521.154 421.154
270 950 524.31 424.31
315 950 524.31 424.31
315 855 521.154 421.154
360 855 521.154 421.154
315 950 524.31 424.31
360 950 524.31 424.31
180 950 524.31 424.31
225 950 521.154 421.154
180 1045 524.31 424.31
225 1045 524.31 424.31
225 950 521.154 421.154
270 950 524.31 424.31
225 1045 524.31 424.31
270 1045 524.31 424.31
180 1045 524.31 424.31
225 1045 524.31 424.31
180 1140 527.465 427.465
225 1140 527.465 427.465
225 1045 524.31 424.31
270 1045 524.31 424.31
225 1140 527.465 427.465
270 1140 527.465 427.465
270 950 524.31 424.31
315 950 524.31 424.31
270 1045 524.31 424.31
315 1045 524.31 424.31
315 950 524.31 424.31
360 950 524.31 424.31
315 1045 524.31 424.31
360 1045 524.31 424.31
270 1045 524.31 424.31
315 1045 524.31 424.31
270 1140 527.465 427.465
315 1140 527.465 427.465
315 1045 524.31 424.31
360 1045 524.31 424.31
315 1140 527.465 427.465
360 1140 527.465 427.465
360 760 517.998 417.998
405 760 517.998 417.998
360 855 521.154 421.154
405 855 521.154 421.154
405 760 517.998 417.998
450 760 100 0
405 855 521.154 421.154
450 855 100 0
360 855 521.154 421.154
405 855 521.154 421.154
360 950 524.31 424.31
405 950 524.31 424.31
405 855 521.154 421.154
450 855 100 0
405 950 524.31 424.31
450 950 100 0
450 760 100 0
495 760 521.154 421.154
450 855 100 0
495 855 521.154 421.154
495 760 521.154 421.154
540 760 521.154 421.154
495 855 521.154 421.154
540 855 521.154 421.154
450 855 100 0
495 855 521.154 421.154
450 950 100 0
495 950 524.31 424.31
495 855 521.154 421.154
540 855 521.154 421.154
495 950 524.31 424.31
540 950 521.154 421.154
360 950 524.31 424.31
405 950 524.31 424.31
360 1045 524.31 424.31
405 1045 524.31 424.31
405 950 524.31 424.31
450 950 100 0
405 1045 524.31 424.31
450 1045 100 0
360 1045 524.31 424.31
405 1045 524.31 424.31
360 1140 527.465 427.465
405 1140 527.465 427.465
405 1045 524.31 424.31
450 1045 100 0
405 1140 527.465 427.465
450 1140 100 0
450 950 100 0
495 950 524.31 424.31
450 1045 100 0
495 1045 524.31 424.31
495 950 524.31 424.31
540 950 521.154 421.154
495 1045 524.31 424.31
540 1045 524.31 424.31
450 1045 100 0
495 1045 524.31 424.31
450 1140 100 0
495 1140 527.465 427.465
495 1045 524.31 424.31
540 1045 524.31 424.31
495 1140 527.465 427.465
540 1140 527.465 427.465
540 760 521.154 421.154
585 760 521.154 421.154
540 855 521.154 421.154
585 855 521.154 421.154
585 760 521.154 421.154
630 760 521.154 421.154
585 855 521.154 421.154
630 855 521.154 421.154
540 855 521.154 421.154
585 855 521.154 421.154
540 950 521.154 421.154
585 950 524.31 424.31
585 855 521.154 421.154
630 855 521.154 421.154
585 950 524.31 424.31
630 950 521.154 421.154
630 760 521.154 421.154
675 760 521.154 421.154
630 855 521.154 421.154
675 855 524.31 424.31
675 760 521.154 421.154
720 760 521.154 421.154
675 855 524.31 424.31
720 855 524.31 424.31
630 855 521.154 421.154
675 855 524.31 424.31
630 950 521.154 421.154
675 950 524.31 424.31
675 855 524.31 424.31
720 855 524.31 424.31
675 950 524.31 424.31
720 950 524.31 424.31
540 950 521.154 421.154
585 950 524.31 424.31
540 1045 524.31 424.31
585 1045 524.31 424.31
585 950 524.31 424.31
630 950 521.154 421.154
585 1045 524.31 424.31
630 1045 524.31 424.31
540 1045 524.31 424.31
585 1045 524.31 424.31
540 1140 527.465 427.465
585 1140 527.465 427.465
585 1045 524.31 424.31
630 1045 524.31 424.31
585 1140 527.465 427.465
630 1140 527.465 427.465
630 950 521.154 421.154
675 950 524.31 424.31
630 1045 524.31 424.31
675 1045 524.31 424.31
675 950 524.31 424.31
720 950 524.31 424.31
675 1045 524.31 424.31
720 1045 524.31 424.31
630 1045 524.31 424.31
675 1045 524.31 424.31
630 1140 527.465 427.465
675 1140 527.465 427.465
675 1045 524.31 424.31
720 1045 524.31 424.31
675 1140 527.465 427.465
720 1140 527.465 427.465
720 760 521.154 421.154
765 760 521.154 421.154
720 855 524.31 424.31
765 855 524.31 424.31
765 760 521.154 421.154
810 760 521.154 421.154
765 855 524.31 424.31
810 855 524.31 424.31
720 855 524.31 424.31
765 855 524.31 424.31
720 950 524.31 424.31
765 950 524.31 424.31
765 855 524.31 424.31
810 855 524.31 424.31
765 950 524.31 424.31
810 950 524.31 424.31
810 760 521.154 421.154
855 760 100 0
810 855 524.31 424.31
855 855 100 0
855 760 100 0
900 760 100 0
855 855 100 0
900 855 100 0
810 855 524.31 424.31
855 855 100 0
810 950 524.31 424.31
855 950 100 0
855 855 100 0
900 855 100 0
855 950 100 0
900 950 100 0
720 950 524.31 424.31
765 950 524.31 424.31
720 1045 524.31 424.31
765 1045 524.31 424.31
765 950 524.31 424.31
810 950 524.31 424.31
765 1045 524.31 424.31
810 1045 524.31 424.31
720 1045 524.31 424.31
765 1045 524.31 424.31
720 1140 527.465 427.465
765 1140 527.465 427.465
765 1045 524.31 424.31
810 1045 524.31 424.31
765 1140 527.465 427.465
810 1140 527.465 427.465
810 950 524.31 424.31
855 950 100 0
810 1045 524.31 424.31
855 1045 100 0
855 950 100 0
900 950 100 0
855 1045 100 0
900 1045 100 0
810 1045 524.31 424.31
855 1045 100 0
810 1140 527.465 427.465
855 1140 100 0
855 1045 100 0
900 1045 100 0
855 1140 100 0
900 1140 100 0
0 1140 100 0
45 1140 100 0
0 1235 100 0
45 1235 100 0
45 1140 100 0
90 1140 527.465 427.465
45 1235 100 0
90 1235 527.465 427.465
0 1235 100 0
45 1235 100 0
0 1330 100 0
45 1330 100 0
45 1235 100 0
90 1235 527.465 427.465
45 1330 100 0
90 1330 530.621 430.621
90 1140 527.465 427.465
135 1140 527.465 427.465
90 1235 527.465 427.465
135 1235 527.465 427.465
135 1140 527.465 427.465
180 1140 527.465 427.465
135 1235 527.465 427.465
180 1235 527.465 427.465
90 1235 527.465 427.465
135 1235 527.465 427.465
90 1330 530.621 430.621
135 1330 530.621 430.621
135 1235 527.465 427.465
180 1235 527.465 427.465
135 1330 530.621 430.621
180 1330 530.621 430.621
0 1330 100 0
45 1330 100 0
0 1425 100 0
45 1425 100 0
45 1330 100 0
90 1330 530.621 430.621
45 1425 100 0
90 1425 533.777 433.777
0 1425 100 0
45 1425 100 0
0 1520 100 0
45 1520 100 0
45 1425 100 0
90 1425 533.777 433.777
45 1520 100 0
90 1520 536.932 436.932
90 1330 530.621 430.621
135 1330 530.621 430.621
90 1425 533.777 433.777
135 1425 533.777 433.777
135 1330 530.621 430.621
180 1330 530.621 430.621
135 1425 533.777 433.777
180 1425 533.777 433.777
90 1425 533.777 433.777
135 1425 533.777 433.777
90 1520 536.932 436.932
135 1520 536.932 436.932
135 1425 533.777 433.777
180 1425 533.777 433.777
135 1520 536.932 436.932
180 1520 536.932 436.932
180 1140 527.465 427.465
225 1140 527.465 427.465
180 1235 527.465 427.465
225 1235 527.465 427.465
225 1140 527.465 427.465
270 1140 527.465 427.465
225 1235 527.465 427.465
270 1235 530.621 430.621
180 1235 527.465 427.465
225 1235 527.465 427.465
180 1330 530.621 430.621
225 1330 530.621 430.621
225 1235 527.465 427.465
270 1235 530.621 430.621
225 1330 530.621 430.621
270 1330 530.621 430.621
270 1140 527.465 427.465
315 1140 527.465 427.465
270 1235 530.621 430.621
315 1235 530.621 430.621
315 1140 527.465 427.465
360 1140 527.465 427.465
315 1235 530.621 430.621
360 1235 530.621 430.621
270 1235 530.621 430.621
315 1235 530.621 430.621
270 1330 530.621 430.621
315 1330 530.621 430.621
315 1235 530.621 430.621
360 1235 530.621 430.621
315 1330 530.621 430.621
360 1330 530.621 430.621
180 1330 530.621 430.621
225 1330 530.621 430.621
180 1425 533.777 433.777
225 1425 533.777 433.777
225 1330 530.621 430.621
270 1330 530.621 430.621
225 1425 533.777 433.777
270 1425 533.777 433.777
180 1425 533.777 433.777
225 1425 533.777 433.777
180 1520 536.932 436.932
225 1520 536.932 436.932
225 1425 533.777 433.777
270 1425 533.777 433.777
225 1520 536.932 436.932
270 1520 536.932 436.932
270 1330 530.621 430.621
315 1330 530.621 430.621
270 1425 533.777 433.777
315 1425 533.777 433.777
315 1330 530.621 430.621
360 1330 530.621 430.621
315 1425 533.777 433.777
360 1425 533.777 433.777
270 1425 533.777 433.777
315 1425 533.777 433.777
270 1520 536.932 436.932
315 1520 536.932 436.932
315 1425 533.777 433.777
360 1425 533.777 433.777
315 1520 536.932 436.932
360 1520 536.932 436.932
360 1140 527.465 427.465
405 1140 527.465 427.465
360 1235 530.621 430.621
405 1235 530.621 430.621
405 1140 527.465 427.465
450 1140 100 0
405 1235 530.621 430.621
450 1235 100 0
360 1235 530.621 430.621
405 1235 530.621 430.621
360 1330 530.621 430.621
405 1330 530.621 430.621
405 1235 530.621 430.621
450 1235 100 0
405 1330 530.621 430.621
450 1330 100 0
450 1140 100 0
495 1140 527.465 427.465
450 1235 100 0
495 1235 530.621 430.621
495 1140 527.465 427.465
540 1140 527.465 427.465
495 1235 530.621 430.621
540 1235 530.621 430.621
450 1235 100 0
495 1235 530.621 430.621
450 1330 100 0
495 1330 533.777 433.777
495 1235 530.621 430.621
540 1235 530.621 430.621
495 1330 533.777 433.777
540 1330 533.777 433.777
360 1330 530.621 430.621
405 1330 530.621 430.621
360 1425 533.777 433.777
405 1425 533.777 433.777
405 1330 530.621 430.621
450 1330 100 0
405 1425 533.777 433.777
450 1425 100 0
360 1425 533.777 433.777
405 1425 533.777 433.777
360 1520 536.932 436.932
405 1520 536.932 436.932
405 1425 533.777 433.777
450 1425 100 0
405 1520 536.932 436.932
450 1520 100 0
450 1330 100 0
495 1330 533.777 433.777
450 1425 100 0
495 1425 533.777 433.777
495 1330 533.777 433.777
540 1330 533.777 433.777
495 1425 533.777 433.777
540 1425 533.777 433.777
450 1425 100 0
495 1425 533.777 433.777
450 1520 100 0
495 1520 536.932 436.932
495 1425 533.777 433.777
540 1425 533.777 433.777
495 1520 536.932 436.932
540 1520 536.932 436.932
540 1140 527.465 427.465
585 1140 527.465 427.465
540 1235 530.621 430.621
585 1235 530.621 430.621
585 1140 527.465 427.465
630 1140 527.465 427.465
585 1235 530.621 430.621
630 1235 530.621 430.621
540 1235 530.621 430.621
585 1235 530.621 430.621
540 1330 533.777 433.777
585 1330 533.777 433.777
585 1235 530.621 430.621
630 1235 530.621 430.621
585 1330 533.777 433.777
630 1330 533.777 433.777
630 1140 527.465 427.465
675 1140 527.465 427.465
630 1235 530.621 430.621
675 1235 530.621 430.621
675 1140 527.465 427.465
720 1140 527.465 427.465
675 1235 530.621 430.621
720 1235 530.621 430.621
630 1235 530.621 430.621
675 1235 530.621 430.621
630 1330 533.777 433.777
675 1330 533.777 433.777
675 1235 530.621 430.621
720 1235 530.621 430.621
675 1330 533.777 433.777
720 1330 533.777 433.777
540 1330 533.777 433.777
585 1330 533.777 433.777
540 1425 533.777 433.777
585 1425 533.777 433.777
585 1330 533.777 433.777
630 1330 533.777 433.777
585 1425 533.777 433.777
630 1425 533.777 433.777
540 1425 533.777 433.777
585 1425 533.777 433.777
540 1520 536.932 436.932
585 1520 536.932 436.932
585 1425 533.777 433.777
630 1425 533.777 433.777
585 1520 536.932 436.932
630 1520 536.932 436.932
630 1330 533.777 433.777
675 1330 533.777 433.777
630 1425 533.777 433.777
675 1425 536.932 436.932
675 1330 533.777 433.777
720 1330 533.777 433.777
675 1425 536.932 436.932
720 1425 536.932 436.932
630 1425 533.777 433.777
675 1425 536.932 436.932
630 1520 536.932 436.932
675 1520 536.932 436.932
675 1425 536.932 436.932
720 1425 536.932 436.932
675 1520 536.932 436.932
720 1520 536.932 436.932
720 1140 527.465 427.465
765 1140 527.465 427.465
720 1235 530.621 430.621
765 1235 530.621 430.621
765 1140 527.465 427.465
810 1140 527.465 427.465
765 1235 530.621 430.621
810 1235 530.621 430.621
720 1235 530.621 430.621
765 1235 530.621 430.621
720 1330 533.777 433.777
765 1330 533.777 433.777
765 1235 530.621 430.621
810 1235 530.621 430.621
765 1330 533.777 433.777
810 1330 533.777 433.777
810 1140 527.465 427.465
855 1140 100 0
810 1235 530.621 430.621
855 1235 100 0
855 1140 100 0
900 1140 100 0
855 1235 100 0
900 1235 100 0
810 1235 530.621 430.621
855 1235 100 0
810 1330 533.777 433.777
855 1330 100 0
855 1235 100 0
900 1235 100 0
855 1330 100 0
900 1330 100 0
720 1330 533.777 433.777
765 1330 533.777 433.777
720 1425 536.932 436.932
765 1425 536.932 436.932
765 1330 533.777 433.777
810 1330 533.777 433.777
765 1425 536.932 436.932
810 1425 536.932 436.932
720 1425 536.932 436.932
765 1425 536.932 436.932
720 1520 536.932 436.932
765 1520 536.932 436.932
765 1425 536.932 436.932
810 1425 536.932 436.932
765 1520 536.932 436.932
810 1520 536.932 436.932
810 1330 533.777 433.777
855 1330 100 0
810 1425 536.932 436.932
855 1425 100 0
855 1330 100 0
900 1330 100 0
855 1425 100 0
900 1425 100 0
810 1425 536.932 436.932
855 1425 100 0
810 1520 536.932 436.932
855 1520 100 0
855 1425 100 0
900 1425 100 0
855 1520 100 0
900 1520 100 0
0 1520 100 0
45 1520 100 0
0 1615 100 0
45 1615 100 0
45 1520 100 0
90 1520 536.932 436.932
45 1615 100 0
90 1615 540.088 440.088
0 1615 100 0
45 1615 100 0
0 1710 100 0
45 1710 100 0
45 1615 100 0
90 1615 540.088 440.088
45 1710 100 0
90 1710 540.088 440.088
90 1520 536.932 436.932
135 1520 536.932 436.932
90 1615 540.088 440.088
135 1615 540.088 440.088
135 1520 536.932 436.932
180 1520 536.932 436.932
135 1615 540.088 440.088
180 1615 540.088 440.088
90 1615 540.088 440.088
135 1615 540.088 440.088
90 1710 540.088 440.088
135 1710 540.088 440.088
135 1615 540.088 440.088
180 1615 540.088 440.088
135 1710 540.088 440.088
180 1710 540.088 440.088
0 1710 100 0
45 1710 100 0
0 1805 100 0
45 1805 100 0
45 1710 100 0
90 1710 540.088 440.088
45 1805 100 0
90 1805 543.244 443.244
0 1805 100 0
45 1805 100 0
0 1900 100 0
45 1900 100 0
45 1805 100 0
90 1805 543.244 443.244
45 1900 100 0
90 1900 100 0
90 1710 540.088 440.088
135 1710 540.088 440.088
90 1805 543.244 443.244
135 1805 543.244 443.244
135 1710 540.088 440.088
180 1710 540.088 440.088
135 1805 543.244 443.244
180 1805 543.244 443.244
90 1805 543.244 443.244
135 1805 543.244 443.244
90 1900 100 0
135 1900 100 0
135 1805 543.244 443.244
180 1805 543.244 443.244
135 1900 100 0
180 1900 100 0
180 1520 536.932 436.932
225 1520 536.932 436.932
180 1615 540.088 440.088
225 1615 540.088 440.088
225 1520 536.932 436.932
270 1520 536.932 436.932
225 1615 540.088 440.088
270 1615 540.088 440.088
180 1615 540.088 440.088
225 1615 540.088 440.088
180 1710 540.088 440.088
225 1710 540.088 440.088
225 1615 540.088 440.088
270 1615 540.088 440.088
225 1710 540.088 440.088
270 1710 543.244 443.244
270 1520 536.932 436.932
315 1520 536.932 436.932
270 1615 540.088 440.088
315 1615 540.088 440.088
315 1520 536.932 436.932
360 1520 536.932 436.932
315 1615 540.088 440.088
360 1615 540.088 440.088
270 1615 540.088 440.088
315 1615 540.088 440.088
270 1710 543.244 443.244
315 1710 543.244 443.244
315 1615 540.088 440.088
360 1615 540.088 440.088
315 1710 543.244 443.244
360 1710 543.244 443.244
180 1710 540.088 440.088
225 1710 540.088 440.088
180 1805 543.244 443.244
225 1805 543.244 443.244
225 1710 540.088 440.088
270 1710 543.244 443.244
225 1805 543.244 443.244
270 1805 543.244 443.244
180 1805 543.244 443.244
225 1805 543.244 443.244
180 1900 100 0
225 1900 100 0
225 1805 543.244 443.244
270 1805 543.244 443.244
225 1900 100 0
270 1900 100 0
270 1710 543.244 443.244
315 1710 543.244 443.244
270 1805 543.244 443.244
315 1805 543.244 443.244
315 1710 543.244 443.244
360 1710 543.244 443.244
315 1805 543.244 443.244
360 1805 543.244 443.244
270 1805 543.244 443.244
315 1805 543.244 443.244
270 1900 100 0
315 1900 100 0
315 1805 543.244 443.244
360 1805 543.244 443.244
315 1900 100 0
360 1900 100 0
360 1520 536.932 436.932
405 1520 536.932 436.932
360 1615 540.088 440.088
405 1615 540.088 440.088
405 1520 536.932 436.932
450 1520 100 0
405 1615 540.088 440.088
450 1615 100 0
360 1615 540.088 440.088
405 1615 540.088 440.088
360 1710 543.244 443.244
405 1710 543.244 443.244
405 1615 540.088 440.088
450 1615 100 0
405 1710 543.244 443.244
450 1710 100 0
450 1520 100 0
495 1520 536.932 436.932
450 1615 100 0
495 1615 540.088 440.088
495 1520 536.932 436.932
540 1520 536.932 436.932
495 1615 540.088 440.088
540 1615 540.088 440.088
450 1615 100 0
495 1615 540.088 440.088
450 1710 100 0
495 1710 543.244 443.244
495 1615 540.088 440.088
540 1615 540.088 440.088
495 1710 543.244 443.244
540 1710 543.244 443.244
360 1710 543.244 443.244
405 1710 543.244 443.244
360 1805 543.244 443.244
405 1805 543.244 443.244
405 1710 543.244 443.244
450 1710 100 0
405 1805 543.244 443.244
450 1805 100 0
360 1805 543.244 443.244
405 1805 543.244 443.244
360 1900 100 0
405 1900 100 0
405 1805 543.244 443.244
450 1805 100 0
405 1900 100 0
450 1900 100 0
450 1710 100 0
495 1710 543.244 443.244
450 1805 100 0
495 1805 546.399 446.399
495 1710 543.244 443.244
540 1710 543.244 443.244
495 1805 546.399 446.399
540 1805 546.399 446.399
450 1805 100 0
495 1805 546.399 446.399
450 1900 100 0
495 1900 100 0
495 1805 546.399 446.399
540 1805 546.399 446.399
495 1900 100 0
540 1900 100 0
540 1520 536.932 436.932
585 1520 536.932 436.932
540 1615 540.088 440.088
585 1615 540.088 440.088
585 1520 536.932 436.932
630 1520 536.932 436.932
585 1615 540.088 440.088
630 1615 540.088 440.088
540 1615 540.088 440.088
585 1615 540.088 440.088
540 1710 543.244 443.244
585 1710 543.244 443.244
585 1615 540.088 440.088
630 1615 540.088 440.088
585 1710 543.244 443.244
630 1710 543.244 443.244
630 1520 536.932 436.932
675 1520 536.932 436.932
630 1615 540.088 440.088
675 1615 540.088 440.088
675 1520 536.932 436.932
720 1520 536.932 436.932
675 1615 540.088 440.088
720 1615 540.088 440.088
630 1615 540.088 440.088
675 1615 540.088 440.088
630 1710 543.244 443.244
675 1710 543.244 443.244
675 1615 540.088 440.088
720 1615 540.088 440.088
675 1710 543.244 443.244
720 1710 543.244 443.244
540 1710 543.244 443.244
585 1710 543.244 443.244
540 1805 546.399 446.399
585 1805 546.399 446.399
585 1710 543.244 443.244
630 1710 543.244 443.244
585 1805 546.399 446.399
630 1805 546.399 446.399
540 1805 546.399 446.399
585 1805 546.399 446.399
540 1900 100 0
585 1900 100 0
585 1805 546.399 446.399
630 1805 546.399 446.399
585 1900 100 0
630 1900 100 0
630 1710 543.244 443.244
675 1710 543.244 443.244
630 1805 546.399 446.399
675 1805 546.399 446.399
675 1710 543.244 443.244
720 1710 543.244 443.244
675 1805 546.399 446.399
720 1805 546.399 446.399
630 1805 546.399 446.399
675 1805 546.399 446.399
630 1900 100 0
675 1900 100 0
675 1805 546.399 446.399
720 1805 546.399 446.399
675 1900 100 0
720 1900 100 0
720 1520 536.932 436.932
765 1520 536.932 436.932
720 1615 540.088 440.088
765 1615 540.088 440.088
765 1520 536.932 436.932
810 1520 536.932 436.932
765 1615 540.088 440.088
810 1615 540.088 440.088
720 1615 540.088 440.088
765 1615 540.088 440.088
720 1710 543.244 443.244
765 1710 543.244 443.244
765 1615 540.088 440.088
810 1615 540.088 440.088
765 1710 543.244 443.244
810 1710 543.244 443.244
810 1520 536.932 436.932
855 1520 100 0
810 1615 540.088 440.088
855 1615 100 0
855 1520 100 0
900 1520 100 0
855 1615 100 0
900 1615 100 0
810 1615 540.088 440.088
855 1615 100 0
810 1710 543.244 443.244
855 1710 100 0
855 1615 100 0
900 1615 100 0
855 1710 100 0
900 1710 100 0
720 1710 543.244 443.244
765 1710 543.244 443.244
720 1805 546.399 446.399
765 1805 546.399 446.399
765 1710 543.244 443.244
810 1710 543.244 443.244
765 1805 546.399 446.399
810 1805 546.399 446.399
720 1805 546.399 446.399
765 1805 546.399 446.399
720 1900 100 0
765 1900 100 0
765 1805 546.399 446.399
810 1805 546.399 446.399
765 1900 100 0
810 1900 100 0
810 1710 543.244 443.244
855 1710 100 0
810 1805 546.399 446.399
855 1805 100 0
855 1710 100 0
900 1710 100 0
855 1805 100 0
900 1805 100 0
810 1805 546.399 446.399
855 1805 100 0
810 1900 100 0
855 1900 100 0
855 1805 100 0
900 1805 100 0
855 1900 100 0
900 1900 100 0
