# x y z topography
0 0 100 0
45 0 100 0
0 95 100 0
45 95 100 0
45 0 100 0
90 0 100 0
45 95 100 0
90 95 713.914 613.914
0 95 100 0
45 95 100 0
0 190 100 0
45 190 100 0
45 95 100 0
90 95 713.914 613.914
45 190 100 0
90 190 713.914 613.914
90 0 100 0
135 0 100 0
90 95 713.914 613.914
135 95 713.914 613.914
135 0 100 0
180 0 100 0
135 95 713.914 613.914
180 95 713.914 613.914
90 95 713.914 613.914
135 95 713.914 613.914
90 190 713.914 613.914
135 190 713.914 613.914
135 95 713.914 613.914
180 95 713.914 613.914
135 190 713.914 613.914
180 190 713.914 613.914
0 190 100 0
45 190 100 0
0 285 100 0
45 285 100 0
45 190 100 0
90 190 713.914 613.914
45 285 100 0
90 285 717.07 617.07
0 285 100 0
45 285 100 0
0 380 100 0
45 380 100 0
45 285 100 0
90 285 717.07 617.07
45 380 100 0
90 380 720.226 620.226
90 190 713.914 613.914
135 190 713.914 613.914
90 285 717.07 617.07
135 285 717.07 617.07
135 190 713.914 613.914
180 190 713.914 613.914
135 285 717.07 617.07
180 285 717.07 617.07
90 285 717.07 617.07
135 285 717.07 617.07
90 380 720.226 620.226
135 380 720.226 620.226
135 285 717.07 617.07
180 285 717.07 617.07
135 380 720.226 620.226
180 380 720.226 620.226
180 0 100 0
225 0 100 0
180 95 713.914 613.914
225 95 713.914 613.914
225 0 100 0
270 0 100 0
225 95 713.914 613.914
270 95 713.914 613.914
180 95 713.914 613.914
225 95 713.914 613.914
180 190 713.914 613.914
225 190 713.914 613.914
225 95 713.914 613.914
270 95 713.914 613.914
225 190 713.914 613.914
270 190 717.07 617.07
270 0 100 0
315 0 100 0
270 95 713.914 613.914
315 95 713.914 613.914
315 0 100 0
360 0 100 0
315 95 713.914 613.914
360 95 713.914 613.914
270 95 713.914 613.914
315 95 713.914 613.914
270 190 717.07 617.07
315 190 717.07 617.07
315 95 713.914 613.914
360 95 713.914 613.914
315 190 717.07 617.07
360 190 717.07 617.07
180 190 713.914 613.914
225 190 713.914 613.914
180 285 717.07 617.07
225 285 717.07 617.07
225 190 713.914 613.914
270 190 717.07 617.07
225 285 717.07 617.07
270 285 717.07 617.07
180 285 717.07 617.07
225 285 717.07 617.07
180 380 720.226 620.226
225 380 720.226 620.226
225 285 717.07 617.07
270 285 717.07 617.07
225 380 720.226 620.226
270 380 720.226 620.226
270 190 717.07 617.07
315 190 717.07 617.07
270 285 717.07 617.07
315 285 717.07 617.07
315 190 717.07 617.07
360 190 717.07 617.07
315 285 717.07 617.07
360 285 717.07 617.07
270 285 717.07 617.07
315 285 717.07 617.07
270 380 720.226 620.226
315 380 720.226 620.226
315 285 717.07 617.07
360 285 717.07 617.07
315 380 720.226 620.226
360 380 720.226 620.226
360 0 100 0
405 0 100 0
360 95 713.914 613.914
405 95 713.914 613.914
405 0 100 0
450 0 100 0
405 95 713.914 613.914
450 95 100 0
360 95 713.914 613.914
405 95 713.914 613.914
360 190 717.07 617.07
405 190 717.07 617.07
405 95 713.914 613.914
450 95 100 0
405 190 717.07 617.07
450 190 100 0
450 0 100 0
495 0 100 0
450 95 100 0
495 95 713.914 613.914
495 0 100 0
540 0 100 0
495 95 713.914 613.914
540 95 713.914 613.914
450 95 100 0
495 95 713.914 613.914
450 190 100 0
495 190 717.07 617.07
495 95 713.914 613.914
540 95 713.914 613.914
495 190 717.07 617.07
540 190 717.07 617.07
360 190 717.07 617.07
405 190 717.07 617.07
360 285 717.07 617.07
405 285 717.07 617.07
405 190 717.07 617.07
450 190 100 0
405 285 717.07 617.07
450 285 100 0
360 285 717.07 617.07
405 285 717.07 617.07
360 380 720.226 620.226
405 380 720.226 620.226
405 285 717.07 617.07
450 285 100 0
405 380 720.226 620.226
450 380 100 0
450 190 100 0
495 190 717.07 617.07
450 285 100 0
495 285 720.226 620.226
495 190 717.07 617.07
540 190 717.07 617.07
495 285 720.226 620.226
540 285 720.226 620.226
450 285 100 0
495 285 720.226 620.226
450 380 100 0
495 380 720.226 620.226
495 285 720.226 620.226
540 285 720.226 620.226
495 380 720.226 620.226
540 380 720.226 620.226
540 0 100 0
585 0 100 0
540 95 713.914 613.914
585 95 713.914 613.914
585 0 100 0
630 0 100 0
585 95 713.914 613.914
630 95 713.914 613.914
540 95 713.914 613.914
585 95 713.914 613.914
540 190 717.07 617.07
585 190 717.07 617.07
585 95 713.914 613.914
630 95 713.914 613.914
585 190 717.07 617.07
630 190 717.07 617.07
630 0 100 0
675 0 100 0
630 95 713.914 613.914
675 95 713.914 613.914
675 0 100 0
720 0 100 0
675 95 713.914 613.914
720 95 713.914 613.914
630 95 713.914 613.914
675 95 713.914 613.914
630 190 717.07 617.07
675 190 717.07 617.07
675 95 713.914 613.914
720 95 713.914 613.914
675 190 717.07 617.07
720 190 717.07 617.07
540 190 717.07 617.07
585 190 717.07 617.07
540 285 720.226 620.226
585 285 720.226 620.226
585 190 717.07 617.07
630 190 717.07 617.07
585 285 720.226 620.226
630 285 720.226 620.226
540 285 720.226 620.226
585 285 720.226 620.226
540 380 720.226 620.226
585 380 720.226 620.226
585 285 720.226 620.226
630 285 720.226 620.226
585 380 720.226 620.226
630 380 720.226 620.226
630 190 717.07 617.07
675 190 717.07 617.07
630 285 720.226 620.226
675 285 720.226 620.226
675 190 717.07 617.07
720 190 717.07 617.07
675 285 720.226 620.226
720 285 720.226 620.226
630 285 720.226 620.226
675 285 720.226 620.226
630 380 720.226 620.226
675 380 723.381 623.381
675 285 720.226 620.226
720 285 720.226 620.226
675 380 723.381 623.381
720 380 723.381 623.381
720 0 100 0
765 0 100 0
720 95 713.914 613.914
765 95 713.914 613.914
765 0 100 0
810 0 100 0
765 95 713.914 613.914
810 95 713.914 613.914
720 95 713.914 613.914
765 95 713.914 613.914
720 190 717.07 617.07
765 190 717.07 617.07
765 95 713.914 613.914
810 95 713.914 613.914
765 190 717.07 617.07
810 190 717.07 617.07
810 0 100 0
855 0 100 0
810 95 713.914 613.914
855 95 100 0
855 0 100 0
900 0 100 0
855 95 100 0
900 95 100 0
810 95 713.914 613.914
855 95 100 0
810 190 717.07 617.07
855 190 100 0
855 95 100 0
900 95 100 0
855 190 100 0
900 190 100 0
720 190 717.07 617.07
765 190 717.07 617.07
720 285 720.226 620.226
765 285 720.226 620.226
765 190 717.07 617.07
810 190 717.07 617.07
765 285 720.226 620.226
810 285 720.226 620.226
720 285 720.226 620.226
765 285 720.226 620.226
720 380 723.381 623.381
765 380 723.381 623.381
765 285 720.226 620.226
810 285 720.226 620.226
765 380 723.381 623.381
810 380 723.381 623.381
810 190 717.07 617.07
855 190 100 0
810 285 720.226 620.226
855 285 100 0
855 190 100 0
900 190 100 0
855 285 100 0
900 285 100 0
810 285 720.226 620.226
855 285 100 0
810 380 723.381 623.381
855 380 100 0
855 285 100 0
900 285 100 0
855 380 100 0
900 380 100 0
0 380 100 0
45 380 100 0
0 475 100 0
45 475 100 0
45 380 100 0
90 380 720.226 620.226
45 475 100 0
90 475 723.381 623.381
0 475 100 0
45 475 100 0
0 570 100 0
45 570 100 0
45 475 100 0
90 475 723.381 623.381
45 570 100 0
90 570 726.537 626.537
90 380 720.226 620.226
135 380 720.226 620.226
90 475 723.381 623.381
135 475 723.381 623.381
135 380 720.226 620.226
180 380 720.226 620.226
135 475 723.381 623.381
180 475 723.381 623.381
90 475 723.381 623.381
135 475 723.381 623.381
90 570 726.537 626.537
135 570 726.537 626.537
135 475 723.381 623.381
180 475 723.381 623.381
135 570 726.537 626.537
180 570 726.537 626.537
0 570 100 0
45 570 100 0
0 665 100 0
45 665 100 0
45 570 100 0
90 570 726.537 626.537
45 665 100 0
90 665 726.537 626.537
0 665 100 0
45 665 100 0
0 760 100 0
45 760 100 0
45 665 100 0
90 665 726.537 626.537
45 760 100 0
90 760 729.693 629.693
90 570 726.537 626.537
135 570 726.537 626.537
90 665 726.537 626.537
135 665 726.537 626.537
135 570 726.537 626.537
180 570 726.537 626.537
135 665 726.537 626.537
180 665 726.537 626.537
90 665 726.537 626.537
135 665 726.537 626.537
90 760 729.693 629.693
135 760 729.693 629.693
135 665 726.537 626.537
180 665 726.537 626.537
135 760 729.693 629.693
180 760 729.693 629.693
180 380 720.226 620.226
225 380 720.226 620.226
180 475 723.381 623.381
225 475 723.381 623.381
225 380 720.226 620.226
270 380 720.226 620.226
225 475 723.381 623.381
270 475 723.381 623.381
180 475 723.381 623.381
225 475 723.381 623.381
180 570 726.537 626.537
225 570 726.537 626.537
225 475 723.381 623.381
270 475 723.381 623.381
225 570 726.537 626.537
270 570 726.537 626.537
270 380 720.226 620.226
315 380 720.226 620.226
270 475 723.381 623.381
315 475 723.381 623.381
315 380 720.226 620.226
360 380 720.226 620.226
315 475 723.381 623.381
360 475 723.381 623.381
270 475 723.381 623.381
315 475 723.381 623.381
270 570 726.537 626.537
315 570 726.537 626.537
315 475 723.381 623.381
360 475 723.381 623.381
315 570 726.537 626.537
360 570 726.537 626.537
180 570 726.537 626.537
225 570 726.537 626.537
180 665 726.537 626.537
225 665 726.537 626.537
225 570 726.537 626.537
270 570 726.537 626.537
225 665 726.537 626.537
270 665 729.693 629.693
180 665 726.537 626.537
225 665 726.537 626.537
180 760 729.693 629.693
225 760 729.693 629.693
225 665 726.537 626.537
270 665 729.693 629.693
225 760 729.693 629.693
270 760 729.693 629.693
270 570 726.537 626.537
315 570 726.537 626.537
270 665 729.693 629.693
315 665 729.693 629.693
315 570 726.537 626.537
360 570 726.537 626.537
315 665 729.693 629.693
360 665 729.693 629.693
270 665 729.693 629.693
315 665 729.693 629.693
270 760 729.693 629.693
315 760 729.693 629.693
315 665 729.693 629.693
360 665 729.693 629.693
315 760 729.693 629.693
360 760 729.693 629.693
360 380 720.226 620.226
405 380 720.226 620.226
360 475 723.381 623.381
405 475 723.381 623.381
405 380 720.226 620.226
450 380 100 0
405 475 723.381 623.381
450 475 100 0
360 475 723.381 623.381
405 475 723.381 623.381
360 570 726.537 626.537
405 570 726.537 626.537
405 475 723.381 623.381
450 475 100 0
405 570 726.537 626.537
450 570 100 0
450 380 100 0
495 380 720.226 620.226
450 475 100 0
495 475 723.381 623.381
495 380 720.226 620.226
540 380 720.226 620.226
495 475 723.381 623.381
540 475 723.381 623.381
450 475 100 0
495 475 723.381 623.381
450 570 100 0
495 570 726.537 626.537
495 475 723.381 623.381
540 475 723.381 623.381
495 570 726.537 626.537
540 570 726.537 626.537
360 570 726.537 626.537
405 570 726.537 626.537
360 665 729.693 629.693
405 665 729.693 629.693
405 570 726.537 626.537
450 570 100 0
405 665 729.693 629.693
450 665 100 0
360 665 729.693 629.693
405 665 729.693 629.693
360 760 729.693 629.693
405 760 729.693 629.693
405 665 729.693 629.693
450 665 100 0
405 760 729.693 629.693
450 760 100 0
450 570 100 0
495 570 726.537 626.537
450 665 100 0
495 665 729.693 629.693
495 570 726.537 626.537
540 570 726.537 626.537
495 665 729.693 629.693
540 665 729.693 629.693
450 665 100 0
495 665 729.693 629.693
450 760 100 0
495 760 732.848 632.848
495 665 729.693 629.693
540 665 729.693 629.693
495 760 732.848 632.848
540 760 732.848 632.848
540 380 720.226 620.226
585 380 720.226 620.226
540 475 723.381 623.381
585 475 723.381 623.381
585 380 720.226 620.226
630 380 720.226 620.226
585 475 723.381 623.381
630 475 723.381 623.381
540 475 723.381 623.381
585 475 723.381 623.381
540 570 726.537 626.537
585 570 726.537 626.537
585 475 723.381 623.381
630 475 723.381 623.381
585 570 726.537 626.537
630 570 726.537 626.537
630 380 720.226 620.226
675 380 723.381 623.381
630 475 723.381 623.381
675 475 723.381 623.381
675 380 723.381 623.381
720 380 723.381 623.381
675 475 723.381 623.381
720 475 723.381 623.381
630 475 723.381 623.381
675 475 723.381 623.381
630 570 726.537 626.537
675 570 726.537 626.537
675 475 723.381 623.381
720 475 723.381 623.381
675 570 726.537 626.537
720 570 726.537 626.537
540 570 726.537 626.537
585 570 726.537 626.537
540 665 729.693 629.693
585 665 729.693 629.693
585 570 726.537 626.537
630 570 726.537 626.537
585 665 729.693 629.693
630 665 729.693 629.693
540 665 729.693 629.693
585 665 729.693 629.693
540 760 732.848 632.848
585 760 732.848 632.848
585 665 729.693 629.693
630 665 729.693 629.693
585 760 732.848 632.848
630 760 732.848 632.848
630 570 726.537 626.537
675 570 726.537 626.537
630 665 729.693 629.693
675 665 729.693 629.693
675 570 726.537 626.537
720 570 726.537 626.537
675 665 729.693 629.693
720 665 729.693 629.693
630 665 729.693 629.693
675 665 729.693 629.693
630 760 732.848 632.848
675 760 732.848 632.848
675 665 729.693 629.693
720 665 729.693 629.693
675 760 732.848 632.848
720 760 732.848 632.848
720 380 723.381 623.381
765 380 723.381 623.381
720 475 723.381 623.381
765 475 723.381 623.381
765 380 723.381 623.381
810 380 723.381 623.381
765 475 723.381 623.381
810 475 723.381 623.381
720 475 723.381 623.381
765 475 723.381 623.381
720 570 726.537 626.537
765 570 726.537 626.537
765 475 723.381 623.381
810 475 723.381 623.381
765 570 726.537 626.537
810 570 726.537 626.537
810 380 723.381 623.381
855 380 100 0
810 475 723.381 623.381
855 475 100 0
855 380 100 0
900 380 100 0
855 475 100 0
900 475 100 0
810 475 723.381 623.381
855 475 100 0
810 570 726.537 626.537
855 570 100 0
855 475 100 0
900 475 100 0
855 570 100 0
900 570 100 0
720 570 726.537 626.537
765 570 726.537 626.537
720 665 729.693 629.693
765 665 729.693 629.693
765 570 726.537 626.537
810 570 726.537 626.537
765 665 729.693 629.693
810 665 729.693 629.693
720 665 729.693 629.693
765 665 729.693 629.693
720 760 732.848 632.848
765 760 732.848 632.848
765 665 729.693 629.693
810 665 729.693 629.693
765 760 732.848 632.848
810 760 732.848 632.848
810 570 726.537 626.537
855 570 100 0
810 665 729.693 629.693
855 665 100 0
855 570 100 0
900 570 100 0
855 665 100 0
900 665 100 0
810 665 729.693 629.693
855 665 100 0
810 760 732.848 632.848
855 760 100 0
855 665 100 0
900 665 100 0
855 760 100 0
900 760 100 0
0 760 100 0
45 760 100 0
0 855 100 0
45 855 100 0
45 760 100 0
90 760 729.693 629.693
45 855 100 0
90 855 732.848 632.848
0 855 100 0
45 855 100 0
0 950 100 0
45 950 100 0
45 855 100 0
90 855 732.848 632.848
45 950 100 0
90 950 736.004 636.004
90 760 729.693 629.693
135 760 729.693 629.693
90 855 732.848 632.848
135 855 732.848 632.848
135 760 729.693 629.693
180 760 729.693 629.693
135 855 732.848 632.848
180 855 732.848 632.848
90 855 732.848 632.848
135 855 732.848 632.848
90 950 736.004 636.004
135 950 732.848 632.848
135 855 732.848 632.848
180 855 732.848 632.848
135 950 732.848 632.848
180 950 736.004 636.004
0 950 100 0
45 950 100 0
0 1045 100 0
45 1045 100 0
45 950 100 0
90 950 736.004 636.004
45 1045 100 0
90 1045 736.004 636.004
0 1045 100 0
45 1045 100 0
0 1140 100 0
45 1140 100 0
45 1045 100 0
90 1045 736.004 636.004
45 1140 100 0
90 1140 739.16 639.16
90 950 736.004 636.004
135 950 732.848 632.848
90 1045 736.004 636.004
135 1045 736.004 636.004
135 950 732.848 632.848
180 950 736.004 636.004
135 1045 736.004 636.004
180 1045 736.004 636.004
90 1045 736.004 636.004
135 1045 736.004 636.004
90 1140 739.16 639.16
135 1140 739.16 639.16
135 1045 736.004 636.004
180 1045 736.004 636.004
135 1140 739.16 639.16
180 1140 739.16 639.16
180 760 729.693 629.693
225 760 729.693 629.693
180 855 732.848 632.848
225 855 732.848 632.848
225 760 729.693 629.693
270 760 729.693 629.693
225 855 732.848 632.848
270 855 732.848 632.848
180 855 732.848 632.848
225 855 732.848 632.848
180 950 736.004 636.004
225 950 732.848 632.848
225 855 732.848 632.848
270 855 732.848 632.848
225 950 732.848 632.848
270 950 736.004 636.004
270 760 729.693 629.693
315 760 729.693 629.693
270 855 732.848 632.848
315 855 732.848 632.848
315 760 729.693 629.693
360 760 729.693 629.693
315 855 732.848 632.848
360 855 732.848 632.848
270 855 732.848 632.848
315 855 732.848 632.848
270 950 736.004 636.004
315 950 736.004 636.004
315 855 732.848 632.848
360 855 732.848 632.848
315 950 736.004 636.004
360 950 736.004 636.004
180 950 736.004 636.004
225 950 732.848 632.848
180 1045 736.004 636.004
225 1045 736.004 636.004
225 950 732.848 632.848
270 950 736.004 636.004
225 1045 736.004 636.004
270 1045 736.004 636.004
180 1045 736.004 636.004
225 1045 736.004 636.004
180 1140 739.16 639.16
225 1140 739.16 639.16
225 1045 736.004 636.004
270 1045 736.004 636.004
225 1140 739.16 639.16
270 1140 739.16 639.16
270 950 736.004 636.004
315 950 736.004 636.004
270 1045 736.004 636.004
315 1045 736.004 636.004
315 950 736.004 636.004
360 950 736.004 636.004
315 1045 736.004 636.004
360 1045 736.004 636.004
270 1045 736.004 636.004
315 1045 736.004 636.004
270 1140 739.16 639.16
315 1140 739.16 639.16
315 1045 736.004 636.004
360 1045 736.004 636.004
315 1140 739.16 639.16
360 1140 739.16 639.16
360 760 729.693 629.693
405 760 729.693 629.693
360 855 732.848 632.848
405 855 732.848 632.848
405 760 729.693 629.693
450 760 100 0
405 855 732.848 632.848
450 855 100 0
360 855 732.848 632.848
405 855 732.848 632.848
360 950 736.004 636.004
405 950 736.004 636.004
405 855 732.848 632.848
450 855 100 0
405 950 736.004 636.004
450 950 100 0
450 760 100 0
495 760 732.848 632.848
450 855 100 0
495 855 732.848 632.848
495 760 732.848 632.848
540 760 732.848 632.848
495 855 732.848 632.848
540 855 732.848 632.848
450 855 100 0
495 855 732.848 632.848
450 950 100 0
495 950 736.004 636.004
495 855 732.848 632.848
540 855 732.848 632.848
495 950 736.004 636.004
540 950 732.848 632.848
360 950 736.004 636.004
405 950 736.004 636.004
360 1045 736.004 636.004
405 1045 736.004 636.004
405 950 736.004 636.004
450 950 100 0
405 1045 736.004 636.004
450 1045 100 0
360 1045 736.004 636.004
405 1045 736.004 636.004
360 1140 739.16 639.16
405 1140 739.16 639.16
405 1045 736.004 636.004
450 1045 100 0
405 1140 739.16 639.16
450 1140 100 0
450 950 100 0
495 950 736.004 636.004
450 1045 100 0
495 1045 736.004 636.004
495 950 736.004 636.004
540 950 732.848 632.848
495 1045 736.004 636.004
540 1045 736.004 636.004
450 1045 100 0
495 1045 736.004 636.004
450 1140 100 0
495 1140 739.16 639.16
495 1045 736.004 636.004
540 1045 736.004 636.004
495 1140 739.16 639.16
540 1140 739.16 639.16
540 760 732.848 632.848
585 760 732.848 632.848
540 855 732.848 632.848
585 855 732.848 632.848
585 760 732.848 632.848
630 760 732.848 632.848
585 855 732.848 632.848
630 855 732.848 632.848
540 855 732.848 632.848
585 855 732.848 632.848
540 950 732.848 632.848
585 950 736.004 636.004
585 855 732.848 632.848
630 855 732.848 632.848
585 950 736.004 636.004
630 950 732.848 632.848
630 760 732.848 632.848
675 760 732.848 632.848
630 855 732.848 632.848
675 855 736.004 636.004
675 760 732.848 632.848
720 760 732.848 632.848
675 855 736.004 636.004
720 855 736.004 636.004
630 855 732.848 632.848
675 855 736.004 636.004
630 950 732.848 632.848
675 950 736.004 636.004
675 855 736.004 636.004
720 855 736.004 636.004
675 950 736.004 636.004
720 950 736.004 636.004
540 950 732.848 632.848
585 950 736.004 636.004
540 1045 736.004 636.004
585 1045 736.004 636.004
585 950 736.004 636.004
630 950 732.848 632.848
585 1045 736.004 636.004
630 1045 736.004 636.004
540 1045 736.004 636.004
585 1045 736.004 636.004
540 1140 739.16 639.16
585 1140 739.16 639.16
585 1045 736.004 636.004
630 1045 736.004 636.004
585 1140 739.16 639.16
630 1140 739.16 639.16
630 950 732.848 632.848
675 950 736.004 636.004
630 1045 736.004 636.004
675 1045 736.004 636.004
675 950 736.004 636.004
720 950 736.004 636.004
675 1045 736.004 636.004
720 1045 736.004 636.004
630 1045 736.004 636.004
675 1045 736.004 636.004
630 1140 739.16 639.16
675 1140 739.16 639.16
675 1045 736.004 636.004
720 1045 736.004 636.004
675 1140 739.16 639.16
720 1140 739.16 639.16
720 760 732.848 632.848
765 760 732.848 632.848
720 855 736.004 636.004
765 855 736.004 636.004
765 760 732.848 632.848
810 760 732.848 632.848
765 855 736.004 636.004
810 855 736.004 636.004
720 855 736.004 636.004
765 855 736.004 636.004
720 950 736.004 636.004
765 950 736.004 636.004
765 855 736.004 636.004
810 855 736.004 636.004
765 950 736.004 636.004
810 950 736.004 636.004
810 760 732.848 632.848
855 760 100 0
810 855 736.004 636.004
855 855 100 0
855 760 100 0
900 760 100 0
855 855 100 0
900 855 100 0
810 855 736.004 636.004
855 855 100 0
810 950 736.004 636.004
855 950 100 0
855 855 100 0
900 855 100 0
855 950 100 0
900 950 100 0
720 950 736.004 636.004
765 950 736.004 636.004
720 1045 736.004 636.004
765 1045 736.004 636.004
765 950 736.004 636.004
810 950 736.004 636.004
765 1045 736.004 636.004
810 1045 736.004 636.004
720 1045 736.004 636.004
765 1045 736.004 636.004
720 1140 739.16 639.16
765 1140 739.16 639.16
765 1045 736.004 636.004
810 1045 736.004 636.004
765 1140 739.16 639.16
810 1140 739.16 639.16
810 950 736.004 636.004
855 950 100 0
810 1045 736.004 636.004
855 1045 100 0
855 950 100 0
900 950 100 0
855 1045 100 0
900 1045 100 0
810 1045 736.004 636.004
855 1045 100 0
810 1140 739.16 639.16
855 1140 100 0
855 1045 100 0
900 1045 100 0
855 1140 100 0
900 1140 100 0
0 1140 100 0
45 1140 100 0
0 1235 100 0
45 1235 100 0
45 1140 100 0
90 1140 739.16 639.16
45 1235 100 0
90 1235 739.16 639.16
0 1235 100 0
45 1235 100 0
0 1330 100 0
45 1330 100 0
45 1235 100 0
90 1235 739.16 639.16
45 1330 100 0
90 1330 742.315 642.315
90 1140 739.16 639.16
135 1140 739.16 639.16
90 1235 739.16 639.16
135 1235 739.16 639.16
135 1140 739.16 639.16
180 1140 739.16 639.16
135 1235 739.16 639.16
180 1235 739.16 639.16
90 1235 739.16 639.16
135 1235 739.16 639.16
90 1330 742.315 642.315
135 1330 742.315 642.315
135 1235 739.16 639.16
180 1235 739.16 639.16
135 1330 742.315 642.315
180 1330 742.315 642.315
0 1330 100 0
45 1330 100 0
0 1425 100 0
45 1425 100 0
45 1330 100 0
90 1330 742.315 642.315
45 1425 100 0
90 1425 745.471 645.471
0 1425 100 0
45 1425 100 0
0 1520 100 0
45 1520 100 0
45 1425 100 0
90 1425 745.471 645.471
45 1520 100 0
90 1520 748.627 648.627
90 1330 742.315 642.315
135 1330 742.315 642.315
90 1425 745.471 645.471
135 1425 745.471 645.471
135 1330 742.315 642.315
180 1330 742.315 642.315
135 1425 745.471 645.471
180 1425 745.471 645.471
90 1425 745.471 645.471
135 1425 745.471 645.471
90 1520 748.627 648.627
135 1520 748.627 648.627
135 1425 745.471 645.471
180 1425 745.471 645.471
135 1520 748.627 648.627
180 1520 748.627 648.627
180 1140 739.16 639.16
225 1140 739.16 639.16
180 1235 739.16 639.16
225 1235 739.16 639.16
225 1140 739.16 639.16
270 1140 739.16 639.16
225 1235 739.16 639.16
270 1235 742.315 642.315
180 1235 739.16 639.16
225 1235 739.16 639.16
180 1330 742.315 642.315
225 1330 742.315 642.315
225 1235 739.16 639.16
270 1235 742.315 642.315
225 1330 742.315 642.315
270 1330 742.315 642.315
270 1140 739.16 639.16
315 1140 739.16 639.16
270 1235 742.315 642.315
315 1235 742.315 642.315
315 1140 739.16 639.16
360 1140 739.16 639.16
315 1235 742.315 642.315
360 1235 742.315 642.315
270 1235 742.315 642.315
315 1235 742.315 642.315
270 1330 742.315 642.315
315 1330 742.315 642.315
315 1235 742.315 642.315
360 1235 742.315 642.315
315 1330 742.315 642.315
360 1330 742.315 642.315
180 1330 742.315 642.315
225 1330 742.315 642.315
180 1425 745.471 645.471
225 1425 745.471 645.471
225 1330 742.315 642.315
270 1330 742.315 642.315
225 1425 745.471 645.471
270 1425 745.471 645.471
180 1425 745.471 645.471
225 1425 745.471 645.471
180 1520 748.627 648.627
225 1520 748.627 648.627
225 1425 745.471 645.471
270 1425 745.471 645.471
225 1520 748.627 648.627
270 1520 748.627 648.627
270 1330 742.315 642.315
315 1330 742.315 642.315
270 1425 745.471 645.471
315 1425 745.471 645.471
315 1330 742.315 642.315
360 1330 742.315 642.315
315 1425 745.471 645.471
360 1425 745.471 645.471
270 1425 745.471 645.471
315 1425 745.471 645.471
270 1520 748.627 648.627
315 1520 748.627 648.627
315 1425 745.471 645.471
360 1425 745.471 645.471
315 1520 748.627 648.627
360 1520 748.627 648.627
360 1140 739.16 639.16
405 1140 739.16 639.16
360 1235 742.315 642.315
405 1235 742.315 642.315
405 1140 739.16 639.16
450 1140 100 0
405 1235 742.315 642.315
450 1235 100 0
360 1235 742.315 642.315
405 1235 742.315 642.315
360 1330 742.315 642.315
405 1330 742.315 642.315
405 1235 742.315 642.315
450 1235 100 0
405 1330 742.315 642.315
450 1330 100 0
450 1140 100 0
495 1140 739.16 639.16
450 1235 100 0
495 1235 742.315 642.315
495 1140 739.16 639.16
540 1140 739.16 639.16
495 1235 742.315 642.315
540 1235 742.315 642.315
450 1235 100 0
495 1235 742.315 642.315
450 1330 100 0
495 1330 745.471 645.471
495 1235 742.315 642.315
540 1235 742.315 642.315
495 1330 745.471 645.471
540 1330 745.471 645.471
360 1330 742.315 642.315
405 1330 742.315 642.315
360 1425 745.471 645.471
405 1425 745.471 645.471
405 1330 742.315 642.315
450 1330 100 0
405 1425 745.471 645.471
450 1425 100 0
360 1425 745.471 645.471
405 1425 745.471 645.471
360 1520 748.627 648.627
405 1520 748.627 648.627
405 1425 745.471 645.471
450 1425 100 0
405 1520 748.627 648.627
450 1520 100 0
450 1330 100 0
495 1330 745.471 645.471
450 1425 100 0
495 1425 745.471 645.471
495 1330 745.471 645.471
540 1330 745.471 645.471
495 1425 745.471 645.471
540 1425 745.471 645.471
450 1425 100 0
495 1425 745.471 645.471
450 1520 100 0
495 1520 748.627 648.627
495 1425 745.471 645.471
540 1425 745.471 645.471
495 1520 748.627 648.627
540 1520 748.627 648.627
540 1140 739.16 639.16
585 1140 739.16 639.16
540 1235 742.315 642.315
585 1235 742.315 642.315
585 1140 739.16 639.16
630 1140 739.16 639.16
585 1235 742.315 642.315
630 1235 742.315 642.315
540 1235 742.315 642.315
585 1235 742.315 642.315
540 1330 745.471 645.471
585 1330 745.471 645.471
585 1235 742.315 642.315
630 1235 742.315 642.315
585 1330 745.471 645.471
630 1330 745.471 645.471
630 1140 739.16 639.16
675 1140 739.16 639.16
630 1235 742.315 642.315
675 1235 742.315 642.315
675 1140 739.16 639.16
720 1140 739.16 639.16
675 1235 742.315 642.315
720 1235 742.315 642.315
630 1235 742.315 642.315
675 1235 742.315 642.315
630 1330 745.471 645.471
675 1330 745.471 645.471
675 1235 742.315 642.315
720 1235 742.315 642.315
675 1330 745.471 645.471
720 1330 745.471 645.471
540 1330 745.471 645.471
585 1330 745.471 645.471
540 1425 745.471 645.471
585 1425 745.471 645.471
585 1330 745.471 645.471
630 1330 745.471 645.471
585 1425 745.471 645.471
630 1425 745.471 645.471
540 1425 745.471 645.471
585 1425 745.471 645.471
540 1520 748.627 648.627
585 1520 748.627 648.627
585 1425 745.471 645.471
630 1425 745.471 645.471
585 1520 748.627 648.627
630 1520 748.627 648.627
630 1330 745.471 645.471
675 1330 745.471 645.471
630 1425 745.471 645.471
675 1425 748.627 648.627
675 1330 745.471 645.471
720 1330 745.471 645.471
675 1425 748.627 648.627
720 1425 748.627 648.627
630 1425 745.471 645.471
675 1425 748.627 648.627
630 1520 748.627 648.627
675 1520 748.627 648.627
675 1425 748.627 648.627
720 1425 748.627 648.627
675 1520 748.627 648.627
720 1520 748.627 648.627
720 1140 739.16 639.16
765 1140 739.16 639.16
720 1235 742.315 642.315
765 1235 742.315 642.315
765 1140 739.16 639.16
810 1140 739.16 639.16
765 1235 742.315 642.315
810 1235 742.315 642.315
720 1235 742.315 642.315
765 1235 742.315 642.315
720 1330 745.471 645.471
765 1330 745.471 645.471
765 1235 742.315 642.315
810 1235 742.315 642.315
765 1330 745.471 645.471
810 1330 745.471 645.471
810 1140 739.16 639.16
855 1140 100 0
810 1235 742.315 642.315
855 1235 100 0
855 1140 100 0
900 1140 100 0
855 1235 100 0
900 1235 100 0
810 1235 742.315 642.315
855 1235 100 0
810 1330 745.471 645.471
855 1330 100 0
855 1235 100 0
900 1235 100 0
855 1330 100 0
900 1330 100 0
720 1330 745.471 645.471
765 1330 745.471 645.471
720 1425 748.627 648.627
765 1425 748.627 648.627
765 1330 745.471 645.471
810 1330 745.471 645.471
765 1425 748.627 648.627
810 1425 748.627 648.627
720 1425 748.627 648.627
765 1425 748.627 648.627
720 1520 748.627 648.627
765 1520 748.627 648.627
765 1425 748.627 648.627
810 1425 748.627 648.627
765 1520 748.627 648.627
810 1520 748.627 648.627
810 1330 745.471 645.471
855 1330 100 0
810 1425 748.627 648.627
855 1425 100 0
855 1330 100 0
900 1330 100 0
855 1425 100 0
900 1425 100 0
810 1425 748.627 648.627
855 1425 100 0
810 1520 748.627 648.627
855 1520 100 0
855 1425 100 0
900 1425 100 0
855 1520 100 0
900 1520 100 0
0 1520 100 0
45 1520 100 0
0 1615 100 0
45 1615 100 0
45 1520 100 0
90 1520 748.627 648.627
45 1615 100 0
90 1615 751.783 651.783
0 1615 100 0
45 1615 100 0
0 1710 100 0
45 1710 100 0
45 1615 100 0
90 1615 751.783 651.783
45 1710 100 0
90 1710 751.783 651.783
90 1520 748.627 648.627
135 1520 748.627 648.627
90 1615 751.783 651.783
135 1615 751.783 651.783
135 1520 748.627 648.627
180 1520 748.627 648.627
135 1615 751.783 651.783
180 1615 751.783 651.783
90 1615 751.783 651.783
135 1615 751.783 651.783
90 1710 751.783 651.783
135 1710 751.783 651.783
135 1615 751.783 651.783
180 1615 751.783 651.783
135 1710 751.783 651.783
180 1710 751.783 651.783
0 1710 100 0
45 1710 100 0
0 1805 100 0
45 1805 100 0
45 1710 100 0
90 1710 751.783 651.783
45 1805 100 0
90 1805 754.938 654.938
0 1805 100 0
45 1805 100 0
0 1900 100 0
45 1900 100 0
45 1805 100 0
90 1805 754.938 654.938
45 1900 100 0
90 1900 100 0
90 1710 751.783 651.783
135 1710 751.783 651.783
90 1805 754.938 654.938
135 1805 754.938 654.938
135 1710 751.783 651.783
180 1710 751.783 651.783
135 1805 754.938 654.938
180 1805 754.938 654.938
90 1805 754.938 654.938
135 1805 754.938 654.938
90 1900 100 0
135 1900 100 0
135 1805 754.938 654.938
180 1805 754.938 654.938
135 1900 100 0
180 1900 100 0
180 1520 748.627 648.627
225 1520 748.627 648.627
180 1615 751.783 651.783
225 1615 751.783 651.783
225 1520 748.627 648.627
270 1520 748.627 648.627
225 1615 751.783 651.783
270 1615 751.783 651.783
180 1615 751.783 651.783
225 1615 751.783 651.783
180 1710 751.783 651.783
225 1710 751.783 651.783
225 1615 751.783 651.783
270 1615 751.783 651.783
225 1710 751.783 651.783
270 1710 754.938 654.938
270 1520 748.627 648.627
315 1520 748.627 648.627
270 1615 751.783 651.783
315 1615 751.783 651.783
315 1520 748.627 648.627
360 1520 748.627 648.627
315 1615 751.783 651.783
360 1615 751.783 651.783
270 1615 751.783 651.783
315 1615 751.783 651.783
270 1710 754.938 654.938
315 1710 754.938 654.938
315 1615 751.783 651.783
360 1615 751.783 651.783
315 1710 754.938 654.938
360 1710 754.938 654.938
180 1710 751.783 651.783
225 1710 751.783 651.783
180 1805 754.938 654.938
225 1805 754.938 654.938
225 1710 751.783 651.783
270 1710 754.938 654.938
225 1805 754.938 654.938
270 1805 754.938 654.938
180 1805 754.938 654.938
225 1805 754.938 654.938
180 1900 100 0
225 1900 100 0
225 1805 754.938 654.938
270 1805 754.938 654.938
225 1900 100 0
270 1900 100 0
270 1710 754.938 654.938
315 1710 754.938 654.938
270 1805 754.938 654.938
315 1805 754.938 654.938
315 1710 754.938 654.938
360 1710 754.938 654.938
315 1805 754.938 654.938
360 1805 754.938 654.938
270 1805 754.938 654.938
315 1805 754.938 654.938
270 1900 100 0
315 1900 100 0
315 1805 754.938 654.938
360 1805 754.938 654.938
315 1900 100 0
360 1900 100 0
360 1520 748.627 648.627
405 1520 748.627 648.627
360 1615 751.783 651.783
405 1615 751.783 651.783
405 1520 748.627 648.627
450 1520 100 0
405 1615 751.783 651.783
450 1615 100 0
360 1615 751.783 651.783
405 1615 751.783 651.783
360 1710 754.938 654.938
405 1710 754.938 654.938
405 1615 751.783 651.783
450 1615 100 0
405 1710 754.938 654.938
450 1710 100 0
450 1520 100 0
495 1520 748.627 648.627
450 1615 100 0
495 1615 751.783 651.783
495 1520 748.627 648.627
540 1520 748.627 648.627
495 1615 751.783 651.783
540 1615 751.783 651.783
450 1615 100 0
495 1615 751.783 651.783
450 1710 100 0
495 1710 754.938 654.938
495 1615 751.783 651.783
540 1615 751.783 651.783
495 1710 754.938 654.938
540 1710 754.938 654.938
360 1710 754.938 654.938
405 1710 754.938 654.938
360 1805 754.938 654.938
405 1805 754.938 654.938
405 1710 754.938 654.938
450 1710 100 0
405 1805 754.938 654.938
450 1805 100 0
360 1805 754.938 654.938
405 1805 754.938 654.938
360 1900 100 0
405 1900 100 0
405 1805 754.938 654.938
450 1805 100 0
405 1900 100 0
450 1900 100 0
450 1710 100 0
495 1710 754.938 654.938
450 1805 100 0
495 1805 758.094 658.094
495 1710 754.938 654.938
540 1710 754.938 654.938
495 1805 758.094 658.094
540 1805 758.094 658.094
450 1805 100 0
495 1805 758.094 658.094
450 1900 100 0
495 1900 100 0
495 1805 758.094 658.094
540 1805 758.094 658.094
495 1900 100 0
540 1900 100 0
540 1520 748.627 648.627
585 1520 748.627 648.627
540 1615 751.783 651.783
585 1615 751.783 651.783
585 1520 748.627 648.627
630 1520 748.627 648.627
585 1615 751.783 651.783
630 1615 751.783 651.783
540 1615 751.783 651.783
585 1615 751.783 651.783
540 1710 754.938 654.938
585 1710 754.938 654.938
585 1615 751.783 651.783
630 1615 751.783 651.783
585 1710 754.938 654.938
630 1710 754.938 654.938
630 1520 748.627 648.627
675 1520 748.627 648.627
630 1615 751.783 651.783
675 1615 751.783 651.783
675 1520 748.627 648.627
720 1520 748.627 648.627
675 1615 751.783 651.783
720 1615 751.783 651.783
630 1615 751.783 651.783
675 1615 751.783 651.783
630 1710 754.938 654.938
675 1710 754.938 654.938
675 1615 751.783 651.783
720 1615 751.783 651.783
675 1710 754.938 654.938
720 1710 754.938 654.938
540 1710 754.938 654.938
585 1710 754.938 654.938
540 1805 758.094 658.094
585 1805 758.094 658.094
585 1710 754.938 654.938
630 1710 754.938 654.938
585 1805 758.094 658.094
630 1805 758.094 658.094
540 1805 758.094 658.094
585 1805 758.094 658.094
540 1900 100 0
585 1900 100 0
585 1805 758.094 658.094
630 1805 758.094 658.094
585 1900 100 0
630 1900 100 0
630 1710 754.938 654.938
675 1710 754.938 654.938
630 1805 758.094 658.094
675 1805 758.094 658.094
675 1710 754.938 654.938
720 1710 754.938 654.938
675 1805 758.094 658.094
720 1805 758.094 658.094
630 1805 758.094 658.094
675 1805 758.094 658.094
630 1900 100 0
675 1900 100 0
675 1805 758.094 658.094
720 1805 758.094 658.094
675 1900 100 0
720 1900 100 0
720 1520 748.627 648.627
765 1520 748.627 648.627
720 1615 751.783 651.783
765 1615 751.783 651.783
765 1520 748.627 648.627
810 1520 748.627 648.627
765 1615 751.783 651.783
810 1615 751.783 651.783
720 1615 751.783 651.783
765 1615 751.783 651.783
720 1710 754.938 654.938
765 1710 754.938 654.938
765 1615 751.783 651.783
810 1615 751.783 651.783
765 1710 754.938 654.938
810 1710 754.938 654.938
810 1520 748.627 648.627
855 1520 100 0
810 1615 751.783 651.783
855 1615 100 0
855 1520 100 0
900 1520 100 0
855 1615 100 0
900 1615 100 0
810 1615 751.783 651.783
855 1615 100 0
810 1710 754.938 654.938
855 1710 100 0
855 1615 100 0
900 1615 100 0
855 1710 100 0
900 1710 100 0
720 1710 754.938 654.938
765 1710 754.938 654.938
720 1805 758.094 658.094
765 1805 758.094 658.094
765 1710 754.938 654.938
810 1710 754.938 654.938
765 1805 758.094 658.094
810 1805 758.094 658.094
720 1805 758.094 658.094
765 1805 758.094 658.094
720 1900 100 0
765 1900 100 0
765 1805 758.094 658.094
810 1805 758.094 658.094
765 1900 100 0
810 1900 100 0
810 1710 754.938 654.938
855 1710 100 0
810 1805 758.094 658.094
855 1805 100 0
855 1710 100 0
900 1710 100 0
855 1805 100 0
900 1805 100 0
810 1805 758.094 658.094
855 1805 100 0
810 1900 100 0
855 1900 100 0
855 1805 100 0
900 1805 100 0
855 1900 100 0
900 1900 100 0
