# x y topography analytical topography
0 3 0 0.0112058
0.046875 3.011 0.0110048 0.0115705
0.046875 3.011 0.0110048 0.0115705
0.09375 3.02177 0.0217714 0.0126392
0.09375 3.02177 0.0217714 0.0126392
0.140625 3.03207 0.0320666 0.0143399
0.140625 3.03207 0.0320666 0.0143399
0.1875 3.04167 0.0416678 0.0165673
0.1875 3.04167 0.0416678 0.0165673
0.234375 3.05037 0.0503669 0.0191997
0.234375 3.05037 0.0503669 0.0191997
0.28125 3.05798 0.0579758 0.0221159
0.28125 3.05798 0.0579758 0.0221159
0.328125 3.06433 0.0643296 0.025208
0.328125 3.06433 0.0643296 0.025208
0.375 3.06929 0.069291 0.0283882
0.375 3.06929 0.069291 0.0283882
0.421875 3.07275 0.0727523 0.0315906
0.421875 3.07275 0.0727523 0.0315906
0.46875 3.07464 0.0746389 0.0347684
0.46875 3.07464 0.0746389 0.0347684
0.515625 3.07491 0.0749097 0.0378898
0.515625 3.07491 0.0749097 0.0378898
0.5625 3.07356 0.0735589 0.0409336
0.5625 3.07356 0.0735589 0.0409336
0.609375 3.07062 0.0706158 0.0438851
0.609375 3.07062 0.0706158 0.0438851
0.65625 3.06614 0.0661441 0.0467337
0.65625 3.06614 0.0661441 0.0467337
0.703125 3.06024 0.0602406 0.0494709
0.703125 3.06024 0.0602406 0.0494709
0.75 3.05303 0.053033 0.0520893
0.75 3.05303 0.053033 0.0520893
0.796875 3.04468 0.0446774 0.0545824
0.796875 3.04468 0.0446774 0.0545824
0.84375 3.03535 0.0353548 0.056944
0.84375 3.03535 0.0353548 0.056944
0.890625 3.02527 0.0252667 0.0591685
0.890625 3.02527 0.0252667 0.0591685
0.9375 3.01463 0.0146318 0.0612504
0.9375 3.01463 0.0146318 0.0612504
0.984375 3.00368 0.00368008 0.0631848
0.984375 3.00368 0.00368008 0.0631848
1.03125 2.99265 -0.00735129 0.0649669
1.03125 2.99265 -0.00735129 0.0649669
1.07812 2.98178 -0.0182235 0.0665926
1.07812 2.98178 -0.0182235 0.0665926
1.125 2.9713 -0.0287013 0.0680578
1.125 2.9713 -0.0287013 0.0680578
1.17188 2.96144 -0.0385577 0.0693591
1.17188 2.96144 -0.0385577 0.0693591
1.21875 2.95242 -0.0475795 0.0704932
1.21875 2.95242 -0.0475795 0.0704932
1.26562 2.94443 -0.0555713 0.0714576
1.26562 2.94443 -0.0555713 0.0714576
1.3125 2.93764 -0.0623602 0.0722498
1.3125 2.93764 -0.0623602 0.0722498
1.35938 2.9322 -0.0677992 0.0728679
1.35938 2.9322 -0.0677992 0.0728679
1.40625 2.92823 -0.0717705 0.0733105
1.40625 2.92823 -0.0717705 0.0733105
1.45312 2.92581 -0.0741882 0.0735765
1.45312 2.92581 -0.0741882 0.0735765
1.5 2.925 -0.075 0.0736652
1.5 2.925 -0.075 0.0736652
1.54688 2.92581 -0.0741882 0.0735765
1.54688 2.92581 -0.0741882 0.0735765
1.59375 2.92823 -0.0717705 0.0733105
1.59375 2.92823 -0.0717705 0.0733105
1.64062 2.9322 -0.0677992 0.0728679
1.64062 2.9322 -0.0677992 0.0728679
1.6875 2.93764 -0.0623602 0.0722498
1.6875 2.93764 -0.0623602 0.0722498
1.73438 2.94443 -0.0555713 0.0714576
1.73438 2.94443 -0.0555713 0.0714576
1.78125 2.95242 -0.0475795 0.0704932
1.78125 2.95242 -0.0475795 0.0704932
1.82812 2.96144 -0.0385577 0.0693591
1.82812 2.96144 -0.0385577 0.0693591
1.875 2.9713 -0.0287013 0.0680578
1.875 2.9713 -0.0287013 0.0680578
1.92188 2.98178 -0.0182235 0.0665926
1.92188 2.98178 -0.0182235 0.0665926
1.96875 2.99265 -0.00735129 0.0649669
1.96875 2.99265 -0.00735129 0.0649669
2.01562 3.00368 0.00368008 0.0631848
2.01562 3.00368 0.00368008 0.0631848
2.0625 3.01463 0.0146318 0.0612504
2.0625 3.01463 0.0146318 0.0612504
2.10938 3.02527 0.0252667 0.0591685
2.10938 3.02527 0.0252667 0.0591685
2.15625 3.03535 0.0353548 0.056944
2.15625 3.03535 0.0353548 0.056944
2.20312 3.04468 0.0446774 0.0545824
2.20312 3.04468 0.0446774 0.0545824
2.25 3.05303 0.053033 0.0520893
2.25 3.05303 0.053033 0.0520893
2.29688 3.06024 0.0602406 0.0494709
2.29688 3.06024 0.0602406 0.0494709
2.34375 3.06614 0.0661441 0.0467337
2.34375 3.06614 0.0661441 0.0467337
2.39062 3.07062 0.0706158 0.0438851
2.39062 3.07062 0.0706158 0.0438851
2.4375 3.07356 0.0735589 0.0409336
2.4375 3.07356 0.0735589 0.0409336
2.48438 3.07491 0.0749097 0.0378898
2.48438 3.07491 0.0749097 0.0378898
2.53125 3.07464 0.0746389 0.0347684
2.53125 3.07464 0.0746389 0.0347684
2.57812 3.07275 0.0727523 0.0315906
2.57812 3.07275 0.0727523 0.0315906
2.625 3.06929 0.069291 0.0283882
2.625 3.06929 0.069291 0.0283882
2.67188 3.06433 0.0643296 0.025208
2.67188 3.06433 0.0643296 0.025208
2.71875 3.05798 0.0579758 0.0221159
2.71875 3.05798 0.0579758 0.0221159
2.76562 3.05037 0.0503669 0.0191997
2.76562 3.05037 0.0503669 0.0191997
2.8125 3.04167 0.0416678 0.0165673
2.8125 3.04167 0.0416678 0.0165673
2.85938 3.03207 0.0320666 0.0143399
2.85938 3.03207 0.0320666 0.0143399
2.90625 3.02177 0.0217714 0.0126392
2.90625 3.02177 0.0217714 0.0126392
2.95312 3.011 0.0110048 0.0115705
2.95312 3.011 0.0110048 0.0115705
3 3 0 0.0112058
