# x y topography analytical topography
0 3 0 0.0135248
0.046875 3.011 0.0110048 0.0138207
0.046875 3.011 0.0110048 0.0138207
0.09375 3.02177 0.0217714 0.0146937
0.09375 3.02177 0.0217714 0.0146937
0.140625 3.03207 0.0320666 0.0161017
0.140625 3.03207 0.0320666 0.0161017
0.1875 3.04167 0.0416678 0.0179804
0.1875 3.04167 0.0416678 0.0179804
0.234375 3.05037 0.0503669 0.0202506
0.234375 3.05037 0.0503669 0.0202506
0.28125 3.05798 0.0579758 0.022827
0.28125 3.05798 0.0579758 0.022827
0.328125 3.06433 0.0643296 0.0256251
0.328125 3.06433 0.0643296 0.0256251
0.375 3.06929 0.069291 0.0285679
0.375 3.06929 0.069291 0.0285679
0.421875 3.07275 0.0727523 0.0315888
0.421875 3.07275 0.0727523 0.0315888
0.46875 3.07464 0.0746389 0.0346337
0.46875 3.07464 0.0746389 0.0346337
0.515625 3.07491 0.0749097 0.0376603
0.515625 3.07491 0.0749097 0.0376603
0.5625 3.07356 0.0735589 0.0406368
0.5625 3.07356 0.0735589 0.0406368
0.609375 3.07062 0.0706158 0.0435395
0.609375 3.07062 0.0706158 0.0435395
0.65625 3.06614 0.0661441 0.046351
0.65625 3.06614 0.0661441 0.046351
0.703125 3.06024 0.0602406 0.0490582
0.703125 3.06024 0.0602406 0.0490582
0.75 3.05303 0.053033 0.0516512
0.75 3.05303 0.053033 0.0516512
0.796875 3.04468 0.0446774 0.0541216
0.796875 3.04468 0.0446774 0.0541216
0.84375 3.03535 0.0353548 0.0564626
0.84375 3.03535 0.0353548 0.0564626
0.890625 3.02527 0.0252667 0.0586679
0.890625 3.02527 0.0252667 0.0586679
0.9375 3.01463 0.0146318 0.0607321
0.9375 3.01463 0.0146318 0.0607321
0.984375 3.00368 0.00368008 0.0626501
0.984375 3.00368 0.00368008 0.0626501
1.03125 2.99265 -0.00735129 0.0644171
1.03125 2.99265 -0.00735129 0.0644171
1.07812 2.98178 -0.0182235 0.066029
1.07812 2.98178 -0.0182235 0.066029
1.125 2.9713 -0.0287013 0.0674818
1.125 2.9713 -0.0287013 0.0674818
1.17188 2.96144 -0.0385577 0.0687721
1.17188 2.96144 -0.0385577 0.0687721
1.21875 2.95242 -0.0475795 0.0698967
1.21875 2.95242 -0.0475795 0.0698967
1.26562 2.94443 -0.0555713 0.0708528
1.26562 2.94443 -0.0555713 0.0708528
1.3125 2.93764 -0.0623602 0.0716383
1.3125 2.93764 -0.0623602 0.0716383
1.35938 2.9322 -0.0677992 0.0722512
1.35938 2.9322 -0.0677992 0.0722512
1.40625 2.92823 -0.0717705 0.0726901
1.40625 2.92823 -0.0717705 0.0726901
1.45312 2.92581 -0.0741882 0.0729538
1.45312 2.92581 -0.0741882 0.0729538
1.5 2.925 -0.075 0.0730418
1.5 2.925 -0.075 0.0730418
1.54688 2.92581 -0.0741882 0.0729538
1.54688 2.92581 -0.0741882 0.0729538
1.59375 2.92823 -0.0717705 0.0726901
1.59375 2.92823 -0.0717705 0.0726901
1.64062 2.9322 -0.0677992 0.0722512
1.64062 2.9322 -0.0677992 0.0722512
1.6875 2.93764 -0.0623602 0.0716383
1.6875 2.93764 -0.0623602 0.0716383
1.73438 2.94443 -0.0555713 0.0708528
1.73438 2.94443 -0.0555713 0.0708528
1.78125 2.95242 -0.0475795 0.0698967
1.78125 2.95242 -0.0475795 0.0698967
1.82812 2.96144 -0.0385577 0.0687721
1.82812 2.96144 -0.0385577 0.0687721
1.875 2.9713 -0.0287013 0.0674818
1.875 2.9713 -0.0287013 0.0674818
1.92188 2.98178 -0.0182235 0.066029
1.92188 2.98178 -0.0182235 0.066029
1.96875 2.99265 -0.00735129 0.0644171
1.96875 2.99265 -0.00735129 0.0644171
2.01562 3.00368 0.00368008 0.0626501
2.01562 3.00368 0.00368008 0.0626501
2.0625 3.01463 0.0146318 0.0607321
2.0625 3.01463 0.0146318 0.0607321
2.10938 3.02527 0.0252667 0.0586679
2.10938 3.02527 0.0252667 0.0586679
2.15625 3.03535 0.0353548 0.0564626
2.15625 3.03535 0.0353548 0.0564626
2.20312 3.04468 0.0446774 0.0541216
2.20312 3.04468 0.0446774 0.0541216
2.25 3.05303 0.053033 0.0516512
2.25 3.05303 0.053033 0.0516512
2.29688 3.06024 0.0602406 0.0490582
2.29688 3.06024 0.0602406 0.0490582
2.34375 3.06614 0.0661441 0.046351
2.34375 3.06614 0.0661441 0.046351
2.39062 3.07062 0.0706158 0.0435395
2.39062 3.07062 0.0706158 0.0435395
2.4375 3.07356 0.0735589 0.0406368
2.4375 3.07356 0.0735589 0.0406368
2.48438 3.07491 0.0749097 0.0376603
2.48438 3.07491 0.0749097 0.0376603
2.53125 3.07464 0.0746389 0.0346337
2.53125 3.07464 0.0746389 0.0346337
2.57812 3.07275 0.0727523 0.0315888
2.57812 3.07275 0.0727523 0.0315888
2.625 3.06929 0.069291 0.0285679
2.625 3.06929 0.069291 0.0285679
2.67188 3.06433 0.0643296 0.0256251
2.67188 3.06433 0.0643296 0.0256251
2.71875 3.05798 0.0579758 0.022827
2.71875 3.05798 0.0579758 0.022827
2.76562 3.05037 0.0503669 0.0202506
2.76562 3.05037 0.0503669 0.0202506
2.8125 3.04167 0.0416678 0.0179804
2.8125 3.04167 0.0416678 0.0179804
2.85938 3.03207 0.0320666 0.0161017
2.85938 3.03207 0.0320666 0.0161017
2.90625 3.02177 0.0217714 0.0146937
2.90625 3.02177 0.0217714 0.0146937
2.95312 3.011 0.0110048 0.0138207
2.95312 3.011 0.0110048 0.0138207
3 3 0 0.0135248
