# x y topography analytical topography
0 3 0 0.00937372
0.046875 3.011 0.0110048 0.00981515
0.046875 3.011 0.0110048 0.00981515
0.09375 3.02177 0.0217714 0.0110963
0.09375 3.02177 0.0217714 0.0110963
0.140625 3.03207 0.0320666 0.0130995
0.140625 3.03207 0.0320666 0.0130995
0.1875 3.04167 0.0416678 0.0156614
0.1875 3.04167 0.0416678 0.0156614
0.234375 3.05037 0.0503669 0.0186089
0.234375 3.05037 0.0503669 0.0186089
0.28125 3.05798 0.0579758 0.0217876
0.28125 3.05798 0.0579758 0.0217876
0.328125 3.06433 0.0643296 0.0250773
0.328125 3.06433 0.0643296 0.0250773
0.375 3.06929 0.069291 0.0283949
0.375 3.06929 0.069291 0.0283949
0.421875 3.07275 0.0727523 0.0316873
0.421875 3.07275 0.0727523 0.0316873
0.46875 3.07464 0.0746389 0.0349226
0.46875 3.07464 0.0746389 0.0349226
0.515625 3.07491 0.0749097 0.0380816
0.515625 3.07491 0.0749097 0.0380816
0.5625 3.07356 0.0735589 0.0411518
0.5625 3.07356 0.0735589 0.0411518
0.609375 3.07062 0.0706158 0.0441237
0.609375 3.07062 0.0706158 0.0441237
0.65625 3.06614 0.0661441 0.0469897
0.65625 3.06614 0.0661441 0.0469897
0.703125 3.06024 0.0602406 0.0497426
0.703125 3.06024 0.0602406 0.0497426
0.75 3.05303 0.053033 0.0523756
0.75 3.05303 0.053033 0.0523756
0.796875 3.04468 0.0446774 0.0548824
0.796875 3.04468 0.0446774 0.0548824
0.84375 3.03535 0.0353548 0.0572571
0.84375 3.03535 0.0353548 0.0572571
0.890625 3.02527 0.0252667 0.0594938
0.890625 3.02527 0.0252667 0.0594938
0.9375 3.01463 0.0146318 0.0615872
0.9375 3.01463 0.0146318 0.0615872
0.984375 3.00368 0.00368008 0.0635322
0.984375 3.00368 0.00368008 0.0635322
1.03125 2.99265 -0.00735129 0.0653241
1.03125 2.99265 -0.00735129 0.0653241
1.07812 2.98178 -0.0182235 0.0669587
1.07812 2.98178 -0.0182235 0.0669587
1.125 2.9713 -0.0287013 0.068432
1.125 2.9713 -0.0287013 0.068432
1.17188 2.96144 -0.0385577 0.0697404
1.17188 2.96144 -0.0385577 0.0697404
1.21875 2.95242 -0.0475795 0.0708808
1.21875 2.95242 -0.0475795 0.0708808
1.26562 2.94443 -0.0555713 0.0718505
1.26562 2.94443 -0.0555713 0.0718505
1.3125 2.93764 -0.0623602 0.072647
1.3125 2.93764 -0.0623602 0.072647
1.35938 2.9322 -0.0677992 0.0732686
1.35938 2.9322 -0.0677992 0.0732686
1.40625 2.92823 -0.0717705 0.0737136
1.40625 2.92823 -0.0717705 0.0737136
1.45312 2.92581 -0.0741882 0.073981
1.45312 2.92581 -0.0741882 0.073981
1.5 2.925 -0.075 0.0740703
1.5 2.925 -0.075 0.0740703
1.54688 2.92581 -0.0741882 0.073981
1.54688 2.92581 -0.0741882 0.073981
1.59375 2.92823 -0.0717705 0.0737136
1.59375 2.92823 -0.0717705 0.0737136
1.64062 2.9322 -0.0677992 0.0732686
1.64062 2.9322 -0.0677992 0.0732686
1.6875 2.93764 -0.0623602 0.072647
1.6875 2.93764 -0.0623602 0.072647
1.73438 2.94443 -0.0555713 0.0718505
1.73438 2.94443 -0.0555713 0.0718505
1.78125 2.95242 -0.0475795 0.0708808
1.78125 2.95242 -0.0475795 0.0708808
1.82812 2.96144 -0.0385577 0.0697404
1.82812 2.96144 -0.0385577 0.0697404
1.875 2.9713 -0.0287013 0.068432
1.875 2.9713 -0.0287013 0.068432
1.92188 2.98178 -0.0182235 0.0669587
1.92188 2.98178 -0.0182235 0.0669587
1.96875 2.99265 -0.00735129 0.0653241
1.96875 2.99265 -0.00735129 0.0653241
2.01562 3.00368 0.00368008 0.0635322
2.01562 3.00368 0.00368008 0.0635322
2.0625 3.01463 0.0146318 0.0615872
2.0625 3.01463 0.0146318 0.0615872
2.10938 3.02527 0.0252667 0.0594938
2.10938 3.02527 0.0252667 0.0594938
2.15625 3.03535 0.0353548 0.0572571
2.15625 3.03535 0.0353548 0.0572571
2.20312 3.04468 0.0446774 0.0548824
2.20312 3.04468 0.0446774 0.0548824
2.25 3.05303 0.053033 0.0523756
2.25 3.05303 0.053033 0.0523756
2.29688 3.06024 0.0602406 0.0497426
2.29688 3.06024 0.0602406 0.0497426
2.34375 3.06614 0.0661441 0.0469897
2.34375 3.06614 0.0661441 0.0469897
2.39062 3.07062 0.0706158 0.0441237
2.39062 3.07062 0.0706158 0.0441237
2.4375 3.07356 0.0735589 0.0411518
2.4375 3.07356 0.0735589 0.0411518
2.48438 3.07491 0.0749097 0.0380816
2.48438 3.07491 0.0749097 0.0380816
2.53125 3.07464 0.0746389 0.0349226
2.53125 3.07464 0.0746389 0.0349226
2.57812 3.07275 0.0727523 0.0316873
2.57812 3.07275 0.0727523 0.0316873
2.625 3.06929 0.069291 0.0283949
2.625 3.06929 0.069291 0.0283949
2.67188 3.06433 0.0643296 0.0250773
2.67188 3.06433 0.0643296 0.0250773
2.71875 3.05798 0.0579758 0.0217876
2.71875 3.05798 0.0579758 0.0217876
2.76562 3.05037 0.0503669 0.0186089
2.76562 3.05037 0.0503669 0.0186089
2.8125 3.04167 0.0416678 0.0156614
2.8125 3.04167 0.0416678 0.0156614
2.85938 3.03207 0.0320666 0.0130995
2.85938 3.03207 0.0320666 0.0130995
2.90625 3.02177 0.0217714 0.0110963
2.90625 3.02177 0.0217714 0.0110963
2.95312 3.011 0.0110048 0.00981515
2.95312 3.011 0.0110048 0.00981515
3 3 0 0.00937372
