# x y topography analytical topography
0 3 0 0.013112
0.046875 3.011 0.0110048 0.0134184
0.046875 3.011 0.0110048 0.0134184
0.09375 3.02177 0.0217714 0.0143218
0.09375 3.02177 0.0217714 0.0143218
0.140625 3.03207 0.0320666 0.0157761
0.140625 3.03207 0.0320666 0.0157761
0.1875 3.04167 0.0416678 0.0177113
0.1875 3.04167 0.0416678 0.0177113
0.234375 3.05037 0.0503669 0.0200422
0.234375 3.05037 0.0503669 0.0200422
0.28125 3.05798 0.0579758 0.0226779
0.28125 3.05798 0.0579758 0.0226779
0.328125 3.06433 0.0643296 0.0255298
0.328125 3.06433 0.0643296 0.0255298
0.375 3.06929 0.069291 0.0285182
0.375 3.06929 0.069291 0.0285182
0.421875 3.07275 0.0727523 0.0315759
0.421875 3.07275 0.0727523 0.0315759
0.46875 3.07464 0.0746389 0.0346492
0.46875 3.07464 0.0746389 0.0346492
0.515625 3.07491 0.0749097 0.037697
0.515625 3.07491 0.0749097 0.037697
0.5625 3.07356 0.0735589 0.0406889
0.5625 3.07356 0.0735589 0.0406889
0.609375 3.07062 0.0706158 0.0436029
0.609375 3.07062 0.0706158 0.0436029
0.65625 3.06614 0.0661441 0.0464229
0.65625 3.06614 0.0661441 0.0464229
0.703125 3.06024 0.0602406 0.0491368
0.703125 3.06024 0.0602406 0.0491368
0.75 3.05303 0.053033 0.0517351
0.75 3.05303 0.053033 0.0517351
0.796875 3.04468 0.0446774 0.0542102
0.796875 3.04468 0.0446774 0.0542102
0.84375 3.03535 0.0353548 0.0565553
0.84375 3.03535 0.0353548 0.0565553
0.890625 3.02527 0.0252667 0.0587644
0.890625 3.02527 0.0252667 0.0587644
0.9375 3.01463 0.0146318 0.0608321
0.9375 3.01463 0.0146318 0.0608321
0.984375 3.00368 0.00368008 0.0627532
0.984375 3.00368 0.00368008 0.0627532
1.03125 2.99265 -0.00735129 0.0645232
1.03125 2.99265 -0.00735129 0.0645232
1.07812 2.98178 -0.0182235 0.0661377
1.07812 2.98178 -0.0182235 0.0661377
1.125 2.9713 -0.0287013 0.0675929
1.125 2.9713 -0.0287013 0.0675929
1.17188 2.96144 -0.0385577 0.0688853
1.17188 2.96144 -0.0385577 0.0688853
1.21875 2.95242 -0.0475795 0.0700117
1.21875 2.95242 -0.0475795 0.0700117
1.26562 2.94443 -0.0555713 0.0709695
1.26562 2.94443 -0.0555713 0.0709695
1.3125 2.93764 -0.0623602 0.0717563
1.3125 2.93764 -0.0623602 0.0717563
1.35938 2.9322 -0.0677992 0.0723702
1.35938 2.9322 -0.0677992 0.0723702
1.40625 2.92823 -0.0717705 0.0728098
1.40625 2.92823 -0.0717705 0.0728098
1.45312 2.92581 -0.0741882 0.0730739
1.45312 2.92581 -0.0741882 0.0730739
1.5 2.925 -0.075 0.0731621
1.5 2.925 -0.075 0.0731621
1.54688 2.92581 -0.0741882 0.0730739
1.54688 2.92581 -0.0741882 0.0730739
1.59375 2.92823 -0.0717705 0.0728098
1.59375 2.92823 -0.0717705 0.0728098
1.64062 2.9322 -0.0677992 0.0723702
1.64062 2.9322 -0.0677992 0.0723702
1.6875 2.93764 -0.0623602 0.0717563
1.6875 2.93764 -0.0623602 0.0717563
1.73438 2.94443 -0.0555713 0.0709695
1.73438 2.94443 -0.0555713 0.0709695
1.78125 2.95242 -0.0475795 0.0700117
1.78125 2.95242 -0.0475795 0.0700117
1.82812 2.96144 -0.0385577 0.0688853
1.82812 2.96144 -0.0385577 0.0688853
1.875 2.9713 -0.0287013 0.0675929
1.875 2.9713 -0.0287013 0.0675929
1.92188 2.98178 -0.0182235 0.0661377
1.92188 2.98178 -0.0182235 0.0661377
1.96875 2.99265 -0.00735129 0.0645232
1.96875 2.99265 -0.00735129 0.0645232
2.01562 3.00368 0.00368008 0.0627532
2.01562 3.00368 0.00368008 0.0627532
2.0625 3.01463 0.0146318 0.0608321
2.0625 3.01463 0.0146318 0.0608321
2.10938 3.02527 0.0252667 0.0587644
2.10938 3.02527 0.0252667 0.0587644
2.15625 3.03535 0.0353548 0.0565553
2.15625 3.03535 0.0353548 0.0565553
2.20312 3.04468 0.0446774 0.0542102
2.20312 3.04468 0.0446774 0.0542102
2.25 3.05303 0.053033 0.0517351
2.25 3.05303 0.053033 0.0517351
2.29688 3.06024 0.0602406 0.0491368
2.29688 3.06024 0.0602406 0.0491368
2.34375 3.06614 0.0661441 0.0464229
2.34375 3.06614 0.0661441 0.0464229
2.39062 3.07062 0.0706158 0.0436029
2.39062 3.07062 0.0706158 0.0436029
2.4375 3.07356 0.0735589 0.0406889
2.4375 3.07356 0.0735589 0.0406889
2.48438 3.07491 0.0749097 0.037697
2.48438 3.07491 0.0749097 0.037697
2.53125 3.07464 0.0746389 0.0346492
2.53125 3.07464 0.0746389 0.0346492
2.57812 3.07275 0.0727523 0.0315759
2.57812 3.07275 0.0727523 0.0315759
2.625 3.06929 0.069291 0.0285182
2.625 3.06929 0.069291 0.0285182
2.67188 3.06433 0.0643296 0.0255298
2.67188 3.06433 0.0643296 0.0255298
2.71875 3.05798 0.0579758 0.0226779
2.71875 3.05798 0.0579758 0.0226779
2.76562 3.05037 0.0503669 0.0200422
2.76562 3.05037 0.0503669 0.0200422
2.8125 3.04167 0.0416678 0.0177113
2.8125 3.04167 0.0416678 0.0177113
2.85938 3.03207 0.0320666 0.0157761
2.85938 3.03207 0.0320666 0.0157761
2.90625 3.02177 0.0217714 0.0143218
2.90625 3.02177 0.0217714 0.0143218
2.95312 3.011 0.0110048 0.0134184
2.95312 3.011 0.0110048 0.0134184
3 3 0 0.013112
