# x y topography analytical topography
0 1.15 0.15 0
0.015625 1.14982 0.149819 0.00368008
0.015625 1.14982 0.149819 0.00368008
0.03125 1.14928 0.149278 0.00735129
0.03125 1.14928 0.149278 0.00735129
0.046875 1.14838 0.148376 0.0110048
0.046875 1.14838 0.148376 0.0110048
0.0625 1.14712 0.147118 0.0146318
0.0625 1.14712 0.147118 0.0146318
0.078125 1.1455 0.145505 0.0182235
0.078125 1.1455 0.145505 0.0182235
0.09375 1.14354 0.143541 0.0217714
0.09375 1.14354 0.143541 0.0217714
0.109375 1.14123 0.141232 0.0252667
0.109375 1.14123 0.141232 0.0252667
0.125 1.13858 0.138582 0.0287013
0.125 1.13858 0.138582 0.0287013
0.140625 1.1356 0.135598 0.0320666
0.140625 1.1356 0.135598 0.0320666
0.15625 1.13229 0.132288 0.0353548
0.15625 1.13229 0.132288 0.0353548
0.171875 1.12866 0.128659 0.0385577
0.171875 1.12866 0.128659 0.0385577
0.1875 1.12472 0.12472 0.0416678
0.1875 1.12472 0.12472 0.0416678
0.203125 1.12048 0.120481 0.0446774
0.203125 1.12048 0.120481 0.0446774
0.21875 1.11595 0.115952 0.0475795
0.21875 1.11595 0.115952 0.0475795
0.234375 1.11114 0.111143 0.0503669
0.234375 1.11114 0.111143 0.0503669
0.25 1.10607 0.106066 0.053033
0.25 1.10607 0.106066 0.053033
0.265625 1.10073 0.100734 0.0555713
0.265625 1.10073 0.100734 0.0555713
0.28125 1.09516 0.095159 0.0579758
0.28125 1.09516 0.095159 0.0579758
0.296875 1.08935 0.0893549 0.0602406
0.296875 1.08935 0.0893549 0.0602406
0.3125 1.08334 0.0833355 0.0623602
0.3125 1.08334 0.0833355 0.0623602
0.328125 1.07712 0.0771154 0.0643296
0.328125 1.07712 0.0771154 0.0643296
0.34375 1.07071 0.0707095 0.0661441
0.34375 1.07071 0.0707095 0.0661441
0.359375 1.06413 0.0641333 0.0677992
0.359375 1.06413 0.0641333 0.0677992
0.375 1.0574 0.0574025 0.069291
0.375 1.0574 0.0574025 0.069291
0.390625 1.05053 0.0505335 0.0706158
0.390625 1.05053 0.0505335 0.0706158
0.40625 1.04354 0.0435427 0.0717705
0.40625 1.04354 0.0435427 0.0717705
0.421875 1.03645 0.036447 0.0727523
0.421875 1.03645 0.036447 0.0727523
0.4375 1.02926 0.0292635 0.0735589
0.4375 1.02926 0.0292635 0.0735589
0.453125 1.02201 0.0220096 0.0741882
0.453125 1.02201 0.0220096 0.0741882
0.46875 1.0147 0.0147026 0.0746389
0.46875 1.0147 0.0147026 0.0746389
0.484375 1.00736 0.00736015 0.0749097
0.484375 1.00736 0.00736015 0.0749097
0.5 1 0 0.075
0.5 1 0 0.075
0.515625 1 0 0.0749097
0.515625 1 0 0.0749097
0.53125 1 0 0.0746389
0.53125 1 0 0.0746389
0.546875 1 0 0.0741882
0.546875 1 0 0.0741882
0.5625 1 0 0.0735589
0.5625 1 0 0.0735589
0.578125 1 0 0.0727523
0.578125 1 0 0.0727523
0.59375 1 0 0.0717705
0.59375 1 0 0.0717705
0.609375 1 0 0.0706158
0.609375 1 0 0.0706158
0.625 1 0 0.069291
0.625 1 0 0.069291
0.640625 1 0 0.0677992
0.640625 1 0 0.0677992
0.65625 1 0 0.0661441
0.65625 1 0 0.0661441
0.671875 1 0 0.0643296
0.671875 1 0 0.0643296
0.6875 1 0 0.0623602
0.6875 1 0 0.0623602
0.703125 1 0 0.0602406
0.703125 1 0 0.0602406
0.71875 1 0 0.0579758
0.71875 1 0 0.0579758
0.734375 1 0 0.0555713
0.734375 1 0 0.0555713
0.75 1 0 0.053033
0.75 1 0 0.053033
0.765625 1 0 0.0503669
0.765625 1 0 0.0503669
0.78125 1 0 0.0475795
0.78125 1 0 0.0475795
0.796875 1 0 0.0446774
0.796875 1 0 0.0446774
0.8125 1 0 0.0416678
0.8125 1 0 0.0416678
0.828125 1 0 0.0385577
0.828125 1 0 0.0385577
0.84375 1 0 0.0353548
0.84375 1 0 0.0353548
0.859375 1 0 0.0320666
0.859375 1 0 0.0320666
0.875 1 0 0.0287013
0.875 1 0 0.0287013
0.890625 1 0 0.0252667
0.890625 1 0 0.0252667
0.90625 1 0 0.0217714
0.90625 1 0 0.0217714
0.921875 1 0 0.0182235
0.921875 1 0 0.0182235
0.9375 1 0 0.0146318
0.9375 1 0 0.0146318
0.953125 1 0 0.0110048
0.953125 1 0 0.0110048
0.96875 1 0 0.00735129
0.96875 1 0 0.00735129
0.984375 1 0 0.00368008
0.984375 1 0 0.00368008
1 1 0 9.18485e-18
