# x y topography analytical topography
0 1.14963 0.149631 0.00419684
0.015625 1.14945 0.149451 0.00517807
0.015625 1.14945 0.149451 0.00517807
0.03125 1.14891 0.148912 0.00772137
0.03125 1.14891 0.148912 0.00772137
0.046875 1.14802 0.148015 0.0110465
0.046875 1.14802 0.148015 0.0110465
0.0625 1.14676 0.146762 0.0146039
0.0625 1.14676 0.146762 0.0146039
0.078125 1.14516 0.145156 0.0181792
0.078125 1.14516 0.145156 0.0181792
0.09375 1.1432 0.143201 0.0217177
0.09375 1.1432 0.143201 0.0217177
0.109375 1.1409 0.140902 0.0252045
0.109375 1.1409 0.140902 0.0252045
0.125 1.13826 0.138263 0.0286305
0.125 1.13826 0.138263 0.0286305
0.140625 1.13529 0.135291 0.0319876
0.140625 1.13529 0.135291 0.0319876
0.15625 1.13199 0.131993 0.0352676
0.15625 1.13199 0.131993 0.0352676
0.171875 1.12838 0.128378 0.0384627
0.171875 1.12838 0.128378 0.0384627
0.1875 1.12445 0.124453 0.0415651
0.1875 1.12445 0.124453 0.0415651
0.203125 1.12023 0.120228 0.0445673
0.203125 1.12023 0.120228 0.0445673
0.21875 1.11571 0.115712 0.0474622
0.21875 1.11571 0.115712 0.0474622
0.234375 1.11092 0.110918 0.0502428
0.234375 1.11092 0.110918 0.0502428
0.25 1.10586 0.105856 0.0529023
0.25 1.10586 0.105856 0.0529023
0.265625 1.10054 0.100538 0.0554344
0.265625 1.10054 0.100538 0.0554344
0.28125 1.09498 0.094978 0.0578329
0.28125 1.09498 0.094978 0.0578329
0.296875 1.08919 0.0891882 0.0600921
0.296875 1.08919 0.0891882 0.0600921
0.3125 1.08318 0.083183 0.0622065
0.3125 1.08318 0.083183 0.0622065
0.328125 1.07698 0.0769768 0.0641711
0.328125 1.07698 0.0769768 0.0641711
0.34375 1.07058 0.0705845 0.0659811
0.34375 1.07058 0.0705845 0.0659811
0.359375 1.06402 0.0640217 0.0676321
0.359375 1.06402 0.0640217 0.0676321
0.375 1.0573 0.0573041 0.0691202
0.375 1.0573 0.0573041 0.0691202
0.390625 1.05045 0.0504482 0.0704418
0.390625 1.05045 0.0504482 0.0704418
0.40625 1.04347 0.0434711 0.0715937
0.40625 1.04347 0.0434711 0.0715937
0.421875 1.03639 0.0363917 0.0725731
0.421875 1.03639 0.0363917 0.0725731
0.4375 1.02924 0.0292359 0.0733776
0.4375 1.02924 0.0292359 0.0733776
0.453125 1.02205 0.0220546 0.0740054
0.453125 1.02205 0.0220546 0.0740054
0.46875 1.01499 0.0149894 0.0744549
0.46875 1.01499 0.0149894 0.0744549
0.484375 1.00848 0.00847851 0.0747251
0.484375 1.00848 0.00847851 0.0747251
0.5 1.00364 0.0036444 0.0748152
0.5 1.00364 0.0036444 0.0748152
0.515625 1.0013 0.00130382 0.0747251
0.515625 1.0013 0.00130382 0.0747251
0.53125 1.00042 0.000424158 0.0744549
0.53125 1.00042 0.000424158 0.0744549
0.546875 1.00013 0.000130267 0.0740054
0.546875 1.00013 0.000130267 0.0740054
0.5625 1.00004 3.85335e-05 0.0733776
0.5625 1.00004 3.85335e-05 0.0733776
0.578125 1.00001 1.10996e-05 0.0725731
0.578125 1.00001 1.10996e-05 0.0725731
0.59375 1 3.14042e-06 0.0715937
0.59375 1 3.14042e-06 0.0715937
0.609375 1 8.79662e-07 0.0704418
0.609375 1 8.79662e-07 0.0704418
0.625 1 2.53598e-07 0.0691202
0.625 1 2.53598e-07 0.0691202
0.640625 1 6.27337e-08 0.0676321
0.640625 1 6.27337e-08 0.0676321
0.65625 1 1.18345e-08 0.0659811
0.65625 1 1.18345e-08 0.0659811
0.671875 1 1.88374e-09 0.0641711
0.671875 1 1.88374e-09 0.0641711
0.6875 1 1.56087e-10 0.0622065
0.6875 1 1.56087e-10 0.0622065
0.703125 1 -1.08847e-11 0.0600921
0.703125 1 -1.08847e-11 0.0600921
0.71875 1 -9.54969e-12 0.0578329
0.71875 1 -9.54969e-12 0.0578329
0.734375 1 -3.79263e-12 0.0554344
0.734375 1 -3.79263e-12 0.0554344
0.75 1 -1.26343e-12 0.0529023
0.75 1 -1.26343e-12 0.0529023
0.765625 1 -4.3332e-13 0.0502428
0.765625 1 -4.3332e-13 0.0502428
0.78125 1 -5.10703e-14 0.0474622
0.78125 1 -5.10703e-14 0.0474622
0.796875 1 -1.00364e-13 0.0445673
0.796875 1 -1.00364e-13 0.0445673
0.8125 1 2.13163e-14 0.0415651
0.8125 1 2.13163e-14 0.0415651
0.828125 1 -1.08802e-14 0.0384627
0.828125 1 -1.08802e-14 0.0384627
0.84375 1 -1.11022e-15 0.0352676
0.84375 1 -1.11022e-15 0.0352676
0.859375 1 8.88178e-16 0.0319876
0.859375 1 8.88178e-16 0.0319876
0.875 1 0 0.0286305
0.875 1 0 0.0286305
0.890625 1 0 0.0252045
0.890625 1 0 0.0252045
0.90625 1 0 0.0217177
0.90625 1 0 0.0217177
0.921875 1 0 0.0181792
0.921875 1 0 0.0181792
0.9375 1 0 0.0146039
0.9375 1 0 0.0146039
0.953125 1 0 0.0110465
0.953125 1 0 0.0110465
0.96875 1 0 0.00772137
0.96875 1 0 0.00772137
0.984375 1 0 0.00517807
0.984375 1 0 0.00517807
1 1 0 0.00419684
