# x y topography analytical topography
0 3.00975 0.00974589 0.00976994
0.046875 3.01017 0.0101697 0.0101925
0.046875 3.01017 0.0101697 0.0101925
0.09375 3.0114 0.0114027 0.011422
0.09375 3.0114 0.0114027 0.011422
0.140625 3.01334 0.0133392 0.0133531
0.140625 3.01334 0.0133392 0.0133531
0.1875 3.01583 0.0158303 0.0158381
0.1875 3.01583 0.0158303 0.0158381
0.234375 3.01871 0.018714 0.0187163
0.234375 3.01871 0.018714 0.0187163
0.28125 3.02184 0.0218421 0.0218405
0.28125 3.02184 0.0218421 0.0218405
0.328125 3.0251 0.0250959 0.025092
0.328125 3.0251 0.0250959 0.025092
0.375 3.02839 0.0283897 0.0283848
0.375 3.02839 0.0283897 0.0283848
0.421875 3.03167 0.0316672 0.0316622
0.421875 3.03167 0.0316672 0.0316622
0.46875 3.03489 0.0348934 0.0348883
0.46875 3.03489 0.0348934 0.0348883
0.515625 3.03805 0.0380463 0.0380414
0.515625 3.03805 0.0380463 0.0380414
0.5625 3.04111 0.041112 0.0411072
0.5625 3.04111 0.041112 0.0411072
0.609375 3.04408 0.0440803 0.0440755
0.609375 3.04408 0.0440803 0.0440755
0.65625 3.04694 0.0469429 0.0469383
0.65625 3.04694 0.0469429 0.0469383
0.703125 3.04969 0.0496925 0.049688
0.703125 3.04969 0.0496925 0.049688
0.75 3.05232 0.0523225 0.0523182
0.75 3.05232 0.0523225 0.0523182
0.796875 3.05483 0.0548264 0.0548223
0.796875 3.05483 0.0548264 0.0548223
0.84375 3.0572 0.0571981 0.0571943
0.84375 3.0572 0.0571981 0.0571943
0.890625 3.05943 0.0594321 0.0594286
0.890625 3.05943 0.0594321 0.0594286
0.9375 3.06152 0.0615228 0.0615197
0.9375 3.06152 0.0615228 0.0615197
0.984375 3.06347 0.0634654 0.0634625
0.984375 3.06347 0.0634654 0.0634625
1.03125 3.06526 0.065255 0.0652525
1.03125 3.06526 0.065255 0.0652525
1.07812 3.06689 0.0668875 0.0668853
1.07812 3.06689 0.0668875 0.0668853
1.125 3.06836 0.0683588 0.068357
1.125 3.06836 0.0683588 0.068357
1.17188 3.06967 0.0696654 0.069664
1.17188 3.06967 0.0696654 0.069664
1.21875 3.0708 0.0708043 0.0708031
1.21875 3.0708 0.0708043 0.0708031
1.26562 3.07177 0.0717726 0.0717717
1.26562 3.07177 0.0717726 0.0717717
1.3125 3.07257 0.072568 0.0725674
1.3125 3.07257 0.072568 0.0725674
1.35938 3.07319 0.0731887 0.0731883
1.35938 3.07319 0.0731887 0.0731883
1.40625 3.07363 0.0736331 0.0736328
1.40625 3.07363 0.0736331 0.0736328
1.45312 3.0739 0.0739002 0.0738999
1.45312 3.0739 0.0739002 0.0738999
1.5 3.07399 0.0739893 0.0739891
1.5 3.07399 0.0739893 0.0739891
1.54688 3.0739 0.0739002 0.0738999
1.54688 3.0739 0.0739002 0.0738999
1.59375 3.07363 0.0736331 0.0736328
1.59375 3.07363 0.0736331 0.0736328
1.64062 3.07319 0.0731887 0.0731883
1.64062 3.07319 0.0731887 0.0731883
1.6875 3.07257 0.072568 0.0725674
1.6875 3.07257 0.072568 0.0725674
1.73438 3.07177 0.0717726 0.0717717
1.73438 3.07177 0.0717726 0.0717717
1.78125 3.0708 0.0708043 0.0708031
1.78125 3.0708 0.0708043 0.0708031
1.82812 3.06967 0.0696654 0.069664
1.82812 3.06967 0.0696654 0.069664
1.875 3.06836 0.0683588 0.068357
1.875 3.06836 0.0683588 0.068357
1.92188 3.06689 0.0668875 0.0668853
1.92188 3.06689 0.0668875 0.0668853
1.96875 3.06526 0.065255 0.0652525
1.96875 3.06526 0.065255 0.0652525
2.01562 3.06347 0.0634654 0.0634625
2.01562 3.06347 0.0634654 0.0634625
2.0625 3.06152 0.0615228 0.0615197
2.0625 3.06152 0.0615228 0.0615197
2.10938 3.05943 0.0594321 0.0594286
2.10938 3.05943 0.0594321 0.0594286
2.15625 3.0572 0.0571981 0.0571943
2.15625 3.0572 0.0571981 0.0571943
2.20312 3.05483 0.0548264 0.0548223
2.20312 3.05483 0.0548264 0.0548223
2.25 3.05232 0.0523225 0.0523182
2.25 3.05232 0.0523225 0.0523182
2.29688 3.04969 0.0496925 0.049688
2.29688 3.04969 0.0496925 0.049688
2.34375 3.04694 0.0469429 0.0469383
2.34375 3.04694 0.0469429 0.0469383
2.39062 3.04408 0.0440803 0.0440755
2.39062 3.04408 0.0440803 0.0440755
2.4375 3.04111 0.041112 0.0411072
2.4375 3.04111 0.041112 0.0411072
2.48438 3.03805 0.0380463 0.0380414
2.48438 3.03805 0.0380463 0.0380414
2.53125 3.03489 0.0348934 0.0348883
2.53125 3.03489 0.0348934 0.0348883
2.57812 3.03167 0.0316672 0.0316622
2.57812 3.03167 0.0316672 0.0316622
2.625 3.02839 0.0283897 0.0283848
2.625 3.02839 0.0283897 0.0283848
2.67188 3.0251 0.0250959 0.025092
2.67188 3.0251 0.0250959 0.025092
2.71875 3.02184 0.0218421 0.0218405
2.71875 3.02184 0.0218421 0.0218405
2.76562 3.01871 0.018714 0.0187163
2.76562 3.01871 0.018714 0.0187163
2.8125 3.01583 0.0158303 0.0158381
2.8125 3.01583 0.0158303 0.0158381
2.85938 3.01334 0.0133392 0.0133531
2.85938 3.01334 0.0133392 0.0133531
2.90625 3.0114 0.0114027 0.011422
2.90625 3.0114 0.0114027 0.011422
2.95312 3.01017 0.0101697 0.0101925
2.95312 3.01017 0.0101697 0.0101925
3 3.00975 0.00974589 0.00976994
