# x y topography analytical topography
0 3.00798 0.00797617 0.00800118
0.046875 3.0085 0.00849892 0.00852154
0.046875 3.0085 0.00849892 0.00852154
0.09375 3.01 0.00999827 0.0100145
0.09375 3.01 0.00999827 0.0100145
0.140625 3.01229 0.0122921 0.0123002
0.140625 3.01229 0.0122921 0.0123002
0.1875 3.01514 0.015145 0.0151462
0.1875 3.01514 0.015145 0.0151462
0.234375 3.01833 0.0183324 0.0183295
0.234375 3.01833 0.0183324 0.0183295
0.28125 3.02168 0.021681 0.0216767
0.28125 3.02168 0.021681 0.0216767
0.328125 3.02508 0.0250775 0.0250732
0.328125 3.02508 0.0250775 0.0250732
0.375 3.02846 0.0284567 0.028453
0.375 3.02846 0.0284567 0.028453
0.421875 3.03178 0.0317839 0.0317806
0.421875 3.03178 0.0317839 0.0317806
0.46875 3.03504 0.0350402 0.035037
0.46875 3.03504 0.0350402 0.035037
0.515625 3.03821 0.0382138 0.0382106
0.515625 3.03821 0.0382138 0.0382106
0.5625 3.0413 0.0412957 0.0412925
0.5625 3.0413 0.0412957 0.0412925
0.609375 3.04428 0.0442782 0.0442751
0.609375 3.04428 0.0442782 0.0442751
0.65625 3.04715 0.0471541 0.047151
0.65625 3.04715 0.0471541 0.047151
0.703125 3.04992 0.0499164 0.0499133
0.703125 3.04992 0.0499164 0.0499133
0.75 3.05256 0.0525583 0.0525554
0.75 3.05256 0.0525583 0.0525554
0.796875 3.05507 0.0550736 0.0550708
0.796875 3.05507 0.0550736 0.0550708
0.84375 3.05746 0.0574562 0.0574536
0.84375 3.05746 0.0574562 0.0574536
0.890625 3.0597 0.0597004 0.059698
0.890625 3.0597 0.0597004 0.059698
0.9375 3.0618 0.0618007 0.0617986
0.9375 3.0618 0.0618007 0.0617986
0.984375 3.06375 0.0637522 0.0637503
0.984375 3.06375 0.0637522 0.0637503
1.03125 3.06555 0.0655501 0.0655484
1.03125 3.06555 0.0655501 0.0655484
1.07812 3.06719 0.06719 0.0671886
1.07812 3.06719 0.06719 0.0671886
1.125 3.06867 0.0686681 0.0686669
1.125 3.06867 0.0686681 0.0686669
1.17188 3.06998 0.0699808 0.0699798
1.17188 3.06998 0.0699808 0.0699798
1.21875 3.07112 0.0711249 0.0711241
1.21875 3.07112 0.0711249 0.0711241
1.26562 3.0721 0.0720977 0.0720971
1.26562 3.0721 0.0720977 0.0720971
1.3125 3.0729 0.0728968 0.0728964
1.3125 3.0729 0.0728968 0.0728964
1.35938 3.07352 0.0735203 0.0735201
1.35938 3.07352 0.0735203 0.0735201
1.40625 3.07397 0.0739668 0.0739666
1.40625 3.07397 0.0739668 0.0739666
1.45312 3.07424 0.0742351 0.074235
1.45312 3.07424 0.0742351 0.074235
1.5 3.07432 0.0743246 0.0743245
1.5 3.07432 0.0743246 0.0743245
1.54688 3.07424 0.0742351 0.074235
1.54688 3.07424 0.0742351 0.074235
1.59375 3.07397 0.0739668 0.0739666
1.59375 3.07397 0.0739668 0.0739666
1.64062 3.07352 0.0735203 0.0735201
1.64062 3.07352 0.0735203 0.0735201
1.6875 3.0729 0.0728968 0.0728964
1.6875 3.0729 0.0728968 0.0728964
1.73438 3.0721 0.0720977 0.0720971
1.73438 3.0721 0.0720977 0.0720971
1.78125 3.07112 0.0711249 0.0711241
1.78125 3.07112 0.0711249 0.0711241
1.82812 3.06998 0.0699808 0.0699798
1.82812 3.06998 0.0699808 0.0699798
1.875 3.06867 0.0686681 0.0686669
1.875 3.06867 0.0686681 0.0686669
1.92188 3.06719 0.06719 0.0671886
1.92188 3.06719 0.06719 0.0671886
1.96875 3.06555 0.0655501 0.0655484
1.96875 3.06555 0.0655501 0.0655484
2.01562 3.06375 0.0637522 0.0637503
2.01562 3.06375 0.0637522 0.0637503
2.0625 3.0618 0.0618007 0.0617986
2.0625 3.0618 0.0618007 0.0617986
2.10938 3.0597 0.0597004 0.059698
2.10938 3.0597 0.0597004 0.059698
2.15625 3.05746 0.0574562 0.0574536
2.15625 3.05746 0.0574562 0.0574536
2.20312 3.05507 0.0550736 0.0550708
2.20312 3.05507 0.0550736 0.0550708
2.25 3.05256 0.0525583 0.0525554
2.25 3.05256 0.0525583 0.0525554
2.29688 3.04992 0.0499164 0.0499133
2.29688 3.04992 0.0499164 0.0499133
2.34375 3.04715 0.0471541 0.047151
2.34375 3.04715 0.0471541 0.047151
2.39062 3.04428 0.0442782 0.0442751
2.39062 3.04428 0.0442782 0.0442751
2.4375 3.0413 0.0412957 0.0412925
2.4375 3.0413 0.0412957 0.0412925
2.48438 3.03821 0.0382138 0.0382106
2.48438 3.03821 0.0382138 0.0382106
2.53125 3.03504 0.0350402 0.035037
2.53125 3.03504 0.0350402 0.035037
2.57812 3.03178 0.0317839 0.0317806
2.57812 3.03178 0.0317839 0.0317806
2.625 3.02846 0.0284567 0.028453
2.625 3.02846 0.0284567 0.028453
2.67188 3.02508 0.0250775 0.0250732
2.67188 3.02508 0.0250775 0.0250732
2.71875 3.02168 0.021681 0.0216767
2.71875 3.02168 0.021681 0.0216767
2.76562 3.01833 0.0183324 0.0183295
2.76562 3.01833 0.0183324 0.0183295
2.8125 3.01514 0.015145 0.0151462
2.8125 3.01514 0.015145 0.0151462
2.85938 3.01229 0.0122921 0.0123002
2.85938 3.01229 0.0122921 0.0123002
2.90625 3.01 0.00999827 0.0100145
2.90625 3.01 0.00999827 0.0100145
2.95312 3.0085 0.00849892 0.00852154
2.95312 3.0085 0.00849892 0.00852154
3 3.00798 0.00797617 0.00800118
