# x y topography analytical topography
0 3.01183 0.0118294 0.0118531
0.046875 3.01217 0.012173 0.0121961
0.046875 3.01217 0.012173 0.0121961
0.09375 3.01318 0.0131823 0.0132035
0.09375 3.01318 0.0131823 0.0132035
0.140625 3.0148 0.0147959 0.0148138
0.140625 3.0148 0.0147959 0.0148138
0.1875 3.01692 0.0169224 0.0169358
0.1875 3.01692 0.0169224 0.0169358
0.234375 3.01945 0.0194536 0.0194621
0.234375 3.01945 0.0194536 0.0194621
0.28125 3.02228 0.0222788 0.0222825
0.28125 3.02228 0.0222788 0.0222825
0.328125 3.0253 0.0252957 0.0252953
0.328125 3.0253 0.0252957 0.0252953
0.375 3.02842 0.0284182 0.0284148
0.375 3.02842 0.0284182 0.0284148
0.421875 3.03158 0.0315786 0.0315733
0.421875 3.03158 0.0315786 0.0315733
0.46875 3.03473 0.034727 0.0347207
0.46875 3.03473 0.034727 0.0347207
0.515625 3.03783 0.0378283 0.0378214
0.515625 3.03783 0.0378283 0.0378214
0.5625 3.04086 0.040858 0.040851
0.5625 3.04086 0.040858 0.040851
0.609375 3.0438 0.0437991 0.0437922
0.609375 3.0438 0.0437991 0.0437922
0.65625 3.04664 0.0466395 0.0466327
0.65625 3.04664 0.0466395 0.0466327
0.703125 3.04937 0.0493696 0.0493631
0.703125 3.04937 0.0493696 0.0493631
0.75 3.05198 0.0519816 0.0519754
0.75 3.05198 0.0519816 0.0519754
0.796875 3.05447 0.0544688 0.0544629
0.796875 3.05447 0.0544688 0.0544629
0.84375 3.05682 0.0568248 0.0568193
0.84375 3.05682 0.0568248 0.0568193
0.890625 3.05904 0.0590439 0.0590388
0.890625 3.05904 0.0590439 0.0590388
0.9375 3.06112 0.0611208 0.0611162
0.9375 3.06112 0.0611208 0.0611162
0.984375 3.06305 0.0630505 0.0630463
0.984375 3.06305 0.0630505 0.0630463
1.03125 3.06483 0.0648282 0.0648246
1.03125 3.06483 0.0648282 0.0648246
1.07812 3.06645 0.0664498 0.0664467
1.07812 3.06645 0.0664498 0.0664467
1.125 3.06791 0.0679113 0.0679087
1.125 3.06791 0.0679113 0.0679087
1.17188 3.06921 0.0692093 0.0692071
1.17188 3.06921 0.0692093 0.0692071
1.21875 3.07034 0.0703405 0.0703388
1.21875 3.07034 0.0703405 0.0703388
1.26562 3.0713 0.0713024 0.071301
1.26562 3.0713 0.0713024 0.071301
1.3125 3.07209 0.0720925 0.0720915
1.3125 3.07209 0.0720925 0.0720915
1.35938 3.07271 0.072709 0.0727083
1.35938 3.07271 0.072709 0.0727083
1.40625 3.07315 0.0731505 0.0731499
1.40625 3.07315 0.0731505 0.0731499
1.45312 3.07342 0.0734158 0.0734153
1.45312 3.07342 0.0734158 0.0734153
1.5 3.0735 0.0735043 0.0735038
1.5 3.0735 0.0735043 0.0735038
1.54688 3.07342 0.0734158 0.0734153
1.54688 3.07342 0.0734158 0.0734153
1.59375 3.07315 0.0731505 0.0731499
1.59375 3.07315 0.0731505 0.0731499
1.64062 3.07271 0.072709 0.0727083
1.64062 3.07271 0.072709 0.0727083
1.6875 3.07209 0.0720925 0.0720915
1.6875 3.07209 0.0720925 0.0720915
1.73438 3.0713 0.0713024 0.071301
1.73438 3.0713 0.0713024 0.071301
1.78125 3.07034 0.0703405 0.0703388
1.78125 3.07034 0.0703405 0.0703388
1.82812 3.06921 0.0692093 0.0692071
1.82812 3.06921 0.0692093 0.0692071
1.875 3.06791 0.0679113 0.0679087
1.875 3.06791 0.0679113 0.0679087
1.92188 3.06645 0.0664498 0.0664467
1.92188 3.06645 0.0664498 0.0664467
1.96875 3.06483 0.0648282 0.0648246
1.96875 3.06483 0.0648282 0.0648246
2.01562 3.06305 0.0630505 0.0630463
2.01562 3.06305 0.0630505 0.0630463
2.0625 3.06112 0.0611208 0.0611162
2.0625 3.06112 0.0611208 0.0611162
2.10938 3.05904 0.0590439 0.0590388
2.10938 3.05904 0.0590439 0.0590388
2.15625 3.05682 0.0568248 0.0568193
2.15625 3.05682 0.0568248 0.0568193
2.20312 3.05447 0.0544688 0.0544629
2.20312 3.05447 0.0544688 0.0544629
2.25 3.05198 0.0519816 0.0519754
2.25 3.05198 0.0519816 0.0519754
2.29688 3.04937 0.0493696 0.0493631
2.29688 3.04937 0.0493696 0.0493631
2.34375 3.04664 0.0466395 0.0466327
2.34375 3.04664 0.0466395 0.0466327
2.39062 3.0438 0.0437991 0.0437922
2.39062 3.0438 0.0437991 0.0437922
2.4375 3.04086 0.040858 0.040851
2.4375 3.04086 0.040858 0.040851
2.48438 3.03783 0.0378283 0.0378214
2.48438 3.03783 0.0378283 0.0378214
2.53125 3.03473 0.034727 0.0347207
2.53125 3.03473 0.034727 0.0347207
2.57812 3.03158 0.0315786 0.0315733
2.57812 3.03158 0.0315786 0.0315733
2.625 3.02842 0.0284182 0.0284148
2.625 3.02842 0.0284182 0.0284148
2.67188 3.0253 0.0252957 0.0252953
2.67188 3.0253 0.0252957 0.0252953
2.71875 3.02228 0.0222788 0.0222825
2.71875 3.02228 0.0222788 0.0222825
2.76562 3.01945 0.0194536 0.0194621
2.76562 3.01945 0.0194536 0.0194621
2.8125 3.01692 0.0169224 0.0169358
2.8125 3.01692 0.0169224 0.0169358
2.85938 3.0148 0.0147959 0.0148138
2.85938 3.0148 0.0147959 0.0148138
2.90625 3.01318 0.0131823 0.0132035
2.90625 3.01318 0.0131823 0.0132035
2.95312 3.01217 0.012173 0.0121961
2.95312 3.01217 0.012173 0.0121961
3 3.01183 0.0118294 0.0118531
