# x y topography analytical topography
0 3.00999 0.00998506 0.0100091
0.046875 3.0104 0.010398 0.0104209
0.046875 3.0104 0.010398 0.0104209
0.09375 3.0116 0.0116013 0.0116208
0.09375 3.0116 0.0116013 0.0116208
0.140625 3.0135 0.013496 0.0135104
0.140625 3.0135 0.013496 0.0135104
0.1875 3.01594 0.0159416 0.0159502
0.1875 3.01594 0.0159416 0.0159502
0.234375 3.01878 0.0187837 0.0187868
0.234375 3.01878 0.0187837 0.0187868
0.28125 3.02188 0.0218783 0.0218773
0.28125 3.02188 0.0218783 0.0218773
0.328125 3.02511 0.0251079 0.0251042
0.328125 3.02511 0.0251079 0.0251042
0.375 3.02839 0.0283856 0.0283808
0.375 3.02839 0.0283856 0.0283808
0.421875 3.03165 0.0316531 0.0316478
0.421875 3.03165 0.0316531 0.0316478
0.46875 3.03487 0.0348729 0.0348677
0.46875 3.03487 0.0348729 0.0348677
0.515625 3.03802 0.0380218 0.0380166
0.515625 3.03802 0.0380218 0.0380166
0.5625 3.04108 0.0410846 0.0410795
0.5625 3.04108 0.0410846 0.0410795
0.609375 3.04405 0.0440505 0.0440455
0.609375 3.04405 0.0440505 0.0440455
0.65625 3.04691 0.046911 0.0469061
0.65625 3.04691 0.046911 0.0469061
0.703125 3.04966 0.0496587 0.049654
0.703125 3.04966 0.0496587 0.049654
0.75 3.05229 0.0522868 0.0522823
0.75 3.05229 0.0522868 0.0522823
0.796875 3.05479 0.054789 0.0547847
0.796875 3.05479 0.054789 0.0547847
0.84375 3.05716 0.0571591 0.0571551
0.84375 3.05716 0.0571591 0.0571551
0.890625 3.05939 0.0593915 0.0593879
0.890625 3.05939 0.0593915 0.0593879
0.9375 3.06148 0.0614809 0.0614775
0.9375 3.06148 0.0614809 0.0614775
0.984375 3.06342 0.063422 0.0634191
0.984375 3.06342 0.063422 0.0634191
1.03125 3.06521 0.0652104 0.0652078
1.03125 3.06521 0.0652104 0.0652078
1.07812 3.06684 0.0668417 0.0668395
1.07812 3.06684 0.0668417 0.0668395
1.125 3.06831 0.068312 0.0683102
1.125 3.06831 0.068312 0.0683102
1.17188 3.06962 0.0696178 0.0696162
1.17188 3.06962 0.0696178 0.0696162
1.21875 3.07076 0.0707558 0.0707546
1.21875 3.07076 0.0707558 0.0707546
1.26562 3.07172 0.0717235 0.0717225
1.26562 3.07172 0.0717235 0.0717225
1.3125 3.07252 0.0725183 0.0725177
1.3125 3.07252 0.0725183 0.0725177
1.35938 3.07314 0.0731386 0.0731381
1.35938 3.07314 0.0731386 0.0731381
1.40625 3.07358 0.0735827 0.0735823
1.40625 3.07358 0.0735827 0.0735823
1.45312 3.07385 0.0738496 0.0738493
1.45312 3.07385 0.0738496 0.0738493
1.5 3.07394 0.0739386 0.0739384
1.5 3.07394 0.0739386 0.0739384
1.54688 3.07385 0.0738496 0.0738493
1.54688 3.07385 0.0738496 0.0738493
1.59375 3.07358 0.0735827 0.0735823
1.59375 3.07358 0.0735827 0.0735823
1.64062 3.07314 0.0731386 0.0731381
1.64062 3.07314 0.0731386 0.0731381
1.6875 3.07252 0.0725183 0.0725177
1.6875 3.07252 0.0725183 0.0725177
1.73438 3.07172 0.0717235 0.0717225
1.73438 3.07172 0.0717235 0.0717225
1.78125 3.07076 0.0707558 0.0707546
1.78125 3.07076 0.0707558 0.0707546
1.82812 3.06962 0.0696178 0.0696162
1.82812 3.06962 0.0696178 0.0696162
1.875 3.06831 0.068312 0.0683102
1.875 3.06831 0.068312 0.0683102
1.92188 3.06684 0.0668417 0.0668395
1.92188 3.06684 0.0668417 0.0668395
1.96875 3.06521 0.0652104 0.0652078
1.96875 3.06521 0.0652104 0.0652078
2.01562 3.06342 0.063422 0.0634191
2.01562 3.06342 0.063422 0.0634191
2.0625 3.06148 0.0614809 0.0614775
2.0625 3.06148 0.0614809 0.0614775
2.10938 3.05939 0.0593915 0.0593879
2.10938 3.05939 0.0593915 0.0593879
2.15625 3.05716 0.0571591 0.0571551
2.15625 3.05716 0.0571591 0.0571551
2.20312 3.05479 0.054789 0.0547847
2.20312 3.05479 0.054789 0.0547847
2.25 3.05229 0.0522868 0.0522823
2.25 3.05229 0.0522868 0.0522823
2.29688 3.04966 0.0496587 0.049654
2.29688 3.04966 0.0496587 0.049654
2.34375 3.04691 0.046911 0.0469061
2.34375 3.04691 0.046911 0.0469061
2.39062 3.04405 0.0440505 0.0440455
2.39062 3.04405 0.0440505 0.0440455
2.4375 3.04108 0.0410846 0.0410795
2.4375 3.04108 0.0410846 0.0410795
2.48438 3.03802 0.0380218 0.0380166
2.48438 3.03802 0.0380218 0.0380166
2.53125 3.03487 0.0348729 0.0348677
2.53125 3.03487 0.0348729 0.0348677
2.57812 3.03165 0.0316531 0.0316478
2.57812 3.03165 0.0316531 0.0316478
2.625 3.02839 0.0283856 0.0283808
2.625 3.02839 0.0283856 0.0283808
2.67188 3.02511 0.0251079 0.0251042
2.67188 3.02511 0.0251079 0.0251042
2.71875 3.02188 0.0218783 0.0218773
2.71875 3.02188 0.0218783 0.0218773
2.76562 3.01878 0.0187837 0.0187868
2.76562 3.01878 0.0187837 0.0187868
2.8125 3.01594 0.0159416 0.0159502
2.8125 3.01594 0.0159416 0.0159502
2.85938 3.0135 0.013496 0.0135104
2.85938 3.0135 0.013496 0.0135104
2.90625 3.0116 0.0116013 0.0116208
2.90625 3.0116 0.0116013 0.0116208
2.95312 3.0104 0.010398 0.0104209
2.95312 3.0104 0.010398 0.0104209
3 3.00999 0.00998506 0.0100091
