# x y topography analytical topography
0 3.00471 0.00471043 0.00474189
0.046875 3.0056 0.00559606 0.00561607
0.046875 3.0056 0.00559606 0.00561607
0.09375 3.00795 0.00794724 0.00794746
0.09375 3.00795 0.00794724 0.00794746
0.140625 3.01113 0.011126 0.0111181
0.140625 3.01113 0.011126 0.0111181
0.1875 3.01462 0.0146174 0.0146117
0.1875 3.01462 0.0146174 0.0146117
0.234375 3.01817 0.0181719 0.0181694
0.234375 3.01817 0.0181719 0.0181694
0.28125 3.0217 0.0217043 0.0217031
0.28125 3.0217 0.0217043 0.0217031
0.328125 3.02519 0.0251882 0.0251872
0.328125 3.02519 0.0251882 0.0251872
0.375 3.02861 0.0286119 0.0286109
0.375 3.02861 0.0286119 0.0286109
0.421875 3.03197 0.0319667 0.0319657
0.421875 3.03197 0.0319667 0.0319657
0.46875 3.03524 0.0352446 0.0352435
0.46875 3.03524 0.0352446 0.0352435
0.515625 3.03844 0.0384375 0.0384363
0.515625 3.03844 0.0384375 0.0384363
0.5625 3.04154 0.0415378 0.0415366
0.5625 3.04154 0.0415378 0.0415366
0.609375 3.04454 0.044538 0.0445368
0.609375 3.04454 0.044538 0.0445368
0.65625 3.04743 0.0474309 0.0474297
0.65625 3.04743 0.0474309 0.0474297
0.703125 3.05021 0.0502095 0.0502084
0.703125 3.05021 0.0502095 0.0502084
0.75 3.05287 0.0528671 0.0528661
0.75 3.05287 0.0528671 0.0528661
0.796875 3.0554 0.0553974 0.0553964
0.796875 3.0554 0.0553974 0.0553964
0.84375 3.05779 0.0577942 0.0577933
0.84375 3.05779 0.0577942 0.0577933
0.890625 3.06005 0.0600518 0.0600509
0.890625 3.06005 0.0600518 0.0600509
0.9375 3.06216 0.0621647 0.0621639
0.9375 3.06216 0.0621647 0.0621639
0.984375 3.06413 0.0641278 0.0641271
0.984375 3.06413 0.0641278 0.0641271
1.03125 3.06594 0.0659365 0.0659359
1.03125 3.06594 0.0659365 0.0659359
1.07812 3.06759 0.0675863 0.0675858
1.07812 3.06759 0.0675863 0.0675858
1.125 3.06907 0.0690733 0.0690728
1.125 3.06907 0.0690733 0.0690728
1.17188 3.07039 0.0703938 0.0703935
1.17188 3.07039 0.0703938 0.0703935
1.21875 3.07154 0.0715449 0.0715446
1.21875 3.07154 0.0715449 0.0715446
1.26562 3.07252 0.0725235 0.0725233
1.26562 3.07252 0.0725235 0.0725233
1.3125 3.07333 0.0733275 0.0733273
1.3125 3.07333 0.0733275 0.0733273
1.35938 3.07395 0.0739548 0.0739547
1.35938 3.07395 0.0739548 0.0739547
1.40625 3.0744 0.0744039 0.0744039
1.40625 3.0744 0.0744039 0.0744039
1.45312 3.07467 0.0746739 0.0746739
1.45312 3.07467 0.0746739 0.0746739
1.5 3.07476 0.0747639 0.0747639
1.5 3.07476 0.0747639 0.0747639
1.54688 3.07467 0.0746739 0.0746739
1.54688 3.07467 0.0746739 0.0746739
1.59375 3.0744 0.0744039 0.0744039
1.59375 3.0744 0.0744039 0.0744039
1.64062 3.07395 0.0739548 0.0739547
1.64062 3.07395 0.0739548 0.0739547
1.6875 3.07333 0.0733275 0.0733273
1.6875 3.07333 0.0733275 0.0733273
1.73438 3.07252 0.0725235 0.0725233
1.73438 3.07252 0.0725235 0.0725233
1.78125 3.07154 0.0715449 0.0715446
1.78125 3.07154 0.0715449 0.0715446
1.82812 3.07039 0.0703938 0.0703935
1.82812 3.07039 0.0703938 0.0703935
1.875 3.06907 0.0690733 0.0690728
1.875 3.06907 0.0690733 0.0690728
1.92188 3.06759 0.0675863 0.0675858
1.92188 3.06759 0.0675863 0.0675858
1.96875 3.06594 0.0659365 0.0659359
1.96875 3.06594 0.0659365 0.0659359
2.01562 3.06413 0.0641278 0.0641271
2.01562 3.06413 0.0641278 0.0641271
2.0625 3.06216 0.0621647 0.0621639
2.0625 3.06216 0.0621647 0.0621639
2.10938 3.06005 0.0600518 0.0600509
2.10938 3.06005 0.0600518 0.0600509
2.15625 3.05779 0.0577942 0.0577933
2.15625 3.05779 0.0577942 0.0577933
2.20312 3.0554 0.0553974 0.0553964
2.20312 3.0554 0.0553974 0.0553964
2.25 3.05287 0.0528671 0.0528661
2.25 3.05287 0.0528671 0.0528661
2.29688 3.05021 0.0502095 0.0502084
2.29688 3.05021 0.0502095 0.0502084
2.34375 3.04743 0.0474309 0.0474297
2.34375 3.04743 0.0474309 0.0474297
2.39062 3.04454 0.044538 0.0445368
2.39062 3.04454 0.044538 0.0445368
2.4375 3.04154 0.0415378 0.0415366
2.4375 3.04154 0.0415378 0.0415366
2.48438 3.03844 0.0384375 0.0384363
2.48438 3.03844 0.0384375 0.0384363
2.53125 3.03524 0.0352446 0.0352435
2.53125 3.03524 0.0352446 0.0352435
2.57812 3.03197 0.0319667 0.0319657
2.57812 3.03197 0.0319667 0.0319657
2.625 3.02861 0.0286119 0.0286109
2.625 3.02861 0.0286119 0.0286109
2.67188 3.02519 0.0251882 0.0251872
2.67188 3.02519 0.0251882 0.0251872
2.71875 3.0217 0.0217043 0.0217031
2.71875 3.0217 0.0217043 0.0217031
2.76562 3.01817 0.0181719 0.0181694
2.76562 3.01817 0.0181719 0.0181694
2.8125 3.01462 0.0146174 0.0146117
2.8125 3.01462 0.0146174 0.0146117
2.85938 3.01113 0.011126 0.0111181
2.85938 3.01113 0.011126 0.0111181
2.90625 3.00795 0.00794724 0.00794746
2.90625 3.00795 0.00794724 0.00794746
2.95312 3.0056 0.00559606 0.00561607
2.95312 3.0056 0.00559606 0.00561607
3 3.00471 0.00471043 0.00474189
