# x y topography analytical topography
0 3.01147 0.0114702 0.011494
0.046875 3.01183 0.0118257 0.0118487
0.046875 3.01183 0.0118257 0.0118487
0.09375 3.01287 0.0128685 0.0128894
0.09375 3.01287 0.0128685 0.0128894
0.140625 3.01453 0.0145316 0.0145489
0.140625 3.01453 0.0145316 0.0145489
0.1875 3.01672 0.0167159 0.0167286
0.1875 3.01672 0.0167159 0.0167286
0.234375 3.01931 0.0193057 0.0193133
0.234375 3.01931 0.0193057 0.0193133
0.28125 3.02218 0.0221841 0.0221869
0.28125 3.02218 0.0221841 0.0221869
0.328125 3.02525 0.0252452 0.0252441
0.328125 3.02525 0.0252452 0.0252441
0.375 3.0284 0.0284018 0.0283979
0.375 3.0284 0.0284018 0.0283979
0.421875 3.03159 0.031587 0.0315815
0.421875 3.03159 0.031587 0.0315815
0.46875 3.03475 0.0347527 0.0347464
0.46875 3.03475 0.0347527 0.0347464
0.515625 3.03787 0.0378658 0.0378592
0.515625 3.03787 0.0378658 0.0378592
0.5625 3.0409 0.0409036 0.040897
0.5625 3.0409 0.0409036 0.040897
0.609375 3.04385 0.0438507 0.0438442
0.609375 3.04385 0.0438507 0.0438442
0.65625 3.0467 0.0466958 0.0466894
0.65625 3.0467 0.0466958 0.0466894
0.703125 3.04943 0.0494298 0.0494236
0.703125 3.04943 0.0494298 0.0494236
0.75 3.05205 0.0520453 0.0520394
0.75 3.05205 0.0520453 0.0520394
0.796875 3.05454 0.0545356 0.05453
0.796875 3.05454 0.0545356 0.05453
0.84375 3.05689 0.0568946 0.0568894
0.84375 3.05689 0.0568946 0.0568894
0.890625 3.05912 0.0591165 0.0591117
0.890625 3.05912 0.0591165 0.0591117
0.9375 3.0612 0.061196 0.0611917
0.9375 3.0612 0.061196 0.0611917
0.984375 3.06313 0.0631281 0.0631242
0.984375 3.06313 0.0631281 0.0631242
1.03125 3.06491 0.064908 0.0649046
1.03125 3.06491 0.064908 0.0649046
1.07812 3.06653 0.0665317 0.0665287
1.07812 3.06653 0.0665317 0.0665287
1.125 3.068 0.067995 0.0679925
1.125 3.068 0.067995 0.0679925
1.17188 3.06929 0.0692946 0.0692925
1.17188 3.06929 0.0692946 0.0692925
1.21875 3.07043 0.0704273 0.0704256
1.21875 3.07043 0.0704273 0.0704256
1.26562 3.07139 0.0713903 0.071389
1.26562 3.07139 0.0713903 0.071389
1.3125 3.07218 0.0721814 0.0721805
1.3125 3.07218 0.0721814 0.0721805
1.35938 3.0728 0.0727987 0.072798
1.35938 3.0728 0.0727987 0.072798
1.40625 3.07324 0.0732407 0.0732402
1.40625 3.07324 0.0732407 0.0732402
1.45312 3.07351 0.0735063 0.0735059
1.45312 3.07351 0.0735063 0.0735059
1.5 3.07359 0.073595 0.0735946
1.5 3.07359 0.073595 0.0735946
1.54688 3.07351 0.0735063 0.0735059
1.54688 3.07351 0.0735063 0.0735059
1.59375 3.07324 0.0732407 0.0732402
1.59375 3.07324 0.0732407 0.0732402
1.64062 3.0728 0.0727987 0.072798
1.64062 3.0728 0.0727987 0.072798
1.6875 3.07218 0.0721814 0.0721805
1.6875 3.07218 0.0721814 0.0721805
1.73438 3.07139 0.0713903 0.071389
1.73438 3.07139 0.0713903 0.071389
1.78125 3.07043 0.0704273 0.0704256
1.78125 3.07043 0.0704273 0.0704256
1.82812 3.06929 0.0692946 0.0692925
1.82812 3.06929 0.0692946 0.0692925
1.875 3.068 0.067995 0.0679925
1.875 3.068 0.067995 0.0679925
1.92188 3.06653 0.0665317 0.0665287
1.92188 3.06653 0.0665317 0.0665287
1.96875 3.06491 0.064908 0.0649046
1.96875 3.06491 0.064908 0.0649046
2.01562 3.06313 0.0631281 0.0631242
2.01562 3.06313 0.0631281 0.0631242
2.0625 3.0612 0.061196 0.0611917
2.0625 3.0612 0.061196 0.0611917
2.10938 3.05912 0.0591165 0.0591117
2.10938 3.05912 0.0591165 0.0591117
2.15625 3.05689 0.0568946 0.0568894
2.15625 3.05689 0.0568946 0.0568894
2.20312 3.05454 0.0545356 0.05453
2.20312 3.05454 0.0545356 0.05453
2.25 3.05205 0.0520453 0.0520394
2.25 3.05205 0.0520453 0.0520394
2.29688 3.04943 0.0494298 0.0494236
2.29688 3.04943 0.0494298 0.0494236
2.34375 3.0467 0.0466958 0.0466894
2.34375 3.0467 0.0466958 0.0466894
2.39062 3.04385 0.0438507 0.0438442
2.39062 3.04385 0.0438507 0.0438442
2.4375 3.0409 0.0409036 0.040897
2.4375 3.0409 0.0409036 0.040897
2.48438 3.03787 0.0378658 0.0378592
2.48438 3.03787 0.0378658 0.0378592
2.53125 3.03475 0.0347527 0.0347464
2.53125 3.03475 0.0347527 0.0347464
2.57812 3.03159 0.031587 0.0315815
2.57812 3.03159 0.031587 0.0315815
2.625 3.0284 0.0284018 0.0283979
2.625 3.0284 0.0284018 0.0283979
2.67188 3.02525 0.0252452 0.0252441
2.67188 3.02525 0.0252452 0.0252441
2.71875 3.02218 0.0221841 0.0221869
2.71875 3.02218 0.0221841 0.0221869
2.76562 3.01931 0.0193057 0.0193133
2.76562 3.01931 0.0193057 0.0193133
2.8125 3.01672 0.0167159 0.0167286
2.8125 3.01672 0.0167159 0.0167286
2.85938 3.01453 0.0145316 0.0145489
2.85938 3.01453 0.0145316 0.0145489
2.90625 3.01287 0.0128685 0.0128894
2.90625 3.01287 0.0128685 0.0128894
2.95312 3.01183 0.0118257 0.0118487
2.95312 3.01183 0.0118257 0.0118487
3 3.01147 0.0114702 0.011494
