# x y topography analytical topography
0 3.00667 0.00666544 0.00669197
0.046875 3.00729 0.00729343 0.00731575
0.046875 3.00729 0.00729343 0.00731575
0.09375 3.00906 0.00906166 0.00907387
0.09375 3.00906 0.00906166 0.00907387
0.140625 3.01168 0.0116808 0.0116828
0.140625 3.01168 0.0116808 0.0116828
0.1875 3.01482 0.0148167 0.0148129
0.1875 3.01482 0.0148167 0.0148129
0.234375 3.0182 0.0181996 0.0181946
0.234375 3.0182 0.0181996 0.0181946
0.28125 3.02166 0.0216614 0.0216574
0.28125 3.02166 0.0216614 0.0216574
0.328125 3.02512 0.025116 0.0251131
0.328125 3.02512 0.025116 0.0251131
0.375 3.02852 0.0285242 0.0285218
0.375 3.02852 0.0285242 0.0285218
0.421875 3.03187 0.0318674 0.0318652
0.421875 3.03187 0.0318674 0.0318652
0.46875 3.03513 0.0351347 0.0351325
0.46875 3.03513 0.0351347 0.0351325
0.515625 3.03832 0.0383176 0.0383153
0.515625 3.03832 0.0383176 0.0383153
0.5625 3.04141 0.0414081 0.0414059
0.5625 3.04141 0.0414081 0.0414059
0.609375 3.0444 0.0443989 0.0443966
0.609375 3.0444 0.0443989 0.0443966
0.65625 3.04728 0.0472827 0.0472804
0.65625 3.04728 0.0472827 0.0472804
0.703125 3.05005 0.0500525 0.0500503
0.703125 3.05005 0.0500525 0.0500503
0.75 3.0527 0.0527017 0.0526997
0.75 3.0527 0.0527017 0.0526997
0.796875 3.05522 0.055224 0.055222
0.796875 3.05522 0.055224 0.055222
0.84375 3.05761 0.0576132 0.0576114
0.84375 3.05761 0.0576132 0.0576114
0.890625 3.05986 0.0598636 0.0598619
0.890625 3.05986 0.0598636 0.0598619
0.9375 3.06197 0.0619698 0.0619682
0.9375 3.06197 0.0619698 0.0619682
0.984375 3.06393 0.0639266 0.0639253
0.984375 3.06393 0.0639266 0.0639253
1.03125 3.06573 0.0657295 0.0657283
1.03125 3.06573 0.0657295 0.0657283
1.07812 3.06737 0.067374 0.067373
1.07812 3.06737 0.067374 0.067373
1.125 3.06886 0.0688562 0.0688554
1.125 3.06886 0.0688562 0.0688554
1.17188 3.07017 0.0701726 0.0701719
1.17188 3.07017 0.0701726 0.0701719
1.21875 3.07132 0.0713199 0.0713194
1.21875 3.07132 0.0713199 0.0713194
1.26562 3.0723 0.0722954 0.072295
1.26562 3.0723 0.0722954 0.072295
1.3125 3.0731 0.0730968 0.0730965
1.3125 3.0731 0.0730968 0.0730965
1.35938 3.07372 0.0737221 0.0737219
1.35938 3.07372 0.0737221 0.0737219
1.40625 3.07417 0.0741698 0.0741697
1.40625 3.07417 0.0741698 0.0741697
1.45312 3.07444 0.0744388 0.0744388
1.45312 3.07444 0.0744388 0.0744388
1.5 3.07453 0.0745286 0.0745286
1.5 3.07453 0.0745286 0.0745286
1.54688 3.07444 0.0744388 0.0744388
1.54688 3.07444 0.0744388 0.0744388
1.59375 3.07417 0.0741698 0.0741697
1.59375 3.07417 0.0741698 0.0741697
1.64062 3.07372 0.0737221 0.0737219
1.64062 3.07372 0.0737221 0.0737219
1.6875 3.0731 0.0730968 0.0730965
1.6875 3.0731 0.0730968 0.0730965
1.73438 3.0723 0.0722954 0.072295
1.73438 3.0723 0.0722954 0.072295
1.78125 3.07132 0.0713199 0.0713194
1.78125 3.07132 0.0713199 0.0713194
1.82812 3.07017 0.0701726 0.0701719
1.82812 3.07017 0.0701726 0.0701719
1.875 3.06886 0.0688562 0.0688554
1.875 3.06886 0.0688562 0.0688554
1.92188 3.06737 0.067374 0.067373
1.92188 3.06737 0.067374 0.067373
1.96875 3.06573 0.0657295 0.0657283
1.96875 3.06573 0.0657295 0.0657283
2.01562 3.06393 0.0639266 0.0639253
2.01562 3.06393 0.0639266 0.0639253
2.0625 3.06197 0.0619698 0.0619682
2.0625 3.06197 0.0619698 0.0619682
2.10938 3.05986 0.0598636 0.0598619
2.10938 3.05986 0.0598636 0.0598619
2.15625 3.05761 0.0576132 0.0576114
2.15625 3.05761 0.0576132 0.0576114
2.20312 3.05522 0.055224 0.055222
2.20312 3.05522 0.055224 0.055222
2.25 3.0527 0.0527017 0.0526997
2.25 3.0527 0.0527017 0.0526997
2.29688 3.05005 0.0500525 0.0500503
2.29688 3.05005 0.0500525 0.0500503
2.34375 3.04728 0.0472827 0.0472804
2.34375 3.04728 0.0472827 0.0472804
2.39062 3.0444 0.0443989 0.0443966
2.39062 3.0444 0.0443989 0.0443966
2.4375 3.04141 0.0414081 0.0414059
2.4375 3.04141 0.0414081 0.0414059
2.48438 3.03832 0.0383176 0.0383153
2.48438 3.03832 0.0383176 0.0383153
2.53125 3.03513 0.0351347 0.0351325
2.53125 3.03513 0.0351347 0.0351325
2.57812 3.03187 0.0318674 0.0318652
2.57812 3.03187 0.0318674 0.0318652
2.625 3.02852 0.0285242 0.0285218
2.625 3.02852 0.0285242 0.0285218
2.67188 3.02512 0.025116 0.0251131
2.67188 3.02512 0.025116 0.0251131
2.71875 3.02166 0.0216614 0.0216574
2.71875 3.02166 0.0216614 0.0216574
2.76562 3.0182 0.0181996 0.0181946
2.76562 3.0182 0.0181996 0.0181946
2.8125 3.01482 0.0148167 0.0148129
2.8125 3.01482 0.0148167 0.0148129
2.85938 3.01168 0.0116808 0.0116828
2.85938 3.01168 0.0116808 0.0116828
2.90625 3.00906 0.00906166 0.00907387
2.90625 3.00906 0.00906166 0.00907387
2.95312 3.00729 0.00729343 0.00731575
2.95312 3.00729 0.00729343 0.00731575
3 3.00667 0.00666544 0.00669197
