# x y z topography
0 0 5000 0.000548814
62.5 0 5000 0.000715189
0 118.75 5000 0.000528895
62.5 118.75 5000 0.000568045
62.5 0 5000 0.000715189
125 0 5000 0.000715189
62.5 118.75 5000 0.000568045
125 118.75 5000 0.000568045
0 118.75 5000 0.000528895
62.5 118.75 5000 0.000568045
0 237.5 5000 0.000461479
62.5 237.5 5000 0.000780529
62.5 118.75 5000 0.000568045
125 118.75 5000 0.000568045
62.5 237.5 5000 0.000780529
125 237.5 5000 0.000780529
125 0 5000 0.000715189
187.5 0 5000 0.000602763
125 118.75 5000 0.000568045
187.5 118.75 5000 0.000925597
187.5 0 5000 0.000602763
250 0 5000 0.000602763
187.5 118.75 5000 0.000925597
250 118.75 5000 0.000925597
125 118.75 5000 0.000568045
187.5 118.75 5000 0.000925597
125 237.5 5000 0.000780529
187.5 237.5 5000 0.000118274
187.5 118.75 5000 0.000925597
250 118.75 5000 0.000925597
187.5 237.5 5000 0.000118274
250 237.5 5000 0.000639921
0 237.5 5000 0.000461479
62.5 237.5 5000 0.000780529
0 356.25 5000 0.000666767
62.5 356.25 5000 0.000670638
62.5 237.5 5000 0.000780529
125 237.5 5000 0.000780529
62.5 356.25 5000 0.000670638
125 356.25 5000 0.000670638
0 356.25 5000 0.000666767
62.5 356.25 5000 0.000670638
0 475 5000 0.00016131
62.5 475 5000 0.000653108
62.5 356.25 5000 0.000670638
125 356.25 5000 0.000670638
62.5 475 5000 0.000653108
125 475 5000 0.000653108
125 237.5 5000 0.000780529
187.5 237.5 5000 0.000118274
125 356.25 5000 0.000670638
187.5 356.25 5000 0.000210383
187.5 237.5 5000 0.000118274
250 237.5 5000 0.000639921
187.5 356.25 5000 0.000210383
250 356.25 5000 0.000210383
125 356.25 5000 0.000670638
187.5 356.25 5000 0.000210383
125 475 5000 0.000653108
187.5 475 5000 0.000253292
187.5 356.25 5000 0.000210383
250 356.25 5000 0.000210383
187.5 475 5000 0.000253292
250 475 5000 0.000253292
250 0 5000 0.000602763
312.5 0 5000 0.000544883
250 118.75 5000 0.000925597
312.5 118.75 5000 7.10361e-05
312.5 0 5000 0.000544883
375 0 5000 0.000423655
312.5 118.75 5000 7.10361e-05
375 118.75 5000 8.71293e-05
250 118.75 5000 0.000925597
312.5 118.75 5000 7.10361e-05
250 237.5 5000 0.000639921
312.5 237.5 5000 0.000639921
312.5 118.75 5000 7.10361e-05
375 118.75 5000 8.71293e-05
312.5 237.5 5000 0.000639921
375 237.5 5000 0.000143353
375 0 5000 0.000423655
437.5 0 5000 0.000423655
375 118.75 5000 8.71293e-05
437.5 118.75 5000 8.71293e-05
437.5 0 5000 0.000423655
500 0 5000 0.000645894
437.5 118.75 5000 8.71293e-05
500 118.75 5000 2.02184e-05
375 118.75 5000 8.71293e-05
437.5 118.75 5000 8.71293e-05
375 237.5 5000 0.000143353
437.5 237.5 5000 0.000143353
437.5 118.75 5000 8.71293e-05
500 118.75 5000 2.02184e-05
437.5 237.5 5000 0.000143353
500 237.5 5000 0.000944669
250 237.5 5000 0.000639921
312.5 237.5 5000 0.000639921
250 356.25 5000 0.000210383
312.5 356.25 5000 0.000128926
312.5 237.5 5000 0.000639921
375 237.5 5000 0.000143353
312.5 356.25 5000 0.000128926
375 356.25 5000 0.000315428
250 356.25 5000 0.000210383
312.5 356.25 5000 0.000128926
250 475 5000 0.000253292
312.5 475 5000 0.000466311
312.5 356.25 5000 0.000128926
375 356.25 5000 0.000315428
312.5 475 5000 0.000466311
375 475 5000 0.000244426
375 237.5 5000 0.000143353
437.5 237.5 5000 0.000143353
375 356.25 5000 0.000315428
437.5 356.25 5000 0.000315428
437.5 237.5 5000 0.000143353
500 237.5 5000 0.000944669
437.5 356.25 5000 0.000315428
500 356.25 5000 0.000363711
375 356.25 5000 0.000315428
437.5 356.25 5000 0.000315428
375 475 5000 0.000244426
437.5 475 5000 0.000244426
437.5 356.25 5000 0.000315428
500 356.25 5000 0.000363711
437.5 475 5000 0.000244426
500 475 5000 0.00015897
500 0 5000 0.000645894
562.5 0 5000 0.000437587
500 118.75 5000 2.02184e-05
562.5 118.75 5000 0.00083262
562.5 0 5000 0.000437587
625 0 5000 0.000437587
562.5 118.75 5000 0.00083262
625 118.75 5000 0.00083262
500 118.75 5000 2.02184e-05
562.5 118.75 5000 0.00083262
500 237.5 5000 0.000944669
562.5 237.5 5000 0.000521848
562.5 118.75 5000 0.00083262
625 118.75 5000 0.00083262
562.5 237.5 5000 0.000521848
625 237.5 5000 0.000521848
625 0 5000 0.000437587
687.5 0 5000 0.000891773
625 118.75 5000 0.00083262
687.5 118.75 5000 0.000778157
687.5 0 5000 0.000891773
750 0 5000 0.000891773
687.5 118.75 5000 0.000778157
750 118.75 5000 0.000778157
625 118.75 5000 0.00083262
687.5 118.75 5000 0.000778157
625 237.5 5000 0.000521848
687.5 237.5 5000 0.000414662
687.5 118.75 5000 0.000778157
750 118.75 5000 0.000778157
687.5 237.5 5000 0.000414662
750 237.5 5000 0.000264556
500 237.5 5000 0.000944669
562.5 237.5 5000 0.000521848
500 356.25 5000 0.000363711
562.5 356.25 5000 0.000570197
562.5 237.5 5000 0.000521848
625 237.5 5000 0.000521848
562.5 356.25 5000 0.000570197
625 356.25 5000 0.000570197
500 356.25 5000 0.000363711
562.5 356.25 5000 0.000570197
500 475 5000 0.00015897
562.5 475 5000 0.000110375
562.5 356.25 5000 0.000570197
625 356.25 5000 0.000570197
562.5 475 5000 0.000110375
625 475 5000 0.000110375
625 237.5 5000 0.000521848
687.5 237.5 5000 0.000414662
625 356.25 5000 0.000570197
687.5 356.25 5000 0.000438602
687.5 237.5 5000 0.000414662
750 237.5 5000 0.000264556
687.5 356.25 5000 0.000438602
750 356.25 5000 0.000438602
625 356.25 5000 0.000570197
687.5 356.25 5000 0.000438602
625 475 5000 0.000110375
687.5 475 5000 0.00065633
687.5 356.25 5000 0.000438602
750 356.25 5000 0.000438602
687.5 475 5000 0.00065633
750 475 5000 0.00065633
750 0 5000 0.000891773
812.5 0 5000 0.000963663
750 118.75 5000 0.000778157
812.5 118.75 5000 0.000870012
812.5 0 5000 0.000963663
875 0 5000 0.000383442
812.5 118.75 5000 0.000870012
875 118.75 5000 0.000978618
750 118.75 5000 0.000778157
812.5 118.75 5000 0.000870012
750 237.5 5000 0.000264556
812.5 237.5 5000 0.000264556
812.5 118.75 5000 0.000870012
875 118.75 5000 0.000978618
812.5 237.5 5000 0.000264556
875 237.5 5000 0.000774234
875 0 5000 0.000383442
937.5 0 5000 0.000383442
875 118.75 5000 0.000978618
937.5 118.75 5000 0.000978618
937.5 0 5000 0.000383442
1000 0 5000 0.000791725
937.5 118.75 5000 0.000978618
1000 118.75 5000 0.000799159
875 118.75 5000 0.000978618
937.5 118.75 5000 0.000978618
875 237.5 5000 0.000774234
937.5 237.5 5000 0.000774234
937.5 118.75 5000 0.000978618
1000 118.75 5000 0.000799159
937.5 237.5 5000 0.000774234
1000 237.5 5000 0.00045615
750 237.5 5000 0.000264556
812.5 237.5 5000 0.000264556
750 356.25 5000 0.000438602
812.5 356.25 5000 0.000988374
812.5 237.5 5000 0.000264556
875 237.5 5000 0.000774234
812.5 356.25 5000 0.000988374
875 356.25 5000 0.000102045
750 356.25 5000 0.000438602
812.5 356.25 5000 0.000988374
750 475 5000 0.00065633
812.5 475 5000 0.000138183
812.5 356.25 5000 0.000988374
875 356.25 5000 0.000102045
812.5 475 5000 0.000138183
875 475 5000 0.000196582
875 237.5 5000 0.000774234
937.5 237.5 5000 0.000774234
875 356.25 5000 0.000102045
937.5 356.25 5000 0.000102045
937.5 237.5 5000 0.000774234
1000 237.5 5000 0.00045615
937.5 356.25 5000 0.000102045
1000 356.25 5000 0.000208877
875 356.25 5000 0.000102045
937.5 356.25 5000 0.000102045
875 475 5000 0.000196582
937.5 475 5000 0.000196582
937.5 356.25 5000 0.000102045
1000 356.25 5000 0.000208877
937.5 475 5000 0.000196582
1000 475 5000 0.000368725
0 475 5000 0.00016131
62.5 475 5000 0.000653108
0 593.75 5000 0.000820993
62.5 593.75 5000 9.71013e-05
62.5 475 5000 0.000653108
125 475 5000 0.000653108
62.5 593.75 5000 9.71013e-05
125 593.75 5000 9.71013e-05
0 593.75 5000 0.000820993
62.5 593.75 5000 9.71013e-05
0 712.5 5000 0.000120197
62.5 712.5 5000 0.00029614
62.5 593.75 5000 9.71013e-05
125 593.75 5000 9.71013e-05
62.5 712.5 5000 0.00029614
125 712.5 5000 0.00029614
125 475 5000 0.000653108
187.5 475 5000 0.000253292
125 593.75 5000 9.71013e-05
187.5 593.75 5000 0.000837945
187.5 475 5000 0.000253292
250 475 5000 0.000253292
187.5 593.75 5000 0.000837945
250 593.75 5000 9.60984e-05
125 593.75 5000 9.71013e-05
187.5 593.75 5000 0.000837945
125 712.5 5000 0.00029614
187.5 712.5 5000 0.000118728
187.5 593.75 5000 0.000837945
250 593.75 5000 9.60984e-05
187.5 712.5 5000 0.000118728
250 712.5 5000 0.000317983
0 712.5 5000 0.000120197
62.5 712.5 5000 0.00029614
0 831.25 5000 0.000575946
62.5 831.25 5000 0.000929296
62.5 712.5 5000 0.00029614
125 712.5 5000 0.00029614
62.5 831.25 5000 0.000929296
125 831.25 5000 0.000929296
0 831.25 5000 0.000575946
62.5 831.25 5000 0.000929296
0 950 5000 4.69548e-06
62.5 950 5000 0.000677817
62.5 831.25 5000 0.000929296
125 831.25 5000 0.000929296
62.5 950 5000 0.000677817
125 950 5000 0.000846409
125 712.5 5000 0.00029614
187.5 712.5 5000 0.000118728
125 831.25 5000 0.000929296
187.5 831.25 5000 0.000318569
187.5 712.5 5000 0.000118728
250 712.5 5000 0.000317983
187.5 831.25 5000 0.000318569
250 831.25 5000 0.000318569
125 831.25 5000 0.000929296
187.5 831.25 5000 0.000318569
125 950 5000 0.000846409
187.5 950 5000 0.000270008
187.5 831.25 5000 0.000318569
250 831.25 5000 0.000318569
187.5 950 5000 0.000270008
250 950 5000 0.000270008
250 475 5000 0.000253292
312.5 475 5000 0.000466311
250 593.75 5000 9.60984e-05
312.5 593.75 5000 9.60984e-05
312.5 475 5000 0.000466311
375 475 5000 0.000244426
312.5 593.75 5000 9.60984e-05
375 593.75 5000 0.000976459
250 593.75 5000 9.60984e-05
312.5 593.75 5000 9.60984e-05
250 712.5 5000 0.000317983
312.5 712.5 5000 0.000317983
312.5 593.75 5000 9.60984e-05
375 593.75 5000 0.000976459
312.5 712.5 5000 0.000317983
375 712.5 5000 0.000414263
375 475 5000 0.000244426
437.5 475 5000 0.000244426
375 593.75 5000 0.000976459
437.5 593.75 5000 0.000976459
437.5 475 5000 0.000244426
500 475 5000 0.00015897
437.5 593.75 5000 0.000976459
500 593.75 5000 0.000468651
375 593.75 5000 0.000976459
437.5 593.75 5000 0.000976459
375 712.5 5000 0.000414263
437.5 712.5 5000 0.000414263
437.5 593.75 5000 0.000976459
500 593.75 5000 0.000468651
437.5 712.5 5000 0.000414263
500 712.5 5000 6.41475e-05
250 712.5 5000 0.000317983
312.5 712.5 5000 0.000317983
250 831.25 5000 0.000318569
312.5 831.25 5000 0.00066741
312.5 712.5 5000 0.000317983
375 712.5 5000 0.000414263
312.5 831.25 5000 0.00066741
375 831.25 5000 0.000131798
250 831.25 5000 0.000318569
312.5 831.25 5000 0.00066741
250 950 5000 0.000270008
312.5 950 5000 0.000735194
312.5 831.25 5000 0.00066741
375 831.25 5000 0.000131798
312.5 950 5000 0.000735194
375 950 5000 0.000813798
375 712.5 5000 0.000414263
437.5 712.5 5000 0.000414263
375 831.25 5000 0.000131798
437.5 831.25 5000 0.000131798
437.5 712.5 5000 0.000414263
500 712.5 5000 6.41475e-05
437.5 831.25 5000 0.000131798
500 831.25 5000 0.000716327
375 831.25 5000 0.000131798
437.5 831.25 5000 0.000131798
375 950 5000 0.000813798
437.5 950 5000 0.000962189
437.5 831.25 5000 0.000131798
500 831.25 5000 0.000716327
437.5 950 5000 0.000962189
500 950 5000 0.000248753
500 475 5000 0.00015897
562.5 475 5000 0.000110375
500 593.75 5000 0.000468651
562.5 593.75 5000 0.000976761
562.5 475 5000 0.000110375
625 475 5000 0.000110375
562.5 593.75 5000 0.000976761
625 593.75 5000 0.000976761
500 593.75 5000 0.000468651
562.5 593.75 5000 0.000976761
500 712.5 5000 6.41475e-05
562.5 712.5 5000 0.000692472
562.5 593.75 5000 0.000976761
625 593.75 5000 0.000976761
562.5 712.5 5000 0.000692472
625 712.5 5000 0.000692472
625 475 5000 0.000110375
687.5 475 5000 0.00065633
625 593.75 5000 0.000976761
687.5 593.75 5000 0.000604846
687.5 475 5000 0.00065633
750 475 5000 0.00065633
687.5 593.75 5000 0.000604846
750 593.75 5000 0.000739264
625 593.75 5000 0.000976761
687.5 593.75 5000 0.000604846
625 712.5 5000 0.000692472
687.5 712.5 5000 0.000566601
687.5 593.75 5000 0.000604846
750 593.75 5000 0.000739264
687.5 712.5 5000 0.000566601
750 712.5 5000 0.000265389
500 712.5 5000 6.41475e-05
562.5 712.5 5000 0.000692472
500 831.25 5000 0.000716327
562.5 831.25 5000 0.000289406
562.5 712.5 5000 0.000692472
625 712.5 5000 0.000692472
562.5 831.25 5000 0.000289406
625 831.25 5000 0.000289406
500 831.25 5000 0.000716327
562.5 831.25 5000 0.000289406
500 950 5000 0.000248753
562.5 950 5000 0.000576157
562.5 831.25 5000 0.000289406
625 831.25 5000 0.000289406
562.5 950 5000 0.000576157
625 950 5000 0.000881103
625 712.5 5000 0.000692472
687.5 712.5 5000 0.000566601
625 831.25 5000 0.000289406
687.5 831.25 5000 0.000183191
687.5 712.5 5000 0.000566601
750 712.5 5000 0.000265389
687.5 831.25 5000 0.000183191
750 831.25 5000 0.000183191
625 831.25 5000 0.000289406
687.5 831.25 5000 0.000183191
625 950 5000 0.000881103
687.5 950 5000 0.000592042
687.5 831.25 5000 0.000183191
750 831.25 5000 0.000183191
687.5 950 5000 0.000592042
750 950 5000 0.000592042
750 475 5000 0.00065633
812.5 475 5000 0.000138183
750 593.75 5000 0.000739264
812.5 593.75 5000 0.000739264
812.5 475 5000 0.000138183
875 475 5000 0.000196582
812.5 593.75 5000 0.000739264
875 593.75 5000 3.91878e-05
750 593.75 5000 0.000739264
812.5 593.75 5000 0.000739264
750 712.5 5000 0.000265389
812.5 712.5 5000 0.000265389
812.5 593.75 5000 0.000739264
875 593.75 5000 3.91878e-05
812.5 712.5 5000 0.000265389
875 712.5 5000 0.000523248
875 475 5000 0.000196582
937.5 475 5000 0.000196582
875 593.75 5000 3.91878e-05
937.5 593.75 5000 3.91878e-05
937.5 475 5000 0.000196582
1000 475 5000 0.000368725
937.5 593.75 5000 3.91878e-05
1000 593.75 5000 0.000282807
875 593.75 5000 3.91878e-05
937.5 593.75 5000 3.91878e-05
875 712.5 5000 0.000523248
937.5 712.5 5000 0.000523248
937.5 593.75 5000 3.91878e-05
1000 593.75 5000 0.000282807
937.5 712.5 5000 0.000523248
1000 712.5 5000 9.39405e-05
750 712.5 5000 0.000265389
812.5 712.5 5000 0.000265389
750 831.25 5000 0.000183191
812.5 831.25 5000 0.000586513
812.5 712.5 5000 0.000265389
875 712.5 5000 0.000523248
812.5 831.25 5000 0.000586513
875 831.25 5000 2.01075e-05
750 831.25 5000 0.000183191
812.5 831.25 5000 0.000586513
750 950 5000 0.000592042
812.5 950 5000 0.000572252
812.5 831.25 5000 0.000586513
875 831.25 5000 2.01075e-05
812.5 950 5000 0.000572252
875 950 5000 0.000692532
875 712.5 5000 0.000523248
937.5 712.5 5000 0.000523248
875 831.25 5000 2.01075e-05
937.5 831.25 5000 2.01075e-05
937.5 712.5 5000 0.000523248
1000 712.5 5000 9.39405e-05
937.5 831.25 5000 2.01075e-05
1000 831.25 5000 0.00082894
875 831.25 5000 2.01075e-05
937.5 831.25 5000 2.01075e-05
875 950 5000 0.000692532
937.5 950 5000 0.000223082
937.5 831.25 5000 2.01075e-05
1000 831.25 5000 0.00082894
937.5 950 5000 0.000223082
1000 950 5000 0.000952749
0 950 5000 4.69548e-06
62.5 950 5000 0.000677817
0 1068.75 5000 0.000501324
62.5 1068.75 5000 0.000956084
62.5 950 5000 0.000677817
125 950 5000 0.000846409
62.5 1068.75 5000 0.000956084
125 1068.75 5000 0.000956084
0 1068.75 5000 0.000501324
62.5 1068.75 5000 0.000956084
0 1187.5 5000 0.000135474
62.5 1187.5 5000 0.000298282
62.5 1068.75 5000 0.000956084
125 1068.75 5000 0.000956084
62.5 1187.5 5000 0.000298282
125 1187.5 5000 0.000298282
125 950 5000 0.000846409
187.5 950 5000 0.000270008
125 1068.75 5000 0.000956084
187.5 1068.75 5000 0.00064399
187.5 950 5000 0.000270008
250 950 5000 0.000270008
187.5 1068.75 5000 0.00064399
250 1068.75 5000 0.000423855
125 1068.75 5000 0.000956084
187.5 1068.75 5000 0.00064399
125 1187.5 5000 0.000298282
187.5 1187.5 5000 0.000569965
187.5 1068.75 5000 0.00064399
250 1068.75 5000 0.000423855
187.5 1187.5 5000 0.000569965
250 1187.5 5000 0.000569965
0 1187.5 5000 0.000135474
62.5 1187.5 5000 0.000298282
0 1306.25 5000 0.000891923
62.5 1306.25 5000 0.000806194
62.5 1187.5 5000 0.000298282
125 1187.5 5000 0.000298282
62.5 1306.25 5000 0.000806194
125 1306.25 5000 0.000806194
0 1306.25 5000 0.000891923
62.5 1306.25 5000 0.000806194
0 1425 5000 0.00012382
62.5 1425 5000 0.000848008
62.5 1306.25 5000 0.000806194
125 1306.25 5000 0.000806194
62.5 1425 5000 0.000848008
125 1425 5000 0.000848008
125 1187.5 5000 0.000298282
187.5 1187.5 5000 0.000569965
125 1306.25 5000 0.000806194
187.5 1306.25 5000 0.000703889
187.5 1187.5 5000 0.000569965
250 1187.5 5000 0.000569965
187.5 1306.25 5000 0.000703889
250 1306.25 5000 0.000703889
125 1306.25 5000 0.000806194
187.5 1306.25 5000 0.000703889
125 1425 5000 0.000848008
187.5 1425 5000 0.000807319
187.5 1306.25 5000 0.000703889
250 1306.25 5000 0.000703889
187.5 1425 5000 0.000807319
250 1425 5000 0.000807319
250 950 5000 0.000270008
312.5 950 5000 0.000735194
250 1068.75 5000 0.000423855
312.5 1068.75 5000 0.000423855
312.5 950 5000 0.000735194
375 950 5000 0.000813798
312.5 1068.75 5000 0.000423855
375 1068.75 5000 0.000606393
250 1068.75 5000 0.000423855
312.5 1068.75 5000 0.000423855
250 1187.5 5000 0.000569965
312.5 1187.5 5000 0.000590873
312.5 1068.75 5000 0.000423855
375 1068.75 5000 0.000606393
312.5 1187.5 5000 0.000590873
375 1187.5 5000 0.000574325
375 950 5000 0.000813798
437.5 950 5000 0.000962189
375 1068.75 5000 0.000606393
437.5 1068.75 5000 0.000606393
437.5 950 5000 0.000962189
500 950 5000 0.000248753
437.5 1068.75 5000 0.000606393
500 1068.75 5000 1.91932e-05
375 1068.75 5000 0.000606393
437.5 1068.75 5000 0.000606393
375 1187.5 5000 0.000574325
437.5 1187.5 5000 0.000574325
437.5 1068.75 5000 0.000606393
500 1068.75 5000 1.91932e-05
437.5 1187.5 5000 0.000574325
500 1187.5 5000 0.000653201
250 1187.5 5000 0.000569965
312.5 1187.5 5000 0.000590873
250 1306.25 5000 0.000703889
312.5 1306.25 5000 0.000100227
312.5 1187.5 5000 0.000590873
375 1187.5 5000 0.000574325
312.5 1306.25 5000 0.000100227
375 1306.25 5000 0.000919483
250 1306.25 5000 0.000703889
312.5 1306.25 5000 0.000100227
250 1425 5000 0.000807319
312.5 1425 5000 0.000569101
312.5 1306.25 5000 0.000100227
375 1306.25 5000 0.000919483
312.5 1425 5000 0.000569101
375 1425 5000 0.000407183
375 1187.5 5000 0.000574325
437.5 1187.5 5000 0.000574325
375 1306.25 5000 0.000919483
437.5 1306.25 5000 0.000919483
437.5 1187.5 5000 0.000574325
500 1187.5 5000 0.000653201
437.5 1306.25 5000 0.000919483
500 1306.25 5000 0.000714241
375 1306.25 5000 0.000919483
437.5 1306.25 5000 0.000919483
375 1425 5000 0.000407183
437.5 1425 5000 0.000407183
437.5 1306.25 5000 0.000919483
500 1306.25 5000 0.000714241
437.5 1425 5000 0.000407183
500 1425 5000 6.9167e-05
500 950 5000 0.000248753
562.5 950 5000 0.000576157
500 1068.75 5000 1.91932e-05
562.5 1068.75 5000 0.000301575
562.5 950 5000 0.000576157
625 950 5000 0.000881103
562.5 1068.75 5000 0.000301575
625 1068.75 5000 0.000301575
500 1068.75 5000 1.91932e-05
562.5 1068.75 5000 0.000301575
500 1187.5 5000 0.000653201
562.5 1187.5 5000 0.000652103
562.5 1068.75 5000 0.000301575
625 1068.75 5000 0.000301575
562.5 1187.5 5000 0.000652103
625 1187.5 5000 0.000652103
625 950 5000 0.000881103
687.5 950 5000 0.000592042
625 1068.75 5000 0.000301575
687.5 1068.75 5000 0.000660174
687.5 950 5000 0.000592042
750 950 5000 0.000592042
687.5 1068.75 5000 0.000660174
750 1068.75 5000 0.000290078
625 1068.75 5000 0.000301575
687.5 1068.75 5000 0.000660174
625 1187.5 5000 0.000652103
687.5 1187.5 5000 0.000431418
687.5 1068.75 5000 0.000660174
750 1068.75 5000 0.000290078
687.5 1187.5 5000 0.000431418
750 1187.5 5000 0.000431418
500 1187.5 5000 0.000653201
562.5 1187.5 5000 0.000652103
500 1306.25 5000 0.000714241
562.5 1306.25 5000 0.000998847
562.5 1187.5 5000 0.000652103
625 1187.5 5000 0.000652103
562.5 1306.25 5000 0.000998847
625 1306.25 5000 0.000998847
500 1306.25 5000 0.000714241
562.5 1306.25 5000 0.000998847
500 1425 5000 6.9167e-05
562.5 1425 5000 0.000697429
562.5 1306.25 5000 0.000998847
625 1306.25 5000 0.000998847
562.5 1425 5000 0.000697429
625 1425 5000 0.000697429
625 1187.5 5000 0.000652103
687.5 1187.5 5000 0.000431418
625 1306.25 5000 0.000998847
687.5 1306.25 5000 0.000149448
687.5 1187.5 5000 0.000431418
750 1187.5 5000 0.000431418
687.5 1306.25 5000 0.000149448
750 1306.25 5000 0.000149448
625 1306.25 5000 0.000998847
687.5 1306.25 5000 0.000149448
625 1425 5000 0.000697429
687.5 1425 5000 0.000453543
687.5 1306.25 5000 0.000149448
750 1306.25 5000 0.000149448
687.5 1425 5000 0.000453543
750 1425 5000 0.000453543
750 950 5000 0.000592042
812.5 950 5000 0.000572252
750 1068.75 5000 0.000290078
812.5 1068.75 5000 0.000290078
812.5 950 5000 0.000572252
875 950 5000 0.000692532
812.5 1068.75 5000 0.000290078
875 1068.75 5000 0.000618015
750 1068.75 5000 0.000290078
812.5 1068.75 5000 0.000290078
750 1187.5 5000 0.000431418
812.5 1187.5 5000 0.000896547
812.5 1068.75 5000 0.000290078
875 1068.75 5000 0.000618015
812.5 1187.5 5000 0.000896547
875 1187.5 5000 0.000367562
875 950 5000 0.000692532
937.5 950 5000 0.000223082
875 1068.75 5000 0.000618015
937.5 1068.75 5000 0.000618015
937.5 950 5000 0.000223082
1000 950 5000 0.000952749
937.5 1068.75 5000 0.000618015
1000 1068.75 5000 0.000428769
875 1068.75 5000 0.000618015
937.5 1068.75 5000 0.000618015
875 1187.5 5000 0.000367562
937.5 1187.5 5000 0.000367562
937.5 1068.75 5000 0.000618015
1000 1068.75 5000 0.000428769
937.5 1187.5 5000 0.000367562
1000 1187.5 5000 0.000435865
750 1187.5 5000 0.000431418
812.5 1187.5 5000 0.000896547
750 1306.25 5000 0.000149448
812.5 1306.25 5000 0.000868126
812.5 1187.5 5000 0.000896547
875 1187.5 5000 0.000367562
812.5 1306.25 5000 0.000868126
875 1306.25 5000 0.000162493
750 1306.25 5000 0.000149448
812.5 1306.25 5000 0.000868126
750 1425 5000 0.000453543
812.5 1425 5000 0.000722056
812.5 1306.25 5000 0.000868126
875 1306.25 5000 0.000162493
812.5 1425 5000 0.000722056
875 1425 5000 0.000866382
875 1187.5 5000 0.000367562
937.5 1187.5 5000 0.000367562
875 1306.25 5000 0.000162493
937.5 1306.25 5000 0.000162493
937.5 1187.5 5000 0.000367562
1000 1187.5 5000 0.000435865
937.5 1306.25 5000 0.000162493
1000 1306.25 5000 0.00061556
875 1306.25 5000 0.000162493
937.5 1306.25 5000 0.000162493
875 1425 5000 0.000866382
937.5 1425 5000 0.000866382
937.5 1306.25 5000 0.000162493
1000 1306.25 5000 0.00061556
937.5 1425 5000 0.000866382
1000 1425 5000 0.000975522
0 1425 5000 0.00012382
62.5 1425 5000 0.000848008
0 1543.75 5000 0.000855803
62.5 1543.75 5000 1.17141e-05
62.5 1425 5000 0.000848008
125 1425 5000 0.000848008
62.5 1543.75 5000 1.17141e-05
125 1543.75 5000 1.17141e-05
0 1543.75 5000 0.000855803
62.5 1543.75 5000 1.17141e-05
0 1662.5 5000 0.00058991
62.5 1662.5 5000 0.000730122
62.5 1543.75 5000 1.17141e-05
125 1543.75 5000 1.17141e-05
62.5 1662.5 5000 0.000730122
125 1662.5 5000 0.000730122
125 1425 5000 0.000848008
187.5 1425 5000 0.000807319
125 1543.75 5000 1.17141e-05
187.5 1543.75 5000 0.000359978
187.5 1425 5000 0.000807319
250 1425 5000 0.000807319
187.5 1543.75 5000 0.000359978
250 1543.75 5000 0.000729991
125 1543.75 5000 1.17141e-05
187.5 1543.75 5000 0.000359978
125 1662.5 5000 0.000730122
187.5 1662.5 5000 0.000311945
187.5 1543.75 5000 0.000359978
250 1543.75 5000 0.000729991
187.5 1662.5 5000 0.000311945
250 1662.5 5000 0.000398221
0 1662.5 5000 0.00058991
62.5 1662.5 5000 0.000730122
0 1781.25 5000 5.80292e-05
62.5 1781.25 5000 0.000434417
62.5 1662.5 5000 0.000730122
125 1662.5 5000 0.000730122
62.5 1781.25 5000 0.000434417
125 1781.25 5000 0.000434417
0 1781.25 5000 5.80292e-05
62.5 1781.25 5000 0.000434417
0 1900 5000 0.000896671
62.5 1900 5000 0.000990339
62.5 1781.25 5000 0.000434417
125 1781.25 5000 0.000434417
62.5 1900 5000 0.000990339
125 1900 5000 0.000990339
125 1662.5 5000 0.000730122
187.5 1662.5 5000 0.000311945
125 1781.25 5000 0.000434417
187.5 1781.25 5000 0.000311796
187.5 1662.5 5000 0.000311945
250 1662.5 5000 0.000398221
187.5 1781.25 5000 0.000311796
250 1781.25 5000 0.000311796
125 1781.25 5000 0.000434417
187.5 1781.25 5000 0.000311796
125 1900 5000 0.000990339
187.5 1900 5000 0.000216897
187.5 1781.25 5000 0.000311796
250 1781.25 5000 0.000311796
187.5 1900 5000 0.000216897
250 1900 5000 0.000216897
250 1425 5000 0.000807319
312.5 1425 5000 0.000569101
250 1543.75 5000 0.000729991
312.5 1543.75 5000 0.000729991
312.5 1425 5000 0.000569101
375 1425 5000 0.000407183
312.5 1543.75 5000 0.000729991
375 1543.75 5000 0.00017163
250 1543.75 5000 0.000729991
312.5 1543.75 5000 0.000729991
250 1662.5 5000 0.000398221
312.5 1662.5 5000 0.000398221
312.5 1543.75 5000 0.000729991
375 1543.75 5000 0.00017163
312.5 1662.5 5000 0.000398221
375 1662.5 5000 0.000209844
375 1425 5000 0.000407183
437.5 1425 5000 0.000407183
375 1543.75 5000 0.00017163
437.5 1543.75 5000 0.00017163
437.5 1425 5000 0.000407183
500 1425 5000 6.9167e-05
437.5 1543.75 5000 0.00017163
500 1543.75 5000 0.000521037
375 1543.75 5000 0.00017163
437.5 1543.75 5000 0.00017163
375 1662.5 5000 0.000209844
437.5 1662.5 5000 0.000209844
437.5 1543.75 5000 0.00017163
500 1543.75 5000 0.000521037
437.5 1662.5 5000 0.000209844
500 1662.5 5000 0.000186193
250 1662.5 5000 0.000398221
312.5 1662.5 5000 0.000398221
250 1781.25 5000 0.000311796
312.5 1781.25 5000 0.000696343
312.5 1662.5 5000 0.000398221
375 1662.5 5000 0.000209844
312.5 1781.25 5000 0.000696343
375 1781.25 5000 0.000377752
250 1781.25 5000 0.000311796
312.5 1781.25 5000 0.000696343
250 1900 5000 0.000216897
312.5 1900 5000 0.000663078
312.5 1781.25 5000 0.000696343
375 1781.25 5000 0.000377752
312.5 1900 5000 0.000663078
375 1900 5000 0.000263322
375 1662.5 5000 0.000209844
437.5 1662.5 5000 0.000209844
375 1781.25 5000 0.000377752
437.5 1781.25 5000 0.000377752
437.5 1662.5 5000 0.000209844
500 1662.5 5000 0.000186193
437.5 1781.25 5000 0.000377752
500 1781.25 5000 0.000179604
375 1781.25 5000 0.000377752
437.5 1781.25 5000 0.000377752
375 1900 5000 0.000263322
437.5 1900 5000 0.000263322
437.5 1781.25 5000 0.000377752
500 1781.25 5000 0.000179604
437.5 1900 5000 0.000263322
500 1900 5000 2.0651e-05
500 1425 5000 6.9167e-05
562.5 1425 5000 0.000697429
500 1543.75 5000 0.000521037
562.5 1543.75 5000 5.4338e-05
562.5 1425 5000 0.000697429
625 1425 5000 0.000697429
562.5 1543.75 5000 5.4338e-05
625 1543.75 5000 5.4338e-05
500 1543.75 5000 0.000521037
562.5 1543.75 5000 5.4338e-05
500 1662.5 5000 0.000186193
562.5 1662.5 5000 0.000944372
562.5 1543.75 5000 5.4338e-05
625 1543.75 5000 5.4338e-05
562.5 1662.5 5000 0.000944372
625 1662.5 5000 0.000944372
625 1425 5000 0.000697429
687.5 1425 5000 0.000453543
625 1543.75 5000 5.4338e-05
687.5 1543.75 5000 0.000199997
687.5 1425 5000 0.000453543
750 1425 5000 0.000453543
687.5 1543.75 5000 0.000199997
750 1543.75 5000 1.85218e-05
625 1543.75 5000 5.4338e-05
687.5 1543.75 5000 0.000199997
625 1662.5 5000 0.000944372
687.5 1662.5 5000 0.000739551
687.5 1543.75 5000 0.000199997
750 1543.75 5000 1.85218e-05
687.5 1662.5 5000 0.000739551
750 1662.5 5000 0.000490459
500 1662.5 5000 0.000186193
562.5 1662.5 5000 0.000944372
500 1781.25 5000 0.000179604
562.5 1781.25 5000 2.46787e-05
562.5 1662.5 5000 0.000944372
625 1662.5 5000 0.000944372
562.5 1781.25 5000 2.46787e-05
625 1781.25 5000 2.46787e-05
500 1781.25 5000 0.000179604
562.5 1781.25 5000 2.46787e-05
500 1900 5000 2.0651e-05
562.5 1900 5000 0.000758379
562.5 1781.25 5000 2.46787e-05
625 1781.25 5000 2.46787e-05
562.5 1900 5000 0.000758379
625 1900 5000 0.000758379
625 1662.5 5000 0.000944372
687.5 1662.5 5000 0.000739551
625 1781.25 5000 2.46787e-05
687.5 1781.25 5000 6.72496e-05
687.5 1662.5 5000 0.000739551
750 1662.5 5000 0.000490459
687.5 1781.25 5000 6.72496e-05
750 1781.25 5000 6.72496e-05
625 1781.25 5000 2.46787e-05
687.5 1781.25 5000 6.72496e-05
625 1900 5000 0.000758379
687.5 1900 5000 0.000320017
687.5 1781.25 5000 6.72496e-05
750 1781.25 5000 6.72496e-05
687.5 1900 5000 0.000320017
750 1900 5000 0.000320017
750 1425 5000 0.000453543
812.5 1425 5000 0.000722056
750 1543.75 5000 1.85218e-05
812.5 1543.75 5000 1.85218e-05
812.5 1425 5000 0.000722056
875 1425 5000 0.000866382
812.5 1543.75 5000 1.85218e-05
875 1543.75 5000 0.000793698
750 1543.75 5000 1.85218e-05
812.5 1543.75 5000 1.85218e-05
750 1662.5 5000 0.000490459
812.5 1662.5 5000 0.000490459
812.5 1543.75 5000 1.85218e-05
875 1543.75 5000 0.000793698
812.5 1662.5 5000 0.000490459
875 1662.5 5000 0.000227415
875 1425 5000 0.000866382
937.5 1425 5000 0.000866382
875 1543.75 5000 0.000793698
937.5 1543.75 5000 0.000793698
937.5 1425 5000 0.000866382
1000 1425 5000 0.000975522
937.5 1543.75 5000 0.000793698
1000 1543.75 5000 0.000223925
875 1543.75 5000 0.000793698
937.5 1543.75 5000 0.000793698
875 1662.5 5000 0.000227415
937.5 1662.5 5000 0.000227415
937.5 1543.75 5000 0.000793698
1000 1543.75 5000 0.000223925
937.5 1662.5 5000 0.000227415
1000 1662.5 5000 0.000254356
750 1662.5 5000 0.000490459
812.5 1662.5 5000 0.000490459
750 1781.25 5000 6.72496e-05
812.5 1781.25 5000 0.000679393
812.5 1662.5 5000 0.000490459
875 1662.5 5000 0.000227415
812.5 1781.25 5000 0.000679393
875 1781.25 5000 0.000453697
750 1781.25 5000 6.72496e-05
812.5 1781.25 5000 0.000679393
750 1900 5000 0.000320017
812.5 1900 5000 0.000383464
812.5 1781.25 5000 0.000679393
875 1781.25 5000 0.000453697
812.5 1900 5000 0.000383464
875 1900 5000 0.000588317
875 1662.5 5000 0.000227415
937.5 1662.5 5000 0.000227415
875 1781.25 5000 0.000453697
937.5 1781.25 5000 0.000453697
937.5 1662.5 5000 0.000227415
1000 1662.5 5000 0.000254356
937.5 1781.25 5000 0.000453697
1000 1781.25 5000 0.000536579
875 1781.25 5000 0.000453697
937.5 1781.25 5000 0.000453697
875 1900 5000 0.000588317
937.5 1900 5000 0.000588317
937.5 1781.25 5000 0.000453697
1000 1781.25 5000 0.000536579
937.5 1900 5000 0.000588317
1000 1900 5000 0.000831048
