# x y z topography
0 0 100 0
45 0 100 0
0 95 100 0
45 95 100 0
45 0 100 0
90 0 100 0
45 95 100 0
90 95 140.207 40.2069
0 95 100 0
45 95 100 0
0 190 100 0
45 190 100 0
45 95 100 0
90 95 140.207 40.2069
45 190 100 0
90 190 140.207 40.2073
90 0 100 0
135 0 100 0
90 95 140.207 40.2069
135 95 140.207 40.2069
135 0 100 0
180 0 100 0
135 95 140.207 40.2069
180 95 140.207 40.2069
90 95 140.207 40.2069
135 95 140.207 40.2069
90 190 140.207 40.2073
135 190 140.207 40.2073
135 95 140.207 40.2069
180 95 140.207 40.2069
135 190 140.207 40.2073
180 190 140.207 40.2073
0 190 100 0
45 190 100 0
0 285 100 0
45 285 100 0
45 190 100 0
90 190 140.207 40.2073
45 285 100 0
90 285 140.524 40.5238
0 285 100 0
45 285 100 0
0 380 100 0
45 380 100 0
45 285 100 0
90 285 140.524 40.5238
45 380 100 0
90 380 140.841 40.8407
90 190 140.207 40.2073
135 190 140.207 40.2073
90 285 140.524 40.5238
135 285 140.524 40.5238
135 190 140.207 40.2073
180 190 140.207 40.2073
135 285 140.524 40.5238
180 285 140.524 40.5238
90 285 140.524 40.5238
135 285 140.524 40.5238
90 380 140.841 40.8407
135 380 140.841 40.8407
135 285 140.524 40.5238
180 285 140.524 40.5238
135 380 140.841 40.8407
180 380 140.841 40.8407
180 0 100 0
225 0 100 0
180 95 140.207 40.2069
225 95 140.207 40.2069
225 0 100 0
270 0 100 0
225 95 140.207 40.2069
270 95 140.207 40.2069
180 95 140.207 40.2069
225 95 140.207 40.2069
180 190 140.207 40.2073
225 190 140.207 40.2073
225 95 140.207 40.2069
270 95 140.207 40.2069
225 190 140.207 40.2073
270 190 140.523 40.5229
270 0 100 0
315 0 100 0
270 95 140.207 40.2069
315 95 140.207 40.2069
315 0 100 0
360 0 100 0
315 95 140.207 40.2069
360 95 140.207 40.2069
270 95 140.207 40.2069
315 95 140.207 40.2069
270 190 140.523 40.5229
315 190 140.523 40.5229
315 95 140.207 40.2069
360 95 140.207 40.2069
315 190 140.523 40.5229
360 190 140.523 40.5229
180 190 140.207 40.2073
225 190 140.207 40.2073
180 285 140.524 40.5238
225 285 140.524 40.5238
225 190 140.207 40.2073
270 190 140.523 40.5229
225 285 140.524 40.5238
270 285 140.524 40.5238
180 285 140.524 40.5238
225 285 140.524 40.5238
180 380 140.841 40.8407
225 380 140.841 40.8407
225 285 140.524 40.5238
270 285 140.524 40.5238
225 380 140.841 40.8407
270 380 140.841 40.8407
270 190 140.523 40.5229
315 190 140.523 40.5229
270 285 140.524 40.5238
315 285 140.524 40.5238
315 190 140.523 40.5229
360 190 140.523 40.5229
315 285 140.524 40.5238
360 285 140.524 40.5238
270 285 140.524 40.5238
315 285 140.524 40.5238
270 380 140.841 40.8407
315 380 140.841 40.8407
315 285 140.524 40.5238
360 285 140.524 40.5238
315 380 140.841 40.8407
360 380 140.841 40.8407
360 0 100 0
405 0 100 0
360 95 140.207 40.2069
405 95 140.207 40.2069
405 0 100 0
450 0 100 0
405 95 140.207 40.2069
450 95 100 0
360 95 140.207 40.2069
405 95 140.207 40.2069
360 190 140.523 40.5229
405 190 140.523 40.5229
405 95 140.207 40.2069
450 95 100 0
405 190 140.523 40.5229
450 190 100 0
450 0 100 0
495 0 100 0
450 95 100 0
495 95 140.207 40.2069
495 0 100 0
540 0 100 0
495 95 140.207 40.2069
540 95 140.207 40.2069
450 95 100 0
495 95 140.207 40.2069
450 190 100 0
495 190 140.523 40.5229
495 95 140.207 40.2069
540 95 140.207 40.2069
495 190 140.523 40.5229
540 190 140.523 40.5229
360 190 140.523 40.5229
405 190 140.523 40.5229
360 285 140.524 40.5238
405 285 140.524 40.5238
405 190 140.523 40.5229
450 190 100 0
405 285 140.524 40.5238
450 285 100 0
360 285 140.524 40.5238
405 285 140.524 40.5238
360 380 140.841 40.8407
405 380 140.841 40.8407
405 285 140.524 40.5238
450 285 100 0
405 380 140.841 40.8407
450 380 100 0
450 190 100 0
495 190 140.523 40.5229
450 285 100 0
495 285 140.839 40.8394
495 190 140.523 40.5229
540 190 140.523 40.5229
495 285 140.839 40.8394
540 285 140.839 40.8394
450 285 100 0
495 285 140.839 40.8394
450 380 100 0
495 380 140.841 40.8407
495 285 140.839 40.8394
540 285 140.839 40.8394
495 380 140.841 40.8407
540 380 140.841 40.8407
540 0 100 0
585 0 100 0
540 95 140.207 40.2069
585 95 140.207 40.2069
585 0 100 0
630 0 100 0
585 95 140.207 40.2069
630 95 140.207 40.2069
540 95 140.207 40.2069
585 95 140.207 40.2069
540 190 140.523 40.5229
585 190 140.523 40.5229
585 95 140.207 40.2069
630 95 140.207 40.2069
585 190 140.523 40.5229
630 190 140.523 40.5229
630 0 100 0
675 0 100 0
630 95 140.207 40.2069
675 95 140.207 40.2069
675 0 100 0
720 0 100 0
675 95 140.207 40.2069
720 95 140.207 40.2069
630 95 140.207 40.2069
675 95 140.207 40.2069
630 190 140.523 40.5229
675 190 140.523 40.5229
675 95 140.207 40.2069
720 95 140.207 40.2069
675 190 140.523 40.5229
720 190 140.523 40.5229
540 190 140.523 40.5229
585 190 140.523 40.5229
540 285 140.839 40.8394
585 285 140.839 40.8394
585 190 140.523 40.5229
630 190 140.523 40.5229
585 285 140.839 40.8394
630 285 140.839 40.8394
540 285 140.839 40.8394
585 285 140.839 40.8394
540 380 140.841 40.8407
585 380 140.841 40.8407
585 285 140.839 40.8394
630 285 140.839 40.8394
585 380 140.841 40.8407
630 380 140.841 40.8407
630 190 140.523 40.5229
675 190 140.523 40.5229
630 285 140.839 40.8394
675 285 140.839 40.8394
675 190 140.523 40.5229
720 190 140.523 40.5229
675 285 140.839 40.8394
720 285 140.839 40.8394
630 285 140.839 40.8394
675 285 140.839 40.8394
630 380 140.841 40.8407
675 380 141.156 41.1562
675 285 140.839 40.8394
720 285 140.839 40.8394
675 380 141.156 41.1562
720 380 141.156 41.1562
720 0 100 0
765 0 100 0
720 95 140.207 40.2069
765 95 140.207 40.2069
765 0 100 0
810 0 100 0
765 95 140.207 40.2069
810 95 140.207 40.2069
720 95 140.207 40.2069
765 95 140.207 40.2069
720 190 140.523 40.5229
765 190 140.523 40.5229
765 95 140.207 40.2069
810 95 140.207 40.2069
765 190 140.523 40.5229
810 190 140.523 40.5229
810 0 100 0
855 0 100 0
810 95 140.207 40.2069
855 95 100 0
855 0 100 0
900 0 100 0
855 95 100 0
900 95 100 0
810 95 140.207 40.2069
855 95 100 0
810 190 140.523 40.5229
855 190 100 0
855 95 100 0
900 95 100 0
855 190 100 0
900 190 100 0
720 190 140.523 40.5229
765 190 140.523 40.5229
720 285 140.839 40.8394
765 285 140.839 40.8394
765 190 140.523 40.5229
810 190 140.523 40.5229
765 285 140.839 40.8394
810 285 140.839 40.8394
720 285 140.839 40.8394
765 285 140.839 40.8394
720 380 141.156 41.1562
765 380 141.156 41.1562
765 285 140.839 40.8394
810 285 140.839 40.8394
765 380 141.156 41.1562
810 380 141.156 41.1562
810 190 140.523 40.5229
855 190 100 0
810 285 140.839 40.8394
855 285 100 0
855 190 100 0
900 190 100 0
855 285 100 0
900 285 100 0
810 285 140.839 40.8394
855 285 100 0
810 380 141.156 41.1562
855 380 100 0
855 285 100 0
900 285 100 0
855 380 100 0
900 380 100 0
0 380 100 0
45 380 100 0
0 475 100 0
45 475 100 0
45 380 100 0
90 380 140.841 40.8407
45 475 100 0
90 475 141.158 41.1579
0 475 100 0
45 475 100 0
0 570 100 0
45 570 100 0
45 475 100 0
90 475 141.158 41.1579
45 570 100 0
90 570 141.476 41.4755
90 380 140.841 40.8407
135 380 140.841 40.8407
90 475 141.158 41.1579
135 475 141.158 41.1579
135 380 140.841 40.8407
180 380 140.841 40.8407
135 475 141.158 41.1579
180 475 141.158 41.1579
90 475 141.158 41.1579
135 475 141.158 41.1579
90 570 141.476 41.4755
135 570 141.476 41.4755
135 475 141.158 41.1579
180 475 141.158 41.1579
135 570 141.476 41.4755
180 570 141.476 41.4755
0 570 100 0
45 570 100 0
0 665 100 0
45 665 100 0
45 570 100 0
90 570 141.476 41.4755
45 665 100 0
90 665 141.478 41.4778
0 665 100 0
45 665 100 0
0 760 100 0
45 760 100 0
45 665 100 0
90 665 141.478 41.4778
45 760 100 0
90 760 141.796 41.7959
90 570 141.476 41.4755
135 570 141.476 41.4755
90 665 141.478 41.4778
135 665 141.478 41.4778
135 570 141.476 41.4755
180 570 141.476 41.4755
135 665 141.478 41.4778
180 665 141.478 41.4778
90 665 141.478 41.4778
135 665 141.478 41.4778
90 760 141.796 41.7959
135 760 141.796 41.7959
135 665 141.478 41.4778
180 665 141.478 41.4778
135 760 141.796 41.7959
180 760 141.796 41.7959
180 380 140.841 40.8407
225 380 140.841 40.8407
180 475 141.158 41.1579
225 475 141.158 41.1579
225 380 140.841 40.8407
270 380 140.841 40.8407
225 475 141.158 41.1579
270 475 141.158 41.1579
180 475 141.158 41.1579
225 475 141.158 41.1579
180 570 141.476 41.4755
225 570 141.476 41.4755
225 475 141.158 41.1579
270 475 141.158 41.1579
225 570 141.476 41.4755
270 570 141.476 41.4755
270 380 140.841 40.8407
315 380 140.841 40.8407
270 475 141.158 41.1579
315 475 141.158 41.1579
315 380 140.841 40.8407
360 380 140.841 40.8407
315 475 141.158 41.1579
360 475 141.158 41.1579
270 475 141.158 41.1579
315 475 141.158 41.1579
270 570 141.476 41.4755
315 570 141.476 41.4755
315 475 141.158 41.1579
360 475 141.158 41.1579
315 570 141.476 41.4755
360 570 141.476 41.4755
180 570 141.476 41.4755
225 570 141.476 41.4755
180 665 141.478 41.4778
225 665 141.478 41.4778
225 570 141.476 41.4755
270 570 141.476 41.4755
225 665 141.478 41.4778
270 665 141.793 41.7934
180 665 141.478 41.4778
225 665 141.478 41.4778
180 760 141.796 41.7959
225 760 141.796 41.7959
225 665 141.478 41.4778
270 665 141.793 41.7934
225 760 141.796 41.7959
270 760 141.796 41.7959
270 570 141.476 41.4755
315 570 141.476 41.4755
270 665 141.793 41.7934
315 665 141.793 41.7934
315 570 141.476 41.4755
360 570 141.476 41.4755
315 665 141.793 41.7934
360 665 141.793 41.7934
270 665 141.793 41.7934
315 665 141.793 41.7934
270 760 141.796 41.7959
315 760 141.796 41.7959
315 665 141.793 41.7934
360 665 141.793 41.7934
315 760 141.796 41.7959
360 760 141.796 41.7959
360 380 140.841 40.8407
405 380 140.841 40.8407
360 475 141.158 41.1579
405 475 141.158 41.1579
405 380 140.841 40.8407
450 380 100 0
405 475 141.158 41.1579
450 475 100 0
360 475 141.158 41.1579
405 475 141.158 41.1579
360 570 141.476 41.4755
405 570 141.476 41.4755
405 475 141.158 41.1579
450 475 100 0
405 570 141.476 41.4755
450 570 100 0
450 380 100 0
495 380 140.841 40.8407
450 475 100 0
495 475 141.158 41.1579
495 380 140.841 40.8407
540 380 140.841 40.8407
495 475 141.158 41.1579
540 475 141.158 41.1579
450 475 100 0
495 475 141.158 41.1579
450 570 100 0
495 570 141.476 41.4755
495 475 141.158 41.1579
540 475 141.158 41.1579
495 570 141.476 41.4755
540 570 141.476 41.4755
360 570 141.476 41.4755
405 570 141.476 41.4755
360 665 141.793 41.7934
405 665 141.793 41.7934
405 570 141.476 41.4755
450 570 100 0
405 665 141.793 41.7934
450 665 100 0
360 665 141.793 41.7934
405 665 141.793 41.7934
360 760 141.796 41.7959
405 760 141.796 41.7959
405 665 141.793 41.7934
450 665 100 0
405 760 141.796 41.7959
450 760 100 0
450 570 100 0
495 570 141.476 41.4755
450 665 100 0
495 665 141.793 41.7934
495 570 141.476 41.4755
540 570 141.476 41.4755
495 665 141.793 41.7934
540 665 141.793 41.7934
450 665 100 0
495 665 141.793 41.7934
450 760 100 0
495 760 142.111 42.1115
495 665 141.793 41.7934
540 665 141.793 41.7934
495 760 142.111 42.1115
540 760 142.111 42.1115
540 380 140.841 40.8407
585 380 140.841 40.8407
540 475 141.158 41.1579
585 475 141.158 41.1579
585 380 140.841 40.8407
630 380 140.841 40.8407
585 475 141.158 41.1579
630 475 141.158 41.1579
540 475 141.158 41.1579
585 475 141.158 41.1579
540 570 141.476 41.4755
585 570 141.476 41.4755
585 475 141.158 41.1579
630 475 141.158 41.1579
585 570 141.476 41.4755
630 570 141.476 41.4755
630 380 140.841 40.8407
675 380 141.156 41.1562
630 475 141.158 41.1579
675 475 141.158 41.1579
675 380 141.156 41.1562
720 380 141.156 41.1562
675 475 141.158 41.1579
720 475 141.158 41.1579
630 475 141.158 41.1579
675 475 141.158 41.1579
630 570 141.476 41.4755
675 570 141.476 41.4755
675 475 141.158 41.1579
720 475 141.158 41.1579
675 570 141.476 41.4755
720 570 141.476 41.4755
540 570 141.476 41.4755
585 570 141.476 41.4755
540 665 141.793 41.7934
585 665 141.793 41.7934
585 570 141.476 41.4755
630 570 141.476 41.4755
585 665 141.793 41.7934
630 665 141.793 41.7934
540 665 141.793 41.7934
585 665 141.793 41.7934
540 760 142.111 42.1115
585 760 142.111 42.1115
585 665 141.793 41.7934
630 665 141.793 41.7934
585 760 142.111 42.1115
630 760 142.111 42.1115
630 570 141.476 41.4755
675 570 141.476 41.4755
630 665 141.793 41.7934
675 665 141.793 41.7934
675 570 141.476 41.4755
720 570 141.476 41.4755
675 665 141.793 41.7934
720 665 141.793 41.7934
630 665 141.793 41.7934
675 665 141.793 41.7934
630 760 142.111 42.1115
675 760 142.111 42.1115
675 665 141.793 41.7934
720 665 141.793 41.7934
675 760 142.111 42.1115
720 760 142.111 42.1115
720 380 141.156 41.1562
765 380 141.156 41.1562
720 475 141.158 41.1579
765 475 141.158 41.1579
765 380 141.156 41.1562
810 380 141.156 41.1562
765 475 141.158 41.1579
810 475 141.158 41.1579
720 475 141.158 41.1579
765 475 141.158 41.1579
720 570 141.476 41.4755
765 570 141.476 41.4755
765 475 141.158 41.1579
810 475 141.158 41.1579
765 570 141.476 41.4755
810 570 141.476 41.4755
810 380 141.156 41.1562
855 380 100 0
810 475 141.158 41.1579
855 475 100 0
855 380 100 0
900 380 100 0
855 475 100 0
900 475 100 0
810 475 141.158 41.1579
855 475 100 0
810 570 141.476 41.4755
855 570 100 0
855 475 100 0
900 475 100 0
855 570 100 0
900 570 100 0
720 570 141.476 41.4755
765 570 141.476 41.4755
720 665 141.793 41.7934
765 665 141.793 41.7934
765 570 141.476 41.4755
810 570 141.476 41.4755
765 665 141.793 41.7934
810 665 141.793 41.7934
720 665 141.793 41.7934
765 665 141.793 41.7934
720 760 142.111 42.1115
765 760 142.111 42.1115
765 665 141.793 41.7934
810 665 141.793 41.7934
765 760 142.111 42.1115
810 760 142.111 42.1115
810 570 141.476 41.4755
855 570 100 0
810 665 141.793 41.7934
855 665 100 0
855 570 100 0
900 570 100 0
855 665 100 0
900 665 100 0
810 665 141.793 41.7934
855 665 100 0
810 760 142.111 42.1115
855 760 100 0
855 665 100 0
900 665 100 0
855 760 100 0
900 760 100 0
0 760 100 0
45 760 100 0
0 855 100 0
45 855 100 0
45 760 100 0
90 760 141.796 41.7959
45 855 100 0
90 855 142.114 42.1141
0 855 100 0
45 855 100 0
0 950 100 0
45 950 100 0
45 855 100 0
90 855 142.114 42.1141
45 950 100 0
90 950 142.432 42.4323
90 760 141.796 41.7959
135 760 141.796 41.7959
90 855 142.114 42.1141
135 855 142.114 42.1141
135 760 141.796 41.7959
180 760 141.796 41.7959
135 855 142.114 42.1141
180 855 142.114 42.1141
90 855 142.114 42.1141
135 855 142.114 42.1141
90 950 142.432 42.4323
135 950 142.114 42.1141
135 855 142.114 42.1141
180 855 142.114 42.1141
135 950 142.114 42.1141
180 950 142.432 42.4323
0 950 100 0
45 950 100 0
0 1045 100 0
45 1045 100 0
45 950 100 0
90 950 142.432 42.4323
45 1045 100 0
90 1045 142.432 42.4323
0 1045 100 0
45 1045 100 0
0 1140 100 0
45 1140 100 0
45 1045 100 0
90 1045 142.432 42.4323
45 1140 100 0
90 1140 142.75 42.7504
90 950 142.432 42.4323
135 950 142.114 42.1141
90 1045 142.432 42.4323
135 1045 142.432 42.4323
135 950 142.114 42.1141
180 950 142.432 42.4323
135 1045 142.432 42.4323
180 1045 142.432 42.4323
90 1045 142.432 42.4323
135 1045 142.432 42.4323
90 1140 142.75 42.7504
135 1140 142.75 42.7504
135 1045 142.432 42.4323
180 1045 142.432 42.4323
135 1140 142.75 42.7504
180 1140 142.75 42.7504
180 760 141.796 41.7959
225 760 141.796 41.7959
180 855 142.114 42.1141
225 855 142.114 42.1141
225 760 141.796 41.7959
270 760 141.796 41.7959
225 855 142.114 42.1141
270 855 142.114 42.1141
180 855 142.114 42.1141
225 855 142.114 42.1141
180 950 142.432 42.4323
225 950 142.114 42.1141
225 855 142.114 42.1141
270 855 142.114 42.1141
225 950 142.114 42.1141
270 950 142.432 42.4323
270 760 141.796 41.7959
315 760 141.796 41.7959
270 855 142.114 42.1141
315 855 142.114 42.1141
315 760 141.796 41.7959
360 760 141.796 41.7959
315 855 142.114 42.1141
360 855 142.114 42.1141
270 855 142.114 42.1141
315 855 142.114 42.1141
270 950 142.432 42.4323
315 950 142.432 42.4323
315 855 142.114 42.1141
360 855 142.114 42.1141
315 950 142.432 42.4323
360 950 142.432 42.4323
180 950 142.432 42.4323
225 950 142.114 42.1141
180 1045 142.432 42.4323
225 1045 142.432 42.4323
225 950 142.114 42.1141
270 950 142.432 42.4323
225 1045 142.432 42.4323
270 1045 142.432 42.4323
180 1045 142.432 42.4323
225 1045 142.432 42.4323
180 1140 142.75 42.7504
225 1140 142.75 42.7504
225 1045 142.432 42.4323
270 1045 142.432 42.4323
225 1140 142.75 42.7504
270 1140 142.75 42.7504
270 950 142.432 42.4323
315 950 142.432 42.4323
270 1045 142.432 42.4323
315 1045 142.432 42.4323
315 950 142.432 42.4323
360 950 142.432 42.4323
315 1045 142.432 42.4323
360 1045 142.432 42.4323
270 1045 142.432 42.4323
315 1045 142.432 42.4323
270 1140 142.75 42.7504
315 1140 142.75 42.7504
315 1045 142.432 42.4323
360 1045 142.432 42.4323
315 1140 142.75 42.7504
360 1140 142.75 42.7504
360 760 141.796 41.7959
405 760 141.796 41.7959
360 855 142.114 42.1141
405 855 142.114 42.1141
405 760 141.796 41.7959
450 760 100 0
405 855 142.114 42.1141
450 855 100 0
360 855 142.114 42.1141
405 855 142.114 42.1141
360 950 142.432 42.4323
405 950 142.432 42.4323
405 855 142.114 42.1141
450 855 100 0
405 950 142.432 42.4323
450 950 100 0
450 760 100 0
495 760 142.111 42.1115
450 855 100 0
495 855 142.114 42.1141
495 760 142.111 42.1115
540 760 142.111 42.1115
495 855 142.114 42.1141
540 855 142.114 42.1141
450 855 100 0
495 855 142.114 42.1141
450 950 100 0
495 950 142.432 42.4323
495 855 142.114 42.1141
540 855 142.114 42.1141
495 950 142.432 42.4323
540 950 142.114 42.1141
360 950 142.432 42.4323
405 950 142.432 42.4323
360 1045 142.432 42.4323
405 1045 142.432 42.4323
405 950 142.432 42.4323
450 950 100 0
405 1045 142.432 42.4323
450 1045 100 0
360 1045 142.432 42.4323
405 1045 142.432 42.4323
360 1140 142.75 42.7504
405 1140 142.75 42.7504
405 1045 142.432 42.4323
450 1045 100 0
405 1140 142.75 42.7504
450 1140 100 0
450 950 100 0
495 950 142.432 42.4323
450 1045 100 0
495 1045 142.432 42.4323
495 950 142.432 42.4323
540 950 142.114 42.1141
495 1045 142.432 42.4323
540 1045 142.432 42.4323
450 1045 100 0
495 1045 142.432 42.4323
450 1140 100 0
495 1140 142.75 42.7504
495 1045 142.432 42.4323
540 1045 142.432 42.4323
495 1140 142.75 42.7504
540 1140 142.75 42.7504
540 760 142.111 42.1115
585 760 142.111 42.1115
540 855 142.114 42.1141
585 855 142.114 42.1141
585 760 142.111 42.1115
630 760 142.111 42.1115
585 855 142.114 42.1141
630 855 142.114 42.1141
540 855 142.114 42.1141
585 855 142.114 42.1141
540 950 142.114 42.1141
585 950 142.432 42.4323
585 855 142.114 42.1141
630 855 142.114 42.1141
585 950 142.432 42.4323
630 950 142.114 42.1141
630 760 142.111 42.1115
675 760 142.111 42.1115
630 855 142.114 42.1141
675 855 142.43 42.4296
675 760 142.111 42.1115
720 760 142.111 42.1115
675 855 142.43 42.4296
720 855 142.43 42.4296
630 855 142.114 42.1141
675 855 142.43 42.4296
630 950 142.114 42.1141
675 950 142.43 42.4296
675 855 142.43 42.4296
720 855 142.43 42.4296
675 950 142.43 42.4296
720 950 142.432 42.4323
540 950 142.114 42.1141
585 950 142.432 42.4323
540 1045 142.432 42.4323
585 1045 142.432 42.4323
585 950 142.432 42.4323
630 950 142.114 42.1141
585 1045 142.432 42.4323
630 1045 142.432 42.4323
540 1045 142.432 42.4323
585 1045 142.432 42.4323
540 1140 142.75 42.7504
585 1140 142.75 42.7504
585 1045 142.432 42.4323
630 1045 142.432 42.4323
585 1140 142.75 42.7504
630 1140 142.75 42.7504
630 950 142.114 42.1141
675 950 142.43 42.4296
630 1045 142.432 42.4323
675 1045 142.432 42.4323
675 950 142.43 42.4296
720 950 142.432 42.4323
675 1045 142.432 42.4323
720 1045 142.432 42.4323
630 1045 142.432 42.4323
675 1045 142.432 42.4323
630 1140 142.75 42.7504
675 1140 142.75 42.7504
675 1045 142.432 42.4323
720 1045 142.432 42.4323
675 1140 142.75 42.7504
720 1140 142.75 42.7504
720 760 142.111 42.1115
765 760 142.111 42.1115
720 855 142.43 42.4296
765 855 142.43 42.4296
765 760 142.111 42.1115
810 760 142.111 42.1115
765 855 142.43 42.4296
810 855 142.43 42.4296
720 855 142.43 42.4296
765 855 142.43 42.4296
720 950 142.432 42.4323
765 950 142.43 42.4296
765 855 142.43 42.4296
810 855 142.43 42.4296
765 950 142.43 42.4296
810 950 142.432 42.4323
810 760 142.111 42.1115
855 760 100 0
810 855 142.43 42.4296
855 855 100 0
855 760 100 0
900 760 100 0
855 855 100 0
900 855 100 0
810 855 142.43 42.4296
855 855 100 0
810 950 142.432 42.4323
855 950 100 0
855 855 100 0
900 855 100 0
855 950 100 0
900 950 100 0
720 950 142.432 42.4323
765 950 142.43 42.4296
720 1045 142.432 42.4323
765 1045 142.432 42.4323
765 950 142.43 42.4296
810 950 142.432 42.4323
765 1045 142.432 42.4323
810 1045 142.432 42.4323
720 1045 142.432 42.4323
765 1045 142.432 42.4323
720 1140 142.75 42.7504
765 1140 142.75 42.7504
765 1045 142.432 42.4323
810 1045 142.432 42.4323
765 1140 142.75 42.7504
810 1140 142.75 42.7504
810 950 142.432 42.4323
855 950 100 0
810 1045 142.432 42.4323
855 1045 100 0
855 950 100 0
900 950 100 0
855 1045 100 0
900 1045 100 0
810 1045 142.432 42.4323
855 1045 100 0
810 1140 142.75 42.7504
855 1140 100 0
855 1045 100 0
900 1045 100 0
855 1140 100 0
900 1140 100 0
0 1140 100 0
45 1140 100 0
0 1235 100 0
45 1235 100 0
45 1140 100 0
90 1140 142.75 42.7504
45 1235 100 0
90 1235 142.753 42.7529
0 1235 100 0
45 1235 100 0
0 1330 100 0
45 1330 100 0
45 1235 100 0
90 1235 142.753 42.7529
45 1330 100 0
90 1330 143.071 43.0708
90 1140 142.75 42.7504
135 1140 142.75 42.7504
90 1235 142.753 42.7529
135 1235 142.753 42.7529
135 1140 142.75 42.7504
180 1140 142.75 42.7504
135 1235 142.753 42.7529
180 1235 142.753 42.7529
90 1235 142.753 42.7529
135 1235 142.753 42.7529
90 1330 143.071 43.0708
135 1330 143.071 43.0708
135 1235 142.753 42.7529
180 1235 142.753 42.7529
135 1330 143.071 43.0708
180 1330 143.071 43.0708
0 1330 100 0
45 1330 100 0
0 1425 100 0
45 1425 100 0
45 1330 100 0
90 1330 143.071 43.0708
45 1425 100 0
90 1425 143.388 43.3884
0 1425 100 0
45 1425 100 0
0 1520 100 0
45 1520 100 0
45 1425 100 0
90 1425 143.388 43.3884
45 1520 100 0
90 1520 143.706 43.7057
90 1330 143.071 43.0708
135 1330 143.071 43.0708
90 1425 143.388 43.3884
135 1425 143.388 43.3884
135 1330 143.071 43.0708
180 1330 143.071 43.0708
135 1425 143.388 43.3884
180 1425 143.388 43.3884
90 1425 143.388 43.3884
135 1425 143.388 43.3884
90 1520 143.706 43.7057
135 1520 143.706 43.7057
135 1425 143.388 43.3884
180 1425 143.388 43.3884
135 1520 143.706 43.7057
180 1520 143.706 43.7057
180 1140 142.75 42.7504
225 1140 142.75 42.7504
180 1235 142.753 42.7529
225 1235 142.753 42.7529
225 1140 142.75 42.7504
270 1140 142.75 42.7504
225 1235 142.753 42.7529
270 1235 143.069 43.0685
180 1235 142.753 42.7529
225 1235 142.753 42.7529
180 1330 143.071 43.0708
225 1330 143.071 43.0708
225 1235 142.753 42.7529
270 1235 143.069 43.0685
225 1330 143.071 43.0708
270 1330 143.071 43.0708
270 1140 142.75 42.7504
315 1140 142.75 42.7504
270 1235 143.069 43.0685
315 1235 143.069 43.0685
315 1140 142.75 42.7504
360 1140 142.75 42.7504
315 1235 143.069 43.0685
360 1235 143.069 43.0685
270 1235 143.069 43.0685
315 1235 143.069 43.0685
270 1330 143.071 43.0708
315 1330 143.071 43.0708
315 1235 143.069 43.0685
360 1235 143.069 43.0685
315 1330 143.071 43.0708
360 1330 143.071 43.0708
180 1330 143.071 43.0708
225 1330 143.071 43.0708
180 1425 143.388 43.3884
225 1425 143.388 43.3884
225 1330 143.071 43.0708
270 1330 143.071 43.0708
225 1425 143.388 43.3884
270 1425 143.388 43.3884
180 1425 143.388 43.3884
225 1425 143.388 43.3884
180 1520 143.706 43.7057
225 1520 143.706 43.7057
225 1425 143.388 43.3884
270 1425 143.388 43.3884
225 1520 143.706 43.7057
270 1520 143.706 43.7057
270 1330 143.071 43.0708
315 1330 143.071 43.0708
270 1425 143.388 43.3884
315 1425 143.388 43.3884
315 1330 143.071 43.0708
360 1330 143.071 43.0708
315 1425 143.388 43.3884
360 1425 143.388 43.3884
270 1425 143.388 43.3884
315 1425 143.388 43.3884
270 1520 143.706 43.7057
315 1520 143.706 43.7057
315 1425 143.388 43.3884
360 1425 143.388 43.3884
315 1520 143.706 43.7057
360 1520 143.706 43.7057
360 1140 142.75 42.7504
405 1140 142.75 42.7504
360 1235 143.069 43.0685
405 1235 143.069 43.0685
405 1140 142.75 42.7504
450 1140 100 0
405 1235 143.069 43.0685
450 1235 100 0
360 1235 143.069 43.0685
405 1235 143.069 43.0685
360 1330 143.071 43.0708
405 1330 143.071 43.0708
405 1235 143.069 43.0685
450 1235 100 0
405 1330 143.071 43.0708
450 1330 100 0
450 1140 100 0
495 1140 142.75 42.7504
450 1235 100 0
495 1235 143.069 43.0685
495 1140 142.75 42.7504
540 1140 142.75 42.7504
495 1235 143.069 43.0685
540 1235 143.069 43.0685
450 1235 100 0
495 1235 143.069 43.0685
450 1330 100 0
495 1330 143.386 43.3864
495 1235 143.069 43.0685
540 1235 143.069 43.0685
495 1330 143.386 43.3864
540 1330 143.386 43.3864
360 1330 143.071 43.0708
405 1330 143.071 43.0708
360 1425 143.388 43.3884
405 1425 143.388 43.3884
405 1330 143.071 43.0708
450 1330 100 0
405 1425 143.388 43.3884
450 1425 100 0
360 1425 143.388 43.3884
405 1425 143.388 43.3884
360 1520 143.706 43.7057
405 1520 143.706 43.7057
405 1425 143.388 43.3884
450 1425 100 0
405 1520 143.706 43.7057
450 1520 100 0
450 1330 100 0
495 1330 143.386 43.3864
450 1425 100 0
495 1425 143.388 43.3884
495 1330 143.386 43.3864
540 1330 143.386 43.3864
495 1425 143.388 43.3884
540 1425 143.388 43.3884
450 1425 100 0
495 1425 143.388 43.3884
450 1520 100 0
495 1520 143.706 43.7057
495 1425 143.388 43.3884
540 1425 143.388 43.3884
495 1520 143.706 43.7057
540 1520 143.706 43.7057
540 1140 142.75 42.7504
585 1140 142.75 42.7504
540 1235 143.069 43.0685
585 1235 143.069 43.0685
585 1140 142.75 42.7504
630 1140 142.75 42.7504
585 1235 143.069 43.0685
630 1235 143.069 43.0685
540 1235 143.069 43.0685
585 1235 143.069 43.0685
540 1330 143.386 43.3864
585 1330 143.386 43.3864
585 1235 143.069 43.0685
630 1235 143.069 43.0685
585 1330 143.386 43.3864
630 1330 143.386 43.3864
630 1140 142.75 42.7504
675 1140 142.75 42.7504
630 1235 143.069 43.0685
675 1235 143.069 43.0685
675 1140 142.75 42.7504
720 1140 142.75 42.7504
675 1235 143.069 43.0685
720 1235 143.069 43.0685
630 1235 143.069 43.0685
675 1235 143.069 43.0685
630 1330 143.386 43.3864
675 1330 143.386 43.3864
675 1235 143.069 43.0685
720 1235 143.069 43.0685
675 1330 143.386 43.3864
720 1330 143.386 43.3864
540 1330 143.386 43.3864
585 1330 143.386 43.3864
540 1425 143.388 43.3884
585 1425 143.388 43.3884
585 1330 143.386 43.3864
630 1330 143.386 43.3864
585 1425 143.388 43.3884
630 1425 143.388 43.3884
540 1425 143.388 43.3884
585 1425 143.388 43.3884
540 1520 143.706 43.7057
585 1520 143.706 43.7057
585 1425 143.388 43.3884
630 1425 143.388 43.3884
585 1520 143.706 43.7057
630 1520 143.706 43.7057
630 1330 143.386 43.3864
675 1330 143.386 43.3864
630 1425 143.388 43.3884
675 1425 143.704 43.704
675 1330 143.386 43.3864
720 1330 143.386 43.3864
675 1425 143.704 43.704
720 1425 143.704 43.704
630 1425 143.388 43.3884
675 1425 143.704 43.704
630 1520 143.706 43.7057
675 1520 143.706 43.7057
675 1425 143.704 43.704
720 1425 143.704 43.704
675 1520 143.706 43.7057
720 1520 143.706 43.7057
720 1140 142.75 42.7504
765 1140 142.75 42.7504
720 1235 143.069 43.0685
765 1235 143.069 43.0685
765 1140 142.75 42.7504
810 1140 142.75 42.7504
765 1235 143.069 43.0685
810 1235 143.069 43.0685
720 1235 143.069 43.0685
765 1235 143.069 43.0685
720 1330 143.386 43.3864
765 1330 143.386 43.3864
765 1235 143.069 43.0685
810 1235 143.069 43.0685
765 1330 143.386 43.3864
810 1330 143.386 43.3864
810 1140 142.75 42.7504
855 1140 100 0
810 1235 143.069 43.0685
855 1235 100 0
855 1140 100 0
900 1140 100 0
855 1235 100 0
900 1235 100 0
810 1235 143.069 43.0685
855 1235 100 0
810 1330 143.386 43.3864
855 1330 100 0
855 1235 100 0
900 1235 100 0
855 1330 100 0
900 1330 100 0
720 1330 143.386 43.3864
765 1330 143.386 43.3864
720 1425 143.704 43.704
765 1425 143.704 43.704
765 1330 143.386 43.3864
810 1330 143.386 43.3864
765 1425 143.704 43.704
810 1425 143.704 43.704
720 1425 143.704 43.704
765 1425 143.704 43.704
720 1520 143.706 43.7057
765 1520 143.706 43.7057
765 1425 143.704 43.704
810 1425 143.704 43.704
765 1520 143.706 43.7057
810 1520 143.706 43.7057
810 1330 143.386 43.3864
855 1330 100 0
810 1425 143.704 43.704
855 1425 100 0
855 1330 100 0
900 1330 100 0
855 1425 100 0
900 1425 100 0
810 1425 143.704 43.704
855 1425 100 0
810 1520 143.706 43.7057
855 1520 100 0
855 1425 100 0
900 1425 100 0
855 1520 100 0
900 1520 100 0
0 1520 100 0
45 1520 100 0
0 1615 100 0
45 1615 100 0
45 1520 100 0
90 1520 143.706 43.7057
45 1615 100 0
90 1615 144.023 44.0225
0 1615 100 0
45 1615 100 0
0 1710 100 0
45 1710 100 0
45 1615 100 0
90 1615 144.023 44.0225
45 1710 100 0
90 1710 144.023 44.0235
90 1520 143.706 43.7057
135 1520 143.706 43.7057
90 1615 144.023 44.0225
135 1615 144.023 44.0225
135 1520 143.706 43.7057
180 1520 143.706 43.7057
135 1615 144.023 44.0225
180 1615 144.023 44.0225
90 1615 144.023 44.0225
135 1615 144.023 44.0225
90 1710 144.023 44.0235
135 1710 144.023 44.0235
135 1615 144.023 44.0225
180 1615 144.023 44.0225
135 1710 144.023 44.0235
180 1710 144.023 44.0235
0 1710 100 0
45 1710 100 0
0 1805 100 0
45 1805 100 0
45 1710 100 0
90 1710 144.023 44.0235
45 1805 100 0
90 1805 144.339 44.3395
0 1805 100 0
45 1805 100 0
0 1900 100 0
45 1900 100 0
45 1805 100 0
90 1805 144.339 44.3395
45 1900 100 0
90 1900 100 0
90 1710 144.023 44.0235
135 1710 144.023 44.0235
90 1805 144.339 44.3395
135 1805 144.339 44.3395
135 1710 144.023 44.0235
180 1710 144.023 44.0235
135 1805 144.339 44.3395
180 1805 144.339 44.3395
90 1805 144.339 44.3395
135 1805 144.339 44.3395
90 1900 100 0
135 1900 100 0
135 1805 144.339 44.3395
180 1805 144.339 44.3395
135 1900 100 0
180 1900 100 0
180 1520 143.706 43.7057
225 1520 143.706 43.7057
180 1615 144.023 44.0225
225 1615 144.023 44.0225
225 1520 143.706 43.7057
270 1520 143.706 43.7057
225 1615 144.023 44.0225
270 1615 144.023 44.0225
180 1615 144.023 44.0225
225 1615 144.023 44.0225
180 1710 144.023 44.0235
225 1710 144.023 44.0235
225 1615 144.023 44.0225
270 1615 144.023 44.0225
225 1710 144.023 44.0235
270 1710 144.339 44.339
270 1520 143.706 43.7057
315 1520 143.706 43.7057
270 1615 144.023 44.0225
315 1615 144.023 44.0225
315 1520 143.706 43.7057
360 1520 143.706 43.7057
315 1615 144.023 44.0225
360 1615 144.023 44.0225
270 1615 144.023 44.0225
315 1615 144.023 44.0225
270 1710 144.339 44.339
315 1710 144.339 44.339
315 1615 144.023 44.0225
360 1615 144.023 44.0225
315 1710 144.339 44.339
360 1710 144.339 44.339
180 1710 144.023 44.0235
225 1710 144.023 44.0235
180 1805 144.339 44.3395
225 1805 144.339 44.3395
225 1710 144.023 44.0235
270 1710 144.339 44.339
225 1805 144.339 44.3395
270 1805 144.339 44.3395
180 1805 144.339 44.3395
225 1805 144.339 44.3395
180 1900 100 0
225 1900 100 0
225 1805 144.339 44.3395
270 1805 144.339 44.3395
225 1900 100 0
270 1900 100 0
270 1710 144.339 44.339
315 1710 144.339 44.339
270 1805 144.339 44.3395
315 1805 144.339 44.3395
315 1710 144.339 44.339
360 1710 144.339 44.339
315 1805 144.339 44.3395
360 1805 144.339 44.3395
270 1805 144.339 44.3395
315 1805 144.339 44.3395
270 1900 100 0
315 1900 100 0
315 1805 144.339 44.3395
360 1805 144.339 44.3395
315 1900 100 0
360 1900 100 0
360 1520 143.706 43.7057
405 1520 143.706 43.7057
360 1615 144.023 44.0225
405 1615 144.023 44.0225
405 1520 143.706 43.7057
450 1520 100 0
405 1615 144.023 44.0225
450 1615 100 0
360 1615 144.023 44.0225
405 1615 144.023 44.0225
360 1710 144.339 44.339
405 1710 144.339 44.339
405 1615 144.023 44.0225
450 1615 100 0
405 1710 144.339 44.339
450 1710 100 0
450 1520 100 0
495 1520 143.706 43.7057
450 1615 100 0
495 1615 144.023 44.0225
495 1520 143.706 43.7057
540 1520 143.706 43.7057
495 1615 144.023 44.0225
540 1615 144.023 44.0225
450 1615 100 0
495 1615 144.023 44.0225
450 1710 100 0
495 1710 144.339 44.339
495 1615 144.023 44.0225
540 1615 144.023 44.0225
495 1710 144.339 44.339
540 1710 144.339 44.339
360 1710 144.339 44.339
405 1710 144.339 44.339
360 1805 144.339 44.3395
405 1805 144.339 44.3395
405 1710 144.339 44.339
450 1710 100 0
405 1805 144.339 44.3395
450 1805 100 0
360 1805 144.339 44.3395
405 1805 144.339 44.3395
360 1900 100 0
405 1900 100 0
405 1805 144.339 44.3395
450 1805 100 0
405 1900 100 0
450 1900 100 0
450 1710 100 0
495 1710 144.339 44.339
450 1805 100 0
495 1805 144.655 44.655
495 1710 144.339 44.339
540 1710 144.339 44.339
495 1805 144.655 44.655
540 1805 144.655 44.655
450 1805 100 0
495 1805 144.655 44.655
450 1900 100 0
495 1900 100 0
495 1805 144.655 44.655
540 1805 144.655 44.655
495 1900 100 0
540 1900 100 0
540 1520 143.706 43.7057
585 1520 143.706 43.7057
540 1615 144.023 44.0225
585 1615 144.023 44.0225
585 1520 143.706 43.7057
630 1520 143.706 43.7057
585 1615 144.023 44.0225
630 1615 144.023 44.0225
540 1615 144.023 44.0225
585 1615 144.023 44.0225
540 1710 144.339 44.339
585 1710 144.339 44.339
585 1615 144.023 44.0225
630 1615 144.023 44.0225
585 1710 144.339 44.339
630 1710 144.339 44.339
630 1520 143.706 43.7057
675 1520 143.706 43.7057
630 1615 144.023 44.0225
675 1615 144.023 44.0225
675 1520 143.706 43.7057
720 1520 143.706 43.7057
675 1615 144.023 44.0225
720 1615 144.023 44.0225
630 1615 144.023 44.0225
675 1615 144.023 44.0225
630 1710 144.339 44.339
675 1710 144.339 44.339
675 1615 144.023 44.0225
720 1615 144.023 44.0225
675 1710 144.339 44.339
720 1710 144.339 44.339
540 1710 144.339 44.339
585 1710 144.339 44.339
540 1805 144.655 44.655
585 1805 144.655 44.655
585 1710 144.339 44.339
630 1710 144.339 44.339
585 1805 144.655 44.655
630 1805 144.655 44.655
540 1805 144.655 44.655
585 1805 144.655 44.655
540 1900 100 0
585 1900 100 0
585 1805 144.655 44.655
630 1805 144.655 44.655
585 1900 100 0
630 1900 100 0
630 1710 144.339 44.339
675 1710 144.339 44.339
630 1805 144.655 44.655
675 1805 144.655 44.655
675 1710 144.339 44.339
720 1710 144.339 44.339
675 1805 144.655 44.655
720 1805 144.655 44.655
630 1805 144.655 44.655
675 1805 144.655 44.655
630 1900 100 0
675 1900 100 0
675 1805 144.655 44.655
720 1805 144.655 44.655
675 1900 100 0
720 1900 100 0
720 1520 143.706 43.7057
765 1520 143.706 43.7057
720 1615 144.023 44.0225
765 1615 144.023 44.0225
765 1520 143.706 43.7057
810 1520 143.706 43.7057
765 1615 144.023 44.0225
810 1615 144.023 44.0225
720 1615 144.023 44.0225
765 1615 144.023 44.0225
720 1710 144.339 44.339
765 1710 144.339 44.339
765 1615 144.023 44.0225
810 1615 144.023 44.0225
765 1710 144.339 44.339
810 1710 144.339 44.339
810 1520 143.706 43.7057
855 1520 100 0
810 1615 144.023 44.0225
855 1615 100 0
855 1520 100 0
900 1520 100 0
855 1615 100 0
900 1615 100 0
810 1615 144.023 44.0225
855 1615 100 0
810 1710 144.339 44.339
855 1710 100 0
855 1615 100 0
900 1615 100 0
855 1710 100 0
900 1710 100 0
720 1710 144.339 44.339
765 1710 144.339 44.339
720 1805 144.655 44.655
765 1805 144.655 44.655
765 1710 144.339 44.339
810 1710 144.339 44.339
765 1805 144.655 44.655
810 1805 144.655 44.655
720 1805 144.655 44.655
765 1805 144.655 44.655
720 1900 100 0
765 1900 100 0
765 1805 144.655 44.655
810 1805 144.655 44.655
765 1900 100 0
810 1900 100 0
810 1710 144.339 44.339
855 1710 100 0
810 1805 144.655 44.655
855 1805 100 0
855 1710 100 0
900 1710 100 0
855 1805 100 0
900 1805 100 0
810 1805 144.655 44.655
855 1805 100 0
810 1900 100 0
855 1900 100 0
855 1805 100 0
900 1805 100 0
855 1900 100 0
900 1900 100 0
