# x y topography analytical topography
0 1.03255 0.0325454 0.0350027
0.015625 1.03278 0.032782 0.0350664
0.015625 1.03278 0.032782 0.0350664
0.03125 1.03314 0.0331438 0.0352566
0.03125 1.03314 0.0331438 0.0352566
0.046875 1.03363 0.0336277 0.0355712
0.046875 1.03363 0.0336277 0.0355712
0.0625 1.03423 0.0342295 0.0360069
0.0625 1.03423 0.0342295 0.0360069
0.078125 1.03494 0.0349436 0.0365588
0.078125 1.03494 0.0349436 0.0365588
0.09375 1.03576 0.0357634 0.037221
0.09375 1.03576 0.0357634 0.037221
0.109375 1.03668 0.0366809 0.0379862
0.109375 1.03668 0.0366809 0.0379862
0.125 1.03769 0.0376875 0.0388463
0.125 1.03769 0.0376875 0.0388463
0.140625 1.03877 0.0387735 0.0397921
0.140625 1.03877 0.0387735 0.0397921
0.15625 1.03993 0.0399286 0.0408135
0.15625 1.03993 0.0399286 0.0408135
0.171875 1.04114 0.0411416 0.0418999
0.171875 1.04114 0.0411416 0.0418999
0.1875 1.0424 0.0424013 0.0430402
0.1875 1.0424 0.0424013 0.0430402
0.203125 1.0437 0.0436957 0.0442225
0.203125 1.0437 0.0436957 0.0442225
0.21875 1.04501 0.045013 0.045435
0.21875 1.04501 0.045013 0.045435
0.234375 1.04634 0.0463409 0.0466656
0.234375 1.04634 0.0463409 0.0466656
0.25 1.04767 0.0476676 0.0479022
0.25 1.04767 0.0476676 0.0479022
0.265625 1.04898 0.048981 0.0491328
0.265625 1.04898 0.048981 0.0491328
0.28125 1.05027 0.0502697 0.0503456
0.28125 1.05027 0.0502697 0.0503456
0.296875 1.05152 0.0515224 0.0515294
0.296875 1.05152 0.0515224 0.0515294
0.3125 1.05273 0.0527284 0.052673
0.3125 1.05273 0.0527284 0.052673
0.328125 1.05388 0.0538774 0.053766
0.328125 1.05388 0.0538774 0.053766
0.34375 1.05496 0.05496 0.0547986
0.34375 1.05496 0.05496 0.0547986
0.359375 1.05597 0.0559672 0.0557617
0.359375 1.05597 0.0559672 0.0557617
0.375 1.05689 0.0568909 0.0566467
0.375 1.05689 0.0568909 0.0566467
0.390625 1.05772 0.0577236 0.057446
0.390625 1.05772 0.0577236 0.057446
0.40625 1.05846 0.0584589 0.0581528
0.40625 1.05846 0.0584589 0.0581528
0.421875 1.05909 0.0590908 0.0587612
0.421875 1.05909 0.0590908 0.0587612
0.4375 1.05961 0.0596146 0.0592659
0.4375 1.05961 0.0596146 0.0592659
0.453125 1.06003 0.0600261 0.0596629
0.453125 1.06003 0.0600261 0.0596629
0.46875 1.06032 0.0603224 0.0599487
0.46875 1.06032 0.0603224 0.0599487
0.484375 1.0605 0.060501 0.0601212
0.484375 1.0605 0.060501 0.0601212
0.5 1.06056 0.0605607 0.0601789
0.5 1.06056 0.0605607 0.0601789
0.515625 1.0605 0.060501 0.0601212
0.515625 1.0605 0.060501 0.0601212
0.53125 1.06032 0.0603224 0.0599487
0.53125 1.06032 0.0603224 0.0599487
0.546875 1.06003 0.0600261 0.0596629
0.546875 1.06003 0.0600261 0.0596629
0.5625 1.05961 0.0596146 0.0592659
0.5625 1.05961 0.0596146 0.0592659
0.578125 1.05909 0.0590908 0.0587612
0.578125 1.05909 0.0590908 0.0587612
0.59375 1.05846 0.0584589 0.0581528
0.59375 1.05846 0.0584589 0.0581528
0.609375 1.05772 0.0577236 0.057446
0.609375 1.05772 0.0577236 0.057446
0.625 1.05689 0.0568909 0.0566467
0.625 1.05689 0.0568909 0.0566467
0.640625 1.05597 0.0559672 0.0557617
0.640625 1.05597 0.0559672 0.0557617
0.65625 1.05496 0.05496 0.0547986
0.65625 1.05496 0.05496 0.0547986
0.671875 1.05388 0.0538774 0.053766
0.671875 1.05388 0.0538774 0.053766
0.6875 1.05273 0.0527284 0.052673
0.6875 1.05273 0.0527284 0.052673
0.703125 1.05152 0.0515224 0.0515294
0.703125 1.05152 0.0515224 0.0515294
0.71875 1.05027 0.0502697 0.0503456
0.71875 1.05027 0.0502697 0.0503456
0.734375 1.04898 0.048981 0.0491328
0.734375 1.04898 0.048981 0.0491328
0.75 1.04767 0.0476676 0.0479022
0.75 1.04767 0.0476676 0.0479022
0.765625 1.04634 0.0463409 0.0466656
0.765625 1.04634 0.0463409 0.0466656
0.78125 1.04501 0.045013 0.045435
0.78125 1.04501 0.045013 0.045435
0.796875 1.0437 0.0436957 0.0442225
0.796875 1.0437 0.0436957 0.0442225
0.8125 1.0424 0.0424013 0.0430402
0.8125 1.0424 0.0424013 0.0430402
0.828125 1.04114 0.0411416 0.0418999
0.828125 1.04114 0.0411416 0.0418999
0.84375 1.03993 0.0399286 0.0408135
0.84375 1.03993 0.0399286 0.0408135
0.859375 1.03877 0.0387735 0.0397921
0.859375 1.03877 0.0387735 0.0397921
0.875 1.03769 0.0376875 0.0388463
0.875 1.03769 0.0376875 0.0388463
0.890625 1.03668 0.0366809 0.0379862
0.890625 1.03668 0.0366809 0.0379862
0.90625 1.03576 0.0357634 0.037221
0.90625 1.03576 0.0357634 0.037221
0.921875 1.03494 0.0349436 0.0365588
0.921875 1.03494 0.0349436 0.0365588
0.9375 1.03423 0.0342295 0.0360069
0.9375 1.03423 0.0342295 0.0360069
0.953125 1.03363 0.0336277 0.0355712
0.953125 1.03363 0.0336277 0.0355712
0.96875 1.03314 0.0331438 0.0352566
0.96875 1.03314 0.0331438 0.0352566
0.984375 1.03278 0.032782 0.0350664
0.984375 1.03278 0.032782 0.0350664
1 1.03255 0.0325454 0.0350027
