# x y topography analytical topography
0 1.02662 0.0266243 0.0290258
0.015625 1.02693 0.0269323 0.0291261
0.015625 1.02693 0.0269323 0.0291261
0.03125 1.02744 0.0274353 0.0294255
0.03125 1.02744 0.0274353 0.0294255
0.046875 1.02813 0.0281279 0.0299199
0.046875 1.02813 0.0281279 0.0299199
0.0625 1.029 0.0290018 0.0306025
0.0625 1.029 0.0290018 0.0306025
0.078125 1.03005 0.0300468 0.0314642
0.078125 1.03005 0.0300468 0.0314642
0.09375 1.03125 0.0312501 0.0324932
0.09375 1.03125 0.0312501 0.0324932
0.109375 1.0326 0.0325975 0.0336762
0.109375 1.0326 0.0325975 0.0336762
0.125 1.03407 0.034073 0.0349977
0.125 1.03407 0.034073 0.0349977
0.140625 1.03566 0.0356594 0.0364411
0.140625 1.03566 0.0356594 0.0364411
0.15625 1.03734 0.0373388 0.0379885
0.15625 1.03734 0.0373388 0.0379885
0.171875 1.03909 0.0390925 0.0396214
0.171875 1.03909 0.0390925 0.0396214
0.1875 1.0409 0.0409017 0.0413208
0.1875 1.0409 0.0409017 0.0413208
0.203125 1.04275 0.0427474 0.0430675
0.203125 1.04275 0.0427474 0.0430675
0.21875 1.04461 0.0446111 0.0448425
0.21875 1.04461 0.0446111 0.0448425
0.234375 1.04647 0.0464748 0.0466273
0.234375 1.04647 0.0464748 0.0466273
0.25 1.04832 0.0483211 0.048404
0.25 1.04832 0.0483211 0.048404
0.265625 1.05013 0.0501337 0.0501554
0.265625 1.05013 0.0501337 0.0501554
0.28125 1.0519 0.0518969 0.0518655
0.28125 1.0519 0.0518969 0.0518655
0.296875 1.0536 0.0535966 0.0535191
0.296875 1.0536 0.0535966 0.0535191
0.3125 1.05522 0.0552194 0.0551023
0.3125 1.05522 0.0552194 0.0551023
0.328125 1.05675 0.0567534 0.0566025
0.328125 1.05675 0.0567534 0.0566025
0.34375 1.05819 0.0581876 0.0580081
0.34375 1.05819 0.0581876 0.0580081
0.359375 1.05951 0.0595125 0.0593088
0.359375 1.05951 0.0595125 0.0593088
0.375 1.06072 0.0607194 0.0604956
0.375 1.06072 0.0607194 0.0604956
0.390625 1.0618 0.0618009 0.0615605
0.390625 1.0618 0.0618009 0.0615605
0.40625 1.06275 0.0627506 0.0624966
0.40625 1.06275 0.0627506 0.0624966
0.421875 1.06356 0.063563 0.0632981
0.421875 1.06356 0.063563 0.0632981
0.4375 1.06423 0.0642336 0.0639603
0.4375 1.06423 0.0642336 0.0639603
0.453125 1.06476 0.0647589 0.0644792
0.453125 1.06476 0.0647589 0.0644792
0.46875 1.06514 0.065136 0.064852
0.46875 1.06514 0.065136 0.064852
0.484375 1.06536 0.065363 0.0650764
0.484375 1.06536 0.065363 0.0650764
0.5 1.06544 0.0654388 0.0651514
0.5 1.06544 0.0654388 0.0651514
0.515625 1.06536 0.065363 0.0650764
0.515625 1.06536 0.065363 0.0650764
0.53125 1.06514 0.065136 0.064852
0.53125 1.06514 0.065136 0.064852
0.546875 1.06476 0.0647589 0.0644792
0.546875 1.06476 0.0647589 0.0644792
0.5625 1.06423 0.0642336 0.0639603
0.5625 1.06423 0.0642336 0.0639603
0.578125 1.06356 0.063563 0.0632981
0.578125 1.06356 0.063563 0.0632981
0.59375 1.06275 0.0627506 0.0624966
0.59375 1.06275 0.0627506 0.0624966
0.609375 1.0618 0.0618009 0.0615605
0.609375 1.0618 0.0618009 0.0615605
0.625 1.06072 0.0607194 0.0604956
0.625 1.06072 0.0607194 0.0604956
0.640625 1.05951 0.0595125 0.0593088
0.640625 1.05951 0.0595125 0.0593088
0.65625 1.05819 0.0581876 0.0580081
0.65625 1.05819 0.0581876 0.0580081
0.671875 1.05675 0.0567534 0.0566025
0.671875 1.05675 0.0567534 0.0566025
0.6875 1.05522 0.0552194 0.0551023
0.6875 1.05522 0.0552194 0.0551023
0.703125 1.0536 0.0535966 0.0535191
0.703125 1.0536 0.0535966 0.0535191
0.71875 1.0519 0.0518969 0.0518655
0.71875 1.0519 0.0518969 0.0518655
0.734375 1.05013 0.0501337 0.0501554
0.734375 1.05013 0.0501337 0.0501554
0.75 1.04832 0.0483211 0.048404
0.75 1.04832 0.0483211 0.048404
0.765625 1.04647 0.0464748 0.0466273
0.765625 1.04647 0.0464748 0.0466273
0.78125 1.04461 0.0446111 0.0448425
0.78125 1.04461 0.0446111 0.0448425
0.796875 1.04275 0.0427474 0.0430675
0.796875 1.04275 0.0427474 0.0430675
0.8125 1.0409 0.0409017 0.0413208
0.8125 1.0409 0.0409017 0.0413208
0.828125 1.03909 0.0390925 0.0396214
0.828125 1.03909 0.0390925 0.0396214
0.84375 1.03734 0.0373388 0.0379885
0.84375 1.03734 0.0373388 0.0379885
0.859375 1.03566 0.0356594 0.0364411
0.859375 1.03566 0.0356594 0.0364411
0.875 1.03407 0.034073 0.0349977
0.875 1.03407 0.034073 0.0349977
0.890625 1.0326 0.0325975 0.0336762
0.890625 1.0326 0.0325975 0.0336762
0.90625 1.03125 0.0312501 0.0324932
0.90625 1.03125 0.0312501 0.0324932
0.921875 1.03005 0.0300468 0.0314642
0.921875 1.03005 0.0300468 0.0314642
0.9375 1.029 0.0290018 0.0306025
0.9375 1.029 0.0290018 0.0306025
0.953125 1.02813 0.0281279 0.0299199
0.953125 1.02813 0.0281279 0.0299199
0.96875 1.02744 0.0274353 0.0294255
0.96875 1.02744 0.0274353 0.0294255
0.984375 1.02693 0.0269323 0.0291261
0.984375 1.02693 0.0269323 0.0291261
1 1.02662 0.0266243 0.0290258
