# x y topography analytical topography
0 1.01864 0.018639 0.0208985
0.015625 1.01909 0.0190862 0.0210705
0.015625 1.01909 0.0190862 0.0210705
0.03125 1.01986 0.0198626 0.0215826
0.03125 1.01986 0.0198626 0.0215826
0.046875 1.02095 0.0209532 0.022423
0.046875 1.02095 0.0209532 0.022423
0.0625 1.02234 0.0223359 0.0235731
0.0625 1.02234 0.0223359 0.0235731
0.078125 1.02398 0.0239837 0.0250077
0.078125 1.02398 0.0239837 0.0250077
0.09375 1.02586 0.0258647 0.0266969
0.09375 1.02586 0.0258647 0.0266969
0.109375 1.02794 0.0279446 0.0286068
0.109375 1.02794 0.0279446 0.0286068
0.125 1.03019 0.0301871 0.0307013
0.125 1.03019 0.0301871 0.0307013
0.140625 1.03256 0.0325559 0.0329434
0.140625 1.03256 0.0325559 0.0329434
0.15625 1.03502 0.0350154 0.035296
0.15625 1.03502 0.0350154 0.035296
0.171875 1.03753 0.0375318 0.0377238
0.171875 1.03753 0.0375318 0.0377238
0.1875 1.04007 0.0400734 0.0401931
0.1875 1.04007 0.0400734 0.0401931
0.203125 1.04261 0.0426118 0.0426733
0.203125 1.04261 0.0426118 0.0426733
0.21875 1.04512 0.0451213 0.0451366
0.21875 1.04512 0.0451213 0.0451366
0.234375 1.04758 0.0475795 0.0475585
0.234375 1.04758 0.0475795 0.0475585
0.25 1.04997 0.0499668 0.0499178
0.25 1.04997 0.0499668 0.0499178
0.265625 1.05227 0.0522668 0.052196
0.265625 1.05227 0.0522668 0.052196
0.28125 1.05447 0.054465 0.0543776
0.28125 1.05447 0.054465 0.0543776
0.296875 1.05655 0.0565497 0.0564495
0.296875 1.05655 0.0565497 0.0564495
0.3125 1.05851 0.0585107 0.0584006
0.3125 1.05851 0.0585107 0.0584006
0.328125 1.06034 0.0603395 0.0602217
0.328125 1.06034 0.0603395 0.0602217
0.34375 1.06203 0.062029 0.0619051
0.34375 1.06203 0.062029 0.0619051
0.359375 1.06357 0.0635732 0.0634445
0.359375 1.06357 0.0635732 0.0634445
0.375 1.06497 0.0649669 0.0648343
0.375 1.06497 0.0649669 0.0648343
0.390625 1.06621 0.0662059 0.0660701
0.390625 1.06621 0.0662059 0.0660701
0.40625 1.06729 0.0672866 0.0671482
0.40625 1.06729 0.0672866 0.0671482
0.421875 1.06821 0.0682059 0.0680654
0.421875 1.06821 0.0682059 0.0680654
0.4375 1.06896 0.0689614 0.0688192
0.4375 1.06896 0.0689614 0.0688192
0.453125 1.06955 0.069551 0.0694075
0.453125 1.06955 0.069551 0.0694075
0.46875 1.06997 0.0699732 0.0698288
0.46875 1.06997 0.0699732 0.0698288
0.484375 1.07023 0.070227 0.070082
0.484375 1.07023 0.070227 0.070082
0.5 1.07031 0.0703117 0.0701665
0.5 1.07031 0.0703117 0.0701665
0.515625 1.07023 0.070227 0.070082
0.515625 1.07023 0.070227 0.070082
0.53125 1.06997 0.0699732 0.0698288
0.53125 1.06997 0.0699732 0.0698288
0.546875 1.06955 0.069551 0.0694075
0.546875 1.06955 0.069551 0.0694075
0.5625 1.06896 0.0689614 0.0688192
0.5625 1.06896 0.0689614 0.0688192
0.578125 1.06821 0.0682059 0.0680654
0.578125 1.06821 0.0682059 0.0680654
0.59375 1.06729 0.0672866 0.0671482
0.59375 1.06729 0.0672866 0.0671482
0.609375 1.06621 0.0662059 0.0660701
0.609375 1.06621 0.0662059 0.0660701
0.625 1.06497 0.0649669 0.0648343
0.625 1.06497 0.0649669 0.0648343
0.640625 1.06357 0.0635732 0.0634445
0.640625 1.06357 0.0635732 0.0634445
0.65625 1.06203 0.062029 0.0619051
0.65625 1.06203 0.062029 0.0619051
0.671875 1.06034 0.0603395 0.0602217
0.671875 1.06034 0.0603395 0.0602217
0.6875 1.05851 0.0585107 0.0584006
0.6875 1.05851 0.0585107 0.0584006
0.703125 1.05655 0.0565497 0.0564495
0.703125 1.05655 0.0565497 0.0564495
0.71875 1.05447 0.054465 0.0543776
0.71875 1.05447 0.054465 0.0543776
0.734375 1.05227 0.0522668 0.052196
0.734375 1.05227 0.0522668 0.052196
0.75 1.04997 0.0499668 0.0499178
0.75 1.04997 0.0499668 0.0499178
0.765625 1.04758 0.0475795 0.0475585
0.765625 1.04758 0.0475795 0.0475585
0.78125 1.04512 0.0451213 0.0451366
0.78125 1.04512 0.0451213 0.0451366
0.796875 1.04261 0.0426118 0.0426733
0.796875 1.04261 0.0426118 0.0426733
0.8125 1.04007 0.0400734 0.0401931
0.8125 1.04007 0.0400734 0.0401931
0.828125 1.03753 0.0375318 0.0377238
0.828125 1.03753 0.0375318 0.0377238
0.84375 1.03502 0.0350154 0.035296
0.84375 1.03502 0.0350154 0.035296
0.859375 1.03256 0.0325559 0.0329434
0.859375 1.03256 0.0325559 0.0329434
0.875 1.03019 0.0301871 0.0307013
0.875 1.03019 0.0301871 0.0307013
0.890625 1.02794 0.0279446 0.0286068
0.890625 1.02794 0.0279446 0.0286068
0.90625 1.02586 0.0258647 0.0266969
0.90625 1.02586 0.0258647 0.0266969
0.921875 1.02398 0.0239837 0.0250077
0.921875 1.02398 0.0239837 0.0250077
0.9375 1.02234 0.0223359 0.0235731
0.9375 1.02234 0.0223359 0.0235731
0.953125 1.02095 0.0209532 0.022423
0.953125 1.02095 0.0209532 0.022423
0.96875 1.01986 0.0198626 0.0215826
0.96875 1.01986 0.0198626 0.0215826
0.984375 1.01909 0.0190862 0.0210705
0.984375 1.01909 0.0190862 0.0210705
1 1.01864 0.018639 0.0208985
