# x y topography analytical topography
0 1.02043 0.0204271 0.022724
0.015625 1.02084 0.0208362 0.0228764
0.015625 1.02084 0.0208362 0.0228764
0.03125 1.02154 0.0215384 0.0233305
0.03125 1.02154 0.0215384 0.0233305
0.046875 1.02252 0.0225218 0.0240774
0.046875 1.02252 0.0225218 0.0240774
0.0625 1.02377 0.0237693 0.0251023
0.0625 1.02377 0.0237693 0.0251023
0.078125 1.02526 0.0252592 0.0263856
0.078125 1.02526 0.0252592 0.0263856
0.09375 1.02697 0.0269663 0.0279035
0.09375 1.02697 0.0269663 0.0279035
0.109375 1.02886 0.0288624 0.0296287
0.109375 1.02886 0.0288624 0.0296287
0.125 1.03092 0.0309175 0.0315316
0.125 1.03092 0.0309175 0.0315316
0.140625 1.0331 0.0331008 0.033581
0.140625 1.0331 0.0331008 0.033581
0.15625 1.03538 0.0353814 0.0357455
0.15625 1.03538 0.0353814 0.0357455
0.171875 1.03773 0.0377291 0.0379939
0.171875 1.03773 0.0377291 0.0379939
0.1875 1.04012 0.040115 0.0402959
0.1875 1.04012 0.040115 0.0402959
0.203125 1.04251 0.0425122 0.042623
0.203125 1.04251 0.0425122 0.042623
0.21875 1.0449 0.0448957 0.0449488
0.21875 1.0449 0.0448957 0.0449488
0.234375 1.04724 0.0472431 0.0472491
0.234375 1.04724 0.0472431 0.0472491
0.25 1.04953 0.0495342 0.0495022
0.25 1.04953 0.0495342 0.0495022
0.265625 1.05175 0.0517512 0.0516888
0.265625 1.05175 0.0517512 0.0516888
0.28125 1.05388 0.0538787 0.0537921
0.28125 1.05388 0.0538787 0.0537921
0.296875 1.0559 0.0559033 0.0557976
0.296875 1.0559 0.0559033 0.0557976
0.3125 1.05781 0.0578135 0.0576927
0.3125 1.05781 0.0578135 0.0576927
0.328125 1.0596 0.0595995 0.0594667
0.328125 1.0596 0.0595995 0.0594667
0.34375 1.06125 0.0612529 0.0611107
0.34375 1.06125 0.0612529 0.0611107
0.359375 1.06277 0.0627667 0.062617
0.359375 1.06277 0.0627667 0.062617
0.375 1.06413 0.064135 0.0639793
0.375 1.06413 0.064135 0.0639793
0.390625 1.06535 0.0653527 0.0651923
0.390625 1.06535 0.0653527 0.0651923
0.40625 1.06642 0.0664157 0.0662515
0.40625 1.06642 0.0664157 0.0662515
0.421875 1.06732 0.0673206 0.0671534
0.421875 1.06732 0.0673206 0.0671534
0.4375 1.06806 0.0680646 0.0678951
0.4375 1.06806 0.0680646 0.0678951
0.453125 1.06865 0.0686455 0.0684742
0.453125 1.06865 0.0686455 0.0684742
0.46875 1.06906 0.0690616 0.0688891
0.46875 1.06906 0.0690616 0.0688891
0.484375 1.06931 0.0693117 0.0691385
0.484375 1.06931 0.0693117 0.0691385
0.5 1.0694 0.0693952 0.0692217
0.5 1.0694 0.0693952 0.0692217
0.515625 1.06931 0.0693117 0.0691385
0.515625 1.06931 0.0693117 0.0691385
0.53125 1.06906 0.0690616 0.0688891
0.53125 1.06906 0.0690616 0.0688891
0.546875 1.06865 0.0686455 0.0684742
0.546875 1.06865 0.0686455 0.0684742
0.5625 1.06806 0.0680646 0.0678951
0.5625 1.06806 0.0680646 0.0678951
0.578125 1.06732 0.0673206 0.0671534
0.578125 1.06732 0.0673206 0.0671534
0.59375 1.06642 0.0664157 0.0662515
0.59375 1.06642 0.0664157 0.0662515
0.609375 1.06535 0.0653527 0.0651923
0.609375 1.06535 0.0653527 0.0651923
0.625 1.06413 0.064135 0.0639793
0.625 1.06413 0.064135 0.0639793
0.640625 1.06277 0.0627667 0.062617
0.640625 1.06277 0.0627667 0.062617
0.65625 1.06125 0.0612529 0.0611107
0.65625 1.06125 0.0612529 0.0611107
0.671875 1.0596 0.0595995 0.0594667
0.671875 1.0596 0.0595995 0.0594667
0.6875 1.05781 0.0578135 0.0576927
0.6875 1.05781 0.0578135 0.0576927
0.703125 1.0559 0.0559033 0.0557976
0.703125 1.0559 0.0559033 0.0557976
0.71875 1.05388 0.0538787 0.0537921
0.71875 1.05388 0.0538787 0.0537921
0.734375 1.05175 0.0517512 0.0516888
0.734375 1.05175 0.0517512 0.0516888
0.75 1.04953 0.0495342 0.0495022
0.75 1.04953 0.0495342 0.0495022
0.765625 1.04724 0.0472431 0.0472491
0.765625 1.04724 0.0472431 0.0472491
0.78125 1.0449 0.0448957 0.0449488
0.78125 1.0449 0.0448957 0.0449488
0.796875 1.04251 0.0425122 0.042623
0.796875 1.04251 0.0425122 0.042623
0.8125 1.04012 0.040115 0.0402959
0.8125 1.04012 0.040115 0.0402959
0.828125 1.03773 0.0377291 0.0379939
0.828125 1.03773 0.0377291 0.0379939
0.84375 1.03538 0.0353814 0.0357455
0.84375 1.03538 0.0353814 0.0357455
0.859375 1.0331 0.0331008 0.033581
0.859375 1.0331 0.0331008 0.033581
0.875 1.03092 0.0309175 0.0315316
0.875 1.03092 0.0309175 0.0315316
0.890625 1.02886 0.0288624 0.0296287
0.890625 1.02886 0.0288624 0.0296287
0.90625 1.02697 0.0269663 0.0279035
0.90625 1.02697 0.0269663 0.0279035
0.921875 1.02526 0.0252592 0.0263856
0.921875 1.02526 0.0252592 0.0263856
0.9375 1.02377 0.0237693 0.0251023
0.9375 1.02377 0.0237693 0.0251023
0.953125 1.02252 0.0225218 0.0240774
0.953125 1.02252 0.0225218 0.0240774
0.96875 1.02154 0.0215384 0.0233305
0.96875 1.02154 0.0215384 0.0233305
0.984375 1.02084 0.0208362 0.0228764
0.984375 1.02084 0.0208362 0.0228764
1 1.02043 0.0204271 0.022724
