# x y topography analytical topography
0 1.02117 0.0211744 0.0234861
0.015625 1.02157 0.0215691 0.0236311
0.015625 1.02157 0.0215691 0.0236311
0.03125 1.02224 0.0222431 0.0240632
0.03125 1.02224 0.0222431 0.0240632
0.046875 1.02319 0.0231855 0.0247743
0.046875 1.02319 0.0231855 0.0247743
0.0625 1.02438 0.0243808 0.0257511
0.0625 1.02438 0.0243808 0.0257511
0.078125 1.02581 0.0258094 0.0269759
0.078125 1.02581 0.0258094 0.0269759
0.09375 1.02745 0.0274481 0.0284269
0.09375 1.02745 0.0274481 0.0284269
0.109375 1.02927 0.0292711 0.0300791
0.109375 1.02927 0.0292711 0.0300791
0.125 1.03125 0.0312505 0.0319052
0.125 1.03125 0.0312505 0.0319052
0.140625 1.03336 0.0333578 0.0338763
0.140625 1.03336 0.0333578 0.0338763
0.15625 1.03556 0.0355637 0.0359631
0.15625 1.03556 0.0355637 0.0359631
0.171875 1.03784 0.0378397 0.0381359
0.171875 1.03784 0.0378397 0.0381359
0.1875 1.04016 0.0401581 0.0403662
0.1875 1.04016 0.0401581 0.0403662
0.203125 1.04249 0.0424928 0.0426264
0.203125 1.04249 0.0424928 0.0426264
0.21875 1.04482 0.0448195 0.0448908
0.21875 1.04482 0.0448195 0.0448908
0.234375 1.04712 0.0471158 0.0471356
0.234375 1.04712 0.0471158 0.0471356
0.25 1.04936 0.0493616 0.0493393
0.25 1.04936 0.0493616 0.0493393
0.265625 1.05154 0.051539 0.0514824
0.265625 1.05154 0.051539 0.0514824
0.28125 1.05363 0.0536321 0.0535479
0.28125 1.05363 0.0536321 0.0535479
0.296875 1.05563 0.055627 0.0555207
0.296875 1.05563 0.055627 0.0555207
0.3125 1.05751 0.0575118 0.0573878
0.3125 1.05751 0.0575118 0.0573878
0.328125 1.05928 0.0592762 0.0591381
0.328125 1.05928 0.0592762 0.0591381
0.34375 1.06091 0.0609113 0.0607621
0.34375 1.06091 0.0609113 0.0607621
0.359375 1.06241 0.0624097 0.0622516
0.359375 1.06241 0.0624097 0.0622516
0.375 1.06377 0.0637651 0.0635999
0.375 1.06377 0.0637651 0.0635999
0.390625 1.06497 0.0649721 0.0648012
0.390625 1.06497 0.0649721 0.0648012
0.40625 1.06603 0.0660263 0.0658509
0.40625 1.06603 0.0660263 0.0658509
0.421875 1.06692 0.066924 0.0667451
0.421875 1.06692 0.066924 0.0667451
0.4375 1.06766 0.0676623 0.0674808
0.4375 1.06766 0.0676623 0.0674808
0.453125 1.06824 0.0682389 0.0680554
0.453125 1.06824 0.0682389 0.0680554
0.46875 1.06865 0.068652 0.068467
0.46875 1.06865 0.068652 0.068467
0.484375 1.0689 0.0689003 0.0687146
0.484375 1.0689 0.0689003 0.0687146
0.5 1.06898 0.0689832 0.0687972
0.5 1.06898 0.0689832 0.0687972
0.515625 1.0689 0.0689003 0.0687146
0.515625 1.0689 0.0689003 0.0687146
0.53125 1.06865 0.068652 0.068467
0.53125 1.06865 0.068652 0.068467
0.546875 1.06824 0.0682389 0.0680554
0.546875 1.06824 0.0682389 0.0680554
0.5625 1.06766 0.0676623 0.0674808
0.5625 1.06766 0.0676623 0.0674808
0.578125 1.06692 0.066924 0.0667451
0.578125 1.06692 0.066924 0.0667451
0.59375 1.06603 0.0660263 0.0658509
0.59375 1.06603 0.0660263 0.0658509
0.609375 1.06497 0.0649721 0.0648012
0.609375 1.06497 0.0649721 0.0648012
0.625 1.06377 0.0637651 0.0635999
0.625 1.06377 0.0637651 0.0635999
0.640625 1.06241 0.0624097 0.0622516
0.640625 1.06241 0.0624097 0.0622516
0.65625 1.06091 0.0609113 0.0607621
0.65625 1.06091 0.0609113 0.0607621
0.671875 1.05928 0.0592762 0.0591381
0.671875 1.05928 0.0592762 0.0591381
0.6875 1.05751 0.0575118 0.0573878
0.6875 1.05751 0.0575118 0.0573878
0.703125 1.05563 0.055627 0.0555207
0.703125 1.05563 0.055627 0.0555207
0.71875 1.05363 0.0536321 0.0535479
0.71875 1.05363 0.0536321 0.0535479
0.734375 1.05154 0.051539 0.0514824
0.734375 1.05154 0.051539 0.0514824
0.75 1.04936 0.0493616 0.0493393
0.75 1.04936 0.0493616 0.0493393
0.765625 1.04712 0.0471158 0.0471356
0.765625 1.04712 0.0471158 0.0471356
0.78125 1.04482 0.0448195 0.0448908
0.78125 1.04482 0.0448195 0.0448908
0.796875 1.04249 0.0424928 0.0426264
0.796875 1.04249 0.0424928 0.0426264
0.8125 1.04016 0.0401581 0.0403662
0.8125 1.04016 0.0401581 0.0403662
0.828125 1.03784 0.0378397 0.0381359
0.828125 1.03784 0.0378397 0.0381359
0.84375 1.03556 0.0355637 0.0359631
0.84375 1.03556 0.0355637 0.0359631
0.859375 1.03336 0.0333578 0.0338763
0.859375 1.03336 0.0333578 0.0338763
0.875 1.03125 0.0312505 0.0319052
0.875 1.03125 0.0312505 0.0319052
0.890625 1.02927 0.0292711 0.0300791
0.890625 1.02927 0.0292711 0.0300791
0.90625 1.02745 0.0274481 0.0284269
0.90625 1.02745 0.0274481 0.0284269
0.921875 1.02581 0.0258094 0.0269759
0.921875 1.02581 0.0258094 0.0269759
0.9375 1.02438 0.0243808 0.0257511
0.9375 1.02438 0.0243808 0.0257511
0.953125 1.02319 0.0231855 0.0247743
0.953125 1.02319 0.0231855 0.0247743
0.96875 1.02224 0.0222431 0.0240632
0.96875 1.02224 0.0222431 0.0240632
0.984375 1.02157 0.0215691 0.0236311
0.984375 1.02157 0.0215691 0.0236311
1 1.02117 0.0211744 0.0234861
