# x y topography analytical topography
0 1.02879 0.0287852 0.0312129
0.015625 1.02907 0.0290651 0.0312987
0.015625 1.02907 0.0290651 0.0312987
0.03125 1.02951 0.0295127 0.0315552
0.03125 1.02951 0.0295127 0.0315552
0.046875 1.03012 0.0301236 0.0319791
0.046875 1.03012 0.0301236 0.0319791
0.0625 1.03089 0.0308914 0.0325652
0.0625 1.03089 0.0308914 0.0325652
0.078125 1.03181 0.0318078 0.0333061
0.078125 1.03181 0.0318078 0.0333061
0.09375 1.03286 0.0328628 0.0341929
0.09375 1.03286 0.0328628 0.0341929
0.109375 1.03404 0.034045 0.0352147
0.109375 1.03404 0.034045 0.0352147
0.125 1.03534 0.0353415 0.0363593
0.125 1.03534 0.0353415 0.0363593
0.140625 1.03674 0.0367383 0.0376132
0.140625 1.03674 0.0367383 0.0376132
0.15625 1.03822 0.0382207 0.038962
0.15625 1.03822 0.0382207 0.038962
0.171875 1.03977 0.0397732 0.0403903
0.171875 1.03977 0.0397732 0.0403903
0.1875 1.04138 0.0413798 0.0418823
0.1875 1.04138 0.0413798 0.0418823
0.203125 1.04302 0.0430246 0.0434219
0.203125 1.04302 0.0430246 0.0434219
0.21875 1.04469 0.0446914 0.0449928
0.21875 1.04469 0.0446914 0.0449928
0.234375 1.04636 0.0463644 0.0465788
0.234375 1.04636 0.0463644 0.0465788
0.25 1.04803 0.0480281 0.0481641
0.25 1.04803 0.0480281 0.0481641
0.265625 1.04967 0.0496676 0.0497335
0.265625 1.04967 0.0496676 0.0497335
0.28125 1.05127 0.0512685 0.051272
0.28125 1.05127 0.0512685 0.051272
0.296875 1.05282 0.0528174 0.0527657
0.296875 1.05282 0.0528174 0.0527657
0.3125 1.0543 0.0543016 0.0542014
0.3125 1.0543 0.0543016 0.0542014
0.328125 1.05571 0.0557094 0.0555668
0.328125 1.05571 0.0557094 0.0555668
0.34375 1.05703 0.05703 0.0568507
0.34375 1.05703 0.05703 0.0568507
0.359375 1.05825 0.0582536 0.0580428
0.359375 1.05825 0.0582536 0.0580428
0.375 1.05937 0.0593715 0.0591338
0.375 1.05937 0.0593715 0.0591338
0.390625 1.06038 0.0603757 0.0601154
0.390625 1.06038 0.0603757 0.0601154
0.40625 1.06126 0.0612596 0.0609804
0.40625 1.06126 0.0612596 0.0609804
0.421875 1.06202 0.0620171 0.0617227
0.421875 1.06202 0.0620171 0.0617227
0.4375 1.06264 0.0626436 0.0623371
0.4375 1.06264 0.0626436 0.0623371
0.453125 1.06313 0.0631349 0.0628192
0.453125 1.06313 0.0631349 0.0628192
0.46875 1.06349 0.063488 0.0631659
0.46875 1.06349 0.063488 0.0631659
0.484375 1.0637 0.0637007 0.0633749
0.484375 1.0637 0.0637007 0.0633749
0.5 1.06377 0.0637717 0.0634447
0.5 1.06377 0.0637717 0.0634447
0.515625 1.0637 0.0637007 0.0633749
0.515625 1.0637 0.0637007 0.0633749
0.53125 1.06349 0.063488 0.0631659
0.53125 1.06349 0.063488 0.0631659
0.546875 1.06313 0.0631349 0.0628192
0.546875 1.06313 0.0631349 0.0628192
0.5625 1.06264 0.0626436 0.0623371
0.5625 1.06264 0.0626436 0.0623371
0.578125 1.06202 0.0620171 0.0617227
0.578125 1.06202 0.0620171 0.0617227
0.59375 1.06126 0.0612596 0.0609804
0.59375 1.06126 0.0612596 0.0609804
0.609375 1.06038 0.0603757 0.0601154
0.609375 1.06038 0.0603757 0.0601154
0.625 1.05937 0.0593715 0.0591338
0.625 1.05937 0.0593715 0.0591338
0.640625 1.05825 0.0582536 0.0580428
0.640625 1.05825 0.0582536 0.0580428
0.65625 1.05703 0.05703 0.0568507
0.65625 1.05703 0.05703 0.0568507
0.671875 1.05571 0.0557094 0.0555668
0.671875 1.05571 0.0557094 0.0555668
0.6875 1.0543 0.0543016 0.0542014
0.6875 1.0543 0.0543016 0.0542014
0.703125 1.05282 0.0528174 0.0527657
0.703125 1.05282 0.0528174 0.0527657
0.71875 1.05127 0.0512685 0.051272
0.71875 1.05127 0.0512685 0.051272
0.734375 1.04967 0.0496676 0.0497335
0.734375 1.04967 0.0496676 0.0497335
0.75 1.04803 0.0480281 0.0481641
0.75 1.04803 0.0480281 0.0481641
0.765625 1.04636 0.0463644 0.0465788
0.765625 1.04636 0.0463644 0.0465788
0.78125 1.04469 0.0446914 0.0449928
0.78125 1.04469 0.0446914 0.0449928
0.796875 1.04302 0.0430246 0.0434219
0.796875 1.04302 0.0430246 0.0434219
0.8125 1.04138 0.0413798 0.0418823
0.8125 1.04138 0.0413798 0.0418823
0.828125 1.03977 0.0397732 0.0403903
0.828125 1.03977 0.0397732 0.0403903
0.84375 1.03822 0.0382207 0.038962
0.84375 1.03822 0.0382207 0.038962
0.859375 1.03674 0.0367383 0.0376132
0.859375 1.03674 0.0367383 0.0376132
0.875 1.03534 0.0353415 0.0363593
0.875 1.03534 0.0353415 0.0363593
0.890625 1.03404 0.034045 0.0352147
0.890625 1.03404 0.034045 0.0352147
0.90625 1.03286 0.0328628 0.0341929
0.90625 1.03286 0.0328628 0.0341929
0.921875 1.03181 0.0318078 0.0333061
0.921875 1.03181 0.0318078 0.0333061
0.9375 1.03089 0.0308914 0.0325652
0.9375 1.03089 0.0308914 0.0325652
0.953125 1.03012 0.0301236 0.0319791
0.953125 1.03012 0.0301236 0.0319791
0.96875 1.02951 0.0295127 0.0315552
0.96875 1.02951 0.0295127 0.0315552
0.984375 1.02907 0.0290651 0.0312987
0.984375 1.02907 0.0290651 0.0312987
1 1.02879 0.0287852 0.0312129
