# x y topography analytical topography
0 1.02946 0.0294646 0.0318993
0.015625 1.02974 0.0297363 0.0319809
0.015625 1.02974 0.0297363 0.0319809
0.03125 1.03017 0.0301675 0.0322247
0.03125 1.03017 0.0301675 0.0322247
0.046875 1.03075 0.0307542 0.0326278
0.046875 1.03075 0.0307542 0.0326278
0.0625 1.03149 0.0314904 0.0331852
0.0625 1.03149 0.0314904 0.0331852
0.078125 1.03237 0.0323684 0.0338902
0.078125 1.03237 0.0323684 0.0338902
0.09375 1.03338 0.033379 0.0347344
0.09375 1.03338 0.033379 0.0347344
0.109375 1.03451 0.0345114 0.0357078
0.109375 1.03451 0.0345114 0.0357078
0.125 1.03575 0.0357537 0.0367989
0.125 1.03575 0.0357537 0.0367989
0.140625 1.03709 0.0370927 0.0379953
0.140625 1.03709 0.0370927 0.0379953
0.15625 1.03851 0.0385145 0.0392833
0.15625 1.03851 0.0385145 0.0392833
0.171875 1.04 0.0400047 0.0406486
0.171875 1.04 0.0400047 0.0406486
0.1875 1.04155 0.0415481 0.0420762
0.1875 1.04155 0.0415481 0.0420762
0.203125 1.04313 0.0431295 0.0435508
0.203125 1.04313 0.0431295 0.0435508
0.21875 1.04473 0.0447337 0.0450571
0.21875 1.04473 0.0447337 0.0450571
0.234375 1.04635 0.0463453 0.0465796
0.234375 1.04635 0.0463453 0.0465796
0.25 1.04795 0.0479497 0.0481031
0.25 1.04795 0.0479497 0.0481031
0.265625 1.04953 0.0495323 0.049613
0.265625 1.04953 0.0495323 0.049613
0.28125 1.05108 0.0510793 0.0510949
0.28125 1.05108 0.0510793 0.0510949
0.296875 1.05258 0.0525776 0.0525353
0.296875 1.05258 0.0525776 0.0525353
0.3125 1.05401 0.0540147 0.0539212
0.3125 1.05401 0.0540147 0.0539212
0.328125 1.05538 0.0553792 0.0552407
0.328125 1.05538 0.0553792 0.0552407
0.34375 1.05666 0.0566603 0.0564827
0.34375 1.05666 0.0566603 0.0564827
0.359375 1.05785 0.0578484 0.0576368
0.359375 1.05785 0.0578484 0.0576368
0.375 1.05893 0.0589347 0.0586941
0.375 1.05893 0.0589347 0.0586941
0.390625 1.05991 0.0599113 0.0596461
0.390625 1.05991 0.0599113 0.0596461
0.40625 1.06077 0.0607714 0.0604856
0.40625 1.06077 0.0607714 0.0604856
0.421875 1.06151 0.061509 0.0612065
0.421875 1.06151 0.061509 0.0612065
0.4375 1.06212 0.0621193 0.0618034
0.4375 1.06212 0.0621193 0.0618034
0.453125 1.0626 0.0625981 0.0622721
0.453125 1.0626 0.0625981 0.0622721
0.46875 1.06294 0.0629423 0.0626092
0.46875 1.06294 0.0629423 0.0626092
0.484375 1.06315 0.0631497 0.0628124
0.484375 1.06315 0.0631497 0.0628124
0.5 1.06322 0.063219 0.0628803
0.5 1.06322 0.063219 0.0628803
0.515625 1.06315 0.0631497 0.0628124
0.515625 1.06315 0.0631497 0.0628124
0.53125 1.06294 0.0629423 0.0626092
0.53125 1.06294 0.0629423 0.0626092
0.546875 1.0626 0.0625981 0.0622721
0.546875 1.0626 0.0625981 0.0622721
0.5625 1.06212 0.0621193 0.0618034
0.5625 1.06212 0.0621193 0.0618034
0.578125 1.06151 0.061509 0.0612065
0.578125 1.06151 0.061509 0.0612065
0.59375 1.06077 0.0607714 0.0604856
0.59375 1.06077 0.0607714 0.0604856
0.609375 1.05991 0.0599113 0.0596461
0.609375 1.05991 0.0599113 0.0596461
0.625 1.05893 0.0589347 0.0586941
0.625 1.05893 0.0589347 0.0586941
0.640625 1.05785 0.0578484 0.0576368
0.640625 1.05785 0.0578484 0.0576368
0.65625 1.05666 0.0566603 0.0564827
0.65625 1.05666 0.0566603 0.0564827
0.671875 1.05538 0.0553792 0.0552407
0.671875 1.05538 0.0553792 0.0552407
0.6875 1.05401 0.0540147 0.0539212
0.6875 1.05401 0.0540147 0.0539212
0.703125 1.05258 0.0525776 0.0525353
0.703125 1.05258 0.0525776 0.0525353
0.71875 1.05108 0.0510793 0.0510949
0.71875 1.05108 0.0510793 0.0510949
0.734375 1.04953 0.0495323 0.049613
0.734375 1.04953 0.0495323 0.049613
0.75 1.04795 0.0479497 0.0481031
0.75 1.04795 0.0479497 0.0481031
0.765625 1.04635 0.0463453 0.0465796
0.765625 1.04635 0.0463453 0.0465796
0.78125 1.04473 0.0447337 0.0450571
0.78125 1.04473 0.0447337 0.0450571
0.796875 1.04313 0.0431295 0.0435508
0.796875 1.04313 0.0431295 0.0435508
0.8125 1.04155 0.0415481 0.0420762
0.8125 1.04155 0.0415481 0.0420762
0.828125 1.04 0.0400047 0.0406486
0.828125 1.04 0.0400047 0.0406486
0.84375 1.03851 0.0385145 0.0392833
0.84375 1.03851 0.0385145 0.0392833
0.859375 1.03709 0.0370927 0.0379953
0.859375 1.03709 0.0370927 0.0379953
0.875 1.03575 0.0357537 0.0367989
0.875 1.03575 0.0357537 0.0367989
0.890625 1.03451 0.0345114 0.0357078
0.890625 1.03451 0.0345114 0.0357078
0.90625 1.03338 0.033379 0.0347344
0.90625 1.03338 0.033379 0.0347344
0.921875 1.03237 0.0323684 0.0338902
0.921875 1.03237 0.0323684 0.0338902
0.9375 1.03149 0.0314904 0.0331852
0.9375 1.03149 0.0314904 0.0331852
0.953125 1.03075 0.0307542 0.0326278
0.953125 1.03075 0.0307542 0.0326278
0.96875 1.03017 0.0301675 0.0322247
0.96875 1.03017 0.0301675 0.0322247
0.984375 1.02974 0.0297363 0.0319809
0.984375 1.02974 0.0297363 0.0319809
1 1.02946 0.0294646 0.0318993
