# x y topography analytical topography
0 1.03261 0.0326101 0.0350678
0.015625 1.03285 0.0328461 0.0351311
0.015625 1.03285 0.0328461 0.0351311
0.03125 1.03321 0.0332064 0.0353202
0.03125 1.03321 0.0332064 0.0353202
0.046875 1.03369 0.0336883 0.0356331
0.046875 1.03369 0.0336883 0.0356331
0.0625 1.03429 0.0342874 0.0360663
0.0625 1.03429 0.0342874 0.0360663
0.078125 1.035 0.0349982 0.0366152
0.078125 1.035 0.0349982 0.0366152
0.09375 1.03581 0.0358141 0.0372737
0.09375 1.03581 0.0358141 0.0372737
0.109375 1.03673 0.0367273 0.0380347
0.109375 1.03673 0.0367273 0.0380347
0.125 1.03773 0.0377291 0.0388901
0.125 1.03773 0.0377291 0.0388901
0.140625 1.03881 0.03881 0.0398307
0.140625 1.03881 0.03881 0.0398307
0.15625 1.03996 0.0399595 0.0408467
0.15625 1.03996 0.0399595 0.0408467
0.171875 1.04117 0.0411669 0.0419274
0.171875 1.04117 0.0411669 0.0419274
0.1875 1.04242 0.0424206 0.0430617
0.1875 1.04242 0.0424206 0.0430617
0.203125 1.04371 0.043709 0.0442379
0.203125 1.04371 0.043709 0.0442379
0.21875 1.04502 0.0450202 0.0454442
0.21875 1.04502 0.0450202 0.0454442
0.234375 1.04634 0.0463421 0.0466687
0.234375 1.04634 0.0463421 0.0466687
0.25 1.04766 0.0476628 0.0478991
0.25 1.04766 0.0476628 0.0478991
0.265625 1.04897 0.0489704 0.0491237
0.265625 1.04897 0.0489704 0.0491237
0.28125 1.05025 0.0502534 0.0503308
0.28125 1.05025 0.0502534 0.0503308
0.296875 1.0515 0.0515007 0.0515089
0.296875 1.0515 0.0515007 0.0515089
0.3125 1.0527 0.0527016 0.0526471
0.3125 1.0527 0.0527016 0.0526471
0.328125 1.05385 0.0538458 0.0537351
0.328125 1.05385 0.0538458 0.0537351
0.34375 1.05492 0.054924 0.0547631
0.34375 1.05492 0.054924 0.0547631
0.359375 1.05593 0.0559271 0.0557218
0.359375 1.05593 0.0559271 0.0557218
0.375 1.05685 0.056847 0.0566029
0.375 1.05685 0.056847 0.0566029
0.390625 1.05768 0.0576764 0.0573987
0.390625 1.05768 0.0576764 0.0573987
0.40625 1.05841 0.0584087 0.0581025
0.40625 1.05841 0.0584087 0.0581025
0.421875 1.05904 0.0590382 0.0587082
0.421875 1.05904 0.0590382 0.0587082
0.4375 1.05956 0.0595599 0.0592108
0.4375 1.05956 0.0595599 0.0592108
0.453125 1.05997 0.0599699 0.0596061
0.453125 1.05997 0.0599699 0.0596061
0.46875 1.06027 0.060265 0.0598908
0.46875 1.06027 0.060265 0.0598908
0.484375 1.06044 0.060443 0.0600625
0.484375 1.06044 0.060443 0.0600625
0.5 1.0605 0.0605024 0.0601199
0.5 1.0605 0.0605024 0.0601199
0.515625 1.06044 0.060443 0.0600625
0.515625 1.06044 0.060443 0.0600625
0.53125 1.06027 0.060265 0.0598908
0.53125 1.06027 0.060265 0.0598908
0.546875 1.05997 0.0599699 0.0596061
0.546875 1.05997 0.0599699 0.0596061
0.5625 1.05956 0.0595599 0.0592108
0.5625 1.05956 0.0595599 0.0592108
0.578125 1.05904 0.0590382 0.0587082
0.578125 1.05904 0.0590382 0.0587082
0.59375 1.05841 0.0584087 0.0581025
0.59375 1.05841 0.0584087 0.0581025
0.609375 1.05768 0.0576764 0.0573987
0.609375 1.05768 0.0576764 0.0573987
0.625 1.05685 0.056847 0.0566029
0.625 1.05685 0.056847 0.0566029
0.640625 1.05593 0.0559271 0.0557218
0.640625 1.05593 0.0559271 0.0557218
0.65625 1.05492 0.054924 0.0547631
0.65625 1.05492 0.054924 0.0547631
0.671875 1.05385 0.0538458 0.0537351
0.671875 1.05385 0.0538458 0.0537351
0.6875 1.0527 0.0527016 0.0526471
0.6875 1.0527 0.0527016 0.0526471
0.703125 1.0515 0.0515007 0.0515089
0.703125 1.0515 0.0515007 0.0515089
0.71875 1.05025 0.0502534 0.0503308
0.71875 1.05025 0.0502534 0.0503308
0.734375 1.04897 0.0489704 0.0491237
0.734375 1.04897 0.0489704 0.0491237
0.75 1.04766 0.0476628 0.0478991
0.75 1.04766 0.0476628 0.0478991
0.765625 1.04634 0.0463421 0.0466687
0.765625 1.04634 0.0463421 0.0466687
0.78125 1.04502 0.0450202 0.0454442
0.78125 1.04502 0.0450202 0.0454442
0.796875 1.04371 0.043709 0.0442379
0.796875 1.04371 0.043709 0.0442379
0.8125 1.04242 0.0424206 0.0430617
0.8125 1.04242 0.0424206 0.0430617
0.828125 1.04117 0.0411669 0.0419274
0.828125 1.04117 0.0411669 0.0419274
0.84375 1.03996 0.0399595 0.0408467
0.84375 1.03996 0.0399595 0.0408467
0.859375 1.03881 0.03881 0.0398307
0.859375 1.03881 0.03881 0.0398307
0.875 1.03773 0.0377291 0.0388901
0.875 1.03773 0.0377291 0.0388901
0.890625 1.03673 0.0367273 0.0380347
0.890625 1.03673 0.0367273 0.0380347
0.90625 1.03581 0.0358141 0.0372737
0.90625 1.03581 0.0358141 0.0372737
0.921875 1.035 0.0349982 0.0366152
0.921875 1.035 0.0349982 0.0366152
0.9375 1.03429 0.0342874 0.0360663
0.9375 1.03429 0.0342874 0.0360663
0.953125 1.03369 0.0336883 0.0356331
0.953125 1.03369 0.0336883 0.0356331
0.96875 1.03321 0.0332064 0.0353202
0.96875 1.03321 0.0332064 0.0353202
0.984375 1.03285 0.0328461 0.0351311
0.984375 1.03285 0.0328461 0.0351311
1 1.03261 0.0326101 0.0350678
