# x y topography analytical topography
0 1.03188 0.0318779 0.0343317
0.015625 1.03212 0.0321218 0.034399
0.015625 1.03212 0.0321218 0.034399
0.03125 1.0325 0.032498 0.0346004
0.03125 1.0325 0.032498 0.0346004
0.046875 1.033 0.0330034 0.0349334
0.046875 1.033 0.0330034 0.0349334
0.0625 1.03363 0.0336332 0.0353945
0.0625 1.03363 0.0336332 0.0353945
0.078125 1.03438 0.0343816 0.0359784
0.078125 1.03438 0.0343816 0.0359784
0.09375 1.03524 0.0352414 0.0366786
0.09375 1.03524 0.0352414 0.0366786
0.109375 1.0362 0.0362041 0.0374875
0.109375 1.0362 0.0362041 0.0374875
0.125 1.03726 0.0372605 0.0383963
0.125 1.03726 0.0372605 0.0383963
0.140625 1.0384 0.0384002 0.0393951
0.140625 1.0384 0.0384002 0.0393951
0.15625 1.03961 0.039612 0.0404731
0.15625 1.03961 0.039612 0.0404731
0.171875 1.04088 0.0408844 0.041619
0.171875 1.04088 0.0408844 0.041619
0.1875 1.04221 0.0422051 0.0428208
0.1875 1.04221 0.0422051 0.0428208
0.203125 1.04356 0.0435617 0.0440662
0.203125 1.04356 0.0435617 0.0440662
0.21875 1.04494 0.0449413 0.0453423
0.21875 1.04494 0.0449413 0.0453423
0.234375 1.04633 0.0463314 0.0466366
0.234375 1.04633 0.0463314 0.0466366
0.25 1.04772 0.0477193 0.0479361
0.25 1.04772 0.0477193 0.0479361
0.265625 1.04909 0.0490924 0.0492284
0.265625 1.04909 0.0490924 0.0492284
0.28125 1.05044 0.0504388 0.050501
0.28125 1.05044 0.0504388 0.050501
0.296875 1.05175 0.0517467 0.0517422
0.296875 1.05175 0.0517467 0.0517422
0.3125 1.053 0.053005 0.0529403
0.3125 1.053 0.053005 0.0529403
0.328125 1.0542 0.0542031 0.0540847
0.328125 1.0542 0.0542031 0.0540847
0.34375 1.05533 0.0553312 0.055165
0.34375 1.05533 0.0553312 0.055165
0.359375 1.05638 0.0563802 0.0561719
0.359375 1.05638 0.0563802 0.0561719
0.375 1.05734 0.0573416 0.0570967
0.375 1.05734 0.0573416 0.0570967
0.390625 1.05821 0.0582079 0.0579314
0.390625 1.05821 0.0582079 0.0579314
0.40625 1.05897 0.0589724 0.0586692
0.40625 1.05897 0.0589724 0.0586692
0.421875 1.05963 0.0596292 0.0593039
0.421875 1.05963 0.0596292 0.0593039
0.4375 1.06017 0.0601734 0.0598303
0.4375 1.06017 0.0601734 0.0598303
0.453125 1.0606 0.0606009 0.0602442
0.453125 1.0606 0.0606009 0.0602442
0.46875 1.06091 0.0609086 0.0605422
0.46875 1.06091 0.0609086 0.0605422
0.484375 1.06109 0.0610941 0.0607219
0.484375 1.06109 0.0610941 0.0607219
0.5 1.06116 0.0611561 0.060782
0.5 1.06116 0.0611561 0.060782
0.515625 1.06109 0.0610941 0.0607219
0.515625 1.06109 0.0610941 0.0607219
0.53125 1.06091 0.0609086 0.0605422
0.53125 1.06091 0.0609086 0.0605422
0.546875 1.0606 0.0606009 0.0602442
0.546875 1.0606 0.0606009 0.0602442
0.5625 1.06017 0.0601734 0.0598303
0.5625 1.06017 0.0601734 0.0598303
0.578125 1.05963 0.0596292 0.0593039
0.578125 1.05963 0.0596292 0.0593039
0.59375 1.05897 0.0589724 0.0586692
0.59375 1.05897 0.0589724 0.0586692
0.609375 1.05821 0.0582079 0.0579314
0.609375 1.05821 0.0582079 0.0579314
0.625 1.05734 0.0573416 0.0570967
0.625 1.05734 0.0573416 0.0570967
0.640625 1.05638 0.0563802 0.0561719
0.640625 1.05638 0.0563802 0.0561719
0.65625 1.05533 0.0553312 0.055165
0.65625 1.05533 0.0553312 0.055165
0.671875 1.0542 0.0542031 0.0540847
0.671875 1.0542 0.0542031 0.0540847
0.6875 1.053 0.053005 0.0529403
0.6875 1.053 0.053005 0.0529403
0.703125 1.05175 0.0517467 0.0517422
0.703125 1.05175 0.0517467 0.0517422
0.71875 1.05044 0.0504388 0.050501
0.71875 1.05044 0.0504388 0.050501
0.734375 1.04909 0.0490924 0.0492284
0.734375 1.04909 0.0490924 0.0492284
0.75 1.04772 0.0477193 0.0479361
0.75 1.04772 0.0477193 0.0479361
0.765625 1.04633 0.0463314 0.0466366
0.765625 1.04633 0.0463314 0.0466366
0.78125 1.04494 0.0449413 0.0453423
0.78125 1.04494 0.0449413 0.0453423
0.796875 1.04356 0.0435617 0.0440662
0.796875 1.04356 0.0435617 0.0440662
0.8125 1.04221 0.0422051 0.0428208
0.8125 1.04221 0.0422051 0.0428208
0.828125 1.04088 0.0408844 0.041619
0.828125 1.04088 0.0408844 0.041619
0.84375 1.03961 0.039612 0.0404731
0.84375 1.03961 0.039612 0.0404731
0.859375 1.0384 0.0384002 0.0393951
0.859375 1.0384 0.0384002 0.0393951
0.875 1.03726 0.0372605 0.0383963
0.875 1.03726 0.0372605 0.0383963
0.890625 1.0362 0.0362041 0.0374875
0.890625 1.0362 0.0362041 0.0374875
0.90625 1.03524 0.0352414 0.0366786
0.90625 1.03524 0.0352414 0.0366786
0.921875 1.03438 0.0343816 0.0359784
0.921875 1.03438 0.0343816 0.0359784
0.9375 1.03363 0.0336332 0.0353945
0.9375 1.03363 0.0336332 0.0353945
0.953125 1.033 0.0330034 0.0349334
0.953125 1.033 0.0330034 0.0349334
0.96875 1.0325 0.032498 0.0346004
0.96875 1.0325 0.032498 0.0346004
0.984375 1.03212 0.0321218 0.034399
0.984375 1.03212 0.0321218 0.034399
1 1.03188 0.0318779 0.0343317
