# x y topography analytical topography
0 1.03139 0.0313878 0.0338384
0.015625 1.03164 0.0316371 0.0339086
0.015625 1.03164 0.0316371 0.0339086
0.03125 1.03202 0.0320241 0.0341182
0.03125 1.03202 0.0320241 0.0341182
0.046875 1.03255 0.0325455 0.034465
0.046875 1.03255 0.0325455 0.034465
0.0625 1.0332 0.0331963 0.034945
0.0625 1.0332 0.0331963 0.034945
0.078125 1.03397 0.0339703 0.0355528
0.078125 1.03397 0.0339703 0.0355528
0.09375 1.03486 0.0348598 0.0362815
0.09375 1.03486 0.0348598 0.0362815
0.109375 1.03586 0.0358562 0.0371229
0.109375 1.03586 0.0358562 0.0371229
0.125 1.03695 0.0369496 0.0380679
0.125 1.03695 0.0369496 0.0380679
0.140625 1.03813 0.038129 0.039106
0.140625 1.03813 0.038129 0.039106
0.15625 1.03938 0.0393829 0.040226
0.15625 1.03938 0.0393829 0.040226
0.171875 1.0407 0.0406991 0.0414159
0.171875 1.0407 0.0406991 0.0414159
0.1875 1.04206 0.0420648 0.0426632
0.1875 1.04206 0.0420648 0.0426632
0.203125 1.04347 0.043467 0.0439549
0.203125 1.04347 0.043467 0.0439549
0.21875 1.04489 0.0448924 0.0452778
0.21875 1.04489 0.0448924 0.0452778
0.234375 1.04633 0.0463279 0.0466187
0.234375 1.04633 0.0463279 0.0466187
0.25 1.04776 0.0477603 0.0479642
0.25 1.04776 0.0477603 0.0479642
0.265625 1.04918 0.0491769 0.0493014
0.265625 1.04918 0.0491769 0.0493014
0.28125 1.05057 0.050565 0.0506175
0.28125 1.05057 0.050565 0.0506175
0.296875 1.05191 0.0519128 0.0519002
0.296875 1.05191 0.0519128 0.0519002
0.3125 1.05321 0.0532088 0.0531377
0.3125 1.05321 0.0532088 0.0531377
0.328125 1.05444 0.0544422 0.054319
0.328125 1.05444 0.0544422 0.054319
0.34375 1.0556 0.0556029 0.0554336
0.34375 1.0556 0.0556029 0.0554336
0.359375 1.05668 0.0566816 0.0564719
0.359375 1.05668 0.0566816 0.0564719
0.375 1.05767 0.0576699 0.0574251
0.375 1.05767 0.0576699 0.0574251
0.390625 1.05856 0.0585601 0.0582851
0.390625 1.05856 0.0585601 0.0582851
0.40625 1.05935 0.0593453 0.0590448
0.40625 1.05935 0.0593453 0.0590448
0.421875 1.06002 0.0600198 0.0596982
0.421875 1.06002 0.0600198 0.0596982
0.4375 1.06058 0.0605784 0.06024
0.4375 1.06058 0.0605784 0.06024
0.453125 1.06102 0.0610172 0.0606658
0.453125 1.06102 0.0610172 0.0606658
0.46875 1.06133 0.0613329 0.0609724
0.46875 1.06133 0.0613329 0.0609724
0.484375 1.06152 0.0615232 0.0611573
0.484375 1.06152 0.0615232 0.0611573
0.5 1.06159 0.0615868 0.0612191
0.5 1.06159 0.0615868 0.0612191
0.515625 1.06152 0.0615232 0.0611573
0.515625 1.06152 0.0615232 0.0611573
0.53125 1.06133 0.0613329 0.0609724
0.53125 1.06133 0.0613329 0.0609724
0.546875 1.06102 0.0610172 0.0606658
0.546875 1.06102 0.0610172 0.0606658
0.5625 1.06058 0.0605784 0.06024
0.5625 1.06058 0.0605784 0.06024
0.578125 1.06002 0.0600198 0.0596982
0.578125 1.06002 0.0600198 0.0596982
0.59375 1.05935 0.0593453 0.0590448
0.59375 1.05935 0.0593453 0.0590448
0.609375 1.05856 0.0585601 0.0582851
0.609375 1.05856 0.0585601 0.0582851
0.625 1.05767 0.0576699 0.0574251
0.625 1.05767 0.0576699 0.0574251
0.640625 1.05668 0.0566816 0.0564719
0.640625 1.05668 0.0566816 0.0564719
0.65625 1.0556 0.0556029 0.0554336
0.65625 1.0556 0.0556029 0.0554336
0.671875 1.05444 0.0544422 0.054319
0.671875 1.05444 0.0544422 0.054319
0.6875 1.05321 0.0532088 0.0531377
0.6875 1.05321 0.0532088 0.0531377
0.703125 1.05191 0.0519128 0.0519002
0.703125 1.05191 0.0519128 0.0519002
0.71875 1.05057 0.050565 0.0506175
0.71875 1.05057 0.050565 0.0506175
0.734375 1.04918 0.0491769 0.0493014
0.734375 1.04918 0.0491769 0.0493014
0.75 1.04776 0.0477603 0.0479642
0.75 1.04776 0.0477603 0.0479642
0.765625 1.04633 0.0463279 0.0466187
0.765625 1.04633 0.0463279 0.0466187
0.78125 1.04489 0.0448924 0.0452778
0.78125 1.04489 0.0448924 0.0452778
0.796875 1.04347 0.043467 0.0439549
0.796875 1.04347 0.043467 0.0439549
0.8125 1.04206 0.0420648 0.0426632
0.8125 1.04206 0.0420648 0.0426632
0.828125 1.0407 0.0406991 0.0414159
0.828125 1.0407 0.0406991 0.0414159
0.84375 1.03938 0.0393829 0.040226
0.84375 1.03938 0.0393829 0.040226
0.859375 1.03813 0.038129 0.039106
0.859375 1.03813 0.038129 0.039106
0.875 1.03695 0.0369496 0.0380679
0.875 1.03695 0.0369496 0.0380679
0.890625 1.03586 0.0358562 0.0371229
0.890625 1.03586 0.0358562 0.0371229
0.90625 1.03486 0.0348598 0.0362815
0.90625 1.03486 0.0348598 0.0362815
0.921875 1.03397 0.0339703 0.0355528
0.921875 1.03397 0.0339703 0.0355528
0.9375 1.0332 0.0331963 0.034945
0.9375 1.0332 0.0331963 0.034945
0.953125 1.03255 0.0325455 0.034465
0.953125 1.03255 0.0325455 0.034465
0.96875 1.03202 0.0320241 0.0341182
0.96875 1.03202 0.0320241 0.0341182
0.984375 1.03164 0.0316371 0.0339086
0.984375 1.03164 0.0316371 0.0339086
1 1.03139 0.0313878 0.0338384
