# x y topography analytical topography
0 1.03003 0.0300323 0.0324722
0.015625 1.0303 0.0302972 0.0325504
0.015625 1.0303 0.0302972 0.0325504
0.03125 1.03072 0.030715 0.0327839
0.03125 1.03072 0.030715 0.0327839
0.046875 1.03128 0.031282 0.0331699
0.046875 1.03128 0.031282 0.0331699
0.0625 1.03199 0.0319924 0.0337039
0.0625 1.03199 0.0319924 0.0337039
0.078125 1.03284 0.0328391 0.0343796
0.078125 1.03284 0.0328391 0.0343796
0.09375 1.03381 0.0338132 0.035189
0.09375 1.03381 0.0338132 0.035189
0.109375 1.0349 0.0349048 0.0361227
0.109375 1.0349 0.0349048 0.0361227
0.125 1.0361 0.0361024 0.03717
0.125 1.0361 0.0361024 0.03717
0.140625 1.03739 0.0373937 0.0383189
0.140625 1.03739 0.0373937 0.0383189
0.15625 1.03877 0.0387654 0.0395567
0.15625 1.03877 0.0387654 0.0395567
0.171875 1.0402 0.0402039 0.0408698
0.171875 1.0402 0.0402039 0.0408698
0.1875 1.04169 0.0416946 0.0422438
0.1875 1.04169 0.0416946 0.0422438
0.203125 1.04322 0.0432231 0.0436643
0.203125 1.04322 0.0432231 0.0436643
0.21875 1.04477 0.0447747 0.0451165
0.21875 1.04477 0.0447747 0.0451165
0.234375 1.04633 0.0463347 0.0465857
0.234375 1.04633 0.0463347 0.0465857
0.25 1.04789 0.0478889 0.0480571
0.25 1.04789 0.0478889 0.0480571
0.265625 1.04942 0.0494232 0.0495167
0.265625 1.04942 0.0494232 0.0495167
0.28125 1.05092 0.0509243 0.0509504
0.28125 1.05092 0.0509243 0.0509504
0.296875 1.05238 0.0523792 0.0523452
0.296875 1.05238 0.0523792 0.0523452
0.3125 1.05378 0.0537759 0.0536885
0.3125 1.05378 0.0537759 0.0536885
0.328125 1.0551 0.0551029 0.0549684
0.328125 1.0551 0.0551029 0.0549684
0.34375 1.05635 0.0563498 0.056174
0.34375 1.05635 0.0563498 0.056174
0.359375 1.05751 0.0575069 0.0572953
0.359375 1.05751 0.0575069 0.0572953
0.375 1.05857 0.0585656 0.058323
0.375 1.05857 0.0585656 0.058323
0.390625 1.05952 0.0595179 0.0592491
0.390625 1.05952 0.0595179 0.0592491
0.40625 1.06036 0.060357 0.0600662
0.40625 1.06036 0.060357 0.0600662
0.421875 1.06108 0.061077 0.0607682
0.421875 1.06108 0.061077 0.0607682
0.4375 1.06167 0.0616729 0.0613497
0.4375 1.06167 0.0616729 0.0613497
0.453125 1.06214 0.0621406 0.0618065
0.453125 1.06214 0.0621406 0.0618065
0.46875 1.06248 0.0624769 0.0621351
0.46875 1.06248 0.0624769 0.0621351
0.484375 1.06268 0.0626796 0.0623332
0.484375 1.06268 0.0626796 0.0623332
0.5 1.06275 0.0627473 0.0623994
0.5 1.06275 0.0627473 0.0623994
0.515625 1.06268 0.0626796 0.0623332
0.515625 1.06268 0.0626796 0.0623332
0.53125 1.06248 0.0624769 0.0621351
0.53125 1.06248 0.0624769 0.0621351
0.546875 1.06214 0.0621406 0.0618065
0.546875 1.06214 0.0621406 0.0618065
0.5625 1.06167 0.0616729 0.0613497
0.5625 1.06167 0.0616729 0.0613497
0.578125 1.06108 0.061077 0.0607682
0.578125 1.06108 0.061077 0.0607682
0.59375 1.06036 0.060357 0.0600662
0.59375 1.06036 0.060357 0.0600662
0.609375 1.05952 0.0595179 0.0592491
0.609375 1.05952 0.0595179 0.0592491
0.625 1.05857 0.0585656 0.058323
0.625 1.05857 0.0585656 0.058323
0.640625 1.05751 0.0575069 0.0572953
0.640625 1.05751 0.0575069 0.0572953
0.65625 1.05635 0.0563498 0.056174
0.65625 1.05635 0.0563498 0.056174
0.671875 1.0551 0.0551029 0.0549684
0.671875 1.0551 0.0551029 0.0549684
0.6875 1.05378 0.0537759 0.0536885
0.6875 1.05378 0.0537759 0.0536885
0.703125 1.05238 0.0523792 0.0523452
0.703125 1.05238 0.0523792 0.0523452
0.71875 1.05092 0.0509243 0.0509504
0.71875 1.05092 0.0509243 0.0509504
0.734375 1.04942 0.0494232 0.0495167
0.734375 1.04942 0.0494232 0.0495167
0.75 1.04789 0.0478889 0.0480571
0.75 1.04789 0.0478889 0.0480571
0.765625 1.04633 0.0463347 0.0465857
0.765625 1.04633 0.0463347 0.0465857
0.78125 1.04477 0.0447747 0.0451165
0.78125 1.04477 0.0447747 0.0451165
0.796875 1.04322 0.0432231 0.0436643
0.796875 1.04322 0.0432231 0.0436643
0.8125 1.04169 0.0416946 0.0422438
0.8125 1.04169 0.0416946 0.0422438
0.828125 1.0402 0.0402039 0.0408698
0.828125 1.0402 0.0402039 0.0408698
0.84375 1.03877 0.0387654 0.0395567
0.84375 1.03877 0.0387654 0.0395567
0.859375 1.03739 0.0373937 0.0383189
0.859375 1.03739 0.0373937 0.0383189
0.875 1.0361 0.0361024 0.03717
0.875 1.0361 0.0361024 0.03717
0.890625 1.0349 0.0349048 0.0361227
0.890625 1.0349 0.0349048 0.0361227
0.90625 1.03381 0.0338132 0.035189
0.90625 1.03381 0.0338132 0.035189
0.921875 1.03284 0.0328391 0.0343796
0.921875 1.03284 0.0328391 0.0343796
0.9375 1.03199 0.0319924 0.0337039
0.9375 1.03199 0.0319924 0.0337039
0.953125 1.03128 0.031282 0.0331699
0.953125 1.03128 0.031282 0.0331699
0.96875 1.03072 0.030715 0.0327839
0.96875 1.03072 0.030715 0.0327839
0.984375 1.0303 0.0302972 0.0325504
0.984375 1.0303 0.0302972 0.0325504
1 1.03003 0.0300323 0.0324722
