# x y topography analytical topography
0 1.0135 0.0134976 0.015631
0.015625 1.0141 0.0140954 0.0158809
0.015625 1.0141 0.0140954 0.0158809
0.03125 1.01516 0.0151623 0.016621
0.03125 1.01516 0.0151623 0.016621
0.046875 1.01666 0.0166628 0.0178237
0.046875 1.01666 0.0166628 0.0178237
0.0625 1.01855 0.0185479 0.0194457
0.0625 1.01855 0.0185479 0.0194457
0.078125 1.02076 0.0207591 0.021432
0.078125 1.02076 0.0207591 0.021432
0.09375 1.02323 0.0232335 0.0237203
0.09375 1.02323 0.0232335 0.0237203
0.109375 1.02591 0.0259079 0.0262455
0.109375 1.02591 0.0259079 0.0262455
0.125 1.02872 0.0287221 0.0289442
0.125 1.02872 0.0287221 0.0289442
0.140625 1.03162 0.0316217 0.0317571
0.140625 1.03162 0.0316217 0.0317571
0.15625 1.03456 0.0345595 0.034632
0.15625 1.03456 0.0345595 0.034632
0.171875 1.0375 0.0374961 0.0375243
0.171875 1.0375 0.0374961 0.0375243
0.1875 1.0404 0.0403993 0.040397
0.1875 1.0404 0.0403993 0.040397
0.203125 1.04324 0.0432435 0.0432205
0.203125 1.04324 0.0432435 0.0432205
0.21875 1.04601 0.0460084 0.0459717
0.21875 1.04601 0.0460084 0.0459717
0.234375 1.04868 0.0486783 0.0486324
0.234375 1.04868 0.0486783 0.0486324
0.25 1.05124 0.0512405 0.0511883
0.25 1.05124 0.0512405 0.0511883
0.265625 1.05369 0.0536851 0.0536282
0.265625 1.05369 0.0536851 0.0536282
0.28125 1.056 0.0560036 0.0559433
0.28125 1.056 0.0560036 0.0559433
0.296875 1.05819 0.0581891 0.0581259
0.296875 1.05819 0.0581891 0.0581259
0.3125 1.06024 0.0602354 0.0601698
0.3125 1.06024 0.0602354 0.0601698
0.328125 1.06214 0.0621372 0.0620693
0.328125 1.06214 0.0621372 0.0620693
0.34375 1.06389 0.0638895 0.0638197
0.34375 1.06389 0.0638895 0.0638197
0.359375 1.06549 0.0654881 0.0654165
0.359375 1.06549 0.0654881 0.0654165
0.375 1.06693 0.0669289 0.0668558
0.375 1.06693 0.0669289 0.0668558
0.390625 1.06821 0.0682086 0.068134
0.390625 1.06821 0.0682086 0.068134
0.40625 1.06932 0.0693239 0.0692482
0.40625 1.06932 0.0693239 0.0692482
0.421875 1.07027 0.0702723 0.0701955
0.421875 1.07027 0.0702723 0.0701955
0.4375 1.07105 0.0710513 0.0709737
0.4375 1.07105 0.0710513 0.0709737
0.453125 1.07166 0.0716592 0.0715809
0.453125 1.07166 0.0716592 0.0715809
0.46875 1.07209 0.0720945 0.0720157
0.46875 1.07209 0.0720945 0.0720157
0.484375 1.07236 0.072356 0.072277
0.484375 1.07236 0.072356 0.072277
0.5 1.07244 0.0724433 0.0723641
0.5 1.07244 0.0724433 0.0723641
0.515625 1.07236 0.072356 0.072277
0.515625 1.07236 0.072356 0.072277
0.53125 1.07209 0.0720945 0.0720157
0.53125 1.07209 0.0720945 0.0720157
0.546875 1.07166 0.0716592 0.0715809
0.546875 1.07166 0.0716592 0.0715809
0.5625 1.07105 0.0710513 0.0709737
0.5625 1.07105 0.0710513 0.0709737
0.578125 1.07027 0.0702723 0.0701955
0.578125 1.07027 0.0702723 0.0701955
0.59375 1.06932 0.0693239 0.0692482
0.59375 1.06932 0.0693239 0.0692482
0.609375 1.06821 0.0682086 0.068134
0.609375 1.06821 0.0682086 0.068134
0.625 1.06693 0.0669289 0.0668558
0.625 1.06693 0.0669289 0.0668558
0.640625 1.06549 0.0654881 0.0654165
0.640625 1.06549 0.0654881 0.0654165
0.65625 1.06389 0.0638895 0.0638197
0.65625 1.06389 0.0638895 0.0638197
0.671875 1.06214 0.0621372 0.0620693
0.671875 1.06214 0.0621372 0.0620693
0.6875 1.06024 0.0602354 0.0601698
0.6875 1.06024 0.0602354 0.0601698
0.703125 1.05819 0.0581891 0.0581259
0.703125 1.05819 0.0581891 0.0581259
0.71875 1.056 0.0560036 0.0559433
0.71875 1.056 0.0560036 0.0559433
0.734375 1.05369 0.0536851 0.0536282
0.734375 1.05369 0.0536851 0.0536282
0.75 1.05124 0.0512405 0.0511883
0.75 1.05124 0.0512405 0.0511883
0.765625 1.04868 0.0486783 0.0486324
0.765625 1.04868 0.0486783 0.0486324
0.78125 1.04601 0.0460084 0.0459717
0.78125 1.04601 0.0460084 0.0459717
0.796875 1.04324 0.0432435 0.0432205
0.796875 1.04324 0.0432435 0.0432205
0.8125 1.0404 0.0403993 0.040397
0.8125 1.0404 0.0403993 0.040397
0.828125 1.0375 0.0374961 0.0375243
0.828125 1.0375 0.0374961 0.0375243
0.84375 1.03456 0.0345595 0.034632
0.84375 1.03456 0.0345595 0.034632
0.859375 1.03162 0.0316217 0.0317571
0.859375 1.03162 0.0316217 0.0317571
0.875 1.02872 0.0287221 0.0289442
0.875 1.02872 0.0287221 0.0289442
0.890625 1.02591 0.0259079 0.0262455
0.890625 1.02591 0.0259079 0.0262455
0.90625 1.02323 0.0232335 0.0237203
0.90625 1.02323 0.0232335 0.0237203
0.921875 1.02076 0.0207591 0.021432
0.921875 1.02076 0.0207591 0.021432
0.9375 1.01855 0.0185479 0.0194457
0.9375 1.01855 0.0185479 0.0194457
0.953125 1.01666 0.0166628 0.0178237
0.953125 1.01666 0.0166628 0.0178237
0.96875 1.01516 0.0151623 0.016621
0.96875 1.01516 0.0151623 0.016621
0.984375 1.0141 0.0140954 0.0158809
0.984375 1.0141 0.0140954 0.0158809
1 1.0135 0.0134976 0.015631
