# x y topography analytical topography
0 1.0227 0.0226995 0.0250395
0.015625 1.02307 0.023067 0.0251704
0.015625 1.02307 0.023067 0.0251704
0.03125 1.02369 0.0236874 0.0255609
0.03125 1.02369 0.0236874 0.0255609
0.046875 1.02455 0.0245519 0.0262043
0.046875 1.02455 0.0245519 0.0262043
0.0625 1.02565 0.0256478 0.0270897
0.0625 1.02565 0.0256478 0.0270897
0.078125 1.02696 0.0269586 0.0282025
0.078125 1.02696 0.0269586 0.0282025
0.09375 1.02846 0.0284649 0.0295245
0.09375 1.02846 0.0284649 0.0295245
0.109375 1.03015 0.030145 0.0310347
0.109375 1.03015 0.030145 0.0310347
0.125 1.03198 0.0319751 0.0327101
0.125 1.03198 0.0319751 0.0327101
0.140625 1.03393 0.0339304 0.034526
0.140625 1.03393 0.0339304 0.034526
0.15625 1.03599 0.0359853 0.0364565
0.15625 1.03599 0.0359853 0.0364565
0.171875 1.03811 0.0381142 0.0384757
0.171875 1.03811 0.0381142 0.0384757
0.1875 1.04029 0.0402921 0.0405578
0.1875 1.04029 0.0402921 0.0405578
0.203125 1.04249 0.0424947 0.0426776
0.203125 1.04249 0.0424947 0.0426776
0.21875 1.0447 0.0446992 0.0448112
0.21875 1.0447 0.0446992 0.0448112
0.234375 1.04688 0.046884 0.0469359
0.234375 1.04688 0.046884 0.0469359
0.25 1.04903 0.0490293 0.0490307
0.25 1.04903 0.0490293 0.0490307
0.265625 1.05112 0.0511172 0.0510765
0.265625 1.05112 0.0511172 0.0510765
0.28125 1.05313 0.0531313 0.0530558
0.28125 1.05313 0.0531313 0.0530558
0.296875 1.05506 0.0550573 0.0549532
0.296875 1.05506 0.0550573 0.0549532
0.3125 1.05688 0.0568824 0.0567549
0.3125 1.05688 0.0568824 0.0567549
0.328125 1.0586 0.0585954 0.058449
0.328125 1.0586 0.0585954 0.058449
0.34375 1.06019 0.0601867 0.0600249
0.34375 1.06019 0.0601867 0.0600249
0.359375 1.06165 0.0616479 0.0614738
0.359375 1.06165 0.0616479 0.0614738
0.375 1.06297 0.0629719 0.0627879
0.375 1.06297 0.0629719 0.0627879
0.390625 1.06415 0.0641528 0.0639608
0.390625 1.06415 0.0641528 0.0639608
0.40625 1.06519 0.0651855 0.0649872
0.40625 1.06519 0.0651855 0.0649872
0.421875 1.06607 0.0660658 0.0658627
0.421875 1.06607 0.0660658 0.0658627
0.4375 1.06679 0.0667904 0.0665835
0.4375 1.06679 0.0667904 0.0665835
0.453125 1.06736 0.0673567 0.067147
0.453125 1.06736 0.0673567 0.067147
0.46875 1.06776 0.0677625 0.0675509
0.46875 1.06776 0.0677625 0.0675509
0.484375 1.06801 0.0680066 0.0677938
0.484375 1.06801 0.0680066 0.0677938
0.5 1.06809 0.068088 0.0678749
0.5 1.06809 0.068088 0.0678749
0.515625 1.06801 0.0680066 0.0677938
0.515625 1.06801 0.0680066 0.0677938
0.53125 1.06776 0.0677625 0.0675509
0.53125 1.06776 0.0677625 0.0675509
0.546875 1.06736 0.0673567 0.067147
0.546875 1.06736 0.0673567 0.067147
0.5625 1.06679 0.0667904 0.0665835
0.5625 1.06679 0.0667904 0.0665835
0.578125 1.06607 0.0660658 0.0658627
0.578125 1.06607 0.0660658 0.0658627
0.59375 1.06519 0.0651855 0.0649872
0.59375 1.06519 0.0651855 0.0649872
0.609375 1.06415 0.0641528 0.0639608
0.609375 1.06415 0.0641528 0.0639608
0.625 1.06297 0.0629719 0.0627879
0.625 1.06297 0.0629719 0.0627879
0.640625 1.06165 0.0616479 0.0614738
0.640625 1.06165 0.0616479 0.0614738
0.65625 1.06019 0.0601867 0.0600249
0.65625 1.06019 0.0601867 0.0600249
0.671875 1.0586 0.0585954 0.058449
0.671875 1.0586 0.0585954 0.058449
0.6875 1.05688 0.0568824 0.0567549
0.6875 1.05688 0.0568824 0.0567549
0.703125 1.05506 0.0550573 0.0549532
0.703125 1.05506 0.0550573 0.0549532
0.71875 1.05313 0.0531313 0.0530558
0.71875 1.05313 0.0531313 0.0530558
0.734375 1.05112 0.0511172 0.0510765
0.734375 1.05112 0.0511172 0.0510765
0.75 1.04903 0.0490293 0.0490307
0.75 1.04903 0.0490293 0.0490307
0.765625 1.04688 0.046884 0.0469359
0.765625 1.04688 0.046884 0.0469359
0.78125 1.0447 0.0446992 0.0448112
0.78125 1.0447 0.0446992 0.0448112
0.796875 1.04249 0.0424947 0.0426776
0.796875 1.04249 0.0424947 0.0426776
0.8125 1.04029 0.0402921 0.0405578
0.8125 1.04029 0.0402921 0.0405578
0.828125 1.03811 0.0381142 0.0384757
0.828125 1.03811 0.0381142 0.0384757
0.84375 1.03599 0.0359853 0.0364565
0.84375 1.03599 0.0359853 0.0364565
0.859375 1.03393 0.0339304 0.034526
0.859375 1.03393 0.0339304 0.034526
0.875 1.03198 0.0319751 0.0327101
0.875 1.03198 0.0319751 0.0327101
0.890625 1.03015 0.030145 0.0310347
0.890625 1.03015 0.030145 0.0310347
0.90625 1.02846 0.0284649 0.0295245
0.90625 1.02846 0.0284649 0.0295245
0.921875 1.02696 0.0269586 0.0282025
0.921875 1.02696 0.0269586 0.0282025
0.9375 1.02565 0.0256478 0.0270897
0.9375 1.02565 0.0256478 0.0270897
0.953125 1.02455 0.0245519 0.0262043
0.953125 1.02455 0.0245519 0.0262043
0.96875 1.02369 0.0236874 0.0255609
0.96875 1.02369 0.0236874 0.0255609
0.984375 1.02307 0.023067 0.0251704
0.984375 1.02307 0.023067 0.0251704
1 1.0227 0.0226995 0.0250395
