# x y topography analytical topography
0 1.02132 0.0213196 0.0236341
0.015625 1.02171 0.0217116 0.0237776
0.015625 1.02171 0.0217116 0.0237776
0.03125 1.02238 0.0223802 0.0242056
0.03125 1.02238 0.0223802 0.0242056
0.046875 1.02331 0.0233148 0.0249099
0.046875 1.02331 0.0233148 0.0249099
0.0625 1.0245 0.0245003 0.0258777
0.0625 1.0245 0.0245003 0.0258777
0.078125 1.02592 0.0259173 0.0270915
0.078125 1.02592 0.0259173 0.0270915
0.09375 1.02754 0.027543 0.0285297
0.09375 1.02754 0.027543 0.0285297
0.109375 1.02935 0.029352 0.030168
0.109375 1.02935 0.029352 0.030168
0.125 1.03132 0.031317 0.0319794
0.125 1.03132 0.031317 0.0319794
0.140625 1.03341 0.0334095 0.0339355
0.140625 1.03341 0.0334095 0.0339355
0.15625 1.0356 0.035601 0.0360072
0.15625 1.0356 0.035601 0.0360072
0.171875 1.03786 0.037863 0.0381654
0.171875 1.03786 0.037863 0.0381654
0.1875 1.04017 0.0401682 0.0403817
0.1875 1.04017 0.0401682 0.0403817
0.203125 1.04249 0.0424906 0.0426287
0.203125 1.04249 0.0424906 0.0426287
0.21875 1.04481 0.044806 0.044881
0.21875 1.04481 0.044806 0.044881
0.234375 1.04709 0.0470921 0.0471147
0.234375 1.04709 0.0470921 0.0471147
0.25 1.04933 0.0493288 0.0493085
0.25 1.04933 0.0493288 0.0493085
0.265625 1.0515 0.0514981 0.0514428
0.265625 1.0515 0.0514981 0.0514428
0.28125 1.05358 0.0535842 0.0535006
0.28125 1.05358 0.0535842 0.0535006
0.296875 1.05557 0.0555731 0.0554667
0.296875 1.05557 0.0555731 0.0554667
0.3125 1.05745 0.0574527 0.0573282
0.3125 1.05745 0.0574527 0.0573282
0.328125 1.05921 0.0592126 0.0590736
0.328125 1.05921 0.0592126 0.0590736
0.34375 1.06084 0.0608439 0.0606934
0.34375 1.06084 0.0608439 0.0606934
0.359375 1.06234 0.0623391 0.0621794
0.359375 1.06234 0.0623391 0.0621794
0.375 1.06369 0.0636918 0.0635247
0.375 1.06369 0.0636918 0.0635247
0.390625 1.0649 0.0648965 0.0647236
0.390625 1.0649 0.0648965 0.0647236
0.40625 1.06595 0.0659489 0.0657714
0.40625 1.06595 0.0659489 0.0657714
0.421875 1.06685 0.0668451 0.066664
0.421875 1.06685 0.0668451 0.066664
0.4375 1.06758 0.0675823 0.0673984
0.4375 1.06758 0.0675823 0.0673984
0.453125 1.06816 0.068158 0.067972
0.453125 1.06816 0.068158 0.067972
0.46875 1.06857 0.0685705 0.068383
0.46875 1.06857 0.0685705 0.068383
0.484375 1.06882 0.0688184 0.0686302
0.484375 1.06882 0.0688184 0.0686302
0.5 1.0689 0.0689012 0.0687126
0.5 1.0689 0.0689012 0.0687126
0.515625 1.06882 0.0688184 0.0686302
0.515625 1.06882 0.0688184 0.0686302
0.53125 1.06857 0.0685705 0.068383
0.53125 1.06857 0.0685705 0.068383
0.546875 1.06816 0.068158 0.067972
0.546875 1.06816 0.068158 0.067972
0.5625 1.06758 0.0675823 0.0673984
0.5625 1.06758 0.0675823 0.0673984
0.578125 1.06685 0.0668451 0.066664
0.578125 1.06685 0.0668451 0.066664
0.59375 1.06595 0.0659489 0.0657714
0.59375 1.06595 0.0659489 0.0657714
0.609375 1.0649 0.0648965 0.0647236
0.609375 1.0649 0.0648965 0.0647236
0.625 1.06369 0.0636918 0.0635247
0.625 1.06369 0.0636918 0.0635247
0.640625 1.06234 0.0623391 0.0621794
0.640625 1.06234 0.0623391 0.0621794
0.65625 1.06084 0.0608439 0.0606934
0.65625 1.06084 0.0608439 0.0606934
0.671875 1.05921 0.0592126 0.0590736
0.671875 1.05921 0.0592126 0.0590736
0.6875 1.05745 0.0574527 0.0573282
0.6875 1.05745 0.0574527 0.0573282
0.703125 1.05557 0.0555731 0.0554667
0.703125 1.05557 0.0555731 0.0554667
0.71875 1.05358 0.0535842 0.0535006
0.71875 1.05358 0.0535842 0.0535006
0.734375 1.0515 0.0514981 0.0514428
0.734375 1.0515 0.0514981 0.0514428
0.75 1.04933 0.0493288 0.0493085
0.75 1.04933 0.0493288 0.0493085
0.765625 1.04709 0.0470921 0.0471147
0.765625 1.04709 0.0470921 0.0471147
0.78125 1.04481 0.044806 0.044881
0.78125 1.04481 0.044806 0.044881
0.796875 1.04249 0.0424906 0.0426287
0.796875 1.04249 0.0424906 0.0426287
0.8125 1.04017 0.0401682 0.0403817
0.8125 1.04017 0.0401682 0.0403817
0.828125 1.03786 0.037863 0.0381654
0.828125 1.03786 0.037863 0.0381654
0.84375 1.0356 0.035601 0.0360072
0.84375 1.0356 0.035601 0.0360072
0.859375 1.03341 0.0334095 0.0339355
0.859375 1.03341 0.0334095 0.0339355
0.875 1.03132 0.031317 0.0319794
0.875 1.03132 0.031317 0.0319794
0.890625 1.02935 0.029352 0.030168
0.890625 1.02935 0.029352 0.030168
0.90625 1.02754 0.027543 0.0285297
0.90625 1.02754 0.027543 0.0285297
0.921875 1.02592 0.0259173 0.0270915
0.921875 1.02592 0.0259173 0.0270915
0.9375 1.0245 0.0245003 0.0258777
0.9375 1.0245 0.0245003 0.0258777
0.953125 1.02331 0.0233148 0.0249099
0.953125 1.02331 0.0233148 0.0249099
0.96875 1.02238 0.0223802 0.0242056
0.96875 1.02238 0.0223802 0.0242056
0.984375 1.02171 0.0217116 0.0237776
0.984375 1.02171 0.0217116 0.0237776
1 1.02132 0.0213196 0.0236341
