# x y topography analytical topography
0 1.01446 0.0144605 0.0166197
0.015625 1.01502 0.0150236 0.0168517
0.015625 1.01502 0.0150236 0.0168517
0.03125 1.01602 0.0160245 0.0175396
0.03125 1.01602 0.0160245 0.0175396
0.046875 1.01743 0.0174331 0.0186605
0.046875 1.01743 0.0174331 0.0186605
0.0625 1.01921 0.019208 0.0201779
0.0625 1.01921 0.019208 0.0201779
0.078125 1.0213 0.0212992 0.0220448
0.078125 1.0213 0.0212992 0.0220448
0.09375 1.02365 0.0236516 0.0242074
0.09375 1.02365 0.0236516 0.0242074
0.109375 1.02621 0.0262085 0.0266083
0.109375 1.02621 0.0262085 0.0266083
0.125 1.02891 0.028915 0.02919
0.125 1.02891 0.028915 0.02919
0.140625 1.03172 0.0317197 0.0318979
0.140625 1.03172 0.0317197 0.0318979
0.15625 1.03458 0.0345768 0.0346818
0.15625 1.03458 0.0345768 0.0346818
0.171875 1.03745 0.0374466 0.0374978
0.171875 1.03745 0.0374466 0.0374978
0.1875 1.0403 0.0402958 0.0403083
0.1875 1.0403 0.0402958 0.0403083
0.203125 1.0431 0.043097 0.0430821
0.203125 1.0431 0.043097 0.0430821
0.21875 1.04583 0.0458278 0.0457941
0.21875 1.04583 0.0458278 0.0457941
0.234375 1.04847 0.0484707 0.0484238
0.234375 1.04847 0.0484707 0.0484238
0.25 1.05101 0.0510112 0.0509552
0.25 1.05101 0.0510112 0.0509552
0.265625 1.05344 0.0534381 0.0533755
0.265625 1.05344 0.0534381 0.0533755
0.28125 1.05574 0.0557418 0.0556744
0.28125 1.05574 0.0557418 0.0556744
0.296875 1.05791 0.0579146 0.0578434
0.296875 1.05791 0.0579146 0.0578434
0.3125 1.05995 0.0599498 0.0598755
0.3125 1.05995 0.0599498 0.0598755
0.328125 1.06184 0.0618417 0.0617648
0.328125 1.06184 0.0618417 0.0617648
0.34375 1.06359 0.0635853 0.0635061
0.34375 1.06359 0.0635853 0.0635061
0.359375 1.06518 0.065176 0.0650948
0.359375 1.06518 0.065176 0.0650948
0.375 1.06661 0.0666098 0.0665268
0.375 1.06661 0.0666098 0.0665268
0.390625 1.06788 0.0678833 0.0677987
0.390625 1.06788 0.0678833 0.0677987
0.40625 1.06899 0.0689933 0.0689073
0.40625 1.06899 0.0689933 0.0689073
0.421875 1.06994 0.0699371 0.0698499
0.421875 1.06994 0.0699371 0.0698499
0.4375 1.07071 0.0707124 0.0706243
0.4375 1.07071 0.0707124 0.0706243
0.453125 1.07132 0.0713174 0.0712285
0.453125 1.07132 0.0713174 0.0712285
0.46875 1.07175 0.0717506 0.0716612
0.46875 1.07175 0.0717506 0.0716612
0.484375 1.07201 0.0720109 0.0719212
0.484375 1.07201 0.0720109 0.0719212
0.5 1.0721 0.0720978 0.0720079
0.5 1.0721 0.0720978 0.0720079
0.515625 1.07201 0.0720109 0.0719212
0.515625 1.07201 0.0720109 0.0719212
0.53125 1.07175 0.0717506 0.0716612
0.53125 1.07175 0.0717506 0.0716612
0.546875 1.07132 0.0713174 0.0712285
0.546875 1.07132 0.0713174 0.0712285
0.5625 1.07071 0.0707124 0.0706243
0.5625 1.07071 0.0707124 0.0706243
0.578125 1.06994 0.0699371 0.0698499
0.578125 1.06994 0.0699371 0.0698499
0.59375 1.06899 0.0689933 0.0689073
0.59375 1.06899 0.0689933 0.0689073
0.609375 1.06788 0.0678833 0.0677987
0.609375 1.06788 0.0678833 0.0677987
0.625 1.06661 0.0666098 0.0665268
0.625 1.06661 0.0666098 0.0665268
0.640625 1.06518 0.065176 0.0650948
0.640625 1.06518 0.065176 0.0650948
0.65625 1.06359 0.0635853 0.0635061
0.65625 1.06359 0.0635853 0.0635061
0.671875 1.06184 0.0618417 0.0617648
0.671875 1.06184 0.0618417 0.0617648
0.6875 1.05995 0.0599498 0.0598755
0.6875 1.05995 0.0599498 0.0598755
0.703125 1.05791 0.0579146 0.0578434
0.703125 1.05791 0.0579146 0.0578434
0.71875 1.05574 0.0557418 0.0556744
0.71875 1.05574 0.0557418 0.0556744
0.734375 1.05344 0.0534381 0.0533755
0.734375 1.05344 0.0534381 0.0533755
0.75 1.05101 0.0510112 0.0509552
0.75 1.05101 0.0510112 0.0509552
0.765625 1.04847 0.0484707 0.0484238
0.765625 1.04847 0.0484707 0.0484238
0.78125 1.04583 0.0458278 0.0457941
0.78125 1.04583 0.0458278 0.0457941
0.796875 1.0431 0.043097 0.0430821
0.796875 1.0431 0.043097 0.0430821
0.8125 1.0403 0.0402958 0.0403083
0.8125 1.0403 0.0402958 0.0403083
0.828125 1.03745 0.0374466 0.0374978
0.828125 1.03745 0.0374466 0.0374978
0.84375 1.03458 0.0345768 0.0346818
0.84375 1.03458 0.0345768 0.0346818
0.859375 1.03172 0.0317197 0.0318979
0.859375 1.03172 0.0317197 0.0318979
0.875 1.02891 0.028915 0.02919
0.875 1.02891 0.028915 0.02919
0.890625 1.02621 0.0262085 0.0266083
0.890625 1.02621 0.0262085 0.0266083
0.90625 1.02365 0.0236516 0.0242074
0.90625 1.02365 0.0236516 0.0242074
0.921875 1.0213 0.0212992 0.0220448
0.921875 1.0213 0.0212992 0.0220448
0.9375 1.01921 0.019208 0.0201779
0.9375 1.01921 0.019208 0.0201779
0.953125 1.01743 0.0174331 0.0186605
0.953125 1.01743 0.0174331 0.0186605
0.96875 1.01602 0.0160245 0.0175396
0.96875 1.01602 0.0160245 0.0175396
0.984375 1.01502 0.0150236 0.0168517
0.984375 1.01502 0.0150236 0.0168517
1 1.01446 0.0144605 0.0166197
