# x y topography analytical topography
0 3.00672 0.00671569 0.00737688
0.046875 3.0075 0.00749718 0.00794224
0.046875 3.0075 0.00749718 0.00794224
0.09375 3.00929 0.00928526 0.00955244
0.09375 3.00929 0.00928526 0.00955244
0.140625 3.01184 0.0118444 0.0119855
0.140625 3.01184 0.0118444 0.0119855
0.1875 3.0149 0.0149023 0.0149668
0.1875 3.0149 0.0149023 0.0149668
0.234375 3.01823 0.0182251 0.01825
0.234375 3.01823 0.0182251 0.01825
0.28125 3.02165 0.0216516 0.021659
0.28125 3.02165 0.0216516 0.021659
0.328125 3.02509 0.0250883 0.025089
0.328125 3.02509 0.0250883 0.025089
0.375 3.02849 0.0284872 0.0284856
0.375 3.02849 0.0284872 0.0284856
0.421875 3.03182 0.0318246 0.0318223
0.421875 3.03182 0.0318246 0.0318223
0.46875 3.03509 0.0350873 0.0350846
0.46875 3.03509 0.0350873 0.0350846
0.515625 3.03827 0.0382659 0.0382629
0.515625 3.03827 0.0382659 0.0382629
0.5625 3.04135 0.0413524 0.0413491
0.5625 3.04135 0.0413524 0.0413491
0.609375 3.04434 0.0443393 0.0443358
0.609375 3.04434 0.0443393 0.0443358
0.65625 3.04722 0.0472194 0.0472157
0.65625 3.04722 0.0472194 0.0472157
0.703125 3.04999 0.0499857 0.0499818
0.703125 3.04999 0.0499857 0.0499818
0.75 3.05263 0.0526316 0.0526275
0.75 3.05263 0.0526316 0.0526275
0.796875 3.05515 0.0551507 0.0551464
0.796875 3.05515 0.0551507 0.0551464
0.84375 3.05754 0.057537 0.0575324
0.84375 3.05754 0.057537 0.0575324
0.890625 3.05978 0.0597846 0.0597799
0.890625 3.05978 0.0597846 0.0597799
0.9375 3.06189 0.0618883 0.0618834
0.9375 3.06189 0.0618883 0.0618834
0.984375 3.06384 0.0638428 0.0638377
0.984375 3.06384 0.0638428 0.0638377
1.03125 3.06564 0.0656435 0.0656383
1.03125 3.06564 0.0656435 0.0656383
1.07812 3.06729 0.0672861 0.0672807
1.07812 3.06729 0.0672861 0.0672807
1.125 3.06877 0.0687665 0.0687611
1.125 3.06877 0.0687665 0.0687611
1.17188 3.07008 0.0700814 0.0700758
1.17188 3.07008 0.0700814 0.0700758
1.21875 3.07123 0.0712273 0.0712217
1.21875 3.07123 0.0712273 0.0712217
1.26562 3.0722 0.0722017 0.072196
1.26562 3.0722 0.0722017 0.072196
1.3125 3.073 0.0730022 0.0729964
1.3125 3.073 0.0730022 0.0729964
1.35938 3.07363 0.0736268 0.0736209
1.35938 3.07363 0.0736268 0.0736209
1.40625 3.07407 0.074074 0.0740681
1.40625 3.07407 0.074074 0.0740681
1.45312 3.07434 0.0743427 0.0743368
1.45312 3.07434 0.0743427 0.0743368
1.5 3.07443 0.0744324 0.0744265
1.5 3.07443 0.0744324 0.0744265
1.54688 3.07434 0.0743427 0.0743368
1.54688 3.07434 0.0743427 0.0743368
1.59375 3.07407 0.074074 0.0740681
1.59375 3.07407 0.074074 0.0740681
1.64062 3.07363 0.0736268 0.0736209
1.64062 3.07363 0.0736268 0.0736209
1.6875 3.073 0.0730022 0.0729964
1.6875 3.073 0.0730022 0.0729964
1.73438 3.0722 0.0722017 0.072196
1.73438 3.0722 0.0722017 0.072196
1.78125 3.07123 0.0712273 0.0712217
1.78125 3.07123 0.0712273 0.0712217
1.82812 3.07008 0.0700814 0.0700758
1.82812 3.07008 0.0700814 0.0700758
1.875 3.06877 0.0687665 0.0687611
1.875 3.06877 0.0687665 0.0687611
1.92188 3.06729 0.0672861 0.0672807
1.92188 3.06729 0.0672861 0.0672807
1.96875 3.06564 0.0656435 0.0656383
1.96875 3.06564 0.0656435 0.0656383
2.01562 3.06384 0.0638428 0.0638377
2.01562 3.06384 0.0638428 0.0638377
2.0625 3.06189 0.0618883 0.0618834
2.0625 3.06189 0.0618883 0.0618834
2.10938 3.05978 0.0597846 0.0597799
2.10938 3.05978 0.0597846 0.0597799
2.15625 3.05754 0.057537 0.0575324
2.15625 3.05754 0.057537 0.0575324
2.20312 3.05515 0.0551507 0.0551464
2.20312 3.05515 0.0551507 0.0551464
2.25 3.05263 0.0526316 0.0526275
2.25 3.05263 0.0526316 0.0526275
2.29688 3.04999 0.0499857 0.0499818
2.29688 3.04999 0.0499857 0.0499818
2.34375 3.04722 0.0472194 0.0472157
2.34375 3.04722 0.0472194 0.0472157
2.39062 3.04434 0.0443393 0.0443358
2.39062 3.04434 0.0443393 0.0443358
2.4375 3.04135 0.0413524 0.0413491
2.4375 3.04135 0.0413524 0.0413491
2.48438 3.03827 0.0382659 0.0382629
2.48438 3.03827 0.0382659 0.0382629
2.53125 3.03509 0.0350873 0.0350846
2.53125 3.03509 0.0350873 0.0350846
2.57812 3.03182 0.0318246 0.0318223
2.57812 3.03182 0.0318246 0.0318223
2.625 3.02849 0.0284872 0.0284856
2.625 3.02849 0.0284872 0.0284856
2.67188 3.02509 0.0250883 0.025089
2.67188 3.02509 0.0250883 0.025089
2.71875 3.02165 0.0216516 0.021659
2.71875 3.02165 0.0216516 0.021659
2.76562 3.01823 0.0182251 0.01825
2.76562 3.01823 0.0182251 0.01825
2.8125 3.0149 0.0149023 0.0149668
2.8125 3.0149 0.0149023 0.0149668
2.85938 3.01184 0.0118444 0.0119855
2.85938 3.01184 0.0118444 0.0119855
2.90625 3.00929 0.00928526 0.00955244
2.90625 3.00929 0.00928526 0.00955244
2.95312 3.0075 0.00749718 0.00794224
2.95312 3.0075 0.00749718 0.00794224
3 3.00672 0.00671569 0.00737688
