# x y topography analytical topography
0 3.00913 0.00913104 0.00981827
0.046875 3.00972 0.00972303 0.0102386
0.046875 3.00972 0.00972303 0.0102386
0.09375 3.0111 0.0110983 0.011462
0.09375 3.0111 0.0110983 0.011462
0.140625 3.01314 0.0131449 0.0133847
0.140625 3.01314 0.0131449 0.0133847
0.1875 3.01571 0.0157137 0.0158604
0.1875 3.01571 0.0157137 0.0158604
0.234375 3.01865 0.0186477 0.0187302
0.234375 3.01865 0.0186477 0.0187302
0.28125 3.02181 0.0218057 0.0218477
0.28125 3.02181 0.0218057 0.0218477
0.328125 3.02508 0.0250758 0.0250942
0.328125 3.02508 0.0250758 0.0250942
0.375 3.02838 0.028378 0.0283839
0.375 3.02838 0.028378 0.0283839
0.421875 3.03166 0.0316596 0.0316592
0.421875 3.03166 0.0316596 0.0316592
0.46875 3.03489 0.0348876 0.0348842
0.46875 3.03489 0.0348876 0.0348842
0.515625 3.03804 0.0380413 0.0380364
0.515625 3.03804 0.0380413 0.0380364
0.5625 3.04111 0.0411073 0.0411016
0.5625 3.04111 0.0411073 0.0411016
0.609375 3.04408 0.0440757 0.0440695
0.609375 3.04408 0.0440757 0.0440695
0.65625 3.04694 0.0469385 0.0469318
0.65625 3.04694 0.0469385 0.0469318
0.703125 3.04969 0.0496883 0.0496812
0.703125 3.04969 0.0496883 0.0496812
0.75 3.05232 0.0523184 0.052311
0.75 3.05232 0.0523184 0.052311
0.796875 3.05482 0.0548225 0.0548148
0.796875 3.05482 0.0548225 0.0548148
0.84375 3.05719 0.0571946 0.0571865
0.84375 3.05719 0.0571946 0.0571865
0.890625 3.05943 0.0594289 0.0594204
0.890625 3.05943 0.0594289 0.0594204
0.9375 3.06152 0.06152 0.0615112
0.9375 3.06152 0.06152 0.0615112
0.984375 3.06346 0.0634628 0.0634538
0.984375 3.06346 0.0634628 0.0634538
1.03125 3.06525 0.0652528 0.0652436
1.03125 3.06525 0.0652528 0.0652436
1.07812 3.06689 0.0668856 0.0668762
1.07812 3.06689 0.0668856 0.0668762
1.125 3.06836 0.0683573 0.0683476
1.125 3.06836 0.0683573 0.0683476
1.17188 3.06966 0.0696643 0.0696544
1.17188 3.06966 0.0696643 0.0696544
1.21875 3.0708 0.0708035 0.0707934
1.21875 3.0708 0.0708035 0.0707934
1.26562 3.07177 0.071772 0.0717619
1.26562 3.07177 0.071772 0.0717619
1.3125 3.07257 0.0725677 0.0725574
1.3125 3.07257 0.0725677 0.0725574
1.35938 3.07319 0.0731886 0.0731782
1.35938 3.07319 0.0731886 0.0731782
1.40625 3.07363 0.0736331 0.0736227
1.40625 3.07363 0.0736331 0.0736227
1.45312 3.0739 0.0739003 0.0738898
1.45312 3.0739 0.0739003 0.0738898
1.5 3.07399 0.0739894 0.0739789
1.5 3.07399 0.0739894 0.0739789
1.54688 3.0739 0.0739003 0.0738898
1.54688 3.0739 0.0739003 0.0738898
1.59375 3.07363 0.0736331 0.0736227
1.59375 3.07363 0.0736331 0.0736227
1.64062 3.07319 0.0731886 0.0731782
1.64062 3.07319 0.0731886 0.0731782
1.6875 3.07257 0.0725677 0.0725574
1.6875 3.07257 0.0725677 0.0725574
1.73438 3.07177 0.071772 0.0717619
1.73438 3.07177 0.071772 0.0717619
1.78125 3.0708 0.0708035 0.0707934
1.78125 3.0708 0.0708035 0.0707934
1.82812 3.06966 0.0696643 0.0696544
1.82812 3.06966 0.0696643 0.0696544
1.875 3.06836 0.0683573 0.0683476
1.875 3.06836 0.0683573 0.0683476
1.92188 3.06689 0.0668856 0.0668762
1.92188 3.06689 0.0668856 0.0668762
1.96875 3.06525 0.0652528 0.0652436
1.96875 3.06525 0.0652528 0.0652436
2.01562 3.06346 0.0634628 0.0634538
2.01562 3.06346 0.0634628 0.0634538
2.0625 3.06152 0.06152 0.0615112
2.0625 3.06152 0.06152 0.0615112
2.10938 3.05943 0.0594289 0.0594204
2.10938 3.05943 0.0594289 0.0594204
2.15625 3.05719 0.0571946 0.0571865
2.15625 3.05719 0.0571946 0.0571865
2.20312 3.05482 0.0548225 0.0548148
2.20312 3.05482 0.0548225 0.0548148
2.25 3.05232 0.0523184 0.052311
2.25 3.05232 0.0523184 0.052311
2.29688 3.04969 0.0496883 0.0496812
2.29688 3.04969 0.0496883 0.0496812
2.34375 3.04694 0.0469385 0.0469318
2.34375 3.04694 0.0469385 0.0469318
2.39062 3.04408 0.0440757 0.0440695
2.39062 3.04408 0.0440757 0.0440695
2.4375 3.04111 0.0411073 0.0411016
2.4375 3.04111 0.0411073 0.0411016
2.48438 3.03804 0.0380413 0.0380364
2.48438 3.03804 0.0380413 0.0380364
2.53125 3.03489 0.0348876 0.0348842
2.53125 3.03489 0.0348876 0.0348842
2.57812 3.03166 0.0316596 0.0316592
2.57812 3.03166 0.0316596 0.0316592
2.625 3.02838 0.028378 0.0283839
2.625 3.02838 0.028378 0.0283839
2.67188 3.02508 0.0250758 0.0250942
2.67188 3.02508 0.0250758 0.0250942
2.71875 3.02181 0.0218057 0.0218477
2.71875 3.02181 0.0218057 0.0218477
2.76562 3.01865 0.0186477 0.0187302
2.76562 3.01865 0.0186477 0.0187302
2.8125 3.01571 0.0157137 0.0158604
2.8125 3.01571 0.0157137 0.0158604
2.85938 3.01314 0.0131449 0.0133847
2.85938 3.01314 0.0131449 0.0133847
2.90625 3.0111 0.0110983 0.011462
2.90625 3.0111 0.0110983 0.011462
2.95312 3.00972 0.00972303 0.0102386
2.95312 3.00972 0.00972303 0.0102386
3 3.00913 0.00913104 0.00981827
