# x y topography analytical topography
0 3.01225 0.0122542 0.012971
0.046875 3.0127 0.0127017 0.0132812
0.046875 3.0127 0.0127017 0.0132812
0.09375 3.01374 0.0137425 0.0141954
0.09375 3.01374 0.0137425 0.0141954
0.140625 3.01532 0.0153249 0.0156659
0.140625 3.01532 0.0153249 0.0156659
0.1875 3.01737 0.0173742 0.0176209
0.1875 3.01737 0.0173742 0.0176209
0.234375 3.0198 0.0198022 0.019973
0.234375 3.0198 0.0198022 0.019973
0.28125 3.02252 0.0225167 0.0226291
0.28125 3.02252 0.0225167 0.0226291
0.328125 3.02543 0.0254296 0.0254993
0.328125 3.02543 0.0254296 0.0254993
0.375 3.02846 0.0284633 0.0285031
0.375 3.02846 0.0284633 0.0285031
0.421875 3.03155 0.0315533 0.031573
0.421875 3.03155 0.0315533 0.031573
0.46875 3.03465 0.0346487 0.0346555
0.46875 3.03465 0.0346487 0.0346555
0.515625 3.03771 0.0377112 0.0377101
0.515625 3.03771 0.0377112 0.0377101
0.5625 3.04071 0.0407129 0.0407069
0.5625 3.04071 0.0407129 0.0407069
0.609375 3.04363 0.0436334 0.0436245
0.609375 3.04363 0.0436334 0.0436245
0.65625 3.04646 0.0464579 0.0464472
0.65625 3.04646 0.0464579 0.0464472
0.703125 3.04918 0.0491751 0.0491632
0.703125 3.04918 0.0491751 0.0491632
0.75 3.05178 0.0517761 0.0517632
0.75 3.05178 0.0517761 0.0517632
0.796875 3.05425 0.0542534 0.0542398
0.796875 3.05425 0.0542534 0.0542398
0.84375 3.0566 0.0566005 0.0565863
0.84375 3.0566 0.0566005 0.0565863
0.890625 3.05881 0.0588115 0.0587966
0.890625 3.05881 0.0588115 0.0587966
0.9375 3.06088 0.0608808 0.0608654
0.9375 3.06088 0.0608808 0.0608654
0.984375 3.0628 0.0628035 0.0627876
0.984375 3.0628 0.0628035 0.0627876
1.03125 3.06457 0.0645749 0.0645586
1.03125 3.06457 0.0645749 0.0645586
1.07812 3.06619 0.0661907 0.066174
1.07812 3.06619 0.0661907 0.066174
1.125 3.06765 0.0676471 0.06763
1.125 3.06765 0.0676471 0.06763
1.17188 3.06894 0.0689405 0.0689231
1.17188 3.06894 0.0689405 0.0689231
1.21875 3.07007 0.0700678 0.0700501
1.21875 3.07007 0.0700678 0.0700501
1.26562 3.07103 0.0710263 0.0710084
1.26562 3.07103 0.0710263 0.0710084
1.3125 3.07181 0.0718137 0.0717956
1.3125 3.07181 0.0718137 0.0717956
1.35938 3.07243 0.0724282 0.0724099
1.35938 3.07243 0.0724282 0.0724099
1.40625 3.07287 0.0728681 0.0728497
1.40625 3.07287 0.0728681 0.0728497
1.45312 3.07313 0.0731325 0.073114
1.45312 3.07313 0.0731325 0.073114
1.5 3.07322 0.0732207 0.0732022
1.5 3.07322 0.0732207 0.0732022
1.54688 3.07313 0.0731325 0.073114
1.54688 3.07313 0.0731325 0.073114
1.59375 3.07287 0.0728681 0.0728497
1.59375 3.07287 0.0728681 0.0728497
1.64062 3.07243 0.0724282 0.0724099
1.64062 3.07243 0.0724282 0.0724099
1.6875 3.07181 0.0718137 0.0717956
1.6875 3.07181 0.0718137 0.0717956
1.73438 3.07103 0.0710263 0.0710084
1.73438 3.07103 0.0710263 0.0710084
1.78125 3.07007 0.0700678 0.0700501
1.78125 3.07007 0.0700678 0.0700501
1.82812 3.06894 0.0689405 0.0689231
1.82812 3.06894 0.0689405 0.0689231
1.875 3.06765 0.0676471 0.06763
1.875 3.06765 0.0676471 0.06763
1.92188 3.06619 0.0661907 0.066174
1.92188 3.06619 0.0661907 0.066174
1.96875 3.06457 0.0645749 0.0645586
1.96875 3.06457 0.0645749 0.0645586
2.01562 3.0628 0.0628035 0.0627876
2.01562 3.0628 0.0628035 0.0627876
2.0625 3.06088 0.0608808 0.0608654
2.0625 3.06088 0.0608808 0.0608654
2.10938 3.05881 0.0588115 0.0587966
2.10938 3.05881 0.0588115 0.0587966
2.15625 3.0566 0.0566005 0.0565863
2.15625 3.0566 0.0566005 0.0565863
2.20312 3.05425 0.0542534 0.0542398
2.20312 3.05425 0.0542534 0.0542398
2.25 3.05178 0.0517761 0.0517632
2.25 3.05178 0.0517761 0.0517632
2.29688 3.04918 0.0491751 0.0491632
2.29688 3.04918 0.0491751 0.0491632
2.34375 3.04646 0.0464579 0.0464472
2.34375 3.04646 0.0464579 0.0464472
2.39062 3.04363 0.0436334 0.0436245
2.39062 3.04363 0.0436334 0.0436245
2.4375 3.04071 0.0407129 0.0407069
2.4375 3.04071 0.0407129 0.0407069
2.48438 3.03771 0.0377112 0.0377101
2.48438 3.03771 0.0377112 0.0377101
2.53125 3.03465 0.0346487 0.0346555
2.53125 3.03465 0.0346487 0.0346555
2.57812 3.03155 0.0315533 0.031573
2.57812 3.03155 0.0315533 0.031573
2.625 3.02846 0.0284633 0.0285031
2.625 3.02846 0.0284633 0.0285031
2.67188 3.02543 0.0254296 0.0254993
2.67188 3.02543 0.0254296 0.0254993
2.71875 3.02252 0.0225167 0.0226291
2.71875 3.02252 0.0225167 0.0226291
2.76562 3.0198 0.0198022 0.019973
2.76562 3.0198 0.0198022 0.019973
2.8125 3.01737 0.0173742 0.0176209
2.8125 3.01737 0.0173742 0.0176209
2.85938 3.01532 0.0153249 0.0156659
2.85938 3.01532 0.0153249 0.0156659
2.90625 3.01374 0.0137425 0.0141954
2.90625 3.01374 0.0137425 0.0141954
2.95312 3.0127 0.0127017 0.0132812
2.95312 3.0127 0.0127017 0.0132812
3 3.01225 0.0122542 0.012971
