# x y topography analytical topography
0 3.00817 0.00817443 0.00885177
0.046875 3.00883 0.00882975 0.00932049
0.046875 3.00883 0.00882975 0.00932049
0.09375 3.01035 0.0103466 0.0106758
0.09375 3.01035 0.0103466 0.0106758
0.140625 3.01258 0.0125773 0.01278
0.140625 3.01258 0.0125773 0.01278
0.1875 3.01533 0.0153334 0.015447
0.1875 3.01533 0.0153334 0.015447
0.234375 3.01843 0.0184283 0.0184856
0.234375 3.01843 0.0184283 0.0184856
0.28125 3.02171 0.0217074 0.0217326
0.28125 3.02171 0.0217074 0.0217326
0.328125 3.02506 0.0250593 0.025068
0.328125 3.02506 0.0250593 0.025068
0.375 3.02841 0.0284124 0.0284135
0.375 3.02841 0.0284124 0.0284135
0.421875 3.03172 0.0317244 0.0317222
0.421875 3.03172 0.0317244 0.0317222
0.46875 3.03497 0.0349708 0.0349673
0.46875 3.03497 0.0349708 0.0349673
0.515625 3.03814 0.038137 0.0381327
0.515625 3.03814 0.038137 0.0381327
0.5625 3.04121 0.0412126 0.0412079
0.5625 3.04121 0.0412126 0.0412079
0.609375 3.04419 0.0441892 0.0441842
0.609375 3.04419 0.0441892 0.0441842
0.65625 3.04706 0.0470595 0.0470541
0.65625 3.04706 0.0470595 0.0470541
0.703125 3.04982 0.0498165 0.0498108
0.703125 3.04982 0.0498165 0.0498108
0.75 3.05245 0.0524534 0.0524474
0.75 3.05245 0.0524534 0.0524474
0.796875 3.05496 0.054964 0.0549577
0.796875 3.05496 0.054964 0.0549577
0.84375 3.05734 0.0573422 0.0573356
0.84375 3.05734 0.0573422 0.0573356
0.890625 3.05958 0.0595822 0.0595754
0.890625 3.05958 0.0595822 0.0595754
0.9375 3.06168 0.0616787 0.0616716
0.9375 3.06168 0.0616787 0.0616716
0.984375 3.06363 0.0636266 0.0636193
0.984375 3.06363 0.0636266 0.0636193
1.03125 3.06542 0.0654212 0.0654137
1.03125 3.06542 0.0654212 0.0654137
1.07812 3.06706 0.0670583 0.0670506
1.07812 3.06706 0.0670583 0.0670506
1.125 3.06853 0.0685337 0.0685259
1.125 3.06853 0.0685337 0.0685259
1.17188 3.06984 0.0698441 0.0698361
1.17188 3.06984 0.0698441 0.0698361
1.21875 3.07099 0.0709862 0.070978
1.21875 3.07099 0.0709862 0.070978
1.26562 3.07196 0.0719573 0.071949
1.26562 3.07196 0.0719573 0.071949
1.3125 3.07276 0.072755 0.0727467
1.3125 3.07276 0.072755 0.0727467
1.35938 3.07338 0.0733775 0.0733691
1.35938 3.07338 0.0733775 0.0733691
1.40625 3.07382 0.0738232 0.0738147
1.40625 3.07382 0.0738232 0.0738147
1.45312 3.07409 0.074091 0.0740825
1.45312 3.07409 0.074091 0.0740825
1.5 3.07418 0.0741804 0.0741719
1.5 3.07418 0.0741804 0.0741719
1.54688 3.07409 0.074091 0.0740825
1.54688 3.07409 0.074091 0.0740825
1.59375 3.07382 0.0738232 0.0738147
1.59375 3.07382 0.0738232 0.0738147
1.64062 3.07338 0.0733775 0.0733691
1.64062 3.07338 0.0733775 0.0733691
1.6875 3.07276 0.072755 0.0727467
1.6875 3.07276 0.072755 0.0727467
1.73438 3.07196 0.0719573 0.071949
1.73438 3.07196 0.0719573 0.071949
1.78125 3.07099 0.0709862 0.070978
1.78125 3.07099 0.0709862 0.070978
1.82812 3.06984 0.0698441 0.0698361
1.82812 3.06984 0.0698441 0.0698361
1.875 3.06853 0.0685337 0.0685259
1.875 3.06853 0.0685337 0.0685259
1.92188 3.06706 0.0670583 0.0670506
1.92188 3.06706 0.0670583 0.0670506
1.96875 3.06542 0.0654212 0.0654137
1.96875 3.06542 0.0654212 0.0654137
2.01562 3.06363 0.0636266 0.0636193
2.01562 3.06363 0.0636266 0.0636193
2.0625 3.06168 0.0616787 0.0616716
2.0625 3.06168 0.0616787 0.0616716
2.10938 3.05958 0.0595822 0.0595754
2.10938 3.05958 0.0595822 0.0595754
2.15625 3.05734 0.0573422 0.0573356
2.15625 3.05734 0.0573422 0.0573356
2.20312 3.05496 0.054964 0.0549577
2.20312 3.05496 0.054964 0.0549577
2.25 3.05245 0.0524534 0.0524474
2.25 3.05245 0.0524534 0.0524474
2.29688 3.04982 0.0498165 0.0498108
2.29688 3.04982 0.0498165 0.0498108
2.34375 3.04706 0.0470595 0.0470541
2.34375 3.04706 0.0470595 0.0470541
2.39062 3.04419 0.0441892 0.0441842
2.39062 3.04419 0.0441892 0.0441842
2.4375 3.04121 0.0412126 0.0412079
2.4375 3.04121 0.0412126 0.0412079
2.48438 3.03814 0.038137 0.0381327
2.48438 3.03814 0.038137 0.0381327
2.53125 3.03497 0.0349708 0.0349673
2.53125 3.03497 0.0349708 0.0349673
2.57812 3.03172 0.0317244 0.0317222
2.57812 3.03172 0.0317244 0.0317222
2.625 3.02841 0.0284124 0.0284135
2.625 3.02841 0.0284124 0.0284135
2.67188 3.02506 0.0250593 0.025068
2.67188 3.02506 0.0250593 0.025068
2.71875 3.02171 0.0217074 0.0217326
2.71875 3.02171 0.0217074 0.0217326
2.76562 3.01843 0.0184283 0.0184856
2.76562 3.01843 0.0184283 0.0184856
2.8125 3.01533 0.0153334 0.015447
2.8125 3.01533 0.0153334 0.015447
2.85938 3.01258 0.0125773 0.01278
2.85938 3.01258 0.0125773 0.01278
2.90625 3.01035 0.0103466 0.0106758
2.90625 3.01035 0.0103466 0.0106758
2.95312 3.00883 0.00882975 0.00932049
2.95312 3.00883 0.00882975 0.00932049
3 3.00817 0.00817443 0.00885177
