# x y topography analytical topography
0 3.01243 0.0124286 0.0131469
0.046875 3.01287 0.0128699 0.0134525
0.046875 3.01287 0.0128699 0.0134525
0.09375 3.0139 0.0138962 0.0143532
0.09375 3.0139 0.0138962 0.0143532
0.140625 3.01546 0.0154575 0.0158035
0.140625 3.01546 0.0154575 0.0158035
0.1875 3.01748 0.0174819 0.0177338
0.1875 3.01748 0.0174819 0.0177338
0.234375 3.01988 0.0198839 0.0200595
0.234375 3.01988 0.0198839 0.0200595
0.28125 3.02257 0.0225735 0.0226902
0.28125 3.02257 0.0225735 0.0226902
0.328125 3.02546 0.0254644 0.0255375
0.328125 3.02546 0.0254644 0.0255375
0.375 3.02848 0.0284798 0.0285221
0.375 3.02848 0.0284798 0.0285221
0.421875 3.03156 0.0315553 0.0315768
0.421875 3.03156 0.0315553 0.0315768
0.46875 3.03464 0.0346398 0.0346477
0.46875 3.03464 0.0346398 0.0346477
0.515625 3.03769 0.0376943 0.0376938
0.515625 3.03769 0.0376943 0.0376938
0.5625 3.04069 0.0406902 0.0406845
0.5625 3.04069 0.0406902 0.0406845
0.609375 3.04361 0.0436065 0.0435976
0.609375 3.04361 0.0436065 0.0435976
0.65625 3.04643 0.0464278 0.0464169
0.65625 3.04643 0.0464278 0.0464169
0.703125 3.04914 0.0491425 0.0491302
0.703125 3.04914 0.0491425 0.0491302
0.75 3.05174 0.0517413 0.0517281
0.75 3.05174 0.0517413 0.0517281
0.796875 3.05422 0.0542168 0.0542028
0.796875 3.05422 0.0542168 0.0542028
0.84375 3.05656 0.0565622 0.0565476
0.84375 3.05656 0.0565622 0.0565476
0.890625 3.05877 0.0587716 0.0587564
0.890625 3.05877 0.0587716 0.0587564
0.9375 3.06084 0.0608395 0.0608237
0.9375 3.06084 0.0608395 0.0608237
0.984375 3.06276 0.0627609 0.0627446
0.984375 3.06276 0.0627609 0.0627446
1.03125 3.06453 0.0645311 0.0645143
1.03125 3.06453 0.0645311 0.0645143
1.07812 3.06615 0.0661458 0.0661287
1.07812 3.06615 0.0661458 0.0661287
1.125 3.0676 0.0676012 0.0675837
1.125 3.0676 0.0676012 0.0675837
1.17188 3.06889 0.0688937 0.0688759
1.17188 3.06889 0.0688937 0.0688759
1.21875 3.07002 0.0700203 0.0700021
1.21875 3.07002 0.0700203 0.0700021
1.26562 3.07098 0.0709782 0.0709598
1.26562 3.07098 0.0709782 0.0709598
1.3125 3.07177 0.0717651 0.0717464
1.3125 3.07177 0.0717651 0.0717464
1.35938 3.07238 0.0723791 0.0723603
1.35938 3.07238 0.0723791 0.0723603
1.40625 3.07282 0.0728187 0.0727998
1.40625 3.07282 0.0728187 0.0727998
1.45312 3.07308 0.0730829 0.0730639
1.45312 3.07308 0.0730829 0.0730639
1.5 3.07317 0.073171 0.073152
1.5 3.07317 0.073171 0.073152
1.54688 3.07308 0.0730829 0.0730639
1.54688 3.07308 0.0730829 0.0730639
1.59375 3.07282 0.0728187 0.0727998
1.59375 3.07282 0.0728187 0.0727998
1.64062 3.07238 0.0723791 0.0723603
1.64062 3.07238 0.0723791 0.0723603
1.6875 3.07177 0.0717651 0.0717464
1.6875 3.07177 0.0717651 0.0717464
1.73438 3.07098 0.0709782 0.0709598
1.73438 3.07098 0.0709782 0.0709598
1.78125 3.07002 0.0700203 0.0700021
1.78125 3.07002 0.0700203 0.0700021
1.82812 3.06889 0.0688937 0.0688759
1.82812 3.06889 0.0688937 0.0688759
1.875 3.0676 0.0676012 0.0675837
1.875 3.0676 0.0676012 0.0675837
1.92188 3.06615 0.0661458 0.0661287
1.92188 3.06615 0.0661458 0.0661287
1.96875 3.06453 0.0645311 0.0645143
1.96875 3.06453 0.0645311 0.0645143
2.01562 3.06276 0.0627609 0.0627446
2.01562 3.06276 0.0627609 0.0627446
2.0625 3.06084 0.0608395 0.0608237
2.0625 3.06084 0.0608395 0.0608237
2.10938 3.05877 0.0587716 0.0587564
2.10938 3.05877 0.0587716 0.0587564
2.15625 3.05656 0.0565622 0.0565476
2.15625 3.05656 0.0565622 0.0565476
2.20312 3.05422 0.0542168 0.0542028
2.20312 3.05422 0.0542168 0.0542028
2.25 3.05174 0.0517413 0.0517281
2.25 3.05174 0.0517413 0.0517281
2.29688 3.04914 0.0491425 0.0491302
2.29688 3.04914 0.0491425 0.0491302
2.34375 3.04643 0.0464278 0.0464169
2.34375 3.04643 0.0464278 0.0464169
2.39062 3.04361 0.0436065 0.0435976
2.39062 3.04361 0.0436065 0.0435976
2.4375 3.04069 0.0406902 0.0406845
2.4375 3.04069 0.0406902 0.0406845
2.48438 3.03769 0.0376943 0.0376938
2.48438 3.03769 0.0376943 0.0376938
2.53125 3.03464 0.0346398 0.0346477
2.53125 3.03464 0.0346398 0.0346477
2.57812 3.03156 0.0315553 0.0315768
2.57812 3.03156 0.0315553 0.0315768
2.625 3.02848 0.0284798 0.0285221
2.625 3.02848 0.0284798 0.0285221
2.67188 3.02546 0.0254644 0.0255375
2.67188 3.02546 0.0254644 0.0255375
2.71875 3.02257 0.0225735 0.0226902
2.71875 3.02257 0.0225735 0.0226902
2.76562 3.01988 0.0198839 0.0200595
2.76562 3.01988 0.0198839 0.0200595
2.8125 3.01748 0.0174819 0.0177338
2.8125 3.01748 0.0174819 0.0177338
2.85938 3.01546 0.0154575 0.0158035
2.85938 3.01546 0.0154575 0.0158035
2.90625 3.0139 0.0138962 0.0143532
2.90625 3.0139 0.0138962 0.0143532
2.95312 3.01287 0.0128699 0.0134525
2.95312 3.01287 0.0128699 0.0134525
3 3.01243 0.0124286 0.0131469
