# x y topography analytical topography
0 3.00567 0.00567216 0.0063207
0.046875 3.00658 0.00657713 0.00698108
0.046875 3.00658 0.00657713 0.00698108
0.09375 3.00862 0.00861507 0.00882932
0.09375 3.00862 0.00861507 0.00882932
0.140625 3.01144 0.0114448 0.0115395
0.140625 3.01144 0.0114448 0.0115395
0.1875 3.01471 0.0147144 0.0147485
0.1875 3.01471 0.0147144 0.0147485
0.234375 3.01817 0.0181677 0.018177
0.234375 3.01817 0.0181677 0.018177
0.28125 3.02166 0.0216611 0.0216624
0.28125 3.02166 0.0216611 0.0216624
0.328125 3.02513 0.0251287 0.0251277
0.328125 3.02513 0.0251287 0.0251277
0.375 3.02854 0.0285424 0.0285408
0.375 3.02854 0.0285424 0.0285408
0.421875 3.03189 0.0318888 0.031887
0.421875 3.03189 0.0318888 0.031887
0.46875 3.03516 0.0351587 0.0351566
0.46875 3.03516 0.0351587 0.0351566
0.515625 3.03834 0.0383438 0.0383416
0.515625 3.03834 0.0383438 0.0383416
0.5625 3.04144 0.0414366 0.0414342
0.5625 3.04144 0.0414366 0.0414342
0.609375 3.04443 0.0444296 0.0444271
0.609375 3.04443 0.0444296 0.0444271
0.65625 3.04732 0.0473156 0.0473128
0.65625 3.04732 0.0473156 0.0473128
0.703125 3.05009 0.0500875 0.0500846
0.703125 3.05009 0.0500875 0.0500846
0.75 3.05274 0.0527388 0.0527358
0.75 3.05274 0.0527388 0.0527358
0.796875 3.05526 0.0552631 0.0552599
0.796875 3.05526 0.0552631 0.0552599
0.84375 3.05765 0.0576542 0.0576509
0.84375 3.05765 0.0576542 0.0576509
0.890625 3.05991 0.0599064 0.059903
0.890625 3.05991 0.0599064 0.059903
0.9375 3.06201 0.0620143 0.0620107
0.9375 3.06201 0.0620143 0.0620107
0.984375 3.06397 0.0639728 0.0639691
0.984375 3.06397 0.0639728 0.0639691
1.03125 3.06578 0.0657772 0.0657734
1.03125 3.06578 0.0657772 0.0657734
1.07812 3.06742 0.0674231 0.0674192
1.07812 3.06742 0.0674231 0.0674192
1.125 3.06891 0.0689066 0.0689026
1.125 3.06891 0.0689066 0.0689026
1.17188 3.07022 0.0702241 0.07022
1.17188 3.07022 0.0702241 0.07022
1.21875 3.07137 0.0713724 0.0713683
1.21875 3.07137 0.0713724 0.0713683
1.26562 3.07235 0.0723488 0.0723446
1.26562 3.07235 0.0723488 0.0723446
1.3125 3.07315 0.0731509 0.0731466
1.3125 3.07315 0.0731509 0.0731466
1.35938 3.07378 0.0737767 0.0737725
1.35938 3.07378 0.0737767 0.0737725
1.40625 3.07422 0.0742248 0.0742205
1.40625 3.07422 0.0742248 0.0742205
1.45312 3.07449 0.0744941 0.0744898
1.45312 3.07449 0.0744941 0.0744898
1.5 3.07458 0.074584 0.0745797
1.5 3.07458 0.074584 0.0745797
1.54688 3.07449 0.0744941 0.0744898
1.54688 3.07449 0.0744941 0.0744898
1.59375 3.07422 0.0742248 0.0742205
1.59375 3.07422 0.0742248 0.0742205
1.64062 3.07378 0.0737767 0.0737725
1.64062 3.07378 0.0737767 0.0737725
1.6875 3.07315 0.0731509 0.0731466
1.6875 3.07315 0.0731509 0.0731466
1.73438 3.07235 0.0723488 0.0723446
1.73438 3.07235 0.0723488 0.0723446
1.78125 3.07137 0.0713724 0.0713683
1.78125 3.07137 0.0713724 0.0713683
1.82812 3.07022 0.0702241 0.07022
1.82812 3.07022 0.0702241 0.07022
1.875 3.06891 0.0689066 0.0689026
1.875 3.06891 0.0689066 0.0689026
1.92188 3.06742 0.0674231 0.0674192
1.92188 3.06742 0.0674231 0.0674192
1.96875 3.06578 0.0657772 0.0657734
1.96875 3.06578 0.0657772 0.0657734
2.01562 3.06397 0.0639728 0.0639691
2.01562 3.06397 0.0639728 0.0639691
2.0625 3.06201 0.0620143 0.0620107
2.0625 3.06201 0.0620143 0.0620107
2.10938 3.05991 0.0599064 0.059903
2.10938 3.05991 0.0599064 0.059903
2.15625 3.05765 0.0576542 0.0576509
2.15625 3.05765 0.0576542 0.0576509
2.20312 3.05526 0.0552631 0.0552599
2.20312 3.05526 0.0552631 0.0552599
2.25 3.05274 0.0527388 0.0527358
2.25 3.05274 0.0527388 0.0527358
2.29688 3.05009 0.0500875 0.0500846
2.29688 3.05009 0.0500875 0.0500846
2.34375 3.04732 0.0473156 0.0473128
2.34375 3.04732 0.0473156 0.0473128
2.39062 3.04443 0.0444296 0.0444271
2.39062 3.04443 0.0444296 0.0444271
2.4375 3.04144 0.0414366 0.0414342
2.4375 3.04144 0.0414366 0.0414342
2.48438 3.03834 0.0383438 0.0383416
2.48438 3.03834 0.0383438 0.0383416
2.53125 3.03516 0.0351587 0.0351566
2.53125 3.03516 0.0351587 0.0351566
2.57812 3.03189 0.0318888 0.031887
2.57812 3.03189 0.0318888 0.031887
2.625 3.02854 0.0285424 0.0285408
2.625 3.02854 0.0285424 0.0285408
2.67188 3.02513 0.0251287 0.0251277
2.67188 3.02513 0.0251287 0.0251277
2.71875 3.02166 0.0216611 0.0216624
2.71875 3.02166 0.0216611 0.0216624
2.76562 3.01817 0.0181677 0.018177
2.76562 3.01817 0.0181677 0.018177
2.8125 3.01471 0.0147144 0.0147485
2.8125 3.01471 0.0147144 0.0147485
2.85938 3.01144 0.0114448 0.0115395
2.85938 3.01144 0.0114448 0.0115395
2.90625 3.00862 0.00861507 0.00882932
2.90625 3.00862 0.00861507 0.00882932
2.95312 3.00658 0.00657713 0.00698108
2.95312 3.00658 0.00657713 0.00698108
3 3.00567 0.00567216 0.0063207
