# x y topography
0 1.03138 0.0313814
0.015625 1.03147 0.0314659
0.015625 1.03147 0.0314659
0.03125 1.03172 0.0317184
0.03125 1.03172 0.0317184
0.046875 1.03214 0.0321359
0.046875 1.03214 0.0321359
0.0625 1.03271 0.0327135
0.0625 1.03271 0.0327135
0.078125 1.03344 0.0334443
0.078125 1.03344 0.0334443
0.09375 1.03432 0.0343196
0.09375 1.03432 0.0343196
0.109375 1.03533 0.0353291
0.109375 1.03533 0.0353291
0.125 1.03646 0.036461
0.125 1.03646 0.036461
0.140625 1.0377 0.0377022
0.140625 1.0377 0.0377022
0.15625 1.03904 0.0390384
0.15625 1.03904 0.0390384
0.171875 1.04045 0.0404544
0.171875 1.04045 0.0404544
0.1875 1.04193 0.0419343
0.1875 1.04193 0.0419343
0.203125 1.04346 0.0434621
0.203125 1.04346 0.0434621
0.21875 1.04502 0.0450212
0.21875 1.04502 0.0450212
0.234375 1.0466 0.0465954
0.234375 1.0466 0.0465954
0.25 1.04817 0.0481687
0.25 1.04817 0.0481687
0.265625 1.04973 0.0497254
0.265625 1.04973 0.0497254
0.28125 1.05125 0.0512508
0.28125 1.05125 0.0512508
0.296875 1.05273 0.0527308
0.296875 1.05273 0.0527308
0.3125 1.05415 0.0541521
0.3125 1.05415 0.0541521
0.328125 1.0555 0.0555028
0.328125 1.0555 0.0555028
0.34375 1.05677 0.0567715
0.34375 1.05677 0.0567715
0.359375 1.05795 0.0579484
0.359375 1.05795 0.0579484
0.375 1.05902 0.0590245
0.375 1.05902 0.0590245
0.390625 1.05999 0.0599918
0.390625 1.05999 0.0599918
0.40625 1.06084 0.0608435
0.40625 1.06084 0.0608435
0.421875 1.06157 0.0615738
0.421875 1.06157 0.0615738
0.4375 1.06218 0.0621777
0.4375 1.06218 0.0621777
0.453125 1.06265 0.0626515
0.453125 1.06265 0.0626515
0.46875 1.06299 0.062992
0.46875 1.06299 0.062992
0.484375 1.0632 0.0631972
0.484375 1.0632 0.0631972
0.5 1.06327 0.0632657
0.5 1.06327 0.0632657
0.515625 1.0632 0.0631972
0.515625 1.0632 0.0631972
0.53125 1.06299 0.062992
0.53125 1.06299 0.062992
0.546875 1.06265 0.0626515
0.546875 1.06265 0.0626515
0.5625 1.06218 0.0621777
0.5625 1.06218 0.0621777
0.578125 1.06157 0.0615738
0.578125 1.06157 0.0615738
0.59375 1.06084 0.0608435
0.59375 1.06084 0.0608435
0.609375 1.05999 0.0599918
0.609375 1.05999 0.0599918
0.625 1.05902 0.0590245
0.625 1.05902 0.0590245
0.640625 1.05795 0.0579484
0.640625 1.05795 0.0579484
0.65625 1.05677 0.0567715
0.65625 1.05677 0.0567715
0.671875 1.0555 0.0555028
0.671875 1.0555 0.0555028
0.6875 1.05415 0.0541521
0.6875 1.05415 0.0541521
0.703125 1.05273 0.0527308
0.703125 1.05273 0.0527308
0.71875 1.05125 0.0512508
0.71875 1.05125 0.0512508
0.734375 1.04973 0.0497254
0.734375 1.04973 0.0497254
0.75 1.04817 0.0481687
0.75 1.04817 0.0481687
0.765625 1.0466 0.0465954
0.765625 1.0466 0.0465954
0.78125 1.04502 0.0450212
0.78125 1.04502 0.0450212
0.796875 1.04346 0.0434621
0.796875 1.04346 0.0434621
0.8125 1.04193 0.0419343
0.8125 1.04193 0.0419343
0.828125 1.04045 0.0404544
0.828125 1.04045 0.0404544
0.84375 1.03904 0.0390384
0.84375 1.03904 0.0390384
0.859375 1.0377 0.0377022
0.859375 1.0377 0.0377022
0.875 1.03646 0.036461
0.875 1.03646 0.036461
0.890625 1.03533 0.0353291
0.890625 1.03533 0.0353291
0.90625 1.03432 0.0343196
0.90625 1.03432 0.0343196
0.921875 1.03344 0.0334443
0.921875 1.03344 0.0334443
0.9375 1.03271 0.0327135
0.9375 1.03271 0.0327135
0.953125 1.03214 0.0321359
0.953125 1.03214 0.0321359
0.96875 1.03172 0.0317184
0.96875 1.03172 0.0317184
0.984375 1.03147 0.0314659
0.984375 1.03147 0.0314659
1 1.03138 0.0313814
