# x y topography
0 1.02661 0.0266065
0.015625 1.02672 0.0267239
0.015625 1.02672 0.0267239
0.03125 1.02707 0.0270744
0.03125 1.02707 0.0270744
0.046875 1.02765 0.0276529
0.046875 1.02765 0.0276529
0.0625 1.02845 0.028451
0.0625 1.02845 0.028451
0.078125 1.02946 0.0294571
0.078125 1.02946 0.0294571
0.09375 1.03066 0.0306567
0.09375 1.03066 0.0306567
0.109375 1.03203 0.0320327
0.109375 1.03203 0.0320327
0.125 1.03357 0.0335658
0.125 1.03357 0.0335658
0.140625 1.03523 0.0352348
0.140625 1.03523 0.0352348
0.15625 1.03702 0.0370174
0.15625 1.03702 0.0370174
0.171875 1.03889 0.0388902
0.171875 1.03889 0.0388902
0.1875 1.04083 0.0408296
0.1875 1.04083 0.0408296
0.203125 1.04281 0.0428121
0.203125 1.04281 0.0428121
0.21875 1.04482 0.0448151
0.21875 1.04482 0.0448151
0.234375 1.04682 0.0468166
0.234375 1.04682 0.0468166
0.25 1.0488 0.0487961
0.25 1.0488 0.0487961
0.265625 1.05073 0.0507347
0.265625 1.05073 0.0507347
0.28125 1.05261 0.052615
0.28125 1.05261 0.052615
0.296875 1.05442 0.0544213
0.296875 1.05442 0.0544213
0.3125 1.05614 0.0561397
0.3125 1.05614 0.0561397
0.328125 1.05776 0.057758
0.328125 1.05776 0.057758
0.34375 1.05927 0.0592656
0.34375 1.05927 0.0592656
0.359375 1.06065 0.0606532
0.359375 1.06065 0.0606532
0.375 1.06191 0.061913
0.375 1.06191 0.061913
0.390625 1.06304 0.0630384
0.390625 1.06304 0.0630384
0.40625 1.06402 0.0640239
0.40625 1.06402 0.0640239
0.421875 1.06486 0.0648648
0.421875 1.06486 0.0648648
0.4375 1.06556 0.0655575
0.4375 1.06556 0.0655575
0.453125 1.0661 0.0660992
0.453125 1.0661 0.0660992
0.46875 1.06649 0.0664876
0.46875 1.06649 0.0664876
0.484375 1.06672 0.0667212
0.484375 1.06672 0.0667212
0.5 1.0668 0.0667992
0.5 1.0668 0.0667992
0.515625 1.06672 0.0667212
0.515625 1.06672 0.0667212
0.53125 1.06649 0.0664876
0.53125 1.06649 0.0664876
0.546875 1.0661 0.0660992
0.546875 1.0661 0.0660992
0.5625 1.06556 0.0655575
0.5625 1.06556 0.0655575
0.578125 1.06486 0.0648648
0.578125 1.06486 0.0648648
0.59375 1.06402 0.0640239
0.59375 1.06402 0.0640239
0.609375 1.06304 0.0630384
0.609375 1.06304 0.0630384
0.625 1.06191 0.061913
0.625 1.06191 0.061913
0.640625 1.06065 0.0606532
0.640625 1.06065 0.0606532
0.65625 1.05927 0.0592656
0.65625 1.05927 0.0592656
0.671875 1.05776 0.057758
0.671875 1.05776 0.057758
0.6875 1.05614 0.0561397
0.6875 1.05614 0.0561397
0.703125 1.05442 0.0544213
0.703125 1.05442 0.0544213
0.71875 1.05261 0.052615
0.71875 1.05261 0.052615
0.734375 1.05073 0.0507347
0.734375 1.05073 0.0507347
0.75 1.0488 0.0487961
0.75 1.0488 0.0487961
0.765625 1.04682 0.0468166
0.765625 1.04682 0.0468166
0.78125 1.04482 0.0448151
0.78125 1.04482 0.0448151
0.796875 1.04281 0.0428121
0.796875 1.04281 0.0428121
0.8125 1.04083 0.0408296
0.8125 1.04083 0.0408296
0.828125 1.03889 0.0388902
0.828125 1.03889 0.0388902
0.84375 1.03702 0.0370174
0.84375 1.03702 0.0370174
0.859375 1.03523 0.0352348
0.859375 1.03523 0.0352348
0.875 1.03357 0.0335658
0.875 1.03357 0.0335658
0.890625 1.03203 0.0320327
0.890625 1.03203 0.0320327
0.90625 1.03066 0.0306567
0.90625 1.03066 0.0306567
0.921875 1.02946 0.0294571
0.921875 1.02946 0.0294571
0.9375 1.02845 0.028451
0.9375 1.02845 0.028451
0.953125 1.02765 0.0276529
0.953125 1.02765 0.0276529
0.96875 1.02707 0.0270744
0.96875 1.02707 0.0270744
0.984375 1.02672 0.0267239
0.984375 1.02672 0.0267239
1 1.02661 0.0266065
