# x y topography
0 1.02684 0.0268444
0.015625 1.02696 0.02696
0.015625 1.02696 0.02696
0.03125 1.02731 0.0273051
0.03125 1.02731 0.0273051
0.046875 1.02787 0.0278747
0.046875 1.02787 0.0278747
0.0625 1.02866 0.0286606
0.0625 1.02866 0.0286606
0.078125 1.02965 0.0296516
0.078125 1.02965 0.0296516
0.09375 1.03083 0.0308335
0.09375 1.03083 0.0308335
0.109375 1.03219 0.0321897
0.109375 1.03219 0.0321897
0.125 1.0337 0.0337014
0.125 1.0337 0.0337014
0.140625 1.03535 0.0353479
0.140625 1.03535 0.0353479
0.15625 1.03711 0.0371072
0.15625 1.03711 0.0371072
0.171875 1.03896 0.0389566
0.171875 1.03896 0.0389566
0.1875 1.04087 0.0408729
0.1875 1.04087 0.0408729
0.203125 1.04283 0.042833
0.203125 1.04283 0.042833
0.21875 1.04481 0.0448145
0.21875 1.04481 0.0448145
0.234375 1.0468 0.0467958
0.234375 1.0468 0.0467958
0.25 1.04876 0.0487565
0.25 1.04876 0.0487565
0.265625 1.05068 0.0506778
0.265625 1.05068 0.0506778
0.28125 1.05254 0.0525424
0.28125 1.05254 0.0525424
0.296875 1.05433 0.0543346
0.296875 1.05433 0.0543346
0.3125 1.05604 0.0560405
0.3125 1.05604 0.0560405
0.328125 1.05765 0.0576478
0.328125 1.05765 0.0576478
0.34375 1.05915 0.0591457
0.34375 1.05915 0.0591457
0.359375 1.06052 0.060525
0.359375 1.06052 0.060525
0.375 1.06178 0.0617777
0.375 1.06178 0.0617777
0.390625 1.0629 0.0628971
0.390625 1.0629 0.0628971
0.40625 1.06388 0.0638775
0.40625 1.06388 0.0638775
0.421875 1.06471 0.0647143
0.421875 1.06471 0.0647143
0.4375 1.0654 0.0654038
0.4375 1.0654 0.0654038
0.453125 1.06594 0.065943
0.453125 1.06594 0.065943
0.46875 1.06633 0.0663297
0.46875 1.06633 0.0663297
0.484375 1.06656 0.0665623
0.484375 1.06656 0.0665623
0.5 1.06664 0.06664
0.5 1.06664 0.06664
0.515625 1.06656 0.0665623
0.515625 1.06656 0.0665623
0.53125 1.06633 0.0663297
0.53125 1.06633 0.0663297
0.546875 1.06594 0.065943
0.546875 1.06594 0.065943
0.5625 1.0654 0.0654038
0.5625 1.0654 0.0654038
0.578125 1.06471 0.0647143
0.578125 1.06471 0.0647143
0.59375 1.06388 0.0638775
0.59375 1.06388 0.0638775
0.609375 1.0629 0.0628971
0.609375 1.0629 0.0628971
0.625 1.06178 0.0617777
0.625 1.06178 0.0617777
0.640625 1.06052 0.060525
0.640625 1.06052 0.060525
0.65625 1.05915 0.0591457
0.65625 1.05915 0.0591457
0.671875 1.05765 0.0576478
0.671875 1.05765 0.0576478
0.6875 1.05604 0.0560405
0.6875 1.05604 0.0560405
0.703125 1.05433 0.0543346
0.703125 1.05433 0.0543346
0.71875 1.05254 0.0525424
0.71875 1.05254 0.0525424
0.734375 1.05068 0.0506778
0.734375 1.05068 0.0506778
0.75 1.04876 0.0487565
0.75 1.04876 0.0487565
0.765625 1.0468 0.0467958
0.765625 1.0468 0.0467958
0.78125 1.04481 0.0448145
0.78125 1.04481 0.0448145
0.796875 1.04283 0.042833
0.796875 1.04283 0.042833
0.8125 1.04087 0.0408729
0.8125 1.04087 0.0408729
0.828125 1.03896 0.0389566
0.828125 1.03896 0.0389566
0.84375 1.03711 0.0371072
0.84375 1.03711 0.0371072
0.859375 1.03535 0.0353479
0.859375 1.03535 0.0353479
0.875 1.0337 0.0337014
0.875 1.0337 0.0337014
0.890625 1.03219 0.0321897
0.890625 1.03219 0.0321897
0.90625 1.03083 0.0308335
0.90625 1.03083 0.0308335
0.921875 1.02965 0.0296516
0.921875 1.02965 0.0296516
0.9375 1.02866 0.0286606
0.9375 1.02866 0.0286606
0.953125 1.02787 0.0278747
0.953125 1.02787 0.0278747
0.96875 1.02731 0.0273051
0.96875 1.02731 0.0273051
0.984375 1.02696 0.02696
0.984375 1.02696 0.02696
1 1.02684 0.0268444
