# x y topography
0 1.02371 0.0237111
0.015625 1.02385 0.023853
0.015625 1.02385 0.023853
0.03125 1.02428 0.0242762
0.03125 1.02428 0.0242762
0.046875 1.02497 0.0249734
0.046875 1.02497 0.0249734
0.0625 1.02593 0.0259327
0.0625 1.02593 0.0259327
0.078125 1.02714 0.0271378
0.078125 1.02714 0.0271378
0.09375 1.02857 0.0285684
0.09375 1.02857 0.0285684
0.109375 1.0302 0.0302008
0.109375 1.0302 0.0302008
0.125 1.03201 0.0320087
0.125 1.03201 0.0320087
0.140625 1.03396 0.0339638
0.140625 1.03396 0.0339638
0.15625 1.03604 0.0360365
0.15625 1.03604 0.0360365
0.171875 1.0382 0.0381972
0.171875 1.0382 0.0381972
0.1875 1.04042 0.0404166
0.1875 1.04042 0.0404166
0.203125 1.04267 0.0426664
0.203125 1.04267 0.0426664
0.21875 1.04492 0.0449203
0.21875 1.04492 0.0449203
0.234375 1.04715 0.0471539
0.234375 1.04715 0.0471539
0.25 1.04935 0.0493452
0.25 1.04935 0.0493452
0.265625 1.05147 0.0514746
0.265625 1.05147 0.0514746
0.28125 1.05352 0.0535249
0.28125 1.05352 0.0535249
0.296875 1.05548 0.0554814
0.296875 1.05548 0.0554814
0.3125 1.05733 0.0573312
0.3125 1.05733 0.0573312
0.328125 1.05906 0.0590635
0.328125 1.05906 0.0590635
0.34375 1.06067 0.0606693
0.34375 1.06067 0.0606693
0.359375 1.06214 0.0621409
0.359375 1.06214 0.0621409
0.375 1.06347 0.0634718
0.375 1.06347 0.0634718
0.390625 1.06466 0.0646569
0.390625 1.06466 0.0646569
0.40625 1.06569 0.0656918
0.40625 1.06569 0.0656918
0.421875 1.06657 0.0665729
0.421875 1.06657 0.0665729
0.4375 1.0673 0.0672974
0.4375 1.0673 0.0672974
0.453125 1.06786 0.0678631
0.453125 1.06786 0.0678631
0.46875 1.06827 0.0682683
0.46875 1.06827 0.0682683
0.484375 1.06851 0.0685119
0.484375 1.06851 0.0685119
0.5 1.06859 0.0685932
0.5 1.06859 0.0685932
0.515625 1.06851 0.0685119
0.515625 1.06851 0.0685119
0.53125 1.06827 0.0682683
0.53125 1.06827 0.0682683
0.546875 1.06786 0.0678631
0.546875 1.06786 0.0678631
0.5625 1.0673 0.0672974
0.5625 1.0673 0.0672974
0.578125 1.06657 0.0665729
0.578125 1.06657 0.0665729
0.59375 1.06569 0.0656918
0.59375 1.06569 0.0656918
0.609375 1.06466 0.0646569
0.609375 1.06466 0.0646569
0.625 1.06347 0.0634718
0.625 1.06347 0.0634718
0.640625 1.06214 0.0621409
0.640625 1.06214 0.0621409
0.65625 1.06067 0.0606693
0.65625 1.06067 0.0606693
0.671875 1.05906 0.0590635
0.671875 1.05906 0.0590635
0.6875 1.05733 0.0573312
0.6875 1.05733 0.0573312
0.703125 1.05548 0.0554814
0.703125 1.05548 0.0554814
0.71875 1.05352 0.0535249
0.71875 1.05352 0.0535249
0.734375 1.05147 0.0514746
0.734375 1.05147 0.0514746
0.75 1.04935 0.0493452
0.75 1.04935 0.0493452
0.765625 1.04715 0.0471539
0.765625 1.04715 0.0471539
0.78125 1.04492 0.0449203
0.78125 1.04492 0.0449203
0.796875 1.04267 0.0426664
0.796875 1.04267 0.0426664
0.8125 1.04042 0.0404166
0.8125 1.04042 0.0404166
0.828125 1.0382 0.0381972
0.828125 1.0382 0.0381972
0.84375 1.03604 0.0360365
0.84375 1.03604 0.0360365
0.859375 1.03396 0.0339638
0.859375 1.03396 0.0339638
0.875 1.03201 0.0320087
0.875 1.03201 0.0320087
0.890625 1.0302 0.0302008
0.890625 1.0302 0.0302008
0.90625 1.02857 0.0285684
0.90625 1.02857 0.0285684
0.921875 1.02714 0.0271378
0.921875 1.02714 0.0271378
0.9375 1.02593 0.0259327
0.9375 1.02593 0.0259327
0.953125 1.02497 0.0249734
0.953125 1.02497 0.0249734
0.96875 1.02428 0.0242762
0.96875 1.02428 0.0242762
0.984375 1.02385 0.023853
0.984375 1.02385 0.023853
1 1.02371 0.0237111
