# x y topography
0 1.02599 0.0259948
0.015625 1.02612 0.0261171
0.015625 1.02612 0.0261171
0.03125 1.02648 0.0264819
0.03125 1.02648 0.0264819
0.046875 1.02708 0.0270839
0.046875 1.02708 0.0270839
0.0625 1.02791 0.0279139
0.0625 1.02791 0.0279139
0.078125 1.02896 0.0289596
0.078125 1.02896 0.0289596
0.09375 1.03021 0.0302055
0.09375 1.03021 0.0302055
0.109375 1.03163 0.0316332
0.109375 1.03163 0.0316332
0.125 1.03322 0.0332221
0.125 1.03322 0.0332221
0.140625 1.03495 0.0349499
0.140625 1.03495 0.0349499
0.15625 1.03679 0.0367926
0.15625 1.03679 0.0367926
0.171875 1.03873 0.0387257
0.171875 1.03873 0.0387257
0.1875 1.04072 0.0407245
0.1875 1.04072 0.0407245
0.203125 1.04276 0.0427646
0.203125 1.04276 0.0427646
0.21875 1.04482 0.0448222
0.21875 1.04482 0.0448222
0.234375 1.04688 0.046875
0.234375 1.04688 0.046875
0.25 1.0489 0.048902
0.25 1.0489 0.048902
0.265625 1.05088 0.050884
0.265625 1.05088 0.050884
0.28125 1.0528 0.0528034
0.28125 1.0528 0.0528034
0.296875 1.05464 0.0546447
0.296875 1.05464 0.0546447
0.3125 1.05639 0.0563942
0.3125 1.05639 0.0563942
0.328125 1.05804 0.0580397
0.328125 1.05804 0.0580397
0.34375 1.05957 0.0595709
0.34375 1.05957 0.0595709
0.359375 1.06098 0.0609789
0.359375 1.06098 0.0609789
0.375 1.06226 0.0622561
0.375 1.06226 0.0622561
0.390625 1.0634 0.0633961
0.390625 1.0634 0.0633961
0.40625 1.06439 0.0643937
0.40625 1.06439 0.0643937
0.421875 1.06524 0.0652446
0.421875 1.06524 0.0652446
0.4375 1.06595 0.0659452
0.4375 1.06595 0.0659452
0.453125 1.06649 0.0664928
0.453125 1.06649 0.0664928
0.46875 1.06689 0.0668853
0.46875 1.06689 0.0668853
0.484375 1.06712 0.0671214
0.484375 1.06712 0.0671214
0.5 1.0672 0.0672002
0.5 1.0672 0.0672002
0.515625 1.06712 0.0671214
0.515625 1.06712 0.0671214
0.53125 1.06689 0.0668853
0.53125 1.06689 0.0668853
0.546875 1.06649 0.0664928
0.546875 1.06649 0.0664928
0.5625 1.06595 0.0659452
0.5625 1.06595 0.0659452
0.578125 1.06524 0.0652446
0.578125 1.06524 0.0652446
0.59375 1.06439 0.0643937
0.59375 1.06439 0.0643937
0.609375 1.0634 0.0633961
0.609375 1.0634 0.0633961
0.625 1.06226 0.0622561
0.625 1.06226 0.0622561
0.640625 1.06098 0.0609789
0.640625 1.06098 0.0609789
0.65625 1.05957 0.0595709
0.65625 1.05957 0.0595709
0.671875 1.05804 0.0580397
0.671875 1.05804 0.0580397
0.6875 1.05639 0.0563942
0.6875 1.05639 0.0563942
0.703125 1.05464 0.0546447
0.703125 1.05464 0.0546447
0.71875 1.0528 0.0528034
0.71875 1.0528 0.0528034
0.734375 1.05088 0.050884
0.734375 1.05088 0.050884
0.75 1.0489 0.048902
0.75 1.0489 0.048902
0.765625 1.04688 0.046875
0.765625 1.04688 0.046875
0.78125 1.04482 0.0448222
0.78125 1.04482 0.0448222
0.796875 1.04276 0.0427646
0.796875 1.04276 0.0427646
0.8125 1.04072 0.0407245
0.8125 1.04072 0.0407245
0.828125 1.03873 0.0387257
0.828125 1.03873 0.0387257
0.84375 1.03679 0.0367926
0.84375 1.03679 0.0367926
0.859375 1.03495 0.0349499
0.859375 1.03495 0.0349499
0.875 1.03322 0.0332221
0.875 1.03322 0.0332221
0.890625 1.03163 0.0316332
0.890625 1.03163 0.0316332
0.90625 1.03021 0.0302055
0.90625 1.03021 0.0302055
0.921875 1.02896 0.0289596
0.921875 1.02896 0.0289596
0.9375 1.02791 0.0279139
0.9375 1.02791 0.0279139
0.953125 1.02708 0.0270839
0.953125 1.02708 0.0270839
0.96875 1.02648 0.0264819
0.96875 1.02648 0.0264819
0.984375 1.02612 0.0261171
0.984375 1.02612 0.0261171
1 1.02599 0.0259948
