# x y topography
0 1.02993 0.0299261
0.015625 1.03002 0.0300199
0.015625 1.03002 0.0300199
0.03125 1.0303 0.0303
0.03125 1.0303 0.0303
0.046875 1.03076 0.0307631
0.046875 1.03076 0.0307631
0.0625 1.0314 0.0314032
0.0625 1.0314 0.0314032
0.078125 1.03221 0.0322123
0.078125 1.03221 0.0322123
0.09375 1.03318 0.0331804
0.09375 1.03318 0.0331804
0.109375 1.0343 0.0342954
0.109375 1.0343 0.0342954
0.125 1.03554 0.0355436
0.125 1.03554 0.0355436
0.140625 1.03691 0.0369099
0.140625 1.03691 0.0369099
0.15625 1.03838 0.0383779
0.15625 1.03838 0.0383779
0.171875 1.03993 0.0399301
0.171875 1.03993 0.0399301
0.1875 1.04155 0.0415487
0.1875 1.04155 0.0415487
0.203125 1.04322 0.0432154
0.203125 1.04322 0.0432154
0.21875 1.04491 0.044912
0.21875 1.04491 0.044912
0.234375 1.04662 0.0466203
0.234375 1.04662 0.0466203
0.25 1.04832 0.0483228
0.25 1.04832 0.0483228
0.265625 1.05 0.0500028
0.265625 1.05 0.0500028
0.28125 1.05164 0.0516445
0.28125 1.05164 0.0516445
0.296875 1.05323 0.0532329
0.296875 1.05323 0.0532329
0.3125 1.05475 0.0547544
0.3125 1.05475 0.0547544
0.328125 1.0562 0.0561965
0.328125 1.0562 0.0561965
0.34375 1.05755 0.057548
0.34375 1.05755 0.057548
0.359375 1.0588 0.0587988
0.359375 1.0588 0.0587988
0.375 1.05994 0.0599401
0.375 1.05994 0.0599401
0.390625 1.06096 0.060964
0.390625 1.06096 0.060964
0.40625 1.06186 0.0618642
0.40625 1.06186 0.0618642
0.421875 1.06263 0.0626348
0.421875 1.06263 0.0626348
0.4375 1.06327 0.0632714
0.4375 1.06327 0.0632714
0.453125 1.06377 0.0637703
0.453125 1.06377 0.0637703
0.46875 1.06413 0.0641286
0.46875 1.06413 0.0641286
0.484375 1.06434 0.0643443
0.484375 1.06434 0.0643443
0.5 1.06442 0.0644164
0.5 1.06442 0.0644164
0.515625 1.06434 0.0643443
0.515625 1.06434 0.0643443
0.53125 1.06413 0.0641286
0.53125 1.06413 0.0641286
0.546875 1.06377 0.0637703
0.546875 1.06377 0.0637703
0.5625 1.06327 0.0632714
0.5625 1.06327 0.0632714
0.578125 1.06263 0.0626348
0.578125 1.06263 0.0626348
0.59375 1.06186 0.0618642
0.59375 1.06186 0.0618642
0.609375 1.06096 0.060964
0.609375 1.06096 0.060964
0.625 1.05994 0.0599401
0.625 1.05994 0.0599401
0.640625 1.0588 0.0587988
0.640625 1.0588 0.0587988
0.65625 1.05755 0.057548
0.65625 1.05755 0.057548
0.671875 1.0562 0.0561965
0.671875 1.0562 0.0561965
0.6875 1.05475 0.0547544
0.6875 1.05475 0.0547544
0.703125 1.05323 0.0532329
0.703125 1.05323 0.0532329
0.71875 1.05164 0.0516445
0.71875 1.05164 0.0516445
0.734375 1.05 0.0500028
0.734375 1.05 0.0500028
0.75 1.04832 0.0483228
0.75 1.04832 0.0483228
0.765625 1.04662 0.0466203
0.765625 1.04662 0.0466203
0.78125 1.04491 0.044912
0.78125 1.04491 0.044912
0.796875 1.04322 0.0432154
0.796875 1.04322 0.0432154
0.8125 1.04155 0.0415487
0.8125 1.04155 0.0415487
0.828125 1.03993 0.0399301
0.828125 1.03993 0.0399301
0.84375 1.03838 0.0383779
0.84375 1.03838 0.0383779
0.859375 1.03691 0.0369099
0.859375 1.03691 0.0369099
0.875 1.03554 0.0355436
0.875 1.03554 0.0355436
0.890625 1.0343 0.0342954
0.890625 1.0343 0.0342954
0.90625 1.03318 0.0331804
0.90625 1.03318 0.0331804
0.921875 1.03221 0.0322123
0.921875 1.03221 0.0322123
0.9375 1.0314 0.0314032
0.9375 1.0314 0.0314032
0.953125 1.03076 0.0307631
0.953125 1.03076 0.0307631
0.96875 1.0303 0.0303
0.96875 1.0303 0.0303
0.984375 1.03002 0.0300199
0.984375 1.03002 0.0300199
1 1.02993 0.0299261
