# x y topography
0 1.02386 0.0238553
0.015625 1.024 0.0239958
0.015625 1.024 0.0239958
0.03125 1.02442 0.0244151
0.03125 1.02442 0.0244151
0.046875 1.02511 0.0251059
0.046875 1.02511 0.0251059
0.0625 1.02606 0.0260565
0.0625 1.02606 0.0260565
0.078125 1.02725 0.027251
0.078125 1.02725 0.027251
0.09375 1.02867 0.0286693
0.09375 1.02867 0.0286693
0.109375 1.03029 0.0302882
0.109375 1.03029 0.0302882
0.125 1.03208 0.0320817
0.125 1.03208 0.0320817
0.140625 1.03402 0.0340221
0.140625 1.03402 0.0340221
0.15625 1.03608 0.0360801
0.15625 1.03608 0.0360801
0.171875 1.03823 0.0382264
0.171875 1.03823 0.0382264
0.1875 1.04043 0.0404319
0.1875 1.04043 0.0404319
0.203125 1.04267 0.0426688
0.203125 1.04267 0.0426688
0.21875 1.04491 0.0449108
0.21875 1.04491 0.0449108
0.234375 1.04713 0.0471335
0.234375 1.04713 0.0471335
0.25 1.04932 0.0493151
0.25 1.04932 0.0493151
0.265625 1.05144 0.051436
0.265625 1.05144 0.051436
0.28125 1.05348 0.0534788
0.28125 1.05348 0.0534788
0.296875 1.05543 0.0554287
0.296875 1.05543 0.0554287
0.3125 1.05727 0.0572729
0.3125 1.05727 0.0572729
0.328125 1.059 0.0590005
0.328125 1.059 0.0590005
0.34375 1.0606 0.0606022
0.34375 1.0606 0.0606022
0.359375 1.06207 0.0620702
0.359375 1.06207 0.0620702
0.375 1.0634 0.0633983
0.375 1.0634 0.0633983
0.390625 1.06458 0.0645809
0.390625 1.06458 0.0645809
0.40625 1.06561 0.0656138
0.40625 1.06561 0.0656138
0.421875 1.06649 0.0664933
0.421875 1.06649 0.0664933
0.4375 1.06722 0.0672165
0.4375 1.06722 0.0672165
0.453125 1.06778 0.0677812
0.453125 1.06778 0.0677812
0.46875 1.06819 0.0681857
0.46875 1.06819 0.0681857
0.484375 1.06843 0.0684289
0.484375 1.06843 0.0684289
0.5 1.06851 0.0685101
0.5 1.06851 0.0685101
0.515625 1.06843 0.0684289
0.515625 1.06843 0.0684289
0.53125 1.06819 0.0681857
0.53125 1.06819 0.0681857
0.546875 1.06778 0.0677812
0.546875 1.06778 0.0677812
0.5625 1.06722 0.0672165
0.5625 1.06722 0.0672165
0.578125 1.06649 0.0664933
0.578125 1.06649 0.0664933
0.59375 1.06561 0.0656138
0.59375 1.06561 0.0656138
0.609375 1.06458 0.0645809
0.609375 1.06458 0.0645809
0.625 1.0634 0.0633983
0.625 1.0634 0.0633983
0.640625 1.06207 0.0620702
0.640625 1.06207 0.0620702
0.65625 1.0606 0.0606022
0.65625 1.0606 0.0606022
0.671875 1.059 0.0590005
0.671875 1.059 0.0590005
0.6875 1.05727 0.0572729
0.6875 1.05727 0.0572729
0.703125 1.05543 0.0554287
0.703125 1.05543 0.0554287
0.71875 1.05348 0.0534788
0.71875 1.05348 0.0534788
0.734375 1.05144 0.051436
0.734375 1.05144 0.051436
0.75 1.04932 0.0493151
0.75 1.04932 0.0493151
0.765625 1.04713 0.0471335
0.765625 1.04713 0.0471335
0.78125 1.04491 0.0449108
0.78125 1.04491 0.0449108
0.796875 1.04267 0.0426688
0.796875 1.04267 0.0426688
0.8125 1.04043 0.0404319
0.8125 1.04043 0.0404319
0.828125 1.03823 0.0382264
0.828125 1.03823 0.0382264
0.84375 1.03608 0.0360801
0.84375 1.03608 0.0360801
0.859375 1.03402 0.0340221
0.859375 1.03402 0.0340221
0.875 1.03208 0.0320817
0.875 1.03208 0.0320817
0.890625 1.03029 0.0302882
0.890625 1.03029 0.0302882
0.90625 1.02867 0.0286693
0.90625 1.02867 0.0286693
0.921875 1.02725 0.027251
0.921875 1.02725 0.027251
0.9375 1.02606 0.0260565
0.9375 1.02606 0.0260565
0.953125 1.02511 0.0251059
0.953125 1.02511 0.0251059
0.96875 1.02442 0.0244151
0.96875 1.02442 0.0244151
0.984375 1.024 0.0239958
0.984375 1.024 0.0239958
1 1.02386 0.0238553
