# x y topography
0 1.03485 0.0348491
0.015625 1.03491 0.0349135
0.015625 1.03491 0.0349135
0.03125 1.03511 0.0351058
0.03125 1.03511 0.0351058
0.046875 1.03542 0.035424
0.046875 1.03542 0.035424
0.0625 1.03586 0.0358647
0.0625 1.03586 0.0358647
0.078125 1.03642 0.0364232
0.078125 1.03642 0.0364232
0.09375 1.03709 0.0370934
0.09375 1.03709 0.0370934
0.109375 1.03787 0.0378683
0.109375 1.03787 0.0378683
0.125 1.03874 0.0387395
0.125 1.03874 0.0387395
0.140625 1.0397 0.0396978
0.140625 1.0397 0.0396978
0.15625 1.04073 0.0407331
0.15625 1.04073 0.0407331
0.171875 1.04183 0.0418345
0.171875 1.04183 0.0418345
0.1875 1.04299 0.0429905
0.1875 1.04299 0.0429905
0.203125 1.04419 0.0441892
0.203125 1.04419 0.0441892
0.21875 1.04542 0.0454183
0.21875 1.04542 0.0454183
0.234375 1.04667 0.0466654
0.234375 1.04667 0.0466654
0.25 1.04792 0.0479181
0.25 1.04792 0.0479181
0.265625 1.04916 0.049164
0.265625 1.04916 0.049164
0.28125 1.05039 0.0503912
0.28125 1.05039 0.0503912
0.296875 1.05159 0.051588
0.296875 1.05159 0.051588
0.3125 1.05274 0.0527432
0.3125 1.05274 0.0527432
0.328125 1.05385 0.0538464
0.328125 1.05385 0.0538464
0.34375 1.05489 0.0548876
0.34375 1.05489 0.0548876
0.359375 1.05586 0.0558578
0.359375 1.05586 0.0558578
0.375 1.05675 0.0567484
0.375 1.05675 0.0567484
0.390625 1.05755 0.0575522
0.390625 1.05755 0.0575522
0.40625 1.05826 0.0582622
0.40625 1.05826 0.0582622
0.421875 1.05887 0.0588729
0.421875 1.05887 0.0588729
0.4375 1.05938 0.0593792
0.4375 1.05938 0.0593792
0.453125 1.05978 0.0597772
0.453125 1.05978 0.0597772
0.46875 1.06006 0.0600637
0.46875 1.06006 0.0600637
0.484375 1.06024 0.0602365
0.484375 1.06024 0.0602365
0.5 1.06029 0.0602942
0.5 1.06029 0.0602942
0.515625 1.06024 0.0602365
0.515625 1.06024 0.0602365
0.53125 1.06006 0.0600637
0.53125 1.06006 0.0600637
0.546875 1.05978 0.0597772
0.546875 1.05978 0.0597772
0.5625 1.05938 0.0593792
0.5625 1.05938 0.0593792
0.578125 1.05887 0.0588729
0.578125 1.05887 0.0588729
0.59375 1.05826 0.0582622
0.59375 1.05826 0.0582622
0.609375 1.05755 0.0575522
0.609375 1.05755 0.0575522
0.625 1.05675 0.0567484
0.625 1.05675 0.0567484
0.640625 1.05586 0.0558578
0.640625 1.05586 0.0558578
0.65625 1.05489 0.0548876
0.65625 1.05489 0.0548876
0.671875 1.05385 0.0538464
0.671875 1.05385 0.0538464
0.6875 1.05274 0.0527432
0.6875 1.05274 0.0527432
0.703125 1.05159 0.051588
0.703125 1.05159 0.051588
0.71875 1.05039 0.0503912
0.71875 1.05039 0.0503912
0.734375 1.04916 0.049164
0.734375 1.04916 0.049164
0.75 1.04792 0.0479181
0.75 1.04792 0.0479181
0.765625 1.04667 0.0466654
0.765625 1.04667 0.0466654
0.78125 1.04542 0.0454183
0.78125 1.04542 0.0454183
0.796875 1.04419 0.0441892
0.796875 1.04419 0.0441892
0.8125 1.04299 0.0429905
0.8125 1.04299 0.0429905
0.828125 1.04183 0.0418345
0.828125 1.04183 0.0418345
0.84375 1.04073 0.0407331
0.84375 1.04073 0.0407331
0.859375 1.0397 0.0396978
0.859375 1.0397 0.0396978
0.875 1.03874 0.0387395
0.875 1.03874 0.0387395
0.890625 1.03787 0.0378683
0.890625 1.03787 0.0378683
0.90625 1.03709 0.0370934
0.90625 1.03709 0.0370934
0.921875 1.03642 0.0364232
0.921875 1.03642 0.0364232
0.9375 1.03586 0.0358647
0.9375 1.03586 0.0358647
0.953125 1.03542 0.035424
0.953125 1.03542 0.035424
0.96875 1.03511 0.0351058
0.96875 1.03511 0.0351058
0.984375 1.03491 0.0349135
0.984375 1.03491 0.0349135
1 1.03485 0.0348491
