# x y topography
0 1.01221 0.0122051
0.015625 1.01254 0.0125359
0.015625 1.01254 0.0125359
0.03125 1.01351 0.01351
0.03125 1.01351 0.01351
0.046875 1.01507 0.0150743
0.046875 1.01507 0.0150743
0.0625 1.01715 0.0171466
0.0625 1.01715 0.0171466
0.078125 1.01963 0.0196262
0.078125 1.01963 0.0196262
0.09375 1.02241 0.022406
0.09375 1.02241 0.022406
0.109375 1.02538 0.0253848
0.109375 1.02538 0.0253848
0.125 1.02848 0.0284759
0.125 1.02848 0.0284759
0.140625 1.03161 0.031611
0.140625 1.03161 0.031611
0.15625 1.03474 0.0347391
0.15625 1.03474 0.0347391
0.171875 1.03782 0.0378243
0.171875 1.03782 0.0378243
0.1875 1.04084 0.040841
0.1875 1.04084 0.040841
0.203125 1.04377 0.0437714
0.203125 1.04377 0.0437714
0.21875 1.0466 0.0466025
0.21875 1.0466 0.0466025
0.234375 1.04932 0.0493241
0.234375 1.04932 0.0493241
0.25 1.05193 0.0519281
0.25 1.05193 0.0519281
0.265625 1.05441 0.0544072
0.265625 1.05441 0.0544072
0.28125 1.05676 0.0567552
0.28125 1.05676 0.0567552
0.296875 1.05897 0.0589663
0.296875 1.05897 0.0589663
0.3125 1.06104 0.0610351
0.3125 1.06104 0.0610351
0.328125 1.06296 0.0629567
0.328125 1.06296 0.0629567
0.34375 1.06473 0.0647267
0.34375 1.06473 0.0647267
0.359375 1.06634 0.0663407
0.359375 1.06634 0.0663407
0.375 1.0678 0.0677952
0.375 1.0678 0.0677952
0.390625 1.06909 0.0690865
0.390625 1.06909 0.0690865
0.40625 1.07021 0.0702118
0.40625 1.07021 0.0702118
0.421875 1.07117 0.0711684
0.421875 1.07117 0.0711684
0.4375 1.07195 0.0719541
0.4375 1.07195 0.0719541
0.453125 1.07257 0.0725671
0.453125 1.07257 0.0725671
0.46875 1.07301 0.073006
0.46875 1.07301 0.073006
0.484375 1.07327 0.0732698
0.484375 1.07327 0.0732698
0.5 1.07336 0.0733577
0.5 1.07336 0.0733577
0.515625 1.07327 0.0732698
0.515625 1.07327 0.0732698
0.53125 1.07301 0.073006
0.53125 1.07301 0.073006
0.546875 1.07257 0.0725671
0.546875 1.07257 0.0725671
0.5625 1.07195 0.0719541
0.5625 1.07195 0.0719541
0.578125 1.07117 0.0711684
0.578125 1.07117 0.0711684
0.59375 1.07021 0.0702118
0.59375 1.07021 0.0702118
0.609375 1.06909 0.0690865
0.609375 1.06909 0.0690865
0.625 1.0678 0.0677952
0.625 1.0678 0.0677952
0.640625 1.06634 0.0663407
0.640625 1.06634 0.0663407
0.65625 1.06473 0.0647267
0.65625 1.06473 0.0647267
0.671875 1.06296 0.0629567
0.671875 1.06296 0.0629567
0.6875 1.06104 0.0610351
0.6875 1.06104 0.0610351
0.703125 1.05897 0.0589663
0.703125 1.05897 0.0589663
0.71875 1.05676 0.0567552
0.71875 1.05676 0.0567552
0.734375 1.05441 0.0544072
0.734375 1.05441 0.0544072
0.75 1.05193 0.0519281
0.75 1.05193 0.0519281
0.765625 1.04932 0.0493241
0.765625 1.04932 0.0493241
0.78125 1.0466 0.0466025
0.78125 1.0466 0.0466025
0.796875 1.04377 0.0437714
0.796875 1.04377 0.0437714
0.8125 1.04084 0.040841
0.8125 1.04084 0.040841
0.828125 1.03782 0.0378243
0.828125 1.03782 0.0378243
0.84375 1.03474 0.0347391
0.84375 1.03474 0.0347391
0.859375 1.03161 0.031611
0.859375 1.03161 0.031611
0.875 1.02848 0.0284759
0.875 1.02848 0.0284759
0.890625 1.02538 0.0253848
0.890625 1.02538 0.0253848
0.90625 1.02241 0.022406
0.90625 1.02241 0.022406
0.921875 1.01963 0.0196262
0.921875 1.01963 0.0196262
0.9375 1.01715 0.0171466
0.9375 1.01715 0.0171466
0.953125 1.01507 0.0150743
0.953125 1.01507 0.0150743
0.96875 1.01351 0.01351
0.96875 1.01351 0.01351
0.984375 1.01254 0.0125359
0.984375 1.01254 0.0125359
1 1.01221 0.0122051
