# x y topography
0 1.03222 0.0322185
0.015625 1.0323 0.0322979
0.015625 1.0323 0.0322979
0.03125 1.03254 0.0325352
0.03125 1.03254 0.0325352
0.046875 1.03293 0.0329277
0.046875 1.03293 0.0329277
0.0625 1.03347 0.0334708
0.0625 1.03347 0.0334708
0.078125 1.03416 0.0341583
0.078125 1.03416 0.0341583
0.09375 1.03498 0.0349822
0.09375 1.03498 0.0349822
0.109375 1.03593 0.0359331
0.109375 1.03593 0.0359331
0.125 1.037 0.0370001
0.125 1.037 0.0370001
0.140625 1.03817 0.0381712
0.140625 1.03817 0.0381712
0.15625 1.03943 0.0394331
0.15625 1.03943 0.0394331
0.171875 1.04077 0.0407719
0.171875 1.04077 0.0407719
0.1875 1.04217 0.0421729
0.1875 1.04217 0.0421729
0.203125 1.04362 0.0436209
0.203125 1.04362 0.0436209
0.21875 1.0451 0.0451006
0.21875 1.0451 0.0451006
0.234375 1.0466 0.0465966
0.234375 1.0466 0.0465966
0.25 1.04809 0.0480939
0.25 1.04809 0.0480939
0.265625 1.04958 0.0495776
0.265625 1.04958 0.0495776
0.28125 1.05103 0.0510335
0.28125 1.05103 0.0510335
0.296875 1.05245 0.052448
0.296875 1.05245 0.052448
0.3125 1.05381 0.0538084
0.3125 1.05381 0.0538084
0.328125 1.0551 0.0551028
0.328125 1.0551 0.0551028
0.34375 1.05632 0.0563204
0.34375 1.05632 0.0563204
0.359375 1.05745 0.0574512
0.359375 1.05745 0.0574512
0.375 1.05849 0.0584862
0.375 1.05849 0.0584862
0.390625 1.05942 0.0594175
0.390625 1.05942 0.0594175
0.40625 1.06024 0.0602383
0.40625 1.06024 0.0602383
0.421875 1.06094 0.0609427
0.421875 1.06094 0.0609427
0.4375 1.06153 0.0615256
0.4375 1.06153 0.0615256
0.453125 1.06198 0.0619831
0.453125 1.06198 0.0619831
0.46875 1.06231 0.062312
0.46875 1.06231 0.062312
0.484375 1.06251 0.0625103
0.484375 1.06251 0.0625103
0.5 1.06258 0.0625765
0.5 1.06258 0.0625765
0.515625 1.06251 0.0625103
0.515625 1.06251 0.0625103
0.53125 1.06231 0.062312
0.53125 1.06231 0.062312
0.546875 1.06198 0.0619831
0.546875 1.06198 0.0619831
0.5625 1.06153 0.0615256
0.5625 1.06153 0.0615256
0.578125 1.06094 0.0609427
0.578125 1.06094 0.0609427
0.59375 1.06024 0.0602383
0.59375 1.06024 0.0602383
0.609375 1.05942 0.0594175
0.609375 1.05942 0.0594175
0.625 1.05849 0.0584862
0.625 1.05849 0.0584862
0.640625 1.05745 0.0574512
0.640625 1.05745 0.0574512
0.65625 1.05632 0.0563204
0.65625 1.05632 0.0563204
0.671875 1.0551 0.0551028
0.671875 1.0551 0.0551028
0.6875 1.05381 0.0538084
0.6875 1.05381 0.0538084
0.703125 1.05245 0.052448
0.703125 1.05245 0.052448
0.71875 1.05103 0.0510335
0.71875 1.05103 0.0510335
0.734375 1.04958 0.0495776
0.734375 1.04958 0.0495776
0.75 1.04809 0.0480939
0.75 1.04809 0.0480939
0.765625 1.0466 0.0465966
0.765625 1.0466 0.0465966
0.78125 1.0451 0.0451006
0.78125 1.0451 0.0451006
0.796875 1.04362 0.0436209
0.796875 1.04362 0.0436209
0.8125 1.04217 0.0421729
0.8125 1.04217 0.0421729
0.828125 1.04077 0.0407719
0.828125 1.04077 0.0407719
0.84375 1.03943 0.0394331
0.84375 1.03943 0.0394331
0.859375 1.03817 0.0381712
0.859375 1.03817 0.0381712
0.875 1.037 0.0370001
0.875 1.037 0.0370001
0.890625 1.03593 0.0359331
0.890625 1.03593 0.0359331
0.90625 1.03498 0.0349822
0.90625 1.03498 0.0349822
0.921875 1.03416 0.0341583
0.921875 1.03416 0.0341583
0.9375 1.03347 0.0334708
0.9375 1.03347 0.0334708
0.953125 1.03293 0.0329277
0.953125 1.03293 0.0329277
0.96875 1.03254 0.0325352
0.96875 1.03254 0.0325352
0.984375 1.0323 0.0322979
0.984375 1.0323 0.0322979
1 1.03222 0.0322185
