# x y topography
0 1.01818 0.0181824
0.015625 1.01839 0.018388
0.015625 1.01839 0.018388
0.03125 1.019 0.0189993
0.03125 1.019 0.0189993
0.046875 1.02 0.0200002
0.046875 1.02 0.0200002
0.0625 1.02136 0.0213645
0.0625 1.02136 0.0213645
0.078125 1.02306 0.0230575
0.078125 1.02306 0.0230575
0.09375 1.02504 0.025037
0.09375 1.02504 0.025037
0.109375 1.02726 0.0272562
0.109375 1.02726 0.0272562
0.125 1.02967 0.0296657
0.125 1.02967 0.0296657
0.140625 1.03222 0.0322161
0.140625 1.03222 0.0322161
0.15625 1.03486 0.0348602
0.15625 1.03486 0.0348602
0.171875 1.03755 0.0375547
0.171875 1.03755 0.0375547
0.1875 1.04026 0.0402612
0.1875 1.04026 0.0402612
0.203125 1.04295 0.042947
0.203125 1.04295 0.042947
0.21875 1.04558 0.0455845
0.21875 1.04558 0.0455845
0.234375 1.04815 0.0481511
0.234375 1.04815 0.0481511
0.25 1.05063 0.0506285
0.25 1.05063 0.0506285
0.265625 1.053 0.053002
0.265625 1.053 0.053002
0.28125 1.05526 0.0552596
0.28125 1.05526 0.0552596
0.296875 1.05739 0.0573916
0.296875 1.05739 0.0573916
0.3125 1.05939 0.0593903
0.3125 1.05939 0.0593903
0.328125 1.06125 0.061249
0.328125 1.06125 0.061249
0.34375 1.06296 0.0629621
0.34375 1.06296 0.0629621
0.359375 1.06452 0.064525
0.359375 1.06452 0.064525
0.375 1.06593 0.0659335
0.375 1.06593 0.0659335
0.390625 1.06718 0.0671841
0.390625 1.06718 0.0671841
0.40625 1.06827 0.0682739
0.40625 1.06827 0.0682739
0.421875 1.0692 0.0692003
0.421875 1.0692 0.0692003
0.4375 1.06996 0.0699611
0.4375 1.06996 0.0699611
0.453125 1.07055 0.0705547
0.453125 1.07055 0.0705547
0.46875 1.07098 0.0709796
0.46875 1.07098 0.0709796
0.484375 1.07123 0.0712349
0.484375 1.07123 0.0712349
0.5 1.07132 0.0713201
0.5 1.07132 0.0713201
0.515625 1.07123 0.0712349
0.515625 1.07123 0.0712349
0.53125 1.07098 0.0709796
0.53125 1.07098 0.0709796
0.546875 1.07055 0.0705547
0.546875 1.07055 0.0705547
0.5625 1.06996 0.0699611
0.5625 1.06996 0.0699611
0.578125 1.0692 0.0692003
0.578125 1.0692 0.0692003
0.59375 1.06827 0.0682739
0.59375 1.06827 0.0682739
0.609375 1.06718 0.0671841
0.609375 1.06718 0.0671841
0.625 1.06593 0.0659335
0.625 1.06593 0.0659335
0.640625 1.06452 0.064525
0.640625 1.06452 0.064525
0.65625 1.06296 0.0629621
0.65625 1.06296 0.0629621
0.671875 1.06125 0.061249
0.671875 1.06125 0.061249
0.6875 1.05939 0.0593903
0.6875 1.05939 0.0593903
0.703125 1.05739 0.0573916
0.703125 1.05739 0.0573916
0.71875 1.05526 0.0552596
0.71875 1.05526 0.0552596
0.734375 1.053 0.053002
0.734375 1.053 0.053002
0.75 1.05063 0.0506285
0.75 1.05063 0.0506285
0.765625 1.04815 0.0481511
0.765625 1.04815 0.0481511
0.78125 1.04558 0.0455845
0.78125 1.04558 0.0455845
0.796875 1.04295 0.042947
0.796875 1.04295 0.042947
0.8125 1.04026 0.0402612
0.8125 1.04026 0.0402612
0.828125 1.03755 0.0375547
0.828125 1.03755 0.0375547
0.84375 1.03486 0.0348602
0.84375 1.03486 0.0348602
0.859375 1.03222 0.0322161
0.859375 1.03222 0.0322161
0.875 1.02967 0.0296657
0.875 1.02967 0.0296657
0.890625 1.02726 0.0272562
0.890625 1.02726 0.0272562
0.90625 1.02504 0.025037
0.90625 1.02504 0.025037
0.921875 1.02306 0.0230575
0.921875 1.02306 0.0230575
0.9375 1.02136 0.0213645
0.9375 1.02136 0.0213645
0.953125 1.02 0.0200002
0.953125 1.02 0.0200002
0.96875 1.019 0.0189993
0.96875 1.019 0.0189993
0.984375 1.01839 0.018388
0.984375 1.01839 0.018388
1 1.01818 0.0181824
