# x y topography
0 1.03504 0.0350447
0.015625 1.03511 0.035108
0.015625 1.03511 0.035108
0.03125 1.0353 0.0352971
0.03125 1.0353 0.0352971
0.046875 1.03561 0.03561
0.046875 1.03561 0.03561
0.0625 1.03604 0.0360434
0.0625 1.03604 0.0360434
0.078125 1.03659 0.0365926
0.078125 1.03659 0.0365926
0.09375 1.03725 0.0372519
0.09375 1.03725 0.0372519
0.109375 1.03801 0.0380141
0.109375 1.03801 0.0380141
0.125 1.03887 0.0388712
0.125 1.03887 0.0388712
0.140625 1.03981 0.0398141
0.140625 1.03981 0.0398141
0.15625 1.04083 0.0408329
0.15625 1.04083 0.0408329
0.171875 1.04192 0.0419169
0.171875 1.04192 0.0419169
0.1875 1.04305 0.0430549
0.1875 1.04305 0.0430549
0.203125 1.04424 0.0442352
0.203125 1.04424 0.0442352
0.21875 1.04545 0.0454456
0.21875 1.04545 0.0454456
0.234375 1.04667 0.046674
0.234375 1.04667 0.046674
0.25 1.04791 0.0479082
0.25 1.04791 0.0479082
0.265625 1.04914 0.0491361
0.265625 1.04914 0.0491361
0.28125 1.05035 0.0503457
0.28125 1.05035 0.0503457
0.296875 1.05153 0.0515257
0.296875 1.05153 0.0515257
0.3125 1.05266 0.052665
0.3125 1.05266 0.052665
0.328125 1.05375 0.0537531
0.328125 1.05375 0.0537531
0.34375 1.05478 0.0547804
0.34375 1.05478 0.0547804
0.359375 1.05574 0.0557377
0.359375 1.05574 0.0557377
0.375 1.05662 0.0566168
0.375 1.05662 0.0566168
0.390625 1.05741 0.0574102
0.390625 1.05741 0.0574102
0.40625 1.05811 0.0581113
0.40625 1.05811 0.0581113
0.421875 1.05871 0.0587143
0.421875 1.05871 0.0587143
0.4375 1.05921 0.0592144
0.4375 1.05921 0.0592144
0.453125 1.05961 0.0596074
0.453125 1.05961 0.0596074
0.46875 1.05989 0.0598904
0.46875 1.05989 0.0598904
0.484375 1.06006 0.0600611
0.484375 1.06006 0.0600611
0.5 1.06012 0.0601182
0.5 1.06012 0.0601182
0.515625 1.06006 0.0600611
0.515625 1.06006 0.0600611
0.53125 1.05989 0.0598904
0.53125 1.05989 0.0598904
0.546875 1.05961 0.0596074
0.546875 1.05961 0.0596074
0.5625 1.05921 0.0592144
0.5625 1.05921 0.0592144
0.578125 1.05871 0.0587143
0.578125 1.05871 0.0587143
0.59375 1.05811 0.0581113
0.59375 1.05811 0.0581113
0.609375 1.05741 0.0574102
0.609375 1.05741 0.0574102
0.625 1.05662 0.0566168
0.625 1.05662 0.0566168
0.640625 1.05574 0.0557377
0.640625 1.05574 0.0557377
0.65625 1.05478 0.0547804
0.65625 1.05478 0.0547804
0.671875 1.05375 0.0537531
0.671875 1.05375 0.0537531
0.6875 1.05266 0.052665
0.6875 1.05266 0.052665
0.703125 1.05153 0.0515257
0.703125 1.05153 0.0515257
0.71875 1.05035 0.0503457
0.71875 1.05035 0.0503457
0.734375 1.04914 0.0491361
0.734375 1.04914 0.0491361
0.75 1.04791 0.0479082
0.75 1.04791 0.0479082
0.765625 1.04667 0.046674
0.765625 1.04667 0.046674
0.78125 1.04545 0.0454456
0.78125 1.04545 0.0454456
0.796875 1.04424 0.0442352
0.796875 1.04424 0.0442352
0.8125 1.04305 0.0430549
0.8125 1.04305 0.0430549
0.828125 1.04192 0.0419169
0.828125 1.04192 0.0419169
0.84375 1.04083 0.0408329
0.84375 1.04083 0.0408329
0.859375 1.03981 0.0398141
0.859375 1.03981 0.0398141
0.875 1.03887 0.0388712
0.875 1.03887 0.0388712
0.890625 1.03801 0.0380141
0.890625 1.03801 0.0380141
0.90625 1.03725 0.0372519
0.90625 1.03725 0.0372519
0.921875 1.03659 0.0365926
0.921875 1.03659 0.0365926
0.9375 1.03604 0.0360434
0.9375 1.03604 0.0360434
0.953125 1.03561 0.03561
0.953125 1.03561 0.03561
0.96875 1.0353 0.0352971
0.96875 1.0353 0.0352971
0.984375 1.03511 0.035108
0.984375 1.03511 0.035108
1 1.03504 0.0350447
