# x y topography
0 1.02456 0.0245564
0.015625 1.02469 0.0246907
0.015625 1.02469 0.0246907
0.03125 1.02509 0.0250913
0.03125 1.02509 0.0250913
0.046875 1.02575 0.0257518
0.046875 1.02575 0.0257518
0.0625 1.02666 0.0266613
0.0625 1.02666 0.0266613
0.078125 1.02781 0.0278051
0.078125 1.02781 0.0278051
0.09375 1.02916 0.0291649
0.09375 1.02916 0.0291649
0.109375 1.03072 0.0307193
0.109375 1.03072 0.0307193
0.125 1.03244 0.0324442
0.125 1.03244 0.0324442
0.140625 1.03431 0.0343136
0.140625 1.03431 0.0343136
0.15625 1.0363 0.0363002
0.15625 1.0363 0.0363002
0.171875 1.03838 0.0383764
0.171875 1.03838 0.0383764
0.1875 1.04051 0.0405146
0.1875 1.04051 0.0405146
0.203125 1.04269 0.0426879
0.203125 1.04269 0.0426879
0.21875 1.04487 0.0448708
0.21875 1.04487 0.0448708
0.234375 1.04704 0.0470397
0.234375 1.04704 0.0470397
0.25 1.04917 0.0491728
0.25 1.04917 0.0491728
0.265625 1.05125 0.0512505
0.265625 1.05125 0.0512505
0.28125 1.05326 0.0532553
0.28125 1.05326 0.0532553
0.296875 1.05517 0.0551721
0.296875 1.05517 0.0551721
0.3125 1.05699 0.0569876
0.3125 1.05699 0.0569876
0.328125 1.05869 0.0586905
0.328125 1.05869 0.0586905
0.34375 1.06027 0.0602711
0.34375 1.06027 0.0602711
0.359375 1.06172 0.0617213
0.359375 1.06172 0.0617213
0.375 1.06303 0.0630343
0.375 1.06303 0.0630343
0.390625 1.0642 0.0642044
0.390625 1.0642 0.0642044
0.40625 1.06523 0.0652268
0.40625 1.06523 0.0652268
0.421875 1.0661 0.0660979
0.421875 1.0661 0.0660979
0.4375 1.06681 0.0668144
0.4375 1.06681 0.0668144
0.453125 1.06737 0.0673741
0.453125 1.06737 0.0673741
0.46875 1.06778 0.0677751
0.46875 1.06778 0.0677751
0.484375 1.06802 0.0680162
0.484375 1.06802 0.0680162
0.5 1.0681 0.0680966
0.5 1.0681 0.0680966
0.515625 1.06802 0.0680162
0.515625 1.06802 0.0680162
0.53125 1.06778 0.0677751
0.53125 1.06778 0.0677751
0.546875 1.06737 0.0673741
0.546875 1.06737 0.0673741
0.5625 1.06681 0.0668144
0.5625 1.06681 0.0668144
0.578125 1.0661 0.0660979
0.578125 1.0661 0.0660979
0.59375 1.06523 0.0652268
0.59375 1.06523 0.0652268
0.609375 1.0642 0.0642044
0.609375 1.0642 0.0642044
0.625 1.06303 0.0630343
0.625 1.06303 0.0630343
0.640625 1.06172 0.0617213
0.640625 1.06172 0.0617213
0.65625 1.06027 0.0602711
0.65625 1.06027 0.0602711
0.671875 1.05869 0.0586905
0.671875 1.05869 0.0586905
0.6875 1.05699 0.0569876
0.6875 1.05699 0.0569876
0.703125 1.05517 0.0551721
0.703125 1.05517 0.0551721
0.71875 1.05326 0.0532553
0.71875 1.05326 0.0532553
0.734375 1.05125 0.0512505
0.734375 1.05125 0.0512505
0.75 1.04917 0.0491728
0.75 1.04917 0.0491728
0.765625 1.04704 0.0470397
0.765625 1.04704 0.0470397
0.78125 1.04487 0.0448708
0.78125 1.04487 0.0448708
0.796875 1.04269 0.0426879
0.796875 1.04269 0.0426879
0.8125 1.04051 0.0405146
0.8125 1.04051 0.0405146
0.828125 1.03838 0.0383764
0.828125 1.03838 0.0383764
0.84375 1.0363 0.0363002
0.84375 1.0363 0.0363002
0.859375 1.03431 0.0343136
0.859375 1.03431 0.0343136
0.875 1.03244 0.0324442
0.875 1.03244 0.0324442
0.890625 1.03072 0.0307193
0.890625 1.03072 0.0307193
0.90625 1.02916 0.0291649
0.90625 1.02916 0.0291649
0.921875 1.02781 0.0278051
0.921875 1.02781 0.0278051
0.9375 1.02666 0.0266613
0.9375 1.02666 0.0266613
0.953125 1.02575 0.0257518
0.953125 1.02575 0.0257518
0.96875 1.02509 0.0250913
0.96875 1.02509 0.0250913
0.984375 1.02469 0.0246907
0.984375 1.02469 0.0246907
1 1.02456 0.0245564
