# x y topography
0 1.01115 0.0111493
0.015625 1.01152 0.0115155
0.015625 1.01152 0.0115155
0.03125 1.01259 0.0125898
0.03125 1.01259 0.0125898
0.046875 1.0143 0.0143023
0.046875 1.0143 0.0143023
0.0625 1.01655 0.0165476
0.0625 1.01655 0.0165476
0.078125 1.0192 0.0192007
0.078125 1.0192 0.0192007
0.09375 1.02214 0.0221356
0.09375 1.02214 0.0221356
0.109375 1.02524 0.0252408
0.109375 1.02524 0.0252408
0.125 1.02843 0.0284278
0.125 1.02843 0.0284278
0.140625 1.03163 0.0316319
0.140625 1.03163 0.0316319
0.15625 1.03481 0.0348083
0.15625 1.03481 0.0348083
0.171875 1.03793 0.0379271
0.171875 1.03793 0.0379271
0.1875 1.04097 0.0409678
0.1875 1.04097 0.0409678
0.203125 1.04392 0.0439162
0.203125 1.04392 0.0439162
0.21875 1.04676 0.0467617
0.21875 1.04676 0.0467617
0.234375 1.0495 0.0494956
0.234375 1.0495 0.0494956
0.25 1.05211 0.0521105
0.25 1.05211 0.0521105
0.265625 1.0546 0.0545997
0.265625 1.0546 0.0545997
0.28125 1.05696 0.0569571
0.28125 1.05696 0.0569571
0.296875 1.05918 0.0591771
0.296875 1.05918 0.0591771
0.3125 1.06125 0.0612542
0.3125 1.06125 0.0612542
0.328125 1.06318 0.0631837
0.328125 1.06318 0.0631837
0.34375 1.06496 0.0649609
0.34375 1.06496 0.0649609
0.359375 1.06658 0.0665816
0.359375 1.06658 0.0665816
0.375 1.06804 0.0680421
0.375 1.06804 0.0680421
0.390625 1.06934 0.0693389
0.390625 1.06934 0.0693389
0.40625 1.07047 0.070469
0.40625 1.07047 0.070469
0.421875 1.07143 0.0714297
0.421875 1.07143 0.0714297
0.4375 1.07222 0.0722188
0.4375 1.07222 0.0722188
0.453125 1.07283 0.0728344
0.453125 1.07283 0.0728344
0.46875 1.07328 0.0732752
0.46875 1.07328 0.0732752
0.484375 1.07354 0.0735401
0.484375 1.07354 0.0735401
0.5 1.07363 0.0736285
0.5 1.07363 0.0736285
0.515625 1.07354 0.0735401
0.515625 1.07354 0.0735401
0.53125 1.07328 0.0732752
0.53125 1.07328 0.0732752
0.546875 1.07283 0.0728344
0.546875 1.07283 0.0728344
0.5625 1.07222 0.0722188
0.5625 1.07222 0.0722188
0.578125 1.07143 0.0714297
0.578125 1.07143 0.0714297
0.59375 1.07047 0.070469
0.59375 1.07047 0.070469
0.609375 1.06934 0.0693389
0.609375 1.06934 0.0693389
0.625 1.06804 0.0680421
0.625 1.06804 0.0680421
0.640625 1.06658 0.0665816
0.640625 1.06658 0.0665816
0.65625 1.06496 0.0649609
0.65625 1.06496 0.0649609
0.671875 1.06318 0.0631837
0.671875 1.06318 0.0631837
0.6875 1.06125 0.0612542
0.6875 1.06125 0.0612542
0.703125 1.05918 0.0591771
0.703125 1.05918 0.0591771
0.71875 1.05696 0.0569571
0.71875 1.05696 0.0569571
0.734375 1.0546 0.0545997
0.734375 1.0546 0.0545997
0.75 1.05211 0.0521105
0.75 1.05211 0.0521105
0.765625 1.0495 0.0494956
0.765625 1.0495 0.0494956
0.78125 1.04676 0.0467617
0.78125 1.04676 0.0467617
0.796875 1.04392 0.0439162
0.796875 1.04392 0.0439162
0.8125 1.04097 0.0409678
0.8125 1.04097 0.0409678
0.828125 1.03793 0.0379271
0.828125 1.03793 0.0379271
0.84375 1.03481 0.0348083
0.84375 1.03481 0.0348083
0.859375 1.03163 0.0316319
0.859375 1.03163 0.0316319
0.875 1.02843 0.0284278
0.875 1.02843 0.0284278
0.890625 1.02524 0.0252408
0.890625 1.02524 0.0252408
0.90625 1.02214 0.0221356
0.90625 1.02214 0.0221356
0.921875 1.0192 0.0192007
0.921875 1.0192 0.0192007
0.9375 1.01655 0.0165476
0.9375 1.01655 0.0165476
0.953125 1.0143 0.0143023
0.953125 1.0143 0.0143023
0.96875 1.01259 0.0125898
0.96875 1.01259 0.0125898
0.984375 1.01152 0.0115155
0.984375 1.01152 0.0115155
1 1.01115 0.0111493
