# x y topography
0 1.01919 0.0191933
0.015625 1.01938 0.0193849
0.015625 1.01938 0.0193849
0.03125 1.01996 0.019955
0.03125 1.01996 0.019955
0.046875 1.02089 0.02089
0.046875 1.02089 0.02089
0.0625 1.02217 0.0221675
0.0625 1.02217 0.0221675
0.078125 1.02376 0.0237576
0.078125 1.02376 0.0237576
0.09375 1.02562 0.0256239
0.09375 1.02562 0.0256239
0.109375 1.02773 0.0277252
0.109375 1.02773 0.0277252
0.125 1.03002 0.0300177
0.125 1.03002 0.0300177
0.140625 1.03246 0.0324566
0.140625 1.03246 0.0324566
0.15625 1.035 0.034998
0.15625 1.035 0.034998
0.171875 1.0376 0.0376008
0.171875 1.0376 0.0376008
0.1875 1.04023 0.0402276
0.1875 1.04023 0.0402276
0.203125 1.04285 0.0428455
0.203125 1.04285 0.0428455
0.21875 1.04543 0.0454261
0.21875 1.04543 0.0454261
0.234375 1.04795 0.0479455
0.234375 1.04795 0.0479455
0.25 1.05038 0.050384
0.25 1.05038 0.050384
0.265625 1.05273 0.0527254
0.265625 1.05273 0.0527254
0.28125 1.05496 0.0549565
0.28125 1.05496 0.0549565
0.296875 1.05707 0.0570664
0.296875 1.05707 0.0570664
0.3125 1.05905 0.0590463
0.3125 1.05905 0.0590463
0.328125 1.06089 0.0608889
0.328125 1.06089 0.0608889
0.34375 1.06259 0.0625882
0.34375 1.06259 0.0625882
0.359375 1.06414 0.0641391
0.359375 1.06414 0.0641391
0.375 1.06554 0.0655371
0.375 1.06554 0.0655371
0.390625 1.06678 0.0667787
0.390625 1.06678 0.0667787
0.40625 1.06786 0.0678608
0.40625 1.06786 0.0678608
0.421875 1.06878 0.0687807
0.421875 1.06878 0.0687807
0.4375 1.06954 0.0695362
0.4375 1.06954 0.0695362
0.453125 1.07013 0.0701256
0.453125 1.07013 0.0701256
0.46875 1.07055 0.0705476
0.46875 1.07055 0.0705476
0.484375 1.0708 0.0708012
0.484375 1.0708 0.0708012
0.5 1.07089 0.0708857
0.5 1.07089 0.0708857
0.515625 1.0708 0.0708012
0.515625 1.0708 0.0708012
0.53125 1.07055 0.0705476
0.53125 1.07055 0.0705476
0.546875 1.07013 0.0701256
0.546875 1.07013 0.0701256
0.5625 1.06954 0.0695362
0.5625 1.06954 0.0695362
0.578125 1.06878 0.0687807
0.578125 1.06878 0.0687807
0.59375 1.06786 0.0678608
0.59375 1.06786 0.0678608
0.609375 1.06678 0.0667787
0.609375 1.06678 0.0667787
0.625 1.06554 0.0655371
0.625 1.06554 0.0655371
0.640625 1.06414 0.0641391
0.640625 1.06414 0.0641391
0.65625 1.06259 0.0625882
0.65625 1.06259 0.0625882
0.671875 1.06089 0.0608889
0.671875 1.06089 0.0608889
0.6875 1.05905 0.0590463
0.6875 1.05905 0.0590463
0.703125 1.05707 0.0570664
0.703125 1.05707 0.0570664
0.71875 1.05496 0.0549565
0.71875 1.05496 0.0549565
0.734375 1.05273 0.0527254
0.734375 1.05273 0.0527254
0.75 1.05038 0.050384
0.75 1.05038 0.050384
0.765625 1.04795 0.0479455
0.765625 1.04795 0.0479455
0.78125 1.04543 0.0454261
0.78125 1.04543 0.0454261
0.796875 1.04285 0.0428455
0.796875 1.04285 0.0428455
0.8125 1.04023 0.0402276
0.8125 1.04023 0.0402276
0.828125 1.0376 0.0376008
0.828125 1.0376 0.0376008
0.84375 1.035 0.034998
0.84375 1.035 0.034998
0.859375 1.03246 0.0324566
0.859375 1.03246 0.0324566
0.875 1.03002 0.0300177
0.875 1.03002 0.0300177
0.890625 1.02773 0.0277252
0.890625 1.02773 0.0277252
0.90625 1.02562 0.0256239
0.90625 1.02562 0.0256239
0.921875 1.02376 0.0237576
0.921875 1.02376 0.0237576
0.9375 1.02217 0.0221675
0.9375 1.02217 0.0221675
0.953125 1.02089 0.02089
0.953125 1.02089 0.02089
0.96875 1.01996 0.019955
0.96875 1.01996 0.019955
0.984375 1.01938 0.0193849
0.984375 1.01938 0.0193849
1 1.01919 0.0191933
