# x y topography
0 1.02852 0.0285183
0.015625 1.02862 0.0286217
0.015625 1.02862 0.0286217
0.03125 1.02893 0.0289303
0.03125 1.02893 0.0289303
0.046875 1.02944 0.0294401
0.046875 1.02944 0.0294401
0.0625 1.03014 0.0301443
0.0625 1.03014 0.0301443
0.078125 1.03103 0.0310335
0.078125 1.03103 0.0310335
0.09375 1.0321 0.0320961
0.09375 1.0321 0.0320961
0.109375 1.03332 0.033318
0.109375 1.03332 0.033318
0.125 1.03468 0.0346835
0.125 1.03468 0.0346835
0.140625 1.03618 0.0361751
0.140625 1.03618 0.0361751
0.15625 1.03777 0.037774
0.15625 1.03777 0.037774
0.171875 1.03946 0.0394606
0.171875 1.03946 0.0394606
0.1875 1.04121 0.0412146
0.1875 1.04121 0.0412146
0.203125 1.04302 0.0430158
0.203125 1.04302 0.0430158
0.21875 1.04484 0.0448438
0.21875 1.04484 0.0448438
0.234375 1.04668 0.046679
0.234375 1.04668 0.046679
0.25 1.0485 0.0485025
0.25 1.0485 0.0485025
0.265625 1.0503 0.0502965
0.265625 1.0503 0.0502965
0.28125 1.05204 0.0520443
0.28125 1.05204 0.0520443
0.296875 1.05373 0.0537305
0.296875 1.05373 0.0537305
0.3125 1.05534 0.0553412
0.3125 1.05534 0.0553412
0.328125 1.05686 0.0568638
0.328125 1.05686 0.0568638
0.34375 1.05829 0.0582872
0.34375 1.05829 0.0582872
0.359375 1.0596 0.0596015
0.359375 1.0596 0.0596015
0.375 1.0608 0.0607981
0.375 1.0608 0.0607981
0.390625 1.06187 0.0618698
0.390625 1.06187 0.0618698
0.40625 1.06281 0.0628102
0.40625 1.06281 0.0628102
0.421875 1.06361 0.0636143
0.421875 1.06361 0.0636143
0.4375 1.06428 0.0642777
0.4375 1.06428 0.0642777
0.453125 1.0648 0.064797
0.453125 1.0648 0.064797
0.46875 1.06517 0.0651697
0.46875 1.06517 0.0651697
0.484375 1.06539 0.0653941
0.484375 1.06539 0.0653941
0.5 1.06547 0.065469
0.5 1.06547 0.065469
0.515625 1.06539 0.0653941
0.515625 1.06539 0.0653941
0.53125 1.06517 0.0651697
0.53125 1.06517 0.0651697
0.546875 1.0648 0.064797
0.546875 1.0648 0.064797
0.5625 1.06428 0.0642777
0.5625 1.06428 0.0642777
0.578125 1.06361 0.0636143
0.578125 1.06361 0.0636143
0.59375 1.06281 0.0628102
0.59375 1.06281 0.0628102
0.609375 1.06187 0.0618698
0.609375 1.06187 0.0618698
0.625 1.0608 0.0607981
0.625 1.0608 0.0607981
0.640625 1.0596 0.0596015
0.640625 1.0596 0.0596015
0.65625 1.05829 0.0582872
0.65625 1.05829 0.0582872
0.671875 1.05686 0.0568638
0.671875 1.05686 0.0568638
0.6875 1.05534 0.0553412
0.6875 1.05534 0.0553412
0.703125 1.05373 0.0537305
0.703125 1.05373 0.0537305
0.71875 1.05204 0.0520443
0.71875 1.05204 0.0520443
0.734375 1.0503 0.0502965
0.734375 1.0503 0.0502965
0.75 1.0485 0.0485025
0.75 1.0485 0.0485025
0.765625 1.04668 0.046679
0.765625 1.04668 0.046679
0.78125 1.04484 0.0448438
0.78125 1.04484 0.0448438
0.796875 1.04302 0.0430158
0.796875 1.04302 0.0430158
0.8125 1.04121 0.0412146
0.8125 1.04121 0.0412146
0.828125 1.03946 0.0394606
0.828125 1.03946 0.0394606
0.84375 1.03777 0.037774
0.84375 1.03777 0.037774
0.859375 1.03618 0.0361751
0.859375 1.03618 0.0361751
0.875 1.03468 0.0346835
0.875 1.03468 0.0346835
0.890625 1.03332 0.033318
0.890625 1.03332 0.033318
0.90625 1.0321 0.0320961
0.90625 1.0321 0.0320961
0.921875 1.03103 0.0310335
0.921875 1.03103 0.0310335
0.9375 1.03014 0.0301443
0.9375 1.03014 0.0301443
0.953125 1.02944 0.0294401
0.953125 1.02944 0.0294401
0.96875 1.02893 0.0289303
0.96875 1.02893 0.0289303
0.984375 1.02862 0.0286217
0.984375 1.02862 0.0286217
1 1.02852 0.0285183
