# x y topography
0 1.03103 0.0310315
0.015625 1.03112 0.0311182
0.015625 1.03112 0.0311182
0.03125 1.03138 0.0313772
0.03125 1.03138 0.0313772
0.046875 1.03181 0.0318055
0.046875 1.03181 0.0318055
0.0625 1.0324 0.0323978
0.0625 1.0324 0.0323978
0.078125 1.03315 0.033147
0.078125 1.03315 0.033147
0.09375 1.03404 0.0340442
0.09375 1.03404 0.0340442
0.109375 1.03508 0.0350786
0.109375 1.03508 0.0350786
0.125 1.03624 0.0362381
0.125 1.03624 0.0362381
0.140625 1.03751 0.037509
0.140625 1.03751 0.037509
0.15625 1.03888 0.0388765
0.15625 1.03888 0.0388765
0.171875 1.04032 0.040325
0.171875 1.04032 0.040325
0.1875 1.04184 0.0418382
0.1875 1.04184 0.0418382
0.203125 1.0434 0.0433993
0.203125 1.0434 0.0433993
0.21875 1.04499 0.0449916
0.21875 1.04499 0.0449916
0.234375 1.0466 0.0465982
0.234375 1.0466 0.0465982
0.25 1.0482 0.0482029
0.25 1.0482 0.0482029
0.265625 1.04979 0.0497897
0.265625 1.04979 0.0497897
0.28125 1.05134 0.0513436
0.28125 1.05134 0.0513436
0.296875 1.05285 0.0528503
0.296875 1.05285 0.0528503
0.3125 1.0543 0.0542964
0.3125 1.0543 0.0542964
0.328125 1.05567 0.0556698
0.328125 1.05567 0.0556698
0.34375 1.05696 0.0569592
0.34375 1.05696 0.0569592
0.359375 1.05815 0.0581546
0.359375 1.05815 0.0581546
0.375 1.05925 0.059247
0.375 1.05925 0.059247
0.390625 1.06023 0.0602286
0.390625 1.06023 0.0602286
0.40625 1.06109 0.0610926
0.40625 1.06109 0.0610926
0.421875 1.06183 0.0618331
0.421875 1.06183 0.0618331
0.4375 1.06245 0.0624454
0.4375 1.06245 0.0624454
0.453125 1.06293 0.0629256
0.453125 1.06293 0.0629256
0.46875 1.06327 0.0632706
0.46875 1.06327 0.0632706
0.484375 1.06348 0.0634785
0.484375 1.06348 0.0634785
0.5 1.06355 0.0635479
0.5 1.06355 0.0635479
0.515625 1.06348 0.0634785
0.515625 1.06348 0.0634785
0.53125 1.06327 0.0632706
0.53125 1.06327 0.0632706
0.546875 1.06293 0.0629256
0.546875 1.06293 0.0629256
0.5625 1.06245 0.0624454
0.5625 1.06245 0.0624454
0.578125 1.06183 0.0618331
0.578125 1.06183 0.0618331
0.59375 1.06109 0.0610926
0.59375 1.06109 0.0610926
0.609375 1.06023 0.0602286
0.609375 1.06023 0.0602286
0.625 1.05925 0.059247
0.625 1.05925 0.059247
0.640625 1.05815 0.0581546
0.640625 1.05815 0.0581546
0.65625 1.05696 0.0569592
0.65625 1.05696 0.0569592
0.671875 1.05567 0.0556698
0.671875 1.05567 0.0556698
0.6875 1.0543 0.0542964
0.6875 1.0543 0.0542964
0.703125 1.05285 0.0528503
0.703125 1.05285 0.0528503
0.71875 1.05134 0.0513436
0.71875 1.05134 0.0513436
0.734375 1.04979 0.0497897
0.734375 1.04979 0.0497897
0.75 1.0482 0.0482029
0.75 1.0482 0.0482029
0.765625 1.0466 0.0465982
0.765625 1.0466 0.0465982
0.78125 1.04499 0.0449916
0.78125 1.04499 0.0449916
0.796875 1.0434 0.0433993
0.796875 1.0434 0.0433993
0.8125 1.04184 0.0418382
0.8125 1.04184 0.0418382
0.828125 1.04032 0.040325
0.828125 1.04032 0.040325
0.84375 1.03888 0.0388765
0.84375 1.03888 0.0388765
0.859375 1.03751 0.037509
0.859375 1.03751 0.037509
0.875 1.03624 0.0362381
0.875 1.03624 0.0362381
0.890625 1.03508 0.0350786
0.890625 1.03508 0.0350786
0.90625 1.03404 0.0340442
0.90625 1.03404 0.0340442
0.921875 1.03315 0.033147
0.921875 1.03315 0.033147
0.9375 1.0324 0.0323978
0.9375 1.0324 0.0323978
0.953125 1.03181 0.0318055
0.953125 1.03181 0.0318055
0.96875 1.03138 0.0313772
0.96875 1.03138 0.0313772
0.984375 1.03112 0.0311182
0.984375 1.03112 0.0311182
1 1.03103 0.0310315
