# x y topography
0 1.01591 0.015913
0.015625 1.01616 0.0161558
0.015625 1.01616 0.0161558
0.03125 1.01688 0.0168758
0.03125 1.01688 0.0168758
0.046875 1.01805 0.0180492
0.046875 1.01805 0.0180492
0.0625 1.01964 0.0196375
0.0625 1.01964 0.0196375
0.078125 1.02159 0.0215902
0.078125 1.02159 0.0215902
0.09375 1.02385 0.0238483
0.09375 1.02385 0.0238483
0.109375 1.02635 0.0263482
0.109375 1.02635 0.0263482
0.125 1.02903 0.0290263
0.125 1.02903 0.0290263
0.140625 1.03182 0.0318224
0.140625 1.03182 0.0318224
0.15625 1.03468 0.0346829
0.15625 1.03468 0.0346829
0.171875 1.03756 0.037562
0.171875 1.03756 0.037562
0.1875 1.04042 0.0404222
0.1875 1.04042 0.0404222
0.203125 1.04323 0.0432334
0.203125 1.04323 0.0432334
0.21875 1.04597 0.0459721
0.21875 1.04597 0.0459721
0.234375 1.04862 0.0486203
0.234375 1.04862 0.0486203
0.25 1.05116 0.0511637
0.25 1.05116 0.0511637
0.265625 1.05359 0.0535912
0.265625 1.05359 0.0535912
0.28125 1.05589 0.0558938
0.28125 1.05589 0.0558938
0.296875 1.05806 0.0580641
0.296875 1.05806 0.0580641
0.3125 1.0601 0.0600956
0.3125 1.0601 0.0600956
0.328125 1.06198 0.0619831
0.328125 1.06198 0.0619831
0.34375 1.06372 0.0637217
0.34375 1.06372 0.0637217
0.359375 1.06531 0.0653072
0.359375 1.06531 0.0653072
0.375 1.06674 0.0667357
0.375 1.06674 0.0667357
0.390625 1.068 0.068004
0.390625 1.068 0.068004
0.40625 1.06911 0.0691091
0.40625 1.06911 0.0691091
0.421875 1.07005 0.0700485
0.421875 1.07005 0.0700485
0.4375 1.07082 0.0708199
0.4375 1.07082 0.0708199
0.453125 1.07142 0.0714218
0.453125 1.07142 0.0714218
0.46875 1.07185 0.0718527
0.46875 1.07185 0.0718527
0.484375 1.07211 0.0721116
0.484375 1.07211 0.0721116
0.5 1.0722 0.0721979
0.5 1.0722 0.0721979
0.515625 1.07211 0.0721116
0.515625 1.07211 0.0721116
0.53125 1.07185 0.0718527
0.53125 1.07185 0.0718527
0.546875 1.07142 0.0714218
0.546875 1.07142 0.0714218
0.5625 1.07082 0.0708199
0.5625 1.07082 0.0708199
0.578125 1.07005 0.0700485
0.578125 1.07005 0.0700485
0.59375 1.06911 0.0691091
0.59375 1.06911 0.0691091
0.609375 1.068 0.068004
0.609375 1.068 0.068004
0.625 1.06674 0.0667357
0.625 1.06674 0.0667357
0.640625 1.06531 0.0653072
0.640625 1.06531 0.0653072
0.65625 1.06372 0.0637217
0.65625 1.06372 0.0637217
0.671875 1.06198 0.0619831
0.671875 1.06198 0.0619831
0.6875 1.0601 0.0600956
0.6875 1.0601 0.0600956
0.703125 1.05806 0.0580641
0.703125 1.05806 0.0580641
0.71875 1.05589 0.0558938
0.71875 1.05589 0.0558938
0.734375 1.05359 0.0535912
0.734375 1.05359 0.0535912
0.75 1.05116 0.0511637
0.75 1.05116 0.0511637
0.765625 1.04862 0.0486203
0.765625 1.04862 0.0486203
0.78125 1.04597 0.0459721
0.78125 1.04597 0.0459721
0.796875 1.04323 0.0432334
0.796875 1.04323 0.0432334
0.8125 1.04042 0.0404222
0.8125 1.04042 0.0404222
0.828125 1.03756 0.037562
0.828125 1.03756 0.037562
0.84375 1.03468 0.0346829
0.84375 1.03468 0.0346829
0.859375 1.03182 0.0318224
0.859375 1.03182 0.0318224
0.875 1.02903 0.0290263
0.875 1.02903 0.0290263
0.890625 1.02635 0.0263482
0.890625 1.02635 0.0263482
0.90625 1.02385 0.0238483
0.90625 1.02385 0.0238483
0.921875 1.02159 0.0215902
0.921875 1.02159 0.0215902
0.9375 1.01964 0.0196375
0.9375 1.01964 0.0196375
0.953125 1.01805 0.0180492
0.953125 1.01805 0.0180492
0.96875 1.01688 0.0168758
0.96875 1.01688 0.0168758
0.984375 1.01616 0.0161558
0.984375 1.01616 0.0161558
1 1.01591 0.015913
