# x y topography
0 1.01077 0.0107722
0.015625 1.01115 0.0111526
0.015625 1.01115 0.0111526
0.03125 1.01227 0.012267
0.03125 1.01227 0.012267
0.046875 1.01404 0.0140378
0.046875 1.01404 0.0140378
0.0625 1.01635 0.0163493
0.0625 1.01635 0.0163493
0.078125 1.01907 0.0190662
0.078125 1.01907 0.0190662
0.09375 1.02206 0.0220555
0.09375 1.02206 0.0220555
0.109375 1.0252 0.0252029
0.109375 1.0252 0.0252029
0.125 1.02842 0.0284204
0.125 1.02842 0.0284204
0.140625 1.03165 0.0316454
0.140625 1.03165 0.0316454
0.15625 1.03484 0.0348359
0.15625 1.03484 0.0348359
0.171875 1.03796 0.0379642
0.171875 1.03796 0.0379642
0.1875 1.04101 0.0410118
0.1875 1.04101 0.0410118
0.203125 1.04397 0.0439655
0.203125 1.04397 0.0439655
0.21875 1.04682 0.0468154
0.21875 1.04682 0.0468154
0.234375 1.04955 0.0495531
0.234375 1.04955 0.0495531
0.25 1.05217 0.0521715
0.25 1.05217 0.0521715
0.265625 1.05466 0.054664
0.265625 1.05466 0.054664
0.28125 1.05702 0.0570246
0.28125 1.05702 0.0570246
0.296875 1.05925 0.0592475
0.296875 1.05925 0.0592475
0.3125 1.06133 0.0613274
0.3125 1.06133 0.0613274
0.328125 1.06326 0.0632595
0.328125 1.06326 0.0632595
0.34375 1.06504 0.0650392
0.34375 1.06504 0.0650392
0.359375 1.06666 0.0666621
0.359375 1.06666 0.0666621
0.375 1.06812 0.0681247
0.375 1.06812 0.0681247
0.390625 1.06942 0.0694233
0.390625 1.06942 0.0694233
0.40625 1.07055 0.0705549
0.40625 1.07055 0.0705549
0.421875 1.07152 0.071517
0.421875 1.07152 0.071517
0.4375 1.07231 0.0723072
0.4375 1.07231 0.0723072
0.453125 1.07292 0.0729238
0.453125 1.07292 0.0729238
0.46875 1.07337 0.0733652
0.46875 1.07337 0.0733652
0.484375 1.07363 0.0736305
0.484375 1.07363 0.0736305
0.5 1.07372 0.073719
0.5 1.07372 0.073719
0.515625 1.07363 0.0736305
0.515625 1.07363 0.0736305
0.53125 1.07337 0.0733652
0.53125 1.07337 0.0733652
0.546875 1.07292 0.0729238
0.546875 1.07292 0.0729238
0.5625 1.07231 0.0723072
0.5625 1.07231 0.0723072
0.578125 1.07152 0.071517
0.578125 1.07152 0.071517
0.59375 1.07055 0.0705549
0.59375 1.07055 0.0705549
0.609375 1.06942 0.0694233
0.609375 1.06942 0.0694233
0.625 1.06812 0.0681247
0.625 1.06812 0.0681247
0.640625 1.06666 0.0666621
0.640625 1.06666 0.0666621
0.65625 1.06504 0.0650392
0.65625 1.06504 0.0650392
0.671875 1.06326 0.0632595
0.671875 1.06326 0.0632595
0.6875 1.06133 0.0613274
0.6875 1.06133 0.0613274
0.703125 1.05925 0.0592475
0.703125 1.05925 0.0592475
0.71875 1.05702 0.0570246
0.71875 1.05702 0.0570246
0.734375 1.05466 0.054664
0.734375 1.05466 0.054664
0.75 1.05217 0.0521715
0.75 1.05217 0.0521715
0.765625 1.04955 0.0495531
0.765625 1.04955 0.0495531
0.78125 1.04682 0.0468154
0.78125 1.04682 0.0468154
0.796875 1.04397 0.0439655
0.796875 1.04397 0.0439655
0.8125 1.04101 0.0410118
0.8125 1.04101 0.0410118
0.828125 1.03796 0.0379642
0.828125 1.03796 0.0379642
0.84375 1.03484 0.0348359
0.84375 1.03484 0.0348359
0.859375 1.03165 0.0316454
0.859375 1.03165 0.0316454
0.875 1.02842 0.0284204
0.875 1.02842 0.0284204
0.890625 1.0252 0.0252029
0.890625 1.0252 0.0252029
0.90625 1.02206 0.0220555
0.90625 1.02206 0.0220555
0.921875 1.01907 0.0190662
0.921875 1.01907 0.0190662
0.9375 1.01635 0.0163493
0.9375 1.01635 0.0163493
0.953125 1.01404 0.0140378
0.953125 1.01404 0.0140378
0.96875 1.01227 0.012267
0.96875 1.01227 0.012267
0.984375 1.01115 0.0111526
0.984375 1.01115 0.0111526
1 1.01077 0.0107722
