# x y topography
0 1.03478 0.0347832
0.015625 1.03485 0.0348479
0.015625 1.03485 0.0348479
0.03125 1.03504 0.0350413
0.03125 1.03504 0.0350413
0.046875 1.03536 0.0353613
0.046875 1.03536 0.0353613
0.0625 1.0358 0.0358045
0.0625 1.0358 0.0358045
0.078125 1.03637 0.0363661
0.078125 1.03637 0.0363661
0.09375 1.03704 0.03704
0.09375 1.03704 0.03704
0.109375 1.03782 0.0378192
0.109375 1.03782 0.0378192
0.125 1.0387 0.0386952
0.125 1.0387 0.0386952
0.140625 1.03966 0.0396587
0.140625 1.03966 0.0396587
0.15625 1.0407 0.0406996
0.15625 1.0407 0.0406996
0.171875 1.04181 0.0418068
0.171875 1.04181 0.0418068
0.1875 1.04297 0.0429689
0.1875 1.04297 0.0429689
0.203125 1.04417 0.0441738
0.203125 1.04417 0.0441738
0.21875 1.04541 0.0454092
0.21875 1.04541 0.0454092
0.234375 1.04666 0.0466626
0.234375 1.04666 0.0466626
0.25 1.04792 0.0479215
0.25 1.04792 0.0479215
0.265625 1.04917 0.0491735
0.265625 1.04917 0.0491735
0.28125 1.05041 0.0504066
0.28125 1.05041 0.0504066
0.296875 1.05161 0.051609
0.296875 1.05161 0.051609
0.3125 1.05277 0.0527697
0.3125 1.05277 0.0527697
0.328125 1.05388 0.0538779
0.328125 1.05388 0.0538779
0.34375 1.05492 0.0549238
0.34375 1.05492 0.0549238
0.359375 1.0559 0.0558982
0.359375 1.0559 0.0558982
0.375 1.05679 0.0567927
0.375 1.05679 0.0567927
0.390625 1.0576 0.0575999
0.390625 1.0576 0.0575999
0.40625 1.05831 0.058313
0.40625 1.05831 0.058313
0.421875 1.05893 0.0589262
0.421875 1.05893 0.0589262
0.4375 1.05943 0.0594346
0.4375 1.05943 0.0594346
0.453125 1.05983 0.0598343
0.453125 1.05983 0.0598343
0.46875 1.06012 0.0601219
0.46875 1.06012 0.0601219
0.484375 1.0603 0.0602954
0.484375 1.0603 0.0602954
0.5 1.06035 0.0603534
0.5 1.06035 0.0603534
0.515625 1.0603 0.0602954
0.515625 1.0603 0.0602954
0.53125 1.06012 0.0601219
0.53125 1.06012 0.0601219
0.546875 1.05983 0.0598343
0.546875 1.05983 0.0598343
0.5625 1.05943 0.0594346
0.5625 1.05943 0.0594346
0.578125 1.05893 0.0589262
0.578125 1.05893 0.0589262
0.59375 1.05831 0.058313
0.59375 1.05831 0.058313
0.609375 1.0576 0.0575999
0.609375 1.0576 0.0575999
0.625 1.05679 0.0567927
0.625 1.05679 0.0567927
0.640625 1.0559 0.0558982
0.640625 1.0559 0.0558982
0.65625 1.05492 0.0549238
0.65625 1.05492 0.0549238
0.671875 1.05388 0.0538779
0.671875 1.05388 0.0538779
0.6875 1.05277 0.0527697
0.6875 1.05277 0.0527697
0.703125 1.05161 0.051609
0.703125 1.05161 0.051609
0.71875 1.05041 0.0504066
0.71875 1.05041 0.0504066
0.734375 1.04917 0.0491735
0.734375 1.04917 0.0491735
0.75 1.04792 0.0479215
0.75 1.04792 0.0479215
0.765625 1.04666 0.0466626
0.765625 1.04666 0.0466626
0.78125 1.04541 0.0454092
0.78125 1.04541 0.0454092
0.796875 1.04417 0.0441738
0.796875 1.04417 0.0441738
0.8125 1.04297 0.0429689
0.8125 1.04297 0.0429689
0.828125 1.04181 0.0418068
0.828125 1.04181 0.0418068
0.84375 1.0407 0.0406996
0.84375 1.0407 0.0406996
0.859375 1.03966 0.0396587
0.859375 1.03966 0.0396587
0.875 1.0387 0.0386952
0.875 1.0387 0.0386952
0.890625 1.03782 0.0378192
0.890625 1.03782 0.0378192
0.90625 1.03704 0.03704
0.90625 1.03704 0.03704
0.921875 1.03637 0.0363661
0.921875 1.03637 0.0363661
0.9375 1.0358 0.0358045
0.9375 1.0358 0.0358045
0.953125 1.03536 0.0353613
0.953125 1.03536 0.0353613
0.96875 1.03504 0.0350413
0.96875 1.03504 0.0350413
0.984375 1.03485 0.0348479
0.984375 1.03485 0.0348479
1 1.03478 0.0347832
