# x y topography
0 1.02312 0.0231207
0.015625 1.02327 0.0232681
0.015625 1.02327 0.0232681
0.03125 1.02371 0.0237079
0.03125 1.02371 0.0237079
0.046875 1.02443 0.024432
0.046875 1.02443 0.024432
0.0625 1.02543 0.0254276
0.0625 1.02543 0.0254276
0.078125 1.02668 0.0266772
0.078125 1.02668 0.0266772
0.09375 1.02816 0.028159
0.09375 1.02816 0.028159
0.109375 1.02985 0.0298476
0.109375 1.02985 0.0298476
0.125 1.03171 0.0317149
0.125 1.03171 0.0317149
0.140625 1.03373 0.0337308
0.140625 1.03373 0.0337308
0.15625 1.03586 0.0358643
0.15625 1.03586 0.0358643
0.171875 1.03808 0.038084
0.171875 1.03808 0.038084
0.1875 1.04036 0.0403596
0.1875 1.04036 0.0403596
0.203125 1.04266 0.0426619
0.203125 1.04266 0.0426619
0.21875 1.04496 0.0449639
0.21875 1.04496 0.0449639
0.234375 1.04724 0.0472409
0.234375 1.04724 0.0472409
0.25 1.04947 0.0494709
0.25 1.04947 0.0494709
0.265625 1.05163 0.0516343
0.265625 1.05163 0.0516343
0.28125 1.05371 0.0537143
0.28125 1.05371 0.0537143
0.296875 1.0557 0.0556963
0.296875 1.0557 0.0556963
0.3125 1.05757 0.0575681
0.3125 1.05757 0.0575681
0.328125 1.05932 0.0593192
0.328125 1.05932 0.0593192
0.34375 1.06094 0.0609409
0.34375 1.06094 0.0609409
0.359375 1.06243 0.062426
0.359375 1.06243 0.062426
0.375 1.06377 0.0637683
0.375 1.06377 0.0637683
0.390625 1.06496 0.0649628
0.390625 1.06496 0.0649628
0.40625 1.06601 0.0660055
0.40625 1.06601 0.0660055
0.421875 1.06689 0.066893
0.421875 1.06689 0.066893
0.4375 1.06762 0.0676226
0.4375 1.06762 0.0676226
0.453125 1.06819 0.0681921
0.453125 1.06819 0.0681921
0.46875 1.0686 0.0686
0.46875 1.0686 0.0686
0.484375 1.06885 0.0688451
0.484375 1.06885 0.0688451
0.5 1.06893 0.0689269
0.5 1.06893 0.0689269
0.515625 1.06885 0.0688451
0.515625 1.06885 0.0688451
0.53125 1.0686 0.0686
0.53125 1.0686 0.0686
0.546875 1.06819 0.0681921
0.546875 1.06819 0.0681921
0.5625 1.06762 0.0676226
0.5625 1.06762 0.0676226
0.578125 1.06689 0.066893
0.578125 1.06689 0.066893
0.59375 1.06601 0.0660055
0.59375 1.06601 0.0660055
0.609375 1.06496 0.0649628
0.609375 1.06496 0.0649628
0.625 1.06377 0.0637683
0.625 1.06377 0.0637683
0.640625 1.06243 0.062426
0.640625 1.06243 0.062426
0.65625 1.06094 0.0609409
0.65625 1.06094 0.0609409
0.671875 1.05932 0.0593192
0.671875 1.05932 0.0593192
0.6875 1.05757 0.0575681
0.6875 1.05757 0.0575681
0.703125 1.0557 0.0556963
0.703125 1.0557 0.0556963
0.71875 1.05371 0.0537143
0.71875 1.05371 0.0537143
0.734375 1.05163 0.0516343
0.734375 1.05163 0.0516343
0.75 1.04947 0.0494709
0.75 1.04947 0.0494709
0.765625 1.04724 0.0472409
0.765625 1.04724 0.0472409
0.78125 1.04496 0.0449639
0.78125 1.04496 0.0449639
0.796875 1.04266 0.0426619
0.796875 1.04266 0.0426619
0.8125 1.04036 0.0403596
0.8125 1.04036 0.0403596
0.828125 1.03808 0.038084
0.828125 1.03808 0.038084
0.84375 1.03586 0.0358643
0.84375 1.03586 0.0358643
0.859375 1.03373 0.0337308
0.859375 1.03373 0.0337308
0.875 1.03171 0.0317149
0.875 1.03171 0.0317149
0.890625 1.02985 0.0298476
0.890625 1.02985 0.0298476
0.90625 1.02816 0.028159
0.90625 1.02816 0.028159
0.921875 1.02668 0.0266772
0.921875 1.02668 0.0266772
0.9375 1.02543 0.0254276
0.9375 1.02543 0.0254276
0.953125 1.02443 0.024432
0.953125 1.02443 0.024432
0.96875 1.02371 0.0237079
0.96875 1.02371 0.0237079
0.984375 1.02327 0.0232681
0.984375 1.02327 0.0232681
1 1.02312 0.0231207
