# x y topography
0 1.03002 0.0300216
0.015625 1.03011 0.0301147
0.015625 1.03011 0.0301147
0.03125 1.03039 0.030393
0.03125 1.03039 0.030393
0.046875 1.03085 0.030853
0.046875 1.03085 0.030853
0.0625 1.03149 0.0314889
0.0625 1.03149 0.0314889
0.078125 1.03229 0.0322927
0.078125 1.03229 0.0322927
0.09375 1.03325 0.0332546
0.09375 1.03325 0.0332546
0.109375 1.03436 0.0343625
0.109375 1.03436 0.0343625
0.125 1.0356 0.035603
0.125 1.0356 0.035603
0.140625 1.03696 0.036961
0.140625 1.03696 0.036961
0.15625 1.03842 0.0384201
0.15625 1.03842 0.0384201
0.171875 1.03996 0.0399634
0.171875 1.03996 0.0399634
0.1875 1.04157 0.0415728
0.1875 1.04157 0.0415728
0.203125 1.04323 0.0432304
0.203125 1.04323 0.0432304
0.21875 1.04492 0.044918
0.21875 1.04492 0.044918
0.234375 1.04662 0.0466175
0.234375 1.04662 0.0466175
0.25 1.04831 0.0483117
0.25 1.04831 0.0483117
0.265625 1.04998 0.0499838
0.265625 1.04998 0.0499838
0.28125 1.05162 0.051618
0.28125 1.05162 0.051618
0.296875 1.0532 0.0531995
0.296875 1.0532 0.0531995
0.3125 1.05471 0.0547147
0.3125 1.05471 0.0547147
0.328125 1.05615 0.0561511
0.328125 1.05615 0.0561511
0.34375 1.0575 0.0574974
0.34375 1.0575 0.0574974
0.359375 1.05874 0.0587436
0.359375 1.05874 0.0587436
0.375 1.05988 0.0598808
0.375 1.05988 0.0598808
0.390625 1.0609 0.0609013
0.390625 1.0609 0.0609013
0.40625 1.0618 0.0617985
0.40625 1.0618 0.0617985
0.421875 1.06257 0.0625667
0.421875 1.06257 0.0625667
0.4375 1.0632 0.0632013
0.4375 1.0632 0.0632013
0.453125 1.0637 0.0636986
0.453125 1.0637 0.0636986
0.46875 1.06406 0.0640558
0.46875 1.06406 0.0640558
0.484375 1.06427 0.0642709
0.484375 1.06427 0.0642709
0.5 1.06434 0.0643428
0.5 1.06434 0.0643428
0.515625 1.06427 0.0642709
0.515625 1.06427 0.0642709
0.53125 1.06406 0.0640558
0.53125 1.06406 0.0640558
0.546875 1.0637 0.0636986
0.546875 1.0637 0.0636986
0.5625 1.0632 0.0632013
0.5625 1.0632 0.0632013
0.578125 1.06257 0.0625667
0.578125 1.06257 0.0625667
0.59375 1.0618 0.0617985
0.59375 1.0618 0.0617985
0.609375 1.0609 0.0609013
0.609375 1.0609 0.0609013
0.625 1.05988 0.0598808
0.625 1.05988 0.0598808
0.640625 1.05874 0.0587436
0.640625 1.05874 0.0587436
0.65625 1.0575 0.0574974
0.65625 1.0575 0.0574974
0.671875 1.05615 0.0561511
0.671875 1.05615 0.0561511
0.6875 1.05471 0.0547147
0.6875 1.05471 0.0547147
0.703125 1.0532 0.0531995
0.703125 1.0532 0.0531995
0.71875 1.05162 0.051618
0.71875 1.05162 0.051618
0.734375 1.04998 0.0499838
0.734375 1.04998 0.0499838
0.75 1.04831 0.0483117
0.75 1.04831 0.0483117
0.765625 1.04662 0.0466175
0.765625 1.04662 0.0466175
0.78125 1.04492 0.044918
0.78125 1.04492 0.044918
0.796875 1.04323 0.0432304
0.796875 1.04323 0.0432304
0.8125 1.04157 0.0415728
0.8125 1.04157 0.0415728
0.828125 1.03996 0.0399634
0.828125 1.03996 0.0399634
0.84375 1.03842 0.0384201
0.84375 1.03842 0.0384201
0.859375 1.03696 0.036961
0.859375 1.03696 0.036961
0.875 1.0356 0.035603
0.875 1.0356 0.035603
0.890625 1.03436 0.0343625
0.890625 1.03436 0.0343625
0.90625 1.03325 0.0332546
0.90625 1.03325 0.0332546
0.921875 1.03229 0.0322927
0.921875 1.03229 0.0322927
0.9375 1.03149 0.0314889
0.9375 1.03149 0.0314889
0.953125 1.03085 0.030853
0.953125 1.03085 0.030853
0.96875 1.03039 0.030393
0.96875 1.03039 0.030393
0.984375 1.03011 0.0301147
0.984375 1.03011 0.0301147
1 1.03002 0.0300216
