# x y topography
0 1.03285 0.0328522
0.015625 1.03293 0.0329279
0.015625 1.03293 0.0329279
0.03125 1.03315 0.033154
0.03125 1.03315 0.033154
0.046875 1.03353 0.033528
0.046875 1.03353 0.033528
0.0625 1.03405 0.0340457
0.0625 1.03405 0.0340457
0.078125 1.0347 0.0347012
0.078125 1.0347 0.0347012
0.09375 1.03549 0.035487
0.09375 1.03549 0.035487
0.109375 1.03639 0.0363944
0.109375 1.03639 0.0363944
0.125 1.03741 0.0374132
0.125 1.03741 0.0374132
0.140625 1.03853 0.038532
0.140625 1.03853 0.038532
0.15625 1.03974 0.0397385
0.15625 1.03974 0.0397385
0.171875 1.04102 0.0410194
0.171875 1.04102 0.0410194
0.1875 1.04236 0.0423609
0.1875 1.04236 0.0423609
0.203125 1.04375 0.0437486
0.203125 1.04375 0.0437486
0.21875 1.04517 0.0451681
0.21875 1.04517 0.0451681
0.234375 1.0466 0.0466046
0.234375 1.0466 0.0466046
0.25 1.04804 0.0480436
0.25 1.04804 0.0480436
0.265625 1.04947 0.0494711
0.265625 1.04947 0.0494711
0.28125 1.05087 0.0508732
0.28125 1.05087 0.0508732
0.296875 1.05224 0.0522369
0.296875 1.05224 0.0522369
0.3125 1.05355 0.0535497
0.3125 1.05355 0.0535497
0.328125 1.0548 0.0548
0.328125 1.0548 0.0548
0.34375 1.05598 0.0559771
0.34375 1.05598 0.0559771
0.359375 1.05707 0.0570713
0.359375 1.05707 0.0570713
0.375 1.05807 0.0580736
0.375 1.05807 0.0580736
0.390625 1.05898 0.0589762
0.390625 1.05898 0.0589762
0.40625 1.05977 0.0597722
0.40625 1.05977 0.0597722
0.421875 1.06046 0.0604556
0.421875 1.06046 0.0604556
0.4375 1.06102 0.0610215
0.4375 1.06102 0.0610215
0.453125 1.06147 0.0614657
0.453125 1.06147 0.0614657
0.46875 1.06179 0.0617853
0.46875 1.06179 0.0617853
0.484375 1.06198 0.0619779
0.484375 1.06198 0.0619779
0.5 1.06204 0.0620423
0.5 1.06204 0.0620423
0.515625 1.06198 0.0619779
0.515625 1.06198 0.0619779
0.53125 1.06179 0.0617853
0.53125 1.06179 0.0617853
0.546875 1.06147 0.0614657
0.546875 1.06147 0.0614657
0.5625 1.06102 0.0610215
0.5625 1.06102 0.0610215
0.578125 1.06046 0.0604556
0.578125 1.06046 0.0604556
0.59375 1.05977 0.0597722
0.59375 1.05977 0.0597722
0.609375 1.05898 0.0589762
0.609375 1.05898 0.0589762
0.625 1.05807 0.0580736
0.625 1.05807 0.0580736
0.640625 1.05707 0.0570713
0.640625 1.05707 0.0570713
0.65625 1.05598 0.0559771
0.65625 1.05598 0.0559771
0.671875 1.0548 0.0548
0.671875 1.0548 0.0548
0.6875 1.05355 0.0535497
0.6875 1.05355 0.0535497
0.703125 1.05224 0.0522369
0.703125 1.05224 0.0522369
0.71875 1.05087 0.0508732
0.71875 1.05087 0.0508732
0.734375 1.04947 0.0494711
0.734375 1.04947 0.0494711
0.75 1.04804 0.0480436
0.75 1.04804 0.0480436
0.765625 1.0466 0.0466046
0.765625 1.0466 0.0466046
0.78125 1.04517 0.0451681
0.78125 1.04517 0.0451681
0.796875 1.04375 0.0437486
0.796875 1.04375 0.0437486
0.8125 1.04236 0.0423609
0.8125 1.04236 0.0423609
0.828125 1.04102 0.0410194
0.828125 1.04102 0.0410194
0.84375 1.03974 0.0397385
0.84375 1.03974 0.0397385
0.859375 1.03853 0.038532
0.859375 1.03853 0.038532
0.875 1.03741 0.0374132
0.875 1.03741 0.0374132
0.890625 1.03639 0.0363944
0.890625 1.03639 0.0363944
0.90625 1.03549 0.035487
0.90625 1.03549 0.035487
0.921875 1.0347 0.0347012
0.921875 1.0347 0.0347012
0.9375 1.03405 0.0340457
0.9375 1.03405 0.0340457
0.953125 1.03353 0.033528
0.953125 1.03353 0.033528
0.96875 1.03315 0.033154
0.96875 1.03315 0.033154
0.984375 1.03293 0.0329279
0.984375 1.03293 0.0329279
1 1.03285 0.0328522
