# x y topography
0 1.02904 0.0290369
0.015625 1.02914 0.0291366
0.015625 1.02914 0.0291366
0.03125 1.02943 0.0294345
0.03125 1.02943 0.0294345
0.046875 1.02993 0.0299268
0.046875 1.02993 0.0299268
0.0625 1.03061 0.0306069
0.0625 1.03061 0.0306069
0.078125 1.03147 0.0314661
0.078125 1.03147 0.0314661
0.09375 1.03249 0.0324932
0.09375 1.03249 0.0324932
0.109375 1.03368 0.0336752
0.109375 1.03368 0.0336752
0.125 1.035 0.0349969
0.125 1.035 0.0349969
0.140625 1.03644 0.0364419
0.140625 1.03644 0.0364419
0.15625 1.03799 0.0379921
0.15625 1.03799 0.0379921
0.171875 1.03963 0.0396289
0.171875 1.03963 0.0396289
0.1875 1.04133 0.041333
0.1875 1.04133 0.041333
0.203125 1.04308 0.0430846
0.203125 1.04308 0.0430846
0.21875 1.04486 0.0448644
0.21875 1.04486 0.0448644
0.234375 1.04665 0.0466532
0.234375 1.04665 0.0466532
0.25 1.04843 0.0484327
0.25 1.04843 0.0484327
0.265625 1.05019 0.0501854
0.265625 1.05019 0.0501854
0.28125 1.05189 0.0518949
0.28125 1.05189 0.0518949
0.296875 1.05355 0.0535459
0.296875 1.05355 0.0535459
0.3125 1.05512 0.0551247
0.3125 1.05512 0.0551247
0.328125 1.05662 0.0566187
0.328125 1.05662 0.0566187
0.34375 1.05802 0.0580165
0.34375 1.05802 0.0580165
0.359375 1.05931 0.0593083
0.359375 1.05931 0.0593083
0.375 1.06049 0.0604855
0.375 1.06049 0.0604855
0.390625 1.06154 0.0615404
0.390625 1.06154 0.0615404
0.40625 1.06247 0.0624667
0.40625 1.06247 0.0624667
0.421875 1.06326 0.0632591
0.421875 1.06326 0.0632591
0.4375 1.06391 0.0639132
0.4375 1.06391 0.0639132
0.453125 1.06443 0.0644254
0.453125 1.06443 0.0644254
0.46875 1.06479 0.0647931
0.46875 1.06479 0.0647931
0.484375 1.06501 0.0650145
0.484375 1.06501 0.0650145
0.5 1.06509 0.0650884
0.5 1.06509 0.0650884
0.515625 1.06501 0.0650145
0.515625 1.06501 0.0650145
0.53125 1.06479 0.0647931
0.53125 1.06479 0.0647931
0.546875 1.06443 0.0644254
0.546875 1.06443 0.0644254
0.5625 1.06391 0.0639132
0.5625 1.06391 0.0639132
0.578125 1.06326 0.0632591
0.578125 1.06326 0.0632591
0.59375 1.06247 0.0624667
0.59375 1.06247 0.0624667
0.609375 1.06154 0.0615404
0.609375 1.06154 0.0615404
0.625 1.06049 0.0604855
0.625 1.06049 0.0604855
0.640625 1.05931 0.0593083
0.640625 1.05931 0.0593083
0.65625 1.05802 0.0580165
0.65625 1.05802 0.0580165
0.671875 1.05662 0.0566187
0.671875 1.05662 0.0566187
0.6875 1.05512 0.0551247
0.6875 1.05512 0.0551247
0.703125 1.05355 0.0535459
0.703125 1.05355 0.0535459
0.71875 1.05189 0.0518949
0.71875 1.05189 0.0518949
0.734375 1.05019 0.0501854
0.734375 1.05019 0.0501854
0.75 1.04843 0.0484327
0.75 1.04843 0.0484327
0.765625 1.04665 0.0466532
0.765625 1.04665 0.0466532
0.78125 1.04486 0.0448644
0.78125 1.04486 0.0448644
0.796875 1.04308 0.0430846
0.796875 1.04308 0.0430846
0.8125 1.04133 0.041333
0.8125 1.04133 0.041333
0.828125 1.03963 0.0396289
0.828125 1.03963 0.0396289
0.84375 1.03799 0.0379921
0.84375 1.03799 0.0379921
0.859375 1.03644 0.0364419
0.859375 1.03644 0.0364419
0.875 1.035 0.0349969
0.875 1.035 0.0349969
0.890625 1.03368 0.0336752
0.890625 1.03368 0.0336752
0.90625 1.03249 0.0324932
0.90625 1.03249 0.0324932
0.921875 1.03147 0.0314661
0.921875 1.03147 0.0314661
0.9375 1.03061 0.0306069
0.9375 1.03061 0.0306069
0.953125 1.02993 0.0299268
0.953125 1.02993 0.0299268
0.96875 1.02943 0.0294345
0.96875 1.02943 0.0294345
0.984375 1.02914 0.0291366
0.984375 1.02914 0.0291366
1 1.02904 0.0290369
