# x y topography
0 1.03049 0.0304897
0.015625 1.03058 0.0305798
0.015625 1.03058 0.0305798
0.03125 1.03085 0.0308491
0.03125 1.03085 0.0308491
0.046875 1.03129 0.0312942
0.046875 1.03129 0.0312942
0.0625 1.03191 0.0319096
0.0625 1.03191 0.0319096
0.078125 1.03269 0.0326879
0.078125 1.03269 0.0326879
0.09375 1.03362 0.0336195
0.09375 1.03362 0.0336195
0.109375 1.03469 0.0346931
0.109375 1.03469 0.0346931
0.125 1.0359 0.0358957
0.125 1.0359 0.0358957
0.140625 1.03721 0.0372131
0.140625 1.03721 0.0372131
0.15625 1.03863 0.0386296
0.15625 1.03863 0.0386296
0.171875 1.04013 0.0401287
0.171875 1.04013 0.0401287
0.1875 1.04169 0.0416935
0.1875 1.04169 0.0416935
0.203125 1.04331 0.0433063
0.203125 1.04331 0.0433063
0.21875 1.04495 0.0449498
0.21875 1.04495 0.0449498
0.234375 1.04661 0.0466065
0.234375 1.04661 0.0466065
0.25 1.04826 0.0482594
0.25 1.04826 0.0482594
0.265625 1.04989 0.0498923
0.265625 1.04989 0.0498923
0.28125 1.05149 0.0514896
0.28125 1.05149 0.0514896
0.296875 1.05304 0.0530369
0.296875 1.05304 0.0530369
0.3125 1.05452 0.0545205
0.3125 1.05452 0.0545205
0.328125 1.05593 0.0559282
0.328125 1.05593 0.0559282
0.34375 1.05725 0.0572486
0.34375 1.05725 0.0572486
0.359375 1.05847 0.0584718
0.359375 1.05847 0.0584718
0.375 1.05959 0.0595887
0.375 1.05959 0.0595887
0.390625 1.06059 0.0605916
0.390625 1.06059 0.0605916
0.40625 1.06147 0.0614738
0.40625 1.06147 0.0614738
0.421875 1.06223 0.0622295
0.421875 1.06223 0.0622295
0.4375 1.06285 0.0628541
0.4375 1.06285 0.0628541
0.453125 1.06334 0.0633437
0.453125 1.06334 0.0633437
0.46875 1.0637 0.0636955
0.46875 1.0637 0.0636955
0.484375 1.06391 0.0639074
0.484375 1.06391 0.0639074
0.5 1.06398 0.0639781
0.5 1.06398 0.0639781
0.515625 1.06391 0.0639074
0.515625 1.06391 0.0639074
0.53125 1.0637 0.0636955
0.53125 1.0637 0.0636955
0.546875 1.06334 0.0633437
0.546875 1.06334 0.0633437
0.5625 1.06285 0.0628541
0.5625 1.06285 0.0628541
0.578125 1.06223 0.0622295
0.578125 1.06223 0.0622295
0.59375 1.06147 0.0614738
0.59375 1.06147 0.0614738
0.609375 1.06059 0.0605916
0.609375 1.06059 0.0605916
0.625 1.05959 0.0595887
0.625 1.05959 0.0595887
0.640625 1.05847 0.0584718
0.640625 1.05847 0.0584718
0.65625 1.05725 0.0572486
0.65625 1.05725 0.0572486
0.671875 1.05593 0.0559282
0.671875 1.05593 0.0559282
0.6875 1.05452 0.0545205
0.6875 1.05452 0.0545205
0.703125 1.05304 0.0530369
0.703125 1.05304 0.0530369
0.71875 1.05149 0.0514896
0.71875 1.05149 0.0514896
0.734375 1.04989 0.0498923
0.734375 1.04989 0.0498923
0.75 1.04826 0.0482594
0.75 1.04826 0.0482594
0.765625 1.04661 0.0466065
0.765625 1.04661 0.0466065
0.78125 1.04495 0.0449498
0.78125 1.04495 0.0449498
0.796875 1.04331 0.0433063
0.796875 1.04331 0.0433063
0.8125 1.04169 0.0416935
0.8125 1.04169 0.0416935
0.828125 1.04013 0.0401287
0.828125 1.04013 0.0401287
0.84375 1.03863 0.0386296
0.84375 1.03863 0.0386296
0.859375 1.03721 0.0372131
0.859375 1.03721 0.0372131
0.875 1.0359 0.0358957
0.875 1.0359 0.0358957
0.890625 1.03469 0.0346931
0.890625 1.03469 0.0346931
0.90625 1.03362 0.0336195
0.90625 1.03362 0.0336195
0.921875 1.03269 0.0326879
0.921875 1.03269 0.0326879
0.9375 1.03191 0.0319096
0.9375 1.03191 0.0319096
0.953125 1.03129 0.0312942
0.953125 1.03129 0.0312942
0.96875 1.03085 0.0308491
0.96875 1.03085 0.0308491
0.984375 1.03058 0.0305798
0.984375 1.03058 0.0305798
1 1.03049 0.0304897
