# x y topography
0 1.02235 0.0223492
0.015625 1.0225 0.0225043
0.015625 1.0225 0.0225043
0.03125 1.02297 0.0229666
0.03125 1.02297 0.0229666
0.046875 1.02373 0.0237275
0.046875 1.02373 0.0237275
0.0625 1.02477 0.0247727
0.0625 1.02477 0.0247727
0.078125 1.02608 0.0260828
0.078125 1.02608 0.0260828
0.09375 1.02763 0.0276338
0.09375 1.02763 0.0276338
0.109375 1.0294 0.0293981
0.109375 1.0294 0.0293981
0.125 1.03134 0.0313448
0.125 1.03134 0.0313448
0.140625 1.03344 0.0334415
0.140625 1.03344 0.0334415
0.15625 1.03565 0.0356549
0.15625 1.03565 0.0356549
0.171875 1.03795 0.0379516
0.171875 1.03795 0.0379516
0.1875 1.0403 0.0402997
0.1875 1.0403 0.0402997
0.203125 1.04267 0.042669
0.203125 1.04267 0.042669
0.21875 1.04503 0.0450318
0.21875 1.04503 0.0450318
0.234375 1.04736 0.0473631
0.234375 1.04736 0.0473631
0.25 1.04964 0.0496409
0.25 1.04964 0.0496409
0.265625 1.05185 0.051846
0.265625 1.05185 0.051846
0.28125 1.05396 0.053962
0.28125 1.05396 0.053962
0.296875 1.05597 0.0559749
0.296875 1.05597 0.0559749
0.3125 1.05787 0.057873
0.3125 1.05787 0.057873
0.328125 1.05965 0.0596465
0.328125 1.05965 0.0596465
0.34375 1.06129 0.0612872
0.34375 1.06129 0.0612872
0.359375 1.06279 0.0627882
0.359375 1.06279 0.0627882
0.375 1.06414 0.064144
0.375 1.06414 0.064144
0.390625 1.06535 0.0653498
0.390625 1.06535 0.0653498
0.40625 1.0664 0.0664018
0.40625 1.0664 0.0664018
0.421875 1.0673 0.0672968
0.421875 1.0673 0.0672968
0.4375 1.06803 0.0680324
0.4375 1.06803 0.0680324
0.453125 1.06861 0.0686065
0.453125 1.06861 0.0686065
0.46875 1.06902 0.0690176
0.46875 1.06902 0.0690176
0.484375 1.06926 0.0692647
0.484375 1.06926 0.0692647
0.5 1.06935 0.0693471
0.5 1.06935 0.0693471
0.515625 1.06926 0.0692647
0.515625 1.06926 0.0692647
0.53125 1.06902 0.0690176
0.53125 1.06902 0.0690176
0.546875 1.06861 0.0686065
0.546875 1.06861 0.0686065
0.5625 1.06803 0.0680324
0.5625 1.06803 0.0680324
0.578125 1.0673 0.0672968
0.578125 1.0673 0.0672968
0.59375 1.0664 0.0664018
0.59375 1.0664 0.0664018
0.609375 1.06535 0.0653498
0.609375 1.06535 0.0653498
0.625 1.06414 0.064144
0.625 1.06414 0.064144
0.640625 1.06279 0.0627882
0.640625 1.06279 0.0627882
0.65625 1.06129 0.0612872
0.65625 1.06129 0.0612872
0.671875 1.05965 0.0596465
0.671875 1.05965 0.0596465
0.6875 1.05787 0.057873
0.6875 1.05787 0.057873
0.703125 1.05597 0.0559749
0.703125 1.05597 0.0559749
0.71875 1.05396 0.053962
0.71875 1.05396 0.053962
0.734375 1.05185 0.051846
0.734375 1.05185 0.051846
0.75 1.04964 0.0496409
0.75 1.04964 0.0496409
0.765625 1.04736 0.0473631
0.765625 1.04736 0.0473631
0.78125 1.04503 0.0450318
0.78125 1.04503 0.0450318
0.796875 1.04267 0.042669
0.796875 1.04267 0.042669
0.8125 1.0403 0.0402997
0.8125 1.0403 0.0402997
0.828125 1.03795 0.0379516
0.828125 1.03795 0.0379516
0.84375 1.03565 0.0356549
0.84375 1.03565 0.0356549
0.859375 1.03344 0.0334415
0.859375 1.03344 0.0334415
0.875 1.03134 0.0313448
0.875 1.03134 0.0313448
0.890625 1.0294 0.0293981
0.890625 1.0294 0.0293981
0.90625 1.02763 0.0276338
0.90625 1.02763 0.0276338
0.921875 1.02608 0.0260828
0.921875 1.02608 0.0260828
0.9375 1.02477 0.0247727
0.9375 1.02477 0.0247727
0.953125 1.02373 0.0237275
0.953125 1.02373 0.0237275
0.96875 1.02297 0.0229666
0.96875 1.02297 0.0229666
0.984375 1.0225 0.0225043
0.984375 1.0225 0.0225043
1 1.02235 0.0223492
