# x y topography analytical topography
0 1.02442 0.0244187 0.0246313
0.015625 1.02455 0.0245542 0.0247658
0.015625 1.02455 0.0245542 0.0247658
0.03125 1.02496 0.0249584 0.0251668
0.03125 1.02496 0.0249584 0.0251668
0.046875 1.02562 0.0256247 0.0258274
0.046875 1.02562 0.0256247 0.0258274
0.0625 1.02654 0.0265422 0.026736
0.0625 1.02654 0.0265422 0.026736
0.078125 1.0277 0.0276958 0.0278774
0.078125 1.0277 0.0276958 0.0278774
0.09375 1.02907 0.0290669 0.0292323
0.09375 1.02907 0.0290669 0.0292323
0.109375 1.03063 0.0306338 0.030779
0.109375 1.03063 0.0306338 0.030779
0.125 1.03237 0.0323721 0.0324933
0.125 1.03237 0.0323721 0.0324933
0.140625 1.03426 0.0342553 0.0343494
0.140625 1.03426 0.0342553 0.0343494
0.15625 1.03626 0.0362559 0.0363206
0.15625 1.03626 0.0362559 0.0363206
0.171875 1.03835 0.0383459 0.0383801
0.171875 1.03835 0.0383459 0.0383801
0.1875 1.0405 0.0404973 0.0405013
0.1875 1.0405 0.0404973 0.0405013
0.203125 1.04268 0.0426832 0.0426584
0.203125 1.04268 0.0426832 0.0426584
0.21875 1.04488 0.0448778 0.044827
0.21875 1.04488 0.0448778 0.044827
0.234375 1.04706 0.0470575 0.0469841
0.234375 1.04706 0.0470575 0.0469841
0.25 1.0492 0.0492002 0.0491085
0.25 1.0492 0.0492002 0.0491085
0.265625 1.05129 0.0512866 0.051181
0.265625 1.05129 0.0512866 0.051181
0.28125 1.0533 0.0532991 0.0531841
0.28125 1.0533 0.0532991 0.0531841
0.296875 1.05522 0.0552225 0.0551024
0.296875 1.05522 0.0552225 0.0551024
0.3125 1.05704 0.0570439 0.0569224
0.3125 1.05704 0.0570439 0.0569224
0.328125 1.05875 0.0587518 0.0586323
0.328125 1.05875 0.0587518 0.0586323
0.34375 1.06034 0.0603367 0.0602218
0.34375 1.06034 0.0603367 0.0602218
0.359375 1.06179 0.0617906 0.0616822
0.359375 1.06179 0.0617906 0.0616822
0.375 1.06311 0.0631066 0.0630061
0.375 1.06311 0.0631066 0.0630061
0.390625 1.06428 0.0642793 0.0641872
0.390625 1.06428 0.0642793 0.0641872
0.40625 1.0653 0.0653038 0.0652203
0.40625 1.0653 0.0653038 0.0652203
0.421875 1.06618 0.0661766 0.0661011
0.421875 1.06618 0.0661766 0.0661011
0.4375 1.06689 0.0668945 0.0668262
0.4375 1.06689 0.0668945 0.0668262
0.453125 1.06746 0.0674552 0.0673928
0.453125 1.06746 0.0674552 0.0673928
0.46875 1.06786 0.0678569 0.067799
0.46875 1.06786 0.0678569 0.067799
0.484375 1.0681 0.0680985 0.0680432
0.484375 1.0681 0.0680985 0.0680432
0.5 1.06818 0.068179 0.0681247
0.5 1.06818 0.068179 0.0681247
0.515625 1.0681 0.0680985 0.0680432
0.515625 1.0681 0.0680985 0.0680432
0.53125 1.06786 0.0678569 0.067799
0.53125 1.06786 0.0678569 0.067799
0.546875 1.06746 0.0674552 0.0673928
0.546875 1.06746 0.0674552 0.0673928
0.5625 1.06689 0.0668945 0.0668262
0.5625 1.06689 0.0668945 0.0668262
0.578125 1.06618 0.0661766 0.0661011
0.578125 1.06618 0.0661766 0.0661011
0.59375 1.0653 0.0653038 0.0652203
0.59375 1.0653 0.0653038 0.0652203
0.609375 1.06428 0.0642793 0.0641872
0.609375 1.06428 0.0642793 0.0641872
0.625 1.06311 0.0631066 0.0630061
0.625 1.06311 0.0631066 0.0630061
0.640625 1.06179 0.0617906 0.0616822
0.640625 1.06179 0.0617906 0.0616822
0.65625 1.06034 0.0603367 0.0602218
0.65625 1.06034 0.0603367 0.0602218
0.671875 1.05875 0.0587518 0.0586323
0.671875 1.05875 0.0587518 0.0586323
0.6875 1.05704 0.0570439 0.0569224
0.6875 1.05704 0.0570439 0.0569224
0.703125 1.05522 0.0552225 0.0551024
0.703125 1.05522 0.0552225 0.0551024
0.71875 1.0533 0.0532991 0.0531841
0.71875 1.0533 0.0532991 0.0531841
0.734375 1.05129 0.0512866 0.051181
0.734375 1.05129 0.0512866 0.051181
0.75 1.0492 0.0492002 0.0491085
0.75 1.0492 0.0492002 0.0491085
0.765625 1.04706 0.0470575 0.0469841
0.765625 1.04706 0.0470575 0.0469841
0.78125 1.04488 0.0448778 0.044827
0.78125 1.04488 0.0448778 0.044827
0.796875 1.04268 0.0426832 0.0426584
0.796875 1.04268 0.0426832 0.0426584
0.8125 1.0405 0.0404973 0.0405013
0.8125 1.0405 0.0404973 0.0405013
0.828125 1.03835 0.0383459 0.0383801
0.828125 1.03835 0.0383459 0.0383801
0.84375 1.03626 0.0362559 0.0363206
0.84375 1.03626 0.0362559 0.0363206
0.859375 1.03426 0.0342553 0.0343494
0.859375 1.03426 0.0342553 0.0343494
0.875 1.03237 0.0323721 0.0324933
0.875 1.03237 0.0323721 0.0324933
0.890625 1.03063 0.0306338 0.030779
0.890625 1.03063 0.0306338 0.030779
0.90625 1.02907 0.0290669 0.0292323
0.90625 1.02907 0.0290669 0.0292323
0.921875 1.0277 0.0276958 0.0278774
0.921875 1.0277 0.0276958 0.0278774
0.9375 1.02654 0.0265422 0.026736
0.9375 1.02654 0.0265422 0.026736
0.953125 1.02562 0.0256247 0.0258274
0.953125 1.02562 0.0256247 0.0258274
0.96875 1.02496 0.0249584 0.0251668
0.96875 1.02496 0.0249584 0.0251668
0.984375 1.02455 0.0245542 0.0247658
0.984375 1.02455 0.0245542 0.0247658
1 1.02442 0.0244187 0.0246313
