# x y topography analytical topography
0 1.03424 0.0342421 0.0344005
0.015625 1.03431 0.0343098 0.0344675
0.015625 1.03431 0.0343098 0.0344675
0.03125 1.03451 0.0345121 0.0346677
0.03125 1.03451 0.0345121 0.0346677
0.046875 1.03485 0.034847 0.0349988
0.046875 1.03485 0.034847 0.0349988
0.0625 1.03531 0.0353106 0.0354572
0.0625 1.03531 0.0353106 0.0354572
0.078125 1.0359 0.035898 0.0360378
0.078125 1.0359 0.035898 0.0360378
0.09375 1.0366 0.0366028 0.0367342
0.09375 1.0366 0.0366028 0.0367342
0.109375 1.03742 0.0374173 0.0375386
0.109375 1.03742 0.0374173 0.0375386
0.125 1.03833 0.0383327 0.0384423
0.125 1.03833 0.0383327 0.0384423
0.140625 1.03934 0.0393392 0.0394356
0.140625 1.03934 0.0393392 0.0394356
0.15625 1.04043 0.040426 0.0405078
0.15625 1.04043 0.040426 0.0405078
0.171875 1.04158 0.0415815 0.0416476
0.171875 1.04158 0.0415815 0.0416476
0.1875 1.04279 0.0427936 0.0428431
0.1875 1.04279 0.0427936 0.0428431
0.203125 1.04405 0.0440496 0.044082
0.203125 1.04405 0.0440496 0.044082
0.21875 1.04534 0.0453366 0.0453516
0.21875 1.04534 0.0453366 0.0453516
0.234375 1.04664 0.0466415 0.0466393
0.234375 1.04664 0.0466415 0.0466393
0.25 1.04795 0.0479513 0.0479324
0.25 1.04795 0.0479513 0.0479324
0.265625 1.04925 0.049253 0.0492184
0.265625 1.04925 0.049253 0.0492184
0.28125 1.05053 0.0505342 0.0504849
0.28125 1.05053 0.0505342 0.0504849
0.296875 1.05178 0.0517827 0.0517202
0.296875 1.05178 0.0517827 0.0517202
0.3125 1.05299 0.052987 0.0529128
0.3125 1.05299 0.052987 0.0529128
0.328125 1.05414 0.0541361 0.054052
0.328125 1.05414 0.0541361 0.054052
0.34375 1.05522 0.0552199 0.0551275
0.34375 1.05522 0.0552199 0.0551275
0.359375 1.05623 0.0562291 0.0561299
0.359375 1.05623 0.0562291 0.0561299
0.375 1.05715 0.057155 0.0570507
0.375 1.05715 0.057155 0.0570507
0.390625 1.05799 0.05799 0.0578818
0.390625 1.05799 0.05799 0.0578818
0.40625 1.05873 0.0587274 0.0586165
0.40625 1.05873 0.0587274 0.0586165
0.421875 1.05936 0.0593612 0.0592485
0.421875 1.05936 0.0593612 0.0592485
0.4375 1.05989 0.0598865 0.0597728
0.4375 1.05989 0.0598865 0.0597728
0.453125 1.0603 0.0602993 0.0601849
0.453125 1.0603 0.0602993 0.0601849
0.46875 1.0606 0.0605964 0.0604817
0.46875 1.0606 0.0605964 0.0604817
0.484375 1.06078 0.0607755 0.0606607
0.484375 1.06078 0.0607755 0.0606607
0.5 1.06084 0.0608354 0.0607206
0.5 1.06084 0.0608354 0.0607206
0.515625 1.06078 0.0607755 0.0606607
0.515625 1.06078 0.0607755 0.0606607
0.53125 1.0606 0.0605964 0.0604817
0.53125 1.0606 0.0605964 0.0604817
0.546875 1.0603 0.0602993 0.0601849
0.546875 1.0603 0.0602993 0.0601849
0.5625 1.05989 0.0598865 0.0597728
0.5625 1.05989 0.0598865 0.0597728
0.578125 1.05936 0.0593612 0.0592485
0.578125 1.05936 0.0593612 0.0592485
0.59375 1.05873 0.0587274 0.0586165
0.59375 1.05873 0.0587274 0.0586165
0.609375 1.05799 0.05799 0.0578818
0.609375 1.05799 0.05799 0.0578818
0.625 1.05715 0.057155 0.0570507
0.625 1.05715 0.057155 0.0570507
0.640625 1.05623 0.0562291 0.0561299
0.640625 1.05623 0.0562291 0.0561299
0.65625 1.05522 0.0552199 0.0551275
0.65625 1.05522 0.0552199 0.0551275
0.671875 1.05414 0.0541361 0.054052
0.671875 1.05414 0.0541361 0.054052
0.6875 1.05299 0.052987 0.0529128
0.6875 1.05299 0.052987 0.0529128
0.703125 1.05178 0.0517827 0.0517202
0.703125 1.05178 0.0517827 0.0517202
0.71875 1.05053 0.0505342 0.0504849
0.71875 1.05053 0.0505342 0.0504849
0.734375 1.04925 0.049253 0.0492184
0.734375 1.04925 0.049253 0.0492184
0.75 1.04795 0.0479513 0.0479324
0.75 1.04795 0.0479513 0.0479324
0.765625 1.04664 0.0466415 0.0466393
0.765625 1.04664 0.0466415 0.0466393
0.78125 1.04534 0.0453366 0.0453516
0.78125 1.04534 0.0453366 0.0453516
0.796875 1.04405 0.0440496 0.044082
0.796875 1.04405 0.0440496 0.044082
0.8125 1.04279 0.0427936 0.0428431
0.8125 1.04279 0.0427936 0.0428431
0.828125 1.04158 0.0415815 0.0416476
0.828125 1.04158 0.0415815 0.0416476
0.84375 1.04043 0.040426 0.0405078
0.84375 1.04043 0.040426 0.0405078
0.859375 1.03934 0.0393392 0.0394356
0.859375 1.03934 0.0393392 0.0394356
0.875 1.03833 0.0383327 0.0384423
0.875 1.03833 0.0383327 0.0384423
0.890625 1.03742 0.0374173 0.0375386
0.890625 1.03742 0.0374173 0.0375386
0.90625 1.0366 0.0366028 0.0367342
0.90625 1.0366 0.0366028 0.0367342
0.921875 1.0359 0.035898 0.0360378
0.921875 1.0359 0.035898 0.0360378
0.9375 1.03531 0.0353106 0.0354572
0.9375 1.03531 0.0353106 0.0354572
0.953125 1.03485 0.034847 0.0349988
0.953125 1.03485 0.034847 0.0349988
0.96875 1.03451 0.0345121 0.0346677
0.96875 1.03451 0.0345121 0.0346677
0.984375 1.03431 0.0343098 0.0344675
0.984375 1.03431 0.0343098 0.0344675
1 1.03424 0.0342421 0.0344005
