# x y topography analytical topography
0 1.02873 0.0287279 0.0289227
0.015625 1.02883 0.0288298 0.0290237
0.015625 1.02883 0.0288298 0.0290237
0.03125 1.02913 0.0291341 0.0293252
0.03125 1.02913 0.0291341 0.0293252
0.046875 1.02964 0.0296367 0.0298231
0.046875 1.02964 0.0296367 0.0298231
0.0625 1.03033 0.0303311 0.0305105
0.0625 1.03033 0.0303311 0.0305105
0.078125 1.03121 0.0312081 0.0313781
0.078125 1.03121 0.0312081 0.0313781
0.09375 1.03226 0.0322563 0.0324141
0.09375 1.03226 0.0322563 0.0324141
0.109375 1.03346 0.033462 0.033605
0.109375 1.03346 0.033462 0.033605
0.125 1.03481 0.0348097 0.0349351
0.125 1.03481 0.0348097 0.0349351
0.140625 1.03628 0.0362823 0.0363877
0.140625 1.03628 0.0362823 0.0363877
0.15625 1.03786 0.0378615 0.0379447
0.15625 1.03786 0.0378615 0.0379447
0.171875 1.03953 0.039528 0.0395874
0.171875 1.03953 0.039528 0.0395874
0.1875 1.04126 0.0412618 0.0412966
0.1875 1.04126 0.0412618 0.0412966
0.203125 1.04304 0.0430429 0.043053
0.203125 1.04304 0.0430429 0.043053
0.21875 1.04485 0.0448515 0.0448376
0.21875 1.04485 0.0448515 0.0448376
0.234375 1.04667 0.046668 0.0466316
0.234375 1.04667 0.046668 0.0466316
0.25 1.04847 0.0484738 0.0484171
0.25 1.04847 0.0484738 0.0484171
0.265625 1.05025 0.0502512 0.0501768
0.265625 1.05025 0.0502512 0.0501768
0.28125 1.05198 0.0519836 0.0518946
0.28125 1.05198 0.0519836 0.0518946
0.296875 1.05366 0.0536557 0.0535553
0.296875 1.05366 0.0536557 0.0535553
0.3125 1.05525 0.0552537 0.055145
0.3125 1.05525 0.0552537 0.055145
0.328125 1.05676 0.0567648 0.0566511
0.328125 1.05676 0.0567648 0.0566511
0.34375 1.05818 0.058178 0.058062
0.34375 1.05818 0.058178 0.058062
0.359375 1.05948 0.0594833 0.0593674
0.359375 1.05948 0.0594833 0.0593674
0.375 1.06067 0.0606722 0.0605582
0.375 1.06067 0.0606722 0.0605582
0.390625 1.06174 0.0617372 0.0616266
0.390625 1.06174 0.0617372 0.0616266
0.40625 1.06267 0.0626721 0.0625657
0.40625 1.06267 0.0626721 0.0625657
0.421875 1.06347 0.0634715 0.0633697
0.421875 1.06347 0.0634715 0.0633697
0.4375 1.06413 0.0641312 0.0640338
0.4375 1.06413 0.0641312 0.0640338
0.453125 1.06465 0.0646477 0.0645542
0.453125 1.06465 0.0646477 0.0645542
0.46875 1.06502 0.0650184 0.064928
0.46875 1.06502 0.0650184 0.064928
0.484375 1.06524 0.0652416 0.0651531
0.484375 1.06524 0.0652416 0.0651531
0.5 1.06532 0.0653161 0.0652283
0.5 1.06532 0.0653161 0.0652283
0.515625 1.06524 0.0652416 0.0651531
0.515625 1.06524 0.0652416 0.0651531
0.53125 1.06502 0.0650184 0.064928
0.53125 1.06502 0.0650184 0.064928
0.546875 1.06465 0.0646477 0.0645542
0.546875 1.06465 0.0646477 0.0645542
0.5625 1.06413 0.0641312 0.0640338
0.5625 1.06413 0.0641312 0.0640338
0.578125 1.06347 0.0634715 0.0633697
0.578125 1.06347 0.0634715 0.0633697
0.59375 1.06267 0.0626721 0.0625657
0.59375 1.06267 0.0626721 0.0625657
0.609375 1.06174 0.0617372 0.0616266
0.609375 1.06174 0.0617372 0.0616266
0.625 1.06067 0.0606722 0.0605582
0.625 1.06067 0.0606722 0.0605582
0.640625 1.05948 0.0594833 0.0593674
0.640625 1.05948 0.0594833 0.0593674
0.65625 1.05818 0.058178 0.058062
0.65625 1.05818 0.058178 0.058062
0.671875 1.05676 0.0567648 0.0566511
0.671875 1.05676 0.0567648 0.0566511
0.6875 1.05525 0.0552537 0.055145
0.6875 1.05525 0.0552537 0.055145
0.703125 1.05366 0.0536557 0.0535553
0.703125 1.05366 0.0536557 0.0535553
0.71875 1.05198 0.0519836 0.0518946
0.71875 1.05198 0.0519836 0.0518946
0.734375 1.05025 0.0502512 0.0501768
0.734375 1.05025 0.0502512 0.0501768
0.75 1.04847 0.0484738 0.0484171
0.75 1.04847 0.0484738 0.0484171
0.765625 1.04667 0.046668 0.0466316
0.765625 1.04667 0.046668 0.0466316
0.78125 1.04485 0.0448515 0.0448376
0.78125 1.04485 0.0448515 0.0448376
0.796875 1.04304 0.0430429 0.043053
0.796875 1.04304 0.0430429 0.043053
0.8125 1.04126 0.0412618 0.0412966
0.8125 1.04126 0.0412618 0.0412966
0.828125 1.03953 0.039528 0.0395874
0.828125 1.03953 0.039528 0.0395874
0.84375 1.03786 0.0378615 0.0379447
0.84375 1.03786 0.0378615 0.0379447
0.859375 1.03628 0.0362823 0.0363877
0.859375 1.03628 0.0362823 0.0363877
0.875 1.03481 0.0348097 0.0349351
0.875 1.03481 0.0348097 0.0349351
0.890625 1.03346 0.033462 0.033605
0.890625 1.03346 0.033462 0.033605
0.90625 1.03226 0.0322563 0.0324141
0.90625 1.03226 0.0322563 0.0324141
0.921875 1.03121 0.0312081 0.0313781
0.921875 1.03121 0.0312081 0.0313781
0.9375 1.03033 0.0303311 0.0305105
0.9375 1.03033 0.0303311 0.0305105
0.953125 1.02964 0.0296367 0.0298231
0.953125 1.02964 0.0296367 0.0298231
0.96875 1.02913 0.0291341 0.0293252
0.96875 1.02913 0.0291341 0.0293252
0.984375 1.02883 0.0288298 0.0290237
0.984375 1.02883 0.0288298 0.0290237
1 1.02873 0.0287279 0.0289227
