# x y topography analytical topography
0 1.03164 0.031638 0.0318154
0.015625 1.03172 0.0317209 0.0318975
0.015625 1.03172 0.0317209 0.0318975
0.03125 1.03197 0.0319687 0.0321428
0.03125 1.03197 0.0319687 0.0321428
0.046875 1.03238 0.0323785 0.0325484
0.046875 1.03238 0.0323785 0.0325484
0.0625 1.03295 0.0329454 0.0331093
0.0625 1.03295 0.0329454 0.0331093
0.078125 1.03366 0.0336628 0.0338186
0.078125 1.03366 0.0336628 0.0338186
0.09375 1.03452 0.0345222 0.034668
0.09375 1.03452 0.0345222 0.034668
0.109375 1.03551 0.0355136 0.0356472
0.109375 1.03551 0.0355136 0.0356472
0.125 1.03663 0.0366255 0.0367449
0.125 1.03663 0.0366255 0.0367449
0.140625 1.03785 0.037845 0.0379483
0.140625 1.03785 0.037845 0.0379483
0.15625 1.03916 0.0391583 0.0392437
0.15625 1.03916 0.0391583 0.0392437
0.171875 1.04055 0.0405505 0.0406166
0.171875 1.04055 0.0405505 0.0406166
0.1875 1.04201 0.0420062 0.0420521
0.1875 1.04201 0.0420062 0.0420521
0.203125 1.04351 0.0435095 0.0435346
0.203125 1.04351 0.0435095 0.0435346
0.21875 1.04504 0.0450443 0.0450488
0.21875 1.04504 0.0450443 0.0450488
0.234375 1.04659 0.0465947 0.0465791
0.234375 1.04659 0.0465947 0.0465791
0.25 1.04814 0.0481447 0.0481103
0.25 1.04814 0.0481447 0.0481103
0.265625 1.04968 0.0496792 0.0496274
0.265625 1.04968 0.0496792 0.0496274
0.28125 1.05118 0.0511835 0.0511163
0.28125 1.05118 0.0511835 0.0511163
0.296875 1.05264 0.0526436 0.0525633
0.296875 1.05264 0.0526436 0.0525633
0.3125 1.05405 0.0540465 0.0539554
0.3125 1.05405 0.0540465 0.0539554
0.328125 1.05538 0.0553802 0.0552806
0.328125 1.05538 0.0553802 0.0552806
0.34375 1.05663 0.0566335 0.0565278
0.34375 1.05663 0.0566335 0.0565278
0.359375 1.0578 0.0577966 0.0576867
0.359375 1.0578 0.0577966 0.0576867
0.375 1.05886 0.0588603 0.0587481
0.375 1.05886 0.0588603 0.0587481
0.390625 1.05982 0.0598168 0.0597038
0.390625 1.05982 0.0598168 0.0597038
0.40625 1.06066 0.0606593 0.0605466
0.40625 1.06066 0.0606593 0.0605466
0.421875 1.06138 0.0613818 0.0612701
0.421875 1.06138 0.0613818 0.0612701
0.4375 1.06198 0.0619795 0.0618692
0.4375 1.06198 0.0619795 0.0618692
0.453125 1.06245 0.0624484 0.0623396
0.453125 1.06245 0.0624484 0.0623396
0.46875 1.06279 0.0627855 0.0626779
0.46875 1.06279 0.0627855 0.0626779
0.484375 1.06299 0.0629886 0.0628819
0.484375 1.06299 0.0629886 0.0628819
0.5 1.06306 0.0630565 0.06295
0.5 1.06306 0.0630565 0.06295
0.515625 1.06299 0.0629886 0.0628819
0.515625 1.06299 0.0629886 0.0628819
0.53125 1.06279 0.0627855 0.0626779
0.53125 1.06279 0.0627855 0.0626779
0.546875 1.06245 0.0624484 0.0623396
0.546875 1.06245 0.0624484 0.0623396
0.5625 1.06198 0.0619795 0.0618692
0.5625 1.06198 0.0619795 0.0618692
0.578125 1.06138 0.0613818 0.0612701
0.578125 1.06138 0.0613818 0.0612701
0.59375 1.06066 0.0606593 0.0605466
0.59375 1.06066 0.0606593 0.0605466
0.609375 1.05982 0.0598168 0.0597038
0.609375 1.05982 0.0598168 0.0597038
0.625 1.05886 0.0588603 0.0587481
0.625 1.05886 0.0588603 0.0587481
0.640625 1.0578 0.0577966 0.0576867
0.640625 1.0578 0.0577966 0.0576867
0.65625 1.05663 0.0566335 0.0565278
0.65625 1.05663 0.0566335 0.0565278
0.671875 1.05538 0.0553802 0.0552806
0.671875 1.05538 0.0553802 0.0552806
0.6875 1.05405 0.0540465 0.0539554
0.6875 1.05405 0.0540465 0.0539554
0.703125 1.05264 0.0526436 0.0525633
0.703125 1.05264 0.0526436 0.0525633
0.71875 1.05118 0.0511835 0.0511163
0.71875 1.05118 0.0511835 0.0511163
0.734375 1.04968 0.0496792 0.0496274
0.734375 1.04968 0.0496792 0.0496274
0.75 1.04814 0.0481447 0.0481103
0.75 1.04814 0.0481447 0.0481103
0.765625 1.04659 0.0465947 0.0465791
0.765625 1.04659 0.0465947 0.0465791
0.78125 1.04504 0.0450443 0.0450488
0.78125 1.04504 0.0450443 0.0450488
0.796875 1.04351 0.0435095 0.0435346
0.796875 1.04351 0.0435095 0.0435346
0.8125 1.04201 0.0420062 0.0420521
0.8125 1.04201 0.0420062 0.0420521
0.828125 1.04055 0.0405505 0.0406166
0.828125 1.04055 0.0405505 0.0406166
0.84375 1.03916 0.0391583 0.0392437
0.84375 1.03916 0.0391583 0.0392437
0.859375 1.03785 0.037845 0.0379483
0.859375 1.03785 0.037845 0.0379483
0.875 1.03663 0.0366255 0.0367449
0.875 1.03663 0.0366255 0.0367449
0.890625 1.03551 0.0355136 0.0356472
0.890625 1.03551 0.0355136 0.0356472
0.90625 1.03452 0.0345222 0.034668
0.90625 1.03452 0.0345222 0.034668
0.921875 1.03366 0.0336628 0.0338186
0.921875 1.03366 0.0336628 0.0338186
0.9375 1.03295 0.0329454 0.0331093
0.9375 1.03295 0.0329454 0.0331093
0.953125 1.03238 0.0323785 0.0325484
0.953125 1.03238 0.0323785 0.0325484
0.96875 1.03197 0.0319687 0.0321428
0.96875 1.03197 0.0319687 0.0321428
0.984375 1.03172 0.0317209 0.0318975
0.984375 1.03172 0.0317209 0.0318975
1 1.03164 0.031638 0.0318154
