# x y topography analytical topography
0 1.02731 0.0273094 0.0275111
0.015625 1.02742 0.0274215 0.0276222
0.015625 1.02742 0.0274215 0.0276222
0.03125 1.02776 0.0277561 0.027954
0.03125 1.02776 0.0277561 0.027954
0.046875 1.02831 0.0283086 0.0285014
0.046875 1.02831 0.0283086 0.0285014
0.0625 1.02907 0.0290711 0.0292565
0.0625 1.02907 0.0290711 0.0292565
0.078125 1.03003 0.0300331 0.0302082
0.078125 1.03003 0.0300331 0.0302082
0.09375 1.03118 0.031181 0.0313428
0.09375 1.03118 0.031181 0.0313428
0.109375 1.0325 0.0324991 0.0326445
0.109375 1.0325 0.0324991 0.0326445
0.125 1.03397 0.0339694 0.0340954
0.125 1.03397 0.0339694 0.0340954
0.140625 1.03557 0.0355721 0.0356759
0.140625 1.03557 0.0355721 0.0356759
0.15625 1.03729 0.0372864 0.0373657
0.15625 1.03729 0.0372864 0.0373657
0.171875 1.03909 0.0390903 0.0391435
0.171875 1.03909 0.0390903 0.0391435
0.1875 1.04096 0.0409614 0.040988
0.1875 1.04096 0.0409614 0.040988
0.203125 1.04288 0.0428775 0.0428777
0.203125 1.04288 0.0428775 0.0428777
0.21875 1.04482 0.0448168 0.0447918
0.21875 1.04482 0.0448168 0.0447918
0.234375 1.04676 0.0467581 0.0467099
0.234375 1.04676 0.0467581 0.0467099
0.25 1.04868 0.0486816 0.048613
0.25 1.04868 0.0486816 0.048613
0.265625 1.05057 0.0505685 0.0504828
0.265625 1.05057 0.0505685 0.0504828
0.28125 1.0524 0.0524017 0.0523026
0.28125 1.0524 0.0524017 0.0523026
0.296875 1.05417 0.0541657 0.0540567
0.296875 1.05417 0.0541657 0.0540567
0.3125 1.05585 0.0558464 0.0557312
0.3125 1.05585 0.0558464 0.0557312
0.328125 1.05743 0.0574314 0.0573132
0.328125 1.05743 0.0574314 0.0573132
0.34375 1.05891 0.0589098 0.0587916
0.34375 1.05891 0.0589098 0.0587916
0.359375 1.06027 0.0602722 0.0601563
0.359375 1.06027 0.0602722 0.0601563
0.375 1.06151 0.0615104 0.0613987
0.375 1.06151 0.0615104 0.0613987
0.390625 1.06262 0.0626174 0.0625111
0.390625 1.06262 0.0626174 0.0625111
0.40625 1.06359 0.0635876 0.0634873
0.40625 1.06359 0.0635876 0.0634873
0.421875 1.06442 0.0644161 0.0643218
0.421875 1.06442 0.0644161 0.0643218
0.4375 1.0651 0.0650989 0.0650103
0.4375 1.0651 0.0650989 0.0650103
0.453125 1.06563 0.065633 0.0655493
0.453125 1.06563 0.065633 0.0655493
0.46875 1.06602 0.0660161 0.0659362
0.46875 1.06602 0.0660161 0.0659362
0.484375 1.06625 0.0662467 0.066169
0.484375 1.06625 0.0662467 0.066169
0.5 1.06632 0.0663236 0.0662468
0.5 1.06632 0.0663236 0.0662468
0.515625 1.06625 0.0662467 0.066169
0.515625 1.06625 0.0662467 0.066169
0.53125 1.06602 0.0660161 0.0659362
0.53125 1.06602 0.0660161 0.0659362
0.546875 1.06563 0.065633 0.0655493
0.546875 1.06563 0.065633 0.0655493
0.5625 1.0651 0.0650989 0.0650103
0.5625 1.0651 0.0650989 0.0650103
0.578125 1.06442 0.0644161 0.0643218
0.578125 1.06442 0.0644161 0.0643218
0.59375 1.06359 0.0635876 0.0634873
0.59375 1.06359 0.0635876 0.0634873
0.609375 1.06262 0.0626174 0.0625111
0.609375 1.06262 0.0626174 0.0625111
0.625 1.06151 0.0615104 0.0613987
0.625 1.06151 0.0615104 0.0613987
0.640625 1.06027 0.0602722 0.0601563
0.640625 1.06027 0.0602722 0.0601563
0.65625 1.05891 0.0589098 0.0587916
0.65625 1.05891 0.0589098 0.0587916
0.671875 1.05743 0.0574314 0.0573132
0.671875 1.05743 0.0574314 0.0573132
0.6875 1.05585 0.0558464 0.0557312
0.6875 1.05585 0.0558464 0.0557312
0.703125 1.05417 0.0541657 0.0540567
0.703125 1.05417 0.0541657 0.0540567
0.71875 1.0524 0.0524017 0.0523026
0.71875 1.0524 0.0524017 0.0523026
0.734375 1.05057 0.0505685 0.0504828
0.734375 1.05057 0.0505685 0.0504828
0.75 1.04868 0.0486816 0.048613
0.75 1.04868 0.0486816 0.048613
0.765625 1.04676 0.0467581 0.0467099
0.765625 1.04676 0.0467581 0.0467099
0.78125 1.04482 0.0448168 0.0447918
0.78125 1.04482 0.0448168 0.0447918
0.796875 1.04288 0.0428775 0.0428777
0.796875 1.04288 0.0428775 0.0428777
0.8125 1.04096 0.0409614 0.040988
0.8125 1.04096 0.0409614 0.040988
0.828125 1.03909 0.0390903 0.0391435
0.828125 1.03909 0.0390903 0.0391435
0.84375 1.03729 0.0372864 0.0373657
0.84375 1.03729 0.0372864 0.0373657
0.859375 1.03557 0.0355721 0.0356759
0.859375 1.03557 0.0355721 0.0356759
0.875 1.03397 0.0339694 0.0340954
0.875 1.03397 0.0339694 0.0340954
0.890625 1.0325 0.0324991 0.0326445
0.890625 1.0325 0.0324991 0.0326445
0.90625 1.03118 0.031181 0.0313428
0.90625 1.03118 0.031181 0.0313428
0.921875 1.03003 0.0300331 0.0302082
0.921875 1.03003 0.0300331 0.0302082
0.9375 1.02907 0.0290711 0.0292565
0.9375 1.02907 0.0290711 0.0292565
0.953125 1.02831 0.0283086 0.0285014
0.953125 1.02831 0.0283086 0.0285014
0.96875 1.02776 0.0277561 0.027954
0.96875 1.02776 0.0277561 0.027954
0.984375 1.02742 0.0274215 0.0276222
0.984375 1.02742 0.0274215 0.0276222
1 1.02731 0.0273094 0.0275111
