# x y topography analytical topography
0 1.01616 0.0161577 0.0163793
0.015625 1.0164 0.016396 0.0166155
0.015625 1.0164 0.016396 0.0166155
0.03125 1.0171 0.017103 0.0173156
0.03125 1.0171 0.017103 0.0173156
0.046875 1.01826 0.0182559 0.0184557
0.046875 1.01826 0.0182559 0.0184557
0.0625 1.01982 0.0198179 0.0199976
0.0625 1.01982 0.0198179 0.0199976
0.078125 1.02174 0.0217405 0.0218928
0.078125 1.02174 0.0217405 0.0218928
0.09375 1.02397 0.0239668 0.0240854
0.09375 1.02397 0.0239668 0.0240854
0.109375 1.02644 0.0264355 0.0265162
0.109375 1.02644 0.0264355 0.0265162
0.125 1.02908 0.0290845 0.0291264
0.125 1.02908 0.0290845 0.0291264
0.140625 1.03185 0.0318549 0.03186
0.140625 1.03185 0.0318549 0.03186
0.15625 1.03469 0.0346934 0.0346666
0.15625 1.03469 0.0346934 0.0346666
0.171875 1.03755 0.0375544 0.0375017
0.171875 1.03755 0.0375544 0.0375017
0.1875 1.0404 0.0403999 0.0403281
0.1875 1.0404 0.0403999 0.0403281
0.203125 1.0432 0.0431995 0.0431147
0.203125 1.0432 0.0431995 0.0431147
0.21875 1.04593 0.0459292 0.0458369
0.21875 1.04593 0.0459292 0.0458369
0.234375 1.04857 0.0485701 0.0484747
0.234375 1.04857 0.0485701 0.0484747
0.25 1.05111 0.0511077 0.0510126
0.25 1.05111 0.0511077 0.0510126
0.265625 1.05353 0.0535304 0.053438
0.265625 1.05353 0.0535304 0.053438
0.28125 1.05583 0.055829 0.0557411
0.28125 1.05583 0.055829 0.0557411
0.296875 1.058 0.0579957 0.0579137
0.296875 1.058 0.0579957 0.0579137
0.3125 1.06002 0.0600243 0.0599488
0.3125 1.06002 0.0600243 0.0599488
0.328125 1.06191 0.061909 0.0618407
0.328125 1.06191 0.061909 0.0618407
0.34375 1.06365 0.0636452 0.0635843
0.34375 1.06365 0.0636452 0.0635843
0.359375 1.06523 0.0652284 0.065175
0.359375 1.06523 0.0652284 0.065175
0.375 1.06665 0.066655 0.0666089
0.375 1.06665 0.066655 0.0666089
0.390625 1.06792 0.0679215 0.0678824
0.390625 1.06792 0.0679215 0.0678824
0.40625 1.06903 0.0690251 0.0689924
0.40625 1.06903 0.0690251 0.0689924
0.421875 1.06996 0.0699631 0.0699362
0.421875 1.06996 0.0699631 0.0699362
0.4375 1.07073 0.0707335 0.0707115
0.4375 1.07073 0.0707335 0.0707115
0.453125 1.07133 0.0713345 0.0713165
0.453125 1.07133 0.0713345 0.0713165
0.46875 1.07176 0.0717648 0.0717496
0.46875 1.07176 0.0717648 0.0717496
0.484375 1.07202 0.0720234 0.07201
0.484375 1.07202 0.0720234 0.07201
0.5 1.07211 0.0721096 0.0720968
0.5 1.07211 0.0721096 0.0720968
0.515625 1.07202 0.0720234 0.07201
0.515625 1.07202 0.0720234 0.07201
0.53125 1.07176 0.0717648 0.0717496
0.53125 1.07176 0.0717648 0.0717496
0.546875 1.07133 0.0713345 0.0713165
0.546875 1.07133 0.0713345 0.0713165
0.5625 1.07073 0.0707335 0.0707115
0.5625 1.07073 0.0707335 0.0707115
0.578125 1.06996 0.0699631 0.0699362
0.578125 1.06996 0.0699631 0.0699362
0.59375 1.06903 0.0690251 0.0689924
0.59375 1.06903 0.0690251 0.0689924
0.609375 1.06792 0.0679215 0.0678824
0.609375 1.06792 0.0679215 0.0678824
0.625 1.06665 0.066655 0.0666089
0.625 1.06665 0.066655 0.0666089
0.640625 1.06523 0.0652284 0.065175
0.640625 1.06523 0.0652284 0.065175
0.65625 1.06365 0.0636452 0.0635843
0.65625 1.06365 0.0636452 0.0635843
0.671875 1.06191 0.061909 0.0618407
0.671875 1.06191 0.061909 0.0618407
0.6875 1.06002 0.0600243 0.0599488
0.6875 1.06002 0.0600243 0.0599488
0.703125 1.058 0.0579957 0.0579137
0.703125 1.058 0.0579957 0.0579137
0.71875 1.05583 0.055829 0.0557411
0.71875 1.05583 0.055829 0.0557411
0.734375 1.05353 0.0535304 0.053438
0.734375 1.05353 0.0535304 0.053438
0.75 1.05111 0.0511077 0.0510126
0.75 1.05111 0.0511077 0.0510126
0.765625 1.04857 0.0485701 0.0484747
0.765625 1.04857 0.0485701 0.0484747
0.78125 1.04593 0.0459292 0.0458369
0.78125 1.04593 0.0459292 0.0458369
0.796875 1.0432 0.0431995 0.0431147
0.796875 1.0432 0.0431995 0.0431147
0.8125 1.0404 0.0403999 0.0403281
0.8125 1.0404 0.0403999 0.0403281
0.828125 1.03755 0.0375544 0.0375017
0.828125 1.03755 0.0375544 0.0375017
0.84375 1.03469 0.0346934 0.0346666
0.84375 1.03469 0.0346934 0.0346666
0.859375 1.03185 0.0318549 0.03186
0.859375 1.03185 0.0318549 0.03186
0.875 1.02908 0.0290845 0.0291264
0.875 1.02908 0.0290845 0.0291264
0.890625 1.02644 0.0264355 0.0265162
0.890625 1.02644 0.0264355 0.0265162
0.90625 1.02397 0.0239668 0.0240854
0.90625 1.02397 0.0239668 0.0240854
0.921875 1.02174 0.0217405 0.0218928
0.921875 1.02174 0.0217405 0.0218928
0.9375 1.01982 0.0198179 0.0199976
0.9375 1.01982 0.0198179 0.0199976
0.953125 1.01826 0.0182559 0.0184557
0.953125 1.01826 0.0182559 0.0184557
0.96875 1.0171 0.017103 0.0173156
0.96875 1.0171 0.017103 0.0173156
0.984375 1.0164 0.016396 0.0166155
0.984375 1.0164 0.016396 0.0166155
1 1.01616 0.0161577 0.0163793
