# x y topography analytical topography
0 1.0217 0.0217027 0.0219216
0.015625 1.02186 0.0218646 0.0220822
0.015625 1.02186 0.0218646 0.0220822
0.03125 1.02235 0.0223469 0.0225609
0.03125 1.02235 0.0223469 0.0225609
0.046875 1.02314 0.0231401 0.0233474
0.046875 1.02314 0.0231401 0.0233474
0.0625 1.02423 0.0242288 0.0244254
0.0625 1.02423 0.0242288 0.0244254
0.078125 1.02559 0.0255918 0.0257733
0.078125 1.02559 0.0255918 0.0257733
0.09375 1.0272 0.027203 0.0273645
0.09375 1.0272 0.027203 0.0273645
0.109375 1.02903 0.0290326 0.0291691
0.109375 1.02903 0.0290326 0.0291691
0.125 1.03105 0.0310475 0.0311549
0.125 1.03105 0.0310475 0.0311549
0.140625 1.03321 0.0332129 0.0332881
0.140625 1.03321 0.0332129 0.0332881
0.15625 1.03549 0.0354935 0.0355351
0.15625 1.03549 0.0354935 0.0355351
0.171875 1.03785 0.0378544 0.0378627
0.171875 1.03785 0.0378544 0.0378627
0.1875 1.04026 0.0402623 0.0402392
0.1875 1.04026 0.0402623 0.0402392
0.203125 1.04269 0.0426863 0.0426351
0.203125 1.04269 0.0426863 0.0426351
0.21875 1.0451 0.045098 0.0450231
0.21875 1.0451 0.045098 0.0450231
0.234375 1.04747 0.0474725 0.047379
0.234375 1.04747 0.0474725 0.047379
0.25 1.04979 0.0497879 0.0496809
0.25 1.04979 0.0497879 0.0496809
0.265625 1.05203 0.0520255 0.05191
0.265625 1.05203 0.0520255 0.05191
0.28125 1.05417 0.0541692 0.05405
0.28125 1.05417 0.0541692 0.05405
0.296875 1.05621 0.0562057 0.0560866
0.296875 1.05621 0.0562057 0.0560866
0.3125 1.05812 0.0581239 0.0580082
0.3125 1.05812 0.0581239 0.0580082
0.328125 1.05991 0.0599143 0.0598046
0.328125 1.05991 0.0599143 0.0598046
0.34375 1.06157 0.0615693 0.0614673
0.34375 1.06157 0.0615693 0.0614673
0.359375 1.06308 0.0630824 0.0629893
0.359375 1.06308 0.0630824 0.0629893
0.375 1.06445 0.0644484 0.0643647
0.375 1.06445 0.0644484 0.0643647
0.390625 1.06566 0.0656627 0.0655885
0.390625 1.06566 0.0656627 0.0655885
0.40625 1.06672 0.0667218 0.0666566
0.40625 1.06672 0.0667218 0.0666566
0.421875 1.06762 0.0676227 0.0675657
0.421875 1.06762 0.0676227 0.0675657
0.4375 1.06836 0.0683629 0.0683131
0.4375 1.06836 0.0683629 0.0683131
0.453125 1.06894 0.0689405 0.0688965
0.453125 1.06894 0.0689405 0.0688965
0.46875 1.06935 0.0693541 0.0693144
0.46875 1.06935 0.0693541 0.0693144
0.484375 1.0696 0.0696027 0.0695656
0.484375 1.0696 0.0696027 0.0695656
0.5 1.06969 0.0696856 0.0696494
0.5 1.06969 0.0696856 0.0696494
0.515625 1.0696 0.0696027 0.0695656
0.515625 1.0696 0.0696027 0.0695656
0.53125 1.06935 0.0693541 0.0693144
0.53125 1.06935 0.0693541 0.0693144
0.546875 1.06894 0.0689405 0.0688965
0.546875 1.06894 0.0689405 0.0688965
0.5625 1.06836 0.0683629 0.0683131
0.5625 1.06836 0.0683629 0.0683131
0.578125 1.06762 0.0676227 0.0675657
0.578125 1.06762 0.0676227 0.0675657
0.59375 1.06672 0.0667218 0.0666566
0.59375 1.06672 0.0667218 0.0666566
0.609375 1.06566 0.0656627 0.0655885
0.609375 1.06566 0.0656627 0.0655885
0.625 1.06445 0.0644484 0.0643647
0.625 1.06445 0.0644484 0.0643647
0.640625 1.06308 0.0630824 0.0629893
0.640625 1.06308 0.0630824 0.0629893
0.65625 1.06157 0.0615693 0.0614673
0.65625 1.06157 0.0615693 0.0614673
0.671875 1.05991 0.0599143 0.0598046
0.671875 1.05991 0.0599143 0.0598046
0.6875 1.05812 0.0581239 0.0580082
0.6875 1.05812 0.0581239 0.0580082
0.703125 1.05621 0.0562057 0.0560866
0.703125 1.05621 0.0562057 0.0560866
0.71875 1.05417 0.0541692 0.05405
0.71875 1.05417 0.0541692 0.05405
0.734375 1.05203 0.0520255 0.05191
0.734375 1.05203 0.0520255 0.05191
0.75 1.04979 0.0497879 0.0496809
0.75 1.04979 0.0497879 0.0496809
0.765625 1.04747 0.0474725 0.047379
0.765625 1.04747 0.0474725 0.047379
0.78125 1.0451 0.045098 0.0450231
0.78125 1.0451 0.045098 0.0450231
0.796875 1.04269 0.0426863 0.0426351
0.796875 1.04269 0.0426863 0.0426351
0.8125 1.04026 0.0402623 0.0402392
0.8125 1.04026 0.0402623 0.0402392
0.828125 1.03785 0.0378544 0.0378627
0.828125 1.03785 0.0378544 0.0378627
0.84375 1.03549 0.0354935 0.0355351
0.84375 1.03549 0.0354935 0.0355351
0.859375 1.03321 0.0332129 0.0332881
0.859375 1.03321 0.0332129 0.0332881
0.875 1.03105 0.0310475 0.0311549
0.875 1.03105 0.0310475 0.0311549
0.890625 1.02903 0.0290326 0.0291691
0.890625 1.02903 0.0290326 0.0291691
0.90625 1.0272 0.027203 0.0273645
0.90625 1.0272 0.027203 0.0273645
0.921875 1.02559 0.0255918 0.0257733
0.921875 1.02559 0.0255918 0.0257733
0.9375 1.02423 0.0242288 0.0244254
0.9375 1.02423 0.0242288 0.0244254
0.953125 1.02314 0.0231401 0.0233474
0.953125 1.02314 0.0231401 0.0233474
0.96875 1.02235 0.0223469 0.0225609
0.96875 1.02235 0.0223469 0.0225609
0.984375 1.02186 0.0218646 0.0220822
0.984375 1.02186 0.0218646 0.0220822
1 1.0217 0.0217027 0.0219216
