# x y topography analytical topography
0 1.03417 0.0341727 0.0343317
0.015625 1.03424 0.0342408 0.034399
0.015625 1.03424 0.0342408 0.034399
0.03125 1.03444 0.0344443 0.0346004
0.03125 1.03444 0.0344443 0.0346004
0.046875 1.03478 0.034781 0.0349334
0.046875 1.03478 0.034781 0.0349334
0.0625 1.03525 0.0352473 0.0353945
0.0625 1.03525 0.0352473 0.0353945
0.078125 1.03584 0.0358381 0.0359784
0.078125 1.03584 0.0358381 0.0359784
0.09375 1.03655 0.0365468 0.0366786
0.09375 1.03655 0.0365468 0.0366786
0.109375 1.03737 0.0373659 0.0374875
0.109375 1.03737 0.0373659 0.0374875
0.125 1.03829 0.0382864 0.0383963
0.125 1.03829 0.0382864 0.0383963
0.140625 1.0393 0.0392984 0.0393951
0.140625 1.0393 0.0392984 0.0393951
0.15625 1.04039 0.0403911 0.0404731
0.15625 1.04039 0.0403911 0.0404731
0.171875 1.04155 0.0415528 0.041619
0.171875 1.04155 0.0415528 0.041619
0.1875 1.04277 0.0427713 0.0428208
0.1875 1.04277 0.0427713 0.0428208
0.203125 1.04403 0.0440339 0.0440662
0.203125 1.04403 0.0440339 0.0440662
0.21875 1.04533 0.0453276 0.0453423
0.21875 1.04533 0.0453276 0.0453423
0.234375 1.04664 0.0466391 0.0466366
0.234375 1.04664 0.0466391 0.0466366
0.25 1.04796 0.0479553 0.0479361
0.25 1.04796 0.0479553 0.0479361
0.265625 1.04926 0.0492634 0.0492284
0.265625 1.04926 0.0492634 0.0492284
0.28125 1.05055 0.0505508 0.050501
0.28125 1.05055 0.0505508 0.050501
0.296875 1.05181 0.0518051 0.0517422
0.296875 1.05181 0.0518051 0.0517422
0.3125 1.05301 0.0530149 0.0529403
0.3125 1.05301 0.0530149 0.0529403
0.328125 1.05417 0.0541692 0.0540847
0.328125 1.05417 0.0541692 0.0540847
0.34375 1.05526 0.0552579 0.055165
0.34375 1.05526 0.0552579 0.055165
0.359375 1.05627 0.0562714 0.0561719
0.359375 1.05627 0.0562714 0.0561719
0.375 1.0572 0.0572013 0.0570967
0.375 1.0572 0.0572013 0.0570967
0.390625 1.05804 0.0580398 0.0579314
0.390625 1.05804 0.0580398 0.0579314
0.40625 1.05878 0.0587802 0.0586692
0.40625 1.05878 0.0587802 0.0586692
0.421875 1.05942 0.0594166 0.0593039
0.421875 1.05942 0.0594166 0.0593039
0.4375 1.05994 0.0599441 0.0598303
0.4375 1.05994 0.0599441 0.0598303
0.453125 1.06036 0.0603585 0.0602442
0.453125 1.06036 0.0603585 0.0602442
0.46875 1.06066 0.0606568 0.0605422
0.46875 1.06066 0.0606568 0.0605422
0.484375 1.06084 0.0608367 0.0607219
0.484375 1.06084 0.0608367 0.0607219
0.5 1.0609 0.0608968 0.060782
0.5 1.0609 0.0608968 0.060782
0.515625 1.06084 0.0608367 0.0607219
0.515625 1.06084 0.0608367 0.0607219
0.53125 1.06066 0.0606568 0.0605422
0.53125 1.06066 0.0606568 0.0605422
0.546875 1.06036 0.0603585 0.0602442
0.546875 1.06036 0.0603585 0.0602442
0.5625 1.05994 0.0599441 0.0598303
0.5625 1.05994 0.0599441 0.0598303
0.578125 1.05942 0.0594166 0.0593039
0.578125 1.05942 0.0594166 0.0593039
0.59375 1.05878 0.0587802 0.0586692
0.59375 1.05878 0.0587802 0.0586692
0.609375 1.05804 0.0580398 0.0579314
0.609375 1.05804 0.0580398 0.0579314
0.625 1.0572 0.0572013 0.0570967
0.625 1.0572 0.0572013 0.0570967
0.640625 1.05627 0.0562714 0.0561719
0.640625 1.05627 0.0562714 0.0561719
0.65625 1.05526 0.0552579 0.055165
0.65625 1.05526 0.0552579 0.055165
0.671875 1.05417 0.0541692 0.0540847
0.671875 1.05417 0.0541692 0.0540847
0.6875 1.05301 0.0530149 0.0529403
0.6875 1.05301 0.0530149 0.0529403
0.703125 1.05181 0.0518051 0.0517422
0.703125 1.05181 0.0518051 0.0517422
0.71875 1.05055 0.0505508 0.050501
0.71875 1.05055 0.0505508 0.050501
0.734375 1.04926 0.0492634 0.0492284
0.734375 1.04926 0.0492634 0.0492284
0.75 1.04796 0.0479553 0.0479361
0.75 1.04796 0.0479553 0.0479361
0.765625 1.04664 0.0466391 0.0466366
0.765625 1.04664 0.0466391 0.0466366
0.78125 1.04533 0.0453276 0.0453423
0.78125 1.04533 0.0453276 0.0453423
0.796875 1.04403 0.0440339 0.0440662
0.796875 1.04403 0.0440339 0.0440662
0.8125 1.04277 0.0427713 0.0428208
0.8125 1.04277 0.0427713 0.0428208
0.828125 1.04155 0.0415528 0.041619
0.828125 1.04155 0.0415528 0.041619
0.84375 1.04039 0.0403911 0.0404731
0.84375 1.04039 0.0403911 0.0404731
0.859375 1.0393 0.0392984 0.0393951
0.859375 1.0393 0.0392984 0.0393951
0.875 1.03829 0.0382864 0.0383963
0.875 1.03829 0.0382864 0.0383963
0.890625 1.03737 0.0373659 0.0374875
0.890625 1.03737 0.0373659 0.0374875
0.90625 1.03655 0.0365468 0.0366786
0.90625 1.03655 0.0365468 0.0366786
0.921875 1.03584 0.0358381 0.0359784
0.921875 1.03584 0.0358381 0.0359784
0.9375 1.03525 0.0352473 0.0353945
0.9375 1.03525 0.0352473 0.0353945
0.953125 1.03478 0.034781 0.0349334
0.953125 1.03478 0.034781 0.0349334
0.96875 1.03444 0.0344443 0.0346004
0.96875 1.03444 0.0344443 0.0346004
0.984375 1.03424 0.0342408 0.034399
0.984375 1.03424 0.0342408 0.034399
1 1.03417 0.0341727 0.0343317
