# x y topography analytical topography
0 1.01776 0.0177572 0.0179791
0.015625 1.01797 0.0179691 0.0181893
0.015625 1.01797 0.0179691 0.0181893
0.03125 1.0186 0.0185989 0.0188137
0.03125 1.0186 0.0185989 0.0188137
0.046875 1.01963 0.0196293 0.019834
0.046875 1.01963 0.0196293 0.019834
0.0625 1.02103 0.0210324 0.0212211
0.0625 1.02103 0.0210324 0.0212211
0.078125 1.02277 0.0227708 0.0229369
0.078125 1.02277 0.0227708 0.0229369
0.09375 1.0248 0.0247999 0.0249371
0.09375 1.0248 0.0247999 0.0249371
0.109375 1.02707 0.0270701 0.0271732
0.109375 1.02707 0.0270701 0.0271732
0.125 1.02953 0.0295295 0.0295956
0.125 1.02953 0.0295295 0.0295956
0.140625 1.03213 0.0321267 0.0321555
0.140625 1.03213 0.0321267 0.0321555
0.15625 1.03481 0.0348131 0.0348069
0.15625 1.03481 0.0348131 0.0348069
0.171875 1.03754 0.0375447 0.0375077
0.171875 1.03754 0.0375447 0.0375077
0.1875 1.04028 0.0402829 0.0402207
0.1875 1.04028 0.0402829 0.0402207
0.203125 1.043 0.0429952 0.0429139
0.203125 1.043 0.0429952 0.0429139
0.21875 1.04565 0.0456545 0.0455601
0.21875 1.04565 0.0456545 0.0455601
0.234375 1.04824 0.0482389 0.0481368
0.234375 1.04824 0.0482389 0.0481368
0.25 1.05073 0.0507308 0.0506256
0.25 1.05073 0.0507308 0.0506256
0.265625 1.05312 0.0531162 0.0530114
0.265625 1.05312 0.0531162 0.0530114
0.28125 1.05538 0.0553836 0.0552822
0.28125 1.05538 0.0553836 0.0552822
0.296875 1.05752 0.057524 0.057428
0.296875 1.05752 0.057524 0.057428
0.3125 1.05953 0.0595297 0.0594406
0.3125 1.05953 0.0595297 0.0594406
0.328125 1.06139 0.0613945 0.0613131
0.328125 1.06139 0.0613945 0.0613131
0.34375 1.06311 0.0631129 0.0630399
0.34375 1.06311 0.0631129 0.0630399
0.359375 1.06468 0.0646804 0.0646159
0.359375 1.06468 0.0646804 0.0646159
0.375 1.06609 0.066093 0.0660368
0.375 1.06609 0.066093 0.0660368
0.390625 1.06735 0.0673472 0.067299
0.390625 1.06735 0.0673472 0.067299
0.40625 1.06844 0.06844 0.0683993
0.40625 1.06844 0.06844 0.0683993
0.421875 1.06937 0.069369 0.0693349
0.421875 1.06937 0.069369 0.0693349
0.4375 1.07013 0.070132 0.0701035
0.4375 1.07013 0.070132 0.0701035
0.453125 1.07073 0.0707272 0.0707033
0.453125 1.07073 0.0707272 0.0707033
0.46875 1.07115 0.0711533 0.0711327
0.46875 1.07115 0.0711533 0.0711327
0.484375 1.07141 0.0714093 0.0713908
0.484375 1.07141 0.0714093 0.0713908
0.5 1.07149 0.0714947 0.0714769
0.5 1.07149 0.0714947 0.0714769
0.515625 1.07141 0.0714093 0.0713908
0.515625 1.07141 0.0714093 0.0713908
0.53125 1.07115 0.0711533 0.0711327
0.53125 1.07115 0.0711533 0.0711327
0.546875 1.07073 0.0707272 0.0707033
0.546875 1.07073 0.0707272 0.0707033
0.5625 1.07013 0.070132 0.0701035
0.5625 1.07013 0.070132 0.0701035
0.578125 1.06937 0.069369 0.0693349
0.578125 1.06937 0.069369 0.0693349
0.59375 1.06844 0.06844 0.0683993
0.59375 1.06844 0.06844 0.0683993
0.609375 1.06735 0.0673472 0.067299
0.609375 1.06735 0.0673472 0.067299
0.625 1.06609 0.066093 0.0660368
0.625 1.06609 0.066093 0.0660368
0.640625 1.06468 0.0646804 0.0646159
0.640625 1.06468 0.0646804 0.0646159
0.65625 1.06311 0.0631129 0.0630399
0.65625 1.06311 0.0631129 0.0630399
0.671875 1.06139 0.0613945 0.0613131
0.671875 1.06139 0.0613945 0.0613131
0.6875 1.05953 0.0595297 0.0594406
0.6875 1.05953 0.0595297 0.0594406
0.703125 1.05752 0.057524 0.057428
0.703125 1.05752 0.057524 0.057428
0.71875 1.05538 0.0553836 0.0552822
0.71875 1.05538 0.0553836 0.0552822
0.734375 1.05312 0.0531162 0.0530114
0.734375 1.05312 0.0531162 0.0530114
0.75 1.05073 0.0507308 0.0506256
0.75 1.05073 0.0507308 0.0506256
0.765625 1.04824 0.0482389 0.0481368
0.765625 1.04824 0.0482389 0.0481368
0.78125 1.04565 0.0456545 0.0455601
0.78125 1.04565 0.0456545 0.0455601
0.796875 1.043 0.0429952 0.0429139
0.796875 1.043 0.0429952 0.0429139
0.8125 1.04028 0.0402829 0.0402207
0.8125 1.04028 0.0402829 0.0402207
0.828125 1.03754 0.0375447 0.0375077
0.828125 1.03754 0.0375447 0.0375077
0.84375 1.03481 0.0348131 0.0348069
0.84375 1.03481 0.0348131 0.0348069
0.859375 1.03213 0.0321267 0.0321555
0.859375 1.03213 0.0321267 0.0321555
0.875 1.02953 0.0295295 0.0295956
0.875 1.02953 0.0295295 0.0295956
0.890625 1.02707 0.0270701 0.0271732
0.890625 1.02707 0.0270701 0.0271732
0.90625 1.0248 0.0247999 0.0249371
0.90625 1.0248 0.0247999 0.0249371
0.921875 1.02277 0.0227708 0.0229369
0.921875 1.02277 0.0227708 0.0229369
0.9375 1.02103 0.0210324 0.0212211
0.9375 1.02103 0.0210324 0.0212211
0.953125 1.01963 0.0196293 0.019834
0.953125 1.01963 0.0196293 0.019834
0.96875 1.0186 0.0185989 0.0188137
0.96875 1.0186 0.0185989 0.0188137
0.984375 1.01797 0.0179691 0.0181893
0.984375 1.01797 0.0179691 0.0181893
1 1.01776 0.0177572 0.0179791
