# x y topography analytical topography
0 1.03076 0.0307632 0.0309463
0.015625 1.03085 0.0308516 0.0310338
0.015625 1.03085 0.0308516 0.0310338
0.03125 1.03112 0.0311157 0.0312953
0.03125 1.03112 0.0311157 0.0312953
0.046875 1.03155 0.0315522 0.0317275
0.046875 1.03155 0.0315522 0.0317275
0.0625 1.03216 0.0321559 0.0323249
0.0625 1.03216 0.0321559 0.0323249
0.078125 1.03292 0.0329195 0.03308
0.078125 1.03292 0.0329195 0.03308
0.09375 1.03383 0.0338336 0.0339835
0.09375 1.03383 0.0338336 0.0339835
0.109375 1.03489 0.0348874 0.0350244
0.109375 1.03489 0.0348874 0.0350244
0.125 1.03607 0.0360681 0.03619
0.125 1.03607 0.0360681 0.03619
0.140625 1.03736 0.0373619 0.0374665
0.140625 1.03736 0.0373619 0.0374665
0.15625 1.03875 0.0387536 0.0388391
0.15625 1.03875 0.0387536 0.0388391
0.171875 1.04023 0.0402272 0.040292
0.171875 1.04023 0.0402272 0.040292
0.1875 1.04177 0.0417658 0.0418092
0.1875 1.04177 0.0417658 0.0418092
0.203125 1.04335 0.0433526 0.043374
0.203125 1.04335 0.0433526 0.043374
0.21875 1.04497 0.0449702 0.0449699
0.21875 1.04497 0.0449702 0.0449699
0.234375 1.0466 0.0466017 0.0465805
0.234375 1.0466 0.0466017 0.0465805
0.25 1.04823 0.0482303 0.0481896
0.25 1.04823 0.0482303 0.0481896
0.265625 1.04984 0.04984 0.0497817
0.265625 1.04984 0.04984 0.0497817
0.28125 1.05142 0.0514156 0.0513419
0.28125 1.05142 0.0514156 0.0513419
0.296875 1.05294 0.0529424 0.0528559
0.296875 1.05294 0.0529424 0.0528559
0.3125 1.05441 0.0544073 0.0543105
0.3125 1.05441 0.0544073 0.0543105
0.328125 1.0558 0.0557978 0.0556934
0.328125 1.0558 0.0557978 0.0556934
0.34375 1.0571 0.0571027 0.0569931
0.34375 1.0571 0.0571027 0.0569931
0.359375 1.05831 0.058312 0.0581995
0.359375 1.05831 0.058312 0.0581995
0.375 1.05942 0.0594167 0.0593031
0.375 1.05942 0.0594167 0.0593031
0.390625 1.06041 0.060409 0.0602958
0.390625 1.06041 0.060409 0.0602958
0.40625 1.06128 0.0612821 0.0611703
0.40625 1.06128 0.0612821 0.0611703
0.421875 1.06203 0.0620302 0.0619206
0.421875 1.06203 0.0620302 0.0619206
0.4375 1.06265 0.0626487 0.0625414
0.4375 1.06265 0.0626487 0.0625414
0.453125 1.06313 0.0631336 0.0630285
0.453125 1.06313 0.0631336 0.0630285
0.46875 1.06348 0.063482 0.0633787
0.46875 1.06348 0.063482 0.0633787
0.484375 1.06369 0.0636919 0.0635898
0.484375 1.06369 0.0636919 0.0635898
0.5 1.06376 0.063762 0.0636603
0.5 1.06376 0.063762 0.0636603
0.515625 1.06369 0.0636919 0.0635898
0.515625 1.06369 0.0636919 0.0635898
0.53125 1.06348 0.063482 0.0633787
0.53125 1.06348 0.063482 0.0633787
0.546875 1.06313 0.0631336 0.0630285
0.546875 1.06313 0.0631336 0.0630285
0.5625 1.06265 0.0626487 0.0625414
0.5625 1.06265 0.0626487 0.0625414
0.578125 1.06203 0.0620302 0.0619206
0.578125 1.06203 0.0620302 0.0619206
0.59375 1.06128 0.0612821 0.0611703
0.59375 1.06128 0.0612821 0.0611703
0.609375 1.06041 0.060409 0.0602958
0.609375 1.06041 0.060409 0.0602958
0.625 1.05942 0.0594167 0.0593031
0.625 1.05942 0.0594167 0.0593031
0.640625 1.05831 0.058312 0.0581995
0.640625 1.05831 0.058312 0.0581995
0.65625 1.0571 0.0571027 0.0569931
0.65625 1.0571 0.0571027 0.0569931
0.671875 1.0558 0.0557978 0.0556934
0.671875 1.0558 0.0557978 0.0556934
0.6875 1.05441 0.0544073 0.0543105
0.6875 1.05441 0.0544073 0.0543105
0.703125 1.05294 0.0529424 0.0528559
0.703125 1.05294 0.0529424 0.0528559
0.71875 1.05142 0.0514156 0.0513419
0.71875 1.05142 0.0514156 0.0513419
0.734375 1.04984 0.04984 0.0497817
0.734375 1.04984 0.04984 0.0497817
0.75 1.04823 0.0482303 0.0481896
0.75 1.04823 0.0482303 0.0481896
0.765625 1.0466 0.0466017 0.0465805
0.765625 1.0466 0.0466017 0.0465805
0.78125 1.04497 0.0449702 0.0449699
0.78125 1.04497 0.0449702 0.0449699
0.796875 1.04335 0.0433526 0.043374
0.796875 1.04335 0.0433526 0.043374
0.8125 1.04177 0.0417658 0.0418092
0.8125 1.04177 0.0417658 0.0418092
0.828125 1.04023 0.0402272 0.040292
0.828125 1.04023 0.0402272 0.040292
0.84375 1.03875 0.0387536 0.0388391
0.84375 1.03875 0.0387536 0.0388391
0.859375 1.03736 0.0373619 0.0374665
0.859375 1.03736 0.0373619 0.0374665
0.875 1.03607 0.0360681 0.03619
0.875 1.03607 0.0360681 0.03619
0.890625 1.03489 0.0348874 0.0350244
0.890625 1.03489 0.0348874 0.0350244
0.90625 1.03383 0.0338336 0.0339835
0.90625 1.03383 0.0338336 0.0339835
0.921875 1.03292 0.0329195 0.03308
0.921875 1.03292 0.0329195 0.03308
0.9375 1.03216 0.0321559 0.0323249
0.9375 1.03216 0.0321559 0.0323249
0.953125 1.03155 0.0315522 0.0317275
0.953125 1.03155 0.0315522 0.0317275
0.96875 1.03112 0.0311157 0.0312953
0.96875 1.03112 0.0311157 0.0312953
0.984375 1.03085 0.0308516 0.0310338
0.984375 1.03085 0.0308516 0.0310338
1 1.03076 0.0307632 0.0309463
