# x y topography analytical topography
0 1.03403 0.0340327 0.0341928
0.015625 1.0341 0.0341016 0.0342609
0.015625 1.0341 0.0341016 0.0342609
0.03125 1.03431 0.0343075 0.0344646
0.03125 1.03431 0.0343075 0.0344646
0.046875 1.03465 0.0346481 0.0348015
0.046875 1.03465 0.0346481 0.0348015
0.0625 1.03512 0.0351197 0.0352678
0.0625 1.03512 0.0351197 0.0352678
0.078125 1.03572 0.0357172 0.0358584
0.078125 1.03572 0.0357172 0.0358584
0.09375 1.03643 0.036434 0.0365667
0.09375 1.03643 0.036434 0.0365667
0.109375 1.03726 0.0372623 0.0373847
0.109375 1.03726 0.0372623 0.0373847
0.125 1.03819 0.0381931 0.0383036
0.125 1.03819 0.0381931 0.0383036
0.140625 1.03922 0.0392163 0.0393134
0.140625 1.03922 0.0392163 0.0393134
0.15625 1.04032 0.0403209 0.0404032
0.15625 1.04032 0.0403209 0.0404032
0.171875 1.0415 0.0414952 0.0415615
0.171875 1.0415 0.0414952 0.0415615
0.1875 1.04273 0.0427267 0.0427761
0.1875 1.04273 0.0427267 0.0427761
0.203125 1.044 0.0440025 0.0440345
0.203125 1.044 0.0440025 0.0440345
0.21875 1.04531 0.0453095 0.0453239
0.21875 1.04531 0.0453095 0.0453239
0.234375 1.04663 0.0466343 0.0466312
0.234375 1.04663 0.0466343 0.0466312
0.25 1.04796 0.0479637 0.0479438
0.25 1.04796 0.0479637 0.0479438
0.265625 1.04928 0.0492846 0.0492487
0.265625 1.04928 0.0492846 0.0492487
0.28125 1.05058 0.0505842 0.0505336
0.28125 1.05058 0.0505842 0.0505336
0.296875 1.05185 0.0518504 0.0517865
0.296875 1.05185 0.0518504 0.0517865
0.3125 1.05307 0.0530713 0.0529958
0.3125 1.05307 0.0530713 0.0529958
0.328125 1.05424 0.0542361 0.0541507
0.328125 1.05424 0.0542361 0.0541507
0.34375 1.05533 0.0553343 0.0552407
0.34375 1.05533 0.0553343 0.0552407
0.359375 1.05636 0.0563567 0.0562565
0.359375 1.05636 0.0563567 0.0562565
0.375 1.05729 0.0572945 0.0571893
0.375 1.05729 0.0572945 0.0571893
0.390625 1.05814 0.0581401 0.0580313
0.390625 1.05814 0.0581401 0.0580313
0.40625 1.05889 0.0588866 0.0587753
0.40625 1.05889 0.0588866 0.0587753
0.421875 1.05953 0.0595282 0.0594153
0.421875 1.05953 0.0595282 0.0594153
0.4375 1.06006 0.0600599 0.0599461
0.4375 1.06006 0.0600599 0.0599461
0.453125 1.06048 0.0604777 0.0603634
0.453125 1.06048 0.0604777 0.0603634
0.46875 1.06078 0.0607783 0.0606638
0.46875 1.06078 0.0607783 0.0606638
0.484375 1.06096 0.0609596 0.0608451
0.484375 1.06096 0.0609596 0.0608451
0.5 1.06102 0.0610202 0.0609056
0.5 1.06102 0.0610202 0.0609056
0.515625 1.06096 0.0609596 0.0608451
0.515625 1.06096 0.0609596 0.0608451
0.53125 1.06078 0.0607783 0.0606638
0.53125 1.06078 0.0607783 0.0606638
0.546875 1.06048 0.0604777 0.0603634
0.546875 1.06048 0.0604777 0.0603634
0.5625 1.06006 0.0600599 0.0599461
0.5625 1.06006 0.0600599 0.0599461
0.578125 1.05953 0.0595282 0.0594153
0.578125 1.05953 0.0595282 0.0594153
0.59375 1.05889 0.0588866 0.0587753
0.59375 1.05889 0.0588866 0.0587753
0.609375 1.05814 0.0581401 0.0580313
0.609375 1.05814 0.0581401 0.0580313
0.625 1.05729 0.0572945 0.0571893
0.625 1.05729 0.0572945 0.0571893
0.640625 1.05636 0.0563567 0.0562565
0.640625 1.05636 0.0563567 0.0562565
0.65625 1.05533 0.0553343 0.0552407
0.65625 1.05533 0.0553343 0.0552407
0.671875 1.05424 0.0542361 0.0541507
0.671875 1.05424 0.0542361 0.0541507
0.6875 1.05307 0.0530713 0.0529958
0.6875 1.05307 0.0530713 0.0529958
0.703125 1.05185 0.0518504 0.0517865
0.703125 1.05185 0.0518504 0.0517865
0.71875 1.05058 0.0505842 0.0505336
0.71875 1.05058 0.0505842 0.0505336
0.734375 1.04928 0.0492846 0.0492487
0.734375 1.04928 0.0492846 0.0492487
0.75 1.04796 0.0479637 0.0479438
0.75 1.04796 0.0479637 0.0479438
0.765625 1.04663 0.0466343 0.0466312
0.765625 1.04663 0.0466343 0.0466312
0.78125 1.04531 0.0453095 0.0453239
0.78125 1.04531 0.0453095 0.0453239
0.796875 1.044 0.0440025 0.0440345
0.796875 1.044 0.0440025 0.0440345
0.8125 1.04273 0.0427267 0.0427761
0.8125 1.04273 0.0427267 0.0427761
0.828125 1.0415 0.0414952 0.0415615
0.828125 1.0415 0.0414952 0.0415615
0.84375 1.04032 0.0403209 0.0404032
0.84375 1.04032 0.0403209 0.0404032
0.859375 1.03922 0.0392163 0.0393134
0.859375 1.03922 0.0392163 0.0393134
0.875 1.03819 0.0381931 0.0383036
0.875 1.03819 0.0381931 0.0383036
0.890625 1.03726 0.0372623 0.0373847
0.890625 1.03726 0.0372623 0.0373847
0.90625 1.03643 0.036434 0.0365667
0.90625 1.03643 0.036434 0.0365667
0.921875 1.03572 0.0357172 0.0358584
0.921875 1.03572 0.0357172 0.0358584
0.9375 1.03512 0.0351197 0.0352678
0.9375 1.03512 0.0351197 0.0352678
0.953125 1.03465 0.0346481 0.0348015
0.953125 1.03465 0.0346481 0.0348015
0.96875 1.03431 0.0343075 0.0344646
0.96875 1.03431 0.0343075 0.0344646
0.984375 1.0341 0.0341016 0.0342609
0.984375 1.0341 0.0341016 0.0342609
1 1.03403 0.0340327 0.0341928
