# x y z topography
0 0 100.001 0.000548814
50 0 100.001 0.000548814
0 100 100.001 0.000791725
50 100 100.001 0.000791725
50 0 100.001 0.000548814
100 0 100.001 0.000715189
50 100 100.001 0.000791725
100 100 100.001 0.000528895
100 0 100.001 0.000715189
150 0 100.001 0.000715189
100 100 100.001 0.000528895
150 100 100.001 0.000528895
150 0 100.001 0.000715189
200 0 100.001 0.000602763
150 100 100.001 0.000528895
200 100 100.001 0.000568045
0 100 100.001 0.000791725
50 100 100.001 0.000791725
0 200 100.001 0.000978618
50 200 100.001 0.000978618
50 100 100.001 0.000791725
100 100 100.001 0.000528895
50 200 100.001 0.000978618
100 200 100.001 0.000799159
100 100 100.001 0.000528895
150 100 100.001 0.000528895
100 200 100.001 0.000799159
150 200 100.001 0.000799159
150 100 100.001 0.000528895
200 100 100.001 0.000568045
150 200 100.001 0.000799159
200 200 100 0.000461479
0 200 100.001 0.000978618
50 200 100.001 0.000978618
0 300 100 0.000264556
50 300 100 0.000264556
50 200 100.001 0.000978618
100 200 100.001 0.000799159
50 300 100 0.000264556
100 300 100.001 0.000774234
0 300 100 0.000264556
50 300 100 0.000264556
0 400 100 0.000359508
50 400 100 0.000359508
50 300 100 0.000264556
100 300 100.001 0.000774234
50 400 100 0.000359508
100 400 100 0.000437032
200 0 100.001 0.000602763
250 0 100.001 0.000602763
200 100 100.001 0.000568045
250 100 100.001 0.000568045
250 0 100.001 0.000602763
300 0 100.001 0.000544883
250 100 100.001 0.000568045
300 100 100.001 0.000925597
300 0 100.001 0.000544883
350 0 100.001 0.000544883
300 100 100.001 0.000925597
350 100 100.001 0.000925597
350 0 100.001 0.000544883
400 0 100 0.000423655
350 100 100.001 0.000925597
400 100 100 7.10361e-05
200 100 100.001 0.000568045
250 100 100.001 0.000568045
200 200 100 0.000461479
250 200 100 0.000461479
250 100 100.001 0.000568045
300 100 100.001 0.000925597
250 200 100 0.000461479
300 200 100.001 0.000780529
300 100 100.001 0.000925597
350 100 100.001 0.000925597
300 200 100.001 0.000780529
350 200 100.001 0.000780529
350 100 100.001 0.000925597
400 100 100 7.10361e-05
350 200 100.001 0.000780529
400 200 100 0.000118274
100 200 100.001 0.000799159
150 200 100.001 0.000799159
100 300 100.001 0.000774234
150 300 100.001 0.000774234
150 200 100.001 0.000799159
200 200 100 0.000461479
150 300 100.001 0.000774234
200 300 100 0.00045615
200 200 100 0.000461479
250 200 100 0.000461479
200 300 100 0.00045615
250 300 100 0.00045615
250 200 100 0.000461479
300 200 100.001 0.000780529
250 300 100 0.00045615
300 300 100.001 0.000568434
100 300 100.001 0.000774234
150 300 100.001 0.000774234
100 400 100 0.000437032
150 400 100 0.000437032
150 300 100.001 0.000774234
200 300 100 0.00045615
150 400 100 0.000437032
200 400 100.001 0.000697631
300 200 100.001 0.000780529
350 200 100.001 0.000780529
300 300 100.001 0.000568434
350 300 100.001 0.000568434
350 200 100.001 0.000780529
400 200 100 0.000118274
350 300 100.001 0.000568434
400 300 100 1.87898e-05
200 300 100 0.00045615
250 300 100 0.00045615
200 400 100.001 0.000697631
250 400 100.001 0.000697631
250 300 100 0.00045615
300 300 100.001 0.000568434
250 400 100.001 0.000697631
300 400 100 6.02255e-05
300 300 100.001 0.000568434
350 300 100.001 0.000568434
300 400 100 6.02255e-05
350 400 100 6.02255e-05
350 300 100.001 0.000568434
400 300 100 1.87898e-05
350 400 100 6.02255e-05
400 400 100.001 0.000666767
0 400 100 0.000359508
50 400 100 0.000359508
0 500 100.001 0.000570197
50 500 100.001 0.000570197
50 400 100 0.000359508
100 400 100 0.000437032
50 500 100.001 0.000570197
100 500 100 0.000438602
100 400 100 0.000437032
150 400 100 0.000437032
100 500 100 0.000438602
150 500 100 0.000438602
150 400 100 0.000437032
200 400 100.001 0.000697631
150 500 100 0.000438602
200 500 100.001 0.000988374
0 500 100.001 0.000570197
50 500 100.001 0.000570197
0 600 100 0.00015897
50 600 100 0.00015897
50 500 100.001 0.000570197
100 500 100 0.000438602
50 600 100 0.00015897
100 600 100 0.000110375
100 500 100 0.000438602
150 500 100 0.000438602
100 600 100 0.000110375
150 600 100 0.000110375
150 500 100 0.000438602
200 500 100.001 0.000988374
150 600 100 0.000110375
200 600 100.001 0.00065633
200 400 100.001 0.000697631
250 400 100.001 0.000697631
200 500 100.001 0.000988374
250 500 100.001 0.000988374
250 400 100.001 0.000697631
300 400 100 6.02255e-05
250 500 100.001 0.000988374
300 500 100 0.000102045
300 400 100 6.02255e-05
350 400 100 6.02255e-05
300 500 100 0.000102045
350 500 100 0.000102045
200 500 100.001 0.000988374
250 500 100.001 0.000988374
200 600 100.001 0.00065633
250 600 100.001 0.00065633
250 500 100.001 0.000988374
300 500 100 0.000102045
250 600 100.001 0.00065633
300 600 100 0.000138183
0 600 100 0.00015897
50 600 100 0.00015897
0 700 100.001 0.000976459
50 700 100.001 0.000976459
50 600 100 0.00015897
100 600 100 0.000110375
50 700 100.001 0.000976459
100 700 100 0.000468651
100 600 100 0.000110375
150 600 100 0.000110375
100 700 100 0.000468651
150 700 100 0.000468651
150 600 100 0.000110375
200 600 100.001 0.00065633
150 700 100 0.000468651
200 700 100.001 0.000976761
0 700 100.001 0.000976459
50 700 100.001 0.000976459
0 800 100 0.000317983
50 800 100 0.000317983
50 700 100.001 0.000976459
100 700 100 0.000468651
50 800 100 0.000317983
100 800 100 0.000414263
100 700 100 0.000468651
150 700 100 0.000468651
100 800 100 0.000414263
150 800 100 0.000414263
150 700 100 0.000468651
200 700 100.001 0.000976761
150 800 100 0.000414263
200 800 100 6.41475e-05
400 0 100 0.000423655
450 0 100 0.000423655
400 100 100 7.10361e-05
450 100 100 7.10361e-05
450 0 100 0.000423655
500 0 100.001 0.000645894
450 100 100 7.10361e-05
500 100 100 8.71293e-05
400 100 100 7.10361e-05
450 100 100 7.10361e-05
400 200 100 0.000118274
450 200 100 0.000118274
450 100 100 7.10361e-05
500 100 100 8.71293e-05
450 200 100 0.000118274
500 200 100.001 0.000639921
350 400 100 6.02255e-05
400 400 100.001 0.000666767
350 500 100 0.000102045
400 500 100 0.000208877
300 500 100 0.000102045
350 500 100 0.000102045
300 600 100 0.000138183
350 600 100 0.000138183
350 500 100 0.000102045
400 500 100 0.000208877
350 600 100 0.000138183
400 600 100 0.000196582
200 600 100.001 0.00065633
250 600 100.001 0.00065633
200 700 100.001 0.000976761
250 700 100.001 0.000976761
250 600 100.001 0.00065633
300 600 100 0.000138183
250 700 100.001 0.000976761
300 700 100.001 0.000604846
300 600 100 0.000138183
350 600 100 0.000138183
300 700 100.001 0.000604846
350 700 100.001 0.000604846
350 600 100 0.000138183
400 600 100 0.000196582
350 700 100.001 0.000604846
400 700 100.001 0.000739264
200 700 100.001 0.000976761
250 700 100.001 0.000976761
200 800 100 6.41475e-05
250 800 100 6.41475e-05
250 700 100.001 0.000976761
300 700 100.001 0.000604846
250 800 100 6.41475e-05
300 800 100.001 0.000692472
300 700 100.001 0.000604846
350 700 100.001 0.000604846
300 800 100.001 0.000692472
350 800 100.001 0.000692472
350 700 100.001 0.000604846
400 700 100.001 0.000739264
350 800 100.001 0.000692472
400 800 100.001 0.000566601
500 0 100.001 0.000645894
550 0 100.001 0.000645894
500 100 100 8.71293e-05
550 100 100 8.71293e-05
550 0 100.001 0.000645894
600 0 100 0.000437587
550 100 100 8.71293e-05
600 100 100 2.02184e-05
500 100 100 8.71293e-05
550 100 100 8.71293e-05
500 200 100.001 0.000639921
550 200 100.001 0.000639921
550 100 100 8.71293e-05
600 100 100 2.02184e-05
550 200 100.001 0.000639921
600 200 100 0.000143353
400 200 100 0.000118274
450 200 100 0.000118274
400 300 100 1.87898e-05
450 300 100 1.87898e-05
450 200 100 0.000118274
500 200 100.001 0.000639921
450 300 100 1.87898e-05
500 300 100.001 0.000617635
500 200 100.001 0.000639921
550 200 100.001 0.000639921
500 300 100.001 0.000617635
550 300 100.001 0.000617635
550 200 100.001 0.000639921
600 200 100 0.000143353
550 300 100.001 0.000617635
600 300 100.001 0.000612096
400 300 100 1.87898e-05
450 300 100 1.87898e-05
400 400 100.001 0.000666767
450 400 100.001 0.000666767
450 300 100 1.87898e-05
500 300 100.001 0.000617635
450 400 100.001 0.000666767
500 400 100.001 0.000670638
500 300 100.001 0.000617635
550 300 100.001 0.000617635
500 400 100.001 0.000670638
550 400 100.001 0.000670638
550 300 100.001 0.000617635
600 300 100.001 0.000612096
550 400 100.001 0.000670638
600 400 100 0.000210383
600 0 100 0.000437587
650 0 100 0.000437587
600 100 100 2.02184e-05
650 100 100 2.02184e-05
650 0 100 0.000437587
700 0 100.001 0.000891773
650 100 100 2.02184e-05
700 100 100.001 0.00083262
700 0 100.001 0.000891773
750 0 100.001 0.000891773
700 100 100.001 0.00083262
750 100 100.001 0.00083262
750 0 100.001 0.000891773
800 0 100.001 0.000963663
750 100 100.001 0.00083262
800 100 100.001 0.000778157
600 100 100 2.02184e-05
650 100 100 2.02184e-05
600 200 100 0.000143353
650 200 100 0.000143353
650 100 100 2.02184e-05
700 100 100.001 0.00083262
650 200 100 0.000143353
700 200 100.001 0.000944669
700 100 100.001 0.00083262
750 100 100.001 0.00083262
700 200 100.001 0.000944669
750 200 100.001 0.000944669
750 100 100.001 0.00083262
800 100 100.001 0.000778157
750 200 100.001 0.000944669
800 200 100.001 0.000521848
600 200 100 0.000143353
650 200 100 0.000143353
600 300 100.001 0.000612096
650 300 100.001 0.000612096
650 200 100 0.000143353
700 200 100.001 0.000944669
650 300 100.001 0.000612096
700 300 100.001 0.000616934
700 200 100.001 0.000944669
750 200 100.001 0.000944669
700 300 100.001 0.000616934
750 300 100.001 0.000616934
750 200 100.001 0.000944669
800 200 100.001 0.000521848
750 300 100.001 0.000616934
800 300 100.001 0.000943748
600 300 100.001 0.000612096
650 300 100.001 0.000612096
600 400 100 0.000210383
650 400 100 0.000210383
650 300 100.001 0.000612096
700 300 100.001 0.000616934
650 400 100 0.000210383
700 400 100 0.000128926
700 300 100.001 0.000616934
750 300 100.001 0.000616934
700 400 100 0.000128926
750 400 100 0.000128926
750 300 100.001 0.000616934
800 300 100.001 0.000943748
750 400 100 0.000128926
800 400 100 0.000315428
400 400 100.001 0.000666767
450 400 100.001 0.000666767
400 500 100 0.000208877
450 500 100 0.000208877
450 400 100.001 0.000666767
500 400 100.001 0.000670638
450 500 100 0.000208877
500 500 100 0.00016131
500 400 100.001 0.000670638
550 400 100.001 0.000670638
500 500 100 0.00016131
550 500 100 0.00016131
550 400 100.001 0.000670638
600 400 100 0.000210383
550 500 100 0.00016131
600 500 100.001 0.000653108
400 500 100 0.000208877
450 500 100 0.000208877
400 600 100 0.000196582
450 600 100 0.000196582
450 500 100 0.000208877
500 500 100 0.00016131
450 600 100 0.000196582
500 600 100 0.000368725
500 500 100 0.00016131
550 500 100 0.00016131
500 600 100 0.000368725
550 600 100 0.000368725
550 500 100 0.00016131
600 500 100.001 0.000653108
550 600 100 0.000368725
600 600 100.001 0.000820993
400 600 100 0.000196582
450 600 100 0.000196582
400 700 100.001 0.000739264
450 700 100.001 0.000739264
450 600 100 0.000196582
500 600 100 0.000368725
450 700 100.001 0.000739264
500 700 100 3.91878e-05
400 700 100.001 0.000739264
450 700 100.001 0.000739264
400 800 100.001 0.000566601
450 800 100.001 0.000566601
450 700 100.001 0.000739264
500 700 100 3.91878e-05
450 800 100.001 0.000566601
500 800 100 0.000265389
600 400 100 0.000210383
650 400 100 0.000210383
600 500 100.001 0.000653108
650 500 100.001 0.000653108
650 400 100 0.000210383
700 400 100 0.000128926
650 500 100.001 0.000653108
700 500 100 0.000253292
700 400 100 0.000128926
750 400 100 0.000128926
700 500 100 0.000253292
750 500 100 0.000253292
750 400 100 0.000128926
800 400 100 0.000315428
750 500 100 0.000253292
800 500 100 0.000466311
600 500 100.001 0.000653108
650 500 100.001 0.000653108
600 600 100.001 0.000820993
650 600 100.001 0.000820993
650 500 100.001 0.000653108
700 500 100 0.000253292
650 600 100.001 0.000820993
700 600 100 9.71013e-05
700 500 100 0.000253292
750 500 100 0.000253292
700 600 100 9.71013e-05
750 600 100 9.71013e-05
750 500 100 0.000253292
800 500 100 0.000466311
750 600 100 9.71013e-05
800 600 100.001 0.000837945
500 600 100 0.000368725
550 600 100 0.000368725
500 700 100 3.91878e-05
550 700 100 3.91878e-05
550 600 100 0.000368725
600 600 100.001 0.000820993
550 700 100 3.91878e-05
600 700 100 0.000282807
600 600 100.001 0.000820993
650 600 100.001 0.000820993
600 700 100 0.000282807
650 700 100 0.000282807
650 600 100.001 0.000820993
700 600 100 9.71013e-05
650 700 100 0.000282807
700 700 100 0.000120197
500 700 100 3.91878e-05
550 700 100 3.91878e-05
500 800 100 0.000265389
550 800 100 0.000265389
550 700 100 3.91878e-05
600 700 100 0.000282807
550 800 100 0.000265389
600 800 100.001 0.000523248
700 600 100 9.71013e-05
750 600 100 9.71013e-05
700 700 100 0.000120197
750 700 100 0.000120197
750 600 100 9.71013e-05
800 600 100.001 0.000837945
750 700 100 0.000120197
800 700 100 0.00029614
600 700 100 0.000282807
650 700 100 0.000282807
600 800 100.001 0.000523248
650 800 100.001 0.000523248
650 700 100 0.000282807
700 700 100 0.000120197
650 800 100.001 0.000523248
700 800 100 9.39405e-05
700 700 100 0.000120197
750 700 100 0.000120197
700 800 100 9.39405e-05
750 800 100 9.39405e-05
750 700 100 0.000120197
800 700 100 0.00029614
750 800 100 9.39405e-05
800 800 100.001 0.000575946
0 800 100 0.000317983
50 800 100 0.000317983
0 900 100 0.000318569
50 900 100 0.000318569
50 800 100 0.000317983
100 800 100 0.000414263
50 900 100 0.000318569
100 900 100.001 0.00066741
100 800 100 0.000414263
150 800 100 0.000414263
100 900 100.001 0.00066741
150 900 100.001 0.00066741
150 800 100 0.000414263
200 800 100 6.41475e-05
150 900 100.001 0.00066741
200 900 100 0.000131798
0 900 100 0.000318569
50 900 100 0.000318569
0 1000 100.001 0.000677817
50 1000 100.001 0.000677817
50 900 100 0.000318569
100 900 100.001 0.00066741
50 1000 100.001 0.000677817
100 1000 100 0.000270008
100 900 100.001 0.00066741
150 900 100.001 0.00066741
100 1000 100 0.000270008
150 1000 100 0.000270008
150 900 100.001 0.00066741
200 900 100 0.000131798
150 1000 100 0.000270008
200 1000 100.001 0.000735194
200 800 100 6.41475e-05
250 800 100 6.41475e-05
200 900 100 0.000131798
250 900 100 0.000131798
250 800 100 6.41475e-05
300 800 100.001 0.000692472
250 900 100 0.000131798
300 900 100.001 0.000716327
200 900 100 0.000131798
250 900 100 0.000131798
200 1000 100.001 0.000735194
250 1000 100.001 0.000735194
250 900 100 0.000131798
300 900 100.001 0.000716327
250 1000 100.001 0.000735194
300 1000 100.001 0.000962189
0 1000 100.001 0.000677817
50 1000 100.001 0.000677817
0 1100 100 0.000447125
50 1100 100 0.000447125
50 1000 100.001 0.000677817
100 1000 100 0.000270008
50 1100 100 0.000447125
100 1100 100.001 0.000846409
100 1000 100 0.000270008
150 1000 100 0.000270008
100 1100 100.001 0.000846409
150 1100 100.001 0.000846409
150 1000 100 0.000270008
200 1000 100.001 0.000735194
150 1100 100.001 0.000846409
200 1100 100.001 0.000699479
0 1100 100 0.000447125
50 1100 100 0.000447125
0 1200 100.001 0.000725254
50 1200 100.001 0.000725254
50 1100 100 0.000447125
100 1100 100.001 0.000846409
50 1200 100.001 0.000725254
100 1200 100.001 0.000501324
100 1100 100.001 0.000846409
150 1100 100.001 0.000846409
100 1200 100.001 0.000501324
150 1200 100.001 0.000501324
150 1100 100.001 0.000846409
200 1100 100.001 0.000699479
150 1200 100.001 0.000501324
200 1200 100.001 0.000956084
300 800 100.001 0.000692472
350 800 100.001 0.000692472
300 900 100.001 0.000716327
350 900 100.001 0.000716327
350 800 100.001 0.000692472
400 800 100.001 0.000566601
350 900 100.001 0.000716327
400 900 100 0.000289406
300 900 100.001 0.000716327
350 900 100.001 0.000716327
300 1000 100.001 0.000962189
350 1000 100.001 0.000962189
350 900 100.001 0.000716327
400 900 100 0.000289406
350 1000 100.001 0.000962189
400 1000 100 0.000248753
200 1000 100.001 0.000735194
250 1000 100.001 0.000735194
200 1100 100.001 0.000699479
250 1100 100.001 0.000699479
250 1000 100.001 0.000735194
300 1000 100.001 0.000962189
250 1100 100.001 0.000699479
300 1100 100 0.000297437
300 1000 100.001 0.000962189
350 1000 100.001 0.000962189
300 1100 100 0.000297437
350 1100 100 0.000297437
350 1000 100.001 0.000962189
400 1000 100 0.000248753
350 1100 100 0.000297437
400 1100 100.001 0.000813798
200 1100 100.001 0.000699479
250 1100 100.001 0.000699479
200 1200 100.001 0.000956084
250 1200 100.001 0.000956084
250 1100 100.001 0.000699479
300 1100 100 0.000297437
250 1200 100.001 0.000956084
300 1200 100.001 0.00064399
300 1100 100 0.000297437
350 1100 100 0.000297437
300 1200 100.001 0.00064399
350 1200 100.001 0.00064399
350 1100 100 0.000297437
400 1100 100.001 0.000813798
350 1200 100.001 0.00064399
400 1200 100 0.000423855
0 1200 100.001 0.000725254
50 1200 100.001 0.000725254
0 1300 100.001 0.000618015
50 1300 100.001 0.000618015
50 1200 100.001 0.000725254
100 1200 100.001 0.000501324
50 1300 100.001 0.000618015
100 1300 100 0.000428769
0 1300 100.001 0.000618015
50 1300 100.001 0.000618015
0 1400 100.001 0.000896547
50 1400 100.001 0.000896547
50 1300 100.001 0.000618015
100 1300 100 0.000428769
50 1400 100.001 0.000896547
100 1400 100 0.000367562
100 1200 100.001 0.000501324
150 1200 100.001 0.000501324
100 1300 100 0.000428769
150 1300 100 0.000428769
150 1200 100.001 0.000501324
200 1200 100.001 0.000956084
150 1300 100 0.000428769
200 1300 100 0.000135474
100 1300 100 0.000428769
150 1300 100 0.000428769
100 1400 100 0.000367562
150 1400 100 0.000367562
150 1300 100 0.000428769
200 1300 100 0.000135474
150 1400 100 0.000367562
200 1400 100 0.000435865
0 1400 100.001 0.000896547
50 1400 100.001 0.000896547
0 1500 100 0.000149448
50 1500 100 0.000149448
50 1400 100.001 0.000896547
100 1400 100 0.000367562
50 1500 100 0.000149448
100 1500 100.001 0.000868126
100 1400 100 0.000367562
150 1400 100 0.000367562
100 1500 100.001 0.000868126
150 1500 100.001 0.000868126
150 1400 100 0.000367562
200 1400 100 0.000435865
150 1500 100.001 0.000868126
200 1500 100 0.000162493
0 1500 100 0.000149448
50 1500 100 0.000149448
0 1600 100.001 0.000697429
50 1600 100.001 0.000697429
50 1500 100 0.000149448
100 1500 100.001 0.000868126
50 1600 100.001 0.000697429
100 1600 100 0.000453543
100 1500 100.001 0.000868126
150 1500 100.001 0.000868126
100 1600 100 0.000453543
150 1600 100 0.000453543
150 1500 100.001 0.000868126
200 1500 100 0.000162493
150 1600 100 0.000453543
200 1600 100.001 0.000722056
200 1200 100.001 0.000956084
250 1200 100.001 0.000956084
200 1300 100 0.000135474
250 1300 100 0.000135474
250 1200 100.001 0.000956084
300 1200 100.001 0.00064399
250 1300 100 0.000135474
300 1300 100 0.000298282
300 1200 100.001 0.00064399
350 1200 100.001 0.00064399
300 1300 100 0.000298282
350 1300 100 0.000298282
350 1200 100.001 0.00064399
400 1200 100 0.000423855
350 1300 100 0.000298282
400 1300 100.001 0.000569965
200 1300 100 0.000135474
250 1300 100 0.000135474
200 1400 100 0.000435865
250 1400 100 0.000435865
250 1300 100 0.000135474
300 1300 100 0.000298282
250 1400 100 0.000435865
300 1400 100.001 0.000891923
300 1300 100 0.000298282
350 1300 100 0.000298282
300 1400 100.001 0.000891923
350 1400 100.001 0.000891923
350 1300 100 0.000298282
400 1300 100.001 0.000569965
350 1400 100.001 0.000891923
400 1400 100.001 0.000806194
200 1400 100 0.000435865
250 1400 100 0.000435865
200 1500 100 0.000162493
250 1500 100 0.000162493
250 1400 100 0.000435865
300 1400 100.001 0.000891923
250 1500 100 0.000162493
300 1500 100.001 0.00061556
300 1400 100.001 0.000891923
350 1400 100.001 0.000891923
300 1500 100.001 0.00061556
350 1500 100.001 0.00061556
350 1400 100.001 0.000891923
400 1400 100.001 0.000806194
350 1500 100.001 0.00061556
400 1500 100 0.00012382
200 1500 100 0.000162493
250 1500 100 0.000162493
200 1600 100.001 0.000722056
250 1600 100.001 0.000722056
250 1500 100 0.000162493
300 1500 100.001 0.00061556
250 1600 100.001 0.000722056
300 1600 100.001 0.000866382
300 1500 100.001 0.00061556
350 1500 100.001 0.00061556
300 1600 100.001 0.000866382
350 1600 100.001 0.000866382
400 800 100.001 0.000566601
450 800 100.001 0.000566601
400 900 100 0.000289406
450 900 100 0.000289406
450 800 100.001 0.000566601
500 800 100 0.000265389
450 900 100 0.000289406
500 900 100 0.000183191
500 800 100 0.000265389
550 800 100 0.000265389
500 900 100 0.000183191
550 900 100 0.000183191
550 800 100 0.000265389
600 800 100.001 0.000523248
550 900 100 0.000183191
600 900 100.001 0.000586513
400 900 100 0.000289406
450 900 100 0.000289406
400 1000 100 0.000248753
450 1000 100 0.000248753
450 900 100 0.000289406
500 900 100 0.000183191
450 1000 100 0.000248753
500 1000 100.001 0.000576157
500 900 100 0.000183191
550 900 100 0.000183191
500 1000 100.001 0.000576157
550 1000 100.001 0.000576157
550 900 100 0.000183191
600 900 100.001 0.000586513
550 1000 100.001 0.000576157
600 1000 100.001 0.000592042
400 1000 100 0.000248753
450 1000 100 0.000248753
400 1100 100.001 0.000813798
450 1100 100.001 0.000813798
450 1000 100 0.000248753
500 1000 100.001 0.000576157
450 1100 100.001 0.000813798
500 1100 100 0.000396506
400 1100 100.001 0.000813798
450 1100 100.001 0.000813798
400 1200 100 0.000423855
450 1200 100 0.000423855
450 1100 100.001 0.000813798
500 1100 100 0.000396506
450 1200 100 0.000423855
500 1200 100.001 0.000606393
350 1500 100.001 0.00061556
400 1500 100 0.00012382
350 1600 100.001 0.000866382
400 1600 100.001 0.000975522
600 800 100.001 0.000523248
650 800 100.001 0.000523248
600 900 100.001 0.000586513
650 900 100.001 0.000586513
650 800 100.001 0.000523248
700 800 100 9.39405e-05
650 900 100.001 0.000586513
700 900 100 2.01075e-05
700 800 100 9.39405e-05
750 800 100 9.39405e-05
700 900 100 2.01075e-05
750 900 100 2.01075e-05
750 800 100 9.39405e-05
800 800 100.001 0.000575946
750 900 100 2.01075e-05
800 900 100.001 0.00082894
600 900 100.001 0.000586513
650 900 100.001 0.000586513
600 1000 100.001 0.000592042
650 1000 100.001 0.000592042
650 900 100.001 0.000586513
700 900 100 2.01075e-05
650 1000 100.001 0.000592042
700 1000 100.001 0.000572252
700 900 100 2.01075e-05
750 900 100 2.01075e-05
700 1000 100.001 0.000572252
750 1000 100.001 0.000572252
750 900 100 2.01075e-05
800 900 100.001 0.00082894
750 1000 100.001 0.000572252
800 1000 100 0.000223082
500 1000 100.001 0.000576157
550 1000 100.001 0.000576157
500 1100 100 0.000396506
550 1100 100 0.000396506
550 1000 100.001 0.000576157
600 1000 100.001 0.000592042
550 1100 100 0.000396506
600 1100 100.001 0.000881103
600 1000 100.001 0.000592042
650 1000 100.001 0.000592042
600 1100 100.001 0.000881103
650 1100 100.001 0.000881103
500 1100 100 0.000396506
550 1100 100 0.000396506
500 1200 100.001 0.000606393
550 1200 100.001 0.000606393
550 1100 100 0.000396506
600 1100 100.001 0.000881103
550 1200 100.001 0.000606393
600 1200 100 1.91932e-05
650 1000 100.001 0.000592042
700 1000 100.001 0.000572252
650 1100 100.001 0.000881103
700 1100 100.001 0.000581273
700 1000 100.001 0.000572252
750 1000 100.001 0.000572252
700 1100 100.001 0.000581273
750 1100 100.001 0.000581273
750 1000 100.001 0.000572252
800 1000 100 0.000223082
750 1100 100.001 0.000581273
800 1100 100.001 0.000881735
600 1100 100.001 0.000881103
650 1100 100.001 0.000881103
600 1200 100 1.91932e-05
650 1200 100 1.91932e-05
650 1100 100.001 0.000881103
700 1100 100.001 0.000581273
650 1200 100 1.91932e-05
700 1200 100 0.000301575
700 1100 100.001 0.000581273
750 1100 100.001 0.000581273
700 1200 100 0.000301575
750 1200 100 0.000301575
750 1100 100.001 0.000581273
800 1100 100.001 0.000881735
750 1200 100 0.000301575
800 1200 100.001 0.000660174
400 1200 100 0.000423855
450 1200 100 0.000423855
400 1300 100.001 0.000569965
450 1300 100.001 0.000569965
450 1200 100 0.000423855
500 1200 100.001 0.000606393
450 1300 100.001 0.000569965
500 1300 100.001 0.000590873
500 1200 100.001 0.000606393
550 1200 100.001 0.000606393
500 1300 100.001 0.000590873
550 1300 100.001 0.000590873
550 1200 100.001 0.000606393
600 1200 100 1.91932e-05
550 1300 100.001 0.000590873
600 1300 100.001 0.000574325
400 1300 100.001 0.000569965
450 1300 100.001 0.000569965
400 1400 100.001 0.000806194
450 1400 100.001 0.000806194
450 1300 100.001 0.000569965
500 1300 100.001 0.000590873
450 1400 100.001 0.000806194
500 1400 100.001 0.000703889
500 1300 100.001 0.000590873
550 1300 100.001 0.000590873
500 1400 100.001 0.000703889
550 1400 100.001 0.000703889
550 1300 100.001 0.000590873
600 1300 100.001 0.000574325
550 1400 100.001 0.000703889
600 1400 100 0.000100227
600 1200 100 1.91932e-05
650 1200 100 1.91932e-05
600 1300 100.001 0.000574325
650 1300 100.001 0.000574325
650 1200 100 1.91932e-05
700 1200 100 0.000301575
650 1300 100.001 0.000574325
700 1300 100.001 0.000653201
600 1300 100.001 0.000574325
650 1300 100.001 0.000574325
600 1400 100 0.000100227
650 1400 100 0.000100227
650 1300 100.001 0.000574325
700 1300 100.001 0.000653201
650 1400 100 0.000100227
700 1400 100.001 0.000919483
400 1400 100.001 0.000806194
450 1400 100.001 0.000806194
400 1500 100 0.00012382
450 1500 100 0.00012382
450 1400 100.001 0.000806194
500 1400 100.001 0.000703889
450 1500 100 0.00012382
500 1500 100.001 0.000848008
500 1400 100.001 0.000703889
550 1400 100.001 0.000703889
500 1500 100.001 0.000848008
550 1500 100.001 0.000848008
550 1400 100.001 0.000703889
600 1400 100 0.000100227
550 1500 100.001 0.000848008
600 1500 100.001 0.000807319
400 1500 100 0.00012382
450 1500 100 0.00012382
400 1600 100.001 0.000975522
450 1600 100.001 0.000975522
450 1500 100 0.00012382
500 1500 100.001 0.000848008
450 1600 100.001 0.000975522
500 1600 100.001 0.000855803
500 1500 100.001 0.000848008
550 1500 100.001 0.000848008
500 1600 100.001 0.000855803
550 1600 100.001 0.000855803
550 1500 100.001 0.000848008
600 1500 100.001 0.000807319
550 1600 100.001 0.000855803
600 1600 100 1.17141e-05
800 0 100.001 0.000963663
850 0 100.001 0.000963663
800 100 100.001 0.000778157
850 100 100.001 0.000778157
850 0 100.001 0.000963663
900 0 100 0.000383442
850 100 100.001 0.000778157
900 100 100.001 0.000870012
800 100 100.001 0.000778157
850 100 100.001 0.000778157
800 200 100.001 0.000521848
850 200 100.001 0.000521848
700 1200 100 0.000301575
750 1200 100 0.000301575
700 1300 100.001 0.000653201
750 1300 100.001 0.000653201
750 1200 100 0.000301575
800 1200 100.001 0.000660174
750 1300 100.001 0.000653201
800 1300 100.001 0.000652103
700 1300 100.001 0.000653201
750 1300 100.001 0.000653201
700 1400 100.001 0.000919483
750 1400 100.001 0.000919483
750 1300 100.001 0.000653201
800 1300 100.001 0.000652103
750 1400 100.001 0.000919483
800 1400 100.001 0.000714241
600 1400 100 0.000100227
650 1400 100 0.000100227
600 1500 100.001 0.000807319
650 1500 100.001 0.000807319
650 1400 100 0.000100227
700 1400 100.001 0.000919483
650 1500 100.001 0.000807319
700 1500 100.001 0.000569101
700 1400 100.001 0.000919483
750 1400 100.001 0.000919483
700 1500 100.001 0.000569101
750 1500 100.001 0.000569101
750 1400 100.001 0.000919483
800 1400 100.001 0.000714241
750 1500 100.001 0.000569101
800 1500 100 0.000407183
600 1500 100.001 0.000807319
650 1500 100.001 0.000807319
600 1600 100 1.17141e-05
650 1600 100 1.17141e-05
650 1500 100.001 0.000807319
700 1500 100.001 0.000569101
650 1600 100 1.17141e-05
700 1600 100 0.000359978
700 1500 100.001 0.000569101
750 1500 100.001 0.000569101
700 1600 100 0.000359978
750 1600 100 0.000359978
750 1500 100.001 0.000569101
800 1500 100 0.000407183
750 1600 100 0.000359978
800 1600 100.001 0.000729991
850 100 100.001 0.000778157
900 100 100.001 0.000870012
850 200 100.001 0.000521848
900 200 100 0.000414662
800 200 100.001 0.000521848
850 200 100.001 0.000521848
800 300 100.001 0.000943748
850 300 100.001 0.000943748
850 200 100.001 0.000521848
900 200 100 0.000414662
850 300 100.001 0.000943748
900 300 100.001 0.00068182
800 300 100.001 0.000943748
850 300 100.001 0.000943748
800 400 100 0.000315428
850 400 100 0.000315428
850 300 100.001 0.000943748
900 300 100.001 0.00068182
850 400 100 0.000315428
900 400 100 0.000363711
800 400 100 0.000315428
850 400 100 0.000315428
800 500 100 0.000466311
850 500 100 0.000466311
850 400 100 0.000315428
900 400 100 0.000363711
850 500 100 0.000466311
900 500 100 0.000244426
800 500 100 0.000466311
850 500 100 0.000466311
800 600 100.001 0.000837945
850 600 100.001 0.000837945
850 500 100 0.000466311
900 500 100 0.000244426
850 600 100.001 0.000837945
900 600 100 9.60984e-05
800 600 100.001 0.000837945
850 600 100.001 0.000837945
800 700 100 0.00029614
850 700 100 0.00029614
850 600 100.001 0.000837945
900 600 100 9.60984e-05
850 700 100 0.00029614
900 700 100 0.000118728
800 700 100 0.00029614
850 700 100 0.00029614
800 800 100.001 0.000575946
850 800 100.001 0.000575946
850 700 100 0.00029614
900 700 100 0.000118728
850 800 100.001 0.000575946
900 800 100.001 0.000929296
800 800 100.001 0.000575946
850 800 100.001 0.000575946
800 900 100.001 0.00082894
850 900 100.001 0.00082894
850 800 100.001 0.000575946
900 800 100.001 0.000929296
850 900 100.001 0.00082894
900 900 100 4.69548e-06
800 900 100.001 0.00082894
850 900 100.001 0.00082894
800 1000 100 0.000223082
850 1000 100 0.000223082
850 900 100.001 0.00082894
900 900 100 4.69548e-06
850 1000 100 0.000223082
900 1000 100.001 0.000952749
800 1000 100 0.000223082
850 1000 100 0.000223082
800 1100 100.001 0.000881735
850 1100 100.001 0.000881735
850 1000 100 0.000223082
900 1000 100.001 0.000952749
850 1100 100.001 0.000881735
900 1100 100.001 0.000692532
800 1100 100.001 0.000881735
850 1100 100.001 0.000881735
800 1200 100.001 0.000660174
850 1200 100.001 0.000660174
850 1100 100.001 0.000881735
900 1100 100.001 0.000692532
850 1200 100.001 0.000660174
900 1200 100 0.000290078
800 1200 100.001 0.000660174
850 1200 100.001 0.000660174
800 1300 100.001 0.000652103
850 1300 100.001 0.000652103
850 1200 100.001 0.000660174
900 1200 100 0.000290078
850 1300 100.001 0.000652103
900 1300 100 0.000431418
800 1300 100.001 0.000652103
850 1300 100.001 0.000652103
800 1400 100.001 0.000714241
850 1400 100.001 0.000714241
850 1300 100.001 0.000652103
900 1300 100 0.000431418
850 1400 100.001 0.000714241
900 1400 100.001 0.000998847
800 1400 100.001 0.000714241
850 1400 100.001 0.000714241
800 1500 100 0.000407183
850 1500 100 0.000407183
850 1400 100.001 0.000714241
900 1400 100.001 0.000998847
850 1500 100 0.000407183
900 1500 100 6.9167e-05
800 1500 100 0.000407183
850 1500 100 0.000407183
800 1600 100.001 0.000729991
850 1600 100.001 0.000729991
850 1500 100 0.000407183
900 1500 100 6.9167e-05
850 1600 100.001 0.000729991
900 1600 100 0.00017163
0 1600 100.001 0.000697429
50 1600 100.001 0.000697429
0 1700 100.001 0.000521037
50 1700 100.001 0.000521037
50 1600 100.001 0.000697429
100 1600 100 0.000453543
50 1700 100.001 0.000521037
100 1700 100 5.4338e-05
100 1600 100 0.000453543
150 1600 100 0.000453543
100 1700 100 5.4338e-05
150 1700 100 5.4338e-05
150 1600 100 0.000453543
200 1600 100.001 0.000722056
150 1700 100 5.4338e-05
200 1700 100 0.000199997
0 1700 100.001 0.000521037
50 1700 100.001 0.000521037
0 1800 100 0.000164694
50 1800 100 0.000164694
50 1700 100.001 0.000521037
100 1700 100 5.4338e-05
50 1800 100 0.000164694
100 1800 100.001 0.000621478
100 1700 100 5.4338e-05
150 1700 100 5.4338e-05
100 1800 100.001 0.000621478
150 1800 100.001 0.000621478
150 1700 100 5.4338e-05
200 1700 100 0.000199997
150 1800 100.001 0.000621478
200 1800 100.001 0.000577229
0 1800 100 0.000164694
50 1800 100 0.000164694
0 1900 100 0.000398221
50 1900 100 0.000398221
50 1800 100 0.000164694
100 1800 100.001 0.000621478
50 1900 100 0.000398221
100 1900 100 0.000209844
100 1800 100.001 0.000621478
150 1800 100.001 0.000621478
100 1900 100 0.000209844
150 1900 100 0.000209844
150 1800 100.001 0.000621478
200 1800 100.001 0.000577229
150 1900 100 0.000209844
200 1900 100 0.000186193
200 1600 100.001 0.000722056
250 1600 100.001 0.000722056
200 1700 100 0.000199997
250 1700 100 0.000199997
250 1600 100.001 0.000722056
300 1600 100.001 0.000866382
250 1700 100 0.000199997
300 1700 100 1.85218e-05
300 1600 100.001 0.000866382
350 1600 100.001 0.000866382
300 1700 100 1.85218e-05
350 1700 100 1.85218e-05
350 1600 100.001 0.000866382
400 1600 100.001 0.000975522
350 1700 100 1.85218e-05
400 1700 100.001 0.000793698
400 1600 100.001 0.000975522
450 1600 100.001 0.000975522
400 1700 100.001 0.000793698
450 1700 100.001 0.000793698
200 1700 100 0.000199997
250 1700 100 0.000199997
200 1800 100.001 0.000577229
250 1800 100.001 0.000577229
250 1700 100 0.000199997
300 1700 100 1.85218e-05
250 1800 100.001 0.000577229
300 1800 100 0.000237893
300 1700 100 1.85218e-05
350 1700 100 1.85218e-05
300 1800 100 0.000237893
350 1800 100 0.000237893
350 1700 100 1.85218e-05
400 1700 100.001 0.000793698
350 1800 100 0.000237893
400 1800 100.001 0.000934214
200 1800 100.001 0.000577229
250 1800 100.001 0.000577229
200 1900 100 0.000186193
250 1900 100 0.000186193
250 1800 100.001 0.000577229
300 1800 100 0.000237893
250 1900 100 0.000186193
300 1900 100.001 0.000944372
300 1800 100 0.000237893
350 1800 100 0.000237893
300 1900 100.001 0.000944372
350 1900 100.001 0.000944372
350 1800 100 0.000237893
400 1800 100.001 0.000934214
350 1900 100.001 0.000944372
400 1900 100.001 0.000739551
450 1600 100.001 0.000975522
500 1600 100.001 0.000855803
450 1700 100.001 0.000793698
500 1700 100 0.000223925
500 1600 100.001 0.000855803
550 1600 100.001 0.000855803
500 1700 100 0.000223925
550 1700 100 0.000223925
550 1600 100.001 0.000855803
600 1600 100 1.17141e-05
550 1700 100 0.000223925
600 1700 100 0.000345352
600 1600 100 1.17141e-05
650 1600 100 1.17141e-05
600 1700 100 0.000345352
650 1700 100 0.000345352
650 1600 100 1.17141e-05
700 1600 100 0.000359978
650 1700 100 0.000345352
700 1700 100.001 0.000928081
400 1700 100.001 0.000793698
450 1700 100.001 0.000793698
400 1800 100.001 0.000934214
450 1800 100.001 0.000934214
450 1700 100.001 0.000793698
500 1700 100 0.000223925
450 1800 100.001 0.000934214
500 1800 100.001 0.000613966
500 1700 100 0.000223925
550 1700 100 0.000223925
500 1800 100.001 0.000613966
550 1800 100.001 0.000613966
550 1700 100 0.000223925
600 1700 100 0.000345352
550 1800 100.001 0.000613966
600 1800 100.001 0.000535633
600 1700 100 0.000345352
650 1700 100 0.000345352
600 1800 100.001 0.000535633
650 1800 100.001 0.000535633
650 1700 100 0.000345352
700 1700 100.001 0.000928081
650 1800 100.001 0.000535633
700 1800 100.001 0.00058991
400 1800 100.001 0.000934214
450 1800 100.001 0.000934214
400 1900 100.001 0.000739551
450 1900 100.001 0.000739551
450 1800 100.001 0.000934214
500 1800 100.001 0.000613966
450 1900 100.001 0.000739551
500 1900 100 0.000490459
500 1800 100.001 0.000613966
550 1800 100.001 0.000613966
500 1900 100 0.000490459
550 1900 100 0.000490459
550 1800 100.001 0.000613966
600 1800 100.001 0.000535633
550 1900 100 0.000490459
600 1900 100 0.000227415
700 1600 100 0.000359978
750 1600 100 0.000359978
700 1700 100.001 0.000928081
750 1700 100.001 0.000928081
750 1600 100 0.000359978
800 1600 100.001 0.000729991
750 1700 100.001 0.000928081
800 1700 100.001 0.000704414
800 1600 100.001 0.000729991
850 1600 100.001 0.000729991
800 1700 100.001 0.000704414
850 1700 100.001 0.000704414
850 1600 100.001 0.000729991
900 1600 100 0.00017163
850 1700 100.001 0.000704414
900 1700 100 3.18389e-05
700 1700 100.001 0.000928081
750 1700 100.001 0.000928081
700 1800 100.001 0.00058991
750 1800 100.001 0.00058991
750 1700 100.001 0.000928081
800 1700 100.001 0.000704414
750 1800 100.001 0.00058991
800 1800 100.001 0.000730122
800 1700 100.001 0.000704414
850 1700 100.001 0.000704414
800 1800 100.001 0.000730122
850 1800 100.001 0.000730122
850 1700 100.001 0.000704414
900 1700 100 3.18389e-05
850 1800 100.001 0.000730122
900 1800 100 0.000311945
600 1800 100.001 0.000535633
650 1800 100.001 0.000535633
600 1900 100 0.000227415
650 1900 100 0.000227415
650 1800 100.001 0.000535633
700 1800 100.001 0.00058991
650 1900 100 0.000227415
700 1900 100 0.000254356
700 1800 100.001 0.00058991
750 1800 100.001 0.00058991
700 1900 100 0.000254356
750 1900 100 0.000254356
750 1800 100.001 0.00058991
800 1800 100.001 0.000730122
750 1900 100 0.000254356
800 1900 100 5.80292e-05
800 1800 100.001 0.000730122
850 1800 100.001 0.000730122
800 1900 100 5.80292e-05
850 1900 100 5.80292e-05
850 1800 100.001 0.000730122
900 1800 100 0.000311945
850 1900 100 5.80292e-05
900 1900 100 0.000434417
