# x y topography analytical topography
0 1 0 0.0340523
0.015625 1.03456 0.0345645 0.0341212
0.015625 1.03456 0.0345645 0.0341212
0.03125 1.03481 0.0348075 0.0343272
0.03125 1.03481 0.0348075 0.0343272
0.046875 1.03518 0.0351785 0.0346681
0.046875 1.03518 0.0351785 0.0346681
0.0625 1.03567 0.0356741 0.0351398
0.0625 1.03567 0.0356741 0.0351398
0.078125 1.03629 0.0362898 0.0357372
0.078125 1.03629 0.0362898 0.0357372
0.09375 1.03702 0.0370195 0.0364535
0.09375 1.03702 0.0370195 0.0364535
0.109375 1.03786 0.0378558 0.0372808
0.109375 1.03786 0.0378558 0.0372808
0.125 1.03879 0.0387902 0.03821
0.125 1.03879 0.0387902 0.03821
0.140625 1.03981 0.0398133 0.039231
0.140625 1.03981 0.0398133 0.039231
0.15625 1.04091 0.0409145 0.0403328
0.15625 1.04091 0.0409145 0.0403328
0.171875 1.04208 0.0420827 0.0415036
0.171875 1.04208 0.0420827 0.0415036
0.1875 1.04331 0.043306 0.0427312
0.1875 1.04331 0.043306 0.0427312
0.203125 1.04457 0.0445722 0.0440028
0.203125 1.04457 0.0445722 0.0440028
0.21875 1.04587 0.0458687 0.0453054
0.21875 1.04587 0.0458687 0.0453054
0.234375 1.04718 0.0471826 0.0466261
0.234375 1.04718 0.0471826 0.0466261
0.25 1.0485 0.0485014 0.0479517
0.25 1.0485 0.0485014 0.0479517
0.265625 1.04981 0.0498123 0.0492695
0.265625 1.04981 0.0498123 0.0492695
0.28125 1.0511 0.051103 0.0505668
0.28125 1.0511 0.051103 0.0505668
0.296875 1.05236 0.0523615 0.0518315
0.296875 1.05236 0.0523615 0.0518315
0.3125 1.05358 0.0535763 0.053052
0.3125 1.05358 0.0535763 0.053052
0.328125 1.05474 0.0547364 0.0542174
0.328125 1.05474 0.0547364 0.0542174
0.34375 1.05583 0.0558316 0.0553173
0.34375 1.05583 0.0558316 0.0553173
0.359375 1.05685 0.0568522 0.056342
0.359375 1.05685 0.0568522 0.056342
0.375 1.05779 0.0577896 0.0572829
0.375 1.05779 0.0577896 0.0572829
0.390625 1.05864 0.0586358 0.0581321
0.390625 1.05864 0.0586358 0.0581321
0.40625 1.05938 0.0593836 0.0588824
0.40625 1.05938 0.0593836 0.0588824
0.421875 1.06003 0.060027 0.0595277
0.421875 1.06003 0.060027 0.0595277
0.4375 1.06056 0.0605606 0.0600629
0.4375 1.06056 0.0605606 0.0600629
0.453125 1.06098 0.0609801 0.0604836
0.453125 1.06098 0.0609801 0.0604836
0.46875 1.06128 0.0612822 0.0607865
0.46875 1.06128 0.0612822 0.0607865
0.484375 1.06146 0.0614644 0.0609692
0.484375 1.06146 0.0614644 0.0609692
0.5 1.06153 0.0615253 0.0610302
0.5 1.06153 0.0615253 0.0610302
0.515625 1.06146 0.0614644 0.0609692
0.515625 1.06146 0.0614644 0.0609692
0.53125 1.06128 0.0612822 0.0607865
0.53125 1.06128 0.0612822 0.0607865
0.546875 1.06098 0.0609801 0.0604836
0.546875 1.06098 0.0609801 0.0604836
0.5625 1.06056 0.0605606 0.0600629
0.5625 1.06056 0.0605606 0.0600629
0.578125 1.06003 0.060027 0.0595277
0.578125 1.06003 0.060027 0.0595277
0.59375 1.05938 0.0593836 0.0588824
0.59375 1.05938 0.0593836 0.0588824
0.609375 1.05864 0.0586358 0.0581321
0.609375 1.05864 0.0586358 0.0581321
0.625 1.05779 0.0577896 0.0572829
0.625 1.05779 0.0577896 0.0572829
0.640625 1.05685 0.0568522 0.056342
0.640625 1.05685 0.0568522 0.056342
0.65625 1.05583 0.0558316 0.0553173
0.65625 1.05583 0.0558316 0.0553173
0.671875 1.05474 0.0547364 0.0542174
0.671875 1.05474 0.0547364 0.0542174
0.6875 1.05358 0.0535763 0.053052
0.6875 1.05358 0.0535763 0.053052
0.703125 1.05236 0.0523615 0.0518315
0.703125 1.05236 0.0523615 0.0518315
0.71875 1.0511 0.051103 0.0505668
0.71875 1.0511 0.051103 0.0505668
0.734375 1.04981 0.0498123 0.0492695
0.734375 1.04981 0.0498123 0.0492695
0.75 1.0485 0.0485014 0.0479517
0.75 1.0485 0.0485014 0.0479517
0.765625 1.04718 0.0471826 0.0466261
0.765625 1.04718 0.0471826 0.0466261
0.78125 1.04587 0.0458687 0.0453054
0.78125 1.04587 0.0458687 0.0453054
0.796875 1.04457 0.0445722 0.0440028
0.796875 1.04457 0.0445722 0.0440028
0.8125 1.04331 0.043306 0.0427312
0.8125 1.04331 0.043306 0.0427312
0.828125 1.04208 0.0420827 0.0415036
0.828125 1.04208 0.0420827 0.0415036
0.84375 1.04091 0.0409145 0.0403328
0.84375 1.04091 0.0409145 0.0403328
0.859375 1.03981 0.0398133 0.039231
0.859375 1.03981 0.0398133 0.039231
0.875 1.03879 0.0387902 0.03821
0.875 1.03879 0.0387902 0.03821
0.890625 1.03786 0.0378558 0.0372808
0.890625 1.03786 0.0378558 0.0372808
0.90625 1.03702 0.0370195 0.0364535
0.90625 1.03702 0.0370195 0.0364535
0.921875 1.03629 0.0362898 0.0357372
0.921875 1.03629 0.0362898 0.0357372
0.9375 1.03567 0.0356741 0.0351398
0.9375 1.03567 0.0356741 0.0351398
0.953125 1.03518 0.0351785 0.0346681
0.953125 1.03518 0.0351785 0.0346681
0.96875 1.03481 0.0348075 0.0343272
0.96875 1.03481 0.0348075 0.0343272
0.984375 1.03456 0.0345645 0.0341212
0.984375 1.03456 0.0345645 0.0341212
1 1 0 0.0340523
