# x y topography analytical topography
0 1 0 0.0298255
0.015625 1.03057 0.0305693 0.0299203
0.015625 1.03057 0.0305693 0.0299203
0.03125 1.03086 0.0308622 0.0302036
0.03125 1.03086 0.0308622 0.0302036
0.046875 1.03133 0.0313319 0.0306714
0.046875 1.03133 0.0313319 0.0306714
0.0625 1.03197 0.0319735 0.0313177
0.0625 1.03197 0.0319735 0.0313177
0.078125 1.03278 0.0327795 0.0321341
0.078125 1.03278 0.0327795 0.0321341
0.09375 1.03374 0.0337404 0.0331098
0.09375 1.03374 0.0337404 0.0331098
0.109375 1.03484 0.0348448 0.0342325
0.109375 1.03484 0.0348448 0.0342325
0.125 1.03608 0.0360797 0.0354881
0.125 1.03608 0.0360797 0.0354881
0.140625 1.03743 0.0374304 0.0368611
0.140625 1.03743 0.0374304 0.0368611
0.15625 1.03888 0.0388812 0.038335
0.15625 1.03888 0.0388812 0.038335
0.171875 1.04042 0.0404154 0.0398924
0.171875 1.04042 0.0404154 0.0398924
0.1875 1.04202 0.0420159 0.0415156
0.1875 1.04202 0.0420159 0.0415156
0.203125 1.04367 0.0436652 0.0431866
0.203125 1.04367 0.0436652 0.0431866
0.21875 1.04535 0.0453456 0.0448874
0.21875 1.04535 0.0453456 0.0448874
0.234375 1.04704 0.0470397 0.0466002
0.234375 1.04704 0.0470397 0.0466002
0.25 1.04873 0.0487305 0.048308
0.25 1.04873 0.0487305 0.048308
0.265625 1.0504 0.0504017 0.0499942
0.265625 1.0504 0.0504017 0.0499942
0.28125 1.05204 0.0520375 0.0516432
0.28125 1.05204 0.0520375 0.0516432
0.296875 1.05362 0.0536233 0.0532402
0.296875 1.05362 0.0536233 0.0532402
0.3125 1.05515 0.0551452 0.0547716
0.3125 1.05515 0.0551452 0.0547716
0.328125 1.05659 0.0565904 0.0562247
0.328125 1.05659 0.0565904 0.0562247
0.34375 1.05795 0.0579474 0.057588
0.34375 1.05795 0.0579474 0.057588
0.359375 1.05921 0.0592056 0.0588512
0.359375 1.05921 0.0592056 0.0588512
0.375 1.06036 0.0603556 0.0600051
0.375 1.06036 0.0603556 0.0600051
0.390625 1.06139 0.0613891 0.0610415
0.390625 1.06139 0.0613891 0.0610415
0.40625 1.0623 0.0622989 0.0619534
0.40625 1.0623 0.0622989 0.0619534
0.421875 1.06308 0.0630789 0.0627349
0.421875 1.06308 0.0630789 0.0627349
0.4375 1.06372 0.0637239 0.063381
0.4375 1.06372 0.0637239 0.063381
0.453125 1.06423 0.0642298 0.0638875
0.453125 1.06423 0.0642298 0.0638875
0.46875 1.06459 0.0645934 0.0642515
0.46875 1.06459 0.0645934 0.0642515
0.484375 1.06481 0.0648124 0.0644708
0.484375 1.06481 0.0648124 0.0644708
0.5 1.06489 0.0648856 0.064544
0.5 1.06489 0.0648856 0.064544
0.515625 1.06481 0.0648124 0.0644708
0.515625 1.06481 0.0648124 0.0644708
0.53125 1.06459 0.0645934 0.0642515
0.53125 1.06459 0.0645934 0.0642515
0.546875 1.06423 0.0642298 0.0638875
0.546875 1.06423 0.0642298 0.0638875
0.5625 1.06372 0.0637239 0.063381
0.5625 1.06372 0.0637239 0.063381
0.578125 1.06308 0.0630789 0.0627349
0.578125 1.06308 0.0630789 0.0627349
0.59375 1.0623 0.0622989 0.0619534
0.59375 1.0623 0.0622989 0.0619534
0.609375 1.06139 0.0613891 0.0610415
0.609375 1.06139 0.0613891 0.0610415
0.625 1.06036 0.0603556 0.0600051
0.625 1.06036 0.0603556 0.0600051
0.640625 1.05921 0.0592056 0.0588512
0.640625 1.05921 0.0592056 0.0588512
0.65625 1.05795 0.0579474 0.057588
0.65625 1.05795 0.0579474 0.057588
0.671875 1.05659 0.0565904 0.0562247
0.671875 1.05659 0.0565904 0.0562247
0.6875 1.05515 0.0551452 0.0547716
0.6875 1.05515 0.0551452 0.0547716
0.703125 1.05362 0.0536233 0.0532402
0.703125 1.05362 0.0536233 0.0532402
0.71875 1.05204 0.0520375 0.0516432
0.71875 1.05204 0.0520375 0.0516432
0.734375 1.0504 0.0504017 0.0499942
0.734375 1.0504 0.0504017 0.0499942
0.75 1.04873 0.0487305 0.048308
0.75 1.04873 0.0487305 0.048308
0.765625 1.04704 0.0470397 0.0466002
0.765625 1.04704 0.0470397 0.0466002
0.78125 1.04535 0.0453456 0.0448874
0.78125 1.04535 0.0453456 0.0448874
0.796875 1.04367 0.0436652 0.0431866
0.796875 1.04367 0.0436652 0.0431866
0.8125 1.04202 0.0420159 0.0415156
0.8125 1.04202 0.0420159 0.0415156
0.828125 1.04042 0.0404154 0.0398924
0.828125 1.04042 0.0404154 0.0398924
0.84375 1.03888 0.0388812 0.038335
0.84375 1.03888 0.0388812 0.038335
0.859375 1.03743 0.0374304 0.0368611
0.859375 1.03743 0.0374304 0.0368611
0.875 1.03608 0.0360797 0.0354881
0.875 1.03608 0.0360797 0.0354881
0.890625 1.03484 0.0348448 0.0342325
0.890625 1.03484 0.0348448 0.0342325
0.90625 1.03374 0.0337404 0.0331098
0.90625 1.03374 0.0337404 0.0331098
0.921875 1.03278 0.0327795 0.0321341
0.921875 1.03278 0.0327795 0.0321341
0.9375 1.03197 0.0319735 0.0313177
0.9375 1.03197 0.0319735 0.0313177
0.953125 1.03133 0.0313319 0.0306714
0.953125 1.03133 0.0313319 0.0306714
0.96875 1.03086 0.0308622 0.0302036
0.96875 1.03086 0.0308622 0.0302036
0.984375 1.03057 0.0305693 0.0299203
0.984375 1.03057 0.0305693 0.0299203
1 1 0 0.0298255
