# x y topography analytical topography
0 1 0 0.0217558
0.015625 1.02289 0.0228943 0.0219183
0.015625 1.02289 0.0228943 0.0219183
0.03125 1.02332 0.0233176 0.0224021
0.03125 1.02332 0.0233176 0.0224021
0.046875 1.02404 0.0240438 0.0231971
0.046875 1.02404 0.0240438 0.0231971
0.0625 1.02506 0.0250595 0.0242865
0.0625 1.02506 0.0250595 0.0242865
0.078125 1.02635 0.0263454 0.025648
0.078125 1.02635 0.0263454 0.025648
0.09375 1.02788 0.0278773 0.0272547
0.09375 1.02788 0.0278773 0.0272547
0.109375 1.02963 0.0296267 0.0290761
0.109375 1.02963 0.0296267 0.0290761
0.125 1.03156 0.0315627 0.0310793
0.125 1.03156 0.0315627 0.0310793
0.140625 1.03365 0.0336522 0.0332301
0.140625 1.03365 0.0336522 0.0332301
0.15625 1.03586 0.0358619 0.0354941
0.15625 1.03586 0.0358619 0.0354941
0.171875 1.03816 0.0381585 0.037838
0.171875 1.03816 0.0381585 0.037838
0.1875 1.04051 0.0405102 0.0402298
0.1875 1.04051 0.0405102 0.0402298
0.203125 1.04289 0.0428868 0.0426395
0.203125 1.04289 0.0428868 0.0426395
0.21875 1.04526 0.0452606 0.0450401
0.21875 1.04526 0.0452606 0.0450401
0.234375 1.04761 0.0476065 0.047407
0.234375 1.04761 0.0476065 0.047407
0.25 1.0499 0.0499021 0.0497187
0.25 1.0499 0.0499021 0.0497187
0.265625 1.05213 0.0521278 0.0519561
0.265625 1.05213 0.0521278 0.0519561
0.28125 1.05427 0.0542667 0.0541032
0.28125 1.05427 0.0542667 0.0541032
0.296875 1.0563 0.056304 0.0561459
0.296875 1.0563 0.056304 0.0561459
0.3125 1.05823 0.0582275 0.0580726
0.3125 1.05823 0.0582275 0.0580726
0.328125 1.06003 0.0600267 0.0598732
0.328125 1.06003 0.0600267 0.0598732
0.34375 1.06169 0.0616927 0.0615395
0.34375 1.06169 0.0616927 0.0615395
0.359375 1.06322 0.0632183 0.0630645
0.359375 1.06322 0.0632183 0.0630645
0.375 1.0646 0.0645972 0.0644424
0.375 1.0646 0.0645972 0.0644424
0.390625 1.06582 0.0658245 0.0656683
0.390625 1.06582 0.0658245 0.0656683
0.40625 1.0669 0.0668958 0.0667382
0.40625 1.0669 0.0668958 0.0667382
0.421875 1.06781 0.0678078 0.0676487
0.421875 1.06781 0.0678078 0.0676487
0.4375 1.06856 0.0685575 0.0683971
0.4375 1.06856 0.0685575 0.0683971
0.453125 1.06914 0.0691429 0.0689814
0.453125 1.06914 0.0691429 0.0689814
0.46875 1.06956 0.0695621 0.0693999
0.46875 1.06956 0.0695621 0.0693999
0.484375 1.06981 0.0698141 0.0696514
0.484375 1.06981 0.0698141 0.0696514
0.5 1.0699 0.0698982 0.0697353
0.5 1.0699 0.0698982 0.0697353
0.515625 1.06981 0.0698141 0.0696514
0.515625 1.06981 0.0698141 0.0696514
0.53125 1.06956 0.0695621 0.0693999
0.53125 1.06956 0.0695621 0.0693999
0.546875 1.06914 0.0691429 0.0689814
0.546875 1.06914 0.0691429 0.0689814
0.5625 1.06856 0.0685575 0.0683971
0.5625 1.06856 0.0685575 0.0683971
0.578125 1.06781 0.0678078 0.0676487
0.578125 1.06781 0.0678078 0.0676487
0.59375 1.0669 0.0668958 0.0667382
0.59375 1.0669 0.0668958 0.0667382
0.609375 1.06582 0.0658245 0.0656683
0.609375 1.06582 0.0658245 0.0656683
0.625 1.0646 0.0645972 0.0644424
0.625 1.0646 0.0645972 0.0644424
0.640625 1.06322 0.0632183 0.0630645
0.640625 1.06322 0.0632183 0.0630645
0.65625 1.06169 0.0616927 0.0615395
0.65625 1.06169 0.0616927 0.0615395
0.671875 1.06003 0.0600267 0.0598732
0.671875 1.06003 0.0600267 0.0598732
0.6875 1.05823 0.0582275 0.0580726
0.6875 1.05823 0.0582275 0.0580726
0.703125 1.0563 0.056304 0.0561459
0.703125 1.0563 0.056304 0.0561459
0.71875 1.05427 0.0542667 0.0541032
0.71875 1.05427 0.0542667 0.0541032
0.734375 1.05213 0.0521278 0.0519561
0.734375 1.05213 0.0521278 0.0519561
0.75 1.0499 0.0499021 0.0497187
0.75 1.0499 0.0499021 0.0497187
0.765625 1.04761 0.0476065 0.047407
0.765625 1.04761 0.0476065 0.047407
0.78125 1.04526 0.0452606 0.0450401
0.78125 1.04526 0.0452606 0.0450401
0.796875 1.04289 0.0428868 0.0426395
0.796875 1.04289 0.0428868 0.0426395
0.8125 1.04051 0.0405102 0.0402298
0.8125 1.04051 0.0405102 0.0402298
0.828125 1.03816 0.0381585 0.037838
0.828125 1.03816 0.0381585 0.037838
0.84375 1.03586 0.0358619 0.0354941
0.84375 1.03586 0.0358619 0.0354941
0.859375 1.03365 0.0336522 0.0332301
0.859375 1.03365 0.0336522 0.0332301
0.875 1.03156 0.0315627 0.0310793
0.875 1.03156 0.0315627 0.0310793
0.890625 1.02963 0.0296267 0.0290761
0.890625 1.02963 0.0296267 0.0290761
0.90625 1.02788 0.0278773 0.0272547
0.90625 1.02788 0.0278773 0.0272547
0.921875 1.02635 0.0263454 0.025648
0.921875 1.02635 0.0263454 0.025648
0.9375 1.02506 0.0250595 0.0242865
0.9375 1.02506 0.0250595 0.0242865
0.953125 1.02404 0.0240438 0.0231971
0.953125 1.02404 0.0240438 0.0231971
0.96875 1.02332 0.0233176 0.0224021
0.96875 1.02332 0.0233176 0.0224021
0.984375 1.02289 0.0228943 0.0219183
0.984375 1.02289 0.0228943 0.0219183
1 1 0 0.0217558
