# x y topography analytical topography
0 1 0 0.0341928
0.015625 1.0347 0.0346969 0.0342609
0.015625 1.0347 0.0346969 0.0342609
0.03125 1.03494 0.0349384 0.0344646
0.03125 1.03494 0.0349384 0.0344646
0.046875 1.03531 0.0353063 0.0348015
0.046875 1.03531 0.0353063 0.0348015
0.0625 1.0358 0.0357975 0.0352678
0.0625 1.0358 0.0357975 0.0352678
0.078125 1.03641 0.0364073 0.0358584
0.078125 1.03641 0.0364073 0.0358584
0.09375 1.03713 0.0371298 0.0365667
0.09375 1.03713 0.0371298 0.0365667
0.109375 1.03796 0.0379577 0.0373847
0.109375 1.03796 0.0379577 0.0373847
0.125 1.03888 0.0388827 0.0383036
0.125 1.03888 0.0388827 0.0383036
0.140625 1.0399 0.0398954 0.0393134
0.140625 1.0399 0.0398954 0.0393134
0.15625 1.04099 0.0409855 0.0404032
0.15625 1.04099 0.0409855 0.0404032
0.171875 1.04214 0.0421419 0.0415615
0.171875 1.04214 0.0421419 0.0415615
0.1875 1.04335 0.0433529 0.0427761
0.1875 1.04335 0.0433529 0.0427761
0.203125 1.04461 0.0446065 0.0440345
0.203125 1.04461 0.0446065 0.0440345
0.21875 1.04589 0.0458902 0.0453239
0.21875 1.04589 0.0458902 0.0453239
0.234375 1.04719 0.0471914 0.0466312
0.234375 1.04719 0.0471914 0.0466312
0.25 1.0485 0.0484975 0.0479438
0.25 1.0485 0.0484975 0.0479438
0.265625 1.0498 0.049796 0.0492487
0.265625 1.0498 0.049796 0.0492487
0.28125 1.05107 0.0510747 0.0505336
0.28125 1.05107 0.0510747 0.0505336
0.296875 1.05232 0.0523216 0.0517865
0.296875 1.05232 0.0523216 0.0517865
0.3125 1.05353 0.0535254 0.0529958
0.3125 1.05353 0.0535254 0.0529958
0.328125 1.05468 0.0546751 0.0541507
0.328125 1.05468 0.0546751 0.0541507
0.34375 1.05576 0.0557607 0.0552407
0.34375 1.05576 0.0557607 0.0552407
0.359375 1.05677 0.0567725 0.0562565
0.359375 1.05677 0.0567725 0.0562565
0.375 1.0577 0.0577019 0.0571893
0.375 1.0577 0.0577019 0.0571893
0.390625 1.05854 0.0585409 0.0580313
0.390625 1.05854 0.0585409 0.0580313
0.40625 1.05928 0.0592825 0.0587753
0.40625 1.05928 0.0592825 0.0587753
0.421875 1.05992 0.0599206 0.0594153
0.421875 1.05992 0.0599206 0.0594153
0.4375 1.06045 0.0604498 0.0599461
0.4375 1.06045 0.0604498 0.0599461
0.453125 1.06087 0.060866 0.0603634
0.453125 1.06087 0.060866 0.0603634
0.46875 1.06117 0.0611656 0.0606638
0.46875 1.06117 0.0611656 0.0606638
0.484375 1.06135 0.0613463 0.0608451
0.484375 1.06135 0.0613463 0.0608451
0.5 1.06141 0.0614067 0.0609056
0.5 1.06141 0.0614067 0.0609056
0.515625 1.06135 0.0613463 0.0608451
0.515625 1.06135 0.0613463 0.0608451
0.53125 1.06117 0.0611656 0.0606638
0.53125 1.06117 0.0611656 0.0606638
0.546875 1.06087 0.060866 0.0603634
0.546875 1.06087 0.060866 0.0603634
0.5625 1.06045 0.0604498 0.0599461
0.5625 1.06045 0.0604498 0.0599461
0.578125 1.05992 0.0599206 0.0594153
0.578125 1.05992 0.0599206 0.0594153
0.59375 1.05928 0.0592825 0.0587753
0.59375 1.05928 0.0592825 0.0587753
0.609375 1.05854 0.0585409 0.0580313
0.609375 1.05854 0.0585409 0.0580313
0.625 1.0577 0.0577019 0.0571893
0.625 1.0577 0.0577019 0.0571893
0.640625 1.05677 0.0567725 0.0562565
0.640625 1.05677 0.0567725 0.0562565
0.65625 1.05576 0.0557607 0.0552407
0.65625 1.05576 0.0557607 0.0552407
0.671875 1.05468 0.0546751 0.0541507
0.671875 1.05468 0.0546751 0.0541507
0.6875 1.05353 0.0535254 0.0529958
0.6875 1.05353 0.0535254 0.0529958
0.703125 1.05232 0.0523216 0.0517865
0.703125 1.05232 0.0523216 0.0517865
0.71875 1.05107 0.0510747 0.0505336
0.71875 1.05107 0.0510747 0.0505336
0.734375 1.0498 0.049796 0.0492487
0.734375 1.0498 0.049796 0.0492487
0.75 1.0485 0.0484975 0.0479438
0.75 1.0485 0.0484975 0.0479438
0.765625 1.04719 0.0471914 0.0466312
0.765625 1.04719 0.0471914 0.0466312
0.78125 1.04589 0.0458902 0.0453239
0.78125 1.04589 0.0458902 0.0453239
0.796875 1.04461 0.0446065 0.0440345
0.796875 1.04461 0.0446065 0.0440345
0.8125 1.04335 0.0433529 0.0427761
0.8125 1.04335 0.0433529 0.0427761
0.828125 1.04214 0.0421419 0.0415615
0.828125 1.04214 0.0421419 0.0415615
0.84375 1.04099 0.0409855 0.0404032
0.84375 1.04099 0.0409855 0.0404032
0.859375 1.0399 0.0398954 0.0393134
0.859375 1.0399 0.0398954 0.0393134
0.875 1.03888 0.0388827 0.0383036
0.875 1.03888 0.0388827 0.0383036
0.890625 1.03796 0.0379577 0.0373847
0.890625 1.03796 0.0379577 0.0373847
0.90625 1.03713 0.0371298 0.0365667
0.90625 1.03713 0.0371298 0.0365667
0.921875 1.03641 0.0364073 0.0358584
0.921875 1.03641 0.0364073 0.0358584
0.9375 1.0358 0.0357975 0.0352678
0.9375 1.0358 0.0357975 0.0352678
0.953125 1.03531 0.0353063 0.0348015
0.953125 1.03531 0.0353063 0.0348015
0.96875 1.03494 0.0349384 0.0344646
0.96875 1.03494 0.0349384 0.0344646
0.984375 1.0347 0.0346969 0.0342609
0.984375 1.0347 0.0346969 0.0342609
1 1 0 0.0341928
