# x y topography analytical topography
0 1 0 0.0215882
0.015625 1.02273 0.0227345 0.0217525
0.015625 1.02273 0.0227345 0.0217525
0.03125 1.02316 0.0231612 0.0222417
0.03125 1.02316 0.0231612 0.0222417
0.046875 1.02389 0.0238943 0.0230454
0.046875 1.02389 0.0238943 0.0230454
0.0625 1.02492 0.0249199 0.0241464
0.0625 1.02492 0.0249199 0.0241464
0.078125 1.02622 0.0262182 0.0255219
0.078125 1.02622 0.0262182 0.0255219
0.09375 1.02776 0.0277646 0.0271444
0.09375 1.02776 0.0277646 0.0271444
0.109375 1.02953 0.02953 0.0289829
0.109375 1.02953 0.02953 0.0289829
0.125 1.03148 0.0314829 0.0310037
0.125 1.03148 0.0314829 0.0310037
0.140625 1.03359 0.0335896 0.0331722
0.140625 1.03359 0.0335896 0.0331722
0.15625 1.03582 0.0358162 0.0354536
0.15625 1.03582 0.0358162 0.0354536
0.171875 1.03813 0.0381292 0.0378139
0.171875 1.03813 0.0381292 0.0378139
0.1875 1.0405 0.0404962 0.040221
0.1875 1.0405 0.0404962 0.040221
0.203125 1.04289 0.0428869 0.0426447
0.203125 1.04289 0.0428869 0.0426447
0.21875 1.04527 0.0452735 0.0450578
0.21875 1.04527 0.0452735 0.0450578
0.234375 1.04763 0.0476307 0.0474358
0.234375 1.04763 0.0476307 0.0474358
0.25 1.04994 0.0499362 0.0497571
0.25 1.04994 0.0499362 0.0497571
0.265625 1.05217 0.0521706 0.0520028
0.265625 1.05217 0.0521706 0.0520028
0.28125 1.05432 0.0543167 0.054157
0.28125 1.05432 0.0543167 0.054157
0.296875 1.05636 0.0563603 0.0562057
0.296875 1.05636 0.0563603 0.0562057
0.3125 1.05829 0.058289 0.0581374
0.3125 1.05829 0.058289 0.0581374
0.328125 1.06009 0.0600926 0.0599422
0.328125 1.06009 0.0600926 0.0599422
0.34375 1.06176 0.0617623 0.0616121
0.34375 1.06176 0.0617623 0.0616121
0.359375 1.06329 0.0632909 0.06314
0.359375 1.06329 0.0632909 0.06314
0.375 1.06467 0.0646724 0.0645204
0.375 1.06467 0.0646724 0.0645204
0.390625 1.0659 0.0659018 0.0657483
0.390625 1.0659 0.0659018 0.0657483
0.40625 1.06697 0.0669748 0.0668198
0.40625 1.06697 0.0669748 0.0668198
0.421875 1.06789 0.0678881 0.0677317
0.421875 1.06789 0.0678881 0.0677317
0.4375 1.06864 0.068639 0.0684813
0.4375 1.06864 0.068639 0.0684813
0.453125 1.06923 0.0692251 0.0690664
0.453125 1.06923 0.0692251 0.0690664
0.46875 1.06964 0.069645 0.0694854
0.46875 1.06964 0.069645 0.0694854
0.484375 1.0699 0.0698974 0.0697373
0.484375 1.0699 0.0698974 0.0697373
0.5 1.06998 0.0699816 0.0698213
0.5 1.06998 0.0699816 0.0698213
0.515625 1.0699 0.0698974 0.0697373
0.515625 1.0699 0.0698974 0.0697373
0.53125 1.06964 0.069645 0.0694854
0.53125 1.06964 0.069645 0.0694854
0.546875 1.06923 0.0692251 0.0690664
0.546875 1.06923 0.0692251 0.0690664
0.5625 1.06864 0.068639 0.0684813
0.5625 1.06864 0.068639 0.0684813
0.578125 1.06789 0.0678881 0.0677317
0.578125 1.06789 0.0678881 0.0677317
0.59375 1.06697 0.0669748 0.0668198
0.59375 1.06697 0.0669748 0.0668198
0.609375 1.0659 0.0659018 0.0657483
0.609375 1.0659 0.0659018 0.0657483
0.625 1.06467 0.0646724 0.0645204
0.625 1.06467 0.0646724 0.0645204
0.640625 1.06329 0.0632909 0.06314
0.640625 1.06329 0.0632909 0.06314
0.65625 1.06176 0.0617623 0.0616121
0.65625 1.06176 0.0617623 0.0616121
0.671875 1.06009 0.0600926 0.0599422
0.671875 1.06009 0.0600926 0.0599422
0.6875 1.05829 0.058289 0.0581374
0.6875 1.05829 0.058289 0.0581374
0.703125 1.05636 0.0563603 0.0562057
0.703125 1.05636 0.0563603 0.0562057
0.71875 1.05432 0.0543167 0.054157
0.71875 1.05432 0.0543167 0.054157
0.734375 1.05217 0.0521706 0.0520028
0.734375 1.05217 0.0521706 0.0520028
0.75 1.04994 0.0499362 0.0497571
0.75 1.04994 0.0499362 0.0497571
0.765625 1.04763 0.0476307 0.0474358
0.765625 1.04763 0.0476307 0.0474358
0.78125 1.04527 0.0452735 0.0450578
0.78125 1.04527 0.0452735 0.0450578
0.796875 1.04289 0.0428869 0.0426447
0.796875 1.04289 0.0428869 0.0426447
0.8125 1.0405 0.0404962 0.040221
0.8125 1.0405 0.0404962 0.040221
0.828125 1.03813 0.0381292 0.0378139
0.828125 1.03813 0.0381292 0.0378139
0.84375 1.03582 0.0358162 0.0354536
0.84375 1.03582 0.0358162 0.0354536
0.859375 1.03359 0.0335896 0.0331722
0.859375 1.03359 0.0335896 0.0331722
0.875 1.03148 0.0314829 0.0310037
0.875 1.03148 0.0314829 0.0310037
0.890625 1.02953 0.02953 0.0289829
0.890625 1.02953 0.02953 0.0289829
0.90625 1.02776 0.0277646 0.0271444
0.90625 1.02776 0.0277646 0.0271444
0.921875 1.02622 0.0262182 0.0255219
0.921875 1.02622 0.0262182 0.0255219
0.9375 1.02492 0.0249199 0.0241464
0.9375 1.02492 0.0249199 0.0241464
0.953125 1.02389 0.0238943 0.0230454
0.953125 1.02389 0.0238943 0.0230454
0.96875 1.02316 0.0231612 0.0222417
0.96875 1.02316 0.0231612 0.0222417
0.984375 1.02273 0.0227345 0.0217525
0.984375 1.02273 0.0227345 0.0217525
1 1 0 0.0215882
