# x y topography analytical topography
0 1 0 0.0124262
0.015625 1.01398 0.0139847 0.0127517
0.015625 1.01398 0.0139847 0.0127517
0.03125 1.01472 0.0147213 0.0137094
0.03125 1.01472 0.0147213 0.0137094
0.046875 1.01604 0.0160445 0.0152457
0.046875 1.01604 0.0160445 0.0152457
0.0625 1.01789 0.017887 0.0172799
0.0625 1.01789 0.017887 0.0172799
0.078125 1.02016 0.0201604 0.0197154
0.078125 1.02016 0.0201604 0.0197154
0.09375 1.02277 0.0227668 0.0224511
0.09375 1.02277 0.0227668 0.0224511
0.109375 1.02561 0.0256095 0.0253915
0.109375 1.02561 0.0256095 0.0253915
0.125 1.0286 0.0286012 0.0284531
0.125 1.0286 0.0286012 0.0284531
0.140625 1.03167 0.0316688 0.031568
0.140625 1.03167 0.0316688 0.031568
0.15625 1.03475 0.0347547 0.0346841
0.15625 1.03475 0.0347547 0.0346841
0.171875 1.03782 0.0378154 0.0377629
0.171875 1.03782 0.0378154 0.0377629
0.1875 1.04082 0.0408196 0.040777
0.1875 1.04082 0.0408196 0.040777
0.203125 1.04374 0.0437449 0.0437072
0.203125 1.04374 0.0437449 0.0437072
0.21875 1.04658 0.0465752 0.0465392
0.21875 1.04658 0.0465752 0.0465392
0.234375 1.0493 0.0492986 0.0492627
0.234375 1.0493 0.0492986 0.0492627
0.25 1.05191 0.0519058 0.051869
0.25 1.05191 0.0519058 0.051869
0.265625 1.05439 0.0543892 0.0543512
0.265625 1.05439 0.0543892 0.0543512
0.28125 1.05674 0.0567421 0.0567026
0.28125 1.05674 0.0567421 0.0567026
0.296875 1.05896 0.0589585 0.0589176
0.296875 1.05896 0.0589585 0.0589176
0.3125 1.06103 0.061033 0.0609907
0.3125 1.06103 0.061033 0.0609907
0.328125 1.06296 0.0629605 0.0629169
0.328125 1.06296 0.0629605 0.0629169
0.34375 1.06474 0.0647363 0.0646914
0.34375 1.06474 0.0647363 0.0646914
0.359375 1.06636 0.0663562 0.0663102
0.359375 1.06636 0.0663562 0.0663102
0.375 1.06782 0.0678162 0.0677692
0.375 1.06782 0.0678162 0.0677692
0.390625 1.06911 0.0691129 0.069065
0.390625 1.06911 0.0691129 0.069065
0.40625 1.07024 0.070243 0.0701943
0.40625 1.07024 0.070243 0.0701943
0.421875 1.0712 0.0712039 0.0711546
0.421875 1.0712 0.0712039 0.0711546
0.4375 1.07199 0.0719933 0.0719434
0.4375 1.07199 0.0719933 0.0719434
0.453125 1.07261 0.0726093 0.0725589
0.453125 1.07261 0.0726093 0.0725589
0.46875 1.07305 0.0730503 0.0729996
0.46875 1.07305 0.0730503 0.0729996
0.484375 1.07332 0.0733153 0.0732645
0.484375 1.07332 0.0733153 0.0732645
0.5 1.0734 0.0734038 0.0733529
0.5 1.0734 0.0734038 0.0733529
0.515625 1.07332 0.0733153 0.0732645
0.515625 1.07332 0.0733153 0.0732645
0.53125 1.07305 0.0730503 0.0729996
0.53125 1.07305 0.0730503 0.0729996
0.546875 1.07261 0.0726093 0.0725589
0.546875 1.07261 0.0726093 0.0725589
0.5625 1.07199 0.0719933 0.0719434
0.5625 1.07199 0.0719933 0.0719434
0.578125 1.0712 0.0712039 0.0711546
0.578125 1.0712 0.0712039 0.0711546
0.59375 1.07024 0.070243 0.0701943
0.59375 1.07024 0.070243 0.0701943
0.609375 1.06911 0.0691129 0.069065
0.609375 1.06911 0.0691129 0.069065
0.625 1.06782 0.0678162 0.0677692
0.625 1.06782 0.0678162 0.0677692
0.640625 1.06636 0.0663562 0.0663102
0.640625 1.06636 0.0663562 0.0663102
0.65625 1.06474 0.0647363 0.0646914
0.65625 1.06474 0.0647363 0.0646914
0.671875 1.06296 0.0629605 0.0629169
0.671875 1.06296 0.0629605 0.0629169
0.6875 1.06103 0.061033 0.0609907
0.6875 1.06103 0.061033 0.0609907
0.703125 1.05896 0.0589585 0.0589176
0.703125 1.05896 0.0589585 0.0589176
0.71875 1.05674 0.0567421 0.0567026
0.71875 1.05674 0.0567421 0.0567026
0.734375 1.05439 0.0543892 0.0543512
0.734375 1.05439 0.0543892 0.0543512
0.75 1.05191 0.0519058 0.051869
0.75 1.05191 0.0519058 0.051869
0.765625 1.0493 0.0492986 0.0492627
0.765625 1.0493 0.0492986 0.0492627
0.78125 1.04658 0.0465752 0.0465392
0.78125 1.04658 0.0465752 0.0465392
0.796875 1.04374 0.0437449 0.0437072
0.796875 1.04374 0.0437449 0.0437072
0.8125 1.04082 0.0408196 0.040777
0.8125 1.04082 0.0408196 0.040777
0.828125 1.03782 0.0378154 0.0377629
0.828125 1.03782 0.0378154 0.0377629
0.84375 1.03475 0.0347547 0.0346841
0.84375 1.03475 0.0347547 0.0346841
0.859375 1.03167 0.0316688 0.031568
0.859375 1.03167 0.0316688 0.031568
0.875 1.0286 0.0286012 0.0284531
0.875 1.0286 0.0286012 0.0284531
0.890625 1.02561 0.0256095 0.0253915
0.890625 1.02561 0.0256095 0.0253915
0.90625 1.02277 0.0227668 0.0224511
0.90625 1.02277 0.0227668 0.0224511
0.921875 1.02016 0.0201604 0.0197154
0.921875 1.02016 0.0201604 0.0197154
0.9375 1.01789 0.017887 0.0172799
0.9375 1.01789 0.017887 0.0172799
0.953125 1.01604 0.0160445 0.0152457
0.953125 1.01604 0.0160445 0.0152457
0.96875 1.01472 0.0147213 0.0137094
0.96875 1.01472 0.0147213 0.0137094
0.984375 1.01398 0.0139847 0.0127517
0.984375 1.01398 0.0139847 0.0127517
1 1 0 0.0124262
