# x y topography analytical topography
0 1 0 0.0286088
0.015625 1.02942 0.0294155 0.028712
0.015625 1.02942 0.0294155 0.028712
0.03125 1.02972 0.0297244 0.02902
0.03125 1.02972 0.0297244 0.02902
0.046875 1.03023 0.0302259 0.0295286
0.046875 1.03023 0.0302259 0.0295286
0.0625 1.03091 0.0309143 0.0302307
0.0625 1.03091 0.0309143 0.0302307
0.078125 1.03178 0.0317809 0.0311166
0.078125 1.03178 0.0317809 0.0311166
0.09375 1.03282 0.0328152 0.0321741
0.09375 1.03282 0.0328152 0.0321741
0.109375 1.034 0.0340039 0.0333891
0.109375 1.034 0.0340039 0.0333891
0.125 1.03533 0.0353323 0.0347456
0.125 1.03533 0.0353323 0.0347456
0.140625 1.03678 0.0367839 0.0362263
0.140625 1.03678 0.0367839 0.0362263
0.15625 1.03834 0.038341 0.0378125
0.15625 1.03834 0.038341 0.0378125
0.171875 1.03999 0.0399852 0.0394851
0.171875 1.03999 0.0399852 0.0394851
0.1875 1.0417 0.0416973 0.0412243
0.1875 1.0417 0.0416973 0.0412243
0.203125 1.04346 0.043458 0.0430104
0.203125 1.04346 0.043458 0.0430104
0.21875 1.04525 0.0452483 0.044824
0.21875 1.04525 0.0452483 0.044824
0.234375 1.04705 0.0470493 0.0466459
0.234375 1.04705 0.0470493 0.0466459
0.25 1.04884 0.0488427 0.048458
0.25 1.04884 0.0488427 0.048458
0.265625 1.05061 0.0506113 0.0502427
0.265625 1.05061 0.0506113 0.0502427
0.28125 1.05234 0.0523386 0.0519838
0.28125 1.05234 0.0523386 0.0519838
0.296875 1.05401 0.0540092 0.0536659
0.296875 1.05401 0.0540092 0.0536659
0.3125 1.05561 0.0556091 0.0552752
0.3125 1.05561 0.0556091 0.0552752
0.328125 1.05713 0.0571252 0.0567989
0.328125 1.05713 0.0571252 0.0567989
0.34375 1.05855 0.0585459 0.0582255
0.34375 1.05855 0.0585459 0.0582255
0.359375 1.05986 0.0598607 0.0595448
0.359375 1.05986 0.0598607 0.0595448
0.375 1.06106 0.0610604 0.0607478
0.375 1.06106 0.0610604 0.0607478
0.390625 1.06214 0.0621369 0.0618266
0.390625 1.06214 0.0621369 0.0618266
0.40625 1.06308 0.0630832 0.0627745
0.40625 1.06308 0.0630832 0.0627745
0.421875 1.06389 0.0638934 0.0635857
0.421875 1.06389 0.0638934 0.0635857
0.4375 1.06456 0.0645628 0.0642557
0.4375 1.06456 0.0645628 0.0642557
0.453125 1.06509 0.0650874 0.0647806
0.453125 1.06509 0.0650874 0.0647806
0.46875 1.06546 0.0654642 0.0651575
0.46875 1.06546 0.0654642 0.0651575
0.484375 1.06569 0.0656911 0.0653845
0.484375 1.06569 0.0656911 0.0653845
0.5 1.06577 0.0657669 0.0654602
0.5 1.06577 0.0657669 0.0654602
0.515625 1.06569 0.0656911 0.0653845
0.515625 1.06569 0.0656911 0.0653845
0.53125 1.06546 0.0654642 0.0651575
0.53125 1.06546 0.0654642 0.0651575
0.546875 1.06509 0.0650874 0.0647806
0.546875 1.06509 0.0650874 0.0647806
0.5625 1.06456 0.0645628 0.0642557
0.5625 1.06456 0.0645628 0.0642557
0.578125 1.06389 0.0638934 0.0635857
0.578125 1.06389 0.0638934 0.0635857
0.59375 1.06308 0.0630832 0.0627745
0.59375 1.06308 0.0630832 0.0627745
0.609375 1.06214 0.0621369 0.0618266
0.609375 1.06214 0.0621369 0.0618266
0.625 1.06106 0.0610604 0.0607478
0.625 1.06106 0.0610604 0.0607478
0.640625 1.05986 0.0598607 0.0595448
0.640625 1.05986 0.0598607 0.0595448
0.65625 1.05855 0.0585459 0.0582255
0.65625 1.05855 0.0585459 0.0582255
0.671875 1.05713 0.0571252 0.0567989
0.671875 1.05713 0.0571252 0.0567989
0.6875 1.05561 0.0556091 0.0552752
0.6875 1.05561 0.0556091 0.0552752
0.703125 1.05401 0.0540092 0.0536659
0.703125 1.05401 0.0540092 0.0536659
0.71875 1.05234 0.0523386 0.0519838
0.71875 1.05234 0.0523386 0.0519838
0.734375 1.05061 0.0506113 0.0502427
0.734375 1.05061 0.0506113 0.0502427
0.75 1.04884 0.0488427 0.048458
0.75 1.04884 0.0488427 0.048458
0.765625 1.04705 0.0470493 0.0466459
0.765625 1.04705 0.0470493 0.0466459
0.78125 1.04525 0.0452483 0.044824
0.78125 1.04525 0.0452483 0.044824
0.796875 1.04346 0.043458 0.0430104
0.796875 1.04346 0.043458 0.0430104
0.8125 1.0417 0.0416973 0.0412243
0.8125 1.0417 0.0416973 0.0412243
0.828125 1.03999 0.0399852 0.0394851
0.828125 1.03999 0.0399852 0.0394851
0.84375 1.03834 0.038341 0.0378125
0.84375 1.03834 0.038341 0.0378125
0.859375 1.03678 0.0367839 0.0362263
0.859375 1.03678 0.0367839 0.0362263
0.875 1.03533 0.0353323 0.0347456
0.875 1.03533 0.0353323 0.0347456
0.890625 1.034 0.0340039 0.0333891
0.890625 1.034 0.0340039 0.0333891
0.90625 1.03282 0.0328152 0.0321741
0.90625 1.03282 0.0328152 0.0321741
0.921875 1.03178 0.0317809 0.0311166
0.921875 1.03178 0.0317809 0.0311166
0.9375 1.03091 0.0309143 0.0302307
0.9375 1.03091 0.0309143 0.0302307
0.953125 1.03023 0.0302259 0.0295286
0.953125 1.03023 0.0302259 0.0295286
0.96875 1.02972 0.0297244 0.02902
0.96875 1.02972 0.0297244 0.02902
0.984375 1.02942 0.0294155 0.028712
0.984375 1.02942 0.0294155 0.028712
1 1 0 0.0286088
