# x y topography analytical topography
0 1 0 0.0170879
0.015625 1.01844 0.0184379 0.0173121
0.015625 1.01844 0.0184379 0.0173121
0.03125 1.01898 0.01898 0.0179772
0.03125 1.01898 0.01898 0.0179772
0.046875 1.01994 0.0199364 0.019062
0.046875 1.01994 0.0199364 0.019062
0.0625 1.02128 0.02128 0.0205328
0.0625 1.02128 0.02128 0.0205328
0.078125 1.02297 0.0229724 0.022346
0.078125 1.02297 0.0229724 0.022346
0.09375 1.02497 0.0249673 0.0244513
0.09375 1.02497 0.0249673 0.0244513
0.109375 1.02721 0.0272132 0.0267946
0.109375 1.02721 0.0272132 0.0267946
0.125 1.02966 0.0296569 0.0293212
0.125 1.02966 0.0296569 0.0293212
0.140625 1.03225 0.0322457 0.0319783
0.140625 1.03225 0.0322457 0.0319783
0.15625 1.03493 0.0349303 0.0347174
0.15625 1.03493 0.0349303 0.0347174
0.171875 1.03767 0.0376657 0.0374949
0.171875 1.03767 0.0376657 0.0374949
0.1875 1.04041 0.0404128 0.0402733
0.1875 1.04041 0.0404128 0.0402733
0.203125 1.04314 0.0431381 0.0430209
0.203125 1.04314 0.0431381 0.0430209
0.21875 1.04581 0.0458136 0.0457117
0.21875 1.04581 0.0458136 0.0457117
0.234375 1.04842 0.0484166 0.0483246
0.234375 1.04842 0.0484166 0.0483246
0.25 1.05093 0.0509287 0.0508426
0.25 1.05093 0.0509287 0.0508426
0.265625 1.05334 0.0533353 0.053252
0.265625 1.05334 0.0533353 0.053252
0.28125 1.05562 0.0556243 0.0555421
0.28125 1.05562 0.0556243 0.0555421
0.296875 1.05779 0.0577863 0.0577037
0.296875 1.05779 0.0577863 0.0577037
0.3125 1.05981 0.0598134 0.0597296
0.3125 1.05981 0.0598134 0.0597296
0.328125 1.0617 0.0616989 0.0616135
0.328125 1.0617 0.0616989 0.0616135
0.34375 1.06344 0.0634372 0.0633501
0.34375 1.06344 0.0634372 0.0633501
0.359375 1.06502 0.0650235 0.0649346
0.359375 1.06502 0.0650235 0.0649346
0.375 1.06645 0.0664537 0.066363
0.375 1.06645 0.0664537 0.066363
0.390625 1.06772 0.067724 0.0676317
0.390625 1.06772 0.067724 0.0676317
0.40625 1.06883 0.0688313 0.0687375
0.40625 1.06883 0.0688313 0.0687375
0.421875 1.06977 0.0697729 0.0696778
0.421875 1.06977 0.0697729 0.0696778
0.4375 1.07055 0.0705463 0.0704503
0.4375 1.07055 0.0705463 0.0704503
0.453125 1.07115 0.0711499 0.071053
0.453125 1.07115 0.0711499 0.071053
0.46875 1.07158 0.0715821 0.0714846
0.46875 1.07158 0.0715821 0.0714846
0.484375 1.07184 0.0718418 0.0717439
0.484375 1.07184 0.0718418 0.0717439
0.5 1.07193 0.0719284 0.0718305
0.5 1.07193 0.0719284 0.0718305
0.515625 1.07184 0.0718418 0.0717439
0.515625 1.07184 0.0718418 0.0717439
0.53125 1.07158 0.0715821 0.0714846
0.53125 1.07158 0.0715821 0.0714846
0.546875 1.07115 0.0711499 0.071053
0.546875 1.07115 0.0711499 0.071053
0.5625 1.07055 0.0705463 0.0704503
0.5625 1.07055 0.0705463 0.0704503
0.578125 1.06977 0.0697729 0.0696778
0.578125 1.06977 0.0697729 0.0696778
0.59375 1.06883 0.0688313 0.0687375
0.59375 1.06883 0.0688313 0.0687375
0.609375 1.06772 0.067724 0.0676317
0.609375 1.06772 0.067724 0.0676317
0.625 1.06645 0.0664537 0.066363
0.625 1.06645 0.0664537 0.066363
0.640625 1.06502 0.0650235 0.0649346
0.640625 1.06502 0.0650235 0.0649346
0.65625 1.06344 0.0634372 0.0633501
0.65625 1.06344 0.0634372 0.0633501
0.671875 1.0617 0.0616989 0.0616135
0.671875 1.0617 0.0616989 0.0616135
0.6875 1.05981 0.0598134 0.0597296
0.6875 1.05981 0.0598134 0.0597296
0.703125 1.05779 0.0577863 0.0577037
0.703125 1.05779 0.0577863 0.0577037
0.71875 1.05562 0.0556243 0.0555421
0.71875 1.05562 0.0556243 0.0555421
0.734375 1.05334 0.0533353 0.053252
0.734375 1.05334 0.0533353 0.053252
0.75 1.05093 0.0509287 0.0508426
0.75 1.05093 0.0509287 0.0508426
0.765625 1.04842 0.0484166 0.0483246
0.765625 1.04842 0.0484166 0.0483246
0.78125 1.04581 0.0458136 0.0457117
0.78125 1.04581 0.0458136 0.0457117
0.796875 1.04314 0.0431381 0.0430209
0.796875 1.04314 0.0431381 0.0430209
0.8125 1.04041 0.0404128 0.0402733
0.8125 1.04041 0.0404128 0.0402733
0.828125 1.03767 0.0376657 0.0374949
0.828125 1.03767 0.0376657 0.0374949
0.84375 1.03493 0.0349303 0.0347174
0.84375 1.03493 0.0349303 0.0347174
0.859375 1.03225 0.0322457 0.0319783
0.859375 1.03225 0.0322457 0.0319783
0.875 1.02966 0.0296569 0.0293212
0.875 1.02966 0.0296569 0.0293212
0.890625 1.02721 0.0272132 0.0267946
0.890625 1.02721 0.0272132 0.0267946
0.90625 1.02497 0.0249673 0.0244513
0.90625 1.02497 0.0249673 0.0244513
0.921875 1.02297 0.0229724 0.022346
0.921875 1.02297 0.0229724 0.022346
0.9375 1.02128 0.02128 0.0205328
0.9375 1.02128 0.02128 0.0205328
0.953125 1.01994 0.0199364 0.019062
0.953125 1.01994 0.0199364 0.019062
0.96875 1.01898 0.01898 0.0179772
0.96875 1.01898 0.01898 0.0179772
0.984375 1.01844 0.0184379 0.0173121
0.984375 1.01844 0.0184379 0.0173121
1 1 0 0.0170879
