# x y topography analytical topography
0 1 0 0.0117347
0.015625 1.01332 0.0133249 0.0120816
0.015625 1.01332 0.0133249 0.0120816
0.03125 1.0141 0.0141021 0.0130997
0.03125 1.0141 0.0141021 0.0130997
0.046875 1.0155 0.0155 0.014726
0.046875 1.0155 0.0155 0.014726
0.0625 1.01744 0.0174397 0.0168668
0.0625 1.01744 0.0174397 0.0168668
0.078125 1.01982 0.0198194 0.0194122
0.078125 1.01982 0.0198194 0.0194122
0.09375 1.02253 0.0225291 0.0222501
0.09375 1.02253 0.0225291 0.0222501
0.109375 1.02546 0.0254634 0.0252777
0.109375 1.02546 0.0254634 0.0252777
0.125 1.02853 0.0285303 0.0284086
0.125 1.02853 0.0285303 0.0284086
0.140625 1.03166 0.031656 0.0315756
0.140625 1.03166 0.031656 0.0315756
0.15625 1.03478 0.0347843 0.0347289
0.15625 1.03478 0.0347843 0.0347289
0.171875 1.03788 0.0378752 0.0378338
0.171875 1.03788 0.0378752 0.0378338
0.1875 1.0409 0.0409006 0.0408662
0.1875 1.0409 0.0409006 0.0408662
0.203125 1.04384 0.0438409 0.0438095
0.203125 1.04384 0.0438409 0.0438095
0.21875 1.04668 0.0466824 0.0466516
0.21875 1.04668 0.0466824 0.0466516
0.234375 1.04941 0.0494145 0.0493832
0.234375 1.04941 0.0494145 0.0493832
0.25 1.05203 0.0520291 0.0519967
0.25 1.05203 0.0520291 0.0519967
0.265625 1.05452 0.054519 0.0544852
0.265625 1.05452 0.054519 0.0544852
0.28125 1.05688 0.0568777 0.0568426
0.28125 1.05688 0.0568777 0.0568426
0.296875 1.0591 0.0590995 0.0590631
0.296875 1.0591 0.0590995 0.0590631
0.3125 1.06118 0.061179 0.0611414
0.3125 1.06118 0.061179 0.0611414
0.328125 1.06311 0.0631111 0.0630723
0.328125 1.06311 0.0631111 0.0630723
0.34375 1.06489 0.0648912 0.0648513
0.34375 1.06489 0.0648912 0.0648513
0.359375 1.06651 0.066515 0.066474
0.359375 1.06651 0.066515 0.066474
0.375 1.06798 0.0679785 0.0679366
0.375 1.06798 0.0679785 0.0679366
0.390625 1.06928 0.0692782 0.0692356
0.390625 1.06928 0.0692782 0.0692356
0.40625 1.07041 0.0704111 0.0703677
0.40625 1.07041 0.0704111 0.0703677
0.421875 1.07137 0.0713743 0.0713304
0.421875 1.07137 0.0713743 0.0713304
0.4375 1.07217 0.0721656 0.0721211
0.4375 1.07217 0.0721656 0.0721211
0.453125 1.07278 0.072783 0.0727382
0.453125 1.07278 0.072783 0.0727382
0.46875 1.07323 0.0732251 0.07318
0.46875 1.07323 0.0732251 0.07318
0.484375 1.07349 0.0734907 0.0734455
0.484375 1.07349 0.0734907 0.0734455
0.5 1.07358 0.0735794 0.0735341
0.5 1.07358 0.0735794 0.0735341
0.515625 1.07349 0.0734907 0.0734455
0.515625 1.07349 0.0734907 0.0734455
0.53125 1.07323 0.0732251 0.07318
0.53125 1.07323 0.0732251 0.07318
0.546875 1.07278 0.072783 0.0727382
0.546875 1.07278 0.072783 0.0727382
0.5625 1.07217 0.0721656 0.0721211
0.5625 1.07217 0.0721656 0.0721211
0.578125 1.07137 0.0713743 0.0713304
0.578125 1.07137 0.0713743 0.0713304
0.59375 1.07041 0.0704111 0.0703677
0.59375 1.07041 0.0704111 0.0703677
0.609375 1.06928 0.0692782 0.0692356
0.609375 1.06928 0.0692782 0.0692356
0.625 1.06798 0.0679785 0.0679366
0.625 1.06798 0.0679785 0.0679366
0.640625 1.06651 0.066515 0.066474
0.640625 1.06651 0.066515 0.066474
0.65625 1.06489 0.0648912 0.0648513
0.65625 1.06489 0.0648912 0.0648513
0.671875 1.06311 0.0631111 0.0630723
0.671875 1.06311 0.0631111 0.0630723
0.6875 1.06118 0.061179 0.0611414
0.6875 1.06118 0.061179 0.0611414
0.703125 1.0591 0.0590995 0.0590631
0.703125 1.0591 0.0590995 0.0590631
0.71875 1.05688 0.0568777 0.0568426
0.71875 1.05688 0.0568777 0.0568426
0.734375 1.05452 0.054519 0.0544852
0.734375 1.05452 0.054519 0.0544852
0.75 1.05203 0.0520291 0.0519967
0.75 1.05203 0.0520291 0.0519967
0.765625 1.04941 0.0494145 0.0493832
0.765625 1.04941 0.0494145 0.0493832
0.78125 1.04668 0.0466824 0.0466516
0.78125 1.04668 0.0466824 0.0466516
0.796875 1.04384 0.0438409 0.0438095
0.796875 1.04384 0.0438409 0.0438095
0.8125 1.0409 0.0409006 0.0408662
0.8125 1.0409 0.0409006 0.0408662
0.828125 1.03788 0.0378752 0.0378338
0.828125 1.03788 0.0378752 0.0378338
0.84375 1.03478 0.0347843 0.0347289
0.84375 1.03478 0.0347843 0.0347289
0.859375 1.03166 0.031656 0.0315756
0.859375 1.03166 0.031656 0.0315756
0.875 1.02853 0.0285303 0.0284086
0.875 1.02853 0.0285303 0.0284086
0.890625 1.02546 0.0254634 0.0252777
0.890625 1.02546 0.0254634 0.0252777
0.90625 1.02253 0.0225291 0.0222501
0.90625 1.02253 0.0225291 0.0222501
0.921875 1.01982 0.0198194 0.0194122
0.921875 1.01982 0.0198194 0.0194122
0.9375 1.01744 0.0174397 0.0168668
0.9375 1.01744 0.0174397 0.0168668
0.953125 1.0155 0.0155 0.014726
0.953125 1.0155 0.0155 0.014726
0.96875 1.0141 0.0141021 0.0130997
0.96875 1.0141 0.0141021 0.0130997
0.984375 1.01332 0.0133249 0.0120816
0.984375 1.01332 0.0133249 0.0120816
1 1 0 0.0117347
