# x y topography analytical topography
0 1 0 0.028288
0.015625 1.02911 0.029111 0.0283934
0.015625 1.02911 0.029111 0.0283934
0.03125 1.02942 0.0294243 0.0287083
0.03125 1.02942 0.0294243 0.0287083
0.046875 1.02993 0.0299345 0.029228
0.046875 1.02993 0.0299345 0.029228
0.0625 1.03064 0.0306356 0.0299453
0.0625 1.03064 0.0306356 0.0299453
0.078125 1.03152 0.0315189 0.0308501
0.078125 1.03152 0.0315189 0.0308501
0.09375 1.03257 0.032573 0.0319298
0.09375 1.03257 0.032573 0.0319298
0.109375 1.03378 0.0337846 0.0331698
0.109375 1.03378 0.0337846 0.0331698
0.125 1.03514 0.0351383 0.0345536
0.125 1.03514 0.0351383 0.0345536
0.140625 1.03662 0.036617 0.0360632
0.140625 1.03662 0.036617 0.0360632
0.15625 1.0382 0.0382027 0.0376794
0.15625 1.0382 0.0382027 0.0376794
0.171875 1.03988 0.0398762 0.0393826
0.171875 1.03988 0.0398762 0.0393826
0.1875 1.04162 0.0416179 0.0411525
0.1875 1.04162 0.0416179 0.0411525
0.203125 1.04341 0.0434081 0.042969
0.203125 1.04341 0.0434081 0.042969
0.21875 1.04523 0.0452272 0.0448121
0.21875 1.04523 0.0452272 0.0448121
0.234375 1.04706 0.0470561 0.0466624
0.234375 1.04706 0.0470561 0.0466624
0.25 1.04888 0.0488761 0.0485013
0.25 1.04888 0.0488761 0.0485013
0.265625 1.05067 0.0506698 0.0503113
0.265625 1.05067 0.0506698 0.0503113
0.28125 1.05242 0.0524204 0.0520758
0.28125 1.05242 0.0524204 0.0520758
0.296875 1.05411 0.0541126 0.0537795
0.296875 1.05411 0.0541126 0.0537795
0.3125 1.05573 0.0557321 0.0554084
0.3125 1.05573 0.0557321 0.0554084
0.328125 1.05727 0.0572659 0.0569497
0.328125 1.05727 0.0572659 0.0569497
0.34375 1.0587 0.0587025 0.0583919
0.34375 1.0587 0.0587025 0.0583919
0.359375 1.06003 0.0600312 0.059725
0.359375 1.06003 0.0600312 0.059725
0.375 1.06124 0.0612431 0.06094
0.375 1.06124 0.0612431 0.06094
0.390625 1.06233 0.06233 0.0620291
0.390625 1.06233 0.06233 0.0620291
0.40625 1.06329 0.0632852 0.0629856
0.40625 1.06329 0.0632852 0.0629856
0.421875 1.0641 0.0641027 0.063804
0.421875 1.0641 0.0641027 0.063804
0.4375 1.06478 0.064778 0.0644797
0.4375 1.06478 0.064778 0.0644797
0.453125 1.06531 0.065307 0.0650089
0.453125 1.06531 0.065307 0.0650089
0.46875 1.06569 0.0656869 0.0653889
0.46875 1.06569 0.0656869 0.0653889
0.484375 1.06592 0.0659157 0.0656177
0.484375 1.06592 0.0659157 0.0656177
0.5 1.06599 0.0659921 0.0656941
0.5 1.06599 0.0659921 0.0656941
0.515625 1.06592 0.0659157 0.0656177
0.515625 1.06592 0.0659157 0.0656177
0.53125 1.06569 0.0656869 0.0653889
0.53125 1.06569 0.0656869 0.0653889
0.546875 1.06531 0.065307 0.0650089
0.546875 1.06531 0.065307 0.0650089
0.5625 1.06478 0.064778 0.0644797
0.5625 1.06478 0.064778 0.0644797
0.578125 1.0641 0.0641027 0.063804
0.578125 1.0641 0.0641027 0.063804
0.59375 1.06329 0.0632852 0.0629856
0.59375 1.06329 0.0632852 0.0629856
0.609375 1.06233 0.06233 0.0620291
0.609375 1.06233 0.06233 0.0620291
0.625 1.06124 0.0612431 0.06094
0.625 1.06124 0.0612431 0.06094
0.640625 1.06003 0.0600312 0.059725
0.640625 1.06003 0.0600312 0.059725
0.65625 1.0587 0.0587025 0.0583919
0.65625 1.0587 0.0587025 0.0583919
0.671875 1.05727 0.0572659 0.0569497
0.671875 1.05727 0.0572659 0.0569497
0.6875 1.05573 0.0557321 0.0554084
0.6875 1.05573 0.0557321 0.0554084
0.703125 1.05411 0.0541126 0.0537795
0.703125 1.05411 0.0541126 0.0537795
0.71875 1.05242 0.0524204 0.0520758
0.71875 1.05242 0.0524204 0.0520758
0.734375 1.05067 0.0506698 0.0503113
0.734375 1.05067 0.0506698 0.0503113
0.75 1.04888 0.0488761 0.0485013
0.75 1.04888 0.0488761 0.0485013
0.765625 1.04706 0.0470561 0.0466624
0.765625 1.04706 0.0470561 0.0466624
0.78125 1.04523 0.0452272 0.0448121
0.78125 1.04523 0.0452272 0.0448121
0.796875 1.04341 0.0434081 0.042969
0.796875 1.04341 0.0434081 0.042969
0.8125 1.04162 0.0416179 0.0411525
0.8125 1.04162 0.0416179 0.0411525
0.828125 1.03988 0.0398762 0.0393826
0.828125 1.03988 0.0398762 0.0393826
0.84375 1.0382 0.0382027 0.0376794
0.84375 1.0382 0.0382027 0.0376794
0.859375 1.03662 0.036617 0.0360632
0.859375 1.03662 0.036617 0.0360632
0.875 1.03514 0.0351383 0.0345536
0.875 1.03514 0.0351383 0.0345536
0.890625 1.03378 0.0337846 0.0331698
0.890625 1.03378 0.0337846 0.0331698
0.90625 1.03257 0.032573 0.0319298
0.90625 1.03257 0.032573 0.0319298
0.921875 1.03152 0.0315189 0.0308501
0.921875 1.03152 0.0315189 0.0308501
0.9375 1.03064 0.0306356 0.0299453
0.9375 1.03064 0.0306356 0.0299453
0.953125 1.02993 0.0299345 0.029228
0.953125 1.02993 0.0299345 0.029228
0.96875 1.02942 0.0294243 0.0287083
0.96875 1.02942 0.0294243 0.0287083
0.984375 1.02911 0.029111 0.0283934
0.984375 1.02911 0.029111 0.0283934
1 1 0 0.028288
