# x y topography analytical topography
0 1 0 0.0277372
0.015625 1.02859 0.0285881 0.0278467
0.015625 1.02859 0.0285881 0.0278467
0.03125 1.02891 0.0289091 0.0281735
0.03125 1.02891 0.0289091 0.0281735
0.046875 1.02943 0.0294346 0.0287127
0.046875 1.02943 0.0294346 0.0287127
0.0625 1.03016 0.0301581 0.0294567
0.0625 1.03016 0.0301581 0.0294567
0.078125 1.03107 0.0310703 0.0303945
0.078125 1.03107 0.0310703 0.0303945
0.09375 1.03216 0.0321593 0.031513
0.09375 1.03216 0.0321593 0.031513
0.109375 1.03341 0.0334107 0.0327966
0.109375 1.03341 0.0334107 0.0327966
0.125 1.03481 0.0348084 0.0342277
0.125 1.03481 0.0348084 0.0342277
0.140625 1.03633 0.0363344 0.0357875
0.140625 1.03633 0.0363344 0.0357875
0.15625 1.03797 0.0379695 0.0374557
0.15625 1.03797 0.0379695 0.0374557
0.171875 1.03969 0.0396936 0.0392118
0.171875 1.03969 0.0396936 0.0392118
0.1875 1.04149 0.0414864 0.0410345
0.1875 1.04149 0.0414864 0.0410345
0.203125 1.04333 0.0433272 0.0429029
0.203125 1.04333 0.0433272 0.0429029
0.21875 1.0452 0.0451956 0.0447964
0.21875 1.0452 0.0451956 0.0447964
0.234375 1.04707 0.047072 0.046695
0.234375 1.04707 0.047072 0.046695
0.25 1.04894 0.0489372 0.0485795
0.25 1.04894 0.0489372 0.0485795
0.265625 1.05077 0.0507732 0.0504321
0.265625 1.05077 0.0507732 0.0504321
0.28125 1.05256 0.0525632 0.052236
0.28125 1.05256 0.0525632 0.052236
0.296875 1.05429 0.0542915 0.0539757
0.296875 1.05429 0.0542915 0.0539757
0.3125 1.05594 0.0559438 0.0556372
0.3125 1.05594 0.0559438 0.0556372
0.328125 1.05751 0.0575072 0.0572076
0.328125 1.05751 0.0575072 0.0572076
0.34375 1.05897 0.0589699 0.0586758
0.34375 1.05897 0.0589699 0.0586758
0.359375 1.06032 0.0603217 0.0600315
0.359375 1.06032 0.0603217 0.0600315
0.375 1.06155 0.0615535 0.0612661
0.375 1.06155 0.0615535 0.0612661
0.390625 1.06266 0.0626575 0.062372
0.390625 1.06266 0.0626575 0.062372
0.40625 1.06363 0.0636271 0.0633426
0.40625 1.06363 0.0636271 0.0633426
0.421875 1.06446 0.0644565 0.0641727
0.421875 1.06446 0.0644565 0.0641727
0.4375 1.06514 0.0651412 0.0648576
0.4375 1.06514 0.0651412 0.0648576
0.453125 1.06568 0.0656774 0.0653939
0.453125 1.06568 0.0656774 0.0653939
0.46875 1.06606 0.0660624 0.0657788
0.46875 1.06606 0.0660624 0.0657788
0.484375 1.06629 0.0662942 0.0660105
0.484375 1.06629 0.0662942 0.0660105
0.5 1.06637 0.0663716 0.0660879
0.5 1.06637 0.0663716 0.0660879
0.515625 1.06629 0.0662942 0.0660105
0.515625 1.06629 0.0662942 0.0660105
0.53125 1.06606 0.0660624 0.0657788
0.53125 1.06606 0.0660624 0.0657788
0.546875 1.06568 0.0656774 0.0653939
0.546875 1.06568 0.0656774 0.0653939
0.5625 1.06514 0.0651412 0.0648576
0.5625 1.06514 0.0651412 0.0648576
0.578125 1.06446 0.0644565 0.0641727
0.578125 1.06446 0.0644565 0.0641727
0.59375 1.06363 0.0636271 0.0633426
0.59375 1.06363 0.0636271 0.0633426
0.609375 1.06266 0.0626575 0.062372
0.609375 1.06266 0.0626575 0.062372
0.625 1.06155 0.0615535 0.0612661
0.625 1.06155 0.0615535 0.0612661
0.640625 1.06032 0.0603217 0.0600315
0.640625 1.06032 0.0603217 0.0600315
0.65625 1.05897 0.0589699 0.0586758
0.65625 1.05897 0.0589699 0.0586758
0.671875 1.05751 0.0575072 0.0572076
0.671875 1.05751 0.0575072 0.0572076
0.6875 1.05594 0.0559438 0.0556372
0.6875 1.05594 0.0559438 0.0556372
0.703125 1.05429 0.0542915 0.0539757
0.703125 1.05429 0.0542915 0.0539757
0.71875 1.05256 0.0525632 0.052236
0.71875 1.05256 0.0525632 0.052236
0.734375 1.05077 0.0507732 0.0504321
0.734375 1.05077 0.0507732 0.0504321
0.75 1.04894 0.0489372 0.0485795
0.75 1.04894 0.0489372 0.0485795
0.765625 1.04707 0.047072 0.046695
0.765625 1.04707 0.047072 0.046695
0.78125 1.0452 0.0451956 0.0447964
0.78125 1.0452 0.0451956 0.0447964
0.796875 1.04333 0.0433272 0.0429029
0.796875 1.04333 0.0433272 0.0429029
0.8125 1.04149 0.0414864 0.0410345
0.8125 1.04149 0.0414864 0.0410345
0.828125 1.03969 0.0396936 0.0392118
0.828125 1.03969 0.0396936 0.0392118
0.84375 1.03797 0.0379695 0.0374557
0.84375 1.03797 0.0379695 0.0374557
0.859375 1.03633 0.0363344 0.0357875
0.859375 1.03633 0.0363344 0.0357875
0.875 1.03481 0.0348084 0.0342277
0.875 1.03481 0.0348084 0.0342277
0.890625 1.03341 0.0334107 0.0327966
0.890625 1.03341 0.0334107 0.0327966
0.90625 1.03216 0.0321593 0.031513
0.90625 1.03216 0.0321593 0.031513
0.921875 1.03107 0.0310703 0.0303945
0.921875 1.03107 0.0310703 0.0303945
0.9375 1.03016 0.0301581 0.0294567
0.9375 1.03016 0.0301581 0.0294567
0.953125 1.02943 0.0294346 0.0287127
0.953125 1.02943 0.0294346 0.0287127
0.96875 1.02891 0.0289091 0.0281735
0.96875 1.02891 0.0289091 0.0281735
0.984375 1.02859 0.0285881 0.0278467
0.984375 1.02859 0.0285881 0.0278467
1 1 0 0.0277372
