# x y topography analytical topography
0 1 0 0.0355751
0.015625 1.036 0.0359977 0.0356356
0.015625 1.036 0.0359977 0.0356356
0.03125 1.03622 0.0362244 0.0358165
0.03125 1.03622 0.0362244 0.0358165
0.046875 1.03656 0.0365631 0.0361157
0.046875 1.03656 0.0365631 0.0361157
0.0625 1.03701 0.0370111 0.0365301
0.0625 1.03701 0.0370111 0.0365301
0.078125 1.03756 0.0375642 0.0370552
0.078125 1.03756 0.0375642 0.0370552
0.09375 1.03822 0.0382174 0.0376853
0.09375 1.03822 0.0382174 0.0376853
0.109375 1.03896 0.0389645 0.0384137
0.109375 1.03896 0.0389645 0.0384137
0.125 1.0398 0.0397982 0.0392328
0.125 1.0398 0.0397982 0.0392328
0.140625 1.04071 0.0407103 0.0401338
0.140625 1.04071 0.0407103 0.0401338
0.15625 1.04169 0.041692 0.0411074
0.15625 1.04169 0.041692 0.0411074
0.171875 1.04273 0.0427336 0.0421434
0.171875 1.04273 0.0427336 0.0421434
0.1875 1.04382 0.0438249 0.0432313
0.1875 1.04382 0.0438249 0.0432313
0.203125 1.04496 0.0449552 0.04436
0.203125 1.04496 0.0449552 0.04436
0.21875 1.04611 0.0461136 0.0455181
0.21875 1.04611 0.0461136 0.0455181
0.234375 1.04729 0.0472889 0.0466943
0.234375 1.04729 0.0472889 0.0466943
0.25 1.04847 0.0484698 0.0478768
0.25 1.04847 0.0484698 0.0478768
0.265625 1.04965 0.0496451 0.0490544
0.265625 1.04965 0.0496451 0.0490544
0.28125 1.0508 0.0508038 0.0502157
0.28125 1.0508 0.0508038 0.0502157
0.296875 1.05194 0.0519351 0.0513497
0.296875 1.05194 0.0519351 0.0513497
0.3125 1.05303 0.0530285 0.052446
0.3125 1.05303 0.0530285 0.052446
0.328125 1.05407 0.0540741 0.0534944
0.328125 1.05407 0.0540741 0.0534944
0.34375 1.05506 0.0550625 0.0544853
0.34375 1.05506 0.0550625 0.0544853
0.359375 1.05598 0.0559847 0.05541
0.359375 1.05598 0.0559847 0.05541
0.375 1.05683 0.0568327 0.0562602
0.375 1.05683 0.0568327 0.0562602
0.390625 1.0576 0.057599 0.0570284
0.390625 1.0576 0.057599 0.0570284
0.40625 1.05828 0.0582769 0.0577079
0.40625 1.05828 0.0582769 0.0577079
0.421875 1.05886 0.0588605 0.058293
0.421875 1.05886 0.0588605 0.058293
0.4375 1.05934 0.059345 0.0587785
0.4375 1.05934 0.059345 0.0587785
0.453125 1.05973 0.0597261 0.0591605
0.453125 1.05973 0.0597261 0.0591605
0.46875 1.06 0.0600007 0.0594357
0.46875 1.06 0.0600007 0.0594357
0.484375 1.06017 0.0601663 0.0596017
0.484375 1.06017 0.0601663 0.0596017
0.5 1.06022 0.0602217 0.0596572
0.5 1.06022 0.0602217 0.0596572
0.515625 1.06017 0.0601663 0.0596017
0.515625 1.06017 0.0601663 0.0596017
0.53125 1.06 0.0600007 0.0594357
0.53125 1.06 0.0600007 0.0594357
0.546875 1.05973 0.0597261 0.0591605
0.546875 1.05973 0.0597261 0.0591605
0.5625 1.05934 0.059345 0.0587785
0.5625 1.05934 0.059345 0.0587785
0.578125 1.05886 0.0588605 0.058293
0.578125 1.05886 0.0588605 0.058293
0.59375 1.05828 0.0582769 0.0577079
0.59375 1.05828 0.0582769 0.0577079
0.609375 1.0576 0.057599 0.0570284
0.609375 1.0576 0.057599 0.0570284
0.625 1.05683 0.0568327 0.0562602
0.625 1.05683 0.0568327 0.0562602
0.640625 1.05598 0.0559847 0.05541
0.640625 1.05598 0.0559847 0.05541
0.65625 1.05506 0.0550625 0.0544853
0.65625 1.05506 0.0550625 0.0544853
0.671875 1.05407 0.0540741 0.0534944
0.671875 1.05407 0.0540741 0.0534944
0.6875 1.05303 0.0530285 0.052446
0.6875 1.05303 0.0530285 0.052446
0.703125 1.05194 0.0519351 0.0513497
0.703125 1.05194 0.0519351 0.0513497
0.71875 1.0508 0.0508038 0.0502157
0.71875 1.0508 0.0508038 0.0502157
0.734375 1.04965 0.0496451 0.0490544
0.734375 1.04965 0.0496451 0.0490544
0.75 1.04847 0.0484698 0.0478768
0.75 1.04847 0.0484698 0.0478768
0.765625 1.04729 0.0472889 0.0466943
0.765625 1.04729 0.0472889 0.0466943
0.78125 1.04611 0.0461136 0.0455181
0.78125 1.04611 0.0461136 0.0455181
0.796875 1.04496 0.0449552 0.04436
0.796875 1.04496 0.0449552 0.04436
0.8125 1.04382 0.0438249 0.0432313
0.8125 1.04382 0.0438249 0.0432313
0.828125 1.04273 0.0427336 0.0421434
0.828125 1.04273 0.0427336 0.0421434
0.84375 1.04169 0.041692 0.0411074
0.84375 1.04169 0.041692 0.0411074
0.859375 1.04071 0.0407103 0.0401338
0.859375 1.04071 0.0407103 0.0401338
0.875 1.0398 0.0397982 0.0392328
0.875 1.0398 0.0397982 0.0392328
0.890625 1.03896 0.0389645 0.0384137
0.890625 1.03896 0.0389645 0.0384137
0.90625 1.03822 0.0382174 0.0376853
0.90625 1.03822 0.0382174 0.0376853
0.921875 1.03756 0.0375642 0.0370552
0.921875 1.03756 0.0375642 0.0370552
0.9375 1.03701 0.0370111 0.0365301
0.9375 1.03701 0.0370111 0.0365301
0.953125 1.03656 0.0365631 0.0361157
0.953125 1.03656 0.0365631 0.0361157
0.96875 1.03622 0.0362244 0.0358165
0.96875 1.03622 0.0362244 0.0358165
0.984375 1.036 0.0359977 0.0356356
0.984375 1.036 0.0359977 0.0356356
1 1 0 0.0355751
