# x y topography analytical topography
0 1 0 0.0246313
0.015625 1.02563 0.0256345 0.0247658
0.015625 1.02563 0.0256345 0.0247658
0.03125 1.026 0.0260038 0.0251668
0.03125 1.026 0.0260038 0.0251668
0.046875 1.02662 0.0266243 0.0258274
0.046875 1.02662 0.0266243 0.0258274
0.0625 1.02749 0.0274866 0.026736
0.0625 1.02749 0.0274866 0.026736
0.078125 1.02858 0.0285775 0.0278774
0.078125 1.02858 0.0285775 0.0278774
0.09375 1.02988 0.02988 0.0292323
0.09375 1.02988 0.02988 0.0292323
0.109375 1.03137 0.0313737 0.030779
0.109375 1.03137 0.0313737 0.030779
0.125 1.03304 0.0330362 0.0324933
0.125 1.03304 0.0330362 0.0324933
0.140625 1.03484 0.0348428 0.0343494
0.140625 1.03484 0.0348428 0.0343494
0.15625 1.03677 0.0367679 0.0363206
0.15625 1.03677 0.0367679 0.0363206
0.171875 1.03879 0.0387854 0.0383801
0.171875 1.03879 0.0387854 0.0383801
0.1875 1.04087 0.0408689 0.0405013
0.1875 1.04087 0.0408689 0.0405013
0.203125 1.04299 0.0429931 0.0426584
0.203125 1.04299 0.0429931 0.0426584
0.21875 1.04513 0.0451334 0.044827
0.21875 1.04513 0.0451334 0.044827
0.234375 1.04727 0.0472668 0.0469841
0.234375 1.04727 0.0472668 0.0469841
0.25 1.04937 0.0493717 0.0491085
0.25 1.04937 0.0493717 0.0491085
0.265625 1.05143 0.0514285 0.051181
0.265625 1.05143 0.0514285 0.051181
0.28125 1.05342 0.0534194 0.0531841
0.28125 1.05342 0.0534194 0.0531841
0.296875 1.05533 0.0553286 0.0551024
0.296875 1.05533 0.0553286 0.0551024
0.3125 1.05714 0.057142 0.0569224
0.3125 1.05714 0.057142 0.0569224
0.328125 1.05885 0.0588474 0.0586323
0.328125 1.05885 0.0588474 0.0586323
0.34375 1.06043 0.060434 0.0602218
0.34375 1.06043 0.060434 0.0602218
0.359375 1.06189 0.0618929 0.0616822
0.359375 1.06189 0.0618929 0.0616822
0.375 1.06322 0.0632162 0.0630061
0.375 1.06322 0.0632162 0.0630061
0.390625 1.0644 0.0643974 0.0641872
0.390625 1.0644 0.0643974 0.0641872
0.40625 1.06543 0.065431 0.0652203
0.40625 1.06543 0.065431 0.0652203
0.421875 1.06631 0.0663126 0.0661011
0.421875 1.06631 0.0663126 0.0661011
0.4375 1.06704 0.0670385 0.0668262
0.4375 1.06704 0.0670385 0.0668262
0.453125 1.06761 0.0676059 0.0673928
0.453125 1.06761 0.0676059 0.0673928
0.46875 1.06801 0.0680127 0.067799
0.46875 1.06801 0.0680127 0.067799
0.484375 1.06826 0.0682573 0.0680432
0.484375 1.06826 0.0682573 0.0680432
0.5 1.06834 0.068339 0.0681247
0.5 1.06834 0.068339 0.0681247
0.515625 1.06826 0.0682573 0.0680432
0.515625 1.06826 0.0682573 0.0680432
0.53125 1.06801 0.0680127 0.067799
0.53125 1.06801 0.0680127 0.067799
0.546875 1.06761 0.0676059 0.0673928
0.546875 1.06761 0.0676059 0.0673928
0.5625 1.06704 0.0670385 0.0668262
0.5625 1.06704 0.0670385 0.0668262
0.578125 1.06631 0.0663126 0.0661011
0.578125 1.06631 0.0663126 0.0661011
0.59375 1.06543 0.065431 0.0652203
0.59375 1.06543 0.065431 0.0652203
0.609375 1.0644 0.0643974 0.0641872
0.609375 1.0644 0.0643974 0.0641872
0.625 1.06322 0.0632162 0.0630061
0.625 1.06322 0.0632162 0.0630061
0.640625 1.06189 0.0618929 0.0616822
0.640625 1.06189 0.0618929 0.0616822
0.65625 1.06043 0.060434 0.0602218
0.65625 1.06043 0.060434 0.0602218
0.671875 1.05885 0.0588474 0.0586323
0.671875 1.05885 0.0588474 0.0586323
0.6875 1.05714 0.057142 0.0569224
0.6875 1.05714 0.057142 0.0569224
0.703125 1.05533 0.0553286 0.0551024
0.703125 1.05533 0.0553286 0.0551024
0.71875 1.05342 0.0534194 0.0531841
0.71875 1.05342 0.0534194 0.0531841
0.734375 1.05143 0.0514285 0.051181
0.734375 1.05143 0.0514285 0.051181
0.75 1.04937 0.0493717 0.0491085
0.75 1.04937 0.0493717 0.0491085
0.765625 1.04727 0.0472668 0.0469841
0.765625 1.04727 0.0472668 0.0469841
0.78125 1.04513 0.0451334 0.044827
0.78125 1.04513 0.0451334 0.044827
0.796875 1.04299 0.0429931 0.0426584
0.796875 1.04299 0.0429931 0.0426584
0.8125 1.04087 0.0408689 0.0405013
0.8125 1.04087 0.0408689 0.0405013
0.828125 1.03879 0.0387854 0.0383801
0.828125 1.03879 0.0387854 0.0383801
0.84375 1.03677 0.0367679 0.0363206
0.84375 1.03677 0.0367679 0.0363206
0.859375 1.03484 0.0348428 0.0343494
0.859375 1.03484 0.0348428 0.0343494
0.875 1.03304 0.0330362 0.0324933
0.875 1.03304 0.0330362 0.0324933
0.890625 1.03137 0.0313737 0.030779
0.890625 1.03137 0.0313737 0.030779
0.90625 1.02988 0.02988 0.0292323
0.90625 1.02988 0.02988 0.0292323
0.921875 1.02858 0.0285775 0.0278774
0.921875 1.02858 0.0285775 0.0278774
0.9375 1.02749 0.0274866 0.026736
0.9375 1.02749 0.0274866 0.026736
0.953125 1.02662 0.0266243 0.0258274
0.953125 1.02662 0.0266243 0.0258274
0.96875 1.026 0.0260038 0.0251668
0.96875 1.026 0.0260038 0.0251668
0.984375 1.02563 0.0256345 0.0247658
0.984375 1.02563 0.0256345 0.0247658
1 1 0 0.0246313
