# x y topography analytical topography
0 1 0 0.0181933
0.015625 1.01949 0.0194938 0.0184003
0.015625 1.01949 0.0194938 0.0184003
0.03125 1.02 0.020003 0.0190155
0.03125 1.02 0.020003 0.0190155
0.046875 1.0209 0.0208962 0.020021
0.046875 1.0209 0.0208962 0.020021
0.0625 1.02215 0.0221506 0.0213889
0.0625 1.02215 0.0221506 0.0213889
0.078125 1.02373 0.023734 0.0230822
0.078125 1.02373 0.023734 0.0230822
0.09375 1.02561 0.0256072 0.0250578
0.09375 1.02561 0.0256072 0.0250578
0.109375 1.02773 0.0277255 0.0272686
0.109375 1.02773 0.0277255 0.0272686
0.125 1.03004 0.0300422 0.0296662
0.125 1.03004 0.0300422 0.0296662
0.140625 1.03251 0.0325101 0.0322027
0.140625 1.03251 0.0325101 0.0322027
0.15625 1.03508 0.0350835 0.0348326
0.15625 1.03508 0.0350835 0.0348326
0.171875 1.03772 0.0377202 0.0375144
0.171875 1.03772 0.0377202 0.0375144
0.1875 1.04038 0.0403819 0.040211
0.1875 1.04038 0.0403819 0.040211
0.203125 1.04304 0.0430351 0.0428903
0.203125 1.04304 0.0430351 0.0428903
0.21875 1.04565 0.0456509 0.0455249
0.21875 1.04565 0.0456509 0.0455249
0.234375 1.04821 0.0482052 0.0480921
0.234375 1.04821 0.0482052 0.0480921
0.25 1.05068 0.0506779 0.0505731
0.25 1.05068 0.0506779 0.0505731
0.265625 1.05305 0.0530525 0.0529527
0.265625 1.05305 0.0530525 0.0529527
0.28125 1.05532 0.0553158 0.0552184
0.28125 1.05532 0.0553158 0.0552184
0.296875 1.05746 0.0574567 0.0573599
0.296875 1.05746 0.0574567 0.0573599
0.3125 1.05947 0.0594662 0.059369
0.3125 1.05947 0.0594662 0.059369
0.328125 1.06134 0.061337 0.0612386
0.328125 1.06134 0.061337 0.0612386
0.34375 1.06306 0.0630628 0.0629628
0.34375 1.06306 0.0630628 0.0629628
0.359375 1.06464 0.0646384 0.0645365
0.359375 1.06464 0.0646384 0.0645365
0.375 1.06606 0.0660592 0.0659556
0.375 1.06606 0.0660592 0.0659556
0.390625 1.06732 0.0673215 0.0672161
0.390625 1.06732 0.0673215 0.0672161
0.40625 1.06842 0.068422 0.068315
0.40625 1.06842 0.068422 0.068315
0.421875 1.06936 0.0693578 0.0692494
0.421875 1.06936 0.0693578 0.0692494
0.4375 1.07013 0.0701266 0.0700171
0.4375 1.07013 0.0701266 0.0700171
0.453125 1.07073 0.0707265 0.0706161
0.453125 1.07073 0.0707265 0.0706161
0.46875 1.07116 0.0711561 0.071045
0.46875 1.07116 0.0711561 0.071045
0.484375 1.07141 0.0714142 0.0713028
0.484375 1.07141 0.0714142 0.0713028
0.5 1.0715 0.0715003 0.0713887
0.5 1.0715 0.0715003 0.0713887
0.515625 1.07141 0.0714142 0.0713028
0.515625 1.07141 0.0714142 0.0713028
0.53125 1.07116 0.0711561 0.071045
0.53125 1.07116 0.0711561 0.071045
0.546875 1.07073 0.0707265 0.0706161
0.546875 1.07073 0.0707265 0.0706161
0.5625 1.07013 0.0701266 0.0700171
0.5625 1.07013 0.0701266 0.0700171
0.578125 1.06936 0.0693578 0.0692494
0.578125 1.06936 0.0693578 0.0692494
0.59375 1.06842 0.068422 0.068315
0.59375 1.06842 0.068422 0.068315
0.609375 1.06732 0.0673215 0.0672161
0.609375 1.06732 0.0673215 0.0672161
0.625 1.06606 0.0660592 0.0659556
0.625 1.06606 0.0660592 0.0659556
0.640625 1.06464 0.0646384 0.0645365
0.640625 1.06464 0.0646384 0.0645365
0.65625 1.06306 0.0630628 0.0629628
0.65625 1.06306 0.0630628 0.0629628
0.671875 1.06134 0.061337 0.0612386
0.671875 1.06134 0.061337 0.0612386
0.6875 1.05947 0.0594662 0.059369
0.6875 1.05947 0.0594662 0.059369
0.703125 1.05746 0.0574567 0.0573599
0.703125 1.05746 0.0574567 0.0573599
0.71875 1.05532 0.0553158 0.0552184
0.71875 1.05532 0.0553158 0.0552184
0.734375 1.05305 0.0530525 0.0529527
0.734375 1.05305 0.0530525 0.0529527
0.75 1.05068 0.0506779 0.0505731
0.75 1.05068 0.0506779 0.0505731
0.765625 1.04821 0.0482052 0.0480921
0.765625 1.04821 0.0482052 0.0480921
0.78125 1.04565 0.0456509 0.0455249
0.78125 1.04565 0.0456509 0.0455249
0.796875 1.04304 0.0430351 0.0428903
0.796875 1.04304 0.0430351 0.0428903
0.8125 1.04038 0.0403819 0.040211
0.8125 1.04038 0.0403819 0.040211
0.828125 1.03772 0.0377202 0.0375144
0.828125 1.03772 0.0377202 0.0375144
0.84375 1.03508 0.0350835 0.0348326
0.84375 1.03508 0.0350835 0.0348326
0.859375 1.03251 0.0325101 0.0322027
0.859375 1.03251 0.0325101 0.0322027
0.875 1.03004 0.0300422 0.0296662
0.875 1.03004 0.0300422 0.0296662
0.890625 1.02773 0.0277255 0.0272686
0.890625 1.02773 0.0277255 0.0272686
0.90625 1.02561 0.0256072 0.0250578
0.90625 1.02561 0.0256072 0.0250578
0.921875 1.02373 0.023734 0.0230822
0.921875 1.02373 0.023734 0.0230822
0.9375 1.02215 0.0221506 0.0213889
0.9375 1.02215 0.0221506 0.0213889
0.953125 1.0209 0.0208962 0.020021
0.953125 1.0209 0.0208962 0.020021
0.96875 1.02 0.020003 0.0190155
0.96875 1.02 0.020003 0.0190155
0.984375 1.01949 0.0194938 0.0184003
0.984375 1.01949 0.0194938 0.0184003
1 1 0 0.0181933
