# x y topography analytical topography
0 1 0 0.0220855
0.015625 1.02321 0.0232087 0.0222444
0.015625 1.02321 0.0232087 0.0222444
0.03125 1.02363 0.0236252 0.022718
0.03125 1.02363 0.0236252 0.022718
0.046875 1.02434 0.0243382 0.0234962
0.046875 1.02434 0.0243382 0.0234962
0.0625 1.02533 0.0253348 0.0245631
0.0625 1.02533 0.0253348 0.0245631
0.078125 1.0266 0.0265966 0.0258975
0.078125 1.0266 0.0265966 0.0258975
0.09375 1.0281 0.0281003 0.0274735
0.09375 1.0281 0.0281003 0.0274735
0.109375 1.02982 0.0298187 0.0292617
0.109375 1.02982 0.0298187 0.0292617
0.125 1.03172 0.0317218 0.0312304
0.125 1.03172 0.0317218 0.0312304
0.140625 1.03378 0.0337778 0.0333464
0.140625 1.03378 0.0337778 0.0333464
0.15625 1.03595 0.0359542 0.0355765
0.15625 1.03595 0.0359542 0.0355765
0.171875 1.03822 0.0382187 0.0378879
0.171875 1.03822 0.0382187 0.0378879
0.1875 1.04054 0.04054 0.0402493
0.1875 1.04054 0.04054 0.0402493
0.203125 1.04289 0.0428886 0.0426313
0.203125 1.04289 0.0428886 0.0426313
0.21875 1.04524 0.045237 0.0450069
0.21875 1.04524 0.045237 0.0450069
0.234375 1.04756 0.0475602 0.0473516
0.234375 1.04756 0.0475602 0.0473516
0.25 1.04984 0.0498358 0.0496439
0.25 1.04984 0.0498358 0.0496439
0.265625 1.05204 0.0520443 0.0518646
0.265625 1.05204 0.0520443 0.0518646
0.28125 1.05417 0.0541682 0.0539973
0.28125 1.05417 0.0541682 0.0539973
0.296875 1.05619 0.0561929 0.0560279
0.296875 1.05619 0.0561929 0.0560279
0.3125 1.05811 0.0581057 0.0579442
0.3125 1.05811 0.0581057 0.0579442
0.328125 1.0599 0.0598959 0.0597363
0.328125 1.0599 0.0598959 0.0597363
0.34375 1.06155 0.0615545 0.0613953
0.34375 1.06155 0.0615545 0.0613953
0.359375 1.06307 0.0630738 0.0629143
0.359375 1.06307 0.0630738 0.0629143
0.375 1.06445 0.0644476 0.0642871
0.375 1.06445 0.0644476 0.0642871
0.390625 1.06567 0.0656706 0.0655088
0.390625 1.06567 0.0656706 0.0655088
0.40625 1.06674 0.0667384 0.0665753
0.40625 1.06674 0.0667384 0.0665753
0.421875 1.06765 0.0676475 0.067483
0.421875 1.06765 0.0676475 0.067483
0.4375 1.0684 0.068395 0.0682292
0.4375 1.0684 0.068395 0.0682292
0.453125 1.06898 0.0689787 0.0688118
0.453125 1.06898 0.0689787 0.0688118
0.46875 1.0694 0.0693968 0.0692291
0.46875 1.0694 0.0693968 0.0692291
0.484375 1.06965 0.0696481 0.0694799
0.484375 1.06965 0.0696481 0.0694799
0.5 1.06973 0.0697319 0.0695636
0.5 1.06973 0.0697319 0.0695636
0.515625 1.06965 0.0696481 0.0694799
0.515625 1.06965 0.0696481 0.0694799
0.53125 1.0694 0.0693968 0.0692291
0.53125 1.0694 0.0693968 0.0692291
0.546875 1.06898 0.0689787 0.0688118
0.546875 1.06898 0.0689787 0.0688118
0.5625 1.0684 0.068395 0.0682292
0.5625 1.0684 0.068395 0.0682292
0.578125 1.06765 0.0676475 0.067483
0.578125 1.06765 0.0676475 0.067483
0.59375 1.06674 0.0667384 0.0665753
0.59375 1.06674 0.0667384 0.0665753
0.609375 1.06567 0.0656706 0.0655088
0.609375 1.06567 0.0656706 0.0655088
0.625 1.06445 0.0644476 0.0642871
0.625 1.06445 0.0644476 0.0642871
0.640625 1.06307 0.0630738 0.0629143
0.640625 1.06307 0.0630738 0.0629143
0.65625 1.06155 0.0615545 0.0613953
0.65625 1.06155 0.0615545 0.0613953
0.671875 1.0599 0.0598959 0.0597363
0.671875 1.0599 0.0598959 0.0597363
0.6875 1.05811 0.0581057 0.0579442
0.6875 1.05811 0.0581057 0.0579442
0.703125 1.05619 0.0561929 0.0560279
0.703125 1.05619 0.0561929 0.0560279
0.71875 1.05417 0.0541682 0.0539973
0.71875 1.05417 0.0541682 0.0539973
0.734375 1.05204 0.0520443 0.0518646
0.734375 1.05204 0.0520443 0.0518646
0.75 1.04984 0.0498358 0.0496439
0.75 1.04984 0.0498358 0.0496439
0.765625 1.04756 0.0475602 0.0473516
0.765625 1.04756 0.0475602 0.0473516
0.78125 1.04524 0.045237 0.0450069
0.78125 1.04524 0.045237 0.0450069
0.796875 1.04289 0.0428886 0.0426313
0.796875 1.04289 0.0428886 0.0426313
0.8125 1.04054 0.04054 0.0402493
0.8125 1.04054 0.04054 0.0402493
0.828125 1.03822 0.0382187 0.0378879
0.828125 1.03822 0.0382187 0.0378879
0.84375 1.03595 0.0359542 0.0355765
0.84375 1.03595 0.0359542 0.0355765
0.859375 1.03378 0.0337778 0.0333464
0.859375 1.03378 0.0337778 0.0333464
0.875 1.03172 0.0317218 0.0312304
0.875 1.03172 0.0317218 0.0312304
0.890625 1.02982 0.0298187 0.0292617
0.890625 1.02982 0.0298187 0.0292617
0.90625 1.0281 0.0281003 0.0274735
0.90625 1.0281 0.0281003 0.0274735
0.921875 1.0266 0.0265966 0.0258975
0.921875 1.0266 0.0265966 0.0258975
0.9375 1.02533 0.0253348 0.0245631
0.9375 1.02533 0.0253348 0.0245631
0.953125 1.02434 0.0243382 0.0234962
0.953125 1.02434 0.0243382 0.0234962
0.96875 1.02363 0.0236252 0.022718
0.96875 1.02363 0.0236252 0.022718
0.984375 1.02321 0.0232087 0.0222444
0.984375 1.02321 0.0232087 0.0222444
1 1 0 0.0220855
