# x y topography analytical topography
0 1 0 0.0339101
0.015625 1.03443 0.0344306 0.0339799
0.015625 1.03443 0.0344306 0.0339799
0.03125 1.03468 0.0346751 0.0341883
0.03125 1.03468 0.0346751 0.0341883
0.046875 1.03505 0.0350491 0.0345331
0.046875 1.03505 0.0350491 0.0345331
0.0625 1.03555 0.0355494 0.0350103
0.0625 1.03555 0.0355494 0.0350103
0.078125 1.03617 0.036171 0.0356146
0.078125 1.03617 0.036171 0.0356146
0.09375 1.03691 0.036908 0.0363391
0.09375 1.03691 0.036908 0.0363391
0.109375 1.03775 0.0377528 0.0371758
0.109375 1.03775 0.0377528 0.0371758
0.125 1.0387 0.0386968 0.0381155
0.125 1.0387 0.0386968 0.0381155
0.140625 1.03973 0.0397304 0.0391479
0.140625 1.03973 0.0397304 0.0391479
0.15625 1.04084 0.0408429 0.0402617
0.15625 1.04084 0.0408429 0.0402617
0.171875 1.04202 0.0420231 0.0414452
0.171875 1.04202 0.0420231 0.0414452
0.1875 1.04326 0.0432588 0.0426859
0.1875 1.04326 0.0432588 0.0426859
0.203125 1.04454 0.0445377 0.0439709
0.203125 1.04454 0.0445377 0.0439709
0.21875 1.04585 0.0458471 0.045287
0.21875 1.04585 0.0458471 0.045287
0.234375 1.04717 0.047174 0.0466211
0.234375 1.04717 0.047174 0.0466211
0.25 1.04851 0.0485055 0.04796
0.25 1.04851 0.0485055 0.04796
0.265625 1.04983 0.049829 0.0492906
0.265625 1.04983 0.049829 0.0492906
0.28125 1.05113 0.0511318 0.0506004
0.28125 1.05113 0.0511318 0.0506004
0.296875 1.0524 0.052402 0.0518771
0.296875 1.0524 0.052402 0.0518771
0.3125 1.05363 0.0536279 0.053109
0.3125 1.05363 0.0536279 0.053109
0.328125 1.0548 0.0547984 0.054285
0.328125 1.0548 0.0547984 0.054285
0.34375 1.0559 0.0559033 0.0553946
0.34375 1.0559 0.0559033 0.0553946
0.359375 1.05693 0.0569328 0.0564284
0.359375 1.05693 0.0569328 0.0564284
0.375 1.05788 0.0578783 0.0573775
0.375 1.05788 0.0578783 0.0573775
0.390625 1.05873 0.0587316 0.0582338
0.390625 1.05873 0.0587316 0.0582338
0.40625 1.05949 0.0594857 0.0589904
0.40625 1.05949 0.0594857 0.0589904
0.421875 1.06013 0.0601344 0.0596412
0.421875 1.06013 0.0601344 0.0596412
0.4375 1.06067 0.0606723 0.0601807
0.4375 1.06067 0.0606723 0.0601807
0.453125 1.0611 0.0610953 0.0606048
0.453125 1.0611 0.0610953 0.0606048
0.46875 1.0614 0.0613998 0.0609102
0.46875 1.0614 0.0613998 0.0609102
0.484375 1.06158 0.0615835 0.0610943
0.484375 1.06158 0.0615835 0.0610943
0.5 1.06164 0.0616449 0.0611559
0.5 1.06164 0.0616449 0.0611559
0.515625 1.06158 0.0615835 0.0610943
0.515625 1.06158 0.0615835 0.0610943
0.53125 1.0614 0.0613998 0.0609102
0.53125 1.0614 0.0613998 0.0609102
0.546875 1.0611 0.0610953 0.0606048
0.546875 1.0611 0.0610953 0.0606048
0.5625 1.06067 0.0606723 0.0601807
0.5625 1.06067 0.0606723 0.0601807
0.578125 1.06013 0.0601344 0.0596412
0.578125 1.06013 0.0601344 0.0596412
0.59375 1.05949 0.0594857 0.0589904
0.59375 1.05949 0.0594857 0.0589904
0.609375 1.05873 0.0587316 0.0582338
0.609375 1.05873 0.0587316 0.0582338
0.625 1.05788 0.0578783 0.0573775
0.625 1.05788 0.0578783 0.0573775
0.640625 1.05693 0.0569328 0.0564284
0.640625 1.05693 0.0569328 0.0564284
0.65625 1.0559 0.0559033 0.0553946
0.65625 1.0559 0.0559033 0.0553946
0.671875 1.0548 0.0547984 0.054285
0.671875 1.0548 0.0547984 0.054285
0.6875 1.05363 0.0536279 0.053109
0.6875 1.05363 0.0536279 0.053109
0.703125 1.0524 0.052402 0.0518771
0.703125 1.0524 0.052402 0.0518771
0.71875 1.05113 0.0511318 0.0506004
0.71875 1.05113 0.0511318 0.0506004
0.734375 1.04983 0.049829 0.0492906
0.734375 1.04983 0.049829 0.0492906
0.75 1.04851 0.0485055 0.04796
0.75 1.04851 0.0485055 0.04796
0.765625 1.04717 0.047174 0.0466211
0.765625 1.04717 0.047174 0.0466211
0.78125 1.04585 0.0458471 0.045287
0.78125 1.04585 0.0458471 0.045287
0.796875 1.04454 0.0445377 0.0439709
0.796875 1.04454 0.0445377 0.0439709
0.8125 1.04326 0.0432588 0.0426859
0.8125 1.04326 0.0432588 0.0426859
0.828125 1.04202 0.0420231 0.0414452
0.828125 1.04202 0.0420231 0.0414452
0.84375 1.04084 0.0408429 0.0402617
0.84375 1.04084 0.0408429 0.0402617
0.859375 1.03973 0.0397304 0.0391479
0.859375 1.03973 0.0397304 0.0391479
0.875 1.0387 0.0386968 0.0381155
0.875 1.0387 0.0386968 0.0381155
0.890625 1.03775 0.0377528 0.0371758
0.890625 1.03775 0.0377528 0.0371758
0.90625 1.03691 0.036908 0.0363391
0.90625 1.03691 0.036908 0.0363391
0.921875 1.03617 0.036171 0.0356146
0.921875 1.03617 0.036171 0.0356146
0.9375 1.03555 0.0355494 0.0350103
0.9375 1.03555 0.0355494 0.0350103
0.953125 1.03505 0.0350491 0.0345331
0.953125 1.03505 0.0350491 0.0345331
0.96875 1.03468 0.0346751 0.0341883
0.96875 1.03468 0.0346751 0.0341883
0.984375 1.03443 0.0344306 0.0339799
0.984375 1.03443 0.0344306 0.0339799
1 1 0 0.0339101
