# x y topography analytical topography
0 1 0 0.0168558
0.015625 1.01822 0.0182162 0.0170838
0.015625 1.01822 0.0182162 0.0170838
0.03125 1.01877 0.0187656 0.0177601
0.03125 1.01877 0.0187656 0.0177601
0.046875 1.01974 0.0197362 0.0188626
0.046875 1.01974 0.0197362 0.0188626
0.0625 1.0211 0.0210996 0.0203562
0.0625 1.0211 0.0210996 0.0203562
0.078125 1.02282 0.0228161 0.0221959
0.078125 1.02282 0.0228161 0.0221959
0.09375 1.02484 0.0248377 0.0243294
0.09375 1.02484 0.0248377 0.0243294
0.109375 1.02711 0.0271112 0.0267011
0.109375 1.02711 0.0271112 0.0267011
0.125 1.02958 0.0295819 0.029255
0.125 1.02958 0.0295819 0.029255
0.140625 1.0322 0.0321962 0.0319374
0.140625 1.0322 0.0321962 0.0319374
0.15625 1.0349 0.0349037 0.0346988
0.15625 1.0349 0.0349037 0.0346988
0.171875 1.03766 0.0376592 0.0374955
0.171875 1.03766 0.0376592 0.0374955
0.1875 1.04042 0.0404233 0.04029
0.1875 1.04042 0.0404233 0.04029
0.203125 1.04316 0.0431626 0.0430509
0.203125 1.04316 0.0431626 0.0430509
0.21875 1.04585 0.0458495 0.0457524
0.21875 1.04585 0.0458495 0.0457524
0.234375 1.04846 0.0484617 0.0483738
0.234375 1.04846 0.0484617 0.0483738
0.25 1.05098 0.0509812 0.0508986
0.25 1.05098 0.0509812 0.0508986
0.265625 1.05339 0.0533936 0.0533135
0.265625 1.05339 0.0533936 0.0533135
0.28125 1.05569 0.0556874 0.055608
0.28125 1.05569 0.0556874 0.055608
0.296875 1.05785 0.0578533 0.0577734
0.296875 1.05785 0.0578533 0.0577734
0.3125 1.05988 0.0598836 0.0598025
0.3125 1.05988 0.0598836 0.0598025
0.328125 1.06177 0.0617719 0.0616891
0.328125 1.06177 0.0617719 0.0616891
0.34375 1.06351 0.0635126 0.063428
0.34375 1.06351 0.0635126 0.063428
0.359375 1.0651 0.065101 0.0650146
0.359375 1.0651 0.065101 0.0650146
0.375 1.06653 0.066533 0.0664448
0.375 1.06653 0.066533 0.0664448
0.390625 1.0678 0.0678049 0.0677151
0.390625 1.0678 0.0678049 0.0677151
0.40625 1.06891 0.0689135 0.0688224
0.40625 1.06891 0.0689135 0.0688224
0.421875 1.06986 0.0698562 0.0697638
0.421875 1.06986 0.0698562 0.0697638
0.4375 1.07063 0.0706306 0.0705372
0.4375 1.07063 0.0706306 0.0705372
0.453125 1.07123 0.0712349 0.0711407
0.453125 1.07123 0.0712349 0.0711407
0.46875 1.07167 0.0716676 0.0715728
0.46875 1.07167 0.0716676 0.0715728
0.484375 1.07193 0.0719276 0.0718325
0.484375 1.07193 0.0719276 0.0718325
0.5 1.07201 0.0720143 0.0719191
0.5 1.07201 0.0720143 0.0719191
0.515625 1.07193 0.0719276 0.0718325
0.515625 1.07193 0.0719276 0.0718325
0.53125 1.07167 0.0716676 0.0715728
0.53125 1.07167 0.0716676 0.0715728
0.546875 1.07123 0.0712349 0.0711407
0.546875 1.07123 0.0712349 0.0711407
0.5625 1.07063 0.0706306 0.0705372
0.5625 1.07063 0.0706306 0.0705372
0.578125 1.06986 0.0698562 0.0697638
0.578125 1.06986 0.0698562 0.0697638
0.59375 1.06891 0.0689135 0.0688224
0.59375 1.06891 0.0689135 0.0688224
0.609375 1.0678 0.0678049 0.0677151
0.609375 1.0678 0.0678049 0.0677151
0.625 1.06653 0.066533 0.0664448
0.625 1.06653 0.066533 0.0664448
0.640625 1.0651 0.065101 0.0650146
0.640625 1.0651 0.065101 0.0650146
0.65625 1.06351 0.0635126 0.063428
0.65625 1.06351 0.0635126 0.063428
0.671875 1.06177 0.0617719 0.0616891
0.671875 1.06177 0.0617719 0.0616891
0.6875 1.05988 0.0598836 0.0598025
0.6875 1.05988 0.0598836 0.0598025
0.703125 1.05785 0.0578533 0.0577734
0.703125 1.05785 0.0578533 0.0577734
0.71875 1.05569 0.0556874 0.055608
0.71875 1.05569 0.0556874 0.055608
0.734375 1.05339 0.0533936 0.0533135
0.734375 1.05339 0.0533936 0.0533135
0.75 1.05098 0.0509812 0.0508986
0.75 1.05098 0.0509812 0.0508986
0.765625 1.04846 0.0484617 0.0483738
0.765625 1.04846 0.0484617 0.0483738
0.78125 1.04585 0.0458495 0.0457524
0.78125 1.04585 0.0458495 0.0457524
0.796875 1.04316 0.0431626 0.0430509
0.796875 1.04316 0.0431626 0.0430509
0.8125 1.04042 0.0404233 0.04029
0.8125 1.04042 0.0404233 0.04029
0.828125 1.03766 0.0376592 0.0374955
0.828125 1.03766 0.0376592 0.0374955
0.84375 1.0349 0.0349037 0.0346988
0.84375 1.0349 0.0349037 0.0346988
0.859375 1.0322 0.0321962 0.0319374
0.859375 1.0322 0.0321962 0.0319374
0.875 1.02958 0.0295819 0.029255
0.875 1.02958 0.0295819 0.029255
0.890625 1.02711 0.0271112 0.0267011
0.890625 1.02711 0.0271112 0.0267011
0.90625 1.02484 0.0248377 0.0243294
0.90625 1.02484 0.0248377 0.0243294
0.921875 1.02282 0.0228161 0.0221959
0.921875 1.02282 0.0228161 0.0221959
0.9375 1.0211 0.0210996 0.0203562
0.9375 1.0211 0.0210996 0.0203562
0.953125 1.01974 0.0197362 0.0188626
0.953125 1.01974 0.0197362 0.0188626
0.96875 1.01877 0.0187656 0.0177601
0.96875 1.01877 0.0187656 0.0177601
0.984375 1.01822 0.0182162 0.0170838
0.984375 1.01822 0.0182162 0.0170838
1 1 0 0.0168558
