# x y topography analytical topography
0 1 0 0.0356369
0.015625 1.03606 0.0360558 0.0356971
0.015625 1.03606 0.0360558 0.0356971
0.03125 1.03628 0.0362819 0.035877
0.03125 1.03628 0.0362819 0.035877
0.046875 1.03662 0.0366193 0.0361745
0.046875 1.03662 0.0366193 0.0361745
0.0625 1.03707 0.0370654 0.0365867
0.0625 1.03707 0.0370654 0.0365867
0.078125 1.03762 0.037616 0.0371089
0.078125 1.03762 0.037616 0.0371089
0.09375 1.03827 0.0382662 0.0377356
0.09375 1.03827 0.0382662 0.0377356
0.109375 1.03901 0.0390097 0.0384601
0.109375 1.03901 0.0390097 0.0384601
0.125 1.03984 0.0398393 0.0392747
0.125 1.03984 0.0398393 0.0392747
0.140625 1.04075 0.0407471 0.0401709
0.140625 1.04075 0.0407471 0.0401709
0.15625 1.04172 0.041724 0.0411393
0.15625 1.04172 0.041724 0.0411393
0.171875 1.04276 0.0427605 0.0421699
0.171875 1.04276 0.0427605 0.0421699
0.1875 1.04385 0.0438464 0.0432522
0.1875 1.04385 0.0438464 0.0432522
0.203125 1.04497 0.0449712 0.0443751
0.203125 1.04497 0.0449712 0.0443751
0.21875 1.04612 0.046124 0.0455273
0.21875 1.04612 0.046124 0.0455273
0.234375 1.04729 0.0472937 0.0466976
0.234375 1.04729 0.0472937 0.0466976
0.25 1.04847 0.0484689 0.0478743
0.25 1.04847 0.0484689 0.0478743
0.265625 1.04964 0.0496387 0.0490461
0.265625 1.04964 0.0496387 0.0490461
0.28125 1.05079 0.050792 0.0502018
0.28125 1.05079 0.050792 0.0502018
0.296875 1.05192 0.051918 0.0513304
0.296875 1.05192 0.051918 0.0513304
0.3125 1.05301 0.0530065 0.0524215
0.3125 1.05301 0.0530065 0.0524215
0.328125 1.05405 0.0540473 0.053465
0.328125 1.05405 0.0540473 0.053465
0.34375 1.05503 0.0550312 0.0544515
0.34375 1.05503 0.0550312 0.0544515
0.359375 1.05595 0.0559494 0.0553719
0.359375 1.05595 0.0559494 0.0553719
0.375 1.05679 0.0567936 0.0562183
0.375 1.05679 0.0567936 0.0562183
0.390625 1.05756 0.0575565 0.056983
0.390625 1.05756 0.0575565 0.056983
0.40625 1.05823 0.0582314 0.0576596
0.40625 1.05823 0.0582314 0.0576596
0.421875 1.05881 0.0588126 0.0582421
0.421875 1.05881 0.0588126 0.0582421
0.4375 1.05929 0.059295 0.0587256
0.4375 1.05929 0.059295 0.0587256
0.453125 1.05967 0.0596745 0.0591059
0.453125 1.05967 0.0596745 0.0591059
0.46875 1.05995 0.0599478 0.0593799
0.46875 1.05995 0.0599478 0.0593799
0.484375 1.06011 0.0601128 0.0595452
0.484375 1.06011 0.0601128 0.0595452
0.5 1.06017 0.0601679 0.0596004
0.5 1.06017 0.0601679 0.0596004
0.515625 1.06011 0.0601128 0.0595452
0.515625 1.06011 0.0601128 0.0595452
0.53125 1.05995 0.0599478 0.0593799
0.53125 1.05995 0.0599478 0.0593799
0.546875 1.05967 0.0596745 0.0591059
0.546875 1.05967 0.0596745 0.0591059
0.5625 1.05929 0.059295 0.0587256
0.5625 1.05929 0.059295 0.0587256
0.578125 1.05881 0.0588126 0.0582421
0.578125 1.05881 0.0588126 0.0582421
0.59375 1.05823 0.0582314 0.0576596
0.59375 1.05823 0.0582314 0.0576596
0.609375 1.05756 0.0575565 0.056983
0.609375 1.05756 0.0575565 0.056983
0.625 1.05679 0.0567936 0.0562183
0.625 1.05679 0.0567936 0.0562183
0.640625 1.05595 0.0559494 0.0553719
0.640625 1.05595 0.0559494 0.0553719
0.65625 1.05503 0.0550312 0.0544515
0.65625 1.05503 0.0550312 0.0544515
0.671875 1.05405 0.0540473 0.053465
0.671875 1.05405 0.0540473 0.053465
0.6875 1.05301 0.0530065 0.0524215
0.6875 1.05301 0.0530065 0.0524215
0.703125 1.05192 0.051918 0.0513304
0.703125 1.05192 0.051918 0.0513304
0.71875 1.05079 0.050792 0.0502018
0.71875 1.05079 0.050792 0.0502018
0.734375 1.04964 0.0496387 0.0490461
0.734375 1.04964 0.0496387 0.0490461
0.75 1.04847 0.0484689 0.0478743
0.75 1.04847 0.0484689 0.0478743
0.765625 1.04729 0.0472937 0.0466976
0.765625 1.04729 0.0472937 0.0466976
0.78125 1.04612 0.046124 0.0455273
0.78125 1.04612 0.046124 0.0455273
0.796875 1.04497 0.0449712 0.0443751
0.796875 1.04497 0.0449712 0.0443751
0.8125 1.04385 0.0438464 0.0432522
0.8125 1.04385 0.0438464 0.0432522
0.828125 1.04276 0.0427605 0.0421699
0.828125 1.04276 0.0427605 0.0421699
0.84375 1.04172 0.041724 0.0411393
0.84375 1.04172 0.041724 0.0411393
0.859375 1.04075 0.0407471 0.0401709
0.859375 1.04075 0.0407471 0.0401709
0.875 1.03984 0.0398393 0.0392747
0.875 1.03984 0.0398393 0.0392747
0.890625 1.03901 0.0390097 0.0384601
0.890625 1.03901 0.0390097 0.0384601
0.90625 1.03827 0.0382662 0.0377356
0.90625 1.03827 0.0382662 0.0377356
0.921875 1.03762 0.037616 0.0371089
0.921875 1.03762 0.037616 0.0371089
0.9375 1.03707 0.0370654 0.0365867
0.9375 1.03707 0.0370654 0.0365867
0.953125 1.03662 0.0366193 0.0361745
0.953125 1.03662 0.0366193 0.0361745
0.96875 1.03628 0.0362819 0.035877
0.96875 1.03628 0.0362819 0.035877
0.984375 1.03606 0.0360558 0.0356971
0.984375 1.03606 0.0360558 0.0356971
1 1 0 0.0356369
