# x y topography analytical topography
0 1 0 0.0338384
0.015625 1.03436 0.034363 0.0339086
0.015625 1.03436 0.034363 0.0339086
0.03125 1.03461 0.0346083 0.0341182
0.03125 1.03461 0.0346083 0.0341182
0.046875 1.03498 0.0349839 0.034465
0.046875 1.03498 0.0349839 0.034465
0.0625 1.03549 0.0354864 0.034945
0.0625 1.03549 0.0354864 0.034945
0.078125 1.03611 0.0361111 0.0355528
0.078125 1.03611 0.0361111 0.0355528
0.09375 1.03685 0.0368518 0.0362815
0.09375 1.03685 0.0368518 0.0362815
0.109375 1.0377 0.0377009 0.0371229
0.109375 1.0377 0.0377009 0.0371229
0.125 1.03865 0.0386497 0.0380679
0.125 1.03865 0.0386497 0.0380679
0.140625 1.03969 0.0396886 0.039106
0.140625 1.03969 0.0396886 0.039106
0.15625 1.04081 0.0408069 0.040226
0.15625 1.04081 0.0408069 0.040226
0.171875 1.04199 0.0419931 0.0414159
0.171875 1.04199 0.0419931 0.0414159
0.1875 1.04324 0.0432351 0.0426632
0.1875 1.04324 0.0432351 0.0426632
0.203125 1.04452 0.0445204 0.0439549
0.203125 1.04452 0.0445204 0.0439549
0.21875 1.04584 0.0458363 0.0452778
0.21875 1.04584 0.0458363 0.0452778
0.234375 1.04717 0.0471697 0.0466187
0.234375 1.04717 0.0471697 0.0466187
0.25 1.04851 0.0485077 0.0479642
0.25 1.04851 0.0485077 0.0479642
0.265625 1.04984 0.0498375 0.0493014
0.265625 1.04984 0.0498375 0.0493014
0.28125 1.05115 0.0511464 0.0506175
0.28125 1.05115 0.0511464 0.0506175
0.296875 1.05242 0.0524225 0.0519002
0.296875 1.05242 0.0524225 0.0519002
0.3125 1.05365 0.0536539 0.0531377
0.3125 1.05365 0.0536539 0.0531377
0.328125 1.05483 0.0548297 0.054319
0.328125 1.05483 0.0548297 0.054319
0.34375 1.05594 0.0559394 0.0554336
0.34375 1.05594 0.0559394 0.0554336
0.359375 1.05697 0.0569735 0.0564719
0.359375 1.05697 0.0569735 0.0564719
0.375 1.05792 0.0579229 0.0574251
0.375 1.05792 0.0579229 0.0574251
0.390625 1.05878 0.0587798 0.0582851
0.390625 1.05878 0.0587798 0.0582851
0.40625 1.05954 0.0595371 0.0590448
0.40625 1.05954 0.0595371 0.0590448
0.421875 1.06019 0.0601884 0.0596982
0.421875 1.06019 0.0601884 0.0596982
0.4375 1.06073 0.0607286 0.06024
0.4375 1.06073 0.0607286 0.06024
0.453125 1.06115 0.0611532 0.0606658
0.453125 1.06115 0.0611532 0.0606658
0.46875 1.06146 0.061459 0.0609724
0.46875 1.06146 0.061459 0.0609724
0.484375 1.06164 0.0616434 0.0611573
0.484375 1.06164 0.0616434 0.0611573
0.5 1.06171 0.061705 0.0612191
0.5 1.06171 0.061705 0.0612191
0.515625 1.06164 0.0616434 0.0611573
0.515625 1.06164 0.0616434 0.0611573
0.53125 1.06146 0.061459 0.0609724
0.53125 1.06146 0.061459 0.0609724
0.546875 1.06115 0.0611532 0.0606658
0.546875 1.06115 0.0611532 0.0606658
0.5625 1.06073 0.0607286 0.06024
0.5625 1.06073 0.0607286 0.06024
0.578125 1.06019 0.0601884 0.0596982
0.578125 1.06019 0.0601884 0.0596982
0.59375 1.05954 0.0595371 0.0590448
0.59375 1.05954 0.0595371 0.0590448
0.609375 1.05878 0.0587798 0.0582851
0.609375 1.05878 0.0587798 0.0582851
0.625 1.05792 0.0579229 0.0574251
0.625 1.05792 0.0579229 0.0574251
0.640625 1.05697 0.0569735 0.0564719
0.640625 1.05697 0.0569735 0.0564719
0.65625 1.05594 0.0559394 0.0554336
0.65625 1.05594 0.0559394 0.0554336
0.671875 1.05483 0.0548297 0.054319
0.671875 1.05483 0.0548297 0.054319
0.6875 1.05365 0.0536539 0.0531377
0.6875 1.05365 0.0536539 0.0531377
0.703125 1.05242 0.0524225 0.0519002
0.703125 1.05242 0.0524225 0.0519002
0.71875 1.05115 0.0511464 0.0506175
0.71875 1.05115 0.0511464 0.0506175
0.734375 1.04984 0.0498375 0.0493014
0.734375 1.04984 0.0498375 0.0493014
0.75 1.04851 0.0485077 0.0479642
0.75 1.04851 0.0485077 0.0479642
0.765625 1.04717 0.0471697 0.0466187
0.765625 1.04717 0.0471697 0.0466187
0.78125 1.04584 0.0458363 0.0452778
0.78125 1.04584 0.0458363 0.0452778
0.796875 1.04452 0.0445204 0.0439549
0.796875 1.04452 0.0445204 0.0439549
0.8125 1.04324 0.0432351 0.0426632
0.8125 1.04324 0.0432351 0.0426632
0.828125 1.04199 0.0419931 0.0414159
0.828125 1.04199 0.0419931 0.0414159
0.84375 1.04081 0.0408069 0.040226
0.84375 1.04081 0.0408069 0.040226
0.859375 1.03969 0.0396886 0.039106
0.859375 1.03969 0.0396886 0.039106
0.875 1.03865 0.0386497 0.0380679
0.875 1.03865 0.0386497 0.0380679
0.890625 1.0377 0.0377009 0.0371229
0.890625 1.0377 0.0377009 0.0371229
0.90625 1.03685 0.0368518 0.0362815
0.90625 1.03685 0.0368518 0.0362815
0.921875 1.03611 0.0361111 0.0355528
0.921875 1.03611 0.0361111 0.0355528
0.9375 1.03549 0.0354864 0.034945
0.9375 1.03549 0.0354864 0.034945
0.953125 1.03498 0.0349839 0.034465
0.953125 1.03498 0.0349839 0.034465
0.96875 1.03461 0.0346083 0.0341182
0.96875 1.03461 0.0346083 0.0341182
0.984375 1.03436 0.034363 0.0339086
0.984375 1.03436 0.034363 0.0339086
1 1 0 0.0338384
