# x y topography analytical topography
0 1 0 0.00419684
0.015625 1.00624 0.00623564 0.00517807
0.015625 1.00624 0.00623564 0.00517807
0.03125 1.00816 0.00816177 0.00772137
0.03125 1.00816 0.00816177 0.00772137
0.046875 1.01119 0.0111859 0.0110465
0.046875 1.01119 0.0111859 0.0110465
0.0625 1.01464 0.0146378 0.0146039
0.0625 1.01464 0.0146378 0.0146039
0.078125 1.01819 0.0181865 0.0181792
0.078125 1.01819 0.0181865 0.0181792
0.09375 1.02172 0.0217202 0.0217177
0.09375 1.02172 0.0217202 0.0217177
0.109375 1.02521 0.0252065 0.0252045
0.109375 1.02521 0.0252065 0.0252045
0.125 1.02863 0.0286327 0.0286305
0.125 1.02863 0.0286327 0.0286305
0.140625 1.03199 0.0319901 0.0319876
0.140625 1.03199 0.0319901 0.0319876
0.15625 1.03527 0.0352703 0.0352676
0.15625 1.03527 0.0352703 0.0352676
0.171875 1.03847 0.0384656 0.0384627
0.171875 1.03847 0.0384656 0.0384627
0.1875 1.04157 0.0415683 0.0415651
0.1875 1.04157 0.0415683 0.0415651
0.203125 1.04457 0.0445707 0.0445673
0.203125 1.04457 0.0445707 0.0445673
0.21875 1.04747 0.0474659 0.0474622
0.21875 1.04747 0.0474659 0.0474622
0.234375 1.05025 0.0502466 0.0502428
0.234375 1.05025 0.0502466 0.0502428
0.25 1.05291 0.0529064 0.0529023
0.25 1.05291 0.0529064 0.0529023
0.265625 1.05544 0.0554386 0.0554344
0.265625 1.05544 0.0554386 0.0554344
0.28125 1.05784 0.0578373 0.0578329
0.28125 1.05784 0.0578373 0.0578329
0.296875 1.0601 0.0600967 0.0600921
0.296875 1.0601 0.0600967 0.0600921
0.3125 1.06221 0.0622113 0.0622065
0.3125 1.06221 0.0622113 0.0622065
0.328125 1.06418 0.064176 0.0641711
0.328125 1.06418 0.064176 0.0641711
0.34375 1.06599 0.0659861 0.0659811
0.34375 1.06599 0.0659861 0.0659811
0.359375 1.06764 0.0676373 0.0676321
0.359375 1.06764 0.0676373 0.0676321
0.375 1.06913 0.0691255 0.0691202
0.375 1.06913 0.0691255 0.0691202
0.390625 1.07045 0.0704472 0.0704418
0.390625 1.07045 0.0704472 0.0704418
0.40625 1.0716 0.0715991 0.0715937
0.40625 1.0716 0.0715991 0.0715937
0.421875 1.07258 0.0725786 0.0725731
0.421875 1.07258 0.0725786 0.0725731
0.4375 1.07338 0.0733832 0.0733776
0.4375 1.07338 0.0733832 0.0733776
0.453125 1.07401 0.0740111 0.0740054
0.453125 1.07401 0.0740111 0.0740054
0.46875 1.07446 0.0744606 0.0744549
0.46875 1.07446 0.0744606 0.0744549
0.484375 1.07473 0.0747308 0.0747251
0.484375 1.07473 0.0747308 0.0747251
0.5 1.07482 0.0748209 0.0748152
0.5 1.07482 0.0748209 0.0748152
0.515625 1.07473 0.0747308 0.0747251
0.515625 1.07473 0.0747308 0.0747251
0.53125 1.07446 0.0744606 0.0744549
0.53125 1.07446 0.0744606 0.0744549
0.546875 1.07401 0.0740111 0.0740054
0.546875 1.07401 0.0740111 0.0740054
0.5625 1.07338 0.0733832 0.0733776
0.5625 1.07338 0.0733832 0.0733776
0.578125 1.07258 0.0725786 0.0725731
0.578125 1.07258 0.0725786 0.0725731
0.59375 1.0716 0.0715991 0.0715937
0.59375 1.0716 0.0715991 0.0715937
0.609375 1.07045 0.0704472 0.0704418
0.609375 1.07045 0.0704472 0.0704418
0.625 1.06913 0.0691255 0.0691202
0.625 1.06913 0.0691255 0.0691202
0.640625 1.06764 0.0676373 0.0676321
0.640625 1.06764 0.0676373 0.0676321
0.65625 1.06599 0.0659861 0.0659811
0.65625 1.06599 0.0659861 0.0659811
0.671875 1.06418 0.064176 0.0641711
0.671875 1.06418 0.064176 0.0641711
0.6875 1.06221 0.0622113 0.0622065
0.6875 1.06221 0.0622113 0.0622065
0.703125 1.0601 0.0600967 0.0600921
0.703125 1.0601 0.0600967 0.0600921
0.71875 1.05784 0.0578373 0.0578329
0.71875 1.05784 0.0578373 0.0578329
0.734375 1.05544 0.0554386 0.0554344
0.734375 1.05544 0.0554386 0.0554344
0.75 1.05291 0.0529064 0.0529023
0.75 1.05291 0.0529064 0.0529023
0.765625 1.05025 0.0502466 0.0502428
0.765625 1.05025 0.0502466 0.0502428
0.78125 1.04747 0.0474659 0.0474622
0.78125 1.04747 0.0474659 0.0474622
0.796875 1.04457 0.0445707 0.0445673
0.796875 1.04457 0.0445707 0.0445673
0.8125 1.04157 0.0415683 0.0415651
0.8125 1.04157 0.0415683 0.0415651
0.828125 1.03847 0.0384656 0.0384627
0.828125 1.03847 0.0384656 0.0384627
0.84375 1.03527 0.0352703 0.0352676
0.84375 1.03527 0.0352703 0.0352676
0.859375 1.03199 0.0319901 0.0319876
0.859375 1.03199 0.0319901 0.0319876
0.875 1.02863 0.0286327 0.0286305
0.875 1.02863 0.0286327 0.0286305
0.890625 1.02521 0.0252065 0.0252045
0.890625 1.02521 0.0252065 0.0252045
0.90625 1.02172 0.0217202 0.0217177
0.90625 1.02172 0.0217202 0.0217177
0.921875 1.01819 0.0181865 0.0181792
0.921875 1.01819 0.0181865 0.0181792
0.9375 1.01464 0.0146378 0.0146039
0.9375 1.01464 0.0146378 0.0146039
0.953125 1.01119 0.0111859 0.0110465
0.953125 1.01119 0.0111859 0.0110465
0.96875 1.00816 0.00816177 0.00772137
0.96875 1.00816 0.00816177 0.00772137
0.984375 1.00624 0.00623564 0.00517807
0.984375 1.00624 0.00623564 0.00517807
1 1 0 0.00419684
