# x y topography analytical topography
0 1 0 0.0352607
0.015625 1.0357 0.0357021 0.0353229
0.015625 1.0357 0.0357021 0.0353229
0.03125 1.03593 0.0359322 0.0355089
0.03125 1.03593 0.0359322 0.0355089
0.046875 1.03628 0.0362774 0.0358166
0.046875 1.03628 0.0362774 0.0358166
0.0625 1.03674 0.036735 0.0362426
0.0625 1.03674 0.036735 0.0362426
0.078125 1.0373 0.0373009 0.0367824
0.078125 1.0373 0.0373009 0.0367824
0.09375 1.03797 0.0379696 0.03743
0.09375 1.03797 0.0379696 0.03743
0.109375 1.03873 0.0387349 0.0381787
0.109375 1.03873 0.0387349 0.0381787
0.125 1.03959 0.0395891 0.0390202
0.125 1.03959 0.0395891 0.0390202
0.140625 1.04052 0.0405239 0.0399457
0.140625 1.04052 0.0405239 0.0399457
0.15625 1.04153 0.04153 0.0409456
0.15625 1.04153 0.04153 0.0409456
0.171875 1.0426 0.0425975 0.0420093
0.171875 1.0426 0.0425975 0.0420093
0.1875 1.04372 0.0437159 0.0431259
0.1875 1.04372 0.0437159 0.0431259
0.203125 1.04487 0.0448742 0.044284
0.203125 1.04487 0.0448742 0.044284
0.21875 1.04606 0.0460611 0.045472
0.21875 1.04606 0.0460611 0.045472
0.234375 1.04727 0.047265 0.0466781
0.234375 1.04727 0.047265 0.0466781
0.25 1.04847 0.0484745 0.0478903
0.25 1.04847 0.0484745 0.0478903
0.265625 1.04968 0.049678 0.0490971
0.265625 1.04968 0.049678 0.0490971
0.28125 1.05086 0.0508642 0.0502868
0.28125 1.05086 0.0508642 0.0502868
0.296875 1.05202 0.052022 0.0514482
0.296875 1.05202 0.052022 0.0514482
0.3125 1.05314 0.0531409 0.0525706
0.3125 1.05314 0.0531409 0.0525706
0.328125 1.05421 0.0542105 0.0536436
0.328125 1.05421 0.0542105 0.0536436
0.34375 1.05522 0.0552214 0.0546575
0.34375 1.05522 0.0552214 0.0546575
0.359375 1.05616 0.0561644 0.0556034
0.359375 1.05616 0.0561644 0.0556034
0.375 1.05703 0.0570313 0.0564728
0.375 1.05703 0.0570313 0.0564728
0.390625 1.05781 0.0578145 0.0572582
0.390625 1.05781 0.0578145 0.0572582
0.40625 1.05851 0.0585072 0.0579528
0.40625 1.05851 0.0585072 0.0579528
0.421875 1.0591 0.0591036 0.0585507
0.421875 1.0591 0.0591036 0.0585507
0.4375 1.0596 0.0595986 0.0590469
0.4375 1.0596 0.0595986 0.0590469
0.453125 1.05999 0.0599879 0.0594372
0.453125 1.05999 0.0599879 0.0594372
0.46875 1.06027 0.0602683 0.0597183
0.46875 1.06027 0.0602683 0.0597183
0.484375 1.06044 0.0604375 0.0598879
0.484375 1.06044 0.0604375 0.0598879
0.5 1.06049 0.060494 0.0599445
0.5 1.06049 0.060494 0.0599445
0.515625 1.06044 0.0604375 0.0598879
0.515625 1.06044 0.0604375 0.0598879
0.53125 1.06027 0.0602683 0.0597183
0.53125 1.06027 0.0602683 0.0597183
0.546875 1.05999 0.0599879 0.0594372
0.546875 1.05999 0.0599879 0.0594372
0.5625 1.0596 0.0595986 0.0590469
0.5625 1.0596 0.0595986 0.0590469
0.578125 1.0591 0.0591036 0.0585507
0.578125 1.0591 0.0591036 0.0585507
0.59375 1.05851 0.0585072 0.0579528
0.59375 1.05851 0.0585072 0.0579528
0.609375 1.05781 0.0578145 0.0572582
0.609375 1.05781 0.0578145 0.0572582
0.625 1.05703 0.0570313 0.0564728
0.625 1.05703 0.0570313 0.0564728
0.640625 1.05616 0.0561644 0.0556034
0.640625 1.05616 0.0561644 0.0556034
0.65625 1.05522 0.0552214 0.0546575
0.65625 1.05522 0.0552214 0.0546575
0.671875 1.05421 0.0542105 0.0536436
0.671875 1.05421 0.0542105 0.0536436
0.6875 1.05314 0.0531409 0.0525706
0.6875 1.05314 0.0531409 0.0525706
0.703125 1.05202 0.052022 0.0514482
0.703125 1.05202 0.052022 0.0514482
0.71875 1.05086 0.0508642 0.0502868
0.71875 1.05086 0.0508642 0.0502868
0.734375 1.04968 0.049678 0.0490971
0.734375 1.04968 0.049678 0.0490971
0.75 1.04847 0.0484745 0.0478903
0.75 1.04847 0.0484745 0.0478903
0.765625 1.04727 0.047265 0.0466781
0.765625 1.04727 0.047265 0.0466781
0.78125 1.04606 0.0460611 0.045472
0.78125 1.04606 0.0460611 0.045472
0.796875 1.04487 0.0448742 0.044284
0.796875 1.04487 0.0448742 0.044284
0.8125 1.04372 0.0437159 0.0431259
0.8125 1.04372 0.0437159 0.0431259
0.828125 1.0426 0.0425975 0.0420093
0.828125 1.0426 0.0425975 0.0420093
0.84375 1.04153 0.04153 0.0409456
0.84375 1.04153 0.04153 0.0409456
0.859375 1.04052 0.0405239 0.0399457
0.859375 1.04052 0.0405239 0.0399457
0.875 1.03959 0.0395891 0.0390202
0.875 1.03959 0.0395891 0.0390202
0.890625 1.03873 0.0387349 0.0381787
0.890625 1.03873 0.0387349 0.0381787
0.90625 1.03797 0.0379696 0.03743
0.90625 1.03797 0.0379696 0.03743
0.921875 1.0373 0.0373009 0.0367824
0.921875 1.0373 0.0373009 0.0367824
0.9375 1.03674 0.036735 0.0362426
0.9375 1.03674 0.036735 0.0362426
0.953125 1.03628 0.0362774 0.0358166
0.953125 1.03628 0.0362774 0.0358166
0.96875 1.03593 0.0359322 0.0355089
0.96875 1.03593 0.0359322 0.0355089
0.984375 1.0357 0.0357021 0.0353229
0.984375 1.0357 0.0357021 0.0353229
1 1 0 0.0352607
