# x y topography analytical topography
0 1 0 0.0177616
0.015625 1.01908 0.0190815 0.0179751
0.015625 1.01908 0.0190815 0.0179751
0.03125 1.0196 0.0196031 0.0186091
0.03125 1.0196 0.0196031 0.0186091
0.046875 1.02052 0.0205202 0.0196447
0.046875 1.02052 0.0205202 0.0196447
0.0625 1.02181 0.0218084 0.0210516
0.0625 1.02181 0.0218084 0.0210516
0.078125 1.02343 0.0234333 0.0227907
0.078125 1.02343 0.0234333 0.0227907
0.09375 1.02535 0.025353 0.024816
0.09375 1.02535 0.025353 0.024816
0.109375 1.02752 0.0275205 0.027078
0.109375 1.02752 0.0275205 0.027078
0.125 1.02989 0.0298863 0.0295257
0.125 1.02989 0.0298863 0.0295257
0.140625 1.0324 0.0324013 0.0321094
0.140625 1.0324 0.0324013 0.0321094
0.15625 1.03502 0.0350185 0.0347824
0.15625 1.03502 0.0350185 0.0347824
0.171875 1.03769 0.0376943 0.0375023
0.171875 1.03769 0.0376943 0.0375023
0.1875 1.04039 0.0403902 0.0402318
0.1875 1.04039 0.0403902 0.0402318
0.203125 1.04307 0.0430725 0.0429388
0.203125 1.04307 0.0430725 0.0429388
0.21875 1.04571 0.0457126 0.0455964
0.21875 1.04571 0.0457126 0.0455964
0.234375 1.04829 0.0482869 0.0481824
0.234375 1.04829 0.0482869 0.0481824
0.25 1.05078 0.0507759 0.0506787
0.25 1.05078 0.0507759 0.0506787
0.265625 1.05316 0.0531638 0.0530707
0.265625 1.05316 0.0531638 0.0530707
0.28125 1.05544 0.0554378 0.0553465
0.28125 1.05544 0.0554378 0.0553465
0.296875 1.05759 0.0575874 0.0574964
0.296875 1.05759 0.0575874 0.0574964
0.3125 1.0596 0.0596042 0.0595125
0.3125 1.0596 0.0596042 0.0595125
0.328125 1.06148 0.0614811 0.0613879
0.328125 1.06148 0.0614811 0.0613879
0.34375 1.06321 0.063212 0.0631172
0.34375 1.06321 0.063212 0.0631172
0.359375 1.06479 0.064792 0.0646953
0.359375 1.06479 0.064792 0.0646953
0.375 1.06622 0.0662166 0.0661182
0.375 1.06622 0.0662166 0.0661182
0.390625 1.06748 0.0674822 0.067382
0.390625 1.06748 0.0674822 0.067382
0.40625 1.06859 0.0685854 0.0684837
0.40625 1.06859 0.0685854 0.0684837
0.421875 1.06952 0.0695235 0.0694205
0.421875 1.06952 0.0695235 0.0694205
0.4375 1.07029 0.0702942 0.07019
0.4375 1.07029 0.0702942 0.07019
0.453125 1.0709 0.0708955 0.0707905
0.453125 1.0709 0.0708955 0.0707905
0.46875 1.07133 0.0713261 0.0712205
0.46875 1.07133 0.0713261 0.0712205
0.484375 1.07158 0.0715849 0.0714789
0.484375 1.07158 0.0715849 0.0714789
0.5 1.07167 0.0716712 0.0715651
0.5 1.07167 0.0716712 0.0715651
0.515625 1.07158 0.0715849 0.0714789
0.515625 1.07158 0.0715849 0.0714789
0.53125 1.07133 0.0713261 0.0712205
0.53125 1.07133 0.0713261 0.0712205
0.546875 1.0709 0.0708955 0.0707905
0.546875 1.0709 0.0708955 0.0707905
0.5625 1.07029 0.0702942 0.07019
0.5625 1.07029 0.0702942 0.07019
0.578125 1.06952 0.0695235 0.0694205
0.578125 1.06952 0.0695235 0.0694205
0.59375 1.06859 0.0685854 0.0684837
0.59375 1.06859 0.0685854 0.0684837
0.609375 1.06748 0.0674822 0.067382
0.609375 1.06748 0.0674822 0.067382
0.625 1.06622 0.0662166 0.0661182
0.625 1.06622 0.0662166 0.0661182
0.640625 1.06479 0.064792 0.0646953
0.640625 1.06479 0.064792 0.0646953
0.65625 1.06321 0.063212 0.0631172
0.65625 1.06321 0.063212 0.0631172
0.671875 1.06148 0.0614811 0.0613879
0.671875 1.06148 0.0614811 0.0613879
0.6875 1.0596 0.0596042 0.0595125
0.6875 1.0596 0.0596042 0.0595125
0.703125 1.05759 0.0575874 0.0574964
0.703125 1.05759 0.0575874 0.0574964
0.71875 1.05544 0.0554378 0.0553465
0.71875 1.05544 0.0554378 0.0553465
0.734375 1.05316 0.0531638 0.0530707
0.734375 1.05316 0.0531638 0.0530707
0.75 1.05078 0.0507759 0.0506787
0.75 1.05078 0.0507759 0.0506787
0.765625 1.04829 0.0482869 0.0481824
0.765625 1.04829 0.0482869 0.0481824
0.78125 1.04571 0.0457126 0.0455964
0.78125 1.04571 0.0457126 0.0455964
0.796875 1.04307 0.0430725 0.0429388
0.796875 1.04307 0.0430725 0.0429388
0.8125 1.04039 0.0403902 0.0402318
0.8125 1.04039 0.0403902 0.0402318
0.828125 1.03769 0.0376943 0.0375023
0.828125 1.03769 0.0376943 0.0375023
0.84375 1.03502 0.0350185 0.0347824
0.84375 1.03502 0.0350185 0.0347824
0.859375 1.0324 0.0324013 0.0321094
0.859375 1.0324 0.0324013 0.0321094
0.875 1.02989 0.0298863 0.0295257
0.875 1.02989 0.0298863 0.0295257
0.890625 1.02752 0.0275205 0.027078
0.890625 1.02752 0.0275205 0.027078
0.90625 1.02535 0.025353 0.024816
0.90625 1.02535 0.025353 0.024816
0.921875 1.02343 0.0234333 0.0227907
0.921875 1.02343 0.0234333 0.0227907
0.9375 1.02181 0.0218084 0.0210516
0.9375 1.02181 0.0218084 0.0210516
0.953125 1.02052 0.0205202 0.0196447
0.953125 1.02052 0.0205202 0.0196447
0.96875 1.0196 0.0196031 0.0186091
0.96875 1.0196 0.0196031 0.0186091
0.984375 1.01908 0.0190815 0.0179751
0.984375 1.01908 0.0190815 0.0179751
1 1 0 0.0177616
