# x y topography analytical topography
0 1 0 0.0337663
0.015625 1.03429 0.034295 0.0338369
0.015625 1.03429 0.034295 0.0338369
0.03125 1.03454 0.0345411 0.0340478
0.03125 1.03454 0.0345411 0.0340478
0.046875 1.03492 0.0349183 0.0343966
0.046875 1.03492 0.0349183 0.0343966
0.0625 1.03542 0.0354231 0.0348794
0.0625 1.03542 0.0354231 0.0348794
0.078125 1.03605 0.0360509 0.0354907
0.078125 1.03605 0.0360509 0.0354907
0.09375 1.0368 0.0367952 0.0362235
0.09375 1.0368 0.0367952 0.0362235
0.109375 1.03765 0.0376487 0.0370698
0.109375 1.03765 0.0376487 0.0370698
0.125 1.0386 0.0386024 0.0380201
0.125 1.0386 0.0386024 0.0380201
0.140625 1.03965 0.0396467 0.0390639
0.140625 1.03965 0.0396467 0.0390639
0.15625 1.04077 0.0407707 0.0401901
0.15625 1.04077 0.0407707 0.0401901
0.171875 1.04196 0.0419629 0.0413864
0.171875 1.04196 0.0419629 0.0413864
0.1875 1.04321 0.0432113 0.0426404
0.1875 1.04321 0.0432113 0.0426404
0.203125 1.0445 0.0445031 0.0439389
0.203125 1.0445 0.0445031 0.0439389
0.21875 1.04583 0.0458255 0.0452687
0.21875 1.04583 0.0458255 0.0452687
0.234375 1.04717 0.0471655 0.0466163
0.234375 1.04717 0.0471655 0.0466163
0.25 1.04851 0.0485099 0.0479686
0.25 1.04851 0.0485099 0.0479686
0.265625 1.04985 0.0498461 0.0493123
0.265625 1.04985 0.0498461 0.0493123
0.28125 1.05116 0.0511612 0.0506347
0.28125 1.05116 0.0511612 0.0506347
0.296875 1.05244 0.0524431 0.0519234
0.296875 1.05244 0.0524431 0.0519234
0.3125 1.05368 0.0536801 0.0531667
0.3125 1.05368 0.0536801 0.0531667
0.328125 1.05486 0.0548612 0.0543533
0.328125 1.05486 0.0548612 0.0543533
0.34375 1.05598 0.0559758 0.0554729
0.34375 1.05598 0.0559758 0.0554729
0.359375 1.05701 0.0570143 0.0565157
0.359375 1.05701 0.0570143 0.0565157
0.375 1.05797 0.0579678 0.0574729
0.375 1.05797 0.0579678 0.0574729
0.390625 1.05883 0.0588283 0.0583365
0.390625 1.05883 0.0588283 0.0583365
0.40625 1.05959 0.0595887 0.0590995
0.40625 1.05959 0.0595887 0.0590995
0.421875 1.06024 0.0602427 0.0597555
0.421875 1.06024 0.0602427 0.0597555
0.4375 1.06079 0.0607851 0.0602995
0.4375 1.06079 0.0607851 0.0602995
0.453125 1.06121 0.0612114 0.060727
0.453125 1.06121 0.0612114 0.060727
0.46875 1.06152 0.0615184 0.0610348
0.46875 1.06152 0.0615184 0.0610348
0.484375 1.0617 0.0617035 0.0612205
0.484375 1.0617 0.0617035 0.0612205
0.5 1.06177 0.0617654 0.0612825
0.5 1.06177 0.0617654 0.0612825
0.515625 1.0617 0.0617035 0.0612205
0.515625 1.0617 0.0617035 0.0612205
0.53125 1.06152 0.0615184 0.0610348
0.53125 1.06152 0.0615184 0.0610348
0.546875 1.06121 0.0612114 0.060727
0.546875 1.06121 0.0612114 0.060727
0.5625 1.06079 0.0607851 0.0602995
0.5625 1.06079 0.0607851 0.0602995
0.578125 1.06024 0.0602427 0.0597555
0.578125 1.06024 0.0602427 0.0597555
0.59375 1.05959 0.0595887 0.0590995
0.59375 1.05959 0.0595887 0.0590995
0.609375 1.05883 0.0588283 0.0583365
0.609375 1.05883 0.0588283 0.0583365
0.625 1.05797 0.0579678 0.0574729
0.625 1.05797 0.0579678 0.0574729
0.640625 1.05701 0.0570143 0.0565157
0.640625 1.05701 0.0570143 0.0565157
0.65625 1.05598 0.0559758 0.0554729
0.65625 1.05598 0.0559758 0.0554729
0.671875 1.05486 0.0548612 0.0543533
0.671875 1.05486 0.0548612 0.0543533
0.6875 1.05368 0.0536801 0.0531667
0.6875 1.05368 0.0536801 0.0531667
0.703125 1.05244 0.0524431 0.0519234
0.703125 1.05244 0.0524431 0.0519234
0.71875 1.05116 0.0511612 0.0506347
0.71875 1.05116 0.0511612 0.0506347
0.734375 1.04985 0.0498461 0.0493123
0.734375 1.04985 0.0498461 0.0493123
0.75 1.04851 0.0485099 0.0479686
0.75 1.04851 0.0485099 0.0479686
0.765625 1.04717 0.0471655 0.0466163
0.765625 1.04717 0.0471655 0.0466163
0.78125 1.04583 0.0458255 0.0452687
0.78125 1.04583 0.0458255 0.0452687
0.796875 1.0445 0.0445031 0.0439389
0.796875 1.0445 0.0445031 0.0439389
0.8125 1.04321 0.0432113 0.0426404
0.8125 1.04321 0.0432113 0.0426404
0.828125 1.04196 0.0419629 0.0413864
0.828125 1.04196 0.0419629 0.0413864
0.84375 1.04077 0.0407707 0.0401901
0.84375 1.04077 0.0407707 0.0401901
0.859375 1.03965 0.0396467 0.0390639
0.859375 1.03965 0.0396467 0.0390639
0.875 1.0386 0.0386024 0.0380201
0.875 1.0386 0.0386024 0.0380201
0.890625 1.03765 0.0376487 0.0370698
0.890625 1.03765 0.0376487 0.0370698
0.90625 1.0368 0.0367952 0.0362235
0.90625 1.0368 0.0367952 0.0362235
0.921875 1.03605 0.0360509 0.0354907
0.921875 1.03605 0.0360509 0.0354907
0.9375 1.03542 0.0354231 0.0348794
0.9375 1.03542 0.0354231 0.0348794
0.953125 1.03492 0.0349183 0.0343966
0.953125 1.03492 0.0349183 0.0343966
0.96875 1.03454 0.0345411 0.0340478
0.96875 1.03454 0.0345411 0.0340478
0.984375 1.03429 0.034295 0.0338369
0.984375 1.03429 0.034295 0.0338369
1 1 0 0.0337663
