# x y topography analytical topography
0 1 0 0.0266913
0.015625 1.02759 0.0275944 0.0268087
0.015625 1.02759 0.0275944 0.0268087
0.03125 1.02793 0.0279307 0.0271591
0.03125 1.02793 0.0279307 0.0271591
0.046875 1.02849 0.0284863 0.0277369
0.046875 1.02849 0.0284863 0.0277369
0.0625 1.02925 0.029254 0.0285334
0.0625 1.02925 0.029254 0.0285334
0.078125 1.03022 0.0302233 0.0295365
0.078125 1.03022 0.0302233 0.0295365
0.09375 1.03138 0.0313808 0.030731
0.09375 1.03138 0.0313808 0.030731
0.109375 1.03271 0.0327104 0.0320997
0.109375 1.03271 0.0327104 0.0320997
0.125 1.03419 0.034194 0.0336231
0.125 1.03419 0.034194 0.0336231
0.140625 1.03581 0.0358117 0.0352801
0.140625 1.03581 0.0358117 0.0352801
0.15625 1.03754 0.0375423 0.0370485
0.15625 1.03754 0.0375423 0.0370485
0.171875 1.03936 0.0393639 0.0389058
0.171875 1.03936 0.0393639 0.0389058
0.1875 1.04125 0.0412541 0.0408291
0.1875 1.04125 0.0412541 0.0408291
0.203125 1.04319 0.0431908 0.0427958
0.203125 1.04319 0.0431908 0.0427958
0.21875 1.04515 0.0451523 0.0447838
0.21875 1.04515 0.0451523 0.0447838
0.234375 1.04712 0.0471174 0.0467722
0.234375 1.04712 0.0471174 0.0467722
0.25 1.04907 0.0490664 0.0487411
0.25 1.04907 0.0490664 0.0487411
0.265625 1.05098 0.0509805 0.0506719
0.265625 1.05098 0.0509805 0.0506719
0.28125 1.05284 0.0528424 0.0525474
0.28125 1.05284 0.0528424 0.0525474
0.296875 1.05464 0.0546361 0.054352
0.296875 1.05464 0.0546361 0.054352
0.3125 1.05635 0.0563473 0.0560717
0.3125 1.05635 0.0563473 0.0560717
0.328125 1.05796 0.0579631 0.057694
0.328125 1.05796 0.0579631 0.057694
0.34375 1.05947 0.0594721 0.0592077
0.34375 1.05947 0.0594721 0.0592077
0.359375 1.06086 0.0608642 0.060603
0.359375 1.06086 0.0608642 0.060603
0.375 1.06213 0.0621309 0.0618717
0.375 1.06213 0.0621309 0.0618717
0.390625 1.06326 0.0632645 0.0630065
0.390625 1.06326 0.0632645 0.0630065
0.40625 1.06426 0.0642587 0.0640013
0.40625 1.06426 0.0642587 0.0640013
0.421875 1.06511 0.0651084 0.064851
0.421875 1.06511 0.0651084 0.064851
0.4375 1.06581 0.0658092 0.0655516
0.4375 1.06581 0.0658092 0.0655516
0.453125 1.06636 0.0663576 0.0660998
0.453125 1.06636 0.0663576 0.0660998
0.46875 1.06675 0.0667512 0.0664931
0.46875 1.06675 0.0667512 0.0664931
0.484375 1.06699 0.066988 0.0667298
0.484375 1.06699 0.066988 0.0667298
0.5 1.06707 0.0670671 0.0668088
0.5 1.06707 0.0670671 0.0668088
0.515625 1.06699 0.066988 0.0667298
0.515625 1.06699 0.066988 0.0667298
0.53125 1.06675 0.0667512 0.0664931
0.53125 1.06675 0.0667512 0.0664931
0.546875 1.06636 0.0663576 0.0660998
0.546875 1.06636 0.0663576 0.0660998
0.5625 1.06581 0.0658092 0.0655516
0.5625 1.06581 0.0658092 0.0655516
0.578125 1.06511 0.0651084 0.064851
0.578125 1.06511 0.0651084 0.064851
0.59375 1.06426 0.0642587 0.0640013
0.59375 1.06426 0.0642587 0.0640013
0.609375 1.06326 0.0632645 0.0630065
0.609375 1.06326 0.0632645 0.0630065
0.625 1.06213 0.0621309 0.0618717
0.625 1.06213 0.0621309 0.0618717
0.640625 1.06086 0.0608642 0.060603
0.640625 1.06086 0.0608642 0.060603
0.65625 1.05947 0.0594721 0.0592077
0.65625 1.05947 0.0594721 0.0592077
0.671875 1.05796 0.0579631 0.057694
0.671875 1.05796 0.0579631 0.057694
0.6875 1.05635 0.0563473 0.0560717
0.6875 1.05635 0.0563473 0.0560717
0.703125 1.05464 0.0546361 0.054352
0.703125 1.05464 0.0546361 0.054352
0.71875 1.05284 0.0528424 0.0525474
0.71875 1.05284 0.0528424 0.0525474
0.734375 1.05098 0.0509805 0.0506719
0.734375 1.05098 0.0509805 0.0506719
0.75 1.04907 0.0490664 0.0487411
0.75 1.04907 0.0490664 0.0487411
0.765625 1.04712 0.0471174 0.0467722
0.765625 1.04712 0.0471174 0.0467722
0.78125 1.04515 0.0451523 0.0447838
0.78125 1.04515 0.0451523 0.0447838
0.796875 1.04319 0.0431908 0.0427958
0.796875 1.04319 0.0431908 0.0427958
0.8125 1.04125 0.0412541 0.0408291
0.8125 1.04125 0.0412541 0.0408291
0.828125 1.03936 0.0393639 0.0389058
0.828125 1.03936 0.0393639 0.0389058
0.84375 1.03754 0.0375423 0.0370485
0.84375 1.03754 0.0375423 0.0370485
0.859375 1.03581 0.0358117 0.0352801
0.859375 1.03581 0.0358117 0.0352801
0.875 1.03419 0.034194 0.0336231
0.875 1.03419 0.034194 0.0336231
0.890625 1.03271 0.0327104 0.0320997
0.890625 1.03271 0.0327104 0.0320997
0.90625 1.03138 0.0313808 0.030731
0.90625 1.03138 0.0313808 0.030731
0.921875 1.03022 0.0302233 0.0295365
0.921875 1.03022 0.0302233 0.0295365
0.9375 1.02925 0.029254 0.0285334
0.9375 1.02925 0.029254 0.0285334
0.953125 1.02849 0.0284863 0.0277369
0.953125 1.02849 0.0284863 0.0277369
0.96875 1.02793 0.0279307 0.0271591
0.96875 1.02793 0.0279307 0.0271591
0.984375 1.02759 0.0275944 0.0268087
0.984375 1.02759 0.0275944 0.0268087
1 1 0 0.0266913
