# x y topography analytical topography
0 1 0 0.00513583
0.015625 1.00709 0.00709035 0.00594544
0.015625 1.00709 0.00709035 0.00594544
0.03125 1.00872 0.00872359 0.00813907
0.03125 1.00872 0.00872359 0.00813907
0.046875 1.01144 0.0114392 0.0111933
0.046875 1.01144 0.0114392 0.0111933
0.0625 1.01471 0.0147131 0.0146275
0.0625 1.01471 0.0147131 0.0146275
0.078125 1.01819 0.0181899 0.0181644
0.078125 1.01819 0.0181899 0.0181644
0.09375 1.0217 0.0216998 0.0216919
0.09375 1.0217 0.0216998 0.0216919
0.109375 1.02518 0.0251774 0.0251735
0.109375 1.02518 0.0251774 0.0251735
0.125 1.0286 0.0285987 0.0285952
0.125 1.0286 0.0285987 0.0285952
0.140625 1.03195 0.0319519 0.0319482
0.140625 1.03195 0.0319519 0.0319482
0.15625 1.03523 0.0352282 0.0352241
0.15625 1.03523 0.0352282 0.0352241
0.171875 1.03842 0.0384197 0.0384153
0.171875 1.03842 0.0384197 0.0384153
0.1875 1.04152 0.0415186 0.0415138
0.1875 1.04152 0.0415186 0.0415138
0.203125 1.04452 0.0445175 0.0445124
0.203125 1.04452 0.0445175 0.0445124
0.21875 1.04741 0.0474092 0.0474037
0.21875 1.04741 0.0474092 0.0474037
0.234375 1.05019 0.0501866 0.0501809
0.234375 1.05019 0.0501866 0.0501809
0.25 1.05284 0.0528431 0.0528371
0.25 1.05284 0.0528431 0.0528371
0.265625 1.05537 0.0553724 0.055366
0.265625 1.05537 0.0553724 0.055366
0.28125 1.05777 0.0577682 0.0577616
0.28125 1.05777 0.0577682 0.0577616
0.296875 1.06002 0.0600249 0.060018
0.296875 1.06002 0.0600249 0.060018
0.3125 1.06214 0.062137 0.0621298
0.3125 1.06214 0.062137 0.0621298
0.328125 1.0641 0.0640993 0.064092
0.328125 1.0641 0.0640993 0.064092
0.34375 1.06591 0.0659073 0.0658997
0.34375 1.06591 0.0659073 0.0658997
0.359375 1.06756 0.0675565 0.0675487
0.359375 1.06756 0.0675565 0.0675487
0.375 1.06904 0.0690429 0.069035
0.375 1.06904 0.0690429 0.069035
0.390625 1.07036 0.070363 0.0703549
0.390625 1.07036 0.070363 0.0703549
0.40625 1.07151 0.0715136 0.0715054
0.40625 1.07151 0.0715136 0.0715054
0.421875 1.07249 0.0724919 0.0724836
0.421875 1.07249 0.0724919 0.0724836
0.4375 1.0733 0.0732955 0.0732872
0.4375 1.0733 0.0732955 0.0732872
0.453125 1.07392 0.0739226 0.0739142
0.453125 1.07392 0.0739226 0.0739142
0.46875 1.07437 0.0743716 0.0743631
0.46875 1.07437 0.0743716 0.0743631
0.484375 1.07464 0.0746415 0.0746329
0.484375 1.07464 0.0746415 0.0746329
0.5 1.07473 0.0747315 0.0747229
0.5 1.07473 0.0747315 0.0747229
0.515625 1.07464 0.0746415 0.0746329
0.515625 1.07464 0.0746415 0.0746329
0.53125 1.07437 0.0743716 0.0743631
0.53125 1.07437 0.0743716 0.0743631
0.546875 1.07392 0.0739226 0.0739142
0.546875 1.07392 0.0739226 0.0739142
0.5625 1.0733 0.0732955 0.0732872
0.5625 1.0733 0.0732955 0.0732872
0.578125 1.07249 0.0724919 0.0724836
0.578125 1.07249 0.0724919 0.0724836
0.59375 1.07151 0.0715136 0.0715054
0.59375 1.07151 0.0715136 0.0715054
0.609375 1.07036 0.070363 0.0703549
0.609375 1.07036 0.070363 0.0703549
0.625 1.06904 0.0690429 0.069035
0.625 1.06904 0.0690429 0.069035
0.640625 1.06756 0.0675565 0.0675487
0.640625 1.06756 0.0675565 0.0675487
0.65625 1.06591 0.0659073 0.0658997
0.65625 1.06591 0.0659073 0.0658997
0.671875 1.0641 0.0640993 0.064092
0.671875 1.0641 0.0640993 0.064092
0.6875 1.06214 0.062137 0.0621298
0.6875 1.06214 0.062137 0.0621298
0.703125 1.06002 0.0600249 0.060018
0.703125 1.06002 0.0600249 0.060018
0.71875 1.05777 0.0577682 0.0577616
0.71875 1.05777 0.0577682 0.0577616
0.734375 1.05537 0.0553724 0.055366
0.734375 1.05537 0.0553724 0.055366
0.75 1.05284 0.0528431 0.0528371
0.75 1.05284 0.0528431 0.0528371
0.765625 1.05019 0.0501866 0.0501809
0.765625 1.05019 0.0501866 0.0501809
0.78125 1.04741 0.0474092 0.0474037
0.78125 1.04741 0.0474092 0.0474037
0.796875 1.04452 0.0445175 0.0445124
0.796875 1.04452 0.0445175 0.0445124
0.8125 1.04152 0.0415186 0.0415138
0.8125 1.04152 0.0415186 0.0415138
0.828125 1.03842 0.0384197 0.0384153
0.828125 1.03842 0.0384197 0.0384153
0.84375 1.03523 0.0352282 0.0352241
0.84375 1.03523 0.0352282 0.0352241
0.859375 1.03195 0.0319519 0.0319482
0.859375 1.03195 0.0319519 0.0319482
0.875 1.0286 0.0285987 0.0285952
0.875 1.0286 0.0285987 0.0285952
0.890625 1.02518 0.0251774 0.0251735
0.890625 1.02518 0.0251774 0.0251735
0.90625 1.0217 0.0216998 0.0216919
0.90625 1.0217 0.0216998 0.0216919
0.921875 1.01819 0.0181899 0.0181644
0.921875 1.01819 0.0181899 0.0181644
0.9375 1.01471 0.0147131 0.0146275
0.9375 1.01471 0.0147131 0.0146275
0.953125 1.01144 0.0114392 0.0111933
0.953125 1.01144 0.0114392 0.0111933
0.96875 1.00872 0.00872359 0.00813907
0.96875 1.00872 0.00872359 0.00813907
0.984375 1.00709 0.00709035 0.00594544
0.984375 1.00709 0.00709035 0.00594544
1 1 0 0.00513583
