# x y topography analytical topography
0 1 0 0.0265705
0.015625 1.02748 0.0274795 0.0266888
0.015625 1.02748 0.0274795 0.0266888
0.03125 1.02782 0.0278176 0.027042
0.03125 1.02782 0.0278176 0.027042
0.046875 1.02838 0.0283769 0.0276244
0.046875 1.02838 0.0283769 0.0276244
0.0625 1.02915 0.0291498 0.0284272
0.0625 1.02915 0.0291498 0.0284272
0.078125 1.03013 0.0301259 0.0294379
0.078125 1.03013 0.0301259 0.0294379
0.09375 1.03129 0.0312915 0.0306415
0.09375 1.03129 0.0312915 0.0306415
0.109375 1.03263 0.0326304 0.0320203
0.109375 1.03263 0.0326304 0.0320203
0.125 1.03412 0.0341241 0.0335545
0.125 1.03412 0.0341241 0.0335545
0.140625 1.03575 0.0357526 0.0352229
0.140625 1.03575 0.0357526 0.0352229
0.15625 1.03749 0.0374943 0.037003
0.15625 1.03749 0.0374943 0.037003
0.171875 1.03933 0.0393273 0.0388721
0.171875 1.03933 0.0393273 0.0388721
0.1875 1.04123 0.0412288 0.040807
0.1875 1.04123 0.0412288 0.040807
0.203125 1.04318 0.0431766 0.042785
0.203125 1.04318 0.0431766 0.042785
0.21875 1.04515 0.0451487 0.0447838
0.21875 1.04515 0.0451487 0.0447838
0.234375 1.04712 0.047124 0.0467825
0.234375 1.04712 0.047124 0.0467825
0.25 1.04908 0.0490825 0.0487609
0.25 1.04908 0.0490825 0.0487609
0.265625 1.05101 0.0510054 0.0507004
0.265625 1.05101 0.0510054 0.0507004
0.28125 1.05288 0.0528753 0.0525839
0.28125 1.05288 0.0528753 0.0525839
0.296875 1.05468 0.0546762 0.0543958
0.296875 1.05468 0.0546762 0.0543958
0.3125 1.05639 0.056394 0.0561219
0.3125 1.05639 0.056394 0.0561219
0.328125 1.05802 0.0580155 0.0577498
0.328125 1.05802 0.0580155 0.0577498
0.34375 1.05953 0.0595296 0.0592684
0.34375 1.05953 0.0595296 0.0592684
0.359375 1.06093 0.0609261 0.0606681
0.359375 1.06093 0.0609261 0.0606681
0.375 1.0622 0.0621965 0.0619404
0.375 1.0622 0.0621965 0.0619404
0.390625 1.06333 0.0633333 0.0630783
0.390625 1.06333 0.0633333 0.0630783
0.40625 1.06433 0.0643302 0.0640757
0.40625 1.06433 0.0643302 0.0640757
0.421875 1.06518 0.065182 0.0649276
0.421875 1.06518 0.065182 0.0649276
0.4375 1.06588 0.0658845 0.0656298
0.4375 1.06588 0.0658845 0.0656298
0.453125 1.06643 0.0664342 0.0661793
0.453125 1.06643 0.0664342 0.0661793
0.46875 1.06683 0.0668287 0.0665734
0.46875 1.06683 0.0668287 0.0665734
0.484375 1.06707 0.0670661 0.0668106
0.484375 1.06707 0.0670661 0.0668106
0.5 1.06715 0.0671453 0.0668898
0.5 1.06715 0.0671453 0.0668898
0.515625 1.06707 0.0670661 0.0668106
0.515625 1.06707 0.0670661 0.0668106
0.53125 1.06683 0.0668287 0.0665734
0.53125 1.06683 0.0668287 0.0665734
0.546875 1.06643 0.0664342 0.0661793
0.546875 1.06643 0.0664342 0.0661793
0.5625 1.06588 0.0658845 0.0656298
0.5625 1.06588 0.0658845 0.0656298
0.578125 1.06518 0.065182 0.0649276
0.578125 1.06518 0.065182 0.0649276
0.59375 1.06433 0.0643302 0.0640757
0.59375 1.06433 0.0643302 0.0640757
0.609375 1.06333 0.0633333 0.0630783
0.609375 1.06333 0.0633333 0.0630783
0.625 1.0622 0.0621965 0.0619404
0.625 1.0622 0.0621965 0.0619404
0.640625 1.06093 0.0609261 0.0606681
0.640625 1.06093 0.0609261 0.0606681
0.65625 1.05953 0.0595296 0.0592684
0.65625 1.05953 0.0595296 0.0592684
0.671875 1.05802 0.0580155 0.0577498
0.671875 1.05802 0.0580155 0.0577498
0.6875 1.05639 0.056394 0.0561219
0.6875 1.05639 0.056394 0.0561219
0.703125 1.05468 0.0546762 0.0543958
0.703125 1.05468 0.0546762 0.0543958
0.71875 1.05288 0.0528753 0.0525839
0.71875 1.05288 0.0528753 0.0525839
0.734375 1.05101 0.0510054 0.0507004
0.734375 1.05101 0.0510054 0.0507004
0.75 1.04908 0.0490825 0.0487609
0.75 1.04908 0.0490825 0.0487609
0.765625 1.04712 0.047124 0.0467825
0.765625 1.04712 0.047124 0.0467825
0.78125 1.04515 0.0451487 0.0447838
0.78125 1.04515 0.0451487 0.0447838
0.796875 1.04318 0.0431766 0.042785
0.796875 1.04318 0.0431766 0.042785
0.8125 1.04123 0.0412288 0.040807
0.8125 1.04123 0.0412288 0.040807
0.828125 1.03933 0.0393273 0.0388721
0.828125 1.03933 0.0393273 0.0388721
0.84375 1.03749 0.0374943 0.037003
0.84375 1.03749 0.0374943 0.037003
0.859375 1.03575 0.0357526 0.0352229
0.859375 1.03575 0.0357526 0.0352229
0.875 1.03412 0.0341241 0.0335545
0.875 1.03412 0.0341241 0.0335545
0.890625 1.03263 0.0326304 0.0320203
0.890625 1.03263 0.0326304 0.0320203
0.90625 1.03129 0.0312915 0.0306415
0.90625 1.03129 0.0312915 0.0306415
0.921875 1.03013 0.0301259 0.0294379
0.921875 1.03013 0.0301259 0.0294379
0.9375 1.02915 0.0291498 0.0284272
0.9375 1.02915 0.0291498 0.0284272
0.953125 1.02838 0.0283769 0.0276244
0.953125 1.02838 0.0283769 0.0276244
0.96875 1.02782 0.0278176 0.027042
0.96875 1.02782 0.0278176 0.027042
0.984375 1.02748 0.0274795 0.0266888
0.984375 1.02748 0.0274795 0.0266888
1 1 0 0.0265705
