# x y topography analytical topography
0 1 0 0.0339814
0.015625 1.0345 0.0344977 0.0340507
0.015625 1.0345 0.0344977 0.0340507
0.03125 1.03474 0.0347415 0.034258
0.03125 1.03474 0.0347415 0.034258
0.046875 1.03511 0.035114 0.0346008
0.046875 1.03511 0.035114 0.0346008
0.0625 1.03561 0.0356119 0.0350753
0.0625 1.03561 0.0356119 0.0350753
0.078125 1.03623 0.0362306 0.0356761
0.078125 1.03623 0.0362306 0.0356761
0.09375 1.03696 0.0369639 0.0363965
0.09375 1.03696 0.0369639 0.0363965
0.109375 1.0378 0.0378044 0.0372285
0.109375 1.0378 0.0378044 0.0372285
0.125 1.03874 0.0387436 0.0381629
0.125 1.03874 0.0387436 0.0381629
0.140625 1.03977 0.0397719 0.0391895
0.140625 1.03977 0.0397719 0.0391895
0.15625 1.04088 0.0408788 0.0402973
0.15625 1.04088 0.0408788 0.0402973
0.171875 1.04205 0.0420529 0.0414745
0.171875 1.04205 0.0420529 0.0414745
0.1875 1.04328 0.0432825 0.0427086
0.1875 1.04328 0.0432825 0.0427086
0.203125 1.04455 0.044555 0.0439868
0.203125 1.04455 0.044555 0.0439868
0.21875 1.04586 0.0458579 0.0452962
0.21875 1.04586 0.0458579 0.0452962
0.234375 1.04718 0.0471783 0.0466236
0.234375 1.04718 0.0471783 0.0466236
0.25 1.0485 0.0485034 0.0479558
0.25 1.0485 0.0485034 0.0479558
0.265625 1.04982 0.0498206 0.04928
0.265625 1.04982 0.0498206 0.04928
0.28125 1.05112 0.0511174 0.0505835
0.28125 1.05112 0.0511174 0.0505835
0.296875 1.05238 0.0523817 0.0518542
0.296875 1.05238 0.0523817 0.0518542
0.3125 1.0536 0.053602 0.0530804
0.3125 1.0536 0.053602 0.0530804
0.328125 1.05477 0.0547673 0.0542511
0.328125 1.05477 0.0547673 0.0542511
0.34375 1.05587 0.0558673 0.0553558
0.34375 1.05587 0.0558673 0.0553558
0.359375 1.05689 0.0568924 0.0563851
0.359375 1.05689 0.0568924 0.0563851
0.375 1.05783 0.0578338 0.0573301
0.375 1.05783 0.0578338 0.0573301
0.390625 1.05868 0.0586836 0.0581828
0.390625 1.05868 0.0586836 0.0581828
0.40625 1.05943 0.0594346 0.0589363
0.40625 1.05943 0.0594346 0.0589363
0.421875 1.06008 0.0600806 0.0595843
0.421875 1.06008 0.0600806 0.0595843
0.4375 1.06062 0.0606163 0.0601217
0.4375 1.06062 0.0606163 0.0601217
0.453125 1.06104 0.0610376 0.0605441
0.453125 1.06104 0.0610376 0.0605441
0.46875 1.06134 0.0613409 0.0608482
0.46875 1.06134 0.0613409 0.0608482
0.484375 1.06152 0.0615238 0.0610316
0.484375 1.06152 0.0615238 0.0610316
0.5 1.06158 0.061585 0.0610929
0.5 1.06158 0.061585 0.0610929
0.515625 1.06152 0.0615238 0.0610316
0.515625 1.06152 0.0615238 0.0610316
0.53125 1.06134 0.0613409 0.0608482
0.53125 1.06134 0.0613409 0.0608482
0.546875 1.06104 0.0610376 0.0605441
0.546875 1.06104 0.0610376 0.0605441
0.5625 1.06062 0.0606163 0.0601217
0.5625 1.06062 0.0606163 0.0601217
0.578125 1.06008 0.0600806 0.0595843
0.578125 1.06008 0.0600806 0.0595843
0.59375 1.05943 0.0594346 0.0589363
0.59375 1.05943 0.0594346 0.0589363
0.609375 1.05868 0.0586836 0.0581828
0.609375 1.05868 0.0586836 0.0581828
0.625 1.05783 0.0578338 0.0573301
0.625 1.05783 0.0578338 0.0573301
0.640625 1.05689 0.0568924 0.0563851
0.640625 1.05689 0.0568924 0.0563851
0.65625 1.05587 0.0558673 0.0553558
0.65625 1.05587 0.0558673 0.0553558
0.671875 1.05477 0.0547673 0.0542511
0.671875 1.05477 0.0547673 0.0542511
0.6875 1.0536 0.053602 0.0530804
0.6875 1.0536 0.053602 0.0530804
0.703125 1.05238 0.0523817 0.0518542
0.703125 1.05238 0.0523817 0.0518542
0.71875 1.05112 0.0511174 0.0505835
0.71875 1.05112 0.0511174 0.0505835
0.734375 1.04982 0.0498206 0.04928
0.734375 1.04982 0.0498206 0.04928
0.75 1.0485 0.0485034 0.0479558
0.75 1.0485 0.0485034 0.0479558
0.765625 1.04718 0.0471783 0.0466236
0.765625 1.04718 0.0471783 0.0466236
0.78125 1.04586 0.0458579 0.0452962
0.78125 1.04586 0.0458579 0.0452962
0.796875 1.04455 0.044555 0.0439868
0.796875 1.04455 0.044555 0.0439868
0.8125 1.04328 0.0432825 0.0427086
0.8125 1.04328 0.0432825 0.0427086
0.828125 1.04205 0.0420529 0.0414745
0.828125 1.04205 0.0420529 0.0414745
0.84375 1.04088 0.0408788 0.0402973
0.84375 1.04088 0.0408788 0.0402973
0.859375 1.03977 0.0397719 0.0391895
0.859375 1.03977 0.0397719 0.0391895
0.875 1.03874 0.0387436 0.0381629
0.875 1.03874 0.0387436 0.0381629
0.890625 1.0378 0.0378044 0.0372285
0.890625 1.0378 0.0378044 0.0372285
0.90625 1.03696 0.0369639 0.0363965
0.90625 1.03696 0.0369639 0.0363965
0.921875 1.03623 0.0362306 0.0356761
0.921875 1.03623 0.0362306 0.0356761
0.9375 1.03561 0.0356119 0.0350753
0.9375 1.03561 0.0356119 0.0350753
0.953125 1.03511 0.035114 0.0346008
0.953125 1.03511 0.035114 0.0346008
0.96875 1.03474 0.0347415 0.034258
0.96875 1.03474 0.0347415 0.034258
0.984375 1.0345 0.0344977 0.0340507
0.984375 1.0345 0.0344977 0.0340507
1 1 0 0.0339814
