# x y topography analytical topography
0 1 0 0.024353
0.015625 1.02537 0.0253695 0.0244899
0.015625 1.02537 0.0253695 0.0244899
0.03125 1.02574 0.0257436 0.0248983
0.03125 1.02574 0.0257436 0.0248983
0.046875 1.02637 0.0263734 0.0255708
0.046875 1.02637 0.0263734 0.0255708
0.0625 1.02725 0.0272494 0.0264957
0.0625 1.02725 0.0272494 0.0264957
0.078125 1.02836 0.0283578 0.0276568
0.078125 1.02836 0.0283578 0.0276568
0.09375 1.02968 0.029681 0.0290346
0.09375 1.02968 0.029681 0.0290346
0.109375 1.0312 0.0311981 0.0306065
0.109375 1.0312 0.0311981 0.0306065
0.125 1.03289 0.0328857 0.0323475
0.125 1.03289 0.0328857 0.0323475
0.140625 1.03472 0.0347188 0.0342313
0.140625 1.03472 0.0347188 0.0342313
0.15625 1.03667 0.0366708 0.0362304
0.15625 1.03667 0.0366708 0.0362304
0.171875 1.03872 0.038715 0.0383175
0.171875 1.03872 0.038715 0.0383175
0.1875 1.04082 0.0408247 0.0404653
0.1875 1.04082 0.0408247 0.0404653
0.203125 1.04297 0.042974 0.0426477
0.203125 1.04297 0.042974 0.0426477
0.21875 1.04514 0.0451379 0.0448399
0.21875 1.04514 0.0451379 0.0448399
0.234375 1.04729 0.0472931 0.0470188
0.234375 1.04729 0.0472931 0.0470188
0.25 1.04942 0.049418 0.049163
0.25 1.04942 0.049418 0.049163
0.265625 1.05149 0.0514928 0.0512531
0.265625 1.05149 0.0514928 0.0512531
0.28125 1.0535 0.0534998 0.053272
0.28125 1.0535 0.0534998 0.053272
0.296875 1.05542 0.0554231 0.0552042
0.296875 1.05542 0.0554231 0.0552042
0.3125 1.05725 0.0572488 0.0570362
0.3125 1.05725 0.0572488 0.0570362
0.328125 1.05896 0.0589649 0.0587565
0.328125 1.05896 0.0589649 0.0587565
0.34375 1.06056 0.0605606 0.0603548
0.34375 1.06056 0.0605606 0.0603548
0.359375 1.06203 0.0620272 0.0618228
0.359375 1.06203 0.0620272 0.0618228
0.375 1.06336 0.063357 0.0631529
0.375 1.06336 0.063357 0.0631529
0.390625 1.06454 0.0645436 0.0643393
0.390625 1.06454 0.0645436 0.0643393
0.40625 1.06558 0.0655817 0.0653767
0.40625 1.06558 0.0655817 0.0653767
0.421875 1.06647 0.0664668 0.066261
0.421875 1.06647 0.0664668 0.066261
0.4375 1.0672 0.0671956 0.0669888
0.4375 1.0672 0.0671956 0.0669888
0.453125 1.06777 0.0677651 0.0675575
0.453125 1.06777 0.0677651 0.0675575
0.46875 1.06817 0.0681734 0.0679651
0.46875 1.06817 0.0681734 0.0679651
0.484375 1.06842 0.0684189 0.0682102
0.484375 1.06842 0.0684189 0.0682102
0.5 1.0685 0.0685008 0.068292
0.5 1.0685 0.0685008 0.068292
0.515625 1.06842 0.0684189 0.0682102
0.515625 1.06842 0.0684189 0.0682102
0.53125 1.06817 0.0681734 0.0679651
0.53125 1.06817 0.0681734 0.0679651
0.546875 1.06777 0.0677651 0.0675575
0.546875 1.06777 0.0677651 0.0675575
0.5625 1.0672 0.0671956 0.0669888
0.5625 1.0672 0.0671956 0.0669888
0.578125 1.06647 0.0664668 0.066261
0.578125 1.06647 0.0664668 0.066261
0.59375 1.06558 0.0655817 0.0653767
0.59375 1.06558 0.0655817 0.0653767
0.609375 1.06454 0.0645436 0.0643393
0.609375 1.06454 0.0645436 0.0643393
0.625 1.06336 0.063357 0.0631529
0.625 1.06336 0.063357 0.0631529
0.640625 1.06203 0.0620272 0.0618228
0.640625 1.06203 0.0620272 0.0618228
0.65625 1.06056 0.0605606 0.0603548
0.65625 1.06056 0.0605606 0.0603548
0.671875 1.05896 0.0589649 0.0587565
0.671875 1.05896 0.0589649 0.0587565
0.6875 1.05725 0.0572488 0.0570362
0.6875 1.05725 0.0572488 0.0570362
0.703125 1.05542 0.0554231 0.0552042
0.703125 1.05542 0.0554231 0.0552042
0.71875 1.0535 0.0534998 0.053272
0.71875 1.0535 0.0534998 0.053272
0.734375 1.05149 0.0514928 0.0512531
0.734375 1.05149 0.0514928 0.0512531
0.75 1.04942 0.049418 0.049163
0.75 1.04942 0.049418 0.049163
0.765625 1.04729 0.0472931 0.0470188
0.765625 1.04729 0.0472931 0.0470188
0.78125 1.04514 0.0451379 0.0448399
0.78125 1.04514 0.0451379 0.0448399
0.796875 1.04297 0.042974 0.0426477
0.796875 1.04297 0.042974 0.0426477
0.8125 1.04082 0.0408247 0.0404653
0.8125 1.04082 0.0408247 0.0404653
0.828125 1.03872 0.038715 0.0383175
0.828125 1.03872 0.038715 0.0383175
0.84375 1.03667 0.0366708 0.0362304
0.84375 1.03667 0.0366708 0.0362304
0.859375 1.03472 0.0347188 0.0342313
0.859375 1.03472 0.0347188 0.0342313
0.875 1.03289 0.0328857 0.0323475
0.875 1.03289 0.0328857 0.0323475
0.890625 1.0312 0.0311981 0.0306065
0.890625 1.0312 0.0311981 0.0306065
0.90625 1.02968 0.029681 0.0290346
0.90625 1.02968 0.029681 0.0290346
0.921875 1.02836 0.0283578 0.0276568
0.921875 1.02836 0.0283578 0.0276568
0.9375 1.02725 0.0272494 0.0264957
0.9375 1.02725 0.0272494 0.0264957
0.953125 1.02637 0.0263734 0.0255708
0.953125 1.02637 0.0263734 0.0255708
0.96875 1.02574 0.0257436 0.0248983
0.96875 1.02574 0.0257436 0.0248983
0.984375 1.02537 0.0253695 0.0244899
0.984375 1.02537 0.0253695 0.0244899
1 1 0 0.024353
