# x y topography analytical topography
0 1 0 0.0353243
0.015625 1.03576 0.0357619 0.0353862
0.015625 1.03576 0.0357619 0.0353862
0.03125 1.03599 0.0359913 0.0355711
0.03125 1.03599 0.0359913 0.0355711
0.046875 1.03634 0.0363352 0.035877
0.046875 1.03634 0.0363352 0.035877
0.0625 1.03679 0.0367909 0.0363007
0.0625 1.03679 0.0367909 0.0363007
0.078125 1.03735 0.0373541 0.0368375
0.078125 1.03735 0.0373541 0.0368375
0.09375 1.03802 0.0380197 0.0374816
0.09375 1.03802 0.0380197 0.0374816
0.109375 1.03878 0.0387813 0.0382262
0.109375 1.03878 0.0387813 0.0382262
0.125 1.03963 0.0396313 0.0390631
0.125 1.03963 0.0396313 0.0390631
0.140625 1.04056 0.0405615 0.0399837
0.140625 1.04056 0.0405615 0.0399837
0.15625 1.04156 0.0415627 0.0409782
0.15625 1.04156 0.0415627 0.0409782
0.171875 1.04262 0.042625 0.0420363
0.171875 1.04262 0.042625 0.0420363
0.1875 1.04374 0.0437379 0.0431471
0.1875 1.04374 0.0437379 0.0431471
0.203125 1.04489 0.0448905 0.0442993
0.203125 1.04489 0.0448905 0.0442993
0.21875 1.04607 0.0460716 0.0454812
0.21875 1.04607 0.0460716 0.0454812
0.234375 1.04727 0.0472698 0.0466813
0.234375 1.04727 0.0472698 0.0466813
0.25 1.04847 0.0484735 0.0478875
0.25 1.04847 0.0484735 0.0478875
0.265625 1.04967 0.0496713 0.0490884
0.265625 1.04967 0.0496713 0.0490884
0.28125 1.05085 0.0508519 0.0502723
0.28125 1.05085 0.0508519 0.0502723
0.296875 1.052 0.0520044 0.0514282
0.296875 1.052 0.0520044 0.0514282
0.3125 1.05312 0.0531181 0.0525453
0.3125 1.05312 0.0531181 0.0525453
0.328125 1.05418 0.0541829 0.0536134
0.328125 1.05418 0.0541829 0.0536134
0.34375 1.05519 0.0551892 0.0546227
0.34375 1.05519 0.0551892 0.0546227
0.359375 1.05613 0.0561281 0.0555643
0.359375 1.05613 0.0561281 0.0555643
0.375 1.05699 0.0569912 0.0564298
0.375 1.05699 0.0569912 0.0564298
0.390625 1.05777 0.057771 0.0572118
0.390625 1.05777 0.057771 0.0572118
0.40625 1.05846 0.0584607 0.0579034
0.40625 1.05846 0.0584607 0.0579034
0.421875 1.05905 0.0590545 0.0584987
0.421875 1.05905 0.0590545 0.0584987
0.4375 1.05955 0.0595474 0.0589928
0.4375 1.05955 0.0595474 0.0589928
0.453125 1.05994 0.059935 0.0593814
0.453125 1.05994 0.059935 0.0593814
0.46875 1.06021 0.0602143 0.0596613
0.46875 1.06021 0.0602143 0.0596613
0.484375 1.06038 0.0603828 0.0598301
0.484375 1.06038 0.0603828 0.0598301
0.5 1.06044 0.0604391 0.0598866
0.5 1.06044 0.0604391 0.0598866
0.515625 1.06038 0.0603828 0.0598301
0.515625 1.06038 0.0603828 0.0598301
0.53125 1.06021 0.0602143 0.0596613
0.53125 1.06021 0.0602143 0.0596613
0.546875 1.05994 0.059935 0.0593814
0.546875 1.05994 0.059935 0.0593814
0.5625 1.05955 0.0595474 0.0589928
0.5625 1.05955 0.0595474 0.0589928
0.578125 1.05905 0.0590545 0.0584987
0.578125 1.05905 0.0590545 0.0584987
0.59375 1.05846 0.0584607 0.0579034
0.59375 1.05846 0.0584607 0.0579034
0.609375 1.05777 0.057771 0.0572118
0.609375 1.05777 0.057771 0.0572118
0.625 1.05699 0.0569912 0.0564298
0.625 1.05699 0.0569912 0.0564298
0.640625 1.05613 0.0561281 0.0555643
0.640625 1.05613 0.0561281 0.0555643
0.65625 1.05519 0.0551892 0.0546227
0.65625 1.05519 0.0551892 0.0546227
0.671875 1.05418 0.0541829 0.0536134
0.671875 1.05418 0.0541829 0.0536134
0.6875 1.05312 0.0531181 0.0525453
0.6875 1.05312 0.0531181 0.0525453
0.703125 1.052 0.0520044 0.0514282
0.703125 1.052 0.0520044 0.0514282
0.71875 1.05085 0.0508519 0.0502723
0.71875 1.05085 0.0508519 0.0502723
0.734375 1.04967 0.0496713 0.0490884
0.734375 1.04967 0.0496713 0.0490884
0.75 1.04847 0.0484735 0.0478875
0.75 1.04847 0.0484735 0.0478875
0.765625 1.04727 0.0472698 0.0466813
0.765625 1.04727 0.0472698 0.0466813
0.78125 1.04607 0.0460716 0.0454812
0.78125 1.04607 0.0460716 0.0454812
0.796875 1.04489 0.0448905 0.0442993
0.796875 1.04489 0.0448905 0.0442993
0.8125 1.04374 0.0437379 0.0431471
0.8125 1.04374 0.0437379 0.0431471
0.828125 1.04262 0.042625 0.0420363
0.828125 1.04262 0.042625 0.0420363
0.84375 1.04156 0.0415627 0.0409782
0.84375 1.04156 0.0415627 0.0409782
0.859375 1.04056 0.0405615 0.0399837
0.859375 1.04056 0.0405615 0.0399837
0.875 1.03963 0.0396313 0.0390631
0.875 1.03963 0.0396313 0.0390631
0.890625 1.03878 0.0387813 0.0382262
0.890625 1.03878 0.0387813 0.0382262
0.90625 1.03802 0.0380197 0.0374816
0.90625 1.03802 0.0380197 0.0374816
0.921875 1.03735 0.0373541 0.0368375
0.921875 1.03735 0.0373541 0.0368375
0.9375 1.03679 0.0367909 0.0363007
0.9375 1.03679 0.0367909 0.0363007
0.953125 1.03634 0.0363352 0.035877
0.953125 1.03634 0.0363352 0.035877
0.96875 1.03599 0.0359913 0.0355711
0.96875 1.03599 0.0359913 0.0355711
0.984375 1.03576 0.0357619 0.0353862
0.984375 1.03576 0.0357619 0.0353862
1 1 0 0.0353243
