# x y topography analytical topography
0 1 0 0.0306744
0.015625 1.03137 0.0313734 0.0307637
0.015625 1.03137 0.0313734 0.0307637
0.03125 1.03166 0.0316556 0.0310303
0.03125 1.03166 0.0316556 0.0310303
0.046875 1.0321 0.0321041 0.031471
0.046875 1.0321 0.0321041 0.031471
0.0625 1.03271 0.0327145 0.0320801
0.0625 1.03271 0.0327145 0.0320801
0.078125 1.03348 0.0334799 0.0328498
0.078125 1.03348 0.0334799 0.0328498
0.09375 1.03439 0.0343917 0.0337706
0.09375 1.03439 0.0343917 0.0337706
0.109375 1.03544 0.0354394 0.034831
0.109375 1.03544 0.0354394 0.034831
0.125 1.03661 0.0366111 0.0360182
0.125 1.03661 0.0366111 0.0360182
0.140625 1.03789 0.0378933 0.0373179
0.140625 1.03789 0.0378933 0.0373179
0.15625 1.03927 0.0392715 0.0387149
0.15625 1.03927 0.0392715 0.0387149
0.171875 1.04073 0.0407303 0.0401931
0.171875 1.04073 0.0407303 0.0401931
0.1875 1.04225 0.0422537 0.0417359
0.1875 1.04225 0.0422537 0.0417359
0.203125 1.04383 0.0438254 0.0433264
0.203125 1.04383 0.0438254 0.0433264
0.21875 1.04543 0.0454288 0.0449478
0.21875 1.04543 0.0454288 0.0449478
0.234375 1.04705 0.0470475 0.0465834
0.234375 1.04705 0.0470475 0.0465834
0.25 1.04867 0.0486653 0.0482166
0.25 1.04867 0.0486653 0.0482166
0.265625 1.05027 0.0502666 0.0498319
0.265625 1.05027 0.0502666 0.0498319
0.28125 1.05184 0.0518363 0.0514139
0.28125 1.05184 0.0518363 0.0514139
0.296875 1.05336 0.05336 0.0529484
0.296875 1.05336 0.05336 0.0529484
0.3125 1.05482 0.0548244 0.0544221
0.3125 1.05482 0.0548244 0.0544221
0.328125 1.05622 0.056217 0.0558224
0.328125 1.05622 0.056217 0.0558224
0.34375 1.05753 0.0575262 0.057138
0.34375 1.05753 0.0575262 0.057138
0.359375 1.05874 0.0587415 0.0583586
0.359375 1.05874 0.0587415 0.0583586
0.375 1.05985 0.0598536 0.0594748
0.375 1.05985 0.0598536 0.0594748
0.390625 1.06085 0.0608541 0.0604785
0.390625 1.06085 0.0608541 0.0604785
0.40625 1.06174 0.0617357 0.0613625
0.40625 1.06174 0.0617357 0.0613625
0.421875 1.06249 0.062492 0.0621207
0.421875 1.06249 0.062492 0.0621207
0.4375 1.06312 0.0631179 0.0627479
0.4375 1.06312 0.0631179 0.0627479
0.453125 1.06361 0.0636091 0.06324
0.453125 1.06361 0.0636091 0.06324
0.46875 1.06396 0.0639623 0.0635937
0.46875 1.06396 0.0639623 0.0635937
0.484375 1.06418 0.0641752 0.0638069
0.484375 1.06418 0.0641752 0.0638069
0.5 1.06425 0.0642463 0.0638781
0.5 1.06425 0.0642463 0.0638781
0.515625 1.06418 0.0641752 0.0638069
0.515625 1.06418 0.0641752 0.0638069
0.53125 1.06396 0.0639623 0.0635937
0.53125 1.06396 0.0639623 0.0635937
0.546875 1.06361 0.0636091 0.06324
0.546875 1.06361 0.0636091 0.06324
0.5625 1.06312 0.0631179 0.0627479
0.5625 1.06312 0.0631179 0.0627479
0.578125 1.06249 0.062492 0.0621207
0.578125 1.06249 0.062492 0.0621207
0.59375 1.06174 0.0617357 0.0613625
0.59375 1.06174 0.0617357 0.0613625
0.609375 1.06085 0.0608541 0.0604785
0.609375 1.06085 0.0608541 0.0604785
0.625 1.05985 0.0598536 0.0594748
0.625 1.05985 0.0598536 0.0594748
0.640625 1.05874 0.0587415 0.0583586
0.640625 1.05874 0.0587415 0.0583586
0.65625 1.05753 0.0575262 0.057138
0.65625 1.05753 0.0575262 0.057138
0.671875 1.05622 0.056217 0.0558224
0.671875 1.05622 0.056217 0.0558224
0.6875 1.05482 0.0548244 0.0544221
0.6875 1.05482 0.0548244 0.0544221
0.703125 1.05336 0.05336 0.0529484
0.703125 1.05336 0.05336 0.0529484
0.71875 1.05184 0.0518363 0.0514139
0.71875 1.05184 0.0518363 0.0514139
0.734375 1.05027 0.0502666 0.0498319
0.734375 1.05027 0.0502666 0.0498319
0.75 1.04867 0.0486653 0.0482166
0.75 1.04867 0.0486653 0.0482166
0.765625 1.04705 0.0470475 0.0465834
0.765625 1.04705 0.0470475 0.0465834
0.78125 1.04543 0.0454288 0.0449478
0.78125 1.04543 0.0454288 0.0449478
0.796875 1.04383 0.0438254 0.0433264
0.796875 1.04383 0.0438254 0.0433264
0.8125 1.04225 0.0422537 0.0417359
0.8125 1.04225 0.0422537 0.0417359
0.828125 1.04073 0.0407303 0.0401931
0.828125 1.04073 0.0407303 0.0401931
0.84375 1.03927 0.0392715 0.0387149
0.84375 1.03927 0.0392715 0.0387149
0.859375 1.03789 0.0378933 0.0373179
0.859375 1.03789 0.0378933 0.0373179
0.875 1.03661 0.0366111 0.0360182
0.875 1.03661 0.0366111 0.0360182
0.890625 1.03544 0.0354394 0.034831
0.890625 1.03544 0.0354394 0.034831
0.90625 1.03439 0.0343917 0.0337706
0.90625 1.03439 0.0343917 0.0337706
0.921875 1.03348 0.0334799 0.0328498
0.921875 1.03348 0.0334799 0.0328498
0.9375 1.03271 0.0327145 0.0320801
0.9375 1.03271 0.0327145 0.0320801
0.953125 1.0321 0.0321041 0.031471
0.953125 1.0321 0.0321041 0.031471
0.96875 1.03166 0.0316556 0.0310303
0.96875 1.03166 0.0316556 0.0310303
0.984375 1.03137 0.0313734 0.0307637
0.984375 1.03137 0.0313734 0.0307637
1 1 0 0.0306744
