# x y topography analytical topography
0 1 0 0.0196086
0.015625 1.02085 0.0208454 0.0197963
0.015625 1.02085 0.0208454 0.0197963
0.03125 1.02132 0.0213172 0.0203546
0.03125 1.02132 0.0213172 0.0203546
0.046875 1.02214 0.0221381 0.0212692
0.046875 1.02214 0.0221381 0.0212692
0.0625 1.02329 0.0232898 0.0225177
0.0625 1.02329 0.0232898 0.0225177
0.078125 1.02475 0.0247462 0.0240699
0.078125 1.02475 0.0247462 0.0240699
0.09375 1.02647 0.026475 0.0258905
0.09375 1.02647 0.026475 0.0258905
0.109375 1.02844 0.0284393 0.0279397
0.109375 1.02844 0.0284393 0.0279397
0.125 1.0306 0.0305992 0.0301761
0.125 1.0306 0.0305992 0.0301761
0.140625 1.03291 0.0329138 0.0325577
0.140625 1.03291 0.0329138 0.0325577
0.15625 1.03534 0.0353426 0.0350436
0.15625 1.03534 0.0353426 0.0350436
0.171875 1.03785 0.0378468 0.0375951
0.171875 1.03785 0.0378468 0.0375951
0.1875 1.04039 0.0403903 0.0401767
0.1875 1.04039 0.0403903 0.0401767
0.203125 1.04294 0.0429405 0.0427568
0.203125 1.04294 0.0429405 0.0427568
0.21875 1.04547 0.0454683 0.0453073
0.21875 1.04547 0.0454683 0.0453073
0.234375 1.04795 0.0479486 0.0478042
0.234375 1.04795 0.0479486 0.0478042
0.25 1.05036 0.0503598 0.0502271
0.25 1.05036 0.0503598 0.0502271
0.265625 1.05268 0.0526838 0.0525588
0.265625 1.05268 0.0526838 0.0525588
0.28125 1.05491 0.0549055 0.0547851
0.28125 1.05491 0.0549055 0.0547851
0.296875 1.05701 0.0570122 0.0568942
0.296875 1.05701 0.0570122 0.0568942
0.3125 1.05899 0.0589936 0.0588763
0.3125 1.05899 0.0589936 0.0588763
0.328125 1.06084 0.060841 0.0607232
0.328125 1.06084 0.060841 0.0607232
0.34375 1.06255 0.0625472 0.0624283
0.34375 1.06255 0.0625472 0.0624283
0.359375 1.06411 0.0641062 0.0639858
0.359375 1.06411 0.0641062 0.0639858
0.375 1.06551 0.065513 0.065391
0.375 1.06551 0.065513 0.065391
0.390625 1.06676 0.0667634 0.0666396
0.390625 1.06676 0.0667634 0.0666396
0.40625 1.06785 0.0678539 0.0677284
0.40625 1.06785 0.0678539 0.0677284
0.421875 1.06878 0.0687814 0.0686544
0.421875 1.06878 0.0687814 0.0686544
0.4375 1.06954 0.0695435 0.0694153
0.4375 1.06954 0.0695435 0.0694153
0.453125 1.07014 0.0701383 0.070009
0.453125 1.07014 0.0701383 0.070009
0.46875 1.07056 0.0705642 0.0704342
0.46875 1.07056 0.0705642 0.0704342
0.484375 1.07082 0.0708201 0.0706897
0.484375 1.07082 0.0708201 0.0706897
0.5 1.07091 0.0709055 0.0707749
0.5 1.07091 0.0709055 0.0707749
0.515625 1.07082 0.0708201 0.0706897
0.515625 1.07082 0.0708201 0.0706897
0.53125 1.07056 0.0705642 0.0704342
0.53125 1.07056 0.0705642 0.0704342
0.546875 1.07014 0.0701383 0.070009
0.546875 1.07014 0.0701383 0.070009
0.5625 1.06954 0.0695435 0.0694153
0.5625 1.06954 0.0695435 0.0694153
0.578125 1.06878 0.0687814 0.0686544
0.578125 1.06878 0.0687814 0.0686544
0.59375 1.06785 0.0678539 0.0677284
0.59375 1.06785 0.0678539 0.0677284
0.609375 1.06676 0.0667634 0.0666396
0.609375 1.06676 0.0667634 0.0666396
0.625 1.06551 0.065513 0.065391
0.625 1.06551 0.065513 0.065391
0.640625 1.06411 0.0641062 0.0639858
0.640625 1.06411 0.0641062 0.0639858
0.65625 1.06255 0.0625472 0.0624283
0.65625 1.06255 0.0625472 0.0624283
0.671875 1.06084 0.060841 0.0607232
0.671875 1.06084 0.060841 0.0607232
0.6875 1.05899 0.0589936 0.0588763
0.6875 1.05899 0.0589936 0.0588763
0.703125 1.05701 0.0570122 0.0568942
0.703125 1.05701 0.0570122 0.0568942
0.71875 1.05491 0.0549055 0.0547851
0.71875 1.05491 0.0549055 0.0547851
0.734375 1.05268 0.0526838 0.0525588
0.734375 1.05268 0.0526838 0.0525588
0.75 1.05036 0.0503598 0.0502271
0.75 1.05036 0.0503598 0.0502271
0.765625 1.04795 0.0479486 0.0478042
0.765625 1.04795 0.0479486 0.0478042
0.78125 1.04547 0.0454683 0.0453073
0.78125 1.04547 0.0454683 0.0453073
0.796875 1.04294 0.0429405 0.0427568
0.796875 1.04294 0.0429405 0.0427568
0.8125 1.04039 0.0403903 0.0401767
0.8125 1.04039 0.0403903 0.0401767
0.828125 1.03785 0.0378468 0.0375951
0.828125 1.03785 0.0378468 0.0375951
0.84375 1.03534 0.0353426 0.0350436
0.84375 1.03534 0.0353426 0.0350436
0.859375 1.03291 0.0329138 0.0325577
0.859375 1.03291 0.0329138 0.0325577
0.875 1.0306 0.0305992 0.0301761
0.875 1.0306 0.0305992 0.0301761
0.890625 1.02844 0.0284393 0.0279397
0.890625 1.02844 0.0284393 0.0279397
0.90625 1.02647 0.026475 0.0258905
0.90625 1.02647 0.026475 0.0258905
0.921875 1.02475 0.0247462 0.0240699
0.921875 1.02475 0.0247462 0.0240699
0.9375 1.02329 0.0232898 0.0225177
0.9375 1.02329 0.0232898 0.0225177
0.953125 1.02214 0.0221381 0.0212692
0.953125 1.02214 0.0221381 0.0212692
0.96875 1.02132 0.0213172 0.0203546
0.96875 1.02132 0.0213172 0.0203546
0.984375 1.02085 0.0208454 0.0197963
0.984375 1.02085 0.0208454 0.0197963
1 1 0 0.0196086
