# x y topography analytical topography
0 1 0 0.00976994
0.015625 1.01145 0.0114527 0.0101925
0.015625 1.01145 0.0114527 0.0101925
0.03125 1.01237 0.012374 0.011422
0.03125 1.01237 0.012374 0.011422
0.046875 1.01403 0.0140297 0.0133531
0.046875 1.01403 0.0140297 0.0133531
0.0625 1.01629 0.0162908 0.0158381
0.0625 1.01629 0.0162908 0.0158381
0.078125 1.019 0.0190024 0.0187163
0.078125 1.019 0.0190024 0.0187163
0.09375 1.02201 0.0220125 0.0218405
0.09375 1.02201 0.0220125 0.0218405
0.109375 1.02519 0.0251919 0.025092
0.109375 1.02519 0.0251919 0.025092
0.125 1.02844 0.0284427 0.0283848
0.125 1.02844 0.0284427 0.0283848
0.140625 1.0317 0.0316976 0.0316622
0.140625 1.0317 0.0316976 0.0316622
0.15625 1.03491 0.034913 0.0348883
0.15625 1.03491 0.034913 0.0348883
0.171875 1.03806 0.0380617 0.0380414
0.171875 1.03806 0.0380617 0.0380414
0.1875 1.04113 0.0411262 0.0411072
0.1875 1.04113 0.0411262 0.0411072
0.203125 1.04409 0.0440948 0.0440755
0.203125 1.04409 0.0440948 0.0440755
0.21875 1.04696 0.0469583 0.0469383
0.21875 1.04696 0.0469583 0.0469383
0.234375 1.04971 0.0497091 0.049688
0.234375 1.04971 0.0497091 0.049688
0.25 1.05234 0.0523403 0.0523182
0.25 1.05234 0.0523403 0.0523182
0.265625 1.05485 0.0548454 0.0548223
0.265625 1.05485 0.0548454 0.0548223
0.28125 1.05722 0.0572185 0.0571943
0.28125 1.05722 0.0572185 0.0571943
0.296875 1.05945 0.0594537 0.0594286
0.296875 1.05945 0.0594537 0.0594286
0.3125 1.06155 0.0615456 0.0615197
0.3125 1.06155 0.0615456 0.0615197
0.328125 1.06349 0.0634893 0.0634625
0.328125 1.06349 0.0634893 0.0634625
0.34375 1.06528 0.0652801 0.0652525
0.34375 1.06528 0.0652801 0.0652525
0.359375 1.06691 0.0669136 0.0668853
0.359375 1.06691 0.0669136 0.0668853
0.375 1.06839 0.0683859 0.068357
0.375 1.06839 0.0683859 0.068357
0.390625 1.06969 0.0696934 0.069664
0.390625 1.06969 0.0696934 0.069664
0.40625 1.07083 0.070833 0.0708031
0.40625 1.07083 0.070833 0.0708031
0.421875 1.0718 0.071802 0.0717717
0.421875 1.0718 0.071802 0.0717717
0.4375 1.0726 0.072598 0.0725674
0.4375 1.0726 0.072598 0.0725674
0.453125 1.07322 0.0732192 0.0731883
0.453125 1.07322 0.0732192 0.0731883
0.46875 1.07366 0.0736639 0.0736328
0.46875 1.07366 0.0736639 0.0736328
0.484375 1.07393 0.0739312 0.0738999
0.484375 1.07393 0.0739312 0.0738999
0.5 1.07402 0.0740203 0.0739891
0.5 1.07402 0.0740203 0.0739891
0.515625 1.07393 0.0739312 0.0738999
0.515625 1.07393 0.0739312 0.0738999
0.53125 1.07366 0.0736639 0.0736328
0.53125 1.07366 0.0736639 0.0736328
0.546875 1.07322 0.0732192 0.0731883
0.546875 1.07322 0.0732192 0.0731883
0.5625 1.0726 0.072598 0.0725674
0.5625 1.0726 0.072598 0.0725674
0.578125 1.0718 0.071802 0.0717717
0.578125 1.0718 0.071802 0.0717717
0.59375 1.07083 0.070833 0.0708031
0.59375 1.07083 0.070833 0.0708031
0.609375 1.06969 0.0696934 0.069664
0.609375 1.06969 0.0696934 0.069664
0.625 1.06839 0.0683859 0.068357
0.625 1.06839 0.0683859 0.068357
0.640625 1.06691 0.0669136 0.0668853
0.640625 1.06691 0.0669136 0.0668853
0.65625 1.06528 0.0652801 0.0652525
0.65625 1.06528 0.0652801 0.0652525
0.671875 1.06349 0.0634893 0.0634625
0.671875 1.06349 0.0634893 0.0634625
0.6875 1.06155 0.0615456 0.0615197
0.6875 1.06155 0.0615456 0.0615197
0.703125 1.05945 0.0594537 0.0594286
0.703125 1.05945 0.0594537 0.0594286
0.71875 1.05722 0.0572185 0.0571943
0.71875 1.05722 0.0572185 0.0571943
0.734375 1.05485 0.0548454 0.0548223
0.734375 1.05485 0.0548454 0.0548223
0.75 1.05234 0.0523403 0.0523182
0.75 1.05234 0.0523403 0.0523182
0.765625 1.04971 0.0497091 0.049688
0.765625 1.04971 0.0497091 0.049688
0.78125 1.04696 0.0469583 0.0469383
0.78125 1.04696 0.0469583 0.0469383
0.796875 1.04409 0.0440948 0.0440755
0.796875 1.04409 0.0440948 0.0440755
0.8125 1.04113 0.0411262 0.0411072
0.8125 1.04113 0.0411262 0.0411072
0.828125 1.03806 0.0380617 0.0380414
0.828125 1.03806 0.0380617 0.0380414
0.84375 1.03491 0.034913 0.0348883
0.84375 1.03491 0.034913 0.0348883
0.859375 1.0317 0.0316976 0.0316622
0.859375 1.0317 0.0316976 0.0316622
0.875 1.02844 0.0284427 0.0283848
0.875 1.02844 0.0284427 0.0283848
0.890625 1.02519 0.0251919 0.025092
0.890625 1.02519 0.0251919 0.025092
0.90625 1.02201 0.0220125 0.0218405
0.90625 1.02201 0.0220125 0.0218405
0.921875 1.019 0.0190024 0.0187163
0.921875 1.019 0.0190024 0.0187163
0.9375 1.01629 0.0162908 0.0158381
0.9375 1.01629 0.0162908 0.0158381
0.953125 1.01403 0.0140297 0.0133531
0.953125 1.01403 0.0140297 0.0133531
0.96875 1.01237 0.012374 0.011422
0.96875 1.01237 0.012374 0.011422
0.984375 1.01145 0.0114527 0.0101925
0.984375 1.01145 0.0114527 0.0101925
1 1 0 0.00976994
