# x y topography analytical topography
0 1 0 0.0260772
0.015625 1.02701 0.0270104 0.0261994
0.015625 1.02701 0.0270104 0.0261994
0.03125 1.02736 0.0273561 0.0265643
0.03125 1.02736 0.0273561 0.0265643
0.046875 1.02793 0.0279303 0.0271658
0.046875 1.02793 0.0279303 0.0271658
0.0625 1.02873 0.0287251 0.0279944
0.0625 1.02873 0.0287251 0.0279944
0.078125 1.02973 0.0297293 0.0290372
0.078125 1.02973 0.0297293 0.0290372
0.09375 1.03093 0.0309285 0.0302781
0.09375 1.03093 0.0309285 0.0302781
0.109375 1.03231 0.0323056 0.0316984
0.109375 1.03231 0.0323056 0.0316984
0.125 1.03384 0.0338411 0.0332773
0.125 1.03384 0.0338411 0.0332773
0.140625 1.03551 0.035514 0.0349926
0.140625 1.03551 0.035514 0.0349926
0.15625 1.0373 0.0373017 0.0368208
0.15625 1.0373 0.0373017 0.0368208
0.171875 1.03918 0.0391811 0.038738
0.171875 1.03918 0.0391811 0.038738
0.1875 1.04113 0.0411289 0.0407204
0.1875 1.04113 0.0411289 0.0407204
0.203125 1.04312 0.0431218 0.0427444
0.203125 1.04312 0.0431218 0.0427444
0.21875 1.04514 0.0451372 0.0447872
0.21875 1.04514 0.0451372 0.0447872
0.234375 1.04715 0.0471536 0.0468271
0.234375 1.04715 0.0471536 0.0468271
0.25 1.04915 0.0491505 0.0488439
0.25 1.04915 0.0491505 0.0488439
0.265625 1.05111 0.0511087 0.0508187
0.265625 1.05111 0.0511087 0.0508187
0.28125 1.05301 0.0530109 0.0527342
0.28125 1.05301 0.0530109 0.0527342
0.296875 1.05484 0.0548409 0.0545748
0.296875 1.05484 0.0548409 0.0545748
0.3125 1.05658 0.0565846 0.0563265
0.3125 1.05658 0.0565846 0.0563265
0.328125 1.05823 0.058229 0.0579769
0.328125 1.05823 0.058229 0.0579769
0.34375 1.05976 0.059763 0.0595151
0.34375 1.05976 0.059763 0.0595151
0.359375 1.06118 0.0611769 0.0609316
0.359375 1.06118 0.0611769 0.0609316
0.375 1.06246 0.062462 0.0622183
0.375 1.06246 0.062462 0.0622183
0.390625 1.06361 0.0636112 0.0633683
0.390625 1.06361 0.0636112 0.0633683
0.40625 1.06462 0.0646185 0.0643758
0.40625 1.06462 0.0646185 0.0643758
0.421875 1.06548 0.0654787 0.0652358
0.421875 1.06548 0.0654787 0.0652358
0.4375 1.06619 0.0661878 0.0659446
0.4375 1.06619 0.0661878 0.0659446
0.453125 1.06674 0.0667426 0.0664989
0.453125 1.06674 0.0667426 0.0664989
0.46875 1.06714 0.0671406 0.0668965
0.46875 1.06714 0.0671406 0.0668965
0.484375 1.06738 0.06738 0.0671357
0.484375 1.06738 0.06738 0.0671357
0.5 1.06746 0.06746 0.0672155
0.5 1.06746 0.06746 0.0672155
0.515625 1.06738 0.06738 0.0671357
0.515625 1.06738 0.06738 0.0671357
0.53125 1.06714 0.0671406 0.0668965
0.53125 1.06714 0.0671406 0.0668965
0.546875 1.06674 0.0667426 0.0664989
0.546875 1.06674 0.0667426 0.0664989
0.5625 1.06619 0.0661878 0.0659446
0.5625 1.06619 0.0661878 0.0659446
0.578125 1.06548 0.0654787 0.0652358
0.578125 1.06548 0.0654787 0.0652358
0.59375 1.06462 0.0646185 0.0643758
0.59375 1.06462 0.0646185 0.0643758
0.609375 1.06361 0.0636112 0.0633683
0.609375 1.06361 0.0636112 0.0633683
0.625 1.06246 0.062462 0.0622183
0.625 1.06246 0.062462 0.0622183
0.640625 1.06118 0.0611769 0.0609316
0.640625 1.06118 0.0611769 0.0609316
0.65625 1.05976 0.059763 0.0595151
0.65625 1.05976 0.059763 0.0595151
0.671875 1.05823 0.058229 0.0579769
0.671875 1.05823 0.058229 0.0579769
0.6875 1.05658 0.0565846 0.0563265
0.6875 1.05658 0.0565846 0.0563265
0.703125 1.05484 0.0548409 0.0545748
0.703125 1.05484 0.0548409 0.0545748
0.71875 1.05301 0.0530109 0.0527342
0.71875 1.05301 0.0530109 0.0527342
0.734375 1.05111 0.0511087 0.0508187
0.734375 1.05111 0.0511087 0.0508187
0.75 1.04915 0.0491505 0.0488439
0.75 1.04915 0.0491505 0.0488439
0.765625 1.04715 0.0471536 0.0468271
0.765625 1.04715 0.0471536 0.0468271
0.78125 1.04514 0.0451372 0.0447872
0.78125 1.04514 0.0451372 0.0447872
0.796875 1.04312 0.0431218 0.0427444
0.796875 1.04312 0.0431218 0.0427444
0.8125 1.04113 0.0411289 0.0407204
0.8125 1.04113 0.0411289 0.0407204
0.828125 1.03918 0.0391811 0.038738
0.828125 1.03918 0.0391811 0.038738
0.84375 1.0373 0.0373017 0.0368208
0.84375 1.0373 0.0373017 0.0368208
0.859375 1.03551 0.035514 0.0349926
0.859375 1.03551 0.035514 0.0349926
0.875 1.03384 0.0338411 0.0332773
0.875 1.03384 0.0338411 0.0332773
0.890625 1.03231 0.0323056 0.0316984
0.890625 1.03231 0.0323056 0.0316984
0.90625 1.03093 0.0309285 0.0302781
0.90625 1.03093 0.0309285 0.0302781
0.921875 1.02973 0.0297293 0.0290372
0.921875 1.02973 0.0297293 0.0290372
0.9375 1.02873 0.0287251 0.0279944
0.9375 1.02873 0.0287251 0.0279944
0.953125 1.02793 0.0279303 0.0271658
0.953125 1.02793 0.0279303 0.0271658
0.96875 1.02736 0.0273561 0.0265643
0.96875 1.02736 0.0273561 0.0265643
0.984375 1.02701 0.0270104 0.0261994
0.984375 1.02701 0.0270104 0.0261994
1 1 0 0.0260772
