# x y topography analytical topography
0 1 0 0.0354504
0.015625 1.03588 0.0358805 0.0355116
0.015625 1.03588 0.0358805 0.0355116
0.03125 1.03611 0.0361085 0.0356945
0.03125 1.03611 0.0361085 0.0356945
0.046875 1.03645 0.0364498 0.035997
0.046875 1.03645 0.0364498 0.035997
0.0625 1.0369 0.0369016 0.036416
0.0625 1.0369 0.0369016 0.036416
0.078125 1.03746 0.0374597 0.0369469
0.078125 1.03746 0.0374597 0.0369469
0.09375 1.03812 0.0381191 0.037584
0.09375 1.03812 0.0381191 0.037584
0.109375 1.03887 0.0388734 0.0383204
0.109375 1.03887 0.0388734 0.0383204
0.125 1.03972 0.0397152 0.0391484
0.125 1.03972 0.0397152 0.0391484
0.140625 1.04064 0.0406363 0.0400591
0.140625 1.04064 0.0406363 0.0400591
0.15625 1.04163 0.0416277 0.0410431
0.15625 1.04163 0.0416277 0.0410431
0.171875 1.04268 0.0426795 0.0420901
0.171875 1.04268 0.0426795 0.0420901
0.1875 1.04378 0.0437816 0.0431894
0.1875 1.04378 0.0437816 0.0431894
0.203125 1.04492 0.044923 0.0443297
0.203125 1.04492 0.044923 0.0443297
0.21875 1.04609 0.0460926 0.0454997
0.21875 1.04609 0.0460926 0.0454997
0.234375 1.04728 0.0472793 0.0466877
0.234375 1.04728 0.0472793 0.0466877
0.25 1.04847 0.0484715 0.0478821
0.25 1.04847 0.0484715 0.0478821
0.265625 1.04966 0.049658 0.0490712
0.265625 1.04966 0.049658 0.0490712
0.28125 1.05083 0.0508277 0.0502438
0.28125 1.05083 0.0508277 0.0502438
0.296875 1.05197 0.0519695 0.0513887
0.296875 1.05197 0.0519695 0.0513887
0.3125 1.05307 0.053073 0.0524954
0.3125 1.05307 0.053073 0.0524954
0.328125 1.05413 0.0541282 0.0535535
0.328125 1.05413 0.0541282 0.0535535
0.34375 1.05513 0.0551255 0.0545537
0.34375 1.05513 0.0551255 0.0545537
0.359375 1.05606 0.056056 0.0554868
0.359375 1.05606 0.056056 0.0554868
0.375 1.05691 0.0569115 0.0563446
0.375 1.05691 0.0569115 0.0563446
0.390625 1.05768 0.0576845 0.0571196
0.390625 1.05768 0.0576845 0.0571196
0.40625 1.05837 0.0583683 0.0578052
0.40625 1.05837 0.0583683 0.0578052
0.421875 1.05896 0.0589571 0.0583954
0.421875 1.05896 0.0589571 0.0583954
0.4375 1.05945 0.0594457 0.0588852
0.4375 1.05945 0.0594457 0.0588852
0.453125 1.05983 0.0598301 0.0592705
0.453125 1.05983 0.0598301 0.0592705
0.46875 1.06011 0.060107 0.059548
0.46875 1.06011 0.060107 0.059548
0.484375 1.06027 0.0602741 0.0597154
0.484375 1.06027 0.0602741 0.0597154
0.5 1.06033 0.0603299 0.0597714
0.5 1.06033 0.0603299 0.0597714
0.515625 1.06027 0.0602741 0.0597154
0.515625 1.06027 0.0602741 0.0597154
0.53125 1.06011 0.060107 0.059548
0.53125 1.06011 0.060107 0.059548
0.546875 1.05983 0.0598301 0.0592705
0.546875 1.05983 0.0598301 0.0592705
0.5625 1.05945 0.0594457 0.0588852
0.5625 1.05945 0.0594457 0.0588852
0.578125 1.05896 0.0589571 0.0583954
0.578125 1.05896 0.0589571 0.0583954
0.59375 1.05837 0.0583683 0.0578052
0.59375 1.05837 0.0583683 0.0578052
0.609375 1.05768 0.0576845 0.0571196
0.609375 1.05768 0.0576845 0.0571196
0.625 1.05691 0.0569115 0.0563446
0.625 1.05691 0.0569115 0.0563446
0.640625 1.05606 0.056056 0.0554868
0.640625 1.05606 0.056056 0.0554868
0.65625 1.05513 0.0551255 0.0545537
0.65625 1.05513 0.0551255 0.0545537
0.671875 1.05413 0.0541282 0.0535535
0.671875 1.05413 0.0541282 0.0535535
0.6875 1.05307 0.053073 0.0524954
0.6875 1.05307 0.053073 0.0524954
0.703125 1.05197 0.0519695 0.0513887
0.703125 1.05197 0.0519695 0.0513887
0.71875 1.05083 0.0508277 0.0502438
0.71875 1.05083 0.0508277 0.0502438
0.734375 1.04966 0.049658 0.0490712
0.734375 1.04966 0.049658 0.0490712
0.75 1.04847 0.0484715 0.0478821
0.75 1.04847 0.0484715 0.0478821
0.765625 1.04728 0.0472793 0.0466877
0.765625 1.04728 0.0472793 0.0466877
0.78125 1.04609 0.0460926 0.0454997
0.78125 1.04609 0.0460926 0.0454997
0.796875 1.04492 0.044923 0.0443297
0.796875 1.04492 0.044923 0.0443297
0.8125 1.04378 0.0437816 0.0431894
0.8125 1.04378 0.0437816 0.0431894
0.828125 1.04268 0.0426795 0.0420901
0.828125 1.04268 0.0426795 0.0420901
0.84375 1.04163 0.0416277 0.0410431
0.84375 1.04163 0.0416277 0.0410431
0.859375 1.04064 0.0406363 0.0400591
0.859375 1.04064 0.0406363 0.0400591
0.875 1.03972 0.0397152 0.0391484
0.875 1.03972 0.0397152 0.0391484
0.890625 1.03887 0.0388734 0.0383204
0.890625 1.03887 0.0388734 0.0383204
0.90625 1.03812 0.0381191 0.037584
0.90625 1.03812 0.0381191 0.037584
0.921875 1.03746 0.0374597 0.0369469
0.921875 1.03746 0.0374597 0.0369469
0.9375 1.0369 0.0369016 0.036416
0.9375 1.0369 0.0369016 0.036416
0.953125 1.03645 0.0364498 0.035997
0.953125 1.03645 0.0364498 0.035997
0.96875 1.03611 0.0361085 0.0356945
0.96875 1.03611 0.0361085 0.0356945
0.984375 1.03588 0.0358805 0.0355116
0.984375 1.03588 0.0358805 0.0355116
1 1 0 0.0354504
