# x y topography
0 2.00967 0.00967324
0.03125 2.0103 0.0102954
0.03125 2.0103 0.0102954
0.0625 2.01163 0.0116303
0.0625 2.01163 0.0116303
0.09375 2.01359 0.0135862
0.09375 2.01359 0.0135862
0.125 2.01604 0.0160401
0.125 2.01604 0.0160401
0.15625 2.01886 0.0188592
0.15625 2.01886 0.0188592
0.1875 2.02192 0.0219184
0.1875 2.02192 0.0219184
0.21875 2.02511 0.0251127
0.21875 2.02511 0.0251127
0.25 2.02836 0.0283616
0.25 2.02836 0.0283616
0.28125 2.03161 0.0316078
0.28125 2.03161 0.0316078
0.3125 2.03481 0.0348127
0.3125 2.03481 0.0348127
0.34375 2.03795 0.037951
0.34375 2.03795 0.037951
0.375 2.04101 0.0410059
0.375 2.04101 0.0410059
0.40625 2.04397 0.0439653
0.40625 2.04397 0.0439653
0.4375 2.04682 0.0468203
0.4375 2.04682 0.0468203
0.46875 2.04956 0.0495629
0.46875 2.04956 0.0495629
0.5 2.05219 0.0521863
0.5 2.05219 0.0521863
0.53125 2.05468 0.0546841
0.53125 2.05468 0.0546841
0.5625 2.05705 0.0570502
0.5625 2.05705 0.0570502
0.59375 2.05928 0.0592788
0.59375 2.05928 0.0592788
0.625 2.06136 0.0613646
0.625 2.06136 0.0613646
0.65625 2.0633 0.0633026
0.65625 2.0633 0.0633026
0.6875 2.06509 0.0650881
0.6875 2.06509 0.0650881
0.71875 2.06672 0.0667167
0.71875 2.06672 0.0667167
0.75 2.06818 0.0681847
0.75 2.06818 0.0681847
0.78125 2.06949 0.0694884
0.78125 2.06949 0.0694884
0.8125 2.07062 0.0706247
0.8125 2.07062 0.0706247
0.84375 2.07159 0.0715908
0.84375 2.07159 0.0715908
0.875 2.07238 0.0723845
0.875 2.07238 0.0723845
0.90625 2.073 0.0730038
0.90625 2.073 0.0730038
0.9375 2.07345 0.0734472
0.9375 2.07345 0.0734472
0.96875 2.07371 0.0737137
0.96875 2.07371 0.0737137
1 2.0738 0.0738026
1 2.0738 0.0738026
1.03125 2.07371 0.0737137
1.03125 2.07371 0.0737137
1.0625 2.07345 0.0734472
1.0625 2.07345 0.0734472
1.09375 2.073 0.0730038
1.09375 2.073 0.0730038
1.125 2.07238 0.0723845
1.125 2.07238 0.0723845
1.15625 2.07159 0.0715908
1.15625 2.07159 0.0715908
1.1875 2.07062 0.0706247
1.1875 2.07062 0.0706247
1.21875 2.06949 0.0694884
1.21875 2.06949 0.0694884
1.25 2.06818 0.0681847
1.25 2.06818 0.0681847
1.28125 2.06672 0.0667167
1.28125 2.06672 0.0667167
1.3125 2.06509 0.0650881
1.3125 2.06509 0.0650881
1.34375 2.0633 0.0633026
1.34375 2.0633 0.0633026
1.375 2.06136 0.0613646
1.375 2.06136 0.0613646
1.40625 2.05928 0.0592788
1.40625 2.05928 0.0592788
1.4375 2.05705 0.0570502
1.4375 2.05705 0.0570502
1.46875 2.05468 0.0546841
1.46875 2.05468 0.0546841
1.5 2.05219 0.0521863
1.5 2.05219 0.0521863
1.53125 2.04956 0.0495629
1.53125 2.04956 0.0495629
1.5625 2.04682 0.0468203
1.5625 2.04682 0.0468203
1.59375 2.04397 0.0439653
1.59375 2.04397 0.0439653
1.625 2.04101 0.0410059
1.625 2.04101 0.0410059
1.65625 2.03795 0.037951
1.65625 2.03795 0.037951
1.6875 2.03481 0.0348127
1.6875 2.03481 0.0348127
1.71875 2.03161 0.0316078
1.71875 2.03161 0.0316078
1.75 2.02836 0.0283616
1.75 2.02836 0.0283616
1.78125 2.02511 0.0251127
1.78125 2.02511 0.0251127
1.8125 2.02192 0.0219184
1.8125 2.02192 0.0219184
1.84375 2.01886 0.0188592
1.84375 2.01886 0.0188592
1.875 2.01604 0.0160401
1.875 2.01604 0.0160401
1.90625 2.01359 0.0135862
1.90625 2.01359 0.0135862
1.9375 2.01163 0.0116303
1.9375 2.01163 0.0116303
1.96875 2.0103 0.0102954
1.96875 2.0103 0.0102954
2 2.00967 0.00967324
