# x y topography
0 2.0112 0.0112049
0.03125 2.01175 0.0117496
0.03125 2.01175 0.0117496
0.0625 2.01292 0.0129176
0.0625 2.01292 0.0129176
0.09375 2.01465 0.0146457
0.09375 2.01465 0.0146457
0.125 2.01685 0.0168462
0.125 2.01685 0.0168462
0.15625 2.01942 0.0194185
0.15625 2.01942 0.0194185
0.1875 2.02226 0.0222609
0.1875 2.02226 0.0222609
0.21875 2.02528 0.0252804
0.21875 2.02528 0.0252804
0.25 2.0284 0.0283978
0.25 2.0284 0.0283978
0.28125 2.03155 0.0315504
0.28125 2.03155 0.0315504
0.3125 2.03469 0.0346908
0.3125 2.03469 0.0346908
0.34375 2.03779 0.0377851
0.34375 2.03779 0.0377851
0.375 2.04081 0.040809
0.375 2.04081 0.040809
0.40625 2.04375 0.0437455
0.40625 2.04375 0.0437455
0.4375 2.04658 0.046582
0.4375 2.04658 0.046582
0.46875 2.04931 0.0493089
0.46875 2.04931 0.0493089
0.5 2.05192 0.0519181
0.5 2.05192 0.0519181
0.53125 2.0544 0.0544028
0.53125 2.0544 0.0544028
0.5625 2.05676 0.0567565
0.5625 2.05676 0.0567565
0.59375 2.05897 0.0589736
0.59375 2.05897 0.0589736
0.625 2.06105 0.0610487
0.625 2.06105 0.0610487
0.65625 2.06298 0.0629767
0.65625 2.06298 0.0629767
0.6875 2.06475 0.064753
0.6875 2.06475 0.064753
0.71875 2.06637 0.0663733
0.71875 2.06637 0.0663733
0.75 2.06783 0.0678337
0.75 2.06783 0.0678337
0.78125 2.06913 0.0691306
0.78125 2.06913 0.0691306
0.8125 2.07026 0.0702611
0.8125 2.07026 0.0702611
0.84375 2.07122 0.0712222
0.84375 2.07122 0.0712222
0.875 2.07201 0.0720118
0.875 2.07201 0.0720118
0.90625 2.07263 0.0726279
0.90625 2.07263 0.0726279
0.9375 2.07307 0.0730691
0.9375 2.07307 0.0730691
0.96875 2.07333 0.0733342
0.96875 2.07333 0.0733342
1 2.07342 0.0734226
1 2.07342 0.0734226
1.03125 2.07333 0.0733342
1.03125 2.07333 0.0733342
1.0625 2.07307 0.0730691
1.0625 2.07307 0.0730691
1.09375 2.07263 0.0726279
1.09375 2.07263 0.0726279
1.125 2.07201 0.0720118
1.125 2.07201 0.0720118
1.15625 2.07122 0.0712222
1.15625 2.07122 0.0712222
1.1875 2.07026 0.0702611
1.1875 2.07026 0.0702611
1.21875 2.06913 0.0691306
1.21875 2.06913 0.0691306
1.25 2.06783 0.0678337
1.25 2.06783 0.0678337
1.28125 2.06637 0.0663733
1.28125 2.06637 0.0663733
1.3125 2.06475 0.064753
1.3125 2.06475 0.064753
1.34375 2.06298 0.0629767
1.34375 2.06298 0.0629767
1.375 2.06105 0.0610487
1.375 2.06105 0.0610487
1.40625 2.05897 0.0589736
1.40625 2.05897 0.0589736
1.4375 2.05676 0.0567565
1.4375 2.05676 0.0567565
1.46875 2.0544 0.0544028
1.46875 2.0544 0.0544028
1.5 2.05192 0.0519181
1.5 2.05192 0.0519181
1.53125 2.04931 0.0493089
1.53125 2.04931 0.0493089
1.5625 2.04658 0.046582
1.5625 2.04658 0.046582
1.59375 2.04375 0.0437455
1.59375 2.04375 0.0437455
1.625 2.04081 0.040809
1.625 2.04081 0.040809
1.65625 2.03779 0.0377851
1.65625 2.03779 0.0377851
1.6875 2.03469 0.0346908
1.6875 2.03469 0.0346908
1.71875 2.03155 0.0315504
1.71875 2.03155 0.0315504
1.75 2.0284 0.0283978
1.75 2.0284 0.0283978
1.78125 2.02528 0.0252804
1.78125 2.02528 0.0252804
1.8125 2.02226 0.0222609
1.8125 2.02226 0.0222609
1.84375 2.01942 0.0194185
1.84375 2.01942 0.0194185
1.875 2.01685 0.0168462
1.875 2.01685 0.0168462
1.90625 2.01465 0.0146457
1.90625 2.01465 0.0146457
1.9375 2.01292 0.0129176
1.9375 2.01292 0.0129176
1.96875 2.01175 0.0117496
1.96875 2.01175 0.0117496
2 2.0112 0.0112049
