# x y topography
0 2.01707 0.0170655
0.03125 2.01743 0.0174287
0.03125 2.01743 0.0174287
0.0625 2.01819 0.0181925
0.0625 2.01819 0.0181925
0.09375 2.01934 0.0193365
0.09375 2.01934 0.0193365
0.125 2.02083 0.0208306
0.125 2.02083 0.0208306
0.15625 2.02264 0.0226365
0.15625 2.02264 0.0226365
0.1875 2.02471 0.0247104
0.1875 2.02471 0.0247104
0.21875 2.02701 0.0270051
0.21875 2.02701 0.0270051
0.25 2.02947 0.0294727
0.25 2.02947 0.0294727
0.28125 2.03207 0.0320662
0.28125 2.03207 0.0320662
0.3125 2.03474 0.0347418
0.3125 2.03474 0.0347418
0.34375 2.03746 0.0374593
0.34375 2.03746 0.0374593
0.375 2.04018 0.0401833
0.375 2.04018 0.0401833
0.40625 2.04288 0.0428833
0.40625 2.04288 0.0428833
0.4375 2.04553 0.0455333
0.4375 2.04553 0.0455333
0.46875 2.04811 0.0481118
0.46875 2.04811 0.0481118
0.5 2.0506 0.0506011
0.5 2.0506 0.0506011
0.53125 2.05299 0.0529867
0.53125 2.05299 0.0529867
0.5625 2.05526 0.0552569
0.5625 2.05526 0.0552569
0.59375 2.0574 0.0574018
0.59375 2.0574 0.0574018
0.625 2.05941 0.0594135
0.625 2.05941 0.0594135
0.65625 2.06129 0.0612851
0.65625 2.06129 0.0612851
0.6875 2.06301 0.063011
0.6875 2.06301 0.063011
0.71875 2.06459 0.0645862
0.71875 2.06459 0.0645862
0.75 2.06601 0.0660065
0.75 2.06601 0.0660065
0.78125 2.06727 0.0672681
0.78125 2.06727 0.0672681
0.8125 2.06837 0.0683679
0.8125 2.06837 0.0683679
0.84375 2.0693 0.069303
0.84375 2.0693 0.069303
0.875 2.07007 0.0700713
0.875 2.07007 0.0700713
0.90625 2.07067 0.0706707
0.90625 2.07067 0.0706707
0.9375 2.0711 0.0711
0.9375 2.0711 0.0711
0.96875 2.07136 0.0713579
0.96875 2.07136 0.0713579
1 2.07144 0.071444
1 2.07144 0.071444
1.03125 2.07136 0.0713579
1.03125 2.07136 0.0713579
1.0625 2.0711 0.0711
1.0625 2.0711 0.0711
1.09375 2.07067 0.0706707
1.09375 2.07067 0.0706707
1.125 2.07007 0.0700713
1.125 2.07007 0.0700713
1.15625 2.0693 0.069303
1.15625 2.0693 0.069303
1.1875 2.06837 0.0683679
1.1875 2.06837 0.0683679
1.21875 2.06727 0.0672681
1.21875 2.06727 0.0672681
1.25 2.06601 0.0660065
1.25 2.06601 0.0660065
1.28125 2.06459 0.0645862
1.28125 2.06459 0.0645862
1.3125 2.06301 0.063011
1.3125 2.06301 0.063011
1.34375 2.06129 0.0612851
1.34375 2.06129 0.0612851
1.375 2.05941 0.0594135
1.375 2.05941 0.0594135
1.40625 2.0574 0.0574018
1.40625 2.0574 0.0574018
1.4375 2.05526 0.0552569
1.4375 2.05526 0.0552569
1.46875 2.05299 0.0529867
1.46875 2.05299 0.0529867
1.5 2.0506 0.0506011
1.5 2.0506 0.0506011
1.53125 2.04811 0.0481118
1.53125 2.04811 0.0481118
1.5625 2.04553 0.0455333
1.5625 2.04553 0.0455333
1.59375 2.04288 0.0428833
1.59375 2.04288 0.0428833
1.625 2.04018 0.0401833
1.625 2.04018 0.0401833
1.65625 2.03746 0.0374593
1.65625 2.03746 0.0374593
1.6875 2.03474 0.0347418
1.6875 2.03474 0.0347418
1.71875 2.03207 0.0320662
1.71875 2.03207 0.0320662
1.75 2.02947 0.0294727
1.75 2.02947 0.0294727
1.78125 2.02701 0.0270051
1.78125 2.02701 0.0270051
1.8125 2.02471 0.0247104
1.8125 2.02471 0.0247104
1.84375 2.02264 0.0226365
1.84375 2.02264 0.0226365
1.875 2.02083 0.0208306
1.875 2.02083 0.0208306
1.90625 2.01934 0.0193365
1.90625 2.01934 0.0193365
1.9375 2.01819 0.0181925
1.9375 2.01819 0.0181925
1.96875 2.01743 0.0174287
1.96875 2.01743 0.0174287
2 2.01707 0.0170655
