# x y topography
0 2.01298 0.0129847
0.03125 2.01346 0.0134596
0.03125 2.01346 0.0134596
0.0625 2.01447 0.014474
0.0625 2.01447 0.014474
0.09375 2.01599 0.015985
0.09375 2.01599 0.015985
0.125 2.01793 0.0179313
0.125 2.01793 0.0179313
0.15625 2.02024 0.0202395
0.15625 2.02024 0.0202395
0.1875 2.02283 0.0228312
0.1875 2.02283 0.0228312
0.21875 2.02563 0.025629
0.21875 2.02563 0.025629
0.25 2.02856 0.0285623
0.25 2.02856 0.0285623
0.28125 2.03157 0.0315695
0.28125 2.03157 0.0315695
0.3125 2.0346 0.0345997
0.3125 2.0346 0.0345997
0.34375 2.03761 0.0376126
0.34375 2.03761 0.0376126
0.375 2.04058 0.0405771
0.375 2.04058 0.0405771
0.40625 2.04347 0.0434698
0.40625 2.04347 0.0434698
0.4375 2.04627 0.046273
0.4375 2.04627 0.046273
0.46875 2.04897 0.0489735
0.46875 2.04897 0.0489735
0.5 2.05156 0.0515606
0.5 2.05156 0.0515606
0.53125 2.05403 0.0540259
0.53125 2.05403 0.0540259
0.5625 2.05636 0.0563624
0.5625 2.05636 0.0563624
0.59375 2.05856 0.0585636
0.59375 2.05856 0.0585636
0.625 2.06062 0.060624
0.625 2.06062 0.060624
0.65625 2.06254 0.0625385
0.65625 2.06254 0.0625385
0.6875 2.0643 0.0643024
0.6875 2.0643 0.0643024
0.71875 2.06591 0.0659114
0.71875 2.06591 0.0659114
0.75 2.06736 0.0673617
0.75 2.06736 0.0673617
0.78125 2.06865 0.0686496
0.78125 2.06865 0.0686496
0.8125 2.06977 0.0697722
0.8125 2.06977 0.0697722
0.84375 2.07073 0.0707267
0.84375 2.07073 0.0707267
0.875 2.07151 0.0715108
0.875 2.07151 0.0715108
0.90625 2.07212 0.0721226
0.90625 2.07212 0.0721226
0.9375 2.07256 0.0725607
0.9375 2.07256 0.0725607
0.96875 2.07282 0.0728239
0.96875 2.07282 0.0728239
1 2.07291 0.0729117
1 2.07291 0.0729117
1.03125 2.07282 0.0728239
1.03125 2.07282 0.0728239
1.0625 2.07256 0.0725607
1.0625 2.07256 0.0725607
1.09375 2.07212 0.0721226
1.09375 2.07212 0.0721226
1.125 2.07151 0.0715108
1.125 2.07151 0.0715108
1.15625 2.07073 0.0707267
1.15625 2.07073 0.0707267
1.1875 2.06977 0.0697722
1.1875 2.06977 0.0697722
1.21875 2.06865 0.0686496
1.21875 2.06865 0.0686496
1.25 2.06736 0.0673617
1.25 2.06736 0.0673617
1.28125 2.06591 0.0659114
1.28125 2.06591 0.0659114
1.3125 2.0643 0.0643024
1.3125 2.0643 0.0643024
1.34375 2.06254 0.0625385
1.34375 2.06254 0.0625385
1.375 2.06062 0.060624
1.375 2.06062 0.060624
1.40625 2.05856 0.0585636
1.40625 2.05856 0.0585636
1.4375 2.05636 0.0563624
1.4375 2.05636 0.0563624
1.46875 2.05403 0.0540259
1.46875 2.05403 0.0540259
1.5 2.05156 0.0515606
1.5 2.05156 0.0515606
1.53125 2.04897 0.0489735
1.53125 2.04897 0.0489735
1.5625 2.04627 0.046273
1.5625 2.04627 0.046273
1.59375 2.04347 0.0434698
1.59375 2.04347 0.0434698
1.625 2.04058 0.0405771
1.625 2.04058 0.0405771
1.65625 2.03761 0.0376126
1.65625 2.03761 0.0376126
1.6875 2.0346 0.0345997
1.6875 2.0346 0.0345997
1.71875 2.03157 0.0315695
1.71875 2.03157 0.0315695
1.75 2.02856 0.0285623
1.75 2.02856 0.0285623
1.78125 2.02563 0.025629
1.78125 2.02563 0.025629
1.8125 2.02283 0.0228312
1.8125 2.02283 0.0228312
1.84375 2.02024 0.0202395
1.84375 2.02024 0.0202395
1.875 2.01793 0.0179313
1.875 2.01793 0.0179313
1.90625 2.01599 0.015985
1.90625 2.01599 0.015985
1.9375 2.01447 0.014474
1.9375 2.01447 0.014474
1.96875 2.01346 0.0134596
1.96875 2.01346 0.0134596
2 2.01298 0.0129847
