# x y topography
0 2.01497 0.0149699
0.03125 2.01538 0.015384
0.03125 2.01538 0.015384
0.0625 2.01626 0.0162627
0.0625 2.01626 0.0162627
0.09375 2.01758 0.0175768
0.09375 2.01758 0.0175768
0.125 2.01928 0.0192835
0.125 2.01928 0.0192835
0.15625 2.02133 0.0213302
0.15625 2.02133 0.0213302
0.1875 2.02366 0.0236579
0.1875 2.02366 0.0236579
0.21875 2.02621 0.0262058
0.21875 2.02621 0.0262058
0.25 2.02891 0.0289145
0.25 2.02891 0.0289145
0.28125 2.03173 0.0317288
0.28125 2.03173 0.0317288
0.3125 2.0346 0.0345996
0.3125 2.0346 0.0345996
0.34375 2.03748 0.0374848
0.34375 2.03748 0.0374848
0.375 2.04035 0.0403492
0.375 2.04035 0.0403492
0.40625 2.04316 0.0431646
0.40625 2.04316 0.0431646
0.4375 2.04591 0.0459081
0.4375 2.04591 0.0459081
0.46875 2.04856 0.0485618
0.46875 2.04856 0.0485618
0.5 2.05111 0.0511117
0.5 2.05111 0.0511117
0.53125 2.05355 0.0535465
0.53125 2.05355 0.0535465
0.5625 2.05586 0.055857
0.5625 2.05586 0.055857
0.59375 2.05804 0.0580356
0.59375 2.05804 0.0580356
0.625 2.06008 0.0600759
0.625 2.06008 0.0600759
0.65625 2.06197 0.0619723
0.65625 2.06197 0.0619723
0.6875 2.06372 0.0637199
0.6875 2.06372 0.0637199
0.71875 2.06531 0.0653141
0.71875 2.06531 0.0653141
0.75 2.06675 0.0667511
0.75 2.06675 0.0667511
0.78125 2.06803 0.0680273
0.78125 2.06803 0.0680273
0.8125 2.06914 0.0691397
0.8125 2.06914 0.0691397
0.84375 2.07009 0.0700855
0.84375 2.07009 0.0700855
0.875 2.07086 0.0708625
0.875 2.07086 0.0708625
0.90625 2.07147 0.0714688
0.90625 2.07147 0.0714688
0.9375 2.0719 0.0719029
0.9375 2.0719 0.0719029
0.96875 2.07216 0.0721638
0.96875 2.07216 0.0721638
1 2.07225 0.0722508
1 2.07225 0.0722508
1.03125 2.07216 0.0721638
1.03125 2.07216 0.0721638
1.0625 2.0719 0.0719029
1.0625 2.0719 0.0719029
1.09375 2.07147 0.0714688
1.09375 2.07147 0.0714688
1.125 2.07086 0.0708625
1.125 2.07086 0.0708625
1.15625 2.07009 0.0700855
1.15625 2.07009 0.0700855
1.1875 2.06914 0.0691397
1.1875 2.06914 0.0691397
1.21875 2.06803 0.0680273
1.21875 2.06803 0.0680273
1.25 2.06675 0.0667511
1.25 2.06675 0.0667511
1.28125 2.06531 0.0653141
1.28125 2.06531 0.0653141
1.3125 2.06372 0.0637199
1.3125 2.06372 0.0637199
1.34375 2.06197 0.0619723
1.34375 2.06197 0.0619723
1.375 2.06008 0.0600759
1.375 2.06008 0.0600759
1.40625 2.05804 0.0580356
1.40625 2.05804 0.0580356
1.4375 2.05586 0.055857
1.4375 2.05586 0.055857
1.46875 2.05355 0.0535465
1.46875 2.05355 0.0535465
1.5 2.05111 0.0511117
1.5 2.05111 0.0511117
1.53125 2.04856 0.0485618
1.53125 2.04856 0.0485618
1.5625 2.04591 0.0459081
1.5625 2.04591 0.0459081
1.59375 2.04316 0.0431646
1.59375 2.04316 0.0431646
1.625 2.04035 0.0403492
1.625 2.04035 0.0403492
1.65625 2.03748 0.0374848
1.65625 2.03748 0.0374848
1.6875 2.0346 0.0345996
1.6875 2.0346 0.0345996
1.71875 2.03173 0.0317288
1.71875 2.03173 0.0317288
1.75 2.02891 0.0289145
1.75 2.02891 0.0289145
1.78125 2.02621 0.0262058
1.78125 2.02621 0.0262058
1.8125 2.02366 0.0236579
1.8125 2.02366 0.0236579
1.84375 2.02133 0.0213302
1.84375 2.02133 0.0213302
1.875 2.01928 0.0192835
1.875 2.01928 0.0192835
1.90625 2.01758 0.0175768
1.90625 2.01758 0.0175768
1.9375 2.01626 0.0162627
1.9375 2.01626 0.0162627
1.96875 2.01538 0.015384
1.96875 2.01538 0.015384
2 2.01497 0.0149699
