# x y topography
0 2.01382 0.0138168
0.03125 2.01426 0.0142644
0.03125 2.01426 0.0142644
0.0625 2.01522 0.015218
0.0625 2.01522 0.015218
0.09375 2.01664 0.0166415
0.09375 2.01664 0.0166415
0.125 2.01848 0.0184823
0.125 2.01848 0.0184823
0.15625 2.02068 0.0206767
0.15625 2.02068 0.0206767
0.1875 2.02316 0.0231552
0.1875 2.02316 0.0231552
0.21875 2.02585 0.0258477
0.21875 2.02585 0.0258477
0.25 2.02869 0.0286882
0.25 2.02869 0.0286882
0.28125 2.03162 0.0316175
0.28125 2.03162 0.0316175
0.3125 2.03458 0.0345848
0.3125 2.03458 0.0345848
0.34375 2.03755 0.0375486
0.34375 2.03755 0.0375486
0.375 2.04048 0.0404754
0.375 2.04048 0.0404754
0.40625 2.04334 0.0433396
0.40625 2.04334 0.0433396
0.4375 2.04612 0.0461211
0.4375 2.04612 0.0461211
0.46875 2.0488 0.0488045
0.46875 2.0488 0.0488045
0.5 2.05138 0.0513781
0.5 2.05138 0.0513781
0.53125 2.05383 0.0538321
0.53125 2.05383 0.0538321
0.5625 2.05616 0.0561587
0.5625 2.05616 0.0561587
0.59375 2.05835 0.0583513
0.59375 2.05835 0.0583513
0.625 2.0604 0.0604039
0.625 2.0604 0.0604039
0.65625 2.06231 0.0623113
0.65625 2.06231 0.0623113
0.6875 2.06407 0.0640687
0.6875 2.06407 0.0640687
0.71875 2.06567 0.0656718
0.71875 2.06567 0.0656718
0.75 2.06712 0.0671167
0.75 2.06712 0.0671167
0.78125 2.0684 0.0684
0.78125 2.0684 0.0684
0.8125 2.06952 0.0695185
0.8125 2.06952 0.0695185
0.84375 2.07047 0.0704695
0.84375 2.07047 0.0704695
0.875 2.07125 0.0712507
0.875 2.07125 0.0712507
0.90625 2.07186 0.0718603
0.90625 2.07186 0.0718603
0.9375 2.0723 0.0722968
0.9375 2.0723 0.0722968
0.96875 2.07256 0.0725591
0.96875 2.07256 0.0725591
1 2.07265 0.0726466
1 2.07265 0.0726466
1.03125 2.07256 0.0725591
1.03125 2.07256 0.0725591
1.0625 2.0723 0.0722968
1.0625 2.0723 0.0722968
1.09375 2.07186 0.0718603
1.09375 2.07186 0.0718603
1.125 2.07125 0.0712507
1.125 2.07125 0.0712507
1.15625 2.07047 0.0704695
1.15625 2.07047 0.0704695
1.1875 2.06952 0.0695185
1.1875 2.06952 0.0695185
1.21875 2.0684 0.0684
1.21875 2.0684 0.0684
1.25 2.06712 0.0671167
1.25 2.06712 0.0671167
1.28125 2.06567 0.0656718
1.28125 2.06567 0.0656718
1.3125 2.06407 0.0640687
1.3125 2.06407 0.0640687
1.34375 2.06231 0.0623113
1.34375 2.06231 0.0623113
1.375 2.0604 0.0604039
1.375 2.0604 0.0604039
1.40625 2.05835 0.0583513
1.40625 2.05835 0.0583513
1.4375 2.05616 0.0561587
1.4375 2.05616 0.0561587
1.46875 2.05383 0.0538321
1.46875 2.05383 0.0538321
1.5 2.05138 0.0513781
1.5 2.05138 0.0513781
1.53125 2.0488 0.0488045
1.53125 2.0488 0.0488045
1.5625 2.04612 0.0461211
1.5625 2.04612 0.0461211
1.59375 2.04334 0.0433396
1.59375 2.04334 0.0433396
1.625 2.04048 0.0404754
1.625 2.04048 0.0404754
1.65625 2.03755 0.0375486
1.65625 2.03755 0.0375486
1.6875 2.03458 0.0345848
1.6875 2.03458 0.0345848
1.71875 2.03162 0.0316175
1.71875 2.03162 0.0316175
1.75 2.02869 0.0286882
1.75 2.02869 0.0286882
1.78125 2.02585 0.0258477
1.78125 2.02585 0.0258477
1.8125 2.02316 0.0231552
1.8125 2.02316 0.0231552
1.84375 2.02068 0.0206767
1.84375 2.02068 0.0206767
1.875 2.01848 0.0184823
1.875 2.01848 0.0184823
1.90625 2.01664 0.0166415
1.90625 2.01664 0.0166415
1.9375 2.01522 0.015218
1.9375 2.01522 0.015218
1.96875 2.01426 0.0142644
1.96875 2.01426 0.0142644
2 2.01382 0.0138168
