# x y topography
0 2.00958 0.00957548
0.03125 2.0102 0.0102033
0.03125 2.0102 0.0102033
0.0625 2.01155 0.0115502
0.0625 2.01155 0.0115502
0.09375 2.01352 0.0135222
0.09375 2.01352 0.0135222
0.125 2.01599 0.0159935
0.125 2.01599 0.0159935
0.15625 2.01883 0.0188288
0.15625 2.01883 0.0188288
0.1875 2.0219 0.0219015
0.1875 2.0219 0.0219015
0.21875 2.02511 0.025106
0.21875 2.02511 0.025106
0.25 2.02836 0.0283622
0.25 2.02836 0.0283622
0.28125 2.03161 0.0316132
0.28125 2.03161 0.0316132
0.3125 2.03482 0.0348212
0.3125 2.03482 0.0348212
0.34375 2.03796 0.0379616
0.34375 2.03796 0.0379616
0.375 2.04102 0.0410179
0.375 2.04102 0.0410179
0.40625 2.04398 0.0439785
0.40625 2.04398 0.0439785
0.4375 2.04683 0.0468344
0.4375 2.04683 0.0468344
0.46875 2.04958 0.0495779
0.46875 2.04958 0.0495779
0.5 2.0522 0.0522022
0.5 2.0522 0.0522022
0.53125 2.0547 0.0547007
0.53125 2.0547 0.0547007
0.5625 2.05707 0.0570675
0.5625 2.05707 0.0570675
0.59375 2.0593 0.0592968
0.59375 2.0593 0.0592968
0.625 2.06138 0.0613832
0.625 2.06138 0.0613832
0.65625 2.06332 0.0633218
0.65625 2.06332 0.0633218
0.6875 2.06511 0.0651078
0.6875 2.06511 0.0651078
0.71875 2.06674 0.066737
0.71875 2.06674 0.066737
0.75 2.06821 0.0682054
0.75 2.06821 0.0682054
0.78125 2.06951 0.0695095
0.78125 2.06951 0.0695095
0.8125 2.07065 0.0706461
0.8125 2.07065 0.0706461
0.84375 2.07161 0.0716126
0.84375 2.07161 0.0716126
0.875 2.07241 0.0724065
0.875 2.07241 0.0724065
0.90625 2.07303 0.073026
0.90625 2.07303 0.073026
0.9375 2.07347 0.0734695
0.9375 2.07347 0.0734695
0.96875 2.07374 0.0737361
0.96875 2.07374 0.0737361
1 2.07382 0.073825
1 2.07382 0.073825
1.03125 2.07374 0.0737361
1.03125 2.07374 0.0737361
1.0625 2.07347 0.0734695
1.0625 2.07347 0.0734695
1.09375 2.07303 0.073026
1.09375 2.07303 0.073026
1.125 2.07241 0.0724065
1.125 2.07241 0.0724065
1.15625 2.07161 0.0716126
1.15625 2.07161 0.0716126
1.1875 2.07065 0.0706461
1.1875 2.07065 0.0706461
1.21875 2.06951 0.0695095
1.21875 2.06951 0.0695095
1.25 2.06821 0.0682054
1.25 2.06821 0.0682054
1.28125 2.06674 0.066737
1.28125 2.06674 0.066737
1.3125 2.06511 0.0651078
1.3125 2.06511 0.0651078
1.34375 2.06332 0.0633218
1.34375 2.06332 0.0633218
1.375 2.06138 0.0613832
1.375 2.06138 0.0613832
1.40625 2.0593 0.0592968
1.40625 2.0593 0.0592968
1.4375 2.05707 0.0570675
1.4375 2.05707 0.0570675
1.46875 2.0547 0.0547007
1.46875 2.0547 0.0547007
1.5 2.0522 0.0522022
1.5 2.0522 0.0522022
1.53125 2.04958 0.0495779
1.53125 2.04958 0.0495779
1.5625 2.04683 0.0468344
1.5625 2.04683 0.0468344
1.59375 2.04398 0.0439785
1.59375 2.04398 0.0439785
1.625 2.04102 0.0410179
1.625 2.04102 0.0410179
1.65625 2.03796 0.0379616
1.65625 2.03796 0.0379616
1.6875 2.03482 0.0348212
1.6875 2.03482 0.0348212
1.71875 2.03161 0.0316132
1.71875 2.03161 0.0316132
1.75 2.02836 0.0283622
1.75 2.02836 0.0283622
1.78125 2.02511 0.025106
1.78125 2.02511 0.025106
1.8125 2.0219 0.0219015
1.8125 2.0219 0.0219015
1.84375 2.01883 0.0188288
1.84375 2.01883 0.0188288
1.875 2.01599 0.0159935
1.875 2.01599 0.0159935
1.90625 2.01352 0.0135222
1.90625 2.01352 0.0135222
1.9375 2.01155 0.0115502
1.9375 2.01155 0.0115502
1.96875 2.0102 0.0102033
1.96875 2.0102 0.0102033
2 2.00958 0.00957548
