# x y topography
0 2.01865 0.0186545
0.03125 2.01899 0.0189856
0.03125 2.01899 0.0189856
0.0625 2.01968 0.0196763
0.0625 2.01968 0.0196763
0.09375 2.02071 0.0207108
0.09375 2.02071 0.0207108
0.125 2.02207 0.0220655
0.125 2.02207 0.0220655
0.15625 2.02371 0.0237099
0.15625 2.02371 0.0237099
0.1875 2.02561 0.0256085
0.1875 2.02561 0.0256085
0.21875 2.02772 0.0277226
0.21875 2.02772 0.0277226
0.25 2.03001 0.0300114
0.25 2.03001 0.0300114
0.28125 2.03243 0.0324344
0.28125 2.03243 0.0324344
0.3125 2.03495 0.0349522
0.3125 2.03495 0.0349522
0.34375 2.03753 0.0375276
0.34375 2.03753 0.0375276
0.375 2.04013 0.0401266
0.375 2.04013 0.0401266
0.40625 2.04272 0.0427189
0.40625 2.04272 0.0427189
0.4375 2.04528 0.0452778
0.4375 2.04528 0.0452778
0.46875 2.04778 0.0477801
0.46875 2.04778 0.0477801
0.5 2.05021 0.0502062
0.5 2.05021 0.0502062
0.53125 2.05254 0.0525398
0.53125 2.05254 0.0525398
0.5625 2.05477 0.054767
0.5625 2.05477 0.054767
0.59375 2.05688 0.0568763
0.59375 2.05688 0.0568763
0.625 2.05886 0.0588583
0.625 2.05886 0.0588583
0.65625 2.0607 0.0607049
0.65625 2.0607 0.0607049
0.6875 2.06241 0.0624096
0.6875 2.06241 0.0624096
0.71875 2.06397 0.0639667
0.71875 2.06397 0.0639667
0.75 2.06537 0.0653714
0.75 2.06537 0.0653714
0.78125 2.06662 0.0666197
0.78125 2.06662 0.0666197
0.8125 2.06771 0.0677081
0.8125 2.06771 0.0677081
0.84375 2.06863 0.0686338
0.84375 2.06863 0.0686338
0.875 2.06939 0.0693944
0.875 2.06939 0.0693944
0.90625 2.06999 0.069988
0.90625 2.06999 0.069988
0.9375 2.07041 0.070413
0.9375 2.07041 0.070413
0.96875 2.07067 0.0706684
0.96875 2.07067 0.0706684
1 2.07075 0.0707536
1 2.07075 0.0707536
1.03125 2.07067 0.0706684
1.03125 2.07067 0.0706684
1.0625 2.07041 0.070413
1.0625 2.07041 0.070413
1.09375 2.06999 0.069988
1.09375 2.06999 0.069988
1.125 2.06939 0.0693944
1.125 2.06939 0.0693944
1.15625 2.06863 0.0686338
1.15625 2.06863 0.0686338
1.1875 2.06771 0.0677081
1.1875 2.06771 0.0677081
1.21875 2.06662 0.0666197
1.21875 2.06662 0.0666197
1.25 2.06537 0.0653714
1.25 2.06537 0.0653714
1.28125 2.06397 0.0639667
1.28125 2.06397 0.0639667
1.3125 2.06241 0.0624096
1.3125 2.06241 0.0624096
1.34375 2.0607 0.0607049
1.34375 2.0607 0.0607049
1.375 2.05886 0.0588583
1.375 2.05886 0.0588583
1.40625 2.05688 0.0568763
1.40625 2.05688 0.0568763
1.4375 2.05477 0.054767
1.4375 2.05477 0.054767
1.46875 2.05254 0.0525398
1.46875 2.05254 0.0525398
1.5 2.05021 0.0502062
1.5 2.05021 0.0502062
1.53125 2.04778 0.0477801
1.53125 2.04778 0.0477801
1.5625 2.04528 0.0452778
1.5625 2.04528 0.0452778
1.59375 2.04272 0.0427189
1.59375 2.04272 0.0427189
1.625 2.04013 0.0401266
1.625 2.04013 0.0401266
1.65625 2.03753 0.0375276
1.65625 2.03753 0.0375276
1.6875 2.03495 0.0349522
1.6875 2.03495 0.0349522
1.71875 2.03243 0.0324344
1.71875 2.03243 0.0324344
1.75 2.03001 0.0300114
1.75 2.03001 0.0300114
1.78125 2.02772 0.0277226
1.78125 2.02772 0.0277226
1.8125 2.02561 0.0256085
1.8125 2.02561 0.0256085
1.84375 2.02371 0.0237099
1.84375 2.02371 0.0237099
1.875 2.02207 0.0220655
1.875 2.02207 0.0220655
1.90625 2.02071 0.0207108
1.90625 2.02071 0.0207108
1.9375 2.01968 0.0196763
1.9375 2.01968 0.0196763
1.96875 2.01899 0.0189856
1.96875 2.01899 0.0189856
2 2.01865 0.0186545
