# x y topography
0 2.0146 0.0145969
0.03125 2.01502 0.0150213
0.03125 2.01502 0.0150213
0.0625 2.01592 0.0159232
0.0625 2.01592 0.0159232
0.09375 2.01727 0.0172713
0.09375 2.01727 0.0172713
0.125 2.01902 0.01902
0.125 2.01902 0.01902
0.15625 2.02111 0.0211132
0.15625 2.02111 0.0211132
0.1875 2.02349 0.0234888
0.1875 2.02349 0.0234888
0.21875 2.02608 0.0260832
0.21875 2.02608 0.0260832
0.25 2.02883 0.0288348
0.25 2.02883 0.0288348
0.28125 2.03169 0.031687
0.28125 2.03169 0.031687
0.3125 2.03459 0.0345901
0.3125 2.03459 0.0345901
0.34375 2.0375 0.0375019
0.34375 2.0375 0.0375019
0.375 2.04039 0.0403878
0.375 2.04039 0.0403878
0.40625 2.04322 0.0432201
0.40625 2.04322 0.0432201
0.4375 2.04598 0.0459769
0.4375 2.04598 0.0459769
0.46875 2.04864 0.0486412
0.46875 2.04864 0.0486412
0.5 2.0512 0.0511994
0.5 2.0512 0.0511994
0.53125 2.05364 0.0536409
0.53125 2.05364 0.0536409
0.5625 2.05596 0.055957
0.5625 2.05596 0.055957
0.59375 2.05814 0.0581404
0.59375 2.05814 0.0581404
0.625 2.06018 0.0601849
0.625 2.06018 0.0601849
0.65625 2.06209 0.062085
0.65625 2.06209 0.062085
0.6875 2.06384 0.0638359
0.6875 2.06384 0.0638359
0.71875 2.06543 0.0654331
0.71875 2.06543 0.0654331
0.75 2.06687 0.0668727
0.75 2.06687 0.0668727
0.78125 2.06815 0.0681513
0.78125 2.06815 0.0681513
0.8125 2.06927 0.0692657
0.8125 2.06927 0.0692657
0.84375 2.07021 0.0702133
0.84375 2.07021 0.0702133
0.875 2.07099 0.0709917
0.875 2.07099 0.0709917
0.90625 2.0716 0.0715991
0.90625 2.0716 0.0715991
0.9375 2.07203 0.072034
0.9375 2.07203 0.072034
0.96875 2.0723 0.0722953
0.96875 2.0723 0.0722953
1 2.07238 0.0723825
1 2.07238 0.0723825
1.03125 2.0723 0.0722953
1.03125 2.0723 0.0722953
1.0625 2.07203 0.072034
1.0625 2.07203 0.072034
1.09375 2.0716 0.0715991
1.09375 2.0716 0.0715991
1.125 2.07099 0.0709917
1.125 2.07099 0.0709917
1.15625 2.07021 0.0702133
1.15625 2.07021 0.0702133
1.1875 2.06927 0.0692657
1.1875 2.06927 0.0692657
1.21875 2.06815 0.0681513
1.21875 2.06815 0.0681513
1.25 2.06687 0.0668727
1.25 2.06687 0.0668727
1.28125 2.06543 0.0654331
1.28125 2.06543 0.0654331
1.3125 2.06384 0.0638359
1.3125 2.06384 0.0638359
1.34375 2.06209 0.062085
1.34375 2.06209 0.062085
1.375 2.06018 0.0601849
1.375 2.06018 0.0601849
1.40625 2.05814 0.0581404
1.40625 2.05814 0.0581404
1.4375 2.05596 0.055957
1.4375 2.05596 0.055957
1.46875 2.05364 0.0536409
1.46875 2.05364 0.0536409
1.5 2.0512 0.0511994
1.5 2.0512 0.0511994
1.53125 2.04864 0.0486412
1.53125 2.04864 0.0486412
1.5625 2.04598 0.0459769
1.5625 2.04598 0.0459769
1.59375 2.04322 0.0432201
1.59375 2.04322 0.0432201
1.625 2.04039 0.0403878
1.625 2.04039 0.0403878
1.65625 2.0375 0.0375019
1.65625 2.0375 0.0375019
1.6875 2.03459 0.0345901
1.6875 2.03459 0.0345901
1.71875 2.03169 0.031687
1.71875 2.03169 0.031687
1.75 2.02883 0.0288348
1.75 2.02883 0.0288348
1.78125 2.02608 0.0260832
1.78125 2.02608 0.0260832
1.8125 2.02349 0.0234888
1.8125 2.02349 0.0234888
1.84375 2.02111 0.0211132
1.84375 2.02111 0.0211132
1.875 2.01902 0.01902
1.875 2.01902 0.01902
1.90625 2.01727 0.0172713
1.90625 2.01727 0.0172713
1.9375 2.01592 0.0159232
1.9375 2.01592 0.0159232
1.96875 2.01502 0.0150213
1.96875 2.01502 0.0150213
2 2.0146 0.0145969
