# x y topography
0 2.01856 0.0185602
0.03125 2.01889 0.018893
0.03125 2.01889 0.018893
0.0625 2.01959 0.0195878
0.0625 2.01959 0.0195878
0.09375 2.02063 0.0206284
0.09375 2.02063 0.0206284
0.125 2.02199 0.0219909
0.125 2.02199 0.0219909
0.15625 2.02364 0.0236445
0.15625 2.02364 0.0236445
0.1875 2.02555 0.0255531
0.1875 2.02555 0.0255531
0.21875 2.02768 0.0276776
0.21875 2.02768 0.0276776
0.25 2.02998 0.0299769
0.25 2.02998 0.0299769
0.28125 2.03241 0.03241
0.28125 2.03241 0.03241
0.3125 2.03494 0.0349372
0.3125 2.03494 0.0349372
0.34375 2.03752 0.0375213
0.34375 2.03752 0.0375213
0.375 2.04013 0.0401282
0.375 2.04013 0.0401282
0.40625 2.04273 0.0427273
0.40625 2.04273 0.0427273
0.4375 2.04529 0.045292
0.4375 2.04529 0.045292
0.46875 2.0478 0.0477992
0.46875 2.0478 0.0477992
0.5 2.05023 0.0502296
0.5 2.05023 0.0502296
0.53125 2.05257 0.0525666
0.53125 2.05257 0.0525666
0.5625 2.0548 0.0547967
0.5625 2.0548 0.0547967
0.59375 2.05691 0.0569084
0.59375 2.05691 0.0569084
0.625 2.05889 0.0588924
0.625 2.05889 0.0588924
0.65625 2.06074 0.0607407
0.65625 2.06074 0.0607407
0.6875 2.06245 0.0624468
0.6875 2.06245 0.0624468
0.71875 2.06401 0.0640051
0.71875 2.06401 0.0640051
0.75 2.06541 0.0654108
0.75 2.06541 0.0654108
0.78125 2.06666 0.0666599
0.78125 2.06666 0.0666599
0.8125 2.06775 0.0677491
0.8125 2.06775 0.0677491
0.84375 2.06868 0.0686754
0.84375 2.06868 0.0686754
0.875 2.06944 0.0694365
0.875 2.06944 0.0694365
0.90625 2.07003 0.0700304
0.90625 2.07003 0.0700304
0.9375 2.07046 0.0704557
0.9375 2.07046 0.0704557
0.96875 2.07071 0.0707113
0.96875 2.07071 0.0707113
1 2.0708 0.0707966
1 2.0708 0.0707966
1.03125 2.07071 0.0707113
1.03125 2.07071 0.0707113
1.0625 2.07046 0.0704557
1.0625 2.07046 0.0704557
1.09375 2.07003 0.0700304
1.09375 2.07003 0.0700304
1.125 2.06944 0.0694365
1.125 2.06944 0.0694365
1.15625 2.06868 0.0686754
1.15625 2.06868 0.0686754
1.1875 2.06775 0.0677491
1.1875 2.06775 0.0677491
1.21875 2.06666 0.0666599
1.21875 2.06666 0.0666599
1.25 2.06541 0.0654108
1.25 2.06541 0.0654108
1.28125 2.06401 0.0640051
1.28125 2.06401 0.0640051
1.3125 2.06245 0.0624468
1.3125 2.06245 0.0624468
1.34375 2.06074 0.0607407
1.34375 2.06074 0.0607407
1.375 2.05889 0.0588924
1.375 2.05889 0.0588924
1.40625 2.05691 0.0569084
1.40625 2.05691 0.0569084
1.4375 2.0548 0.0547967
1.4375 2.0548 0.0547967
1.46875 2.05257 0.0525666
1.46875 2.05257 0.0525666
1.5 2.05023 0.0502296
1.5 2.05023 0.0502296
1.53125 2.0478 0.0477992
1.53125 2.0478 0.0477992
1.5625 2.04529 0.045292
1.5625 2.04529 0.045292
1.59375 2.04273 0.0427273
1.59375 2.04273 0.0427273
1.625 2.04013 0.0401282
1.625 2.04013 0.0401282
1.65625 2.03752 0.0375213
1.65625 2.03752 0.0375213
1.6875 2.03494 0.0349372
1.6875 2.03494 0.0349372
1.71875 2.03241 0.03241
1.71875 2.03241 0.03241
1.75 2.02998 0.0299769
1.75 2.02998 0.0299769
1.78125 2.02768 0.0276776
1.78125 2.02768 0.0276776
1.8125 2.02555 0.0255531
1.8125 2.02555 0.0255531
1.84375 2.02364 0.0236445
1.84375 2.02364 0.0236445
1.875 2.02199 0.0219909
1.875 2.02199 0.0219909
1.90625 2.02063 0.0206284
1.90625 2.02063 0.0206284
1.9375 2.01959 0.0195878
1.9375 2.01959 0.0195878
1.96875 2.01889 0.018893
1.96875 2.01889 0.018893
2 2.01856 0.0185602
