# x y topography
0 2.01201 0.0120129
0.03125 2.01252 0.0125238
0.03125 2.01252 0.0125238
0.0625 2.01362 0.0136175
0.0625 2.01362 0.0136175
0.09375 2.01524 0.0152415
0.09375 2.01524 0.0152415
0.125 2.01732 0.0173215
0.125 2.01732 0.0173215
0.15625 2.01977 0.0197705
0.15625 2.01977 0.0197705
0.1875 2.0225 0.022498
0.1875 2.0225 0.022498
0.21875 2.02542 0.0254182
0.21875 2.02542 0.0254182
0.25 2.02846 0.0284551
0.25 2.02846 0.0284551
0.28125 2.03155 0.0315458
0.28125 2.03155 0.0315458
0.3125 2.03464 0.0346407
0.3125 2.03464 0.0346407
0.34375 2.0377 0.0377021
0.34375 2.0377 0.0377021
0.375 2.0407 0.0407026
0.375 2.0407 0.0407026
0.40625 2.04362 0.0436219
0.40625 2.04362 0.0436219
0.4375 2.04645 0.0464453
0.4375 2.04645 0.0464453
0.46875 2.04916 0.0491615
0.46875 2.04916 0.0491615
0.5 2.05176 0.0517617
0.5 2.05176 0.0517617
0.53125 2.05424 0.0542382
0.53125 2.05424 0.0542382
0.5625 2.05658 0.0565846
0.5625 2.05658 0.0565846
0.59375 2.05879 0.0587949
0.59375 2.05879 0.0587949
0.625 2.06086 0.0608637
0.625 2.06086 0.0608637
0.65625 2.06279 0.0627858
0.65625 2.06279 0.0627858
0.6875 2.06456 0.0645567
0.6875 2.06456 0.0645567
0.71875 2.06617 0.0661721
0.71875 2.06617 0.0661721
0.75 2.06763 0.067628
0.75 2.06763 0.067628
0.78125 2.06892 0.0689211
0.78125 2.06892 0.0689211
0.8125 2.07005 0.0700481
0.8125 2.07005 0.0700481
0.84375 2.07101 0.0710063
0.84375 2.07101 0.0710063
0.875 2.07179 0.0717935
0.875 2.07179 0.0717935
0.90625 2.07241 0.0724078
0.90625 2.07241 0.0724078
0.9375 2.07285 0.0728476
0.9375 2.07285 0.0728476
0.96875 2.07311 0.0731119
0.96875 2.07311 0.0731119
1 2.0732 0.0732001
1 2.0732 0.0732001
1.03125 2.07311 0.0731119
1.03125 2.07311 0.0731119
1.0625 2.07285 0.0728476
1.0625 2.07285 0.0728476
1.09375 2.07241 0.0724078
1.09375 2.07241 0.0724078
1.125 2.07179 0.0717935
1.125 2.07179 0.0717935
1.15625 2.07101 0.0710063
1.15625 2.07101 0.0710063
1.1875 2.07005 0.0700481
1.1875 2.07005 0.0700481
1.21875 2.06892 0.0689211
1.21875 2.06892 0.0689211
1.25 2.06763 0.067628
1.25 2.06763 0.067628
1.28125 2.06617 0.0661721
1.28125 2.06617 0.0661721
1.3125 2.06456 0.0645567
1.3125 2.06456 0.0645567
1.34375 2.06279 0.0627858
1.34375 2.06279 0.0627858
1.375 2.06086 0.0608637
1.375 2.06086 0.0608637
1.40625 2.05879 0.0587949
1.40625 2.05879 0.0587949
1.4375 2.05658 0.0565846
1.4375 2.05658 0.0565846
1.46875 2.05424 0.0542382
1.46875 2.05424 0.0542382
1.5 2.05176 0.0517617
1.5 2.05176 0.0517617
1.53125 2.04916 0.0491615
1.53125 2.04916 0.0491615
1.5625 2.04645 0.0464453
1.5625 2.04645 0.0464453
1.59375 2.04362 0.0436219
1.59375 2.04362 0.0436219
1.625 2.0407 0.0407026
1.625 2.0407 0.0407026
1.65625 2.0377 0.0377021
1.65625 2.0377 0.0377021
1.6875 2.03464 0.0346407
1.6875 2.03464 0.0346407
1.71875 2.03155 0.0315458
1.71875 2.03155 0.0315458
1.75 2.02846 0.0284551
1.75 2.02846 0.0284551
1.78125 2.02542 0.0254182
1.78125 2.02542 0.0254182
1.8125 2.0225 0.022498
1.8125 2.0225 0.022498
1.84375 2.01977 0.0197705
1.84375 2.01977 0.0197705
1.875 2.01732 0.0173215
1.875 2.01732 0.0173215
1.90625 2.01524 0.0152415
1.90625 2.01524 0.0152415
1.9375 2.01362 0.0136175
1.9375 2.01362 0.0136175
1.96875 2.01252 0.0125238
1.96875 2.01252 0.0125238
2 2.01201 0.0120129
