# x y topography
0 2.01642 0.0164204
0.03125 2.0168 0.0167981
0.03125 2.0168 0.0167981
0.0625 2.01759 0.0175947
0.0625 2.01759 0.0175947
0.09375 2.01879 0.0187876
0.09375 2.01879 0.0187876
0.125 2.02034 0.0203434
0.125 2.02034 0.0203434
0.15625 2.02222 0.0222198
0.15625 2.02222 0.0222198
0.1875 2.02437 0.0243691
0.1875 2.02437 0.0243691
0.21875 2.02674 0.0267401
0.21875 2.02674 0.0267401
0.25 2.02928 0.0292815
0.25 2.02928 0.0292815
0.28125 2.03194 0.031944
0.28125 2.03194 0.031944
0.3125 2.03468 0.0346817
0.3125 2.03468 0.0346817
0.34375 2.03745 0.0374536
0.34375 2.03745 0.0374536
0.375 2.04022 0.0402242
0.375 2.04022 0.0402242
0.40625 2.04296 0.0429632
0.40625 2.04296 0.0429632
0.4375 2.04565 0.0456453
0.4375 2.04565 0.0456453
0.46875 2.04825 0.04825
0.46875 2.04825 0.04825
0.5 2.05076 0.0507607
0.5 2.05076 0.0507607
0.53125 2.05316 0.0531636
0.53125 2.05316 0.0531636
0.5625 2.05545 0.055448
0.5625 2.05545 0.055448
0.59375 2.0576 0.0576047
0.59375 2.0576 0.0576047
0.625 2.05963 0.0596263
0.625 2.05963 0.0596263
0.65625 2.06151 0.0615064
0.65625 2.06151 0.0615064
0.6875 2.06324 0.0632396
0.6875 2.06324 0.0632396
0.71875 2.06482 0.0648211
0.71875 2.06482 0.0648211
0.75 2.06625 0.0662469
0.75 2.06625 0.0662469
0.78125 2.06751 0.0675133
0.78125 2.06751 0.0675133
0.8125 2.06862 0.0686172
0.8125 2.06862 0.0686172
0.84375 2.06956 0.0695558
0.84375 2.06956 0.0695558
0.875 2.07033 0.0703269
0.875 2.07033 0.0703269
0.90625 2.07093 0.0709286
0.90625 2.07093 0.0709286
0.9375 2.07136 0.0713594
0.9375 2.07136 0.0713594
0.96875 2.07162 0.0716183
0.96875 2.07162 0.0716183
1 2.0717 0.0717046
1 2.0717 0.0717046
1.03125 2.07162 0.0716183
1.03125 2.07162 0.0716183
1.0625 2.07136 0.0713594
1.0625 2.07136 0.0713594
1.09375 2.07093 0.0709286
1.09375 2.07093 0.0709286
1.125 2.07033 0.0703269
1.125 2.07033 0.0703269
1.15625 2.06956 0.0695558
1.15625 2.06956 0.0695558
1.1875 2.06862 0.0686172
1.1875 2.06862 0.0686172
1.21875 2.06751 0.0675133
1.21875 2.06751 0.0675133
1.25 2.06625 0.0662469
1.25 2.06625 0.0662469
1.28125 2.06482 0.0648211
1.28125 2.06482 0.0648211
1.3125 2.06324 0.0632396
1.3125 2.06324 0.0632396
1.34375 2.06151 0.0615064
1.34375 2.06151 0.0615064
1.375 2.05963 0.0596263
1.375 2.05963 0.0596263
1.40625 2.0576 0.0576047
1.40625 2.0576 0.0576047
1.4375 2.05545 0.055448
1.4375 2.05545 0.055448
1.46875 2.05316 0.0531636
1.46875 2.05316 0.0531636
1.5 2.05076 0.0507607
1.5 2.05076 0.0507607
1.53125 2.04825 0.04825
1.53125 2.04825 0.04825
1.5625 2.04565 0.0456453
1.5625 2.04565 0.0456453
1.59375 2.04296 0.0429632
1.59375 2.04296 0.0429632
1.625 2.04022 0.0402242
1.625 2.04022 0.0402242
1.65625 2.03745 0.0374536
1.65625 2.03745 0.0374536
1.6875 2.03468 0.0346817
1.6875 2.03468 0.0346817
1.71875 2.03194 0.031944
1.71875 2.03194 0.031944
1.75 2.02928 0.0292815
1.75 2.02928 0.0292815
1.78125 2.02674 0.0267401
1.78125 2.02674 0.0267401
1.8125 2.02437 0.0243691
1.8125 2.02437 0.0243691
1.84375 2.02222 0.0222198
1.84375 2.02222 0.0222198
1.875 2.02034 0.0203434
1.875 2.02034 0.0203434
1.90625 2.01879 0.0187876
1.90625 2.01879 0.0187876
1.9375 2.01759 0.0175947
1.9375 2.01759 0.0175947
1.96875 2.0168 0.0167981
1.96875 2.0168 0.0167981
2 2.01642 0.0164204
