# x y topography
0 2.01262 0.0126204
0.03125 2.01311 0.0131082
0.03125 2.01311 0.0131082
0.0625 2.01415 0.0141512
0.0625 2.01415 0.0141512
0.09375 2.0157 0.0157031
0.09375 2.0157 0.0157031
0.125 2.0177 0.0176982
0.125 2.0177 0.0176982
0.15625 2.02006 0.0200582
0.15625 2.02006 0.0200582
0.1875 2.0227 0.0227003
0.1875 2.0227 0.0227003
0.21875 2.02554 0.0255443
0.21875 2.02554 0.0255443
0.25 2.02852 0.0285171
0.25 2.02852 0.0285171
0.28125 2.03156 0.0315566
0.28125 2.03156 0.0315566
0.3125 2.03461 0.0346123
0.3125 2.03461 0.0346123
0.34375 2.03764 0.0376445
0.34375 2.03764 0.0376445
0.375 2.04062 0.0406235
0.375 2.04062 0.0406235
0.40625 2.04353 0.043527
0.40625 2.04353 0.043527
0.4375 2.04634 0.0463384
0.4375 2.04634 0.0463384
0.46875 2.04905 0.0490452
0.46875 2.04905 0.0490452
0.5 2.05164 0.0516376
0.5 2.05164 0.0516376
0.53125 2.05411 0.0541074
0.53125 2.05411 0.0541074
0.5625 2.05645 0.0564477
0.5625 2.05645 0.0564477
0.59375 2.05865 0.0586524
0.59375 2.05865 0.0586524
0.625 2.06072 0.0607161
0.625 2.06072 0.0607161
0.65625 2.06263 0.0626335
0.65625 2.06263 0.0626335
0.6875 2.0644 0.0644001
0.6875 2.0644 0.0644001
0.71875 2.06601 0.0660116
0.71875 2.06601 0.0660116
0.75 2.06746 0.067464
0.75 2.06746 0.067464
0.78125 2.06875 0.0687539
0.78125 2.06875 0.0687539
0.8125 2.06988 0.0698782
0.8125 2.06988 0.0698782
0.84375 2.07083 0.0708341
0.84375 2.07083 0.0708341
0.875 2.07162 0.0716194
0.875 2.07162 0.0716194
0.90625 2.07223 0.0722321
0.90625 2.07223 0.0722321
0.9375 2.07267 0.0726709
0.9375 2.07267 0.0726709
0.96875 2.07293 0.0729345
0.96875 2.07293 0.0729345
1 2.07302 0.0730225
1 2.07302 0.0730225
1.03125 2.07293 0.0729345
1.03125 2.07293 0.0729345
1.0625 2.07267 0.0726709
1.0625 2.07267 0.0726709
1.09375 2.07223 0.0722321
1.09375 2.07223 0.0722321
1.125 2.07162 0.0716194
1.125 2.07162 0.0716194
1.15625 2.07083 0.0708341
1.15625 2.07083 0.0708341
1.1875 2.06988 0.0698782
1.1875 2.06988 0.0698782
1.21875 2.06875 0.0687539
1.21875 2.06875 0.0687539
1.25 2.06746 0.067464
1.25 2.06746 0.067464
1.28125 2.06601 0.0660116
1.28125 2.06601 0.0660116
1.3125 2.0644 0.0644001
1.3125 2.0644 0.0644001
1.34375 2.06263 0.0626335
1.34375 2.06263 0.0626335
1.375 2.06072 0.0607161
1.375 2.06072 0.0607161
1.40625 2.05865 0.0586524
1.40625 2.05865 0.0586524
1.4375 2.05645 0.0564477
1.4375 2.05645 0.0564477
1.46875 2.05411 0.0541074
1.46875 2.05411 0.0541074
1.5 2.05164 0.0516376
1.5 2.05164 0.0516376
1.53125 2.04905 0.0490452
1.53125 2.04905 0.0490452
1.5625 2.04634 0.0463384
1.5625 2.04634 0.0463384
1.59375 2.04353 0.043527
1.59375 2.04353 0.043527
1.625 2.04062 0.0406235
1.625 2.04062 0.0406235
1.65625 2.03764 0.0376445
1.65625 2.03764 0.0376445
1.6875 2.03461 0.0346123
1.6875 2.03461 0.0346123
1.71875 2.03156 0.0315566
1.71875 2.03156 0.0315566
1.75 2.02852 0.0285171
1.75 2.02852 0.0285171
1.78125 2.02554 0.0255443
1.78125 2.02554 0.0255443
1.8125 2.0227 0.0227003
1.8125 2.0227 0.0227003
1.84375 2.02006 0.0200582
1.84375 2.02006 0.0200582
1.875 2.0177 0.0176982
1.875 2.0177 0.0176982
1.90625 2.0157 0.0157031
1.90625 2.0157 0.0157031
1.9375 2.01415 0.0141512
1.9375 2.01415 0.0141512
1.96875 2.01311 0.0131082
1.96875 2.01311 0.0131082
2 2.01262 0.0126204
