# x y topography
0 2.01758 0.0175813
0.03125 2.01793 0.0179335
0.03125 2.01793 0.0179335
0.0625 2.01867 0.0186724
0.0625 2.01867 0.0186724
0.09375 2.01978 0.0197793
0.09375 2.01978 0.0197793
0.125 2.02123 0.0212263
0.125 2.02123 0.0212263
0.15625 2.02298 0.022978
0.15625 2.02298 0.022978
0.1875 2.02499 0.0249934
0.1875 2.02499 0.0249934
0.21875 2.02723 0.0272283
0.21875 2.02723 0.0272283
0.25 2.02964 0.0296372
0.25 2.02964 0.0296372
0.28125 2.03218 0.0321755
0.28125 2.03218 0.0321755
0.3125 2.0348 0.0348004
0.3125 2.0348 0.0348004
0.34375 2.03747 0.0374729
0.34375 2.03747 0.0374729
0.375 2.04016 0.0401579
0.375 2.04016 0.0401579
0.40625 2.04282 0.0428246
0.40625 2.04282 0.0428246
0.4375 2.04545 0.0454468
0.4375 2.04545 0.0454468
0.46875 2.048 0.0480023
0.46875 2.048 0.0480023
0.5 2.05047 0.0504728
0.5 2.05047 0.0504728
0.53125 2.05284 0.0528431
0.53125 2.05284 0.0528431
0.5625 2.0551 0.0551006
0.5625 2.0551 0.0551006
0.59375 2.05724 0.057235
0.59375 2.05724 0.057235
0.625 2.05924 0.059238
0.625 2.05924 0.059238
0.65625 2.0611 0.0611022
0.65625 2.0611 0.0611022
0.6875 2.06282 0.0628218
0.6875 2.06282 0.0628218
0.71875 2.06439 0.0643915
0.71875 2.06439 0.0643915
0.75 2.06581 0.0658071
0.75 2.06581 0.0658071
0.78125 2.06706 0.0670646
0.78125 2.06706 0.0670646
0.8125 2.06816 0.0681609
0.8125 2.06816 0.0681609
0.84375 2.06909 0.0690931
0.84375 2.06909 0.0690931
0.875 2.06986 0.069859
0.875 2.06986 0.069859
0.90625 2.07046 0.0704566
0.90625 2.07046 0.0704566
0.9375 2.07088 0.0708846
0.9375 2.07088 0.0708846
0.96875 2.07114 0.0711417
0.96875 2.07114 0.0711417
1 2.07123 0.0712275
1 2.07123 0.0712275
1.03125 2.07114 0.0711417
1.03125 2.07114 0.0711417
1.0625 2.07088 0.0708846
1.0625 2.07088 0.0708846
1.09375 2.07046 0.0704566
1.09375 2.07046 0.0704566
1.125 2.06986 0.069859
1.125 2.06986 0.069859
1.15625 2.06909 0.0690931
1.15625 2.06909 0.0690931
1.1875 2.06816 0.0681609
1.1875 2.06816 0.0681609
1.21875 2.06706 0.0670646
1.21875 2.06706 0.0670646
1.25 2.06581 0.0658071
1.25 2.06581 0.0658071
1.28125 2.06439 0.0643915
1.28125 2.06439 0.0643915
1.3125 2.06282 0.0628218
1.3125 2.06282 0.0628218
1.34375 2.0611 0.0611022
1.34375 2.0611 0.0611022
1.375 2.05924 0.059238
1.375 2.05924 0.059238
1.40625 2.05724 0.057235
1.40625 2.05724 0.057235
1.4375 2.0551 0.0551006
1.4375 2.0551 0.0551006
1.46875 2.05284 0.0528431
1.46875 2.05284 0.0528431
1.5 2.05047 0.0504728
1.5 2.05047 0.0504728
1.53125 2.048 0.0480023
1.53125 2.048 0.0480023
1.5625 2.04545 0.0454468
1.5625 2.04545 0.0454468
1.59375 2.04282 0.0428246
1.59375 2.04282 0.0428246
1.625 2.04016 0.0401579
1.625 2.04016 0.0401579
1.65625 2.03747 0.0374729
1.65625 2.03747 0.0374729
1.6875 2.0348 0.0348004
1.6875 2.0348 0.0348004
1.71875 2.03218 0.0321755
1.71875 2.03218 0.0321755
1.75 2.02964 0.0296372
1.75 2.02964 0.0296372
1.78125 2.02723 0.0272283
1.78125 2.02723 0.0272283
1.8125 2.02499 0.0249934
1.8125 2.02499 0.0249934
1.84375 2.02298 0.022978
1.84375 2.02298 0.022978
1.875 2.02123 0.0212263
1.875 2.02123 0.0212263
1.90625 2.01978 0.0197793
1.90625 2.01978 0.0197793
1.9375 2.01867 0.0186724
1.9375 2.01867 0.0186724
1.96875 2.01793 0.0179335
1.96875 2.01793 0.0179335
2 2.01758 0.0175813
