# x y topography
0 2.01545 0.0154513
0.03125 2.01585 0.0158527
0.03125 2.01585 0.0158527
0.0625 2.0167 0.0167028
0.0625 2.0167 0.0167028
0.09375 2.01797 0.0179748
0.09375 2.01797 0.0179748
0.125 2.01963 0.0196294
0.125 2.01963 0.0196294
0.15625 2.02162 0.0216177
0.15625 2.02162 0.0216177
0.1875 2.02388 0.0238848
0.1875 2.02388 0.0238848
0.21875 2.02637 0.0263732
0.21875 2.02637 0.0263732
0.25 2.02903 0.0290264
0.25 2.02903 0.0290264
0.28125 2.03179 0.0317909
0.28125 2.03179 0.0317909
0.3125 2.03462 0.0346188
0.3125 2.03462 0.0346188
0.34375 2.03747 0.037468
0.34375 2.03747 0.037468
0.375 2.0403 0.0403031
0.375 2.0403 0.0403031
0.40625 2.04309 0.0430949
0.40625 2.04309 0.0430949
0.4375 2.04582 0.0458197
0.4375 2.04582 0.0458197
0.46875 2.04846 0.0484587
0.46875 2.04846 0.0484587
0.5 2.051 0.0509968
0.5 2.051 0.0509968
0.53125 2.05342 0.0534221
0.53125 2.05342 0.0534221
0.5625 2.05572 0.0557247
0.5625 2.05572 0.0557247
0.59375 2.0579 0.0578967
0.59375 2.0579 0.0578967
0.625 2.05993 0.0599312
0.625 2.05993 0.0599312
0.65625 2.06182 0.0618226
0.65625 2.06182 0.0618226
0.6875 2.06357 0.0635656
0.6875 2.06357 0.0635656
0.71875 2.06516 0.0651558
0.71875 2.06516 0.0651558
0.75 2.06659 0.0665893
0.75 2.06659 0.0665893
0.78125 2.06786 0.0678624
0.78125 2.06786 0.0678624
0.8125 2.06897 0.068972
0.8125 2.06897 0.068972
0.84375 2.06992 0.0699156
0.84375 2.06992 0.0699156
0.875 2.07069 0.0706907
0.875 2.07069 0.0706907
0.90625 2.0713 0.0712955
0.90625 2.0713 0.0712955
0.9375 2.07173 0.0717285
0.9375 2.07173 0.0717285
0.96875 2.07199 0.0719887
0.96875 2.07199 0.0719887
1 2.07208 0.0720756
1 2.07208 0.0720756
1.03125 2.07199 0.0719887
1.03125 2.07199 0.0719887
1.0625 2.07173 0.0717285
1.0625 2.07173 0.0717285
1.09375 2.0713 0.0712955
1.09375 2.0713 0.0712955
1.125 2.07069 0.0706907
1.125 2.07069 0.0706907
1.15625 2.06992 0.0699156
1.15625 2.06992 0.0699156
1.1875 2.06897 0.068972
1.1875 2.06897 0.068972
1.21875 2.06786 0.0678624
1.21875 2.06786 0.0678624
1.25 2.06659 0.0665893
1.25 2.06659 0.0665893
1.28125 2.06516 0.0651558
1.28125 2.06516 0.0651558
1.3125 2.06357 0.0635656
1.3125 2.06357 0.0635656
1.34375 2.06182 0.0618226
1.34375 2.06182 0.0618226
1.375 2.05993 0.0599312
1.375 2.05993 0.0599312
1.40625 2.0579 0.0578967
1.40625 2.0579 0.0578967
1.4375 2.05572 0.0557247
1.4375 2.05572 0.0557247
1.46875 2.05342 0.0534221
1.46875 2.05342 0.0534221
1.5 2.051 0.0509968
1.5 2.051 0.0509968
1.53125 2.04846 0.0484587
1.53125 2.04846 0.0484587
1.5625 2.04582 0.0458197
1.5625 2.04582 0.0458197
1.59375 2.04309 0.0430949
1.59375 2.04309 0.0430949
1.625 2.0403 0.0403031
1.625 2.0403 0.0403031
1.65625 2.03747 0.037468
1.65625 2.03747 0.037468
1.6875 2.03462 0.0346188
1.6875 2.03462 0.0346188
1.71875 2.03179 0.0317909
1.71875 2.03179 0.0317909
1.75 2.02903 0.0290264
1.75 2.02903 0.0290264
1.78125 2.02637 0.0263732
1.78125 2.02637 0.0263732
1.8125 2.02388 0.0238848
1.8125 2.02388 0.0238848
1.84375 2.02162 0.0216177
1.84375 2.02162 0.0216177
1.875 2.01963 0.0196294
1.875 2.01963 0.0196294
1.90625 2.01797 0.0179748
1.90625 2.01797 0.0179748
1.9375 2.0167 0.0167028
1.9375 2.0167 0.0167028
1.96875 2.01585 0.0158527
1.96875 2.01585 0.0158527
2 2.01545 0.0154513
