# x y topography
0 2.01217 0.0121678
0.03125 2.01267 0.0126726
0.03125 2.01267 0.0126726
0.0625 2.01375 0.013753
0.0625 2.01375 0.013753
0.09375 2.01536 0.0153581
0.09375 2.01536 0.0153581
0.125 2.01742 0.017416
0.125 2.01742 0.017416
0.15625 2.01984 0.019842
0.15625 2.01984 0.019842
0.1875 2.02255 0.0225477
0.1875 2.02255 0.0225477
0.21875 2.02545 0.0254485
0.21875 2.02545 0.0254485
0.25 2.02847 0.0284693
0.25 2.02847 0.0284693
0.28125 2.03155 0.0315474
0.28125 2.03155 0.0315474
0.3125 2.03463 0.0346326
0.3125 2.03463 0.0346326
0.34375 2.03769 0.037687
0.34375 2.03769 0.037687
0.375 2.04068 0.0406823
0.375 2.04068 0.0406823
0.40625 2.0436 0.0435978
0.40625 2.0436 0.0435978
0.4375 2.04642 0.0464183
0.4375 2.04642 0.0464183
0.46875 2.04913 0.0491323
0.46875 2.04913 0.0491323
0.5 2.05173 0.0517306
0.5 2.05173 0.0517306
0.53125 2.05421 0.0542055
0.53125 2.05421 0.0542055
0.5625 2.05655 0.0565503
0.5625 2.05655 0.0565503
0.59375 2.05876 0.0587593
0.59375 2.05876 0.0587593
0.625 2.06083 0.0608267
0.625 2.06083 0.0608267
0.65625 2.06275 0.0627477
0.65625 2.06275 0.0627477
0.6875 2.06452 0.0645175
0.6875 2.06452 0.0645175
0.71875 2.06613 0.0661319
0.71875 2.06613 0.0661319
0.75 2.06759 0.067587
0.75 2.06759 0.067587
0.78125 2.06888 0.0688792
0.78125 2.06888 0.0688792
0.8125 2.07001 0.0700056
0.8125 2.07001 0.0700056
0.84375 2.07096 0.0709632
0.84375 2.07096 0.0709632
0.875 2.07175 0.07175
0.875 2.07175 0.07175
0.90625 2.07236 0.0723638
0.90625 2.07236 0.0723638
0.9375 2.0728 0.0728034
0.9375 2.0728 0.0728034
0.96875 2.07307 0.0730675
0.96875 2.07307 0.0730675
1 2.07316 0.0731556
1 2.07316 0.0731556
1.03125 2.07307 0.0730675
1.03125 2.07307 0.0730675
1.0625 2.0728 0.0728034
1.0625 2.0728 0.0728034
1.09375 2.07236 0.0723638
1.09375 2.07236 0.0723638
1.125 2.07175 0.07175
1.125 2.07175 0.07175
1.15625 2.07096 0.0709632
1.15625 2.07096 0.0709632
1.1875 2.07001 0.0700056
1.1875 2.07001 0.0700056
1.21875 2.06888 0.0688792
1.21875 2.06888 0.0688792
1.25 2.06759 0.067587
1.25 2.06759 0.067587
1.28125 2.06613 0.0661319
1.28125 2.06613 0.0661319
1.3125 2.06452 0.0645175
1.3125 2.06452 0.0645175
1.34375 2.06275 0.0627477
1.34375 2.06275 0.0627477
1.375 2.06083 0.0608267
1.375 2.06083 0.0608267
1.40625 2.05876 0.0587593
1.40625 2.05876 0.0587593
1.4375 2.05655 0.0565503
1.4375 2.05655 0.0565503
1.46875 2.05421 0.0542055
1.46875 2.05421 0.0542055
1.5 2.05173 0.0517306
1.5 2.05173 0.0517306
1.53125 2.04913 0.0491323
1.53125 2.04913 0.0491323
1.5625 2.04642 0.0464183
1.5625 2.04642 0.0464183
1.59375 2.0436 0.0435978
1.59375 2.0436 0.0435978
1.625 2.04068 0.0406823
1.625 2.04068 0.0406823
1.65625 2.03769 0.037687
1.65625 2.03769 0.037687
1.6875 2.03463 0.0346326
1.6875 2.03463 0.0346326
1.71875 2.03155 0.0315474
1.71875 2.03155 0.0315474
1.75 2.02847 0.0284693
1.75 2.02847 0.0284693
1.78125 2.02545 0.0254485
1.78125 2.02545 0.0254485
1.8125 2.02255 0.0225477
1.8125 2.02255 0.0225477
1.84375 2.01984 0.019842
1.84375 2.01984 0.019842
1.875 2.01742 0.017416
1.875 2.01742 0.017416
1.90625 2.01536 0.0153581
1.90625 2.01536 0.0153581
1.9375 2.01375 0.013753
1.9375 2.01375 0.013753
1.96875 2.01267 0.0126726
1.96875 2.01267 0.0126726
2 2.01217 0.0121678
