# x y topography
0 2.00948 0.00947672
0.03125 2.01011 0.0101103
0.03125 2.01011 0.0101103
0.0625 2.01147 0.0114697
0.0625 2.01147 0.0114697
0.09375 2.01346 0.0134581
0.09375 2.01346 0.0134581
0.125 2.01595 0.015947
0.125 2.01595 0.015947
0.15625 2.0188 0.0187986
0.15625 2.0188 0.0187986
0.1875 2.02188 0.0218849
0.1875 2.02188 0.0218849
0.21875 2.0251 0.0250997
0.21875 2.0251 0.0250997
0.25 2.02836 0.028363
0.25 2.02836 0.028363
0.28125 2.03162 0.0316188
0.28125 2.03162 0.0316188
0.3125 2.03483 0.0348299
0.3125 2.03483 0.0348299
0.34375 2.03797 0.0379723
0.34375 2.03797 0.0379723
0.375 2.04103 0.04103
0.375 2.04103 0.04103
0.40625 2.04399 0.0439917
0.40625 2.04399 0.0439917
0.4375 2.04685 0.0468486
0.4375 2.04685 0.0468486
0.46875 2.04959 0.049593
0.46875 2.04959 0.049593
0.5 2.05222 0.052218
0.5 2.05222 0.052218
0.53125 2.05472 0.0547173
0.53125 2.05472 0.0547173
0.5625 2.05708 0.0570848
0.5625 2.05708 0.0570848
0.59375 2.05931 0.0593148
0.59375 2.05931 0.0593148
0.625 2.0614 0.0614019
0.625 2.0614 0.0614019
0.65625 2.06334 0.063341
0.65625 2.06334 0.063341
0.6875 2.06513 0.0651276
0.6875 2.06513 0.0651276
0.71875 2.06676 0.0667573
0.71875 2.06676 0.0667573
0.75 2.06823 0.0682261
0.75 2.06823 0.0682261
0.78125 2.06953 0.0695306
0.78125 2.06953 0.0695306
0.8125 2.07067 0.0706676
0.8125 2.07067 0.0706676
0.84375 2.07163 0.0716343
0.84375 2.07163 0.0716343
0.875 2.07243 0.0724285
0.875 2.07243 0.0724285
0.90625 2.07305 0.0730481
0.90625 2.07305 0.0730481
0.9375 2.07349 0.0734918
0.9375 2.07349 0.0734918
0.96875 2.07376 0.0737585
0.96875 2.07376 0.0737585
1 2.07385 0.0738474
1 2.07385 0.0738474
1.03125 2.07376 0.0737585
1.03125 2.07376 0.0737585
1.0625 2.07349 0.0734918
1.0625 2.07349 0.0734918
1.09375 2.07305 0.0730481
1.09375 2.07305 0.0730481
1.125 2.07243 0.0724285
1.125 2.07243 0.0724285
1.15625 2.07163 0.0716343
1.15625 2.07163 0.0716343
1.1875 2.07067 0.0706676
1.1875 2.07067 0.0706676
1.21875 2.06953 0.0695306
1.21875 2.06953 0.0695306
1.25 2.06823 0.0682261
1.25 2.06823 0.0682261
1.28125 2.06676 0.0667573
1.28125 2.06676 0.0667573
1.3125 2.06513 0.0651276
1.3125 2.06513 0.0651276
1.34375 2.06334 0.063341
1.34375 2.06334 0.063341
1.375 2.0614 0.0614019
1.375 2.0614 0.0614019
1.40625 2.05931 0.0593148
1.40625 2.05931 0.0593148
1.4375 2.05708 0.0570848
1.4375 2.05708 0.0570848
1.46875 2.05472 0.0547173
1.46875 2.05472 0.0547173
1.5 2.05222 0.052218
1.5 2.05222 0.052218
1.53125 2.04959 0.049593
1.53125 2.04959 0.049593
1.5625 2.04685 0.0468486
1.5625 2.04685 0.0468486
1.59375 2.04399 0.0439917
1.59375 2.04399 0.0439917
1.625 2.04103 0.04103
1.625 2.04103 0.04103
1.65625 2.03797 0.0379723
1.65625 2.03797 0.0379723
1.6875 2.03483 0.0348299
1.6875 2.03483 0.0348299
1.71875 2.03162 0.0316188
1.71875 2.03162 0.0316188
1.75 2.02836 0.028363
1.75 2.02836 0.028363
1.78125 2.0251 0.0250997
1.78125 2.0251 0.0250997
1.8125 2.02188 0.0218849
1.8125 2.02188 0.0218849
1.84375 2.0188 0.0187986
1.84375 2.0188 0.0187986
1.875 2.01595 0.015947
1.875 2.01595 0.015947
1.90625 2.01346 0.0134581
1.90625 2.01346 0.0134581
1.9375 2.01147 0.0114697
1.9375 2.01147 0.0114697
1.96875 2.01011 0.0101103
1.96875 2.01011 0.0101103
2 2.00948 0.00947672
