# x y topography analytical topography
0 3 0 0.00901173
0.046875 3.011 0.0110048 0.00947177
0.046875 3.011 0.0110048 0.00947177
0.09375 3.02177 0.0217714 0.0108036
0.09375 3.02177 0.0217714 0.0108036
0.140625 3.03207 0.0320666 0.0128761
0.140625 3.03207 0.0320666 0.0128761
0.1875 3.04167 0.0416678 0.0155105
0.1875 3.04167 0.0416678 0.0155105
0.234375 3.05037 0.0503669 0.0185212
0.234375 3.05037 0.0503669 0.0185212
0.28125 3.05798 0.0579758 0.0217477
0.28125 3.05798 0.0579758 0.0217477
0.328125 3.06433 0.0643296 0.0250698
0.328125 3.06433 0.0643296 0.0250698
0.375 3.06929 0.069291 0.0284073
0.375 3.06929 0.069291 0.0284073
0.421875 3.07275 0.0727523 0.0317114
0.421875 3.07275 0.0727523 0.0317114
0.46875 3.07464 0.0746389 0.0349537
0.46875 3.07464 0.0746389 0.0349537
0.515625 3.07491 0.0749097 0.0381173
0.515625 3.07491 0.0749097 0.0381173
0.5625 3.07356 0.0735589 0.041191
0.5625 3.07356 0.0735589 0.041191
0.609375 3.07062 0.0706158 0.044166
0.609375 3.07062 0.0706158 0.044166
0.65625 3.06614 0.0661441 0.0470348
0.65625 3.06614 0.0661441 0.0470348
0.703125 3.06024 0.0602406 0.0497903
0.703125 3.06024 0.0602406 0.0497903
0.75 3.05303 0.053033 0.0524259
0.75 3.05303 0.053033 0.0524259
0.796875 3.04468 0.0446774 0.0549351
0.796875 3.04468 0.0446774 0.0549351
0.84375 3.03535 0.0353548 0.057312
0.84375 3.03535 0.0353548 0.057312
0.890625 3.02527 0.0252667 0.0595509
0.890625 3.02527 0.0252667 0.0595509
0.9375 3.01463 0.0146318 0.0616463
0.9375 3.01463 0.0146318 0.0616463
0.984375 3.00368 0.00368008 0.0635932
0.984375 3.00368 0.00368008 0.0635932
1.03125 2.99265 -0.00735129 0.0653868
1.03125 2.99265 -0.00735129 0.0653868
1.07812 2.98178 -0.0182235 0.067023
1.07812 2.98178 -0.0182235 0.067023
1.125 2.9713 -0.0287013 0.0684977
1.125 2.9713 -0.0287013 0.0684977
1.17188 2.96144 -0.0385577 0.0698074
1.17188 2.96144 -0.0385577 0.0698074
1.21875 2.95242 -0.0475795 0.0709489
1.21875 2.95242 -0.0475795 0.0709489
1.26562 2.94443 -0.0555713 0.0719194
1.26562 2.94443 -0.0555713 0.0719194
1.3125 2.93764 -0.0623602 0.0727168
1.3125 2.93764 -0.0623602 0.0727168
1.35938 2.9322 -0.0677992 0.0733389
1.35938 2.9322 -0.0677992 0.0733389
1.40625 2.92823 -0.0717705 0.0737844
1.40625 2.92823 -0.0717705 0.0737844
1.45312 2.92581 -0.0741882 0.0740521
1.45312 2.92581 -0.0741882 0.0740521
1.5 2.925 -0.075 0.0741414
1.5 2.925 -0.075 0.0741414
1.54688 2.92581 -0.0741882 0.0740521
1.54688 2.92581 -0.0741882 0.0740521
1.59375 2.92823 -0.0717705 0.0737844
1.59375 2.92823 -0.0717705 0.0737844
1.64062 2.9322 -0.0677992 0.0733389
1.64062 2.9322 -0.0677992 0.0733389
1.6875 2.93764 -0.0623602 0.0727168
1.6875 2.93764 -0.0623602 0.0727168
1.73438 2.94443 -0.0555713 0.0719194
1.73438 2.94443 -0.0555713 0.0719194
1.78125 2.95242 -0.0475795 0.0709489
1.78125 2.95242 -0.0475795 0.0709489
1.82812 2.96144 -0.0385577 0.0698074
1.82812 2.96144 -0.0385577 0.0698074
1.875 2.9713 -0.0287013 0.0684977
1.875 2.9713 -0.0287013 0.0684977
1.92188 2.98178 -0.0182235 0.067023
1.92188 2.98178 -0.0182235 0.067023
1.96875 2.99265 -0.00735129 0.0653868
1.96875 2.99265 -0.00735129 0.0653868
2.01562 3.00368 0.00368008 0.0635932
2.01562 3.00368 0.00368008 0.0635932
2.0625 3.01463 0.0146318 0.0616463
2.0625 3.01463 0.0146318 0.0616463
2.10938 3.02527 0.0252667 0.0595509
2.10938 3.02527 0.0252667 0.0595509
2.15625 3.03535 0.0353548 0.057312
2.15625 3.03535 0.0353548 0.057312
2.20312 3.04468 0.0446774 0.0549351
2.20312 3.04468 0.0446774 0.0549351
2.25 3.05303 0.053033 0.0524259
2.25 3.05303 0.053033 0.0524259
2.29688 3.06024 0.0602406 0.0497903
2.29688 3.06024 0.0602406 0.0497903
2.34375 3.06614 0.0661441 0.0470348
2.34375 3.06614 0.0661441 0.0470348
2.39062 3.07062 0.0706158 0.044166
2.39062 3.07062 0.0706158 0.044166
2.4375 3.07356 0.0735589 0.041191
2.4375 3.07356 0.0735589 0.041191
2.48438 3.07491 0.0749097 0.0381173
2.48438 3.07491 0.0749097 0.0381173
2.53125 3.07464 0.0746389 0.0349537
2.53125 3.07464 0.0746389 0.0349537
2.57812 3.07275 0.0727523 0.0317114
2.57812 3.07275 0.0727523 0.0317114
2.625 3.06929 0.069291 0.0284073
2.625 3.06929 0.069291 0.0284073
2.67188 3.06433 0.0643296 0.0250698
2.67188 3.06433 0.0643296 0.0250698
2.71875 3.05798 0.0579758 0.0217477
2.71875 3.05798 0.0579758 0.0217477
2.76562 3.05037 0.0503669 0.0185212
2.76562 3.05037 0.0503669 0.0185212
2.8125 3.04167 0.0416678 0.0155105
2.8125 3.04167 0.0416678 0.0155105
2.85938 3.03207 0.0320666 0.0128761
2.85938 3.03207 0.0320666 0.0128761
2.90625 3.02177 0.0217714 0.0108036
2.90625 3.02177 0.0217714 0.0108036
2.95312 3.011 0.0110048 0.00947177
2.95312 3.011 0.0110048 0.00947177
3 3 0 0.00901173
