# x y topography analytical topography
0 3 0 0.0136258
0.046875 3.011 0.0110048 0.0139192
0.046875 3.011 0.0110048 0.0139192
0.09375 3.02177 0.0217714 0.014785
0.09375 3.02177 0.0217714 0.014785
0.140625 3.03207 0.0320666 0.016182
0.140625 3.03207 0.0320666 0.016182
0.1875 3.04167 0.0416678 0.0180472
0.1875 3.04167 0.0416678 0.0180472
0.234375 3.05037 0.0503669 0.0203029
0.234375 3.05037 0.0503669 0.0203029
0.28125 3.05798 0.0579758 0.0228649
0.28125 3.05798 0.0579758 0.0228649
0.328125 3.06433 0.0643296 0.0256498
0.328125 3.06433 0.0643296 0.0256498
0.375 3.06929 0.069291 0.0285812
0.375 3.06929 0.069291 0.0285812
0.421875 3.07275 0.0727523 0.0315929
0.421875 3.07275 0.0727523 0.0315929
0.46875 3.07464 0.0746389 0.0346306
0.46875 3.07464 0.0746389 0.0346306
0.515625 3.07491 0.0749097 0.0376518
0.515625 3.07491 0.0749097 0.0376518
0.5625 3.07356 0.0735589 0.0406242
0.5625 3.07356 0.0735589 0.0406242
0.609375 3.07062 0.0706158 0.0435239
0.609375 3.07062 0.0706158 0.0435239
0.65625 3.06614 0.0661441 0.0463332
0.65625 3.06614 0.0661441 0.0463332
0.703125 3.06024 0.0602406 0.0490387
0.703125 3.06024 0.0602406 0.0490387
0.75 3.05303 0.053033 0.0516303
0.75 3.05303 0.053033 0.0516303
0.796875 3.04468 0.0446774 0.0540995
0.796875 3.04468 0.0446774 0.0540995
0.84375 3.03535 0.0353548 0.0564394
0.84375 3.03535 0.0353548 0.0564394
0.890625 3.02527 0.0252667 0.0586438
0.890625 3.02527 0.0252667 0.0586438
0.9375 3.01463 0.0146318 0.0607072
0.9375 3.01463 0.0146318 0.0607072
0.984375 3.00368 0.00368008 0.0626243
0.984375 3.00368 0.00368008 0.0626243
1.03125 2.99265 -0.00735129 0.0643907
1.03125 2.99265 -0.00735129 0.0643907
1.07812 2.98178 -0.0182235 0.0660019
1.07812 2.98178 -0.0182235 0.0660019
1.125 2.9713 -0.0287013 0.0674541
1.125 2.9713 -0.0287013 0.0674541
1.17188 2.96144 -0.0385577 0.0687438
1.17188 2.96144 -0.0385577 0.0687438
1.21875 2.95242 -0.0475795 0.0698679
1.21875 2.95242 -0.0475795 0.0698679
1.26562 2.94443 -0.0555713 0.0708237
1.26562 2.94443 -0.0555713 0.0708237
1.3125 2.93764 -0.0623602 0.0716089
1.3125 2.93764 -0.0623602 0.0716089
1.35938 2.9322 -0.0677992 0.0722215
1.35938 2.9322 -0.0677992 0.0722215
1.40625 2.92823 -0.0717705 0.0726602
1.40625 2.92823 -0.0717705 0.0726602
1.45312 2.92581 -0.0741882 0.0729238
1.45312 2.92581 -0.0741882 0.0729238
1.5 2.925 -0.075 0.0730118
1.5 2.925 -0.075 0.0730118
1.54688 2.92581 -0.0741882 0.0729238
1.54688 2.92581 -0.0741882 0.0729238
1.59375 2.92823 -0.0717705 0.0726602
1.59375 2.92823 -0.0717705 0.0726602
1.64062 2.9322 -0.0677992 0.0722215
1.64062 2.9322 -0.0677992 0.0722215
1.6875 2.93764 -0.0623602 0.0716089
1.6875 2.93764 -0.0623602 0.0716089
1.73438 2.94443 -0.0555713 0.0708237
1.73438 2.94443 -0.0555713 0.0708237
1.78125 2.95242 -0.0475795 0.0698679
1.78125 2.95242 -0.0475795 0.0698679
1.82812 2.96144 -0.0385577 0.0687438
1.82812 2.96144 -0.0385577 0.0687438
1.875 2.9713 -0.0287013 0.0674541
1.875 2.9713 -0.0287013 0.0674541
1.92188 2.98178 -0.0182235 0.0660019
1.92188 2.98178 -0.0182235 0.0660019
1.96875 2.99265 -0.00735129 0.0643907
1.96875 2.99265 -0.00735129 0.0643907
2.01562 3.00368 0.00368008 0.0626243
2.01562 3.00368 0.00368008 0.0626243
2.0625 3.01463 0.0146318 0.0607072
2.0625 3.01463 0.0146318 0.0607072
2.10938 3.02527 0.0252667 0.0586438
2.10938 3.02527 0.0252667 0.0586438
2.15625 3.03535 0.0353548 0.0564394
2.15625 3.03535 0.0353548 0.0564394
2.20312 3.04468 0.0446774 0.0540995
2.20312 3.04468 0.0446774 0.0540995
2.25 3.05303 0.053033 0.0516303
2.25 3.05303 0.053033 0.0516303
2.29688 3.06024 0.0602406 0.0490387
2.29688 3.06024 0.0602406 0.0490387
2.34375 3.06614 0.0661441 0.0463332
2.34375 3.06614 0.0661441 0.0463332
2.39062 3.07062 0.0706158 0.0435239
2.39062 3.07062 0.0706158 0.0435239
2.4375 3.07356 0.0735589 0.0406242
2.4375 3.07356 0.0735589 0.0406242
2.48438 3.07491 0.0749097 0.0376518
2.48438 3.07491 0.0749097 0.0376518
2.53125 3.07464 0.0746389 0.0346306
2.53125 3.07464 0.0746389 0.0346306
2.57812 3.07275 0.0727523 0.0315929
2.57812 3.07275 0.0727523 0.0315929
2.625 3.06929 0.069291 0.0285812
2.625 3.06929 0.069291 0.0285812
2.67188 3.06433 0.0643296 0.0256498
2.67188 3.06433 0.0643296 0.0256498
2.71875 3.05798 0.0579758 0.0228649
2.71875 3.05798 0.0579758 0.0228649
2.76562 3.05037 0.0503669 0.0203029
2.76562 3.05037 0.0503669 0.0203029
2.8125 3.04167 0.0416678 0.0180472
2.8125 3.04167 0.0416678 0.0180472
2.85938 3.03207 0.0320666 0.016182
2.85938 3.03207 0.0320666 0.016182
2.90625 3.02177 0.0217714 0.014785
2.90625 3.02177 0.0217714 0.014785
2.95312 3.011 0.0110048 0.0139192
2.95312 3.011 0.0110048 0.0139192
3 3 0 0.0136258
