# x y topography analytical topography
0 3 0 0.010103
0.046875 3.011 0.0110048 0.0105108
0.046875 3.011 0.0110048 0.0105108
0.09375 3.02177 0.0217714 0.0116994
0.09375 3.02177 0.0217714 0.0116994
0.140625 3.03207 0.0320666 0.0135731
0.140625 3.03207 0.0320666 0.0135731
0.1875 3.04167 0.0416678 0.0159953
0.1875 3.04167 0.0416678 0.0159953
0.234375 3.05037 0.0503669 0.0188156
0.234375 3.05037 0.0503669 0.0188156
0.28125 3.05798 0.0579758 0.0218927
0.28125 3.05798 0.0579758 0.0218927
0.328125 3.06433 0.0643296 0.0251098
0.328125 3.06433 0.0643296 0.0251098
0.375 3.06929 0.069291 0.0283796
0.375 3.06929 0.069291 0.0283796
0.421875 3.07275 0.0727523 0.0316424
0.421875 3.07275 0.0727523 0.0316424
0.46875 3.07464 0.0746389 0.0348596
0.46875 3.07464 0.0746389 0.0348596
0.515625 3.07491 0.0749097 0.0380068
0.515625 3.07491 0.0749097 0.0380068
0.5625 3.07356 0.0735589 0.0410685
0.5625 3.07356 0.0735589 0.0410685
0.609375 3.07062 0.0706158 0.0440335
0.609375 3.07062 0.0706158 0.0440335
0.65625 3.06614 0.0661441 0.0468933
0.65625 3.06614 0.0661441 0.0468933
0.703125 3.06024 0.0602406 0.0496404
0.703125 3.06024 0.0602406 0.0496404
0.75 3.05303 0.053033 0.052268
0.75 3.05303 0.053033 0.052268
0.796875 3.04468 0.0446774 0.0547697
0.796875 3.04468 0.0446774 0.0547697
0.84375 3.03535 0.0353548 0.0571395
0.84375 3.03535 0.0353548 0.0571395
0.890625 3.02527 0.0252667 0.0593716
0.890625 3.02527 0.0252667 0.0593716
0.9375 3.01463 0.0146318 0.0614607
0.9375 3.01463 0.0146318 0.0614607
0.984375 3.00368 0.00368008 0.0634017
0.984375 3.00368 0.00368008 0.0634017
1.03125 2.99265 -0.00735129 0.06519
1.03125 2.99265 -0.00735129 0.06519
1.07812 2.98178 -0.0182235 0.0668212
1.07812 2.98178 -0.0182235 0.0668212
1.125 2.9713 -0.0287013 0.0682914
1.125 2.9713 -0.0287013 0.0682914
1.17188 2.96144 -0.0385577 0.0695972
1.17188 2.96144 -0.0385577 0.0695972
1.21875 2.95242 -0.0475795 0.0707352
1.21875 2.95242 -0.0475795 0.0707352
1.26562 2.94443 -0.0555713 0.0717029
1.26562 2.94443 -0.0555713 0.0717029
1.3125 2.93764 -0.0623602 0.0724978
1.3125 2.93764 -0.0623602 0.0724978
1.35938 2.9322 -0.0677992 0.0731181
1.35938 2.9322 -0.0677992 0.0731181
1.40625 2.92823 -0.0717705 0.0735622
1.40625 2.92823 -0.0717705 0.0735622
1.45312 2.92581 -0.0741882 0.0738291
1.45312 2.92581 -0.0741882 0.0738291
1.5 2.925 -0.075 0.0739181
1.5 2.925 -0.075 0.0739181
1.54688 2.92581 -0.0741882 0.0738291
1.54688 2.92581 -0.0741882 0.0738291
1.59375 2.92823 -0.0717705 0.0735622
1.59375 2.92823 -0.0717705 0.0735622
1.64062 2.9322 -0.0677992 0.0731181
1.64062 2.9322 -0.0677992 0.0731181
1.6875 2.93764 -0.0623602 0.0724978
1.6875 2.93764 -0.0623602 0.0724978
1.73438 2.94443 -0.0555713 0.0717029
1.73438 2.94443 -0.0555713 0.0717029
1.78125 2.95242 -0.0475795 0.0707352
1.78125 2.95242 -0.0475795 0.0707352
1.82812 2.96144 -0.0385577 0.0695972
1.82812 2.96144 -0.0385577 0.0695972
1.875 2.9713 -0.0287013 0.0682914
1.875 2.9713 -0.0287013 0.0682914
1.92188 2.98178 -0.0182235 0.0668212
1.92188 2.98178 -0.0182235 0.0668212
1.96875 2.99265 -0.00735129 0.06519
1.96875 2.99265 -0.00735129 0.06519
2.01562 3.00368 0.00368008 0.0634017
2.01562 3.00368 0.00368008 0.0634017
2.0625 3.01463 0.0146318 0.0614607
2.0625 3.01463 0.0146318 0.0614607
2.10938 3.02527 0.0252667 0.0593716
2.10938 3.02527 0.0252667 0.0593716
2.15625 3.03535 0.0353548 0.0571395
2.15625 3.03535 0.0353548 0.0571395
2.20312 3.04468 0.0446774 0.0547697
2.20312 3.04468 0.0446774 0.0547697
2.25 3.05303 0.053033 0.052268
2.25 3.05303 0.053033 0.052268
2.29688 3.06024 0.0602406 0.0496404
2.29688 3.06024 0.0602406 0.0496404
2.34375 3.06614 0.0661441 0.0468933
2.34375 3.06614 0.0661441 0.0468933
2.39062 3.07062 0.0706158 0.0440335
2.39062 3.07062 0.0706158 0.0440335
2.4375 3.07356 0.0735589 0.0410685
2.4375 3.07356 0.0735589 0.0410685
2.48438 3.07491 0.0749097 0.0380068
2.48438 3.07491 0.0749097 0.0380068
2.53125 3.07464 0.0746389 0.0348596
2.53125 3.07464 0.0746389 0.0348596
2.57812 3.07275 0.0727523 0.0316424
2.57812 3.07275 0.0727523 0.0316424
2.625 3.06929 0.069291 0.0283796
2.625 3.06929 0.069291 0.0283796
2.67188 3.06433 0.0643296 0.0251098
2.67188 3.06433 0.0643296 0.0251098
2.71875 3.05798 0.0579758 0.0218927
2.71875 3.05798 0.0579758 0.0218927
2.76562 3.05037 0.0503669 0.0188156
2.76562 3.05037 0.0503669 0.0188156
2.8125 3.04167 0.0416678 0.0159953
2.8125 3.04167 0.0416678 0.0159953
2.85938 3.03207 0.0320666 0.0135731
2.85938 3.03207 0.0320666 0.0135731
2.90625 3.02177 0.0217714 0.0116994
2.90625 3.02177 0.0217714 0.0116994
2.95312 3.011 0.0110048 0.0105108
2.95312 3.011 0.0110048 0.0105108
3 3 0 0.010103
