# x y topography analytical topography
0 3 0 0.0063207
0.046875 3.011 0.0110048 0.00698108
0.046875 3.011 0.0110048 0.00698108
0.09375 3.02177 0.0217714 0.00882932
0.09375 3.02177 0.0217714 0.00882932
0.140625 3.03207 0.0320666 0.0115395
0.140625 3.03207 0.0320666 0.0115395
0.1875 3.04167 0.0416678 0.0147485
0.1875 3.04167 0.0416678 0.0147485
0.234375 3.05037 0.0503669 0.018177
0.234375 3.05037 0.0503669 0.018177
0.28125 3.05798 0.0579758 0.0216624
0.28125 3.05798 0.0579758 0.0216624
0.328125 3.06433 0.0643296 0.0251277
0.328125 3.06433 0.0643296 0.0251277
0.375 3.06929 0.069291 0.0285408
0.375 3.06929 0.069291 0.0285408
0.421875 3.07275 0.0727523 0.031887
0.421875 3.07275 0.0727523 0.031887
0.46875 3.07464 0.0746389 0.0351566
0.46875 3.07464 0.0746389 0.0351566
0.515625 3.07491 0.0749097 0.0383416
0.515625 3.07491 0.0749097 0.0383416
0.5625 3.07356 0.0735589 0.0414342
0.5625 3.07356 0.0735589 0.0414342
0.609375 3.07062 0.0706158 0.0444271
0.609375 3.07062 0.0706158 0.0444271
0.65625 3.06614 0.0661441 0.0473128
0.65625 3.06614 0.0661441 0.0473128
0.703125 3.06024 0.0602406 0.0500846
0.703125 3.06024 0.0602406 0.0500846
0.75 3.05303 0.053033 0.0527358
0.75 3.05303 0.053033 0.0527358
0.796875 3.04468 0.0446774 0.0552599
0.796875 3.04468 0.0446774 0.0552599
0.84375 3.03535 0.0353548 0.0576509
0.84375 3.03535 0.0353548 0.0576509
0.890625 3.02527 0.0252667 0.059903
0.890625 3.02527 0.0252667 0.059903
0.9375 3.01463 0.0146318 0.0620107
0.9375 3.01463 0.0146318 0.0620107
0.984375 3.00368 0.00368008 0.0639691
0.984375 3.00368 0.00368008 0.0639691
1.03125 2.99265 -0.00735129 0.0657734
1.03125 2.99265 -0.00735129 0.0657734
1.07812 2.98178 -0.0182235 0.0674192
1.07812 2.98178 -0.0182235 0.0674192
1.125 2.9713 -0.0287013 0.0689026
1.125 2.9713 -0.0287013 0.0689026
1.17188 2.96144 -0.0385577 0.07022
1.17188 2.96144 -0.0385577 0.07022
1.21875 2.95242 -0.0475795 0.0713683
1.21875 2.95242 -0.0475795 0.0713683
1.26562 2.94443 -0.0555713 0.0723446
1.26562 2.94443 -0.0555713 0.0723446
1.3125 2.93764 -0.0623602 0.0731466
1.3125 2.93764 -0.0623602 0.0731466
1.35938 2.9322 -0.0677992 0.0737725
1.35938 2.9322 -0.0677992 0.0737725
1.40625 2.92823 -0.0717705 0.0742205
1.40625 2.92823 -0.0717705 0.0742205
1.45312 2.92581 -0.0741882 0.0744898
1.45312 2.92581 -0.0741882 0.0744898
1.5 2.925 -0.075 0.0745797
1.5 2.925 -0.075 0.0745797
1.54688 2.92581 -0.0741882 0.0744898
1.54688 2.92581 -0.0741882 0.0744898
1.59375 2.92823 -0.0717705 0.0742205
1.59375 2.92823 -0.0717705 0.0742205
1.64062 2.9322 -0.0677992 0.0737725
1.64062 2.9322 -0.0677992 0.0737725
1.6875 2.93764 -0.0623602 0.0731466
1.6875 2.93764 -0.0623602 0.0731466
1.73438 2.94443 -0.0555713 0.0723446
1.73438 2.94443 -0.0555713 0.0723446
1.78125 2.95242 -0.0475795 0.0713683
1.78125 2.95242 -0.0475795 0.0713683
1.82812 2.96144 -0.0385577 0.07022
1.82812 2.96144 -0.0385577 0.07022
1.875 2.9713 -0.0287013 0.0689026
1.875 2.9713 -0.0287013 0.0689026
1.92188 2.98178 -0.0182235 0.0674192
1.92188 2.98178 -0.0182235 0.0674192
1.96875 2.99265 -0.00735129 0.0657734
1.96875 2.99265 -0.00735129 0.0657734
2.01562 3.00368 0.00368008 0.0639691
2.01562 3.00368 0.00368008 0.0639691
2.0625 3.01463 0.0146318 0.0620107
2.0625 3.01463 0.0146318 0.0620107
2.10938 3.02527 0.0252667 0.059903
2.10938 3.02527 0.0252667 0.059903
2.15625 3.03535 0.0353548 0.0576509
2.15625 3.03535 0.0353548 0.0576509
2.20312 3.04468 0.0446774 0.0552599
2.20312 3.04468 0.0446774 0.0552599
2.25 3.05303 0.053033 0.0527358
2.25 3.05303 0.053033 0.0527358
2.29688 3.06024 0.0602406 0.0500846
2.29688 3.06024 0.0602406 0.0500846
2.34375 3.06614 0.0661441 0.0473128
2.34375 3.06614 0.0661441 0.0473128
2.39062 3.07062 0.0706158 0.0444271
2.39062 3.07062 0.0706158 0.0444271
2.4375 3.07356 0.0735589 0.0414342
2.4375 3.07356 0.0735589 0.0414342
2.48438 3.07491 0.0749097 0.0383416
2.48438 3.07491 0.0749097 0.0383416
2.53125 3.07464 0.0746389 0.0351566
2.53125 3.07464 0.0746389 0.0351566
2.57812 3.07275 0.0727523 0.031887
2.57812 3.07275 0.0727523 0.031887
2.625 3.06929 0.069291 0.0285408
2.625 3.06929 0.069291 0.0285408
2.67188 3.06433 0.0643296 0.0251277
2.67188 3.06433 0.0643296 0.0251277
2.71875 3.05798 0.0579758 0.0216624
2.71875 3.05798 0.0579758 0.0216624
2.76562 3.05037 0.0503669 0.018177
2.76562 3.05037 0.0503669 0.018177
2.8125 3.04167 0.0416678 0.0147485
2.8125 3.04167 0.0416678 0.0147485
2.85938 3.03207 0.0320666 0.0115395
2.85938 3.03207 0.0320666 0.0115395
2.90625 3.02177 0.0217714 0.00882932
2.90625 3.02177 0.0217714 0.00882932
2.95312 3.011 0.0110048 0.00698108
2.95312 3.011 0.0110048 0.00698108
3 3 0 0.0063207
