# x y topography analytical topography
0 3 0 0.00541216
0.046875 3.011 0.0110048 0.0061816
0.046875 3.011 0.0110048 0.0061816
0.09375 3.02177 0.0217714 0.00828589
0.09375 3.02177 0.0217714 0.00828589
0.140625 3.03207 0.0320666 0.0112582
0.140625 3.03207 0.0320666 0.0112582
0.1875 3.04167 0.0416678 0.0146451
0.1875 3.04167 0.0416678 0.0146451
0.234375 3.05037 0.0503669 0.0181628
0.234375 3.05037 0.0503669 0.0181628
0.28125 3.05798 0.0579758 0.0216841
0.28125 3.05798 0.0579758 0.0216841
0.328125 3.06433 0.0643296 0.0251633
0.328125 3.06433 0.0643296 0.0251633
0.375 3.06929 0.069291 0.0285835
0.375 3.06929 0.069291 0.0285835
0.421875 3.07275 0.0727523 0.031935
0.421875 3.07275 0.0727523 0.031935
0.46875 3.07464 0.0746389 0.0352097
0.46875 3.07464 0.0746389 0.0352097
0.515625 3.07491 0.0749097 0.0383995
0.515625 3.07491 0.0749097 0.0383995
0.5625 3.07356 0.0735589 0.0414968
0.5625 3.07356 0.0735589 0.0414968
0.609375 3.07062 0.0706158 0.0444941
0.609375 3.07062 0.0706158 0.0444941
0.65625 3.06614 0.0661441 0.0473842
0.65625 3.06614 0.0661441 0.0473842
0.703125 3.06024 0.0602406 0.0501602
0.703125 3.06024 0.0602406 0.0501602
0.75 3.05303 0.053033 0.0528154
0.75 3.05303 0.053033 0.0528154
0.796875 3.04468 0.0446774 0.0553433
0.796875 3.04468 0.0446774 0.0553433
0.84375 3.03535 0.0353548 0.0577379
0.84375 3.03535 0.0353548 0.0577379
0.890625 3.02527 0.0252667 0.0599933
0.890625 3.02527 0.0252667 0.0599933
0.9375 3.01463 0.0146318 0.0621043
0.9375 3.01463 0.0146318 0.0621043
0.984375 3.00368 0.00368008 0.0640656
0.984375 3.00368 0.00368008 0.0640656
1.03125 2.99265 -0.00735129 0.0658726
1.03125 2.99265 -0.00735129 0.0658726
1.07812 2.98178 -0.0182235 0.067521
1.07812 2.98178 -0.0182235 0.067521
1.125 2.9713 -0.0287013 0.0690066
1.125 2.9713 -0.0287013 0.0690066
1.17188 2.96144 -0.0385577 0.070326
1.17188 2.96144 -0.0385577 0.070326
1.21875 2.95242 -0.0475795 0.071476
1.21875 2.95242 -0.0475795 0.071476
1.26562 2.94443 -0.0555713 0.0724538
1.26562 2.94443 -0.0555713 0.0724538
1.3125 2.93764 -0.0623602 0.073257
1.3125 2.93764 -0.0623602 0.073257
1.35938 2.9322 -0.0677992 0.0738838
1.35938 2.9322 -0.0677992 0.0738838
1.40625 2.92823 -0.0717705 0.0743325
1.40625 2.92823 -0.0717705 0.0743325
1.45312 2.92581 -0.0741882 0.0746022
1.45312 2.92581 -0.0741882 0.0746022
1.5 2.925 -0.075 0.0746922
1.5 2.925 -0.075 0.0746922
1.54688 2.92581 -0.0741882 0.0746022
1.54688 2.92581 -0.0741882 0.0746022
1.59375 2.92823 -0.0717705 0.0743325
1.59375 2.92823 -0.0717705 0.0743325
1.64062 2.9322 -0.0677992 0.0738838
1.64062 2.9322 -0.0677992 0.0738838
1.6875 2.93764 -0.0623602 0.073257
1.6875 2.93764 -0.0623602 0.073257
1.73438 2.94443 -0.0555713 0.0724538
1.73438 2.94443 -0.0555713 0.0724538
1.78125 2.95242 -0.0475795 0.071476
1.78125 2.95242 -0.0475795 0.071476
1.82812 2.96144 -0.0385577 0.070326
1.82812 2.96144 -0.0385577 0.070326
1.875 2.9713 -0.0287013 0.0690066
1.875 2.9713 -0.0287013 0.0690066
1.92188 2.98178 -0.0182235 0.067521
1.92188 2.98178 -0.0182235 0.067521
1.96875 2.99265 -0.00735129 0.0658726
1.96875 2.99265 -0.00735129 0.0658726
2.01562 3.00368 0.00368008 0.0640656
2.01562 3.00368 0.00368008 0.0640656
2.0625 3.01463 0.0146318 0.0621043
2.0625 3.01463 0.0146318 0.0621043
2.10938 3.02527 0.0252667 0.0599933
2.10938 3.02527 0.0252667 0.0599933
2.15625 3.03535 0.0353548 0.0577379
2.15625 3.03535 0.0353548 0.0577379
2.20312 3.04468 0.0446774 0.0553433
2.20312 3.04468 0.0446774 0.0553433
2.25 3.05303 0.053033 0.0528154
2.25 3.05303 0.053033 0.0528154
2.29688 3.06024 0.0602406 0.0501602
2.29688 3.06024 0.0602406 0.0501602
2.34375 3.06614 0.0661441 0.0473842
2.34375 3.06614 0.0661441 0.0473842
2.39062 3.07062 0.0706158 0.0444941
2.39062 3.07062 0.0706158 0.0444941
2.4375 3.07356 0.0735589 0.0414968
2.4375 3.07356 0.0735589 0.0414968
2.48438 3.07491 0.0749097 0.0383995
2.48438 3.07491 0.0749097 0.0383995
2.53125 3.07464 0.0746389 0.0352097
2.53125 3.07464 0.0746389 0.0352097
2.57812 3.07275 0.0727523 0.031935
2.57812 3.07275 0.0727523 0.031935
2.625 3.06929 0.069291 0.0285835
2.625 3.06929 0.069291 0.0285835
2.67188 3.06433 0.0643296 0.0251633
2.67188 3.06433 0.0643296 0.0251633
2.71875 3.05798 0.0579758 0.0216841
2.71875 3.05798 0.0579758 0.0216841
2.76562 3.05037 0.0503669 0.0181628
2.76562 3.05037 0.0503669 0.0181628
2.8125 3.04167 0.0416678 0.0146451
2.8125 3.04167 0.0416678 0.0146451
2.85938 3.03207 0.0320666 0.0112582
2.85938 3.03207 0.0320666 0.0112582
2.90625 3.02177 0.0217714 0.00828589
2.90625 3.02177 0.0217714 0.00828589
2.95312 3.011 0.0110048 0.0061816
2.95312 3.011 0.0110048 0.0061816
3 3 0 0.00541216
