# x y topography analytical topography
0 3 0 0.00624371
0.046875 3.011 0.0110048 0.00691219
0.046875 3.011 0.0110048 0.00691219
0.09375 3.02177 0.0217714 0.00878009
0.09375 3.02177 0.0217714 0.00878009
0.140625 3.03207 0.0320666 0.0115118
0.140625 3.03207 0.0320666 0.0115118
0.1875 3.04167 0.0416678 0.0147368
0.1875 3.04167 0.0416678 0.0147368
0.234375 3.05037 0.0503669 0.0181744
0.234375 3.05037 0.0503669 0.0181744
0.28125 3.05798 0.0579758 0.0216638
0.28125 3.05798 0.0579758 0.0216638
0.328125 3.06433 0.0643296 0.0251307
0.328125 3.06433 0.0643296 0.0251307
0.375 3.06929 0.069291 0.0285446
0.375 3.06929 0.069291 0.0285446
0.421875 3.07275 0.0727523 0.0318913
0.421875 3.07275 0.0727523 0.0318913
0.46875 3.07464 0.0746389 0.0351614
0.46875 3.07464 0.0746389 0.0351614
0.515625 3.07491 0.0749097 0.0383469
0.515625 3.07491 0.0749097 0.0383469
0.5625 3.07356 0.0735589 0.0414399
0.5625 3.07356 0.0735589 0.0414399
0.609375 3.07062 0.0706158 0.0444331
0.609375 3.07062 0.0706158 0.0444331
0.65625 3.06614 0.0661441 0.0473193
0.65625 3.06614 0.0661441 0.0473193
0.703125 3.06024 0.0602406 0.0500915
0.703125 3.06024 0.0602406 0.0500915
0.75 3.05303 0.053033 0.052743
0.75 3.05303 0.053033 0.052743
0.796875 3.04468 0.0446774 0.0552675
0.796875 3.04468 0.0446774 0.0552675
0.84375 3.03535 0.0353548 0.0576588
0.84375 3.03535 0.0353548 0.0576588
0.890625 3.02527 0.0252667 0.0599112
0.890625 3.02527 0.0252667 0.0599112
0.9375 3.01463 0.0146318 0.0620192
0.9375 3.01463 0.0146318 0.0620192
0.984375 3.00368 0.00368008 0.0639779
0.984375 3.00368 0.00368008 0.0639779
1.03125 2.99265 -0.00735129 0.0657824
1.03125 2.99265 -0.00735129 0.0657824
1.07812 2.98178 -0.0182235 0.0674285
1.07812 2.98178 -0.0182235 0.0674285
1.125 2.9713 -0.0287013 0.0689121
1.125 2.9713 -0.0287013 0.0689121
1.17188 2.96144 -0.0385577 0.0702297
1.17188 2.96144 -0.0385577 0.0702297
1.21875 2.95242 -0.0475795 0.0713781
1.21875 2.95242 -0.0475795 0.0713781
1.26562 2.94443 -0.0555713 0.0723545
1.26562 2.94443 -0.0555713 0.0723545
1.3125 2.93764 -0.0623602 0.0731567
1.3125 2.93764 -0.0623602 0.0731567
1.35938 2.9322 -0.0677992 0.0737826
1.35938 2.9322 -0.0677992 0.0737826
1.40625 2.92823 -0.0717705 0.0742307
1.40625 2.92823 -0.0717705 0.0742307
1.45312 2.92581 -0.0741882 0.0745
1.45312 2.92581 -0.0741882 0.0745
1.5 2.925 -0.075 0.0745899
1.5 2.925 -0.075 0.0745899
1.54688 2.92581 -0.0741882 0.0745
1.54688 2.92581 -0.0741882 0.0745
1.59375 2.92823 -0.0717705 0.0742307
1.59375 2.92823 -0.0717705 0.0742307
1.64062 2.9322 -0.0677992 0.0737826
1.64062 2.9322 -0.0677992 0.0737826
1.6875 2.93764 -0.0623602 0.0731567
1.6875 2.93764 -0.0623602 0.0731567
1.73438 2.94443 -0.0555713 0.0723545
1.73438 2.94443 -0.0555713 0.0723545
1.78125 2.95242 -0.0475795 0.0713781
1.78125 2.95242 -0.0475795 0.0713781
1.82812 2.96144 -0.0385577 0.0702297
1.82812 2.96144 -0.0385577 0.0702297
1.875 2.9713 -0.0287013 0.0689121
1.875 2.9713 -0.0287013 0.0689121
1.92188 2.98178 -0.0182235 0.0674285
1.92188 2.98178 -0.0182235 0.0674285
1.96875 2.99265 -0.00735129 0.0657824
1.96875 2.99265 -0.00735129 0.0657824
2.01562 3.00368 0.00368008 0.0639779
2.01562 3.00368 0.00368008 0.0639779
2.0625 3.01463 0.0146318 0.0620192
2.0625 3.01463 0.0146318 0.0620192
2.10938 3.02527 0.0252667 0.0599112
2.10938 3.02527 0.0252667 0.0599112
2.15625 3.03535 0.0353548 0.0576588
2.15625 3.03535 0.0353548 0.0576588
2.20312 3.04468 0.0446774 0.0552675
2.20312 3.04468 0.0446774 0.0552675
2.25 3.05303 0.053033 0.052743
2.25 3.05303 0.053033 0.052743
2.29688 3.06024 0.0602406 0.0500915
2.29688 3.06024 0.0602406 0.0500915
2.34375 3.06614 0.0661441 0.0473193
2.34375 3.06614 0.0661441 0.0473193
2.39062 3.07062 0.0706158 0.0444331
2.39062 3.07062 0.0706158 0.0444331
2.4375 3.07356 0.0735589 0.0414399
2.4375 3.07356 0.0735589 0.0414399
2.48438 3.07491 0.0749097 0.0383469
2.48438 3.07491 0.0749097 0.0383469
2.53125 3.07464 0.0746389 0.0351614
2.53125 3.07464 0.0746389 0.0351614
2.57812 3.07275 0.0727523 0.0318913
2.57812 3.07275 0.0727523 0.0318913
2.625 3.06929 0.069291 0.0285446
2.625 3.06929 0.069291 0.0285446
2.67188 3.06433 0.0643296 0.0251307
2.67188 3.06433 0.0643296 0.0251307
2.71875 3.05798 0.0579758 0.0216638
2.71875 3.05798 0.0579758 0.0216638
2.76562 3.05037 0.0503669 0.0181744
2.76562 3.05037 0.0503669 0.0181744
2.8125 3.04167 0.0416678 0.0147368
2.8125 3.04167 0.0416678 0.0147368
2.85938 3.03207 0.0320666 0.0115118
2.85938 3.03207 0.0320666 0.0115118
2.90625 3.02177 0.0217714 0.00878009
2.90625 3.02177 0.0217714 0.00878009
2.95312 3.011 0.0110048 0.00691219
2.95312 3.011 0.0110048 0.00691219
3 3 0 0.00624371
