# x y z topography
0 0 1.00055 0.000548814
100 0 1.00072 0.000715189
0 100 1.00079 0.000791725
100 100 1.00133 0.00132603
100 0 1.00072 0.000715189
200 0 1.0006 0.000602763
100 100 1.00133 0.00132603
200 100 1.00164 0.00164242
200 0 1.0006 0.000602763
300 0 1.00054 0.000544883
200 100 1.00164 0.00164242
300 100 1.00184 0.00184486
300 0 1.00054 0.000544883
400 0 1.00042 0.000423655
300 100 1.00184 0.00184486
400 100 1.00193 0.00193296
0 100 1.00079 0.000791725
100 100 1.00133 0.00132603
0 200 1.00098 0.000978618
100 200 1.00194 0.0019362
100 100 1.00133 0.00132603
200 100 1.00164 0.00164242
100 200 1.00194 0.0019362
200 200 1.00265 0.00265042
200 100 1.00164 0.00164242
300 100 1.00184 0.00184486
200 200 1.00265 0.00265042
300 200 1.00313 0.00312562
300 100 1.00184 0.00184486
400 100 1.00193 0.00193296
300 200 1.00313 0.00312562
400 200 1.00336 0.00335714
0 200 1.00098 0.000978618
100 200 1.00194 0.0019362
0 300 1.00026 0.000264556
100 300 1.00235 0.00235251
100 200 1.00194 0.0019362
200 200 1.00265 0.00265042
100 300 1.00235 0.00235251
200 300 1.00361 0.00360611
200 200 1.00265 0.00265042
300 200 1.00313 0.00312562
200 300 1.00361 0.00360611
300 300 1.00438 0.00438281
0 300 1.00026 0.000264556
100 300 1.00235 0.00235251
0 400 1.00036 0.000359508
100 400 1.00295 0.00294723
100 300 1.00235 0.00235251
200 300 1.00361 0.00360611
100 400 1.00295 0.00294723
200 400 1.0046 0.00460145
400 0 1.00042 0.000423655
500 0 1.00065 0.000645894
400 100 1.00193 0.00193296
500 100 1.00198 0.00198205
500 0 1.00065 0.000645894
600 0 1.00044 0.000437587
500 100 1.00198 0.00198205
600 100 1.00186 0.00185636
400 100 1.00193 0.00193296
500 100 1.00198 0.00198205
400 200 1.00336 0.00335714
500 200 1.00337 0.00336886
500 100 1.00198 0.00198205
600 100 1.00186 0.00185636
500 200 1.00337 0.00336886
600 200 1.00313 0.00313327
300 200 1.00313 0.00312562
400 200 1.00336 0.00335714
300 300 1.00438 0.00438281
400 300 1.00475 0.00475273
200 300 1.00361 0.00360611
300 300 1.00438 0.00438281
200 400 1.0046 0.00460145
300 400 1.00565 0.0056456
300 300 1.00438 0.00438281
400 300 1.00475 0.00475273
300 400 1.00565 0.0056456
400 400 1.00614 0.00614335
600 0 1.00044 0.000437587
700 0 1.00089 0.000891773
600 100 1.00186 0.00185636
700 100 1.00174 0.001739
700 0 1.00089 0.000891773
800 0 1.00096 0.000963663
700 100 1.00174 0.001739
800 100 1.00141 0.00140687
600 100 1.00186 0.00185636
700 100 1.00174 0.001739
600 200 1.00313 0.00313327
700 200 1.00266 0.00265541
700 100 1.00174 0.001739
800 100 1.00141 0.00140687
700 200 1.00266 0.00265541
800 200 1.00184 0.00183624
400 200 1.00336 0.00335714
500 200 1.00337 0.00336886
400 300 1.00475 0.00475273
500 300 1.00475 0.00475458
500 200 1.00337 0.00336886
600 200 1.00313 0.00313327
500 300 1.00475 0.00475458
600 300 1.00439 0.00438528
400 300 1.00475 0.00475273
500 300 1.00475 0.00475458
400 400 1.00614 0.00614335
500 400 1.00614 0.00613845
600 200 1.00313 0.00313327
700 200 1.00266 0.00265541
600 300 1.00439 0.00438528
700 300 1.00362 0.00362186
700 200 1.00266 0.00265541
800 200 1.00184 0.00183624
700 300 1.00362 0.00362186
800 300 1.00243 0.00243085
500 300 1.00475 0.00475458
600 300 1.00439 0.00438528
500 400 1.00614 0.00613845
600 400 1.00563 0.00563029
600 300 1.00439 0.00438528
700 300 1.00362 0.00362186
600 400 1.00563 0.00563029
700 400 1.00458 0.00457874
700 300 1.00362 0.00362186
800 300 1.00243 0.00243085
700 400 1.00458 0.00457874
800 400 1.00293 0.00292758
0 400 1.00036 0.000359508
100 400 1.00295 0.00294723
0 500 1.00057 0.000570197
100 500 1.0036 0.00360055
100 400 1.00295 0.00294723
200 400 1.0046 0.00460145
100 500 1.0036 0.00360055
200 500 1.00562 0.00562331
200 400 1.0046 0.00460145
300 400 1.00565 0.0056456
200 500 1.00562 0.00562331
300 500 1.00692 0.00691912
300 400 1.00565 0.0056456
400 400 1.00614 0.00614335
300 500 1.00692 0.00691912
400 500 1.00754 0.00753843
0 500 1.00057 0.000570197
100 500 1.0036 0.00360055
0 600 1.00016 0.00015897
100 600 1.00417 0.00416729
100 500 1.0036 0.00360055
200 500 1.00562 0.00562331
100 600 1.00417 0.00416729
200 600 1.00664 0.00664163
200 500 1.00562 0.00562331
300 500 1.00692 0.00691912
200 600 1.00664 0.00664163
300 600 1.0082 0.00819815
300 500 1.00692 0.00691912
400 500 1.00754 0.00753843
300 600 1.0082 0.00819815
400 600 1.00894 0.00893948
0 600 1.00016 0.00015897
100 600 1.00417 0.00416729
0 700 1.00098 0.000976459
100 700 1.00495 0.00495401
100 600 1.00417 0.00416729
200 600 1.00664 0.00664163
100 700 1.00495 0.00495401
200 700 1.0077 0.00769929
200 600 1.00664 0.00664163
300 600 1.0082 0.00819815
200 700 1.0077 0.00769929
300 700 1.00948 0.00948464
300 600 1.0082 0.00819815
400 600 1.00894 0.00893948
300 700 1.00948 0.00948464
400 700 1.01034 0.0103438
0 700 1.00098 0.000976459
100 700 1.00495 0.00495401
0 800 1.00032 0.000317983
100 800 1.00544 0.00543821
100 700 1.00495 0.00495401
200 700 1.0077 0.00769929
100 800 1.00544 0.00543821
200 800 1.00869 0.0086886
200 700 1.0077 0.00769929
300 700 1.00948 0.00948464
200 800 1.00869 0.0086886
300 800 1.01075 0.0107504
400 400 1.00614 0.00614335
500 400 1.00614 0.00613845
400 500 1.00754 0.00753843
500 500 1.00753 0.00752742
500 400 1.00614 0.00613845
600 400 1.00563 0.00563029
500 500 1.00753 0.00752742
600 500 1.00688 0.00688312
600 400 1.00563 0.00563029
700 400 1.00458 0.00457874
600 500 1.00688 0.00688312
700 500 1.00555 0.00555179
700 400 1.00458 0.00457874
800 400 1.00293 0.00292758
700 500 1.00555 0.00555179
800 500 1.00346 0.00346218
400 500 1.00754 0.00753843
500 500 1.00753 0.00752742
400 600 1.00894 0.00893948
500 600 1.00893 0.00892539
500 500 1.00753 0.00752742
600 500 1.00688 0.00688312
500 600 1.00893 0.00892539
600 600 1.00815 0.00815209
300 700 1.00948 0.00948464
400 700 1.01034 0.0103438
300 800 1.01075 0.0107504
400 800 1.01174 0.011738
600 500 1.00688 0.00688312
700 500 1.00555 0.00555179
600 600 1.00815 0.00815209
700 600 1.00655 0.00655275
700 500 1.00555 0.00555179
800 500 1.00346 0.00346218
700 600 1.00655 0.00655275
800 600 1.00403 0.00403086
400 600 1.00894 0.00893948
500 600 1.00893 0.00892539
400 700 1.01034 0.0103438
500 700 1.01033 0.0103305
500 600 1.00893 0.00892539
600 600 1.00815 0.00815209
500 700 1.01033 0.0103305
600 700 1.00944 0.00943949
600 600 1.00815 0.00815209
700 600 1.00655 0.00655275
600 700 1.00944 0.00943949
700 700 1.0076 0.00759793
400 700 1.01034 0.0103438
500 700 1.01033 0.0103305
400 800 1.01174 0.011738
500 800 1.01173 0.0117306
500 700 1.01033 0.0103305
600 700 1.00944 0.00943949
500 800 1.01173 0.0117306
600 800 1.01073 0.0107306
800 0 1.00096 0.000963663
900 0 1.00038 0.000383442
800 100 1.00141 0.00140687
900 100 1.00087 0.000870012
800 100 1.00141 0.00140687
900 100 1.00087 0.000870012
800 200 1.00184 0.00183624
900 200 1.00041 0.000414662
800 200 1.00184 0.00183624
900 200 1.00041 0.000414662
800 300 1.00243 0.00243085
900 300 1.00068 0.00068182
800 300 1.00243 0.00243085
900 300 1.00068 0.00068182
800 400 1.00293 0.00292758
900 400 1.00036 0.000363711
700 600 1.00655 0.00655275
800 600 1.00403 0.00403086
700 700 1.0076 0.00759793
800 700 1.0047 0.00469847
600 700 1.00944 0.00943949
700 700 1.0076 0.00759793
600 800 1.01073 0.0107306
700 800 1.00867 0.00867287
700 700 1.0076 0.00759793
800 700 1.0047 0.00469847
700 800 1.00867 0.00867287
800 800 1.00551 0.00551165
800 400 1.00293 0.00292758
900 400 1.00036 0.000363711
800 500 1.00346 0.00346218
900 500 1.00024 0.000244426
800 500 1.00346 0.00346218
900 500 1.00024 0.000244426
800 600 1.00403 0.00403086
900 600 1.0001 9.60984e-05
800 600 1.00403 0.00403086
900 600 1.0001 9.60984e-05
800 700 1.0047 0.00469847
900 700 1.00012 0.000118728
800 700 1.0047 0.00469847
900 700 1.00012 0.000118728
800 800 1.00551 0.00551165
900 800 1.00093 0.000929296
0 800 1.00032 0.000317983
100 800 1.00544 0.00543821
0 900 1.00032 0.000318569
100 900 1.00604 0.00603509
100 800 1.00544 0.00543821
200 800 1.00869 0.0086886
100 900 1.00604 0.00603509
200 900 1.00969 0.00968552
0 900 1.00032 0.000318569
100 900 1.00604 0.00603509
0 1000 1.00068 0.000677817
100 1000 1.00672 0.00671608
200 800 1.00869 0.0086886
300 800 1.01075 0.0107504
200 900 1.00969 0.00968552
300 900 1.012 0.0120002
300 800 1.01075 0.0107504
400 800 1.01174 0.011738
300 900 1.012 0.0120002
400 900 1.01311 0.0131096
100 900 1.00604 0.00603509
200 900 1.00969 0.00968552
100 1000 1.00672 0.00671608
200 1000 1.01068 0.0106799
200 900 1.00969 0.00968552
300 900 1.012 0.0120002
200 1000 1.01068 0.0106799
300 1000 1.01322 0.0132159
300 900 1.012 0.0120002
400 900 1.01311 0.0131096
300 1000 1.01322 0.0132159
400 1000 1.01443 0.0144347
0 1000 1.00068 0.000677817
100 1000 1.00672 0.00671608
0 1100 1.00045 0.000447125
100 1100 1.00726 0.00726105
100 1000 1.00672 0.00671608
200 1000 1.01068 0.0106799
100 1100 1.00726 0.00726105
200 1100 1.0116 0.0115994
200 1000 1.01068 0.0106799
300 1000 1.01322 0.0132159
200 1100 1.0116 0.0115994
300 1100 1.01435 0.0143506
300 1000 1.01322 0.0132159
400 1000 1.01443 0.0144347
300 1100 1.01435 0.0143506
400 1100 1.01567 0.0156684
0 1100 1.00045 0.000447125
100 1100 1.00726 0.00726105
0 1200 1.00073 0.000725254
100 1200 1.00784 0.00783726
100 1100 1.00726 0.00726105
200 1100 1.0116 0.0115994
100 1200 1.00784 0.00783726
200 1200 1.01243 0.0124294
200 1100 1.0116 0.0115994
300 1100 1.01435 0.0143506
200 1200 1.01243 0.0124294
300 1200 1.01535 0.0153483
300 1100 1.01435 0.0143506
400 1100 1.01567 0.0156684
300 1200 1.01535 0.0153483
400 1200 1.01674 0.0167438
400 800 1.01174 0.011738
500 800 1.01173 0.0117306
400 900 1.01311 0.0131096
500 900 1.01311 0.0131055
500 800 1.01173 0.0117306
600 800 1.01073 0.0107306
500 900 1.01311 0.0131055
600 900 1.01199 0.0119897
600 800 1.01073 0.0107306
700 800 1.00867 0.00867287
600 900 1.01199 0.0119897
700 900 1.00967 0.00967037
700 800 1.00867 0.00867287
800 800 1.00551 0.00551165
700 900 1.00967 0.00967037
800 900 1.00599 0.00598886
400 900 1.01311 0.0131096
500 900 1.01311 0.0131055
400 1000 1.01443 0.0144347
500 1000 1.01443 0.0144324
500 900 1.01311 0.0131055
600 900 1.01199 0.0119897
500 1000 1.01443 0.0144324
600 1000 1.01321 0.0132129
600 900 1.01199 0.0119897
700 900 1.00967 0.00967037
600 1000 1.01321 0.0132129
700 1000 1.01069 0.0106918
700 900 1.00967 0.00967037
800 900 1.00599 0.00598886
700 1000 1.01069 0.0106918
800 1000 1.00679 0.0067868
400 1000 1.01443 0.0144347
500 1000 1.01443 0.0144324
400 1100 1.01567 0.0156684
500 1100 1.01566 0.0156637
500 1000 1.01443 0.0144324
600 1000 1.01321 0.0132129
500 1100 1.01566 0.0156637
600 1100 1.01434 0.0143396
600 1000 1.01321 0.0132129
700 1000 1.01069 0.0106918
600 1100 1.01434 0.0143396
700 1100 1.01159 0.0115946
700 1000 1.01069 0.0106918
800 1000 1.00679 0.0067868
700 1100 1.01159 0.0115946
800 1100 1.0073 0.00730331
400 1100 1.01567 0.0156684
500 1100 1.01566 0.0156637
400 1200 1.01674 0.0167438
500 1200 1.01673 0.0167337
500 1100 1.01566 0.0156637
600 1100 1.01434 0.0143396
500 1200 1.01673 0.0167337
600 1200 1.01532 0.0153167
600 1100 1.01434 0.0143396
700 1100 1.01159 0.0115946
600 1200 1.01532 0.0153167
700 1200 1.01237 0.0123666
700 1100 1.01159 0.0115946
800 1100 1.0073 0.00730331
700 1200 1.01237 0.0123666
800 1200 1.0077 0.00769501
0 1200 1.00073 0.000725254
100 1200 1.00784 0.00783726
0 1300 1.00062 0.000618015
100 1300 1.00825 0.00824817
100 1200 1.00784 0.00783726
200 1200 1.01243 0.0124294
100 1300 1.00825 0.00824817
200 1300 1.01307 0.0130679
200 1200 1.01243 0.0124294
300 1200 1.01535 0.0153483
200 1300 1.01307 0.0130679
300 1300 1.01611 0.0161089
0 1300 1.00062 0.000618015
100 1300 1.00825 0.00824817
0 1400 1.0009 0.000896547
100 1400 1.00853 0.00853434
100 1300 1.00825 0.00824817
200 1300 1.01307 0.0130679
100 1400 1.00853 0.00853434
200 1400 1.01342 0.0134162
300 1200 1.01535 0.0153483
400 1200 1.01674 0.0167438
300 1300 1.01611 0.0161089
400 1300 1.01756 0.0175555
200 1300 1.01307 0.0130679
300 1300 1.01611 0.0161089
200 1400 1.01342 0.0134162
300 1400 1.01649 0.0164905
300 1300 1.01611 0.0161089
400 1300 1.01756 0.0175555
300 1400 1.01649 0.0164905
400 1400 1.01794 0.0179441
0 1400 1.0009 0.000896547
100 1400 1.00853 0.00853434
0 1500 1.00015 0.000149448
100 1500 1.00838 0.00838087
100 1400 1.00853 0.00853434
200 1400 1.01342 0.0134162
100 1500 1.00838 0.00838087
200 1500 1.01328 0.0132785
0 1500 1.00015 0.000149448
100 1500 1.00838 0.00838087
0 1600 1.0007 0.000697429
100 1600 1.00809 0.0080926
100 1500 1.00838 0.00838087
200 1500 1.01328 0.0132785
100 1600 1.00809 0.0080926
200 1600 1.0125 0.0124975
400 1200 1.01674 0.0167438
500 1200 1.01673 0.0167337
400 1300 1.01756 0.0175555
500 1300 1.01754 0.0175413
500 1200 1.01673 0.0167337
600 1200 1.01532 0.0153167
500 1300 1.01754 0.0175413
600 1300 1.01607 0.0160665
400 1300 1.01756 0.0175555
500 1300 1.01754 0.0175413
400 1400 1.01794 0.0179441
500 1400 1.01793 0.0179258
200 1400 1.01342 0.0134162
300 1400 1.01649 0.0164905
200 1500 1.01328 0.0132785
300 1500 1.01628 0.0162795
300 1400 1.01649 0.0164905
400 1400 1.01794 0.0179441
300 1500 1.01628 0.0162795
400 1500 1.01768 0.0176761
200 1500 1.01328 0.0132785
300 1500 1.01628 0.0162795
200 1600 1.0125 0.0124975
300 1600 1.01519 0.0151902
300 1500 1.01628 0.0162795
400 1500 1.01768 0.0176761
300 1600 1.01519 0.0151902
400 1600 1.01642 0.0164238
600 1200 1.01532 0.0153167
700 1200 1.01237 0.0123666
600 1300 1.01607 0.0160665
700 1300 1.013 0.0129955
700 1200 1.01237 0.0123666
800 1200 1.0077 0.00769501
700 1300 1.013 0.0129955
800 1300 1.00813 0.00813473
500 1300 1.01754 0.0175413
600 1300 1.01607 0.0160665
500 1400 1.01793 0.0179258
600 1400 1.01644 0.016439
600 1300 1.01607 0.0160665
700 1300 1.013 0.0129955
600 1400 1.01644 0.016439
700 1400 1.01334 0.0133447
700 1300 1.013 0.0129955
800 1300 1.00813 0.00813473
700 1400 1.01334 0.0133447
800 1400 1.00848 0.00848178
400 1400 1.01794 0.0179441
500 1400 1.01793 0.0179258
400 1500 1.01768 0.0176761
500 1500 1.01765 0.0176498
500 1400 1.01793 0.0179258
600 1400 1.01644 0.016439
500 1500 1.01765 0.0176498
600 1500 1.01621 0.0162055
600 1400 1.01644 0.016439
700 1400 1.01334 0.0133447
600 1500 1.01621 0.0162055
700 1500 1.01317 0.0131689
700 1400 1.01334 0.0133447
800 1400 1.00848 0.00848178
700 1500 1.01317 0.0131689
800 1500 1.00825 0.00825307
400 1500 1.01768 0.0176761
500 1500 1.01765 0.0176498
400 1600 1.01642 0.0164238
500 1600 1.01638 0.0163843
500 1500 1.01765 0.0176498
600 1500 1.01621 0.0162055
500 1600 1.01638 0.0163843
600 1600 1.01508 0.0150816
600 1500 1.01621 0.0162055
700 1500 1.01317 0.0131689
600 1600 1.01508 0.0150816
700 1600 1.01233 0.0123322
700 1500 1.01317 0.0131689
800 1500 1.00825 0.00825307
700 1600 1.01233 0.0123322
800 1600 1.00782 0.00782368
800 800 1.00551 0.00551165
900 800 1.00093 0.000929296
800 900 1.00599 0.00598886
900 900 1 4.69548e-06
800 900 1.00599 0.00598886
900 900 1 4.69548e-06
800 1000 1.00679 0.0067868
900 1000 1.00095 0.000952749
800 1000 1.00679 0.0067868
900 1000 1.00095 0.000952749
800 1100 1.0073 0.00730331
900 1100 1.00069 0.000692532
800 1100 1.0073 0.00730331
900 1100 1.00069 0.000692532
800 1200 1.0077 0.00769501
900 1200 1.00029 0.000290078
800 1200 1.0077 0.00769501
900 1200 1.00029 0.000290078
800 1300 1.00813 0.00813473
900 1300 1.00043 0.000431418
800 1300 1.00813 0.00813473
900 1300 1.00043 0.000431418
800 1400 1.00848 0.00848178
900 1400 1.001 0.000998847
800 1400 1.00848 0.00848178
900 1400 1.001 0.000998847
800 1500 1.00825 0.00825307
900 1500 1.00007 6.9167e-05
800 1500 1.00825 0.00825307
900 1500 1.00007 6.9167e-05
800 1600 1.00782 0.00782368
900 1600 1.00017 0.00017163
0 1600 1.0007 0.000697429
100 1600 1.00809 0.0080926
0 1700 1.00052 0.000521037
100 1700 1.00704 0.00704065
100 1600 1.00809 0.0080926
200 1600 1.0125 0.0124975
100 1700 1.00704 0.00704065
200 1700 1.01061 0.0106145
0 1700 1.00052 0.000521037
100 1700 1.00704 0.00704065
0 1800 1.00016 0.000164694
100 1800 1.00499 0.00499066
100 1700 1.00704 0.00704065
200 1700 1.01061 0.0106145
100 1800 1.00499 0.00499066
200 1800 1.00715 0.00714738
0 1800 1.00016 0.000164694
100 1800 1.00499 0.00499066
0 1900 1.0004 0.000398221
100 1900 1.00021 0.000209844
100 1800 1.00499 0.00499066
200 1800 1.00715 0.00714738
100 1900 1.00021 0.000209844
200 1900 1.00019 0.000186193
200 1600 1.0125 0.0124975
300 1600 1.01519 0.0151902
200 1700 1.01061 0.0106145
300 1700 1.01277 0.0127741
300 1600 1.01519 0.0151902
400 1600 1.01642 0.0164238
300 1700 1.01277 0.0127741
400 1700 1.01372 0.0137207
400 1600 1.01642 0.0164238
500 1600 1.01638 0.0163843
400 1700 1.01372 0.0137207
500 1700 1.01366 0.0136581
200 1700 1.01061 0.0106145
300 1700 1.01277 0.0127741
200 1800 1.00715 0.00714738
300 1800 1.00856 0.00855645
300 1700 1.01277 0.0127741
400 1700 1.01372 0.0137207
300 1800 1.00856 0.00855645
400 1800 1.00906 0.00905903
200 1800 1.00715 0.00714738
300 1800 1.00856 0.00855645
200 1900 1.00019 0.000186193
300 1900 1.00094 0.000944372
300 1800 1.00856 0.00855645
400 1800 1.00906 0.00905903
300 1900 1.00094 0.000944372
400 1900 1.00074 0.000739551
500 1600 1.01638 0.0163843
600 1600 1.01508 0.0150816
500 1700 1.01366 0.0136581
600 1700 1.01262 0.0126183
600 1600 1.01508 0.0150816
700 1600 1.01233 0.0123322
600 1700 1.01262 0.0126183
700 1700 1.01044 0.0104401
700 1600 1.01233 0.0123322
800 1600 1.00782 0.00782368
700 1700 1.01044 0.0104401
800 1700 1.00678 0.00678373
400 1700 1.01372 0.0137207
500 1700 1.01366 0.0136581
400 1800 1.00906 0.00905903
500 1800 1.00894 0.00894119
500 1700 1.01366 0.0136581
600 1700 1.01262 0.0126183
500 1800 1.00894 0.00894119
600 1800 1.00828 0.00827889
400 1800 1.00906 0.00905903
500 1800 1.00894 0.00894119
400 1900 1.00074 0.000739551
500 1900 1.00049 0.000490459
500 1800 1.00894 0.00894119
600 1800 1.00828 0.00827889
500 1900 1.00049 0.000490459
600 1900 1.00023 0.000227415
800 1600 1.00782 0.00782368
900 1600 1.00017 0.00017163
800 1700 1.00678 0.00678373
900 1700 1.00003 3.18389e-05
600 1700 1.01262 0.0126183
700 1700 1.01044 0.0104401
600 1800 1.00828 0.00827889
700 1800 1.00703 0.00702764
700 1700 1.01044 0.0104401
800 1700 1.00678 0.00678373
700 1800 1.00703 0.00702764
800 1800 1.0049 0.00489536
800 1700 1.00678 0.00678373
900 1700 1.00003 3.18389e-05
800 1800 1.0049 0.00489536
900 1800 1.00031 0.000311945
600 1800 1.00828 0.00827889
700 1800 1.00703 0.00702764
600 1900 1.00023 0.000227415
700 1900 1.00025 0.000254356
700 1800 1.00703 0.00702764
800 1800 1.0049 0.00489536
700 1900 1.00025 0.000254356
800 1900 1.00006 5.80292e-05
800 1800 1.0049 0.00489536
900 1800 1.00031 0.000311945
800 1900 1.00006 5.80292e-05
900 1900 1.00043 0.000434417
