# x y z topography
0 0 100.001 0.000548814
45 0 100.001 0.000548814
0 95 100.001 0.000791725
45 95 100.001 0.000791725
45 0 100.001 0.000548814
90 0 100.001 0.000715189
45 95 100.001 0.000791725
90 95 100.001 0.000997059
0 95 100.001 0.000791725
45 95 100.001 0.000791725
0 190 100.001 0.000978618
45 190 100.001 0.000978618
45 95 100.001 0.000791725
90 95 100.001 0.000997059
45 190 100.001 0.000978618
90 190 100.001 0.00131782
90 0 100.001 0.000715189
135 0 100.001 0.000715189
90 95 100.001 0.000997059
135 95 100.001 0.000997059
135 0 100.001 0.000715189
180 0 100.001 0.000602763
135 95 100.001 0.000997059
180 95 100.001 0.00116727
90 95 100.001 0.000997059
135 95 100.001 0.000997059
90 190 100.001 0.00131782
135 190 100.001 0.00131782
135 95 100.001 0.000997059
180 95 100.001 0.00116727
135 190 100.001 0.00131782
180 190 100.002 0.00176146
0 190 100.001 0.000978618
45 190 100.001 0.000978618
0 285 100 0.000264556
45 285 100 0.000264556
45 190 100.001 0.000978618
90 190 100.001 0.00131782
45 285 100 0.000264556
90 285 100.002 0.00160343
0 285 100 0.000264556
45 285 100 0.000264556
0 380 100 0.000359508
45 380 100 0.000359508
45 285 100 0.000264556
90 285 100.002 0.00160343
45 380 100 0.000359508
90 380 100.002 0.00211807
90 190 100.001 0.00131782
135 190 100.001 0.00131782
90 285 100.002 0.00160343
135 285 100.002 0.00160343
135 190 100.001 0.00131782
180 190 100.002 0.00176146
135 285 100.002 0.00160343
180 285 100.002 0.00249095
90 285 100.002 0.00160343
135 285 100.002 0.00160343
90 380 100.002 0.00211807
135 380 100.002 0.00211807
135 285 100.002 0.00160343
180 285 100.002 0.00249095
135 380 100.002 0.00211807
180 380 100.003 0.00334191
180 0 100.001 0.000602763
225 0 100.001 0.000602763
180 95 100.001 0.00116727
225 95 100.001 0.00116727
225 0 100.001 0.000602763
270 0 100.001 0.000544883
225 95 100.001 0.00116727
270 95 100.001 0.00130942
180 95 100.001 0.00116727
225 95 100.001 0.00116727
180 190 100.002 0.00176146
225 190 100.002 0.00176146
225 95 100.001 0.00116727
270 95 100.001 0.00130942
225 190 100.002 0.00176146
270 190 100.002 0.00222196
270 0 100.001 0.000544883
315 0 100.001 0.000544883
270 95 100.001 0.00130942
315 95 100.001 0.00130942
315 0 100.001 0.000544883
360 0 100 0.000423655
315 95 100.001 0.00130942
360 95 100.001 0.00138903
270 95 100.001 0.00130942
315 95 100.001 0.00130942
270 190 100.002 0.00222196
315 190 100.002 0.00222196
315 95 100.001 0.00130942
360 95 100.001 0.00138903
315 190 100.002 0.00222196
360 190 100.002 0.00243873
180 190 100.002 0.00176146
225 190 100.002 0.00176146
180 285 100.002 0.00249095
225 285 100.002 0.00249095
225 190 100.002 0.00176146
270 190 100.002 0.00222196
225 285 100.002 0.00249095
270 285 100.003 0.00309902
180 285 100.002 0.00249095
225 285 100.002 0.00249095
180 380 100.003 0.00334191
225 380 100.003 0.00334191
225 285 100.002 0.00249095
270 285 100.003 0.00309902
225 380 100.003 0.00334191
270 380 100.004 0.00417244
270 190 100.002 0.00222196
315 190 100.002 0.00222196
270 285 100.003 0.00309902
315 285 100.003 0.00309902
315 190 100.002 0.00222196
360 190 100.002 0.00243873
315 285 100.003 0.00309902
360 285 100.003 0.00343821
270 285 100.003 0.00309902
315 285 100.003 0.00309902
270 380 100.004 0.00417244
315 380 100.004 0.00417244
315 285 100.003 0.00309902
360 285 100.003 0.00343821
315 380 100.004 0.00417244
360 380 100.005 0.00461469
0 380 100 0.000359508
45 380 100 0.000359508
0 475 100.001 0.000570197
45 475 100.001 0.000570197
45 380 100 0.000359508
90 380 100.002 0.00211807
45 475 100.001 0.000570197
90 475 100.003 0.00271559
0 475 100.001 0.000570197
45 475 100.001 0.000570197
0 570 100 0.00015897
45 570 100 0.00015897
45 475 100.001 0.000570197
90 475 100.003 0.00271559
45 570 100 0.00015897
90 570 100.003 0.00322499
90 380 100.002 0.00211807
135 380 100.002 0.00211807
90 475 100.003 0.00271559
135 475 100.003 0.00271559
135 380 100.002 0.00211807
180 380 100.003 0.00334191
135 475 100.003 0.00271559
180 475 100.004 0.00426693
90 475 100.003 0.00271559
135 475 100.003 0.00271559
90 570 100.003 0.00322499
135 570 100.003 0.00322499
135 475 100.003 0.00271559
180 475 100.004 0.00426693
135 570 100.003 0.00322499
180 570 100.005 0.00519461
0 570 100 0.00015897
45 570 100 0.00015897
0 665 100.001 0.000976459
45 665 100.001 0.000976459
45 570 100 0.00015897
90 570 100.003 0.00322499
45 665 100.001 0.000976459
90 665 100.004 0.00384534
0 665 100.001 0.000976459
45 665 100.001 0.000976459
0 760 100 0.000317983
45 760 100 0.000317983
45 665 100.001 0.000976459
90 665 100.004 0.00384534
45 760 100 0.000317983
90 760 100.004 0.0042716
90 570 100.003 0.00322499
135 570 100.003 0.00322499
90 665 100.004 0.00384534
135 665 100.004 0.00384534
135 570 100.003 0.00322499
180 570 100.005 0.00519461
135 665 100.004 0.00384534
180 665 100.006 0.00604802
90 665 100.004 0.00384534
135 665 100.004 0.00384534
90 760 100.004 0.0042716
135 760 100.004 0.0042716
135 665 100.004 0.00384534
180 665 100.006 0.00604802
135 760 100.004 0.0042716
180 760 100.007 0.00693844
180 380 100.003 0.00334191
225 380 100.003 0.00334191
180 475 100.004 0.00426693
225 475 100.004 0.00426693
225 380 100.003 0.00334191
270 380 100.004 0.00417244
225 475 100.004 0.00426693
270 475 100.005 0.00532342
180 475 100.004 0.00426693
225 475 100.004 0.00426693
180 570 100.005 0.00519461
225 570 100.005 0.00519461
225 475 100.004 0.00426693
270 475 100.005 0.00532342
225 570 100.005 0.00519461
270 570 100.007 0.00650166
270 380 100.004 0.00417244
315 380 100.004 0.00417244
270 475 100.005 0.00532342
315 475 100.005 0.00532342
315 380 100.004 0.00417244
360 380 100.005 0.00461469
315 475 100.005 0.00532342
360 475 100.006 0.00587054
270 475 100.005 0.00532342
315 475 100.005 0.00532342
270 570 100.007 0.00650166
315 570 100.007 0.00650166
315 475 100.005 0.00532342
360 475 100.006 0.00587054
315 570 100.007 0.00650166
360 570 100.007 0.00717003
180 570 100.005 0.00519461
225 570 100.005 0.00519461
180 665 100.006 0.00604802
225 665 100.006 0.00604802
225 570 100.005 0.00519461
270 570 100.007 0.00650166
225 665 100.006 0.00604802
270 665 100.008 0.00767451
180 665 100.006 0.00604802
225 665 100.006 0.00604802
180 760 100.007 0.00693844
225 760 100.007 0.00693844
225 665 100.006 0.00604802
270 665 100.008 0.00767451
225 760 100.007 0.00693844
270 760 100.009 0.00871903
270 570 100.007 0.00650166
315 570 100.007 0.00650166
270 665 100.008 0.00767451
315 665 100.008 0.00767451
315 570 100.007 0.00650166
360 570 100.007 0.00717003
315 665 100.008 0.00767451
360 665 100.008 0.00846728
270 665 100.008 0.00767451
315 665 100.008 0.00767451
270 760 100.009 0.00871903
315 760 100.009 0.00871903
315 665 100.008 0.00767451
360 665 100.008 0.00846728
315 760 100.009 0.00871903
360 760 100.01 0.00963508
360 0 100 0.000423655
405 0 100 0.000423655
360 95 100.001 0.00138903
405 95 100.001 0.00138903
405 0 100 0.000423655
450 0 100 0
405 95 100.001 0.00138903
450 95 100 0
360 95 100.001 0.00138903
405 95 100.001 0.00138903
360 190 100.002 0.00243873
405 190 100.002 0.00243873
405 95 100.001 0.00138903
450 95 100 0
405 190 100.002 0.00243873
450 190 100 0
450 0 100 0
495 0 100.001 0.000645894
450 95 100 0
495 95 100.001 0.00146166
495 0 100.001 0.000645894
540 0 100.001 0.000645894
495 95 100.001 0.00146166
540 95 100.001 0.00146166
450 95 100 0
495 95 100.001 0.00146166
450 190 100 0
495 190 100.002 0.00249953
495 95 100.001 0.00146166
540 95 100.001 0.00146166
495 190 100.002 0.00249953
540 190 100.002 0.00249953
360 190 100.002 0.00243873
405 190 100.002 0.00243873
360 285 100.003 0.00343821
405 285 100.003 0.00343821
405 190 100.002 0.00243873
450 190 100 0
405 285 100.003 0.00343821
450 285 100 0
360 285 100.003 0.00343821
405 285 100.003 0.00343821
360 380 100.005 0.00461469
405 380 100.005 0.00461469
405 285 100.003 0.00343821
450 285 100 0
405 380 100.005 0.00461469
450 380 100 0
450 190 100 0
495 190 100.002 0.00249953
450 285 100 0
495 285 100.004 0.00360448
495 190 100.002 0.00249953
540 190 100.002 0.00249953
495 285 100.004 0.00360448
540 285 100.004 0.00360448
450 285 100 0
495 285 100.004 0.00360448
450 380 100 0
495 380 100.005 0.00466949
495 285 100.004 0.00360448
540 285 100.004 0.00360448
495 380 100.005 0.00466949
540 380 100.005 0.00466949
540 0 100.001 0.000645894
585 0 100 0.000437587
540 95 100.001 0.00146166
585 95 100.001 0.00138399
585 0 100 0.000437587
630 0 100 0.000437587
585 95 100.001 0.00138399
630 95 100.001 0.00138399
540 95 100.001 0.00146166
585 95 100.001 0.00138399
540 190 100.002 0.00249953
585 190 100.002 0.00235927
585 95 100.001 0.00138399
630 95 100.001 0.00138399
585 190 100.002 0.00235927
630 190 100.002 0.00235927
630 0 100 0.000437587
675 0 100.001 0.000891773
630 95 100.001 0.00138399
675 95 100.001 0.00134578
675 0 100.001 0.000891773
720 0 100.001 0.000891773
675 95 100.001 0.00134578
720 95 100.001 0.00134578
630 95 100.001 0.00138399
675 95 100.001 0.00134578
630 190 100.002 0.00235927
675 190 100.002 0.00203139
675 95 100.001 0.00134578
720 95 100.001 0.00134578
675 190 100.002 0.00203139
720 190 100.002 0.00203139
540 190 100.002 0.00249953
585 190 100.002 0.00235927
540 285 100.004 0.00360448
585 285 100.003 0.00337016
585 190 100.002 0.00235927
630 190 100.002 0.00235927
585 285 100.003 0.00337016
630 285 100.003 0.00337016
540 285 100.004 0.00360448
585 285 100.003 0.00337016
540 380 100.005 0.00466949
585 380 100.004 0.00431443
585 285 100.003 0.00337016
630 285 100.003 0.00337016
585 380 100.004 0.00431443
630 380 100.004 0.00431443
630 190 100.002 0.00235927
675 190 100.002 0.00203139
630 285 100.003 0.00337016
675 285 100.003 0.00281815
675 190 100.002 0.00203139
720 190 100.002 0.00203139
675 285 100.003 0.00281815
720 285 100.003 0.00281815
630 285 100.003 0.00337016
675 285 100.003 0.00281815
630 380 100.004 0.00431443
675 380 100.004 0.00361734
675 285 100.003 0.00281815
720 285 100.003 0.00281815
675 380 100.004 0.00361734
720 380 100.004 0.00361734
360 380 100.005 0.00461469
405 380 100.005 0.00461469
360 475 100.006 0.00587054
405 475 100.006 0.00587054
405 380 100.005 0.00461469
450 380 100 0
405 475 100.006 0.00587054
450 475 100 0
360 475 100.006 0.00587054
405 475 100.006 0.00587054
360 570 100.007 0.00717003
405 570 100.007 0.00717003
405 475 100.006 0.00587054
450 475 100 0
405 570 100.007 0.00717003
450 570 100 0
450 380 100 0
495 380 100.005 0.00466949
450 475 100 0
495 475 100.006 0.00590856
495 380 100.005 0.00466949
540 380 100.005 0.00466949
495 475 100.006 0.00590856
540 475 100.006 0.00590856
450 475 100 0
495 475 100.006 0.00590856
450 570 100 0
495 570 100.007 0.00720595
495 475 100.006 0.00590856
540 475 100.006 0.00590856
495 570 100.007 0.00720595
540 570 100.007 0.00720595
360 570 100.007 0.00717003
405 570 100.007 0.00717003
360 665 100.008 0.00846728
405 665 100.008 0.00846728
405 570 100.007 0.00717003
450 570 100 0
405 665 100.008 0.00846728
450 665 100 0
360 665 100.008 0.00846728
405 665 100.008 0.00846728
360 760 100.01 0.00963508
405 760 100.01 0.00963508
405 665 100.008 0.00846728
450 665 100 0
405 760 100.01 0.00963508
450 760 100 0
450 570 100 0
495 570 100.007 0.00720595
450 665 100 0
495 665 100.009 0.00851702
495 570 100.007 0.00720595
540 570 100.007 0.00720595
495 665 100.009 0.00851702
540 665 100.009 0.00851702
450 665 100 0
495 665 100.009 0.00851702
450 760 100 0
495 760 100.01 0.00979934
495 665 100.009 0.00851702
540 665 100.009 0.00851702
495 760 100.01 0.00979934
540 760 100.01 0.00979934
540 380 100.005 0.00466949
585 380 100.004 0.00431443
540 475 100.006 0.00590856
585 475 100.005 0.00541746
585 380 100.004 0.00431443
630 380 100.004 0.00431443
585 475 100.005 0.00541746
630 475 100.005 0.00541746
540 475 100.006 0.00590856
585 475 100.005 0.00541746
540 570 100.007 0.00720595
585 570 100.007 0.00658814
585 475 100.005 0.00541746
630 475 100.005 0.00541746
585 570 100.007 0.00658814
630 570 100.007 0.00658814
630 380 100.004 0.00431443
675 380 100.004 0.00361734
630 475 100.005 0.00541746
675 475 100.004 0.00435993
675 380 100.004 0.00361734
720 380 100.004 0.00361734
675 475 100.004 0.00435993
720 475 100.004 0.00435993
630 475 100.005 0.00541746
675 475 100.004 0.00435993
630 570 100.007 0.00658814
675 570 100.005 0.00527312
675 475 100.004 0.00435993
720 475 100.004 0.00435993
675 570 100.005 0.00527312
720 570 100.005 0.00527312
540 570 100.007 0.00720595
585 570 100.007 0.00658814
540 665 100.009 0.00851702
585 665 100.008 0.00779529
585 570 100.007 0.00658814
630 570 100.007 0.00658814
585 665 100.008 0.00779529
630 665 100.008 0.00779529
540 665 100.009 0.00851702
585 665 100.008 0.00779529
540 760 100.01 0.00979934
585 760 100.009 0.00898664
585 665 100.008 0.00779529
630 665 100.008 0.00779529
585 760 100.009 0.00898664
630 760 100.009 0.00898664
630 570 100.007 0.00658814
675 570 100.005 0.00527312
630 665 100.008 0.00779529
675 665 100.006 0.00625478
675 570 100.005 0.00527312
720 570 100.005 0.00527312
675 665 100.006 0.00625478
720 665 100.006 0.00625478
630 665 100.008 0.00779529
675 665 100.006 0.00625478
630 760 100.009 0.00898664
675 760 100.007 0.00725594
675 665 100.006 0.00625478
720 665 100.006 0.00625478
675 760 100.007 0.00725594
720 760 100.007 0.00725594
0 760 100 0.000317983
45 760 100 0.000317983
0 855 100 0.000318569
45 855 100 0.000318569
45 760 100 0.000317983
90 760 100.004 0.0042716
45 855 100 0.000318569
90 855 100.005 0.00482511
0 855 100 0.000318569
45 855 100 0.000318569
0 950 100.001 0.000677817
45 950 100 0.000318569
45 855 100 0.000318569
90 855 100.005 0.00482511
45 950 100 0.000318569
90 950 100.005 0.00546158
90 760 100.004 0.0042716
135 760 100.004 0.0042716
90 855 100.005 0.00482511
135 855 100.005 0.00482511
135 760 100.004 0.0042716
180 760 100.007 0.00693844
135 855 100.005 0.00482511
180 855 100.008 0.00785632
90 855 100.005 0.00482511
135 855 100.005 0.00482511
90 950 100.005 0.00546158
135 950 100.005 0.00482511
135 855 100.005 0.00482511
180 855 100.008 0.00785632
135 950 100.005 0.00482511
180 950 100.009 0.00877354
0 950 100.001 0.000677817
45 950 100 0.000318569
0 1045 100.001 0.000677817
45 1045 100.001 0.000677817
45 950 100 0.000318569
90 950 100.005 0.00546158
45 1045 100.001 0.000677817
90 1045 100.005 0.00546158
0 1045 100.001 0.000677817
45 1045 100.001 0.000677817
0 1140 100 0.000447125
45 1140 100 0.000447125
45 1045 100.001 0.000677817
90 1045 100.005 0.00546158
45 1140 100 0.000447125
90 1140 100.006 0.00594229
90 950 100.005 0.00546158
135 950 100.005 0.00482511
90 1045 100.005 0.00546158
135 1045 100.005 0.00546158
135 950 100.005 0.00482511
180 950 100.009 0.00877354
135 1045 100.005 0.00546158
180 1045 100.009 0.00877354
90 1045 100.005 0.00546158
135 1045 100.005 0.00546158
90 1140 100.006 0.00594229
135 1140 100.006 0.00594229
135 1045 100.005 0.00546158
180 1045 100.009 0.00877354
135 1140 100.006 0.00594229
180 1140 100.01 0.00958869
180 760 100.007 0.00693844
225 760 100.007 0.00693844
180 855 100.008 0.00785632
225 855 100.008 0.00785632
225 760 100.007 0.00693844
270 760 100.009 0.00871903
225 855 100.008 0.00785632
270 855 100.01 0.00986207
180 855 100.008 0.00785632
225 855 100.008 0.00785632
180 950 100.009 0.00877354
225 950 100.008 0.00785632
225 855 100.008 0.00785632
270 855 100.01 0.00986207
225 950 100.008 0.00785632
270 950 100.011 0.0109793
270 760 100.009 0.00871903
315 760 100.009 0.00871903
270 855 100.01 0.00986207
315 855 100.01 0.00986207
315 760 100.009 0.00871903
360 760 100.01 0.00963508
315 855 100.01 0.00986207
360 855 100.011 0.0108812
270 855 100.01 0.00986207
315 855 100.01 0.00986207
270 950 100.011 0.0109793
315 950 100.011 0.0109793
315 855 100.01 0.00986207
360 855 100.011 0.0108812
315 950 100.011 0.0109793
360 950 100.012 0.0120918
180 950 100.009 0.00877354
225 950 100.008 0.00785632
180 1045 100.009 0.00877354
225 1045 100.009 0.00877354
225 950 100.008 0.00785632
270 950 100.011 0.0109793
225 1045 100.009 0.00877354
270 1045 100.011 0.0109793
180 1045 100.009 0.00877354
225 1045 100.009 0.00877354
180 1140 100.01 0.00958869
225 1140 100.01 0.00958869
225 1045 100.009 0.00877354
270 1045 100.011 0.0109793
225 1140 100.01 0.00958869
270 1140 100.012 0.0119933
270 950 100.011 0.0109793
315 950 100.011 0.0109793
270 1045 100.011 0.0109793
315 1045 100.011 0.0109793
315 950 100.011 0.0109793
360 950 100.012 0.0120918
315 1045 100.011 0.0109793
360 1045 100.012 0.0120918
270 1045 100.011 0.0109793
315 1045 100.011 0.0109793
270 1140 100.012 0.0119933
315 1140 100.012 0.0119933
315 1045 100.011 0.0109793
360 1045 100.012 0.0120918
315 1140 100.012 0.0119933
360 1140 100.013 0.0131998
0 1140 100 0.000447125
45 1140 100 0.000447125
0 1235 100.001 0.000725254
45 1235 100.001 0.000725254
45 1140 100 0.000447125
90 1140 100.006 0.00594229
45 1235 100.001 0.000725254
90 1235 100.006 0.00633419
0 1235 100.001 0.000725254
45 1235 100.001 0.000725254
0 1330 100.001 0.000618015
45 1330 100.001 0.000618015
45 1235 100.001 0.000725254
90 1235 100.006 0.00633419
45 1330 100.001 0.000618015
90 1330 100.007 0.00666802
90 1140 100.006 0.00594229
135 1140 100.006 0.00594229
90 1235 100.006 0.00633419
135 1235 100.006 0.00633419
135 1140 100.006 0.00594229
180 1140 100.01 0.00958869
135 1235 100.006 0.00633419
180 1235 100.01 0.01018
90 1235 100.006 0.00633419
135 1235 100.006 0.00633419
90 1330 100.007 0.00666802
135 1330 100.007 0.00666802
135 1235 100.006 0.00633419
180 1235 100.01 0.01018
135 1330 100.007 0.00666802
180 1330 100.011 0.0106828
0 1330 100.001 0.000618015
45 1330 100.001 0.000618015
0 1425 100.001 0.000896547
45 1425 100.001 0.000896547
45 1330 100.001 0.000618015
90 1330 100.007 0.00666802
45 1425 100.001 0.000896547
90 1425 100.007 0.00690592
0 1425 100.001 0.000896547
45 1425 100.001 0.000896547
0 1520 100 0.000149448
45 1520 100 0.000149448
45 1425 100.001 0.000896547
90 1425 100.007 0.00690592
45 1520 100 0.000149448
90 1520 100.007 0.00674182
90 1330 100.007 0.00666802
135 1330 100.007 0.00666802
90 1425 100.007 0.00690592
135 1425 100.007 0.00690592
135 1330 100.007 0.00666802
180 1330 100.011 0.0106828
135 1425 100.007 0.00690592
180 1425 100.011 0.0109409
90 1425 100.007 0.00690592
135 1425 100.007 0.00690592
90 1520 100.007 0.00674182
135 1520 100.007 0.00674182
135 1425 100.007 0.00690592
180 1425 100.011 0.0109409
135 1520 100.007 0.00674182
180 1520 100.011 0.0107848
180 1140 100.01 0.00958869
225 1140 100.01 0.00958869
180 1235 100.01 0.01018
225 1235 100.01 0.01018
225 1140 100.01 0.00958869
270 1140 100.012 0.0119933
225 1235 100.01 0.01018
270 1235 100.013 0.0128301
180 1235 100.01 0.01018
225 1235 100.01 0.01018
180 1330 100.011 0.0106828
225 1330 100.011 0.0106828
225 1235 100.01 0.01018
270 1235 100.013 0.0128301
225 1330 100.011 0.0106828
270 1330 100.013 0.0133183
270 1140 100.012 0.0119933
315 1140 100.012 0.0119933
270 1235 100.013 0.0128301
315 1235 100.013 0.0128301
315 1140 100.012 0.0119933
360 1140 100.013 0.0131998
315 1235 100.013 0.0128301
360 1235 100.014 0.0141132
270 1235 100.013 0.0128301
315 1235 100.013 0.0128301
270 1330 100.013 0.0133183
315 1330 100.013 0.0133183
315 1235 100.013 0.0128301
360 1235 100.014 0.0141132
315 1330 100.013 0.0133183
360 1330 100.015 0.0146388
180 1330 100.011 0.0106828
225 1330 100.011 0.0106828
180 1425 100.011 0.0109409
225 1425 100.011 0.0109409
225 1330 100.011 0.0106828
270 1330 100.013 0.0133183
225 1425 100.011 0.0109409
270 1425 100.014 0.0135749
180 1425 100.011 0.0109409
225 1425 100.011 0.0109409
180 1520 100.011 0.0107848
225 1520 100.011 0.0107848
225 1425 100.011 0.0109409
270 1425 100.014 0.0135749
225 1520 100.011 0.0107848
270 1520 100.013 0.0133373
270 1330 100.013 0.0133183
315 1330 100.013 0.0133183
270 1425 100.014 0.0135749
315 1425 100.014 0.0135749
315 1330 100.013 0.0133183
360 1330 100.015 0.0146388
315 1425 100.014 0.0135749
360 1425 100.015 0.0148785
270 1425 100.014 0.0135749
315 1425 100.014 0.0135749
270 1520 100.013 0.0133373
315 1520 100.013 0.0133373
315 1425 100.014 0.0135749
360 1425 100.015 0.0148785
315 1520 100.013 0.0133373
360 1520 100.015 0.0145715
360 760 100.01 0.00963508
405 760 100.01 0.00963508
360 855 100.011 0.0108812
405 855 100.011 0.0108812
405 760 100.01 0.00963508
450 760 100 0
405 855 100.011 0.0108812
450 855 100 0
360 855 100.011 0.0108812
405 855 100.011 0.0108812
360 950 100.012 0.0120918
405 950 100.012 0.0120918
405 855 100.011 0.0108812
450 855 100 0
405 950 100.012 0.0120918
450 950 100 0
450 760 100 0
495 760 100.01 0.00979934
450 855 100 0
495 855 100.011 0.0109405
495 760 100.01 0.00979934
540 760 100.01 0.00979934
495 855 100.011 0.0109405
540 855 100.011 0.0109405
450 855 100 0
495 855 100.011 0.0109405
450 950 100 0
495 950 100.012 0.0121402
495 855 100.011 0.0109405
540 855 100.011 0.0109405
495 950 100.012 0.0121402
540 950 100.011 0.0109405
360 950 100.012 0.0120918
405 950 100.012 0.0120918
360 1045 100.012 0.0120918
405 1045 100.012 0.0120918
405 950 100.012 0.0120918
450 950 100 0
405 1045 100.012 0.0120918
450 1045 100 0
360 1045 100.012 0.0120918
405 1045 100.012 0.0120918
360 1140 100.013 0.0131998
405 1140 100.013 0.0131998
405 1045 100.012 0.0120918
450 1045 100 0
405 1140 100.013 0.0131998
450 1140 100 0
450 950 100 0
495 950 100.012 0.0121402
450 1045 100 0
495 1045 100.012 0.0121402
495 950 100.012 0.0121402
540 950 100.011 0.0109405
495 1045 100.012 0.0121402
540 1045 100.012 0.0121402
450 1045 100 0
495 1045 100.012 0.0121402
450 1140 100 0
495 1140 100.013 0.0132457
495 1045 100.012 0.0121402
540 1045 100.012 0.0121402
495 1140 100.013 0.0132457
540 1140 100.013 0.0132457
540 760 100.01 0.00979934
585 760 100.009 0.00898664
540 855 100.011 0.0109405
585 855 100.01 0.0100182
585 760 100.009 0.00898664
630 760 100.009 0.00898664
585 855 100.01 0.0100182
630 855 100.01 0.0100182
540 855 100.011 0.0109405
585 855 100.01 0.0100182
540 950 100.011 0.0109405
585 950 100.011 0.0111106
585 855 100.01 0.0100182
630 855 100.01 0.0100182
585 950 100.011 0.0111106
630 950 100.01 0.0100182
630 760 100.009 0.00898664
675 760 100.007 0.00725594
630 855 100.01 0.0100182
675 855 100.008 0.00815008
675 760 100.007 0.00725594
720 760 100.007 0.00725594
675 855 100.008 0.00815008
720 855 100.008 0.00815008
630 855 100.01 0.0100182
675 855 100.008 0.00815008
630 950 100.01 0.0100182
675 950 100.008 0.00815008
675 855 100.008 0.00815008
720 855 100.008 0.00815008
675 950 100.008 0.00815008
720 950 100.009 0.00895488
540 950 100.011 0.0109405
585 950 100.011 0.0111106
540 1045 100.012 0.0121402
585 1045 100.011 0.0111106
585 950 100.011 0.0111106
630 950 100.01 0.0100182
585 1045 100.011 0.0111106
630 1045 100.011 0.0111106
540 1045 100.012 0.0121402
585 1045 100.011 0.0111106
540 1140 100.013 0.0132457
585 1140 100.012 0.0121161
585 1045 100.011 0.0111106
630 1045 100.011 0.0111106
585 1140 100.012 0.0121161
630 1140 100.012 0.0121161
630 950 100.01 0.0100182
675 950 100.008 0.00815008
630 1045 100.011 0.0111106
675 1045 100.009 0.00895488
675 950 100.008 0.00815008
720 950 100.009 0.00895488
675 1045 100.009 0.00895488
720 1045 100.009 0.00895488
630 1045 100.011 0.0111106
675 1045 100.009 0.00895488
630 1140 100.012 0.0121161
675 1140 100.01 0.00975265
675 1045 100.009 0.00895488
720 1045 100.009 0.00895488
675 1140 100.01 0.00975265
720 1140 100.01 0.00975265
360 1140 100.013 0.0131998
405 1140 100.013 0.0131998
360 1235 100.014 0.0141132
405 1235 100.014 0.0141132
405 1140 100.013 0.0131998
450 1140 100 0
405 1235 100.014 0.0141132
450 1235 100 0
360 1235 100.014 0.0141132
405 1235 100.014 0.0141132
360 1330 100.015 0.0146388
405 1330 100.015 0.0146388
405 1235 100.014 0.0141132
450 1235 100 0
405 1330 100.015 0.0146388
450 1330 100 0
450 1140 100 0
495 1140 100.013 0.0132457
450 1235 100 0
495 1235 100.014 0.0141658
495 1140 100.013 0.0132457
540 1140 100.013 0.0132457
495 1235 100.014 0.0141658
540 1235 100.014 0.0141658
450 1235 100 0
495 1235 100.014 0.0141658
450 1330 100 0
495 1330 100.015 0.014795
495 1235 100.014 0.0141658
540 1235 100.014 0.0141658
495 1330 100.015 0.014795
540 1330 100.015 0.014795
360 1330 100.015 0.0146388
405 1330 100.015 0.0146388
360 1425 100.015 0.0148785
405 1425 100.015 0.0148785
405 1330 100.015 0.0146388
450 1330 100 0
405 1425 100.015 0.0148785
450 1425 100 0
360 1425 100.015 0.0148785
405 1425 100.015 0.0148785
360 1520 100.015 0.0145715
405 1520 100.015 0.0145715
405 1425 100.015 0.0148785
450 1425 100 0
405 1520 100.015 0.0145715
450 1520 100 0
450 1330 100 0
495 1330 100.015 0.014795
450 1425 100 0
495 1425 100.015 0.0149206
495 1330 100.015 0.014795
540 1330 100.015 0.014795
495 1425 100.015 0.0149206
540 1425 100.015 0.0149206
450 1425 100 0
495 1425 100.015 0.0149206
450 1520 100 0
495 1520 100.015 0.0145903
495 1425 100.015 0.0149206
540 1425 100.015 0.0149206
495 1520 100.015 0.0145903
540 1520 100.015 0.0145903
540 1140 100.013 0.0132457
585 1140 100.012 0.0121161
540 1235 100.014 0.0141658
585 1235 100.013 0.0129635
585 1140 100.012 0.0121161
630 1140 100.012 0.0121161
585 1235 100.013 0.0129635
630 1235 100.013 0.0129635
540 1235 100.014 0.0141658
585 1235 100.013 0.0129635
540 1330 100.015 0.014795
585 1330 100.014 0.0135598
585 1235 100.013 0.0129635
630 1235 100.013 0.0129635
585 1330 100.014 0.0135598
630 1330 100.014 0.0135598
630 1140 100.012 0.0121161
675 1140 100.01 0.00975265
630 1235 100.013 0.0129635
675 1235 100.01 0.0104243
675 1140 100.01 0.00975265
720 1140 100.01 0.00975265
675 1235 100.01 0.0104243
720 1235 100.01 0.0104243
630 1235 100.013 0.0129635
675 1235 100.01 0.0104243
630 1330 100.014 0.0135598
675 1330 100.011 0.0109396
675 1235 100.01 0.0104243
720 1235 100.01 0.0104243
675 1330 100.011 0.0109396
720 1330 100.011 0.0109396
540 1330 100.015 0.014795
585 1330 100.014 0.0135598
540 1425 100.015 0.0149206
585 1425 100.014 0.0136828
585 1330 100.014 0.0135598
630 1330 100.014 0.0135598
585 1425 100.014 0.0136828
630 1425 100.014 0.0136828
540 1425 100.015 0.0149206
585 1425 100.014 0.0136828
540 1520 100.015 0.0145903
585 1520 100.013 0.0133835
585 1425 100.014 0.0136828
630 1425 100.014 0.0136828
585 1520 100.013 0.0133835
630 1520 100.013 0.0133835
630 1330 100.014 0.0135598
675 1330 100.011 0.0109396
630 1425 100.014 0.0136828
675 1425 100.011 0.0111699
675 1330 100.011 0.0109396
720 1330 100.011 0.0109396
675 1425 100.011 0.0111699
720 1425 100.011 0.0111699
630 1425 100.014 0.0136828
675 1425 100.011 0.0111699
630 1520 100.013 0.0133835
675 1520 100.011 0.010828
675 1425 100.011 0.0111699
720 1425 100.011 0.0111699
675 1520 100.011 0.010828
720 1520 100.011 0.010828
720 0 100.001 0.000891773
765 0 100.001 0.000963663
720 95 100.001 0.00134578
765 95 100.001 0.00113797
765 0 100.001 0.000963663
810 0 100.001 0.000963663
765 95 100.001 0.00113797
810 95 100.001 0.00113797
720 95 100.001 0.00134578
765 95 100.001 0.00113797
720 190 100.002 0.00203139
765 190 100.001 0.00143731
765 95 100.001 0.00113797
810 95 100.001 0.00113797
765 190 100.001 0.00143731
810 190 100.001 0.00143731
810 0 100.001 0.000963663
855 0 100 0.000383442
810 95 100.001 0.00113797
855 95 100.001 0.000870012
855 0 100 0.000383442
900 0 100 0.000383442
855 95 100.001 0.000870012
900 95 100.001 0.000870012
810 95 100.001 0.00113797
855 95 100.001 0.000870012
810 190 100.001 0.00143731
855 190 100 0.000414662
855 95 100.001 0.000870012
900 95 100.001 0.000870012
855 190 100 0.000414662
900 190 100 0.000414662
720 190 100.002 0.00203139
765 190 100.001 0.00143731
720 285 100.003 0.00281815
765 285 100.002 0.00193337
765 190 100.001 0.00143731
810 190 100.001 0.00143731
765 285 100.002 0.00193337
810 285 100.002 0.00193337
720 285 100.003 0.00281815
765 285 100.002 0.00193337
720 380 100.004 0.00361734
765 380 100.002 0.00234054
765 285 100.002 0.00193337
810 285 100.002 0.00193337
765 380 100.002 0.00234054
810 380 100.002 0.00234054
810 190 100.001 0.00143731
855 190 100 0.000414662
810 285 100.002 0.00193337
855 285 100.001 0.00068182
855 190 100 0.000414662
900 190 100 0.000414662
855 285 100.001 0.00068182
900 285 100.001 0.00068182
810 285 100.002 0.00193337
855 285 100.001 0.00068182
810 380 100.002 0.00234054
855 380 100 0.000363711
855 285 100.001 0.00068182
900 285 100.001 0.00068182
855 380 100 0.000363711
900 380 100 0.000363711
720 380 100.004 0.00361734
765 380 100.002 0.00234054
720 475 100.004 0.00435993
765 475 100.003 0.00269496
765 380 100.002 0.00234054
810 380 100.002 0.00234054
765 475 100.003 0.00269496
810 475 100.003 0.00269496
720 475 100.004 0.00435993
765 475 100.003 0.00269496
720 570 100.005 0.00527312
765 570 100.003 0.00320818
765 475 100.003 0.00269496
810 475 100.003 0.00269496
765 570 100.003 0.00320818
810 570 100.003 0.00320818
810 380 100.002 0.00234054
855 380 100 0.000363711
810 475 100.003 0.00269496
855 475 100 0.000244426
855 380 100 0.000363711
900 380 100 0.000363711
855 475 100 0.000244426
900 475 100 0.000244426
810 475 100.003 0.00269496
855 475 100 0.000244426
810 570 100.003 0.00320818
855 570 100 9.60984e-05
855 475 100 0.000244426
900 475 100 0.000244426
855 570 100 9.60984e-05
900 570 100 9.60984e-05
720 570 100.005 0.00527312
765 570 100.003 0.00320818
720 665 100.006 0.00625478
765 665 100.004 0.00383853
765 570 100.003 0.00320818
810 570 100.003 0.00320818
765 665 100.004 0.00383853
810 665 100.004 0.00383853
720 665 100.006 0.00625478
765 665 100.004 0.00383853
720 760 100.007 0.00725594
765 760 100.005 0.00461117
765 665 100.004 0.00383853
810 665 100.004 0.00383853
765 760 100.005 0.00461117
810 760 100.005 0.00461117
810 570 100.003 0.00320818
855 570 100 9.60984e-05
810 665 100.004 0.00383853
855 665 100 0.000118728
855 570 100 9.60984e-05
900 570 100 9.60984e-05
855 665 100 0.000118728
900 665 100 0.000118728
810 665 100.004 0.00383853
855 665 100 0.000118728
810 760 100.005 0.00461117
855 760 100.001 0.000929296
855 665 100 0.000118728
900 665 100 0.000118728
855 760 100.001 0.000929296
900 760 100.001 0.000929296
720 760 100.007 0.00725594
765 760 100.005 0.00461117
720 855 100.008 0.00815008
765 855 100.005 0.00502813
765 760 100.005 0.00461117
810 760 100.005 0.00461117
765 855 100.005 0.00502813
810 855 100.005 0.00502813
720 855 100.008 0.00815008
765 855 100.005 0.00502813
720 950 100.009 0.00895488
765 950 100.005 0.00502813
765 855 100.005 0.00502813
810 855 100.005 0.00502813
765 950 100.005 0.00502813
810 950 100.006 0.00565326
810 760 100.005 0.00461117
855 760 100.001 0.000929296
810 855 100.005 0.00502813
855 855 100 4.69548e-06
855 760 100.001 0.000929296
900 760 100.001 0.000929296
855 855 100 4.69548e-06
900 855 100 4.69548e-06
810 855 100.005 0.00502813
855 855 100 4.69548e-06
810 950 100.006 0.00565326
855 950 100 4.69548e-06
855 855 100 4.69548e-06
900 855 100 4.69548e-06
855 950 100 4.69548e-06
900 950 100.001 0.000952749
720 950 100.009 0.00895488
765 950 100.005 0.00502813
720 1045 100.009 0.00895488
765 1045 100.006 0.00565326
765 950 100.005 0.00502813
810 950 100.006 0.00565326
765 1045 100.006 0.00565326
810 1045 100.006 0.00565326
720 1045 100.009 0.00895488
765 1045 100.006 0.00565326
720 1140 100.01 0.00975265
765 1140 100.006 0.00610513
765 1045 100.006 0.00565326
810 1045 100.006 0.00565326
765 1140 100.006 0.00610513
810 1140 100.006 0.00610513
810 950 100.006 0.00565326
855 950 100 4.69548e-06
810 1045 100.006 0.00565326
855 1045 100.001 0.000952749
855 950 100 4.69548e-06
900 950 100.001 0.000952749
855 1045 100.001 0.000952749
900 1045 100.001 0.000952749
810 1045 100.006 0.00565326
855 1045 100.001 0.000952749
810 1140 100.006 0.00610513
855 1140 100.001 0.000692532
855 1045 100.001 0.000952749
900 1045 100.001 0.000952749
855 1140 100.001 0.000692532
900 1140 100.001 0.000692532
720 1140 100.01 0.00975265
765 1140 100.006 0.00610513
720 1235 100.01 0.0104243
765 1235 100.006 0.00643992
765 1140 100.006 0.00610513
810 1140 100.006 0.00610513
765 1235 100.006 0.00643992
810 1235 100.006 0.00643992
720 1235 100.01 0.0104243
765 1235 100.006 0.00643992
720 1330 100.011 0.0109396
765 1330 100.007 0.0068181
765 1235 100.006 0.00643992
810 1235 100.006 0.00643992
765 1330 100.007 0.0068181
810 1330 100.007 0.0068181
810 1140 100.006 0.00610513
855 1140 100.001 0.000692532
810 1235 100.006 0.00643992
855 1235 100 0.000290078
855 1140 100.001 0.000692532
900 1140 100.001 0.000692532
855 1235 100 0.000290078
900 1235 100 0.000290078
810 1235 100.006 0.00643992
855 1235 100 0.000290078
810 1330 100.007 0.0068181
855 1330 100 0.000431418
855 1235 100 0.000290078
900 1235 100 0.000290078
855 1330 100 0.000431418
900 1330 100 0.000431418
720 1330 100.011 0.0109396
765 1330 100.007 0.0068181
720 1425 100.011 0.0111699
765 1425 100.007 0.00709702
765 1330 100.007 0.0068181
810 1330 100.007 0.0068181
765 1425 100.007 0.00709702
810 1425 100.007 0.00709702
720 1425 100.011 0.0111699
765 1425 100.007 0.00709702
720 1520 100.011 0.010828
765 1520 100.007 0.00672388
765 1425 100.007 0.00709702
810 1425 100.007 0.00709702
765 1520 100.007 0.00672388
810 1520 100.007 0.00672388
810 1330 100.007 0.0068181
855 1330 100 0.000431418
810 1425 100.007 0.00709702
855 1425 100.001 0.000998847
855 1330 100 0.000431418
900 1330 100 0.000431418
855 1425 100.001 0.000998847
900 1425 100.001 0.000998847
810 1425 100.007 0.00709702
855 1425 100.001 0.000998847
810 1520 100.007 0.00672388
855 1520 100 6.9167e-05
855 1425 100.001 0.000998847
900 1425 100.001 0.000998847
855 1520 100 6.9167e-05
900 1520 100 6.9167e-05
0 1520 100 0.000149448
45 1520 100 0.000149448
0 1615 100.001 0.000697429
45 1615 100.001 0.000697429
45 1520 100 0.000149448
90 1520 100.007 0.00674182
45 1615 100.001 0.000697429
90 1615 100.007 0.00650089
0 1615 100.001 0.000697429
45 1615 100.001 0.000697429
0 1710 100.001 0.000521037
45 1710 100.001 0.000521037
45 1615 100.001 0.000697429
90 1615 100.007 0.00650089
45 1710 100.001 0.000521037
90 1710 100.006 0.00551656
90 1520 100.007 0.00674182
135 1520 100.007 0.00674182
90 1615 100.007 0.00650089
135 1615 100.007 0.00650089
135 1520 100.007 0.00674182
180 1520 100.011 0.0107848
135 1615 100.007 0.00650089
180 1615 100.01 0.0100956
90 1615 100.007 0.00650089
135 1615 100.007 0.00650089
90 1710 100.006 0.00551656
135 1710 100.006 0.00551656
135 1615 100.007 0.00650089
180 1615 100.01 0.0100956
135 1710 100.006 0.00551656
180 1710 100.008 0.00840981
0 1710 100.001 0.000521037
45 1710 100.001 0.000521037
0 1805 100 0.000164694
45 1805 100 0.000164694
45 1710 100.001 0.000521037
90 1710 100.006 0.00551656
45 1805 100 0.000164694
90 1805 100.004 0.00386095
0 1805 100 0.000164694
45 1805 100 0.000164694
0 1900 100 0.000398221
45 1900 100 0.000398221
45 1805 100 0.000164694
90 1805 100.004 0.00386095
45 1900 100 0.000398221
90 1900 100 0.000209844
90 1710 100.006 0.00551656
135 1710 100.006 0.00551656
90 1805 100.004 0.00386095
135 1805 100.004 0.00386095
135 1710 100.006 0.00551656
180 1710 100.008 0.00840981
135 1805 100.004 0.00386095
180 1805 100.006 0.00560526
90 1805 100.004 0.00386095
135 1805 100.004 0.00386095
90 1900 100 0.000209844
135 1900 100 0.000209844
135 1805 100.004 0.00386095
180 1805 100.006 0.00560526
135 1900 100 0.000209844
180 1900 100 0.000186193
180 1520 100.011 0.0107848
225 1520 100.011 0.0107848
180 1615 100.01 0.0100956
225 1615 100.01 0.0100956
225 1520 100.011 0.0107848
270 1520 100.013 0.0133373
225 1615 100.01 0.0100956
270 1615 100.012 0.0123739
180 1615 100.01 0.0100956
225 1615 100.01 0.0100956
180 1710 100.008 0.00840981
225 1710 100.008 0.00840981
225 1615 100.01 0.0100956
270 1615 100.012 0.0123739
225 1710 100.008 0.00840981
270 1710 100.01 0.0103389
270 1520 100.013 0.0133373
315 1520 100.013 0.0133373
270 1615 100.012 0.0123739
315 1615 100.012 0.0123739
315 1520 100.013 0.0133373
360 1520 100.015 0.0145715
315 1615 100.012 0.0123739
360 1615 100.013 0.0134599
270 1615 100.012 0.0123739
315 1615 100.012 0.0123739
270 1710 100.01 0.0103389
315 1710 100.01 0.0103389
315 1615 100.012 0.0123739
360 1615 100.013 0.0134599
315 1710 100.01 0.0103389
360 1710 100.011 0.0111793
180 1710 100.008 0.00840981
225 1710 100.008 0.00840981
180 1805 100.006 0.00560526
225 1805 100.006 0.00560526
225 1710 100.008 0.00840981
270 1710 100.01 0.0103389
225 1805 100.006 0.00560526
270 1805 100.007 0.00682235
180 1805 100.006 0.00560526
225 1805 100.006 0.00560526
180 1900 100 0.000186193
225 1900 100 0.000186193
225 1805 100.006 0.00560526
270 1805 100.007 0.00682235
225 1900 100 0.000186193
270 1900 100.001 0.000944372
270 1710 100.01 0.0103389
315 1710 100.01 0.0103389
270 1805 100.007 0.00682235
315 1805 100.007 0.00682235
315 1710 100.01 0.0103389
360 1710 100.011 0.0111793
315 1805 100.007 0.00682235
360 1805 100.007 0.00727106
270 1805 100.007 0.00682235
315 1805 100.007 0.00682235
270 1900 100.001 0.000944372
315 1900 100.001 0.000944372
315 1805 100.007 0.00682235
360 1805 100.007 0.00727106
315 1900 100.001 0.000944372
360 1900 100.001 0.000739551
360 1520 100.015 0.0145715
405 1520 100.015 0.0145715
360 1615 100.013 0.0134599
405 1615 100.013 0.0134599
405 1520 100.015 0.0145715
450 1520 100 0
405 1615 100.013 0.0134599
450 1615 100 0
360 1615 100.013 0.0134599
405 1615 100.013 0.0134599
360 1710 100.011 0.0111793
405 1710 100.011 0.0111793
405 1615 100.013 0.0134599
450 1615 100 0
405 1710 100.011 0.0111793
450 1710 100 0
450 1520 100 0
495 1520 100.015 0.0145903
450 1615 100 0
495 1615 100.013 0.0134604
495 1520 100.015 0.0145903
540 1520 100.015 0.0145903
495 1615 100.013 0.0134604
540 1615 100.013 0.0134604
450 1615 100 0
495 1615 100.013 0.0134604
450 1710 100 0
495 1710 100.011 0.0111597
495 1615 100.013 0.0134604
540 1615 100.013 0.0134604
495 1710 100.011 0.0111597
540 1710 100.011 0.0111597
360 1710 100.011 0.0111793
405 1710 100.011 0.0111793
360 1805 100.007 0.00727106
405 1805 100.007 0.00727106
405 1710 100.011 0.0111793
450 1710 100 0
405 1805 100.007 0.00727106
450 1805 100 0
360 1805 100.007 0.00727106
405 1805 100.007 0.00727106
360 1900 100.001 0.000739551
405 1900 100.001 0.000739551
405 1805 100.007 0.00727106
450 1805 100 0
405 1900 100.001 0.000739551
450 1900 100 0
450 1710 100 0
495 1710 100.011 0.0111597
450 1805 100 0
495 1805 100.007 0.00728707
495 1710 100.011 0.0111597
540 1710 100.011 0.0111597
495 1805 100.007 0.00728707
540 1805 100.007 0.00728707
450 1805 100 0
495 1805 100.007 0.00728707
450 1900 100 0
495 1900 100 0.000490459
495 1805 100.007 0.00728707
540 1805 100.007 0.00728707
495 1900 100 0.000490459
540 1900 100 0.000490459
540 1520 100.015 0.0145903
585 1520 100.013 0.0133835
540 1615 100.013 0.0134604
585 1615 100.012 0.0123719
585 1520 100.013 0.0133835
630 1520 100.013 0.0133835
585 1615 100.012 0.0123719
630 1615 100.012 0.0123719
540 1615 100.013 0.0134604
585 1615 100.012 0.0123719
540 1710 100.011 0.0111597
585 1710 100.01 0.0102962
585 1615 100.012 0.0123719
630 1615 100.012 0.0123719
585 1710 100.01 0.0102962
630 1710 100.01 0.0102962
630 1520 100.013 0.0133835
675 1520 100.011 0.010828
630 1615 100.012 0.0123719
675 1615 100.01 0.0100666
675 1520 100.011 0.010828
720 1520 100.011 0.010828
675 1615 100.01 0.0100666
720 1615 100.01 0.0100666
630 1615 100.012 0.0123719
675 1615 100.01 0.0100666
630 1710 100.01 0.0102962
675 1710 100.008 0.00847834
675 1615 100.01 0.0100666
720 1615 100.01 0.0100666
675 1710 100.008 0.00847834
720 1710 100.008 0.00847834
540 1710 100.011 0.0111597
585 1710 100.01 0.0102962
540 1805 100.007 0.00728707
585 1805 100.007 0.00673207
585 1710 100.01 0.0102962
630 1710 100.01 0.0102962
585 1805 100.007 0.00673207
630 1805 100.007 0.00673207
540 1805 100.007 0.00728707
585 1805 100.007 0.00673207
540 1900 100 0.000490459
585 1900 100 0.000227415
585 1805 100.007 0.00673207
630 1805 100.007 0.00673207
585 1900 100 0.000227415
630 1900 100 0.000227415
630 1710 100.01 0.0102962
675 1710 100.008 0.00847834
630 1805 100.007 0.00673207
675 1805 100.006 0.00569281
675 1710 100.008 0.00847834
720 1710 100.008 0.00847834
675 1805 100.006 0.00569281
720 1805 100.006 0.00569281
630 1805 100.007 0.00673207
675 1805 100.006 0.00569281
630 1900 100 0.000227415
675 1900 100 0.000254356
675 1805 100.006 0.00569281
720 1805 100.006 0.00569281
675 1900 100 0.000254356
720 1900 100 0.000254356
720 1520 100.011 0.010828
765 1520 100.007 0.00672388
720 1615 100.01 0.0100666
765 1615 100.006 0.00633046
765 1520 100.007 0.00672388
810 1520 100.007 0.00672388
765 1615 100.006 0.00633046
810 1615 100.006 0.00633046
720 1615 100.01 0.0100666
765 1615 100.006 0.00633046
720 1710 100.008 0.00847834
765 1710 100.005 0.0054628
765 1615 100.006 0.00633046
810 1615 100.006 0.00633046
765 1710 100.005 0.0054628
810 1710 100.005 0.0054628
810 1520 100.007 0.00672388
855 1520 100 6.9167e-05
810 1615 100.006 0.00633046
855 1615 100 0.00017163
855 1520 100 6.9167e-05
900 1520 100 6.9167e-05
855 1615 100 0.00017163
900 1615 100 0.00017163
810 1615 100.006 0.00633046
855 1615 100 0.00017163
810 1710 100.005 0.0054628
855 1710 100 3.18389e-05
855 1615 100 0.00017163
900 1615 100 0.00017163
855 1710 100 3.18389e-05
900 1710 100 3.18389e-05
720 1710 100.008 0.00847834
765 1710 100.005 0.0054628
720 1805 100.006 0.00569281
765 1805 100.004 0.00394191
765 1710 100.005 0.0054628
810 1710 100.005 0.0054628
765 1805 100.004 0.00394191
810 1805 100.004 0.00394191
720 1805 100.006 0.00569281
765 1805 100.004 0.00394191
720 1900 100 0.000254356
765 1900 100 5.80292e-05
765 1805 100.004 0.00394191
810 1805 100.004 0.00394191
765 1900 100 5.80292e-05
810 1900 100 5.80292e-05
810 1710 100.005 0.0054628
855 1710 100 3.18389e-05
810 1805 100.004 0.00394191
855 1805 100 0.000311945
855 1710 100 3.18389e-05
900 1710 100 3.18389e-05
855 1805 100 0.000311945
900 1805 100 0.000311945
810 1805 100.004 0.00394191
855 1805 100 0.000311945
810 1900 100 5.80292e-05
855 1900 100 0.000434417
855 1805 100 0.000311945
900 1805 100 0.000311945
855 1900 100 0.000434417
900 1900 100 0.000434417
