# x y topography analytical topography
0 3.0097 0.00969729 0.00972136
0.046875 3.01012 0.0101233 0.0101461
0.046875 3.01012 0.0101233 0.0101461
0.09375 3.01136 0.0113626 0.0113818
0.09375 3.01136 0.0113626 0.0113818
0.140625 3.01331 0.0133078 0.0133215
0.140625 3.01331 0.0133078 0.0133215
0.1875 3.01581 0.0158082 0.0158158
0.1875 3.01581 0.0158082 0.0158158
0.234375 3.0187 0.0187003 0.0187025
0.234375 3.0187 0.0187003 0.0187025
0.28125 3.02184 0.0218352 0.0218335
0.28125 3.02184 0.0218352 0.0218335
0.328125 3.02509 0.0250937 0.0250898
0.328125 3.02509 0.0250937 0.0250898
0.375 3.02839 0.0283907 0.0283859
0.375 3.02839 0.0283907 0.0283859
0.421875 3.03167 0.0316702 0.0316652
0.421875 3.03167 0.0316702 0.0316652
0.46875 3.0349 0.0348975 0.0348925
0.46875 3.0349 0.0348975 0.0348925
0.515625 3.03805 0.0380512 0.0380464
0.515625 3.03805 0.0380512 0.0380464
0.5625 3.04112 0.0411175 0.0411127
0.5625 3.04112 0.0411175 0.0411127
0.609375 3.04409 0.0440862 0.0440816
0.609375 3.04409 0.0440862 0.0440816
0.65625 3.04695 0.0469492 0.0469447
0.65625 3.04695 0.0469492 0.0469447
0.703125 3.0497 0.0496993 0.0496949
0.703125 3.0497 0.0496993 0.0496949
0.75 3.05233 0.0523296 0.0523254
0.75 3.05233 0.0523296 0.0523254
0.796875 3.05483 0.0548338 0.0548298
0.796875 3.05483 0.0548338 0.0548298
0.84375 3.05721 0.0572059 0.0572022
0.84375 3.05721 0.0572059 0.0572022
0.890625 3.05944 0.0594402 0.0594367
0.890625 3.05944 0.0594402 0.0594367
0.9375 3.06153 0.0615313 0.0615281
0.9375 3.06153 0.0615313 0.0615281
0.984375 3.06347 0.0634741 0.0634712
0.984375 3.06347 0.0634741 0.0634712
1.03125 3.06526 0.0652639 0.0652615
1.03125 3.06526 0.0652639 0.0652615
1.07812 3.0669 0.0668966 0.0668945
1.07812 3.0669 0.0668966 0.0668945
1.125 3.06837 0.0683681 0.0683664
1.125 3.06837 0.0683681 0.0683664
1.17188 3.06967 0.069675 0.0696735
1.17188 3.06967 0.069675 0.0696735
1.21875 3.07081 0.070814 0.0708128
1.21875 3.07081 0.070814 0.0708128
1.26562 3.07178 0.0717824 0.0717816
1.26562 3.07178 0.0717824 0.0717816
1.3125 3.07258 0.072578 0.0725773
1.3125 3.07258 0.072578 0.0725773
1.35938 3.0732 0.0731987 0.0731983
1.35938 3.0732 0.0731987 0.0731983
1.40625 3.07364 0.0736432 0.0736429
1.40625 3.07364 0.0736432 0.0736429
1.45312 3.07391 0.0739103 0.0739101
1.45312 3.07391 0.0739103 0.0739101
1.5 3.074 0.0739994 0.0739992
1.5 3.074 0.0739994 0.0739992
1.54688 3.07391 0.0739103 0.0739101
1.54688 3.07391 0.0739103 0.0739101
1.59375 3.07364 0.0736432 0.0736429
1.59375 3.07364 0.0736432 0.0736429
1.64062 3.0732 0.0731987 0.0731983
1.64062 3.0732 0.0731987 0.0731983
1.6875 3.07258 0.072578 0.0725773
1.6875 3.07258 0.072578 0.0725773
1.73438 3.07178 0.0717824 0.0717816
1.73438 3.07178 0.0717824 0.0717816
1.78125 3.07081 0.070814 0.0708128
1.78125 3.07081 0.070814 0.0708128
1.82812 3.06967 0.069675 0.0696735
1.82812 3.06967 0.069675 0.0696735
1.875 3.06837 0.0683681 0.0683664
1.875 3.06837 0.0683681 0.0683664
1.92188 3.0669 0.0668966 0.0668945
1.92188 3.0669 0.0668966 0.0668945
1.96875 3.06526 0.0652639 0.0652615
1.96875 3.06526 0.0652639 0.0652615
2.01562 3.06347 0.0634741 0.0634712
2.01562 3.06347 0.0634741 0.0634712
2.0625 3.06153 0.0615313 0.0615281
2.0625 3.06153 0.0615313 0.0615281
2.10938 3.05944 0.0594402 0.0594367
2.10938 3.05944 0.0594402 0.0594367
2.15625 3.05721 0.0572059 0.0572022
2.15625 3.05721 0.0572059 0.0572022
2.20312 3.05483 0.0548338 0.0548298
2.20312 3.05483 0.0548338 0.0548298
2.25 3.05233 0.0523296 0.0523254
2.25 3.05233 0.0523296 0.0523254
2.29688 3.0497 0.0496993 0.0496949
2.29688 3.0497 0.0496993 0.0496949
2.34375 3.04695 0.0469492 0.0469447
2.34375 3.04695 0.0469492 0.0469447
2.39062 3.04409 0.0440862 0.0440816
2.39062 3.04409 0.0440862 0.0440816
2.4375 3.04112 0.0411175 0.0411127
2.4375 3.04112 0.0411175 0.0411127
2.48438 3.03805 0.0380512 0.0380464
2.48438 3.03805 0.0380512 0.0380464
2.53125 3.0349 0.0348975 0.0348925
2.53125 3.0349 0.0348975 0.0348925
2.57812 3.03167 0.0316702 0.0316652
2.57812 3.03167 0.0316702 0.0316652
2.625 3.02839 0.0283907 0.0283859
2.625 3.02839 0.0283907 0.0283859
2.67188 3.02509 0.0250937 0.0250898
2.67188 3.02509 0.0250937 0.0250898
2.71875 3.02184 0.0218352 0.0218335
2.71875 3.02184 0.0218352 0.0218335
2.76562 3.0187 0.0187003 0.0187025
2.76562 3.0187 0.0187003 0.0187025
2.8125 3.01581 0.0158082 0.0158158
2.8125 3.01581 0.0158082 0.0158158
2.85938 3.01331 0.0133078 0.0133215
2.85938 3.01331 0.0133078 0.0133215
2.90625 3.01136 0.0113626 0.0113818
2.90625 3.01136 0.0113626 0.0113818
2.95312 3.01012 0.0101233 0.0101461
2.95312 3.01012 0.0101233 0.0101461
3 3.0097 0.00969729 0.00972136
