# x y topography analytical topography
0 3.00925 0.0092476 0.00927183
0.046875 3.0097 0.0096956 0.00971836
0.046875 3.0097 0.0096956 0.00971836
0.09375 3.01099 0.0109949 0.0110135
0.09375 3.01099 0.0109949 0.0110135
0.140625 3.01302 0.0130232 0.0130358
0.140625 3.01302 0.0130232 0.0130358
0.1875 3.01561 0.0156118 0.0156179
0.1875 3.01561 0.0156118 0.0156179
0.234375 3.01858 0.0185824 0.0185832
0.234375 3.01858 0.0185824 0.0185832
0.28125 3.02178 0.0217782 0.0217755
0.28125 3.02178 0.0217782 0.0217755
0.328125 3.02508 0.025079 0.0250747
0.328125 3.02508 0.025079 0.0250747
0.375 3.0284 0.0284028 0.0283981
0.375 3.0284 0.0284028 0.0283981
0.421875 3.0317 0.0316987 0.031694
0.421875 3.0317 0.0316987 0.031694
0.46875 3.03494 0.0349359 0.0349314
0.46875 3.03494 0.0349359 0.0349314
0.515625 3.0381 0.0380962 0.0380918
0.515625 3.0381 0.0380962 0.0380918
0.5625 3.04117 0.0411673 0.041163
0.5625 3.04117 0.0411673 0.041163
0.609375 3.04414 0.0441401 0.0441358
0.609375 3.04414 0.0441401 0.0441358
0.65625 3.04701 0.0470067 0.0470026
0.65625 3.04701 0.0470067 0.0470026
0.703125 3.04976 0.0497602 0.0497562
0.703125 3.04976 0.0497602 0.0497562
0.75 3.05239 0.0523938 0.0523899
0.75 3.05239 0.0523938 0.0523899
0.796875 3.0549 0.0549012 0.0548975
0.796875 3.0549 0.0549012 0.0548975
0.84375 3.05728 0.0572762 0.0572728
0.84375 3.05728 0.0572762 0.0572728
0.890625 3.05951 0.0595133 0.0595101
0.890625 3.05951 0.0595133 0.0595101
0.9375 3.06161 0.0616069 0.0616041
0.9375 3.06161 0.0616069 0.0616041
0.984375 3.06355 0.0635522 0.0635496
0.984375 3.06355 0.0635522 0.0635496
1.03125 3.06534 0.0653443 0.065342
1.03125 3.06534 0.0653443 0.065342
1.07812 3.06698 0.066979 0.0669771
1.07812 3.06698 0.066979 0.0669771
1.125 3.06845 0.0684524 0.0684508
1.125 3.06845 0.0684524 0.0684508
1.17188 3.06976 0.0697608 0.0697595
1.17188 3.06976 0.0697608 0.0697595
1.21875 3.0709 0.0709013 0.0709002
1.21875 3.0709 0.0709013 0.0709002
1.26562 3.07187 0.0718709 0.0718702
1.26562 3.07187 0.0718709 0.0718702
1.3125 3.07267 0.0726675 0.0726669
1.3125 3.07267 0.0726675 0.0726669
1.35938 3.07329 0.073289 0.0732886
1.35938 3.07329 0.073289 0.0732886
1.40625 3.07373 0.0737341 0.0737338
1.40625 3.07373 0.0737341 0.0737338
1.45312 3.074 0.0740015 0.0740013
1.45312 3.074 0.0740015 0.0740013
1.5 3.07409 0.0740907 0.0740906
1.5 3.07409 0.0740907 0.0740906
1.54688 3.074 0.0740015 0.0740013
1.54688 3.074 0.0740015 0.0740013
1.59375 3.07373 0.0737341 0.0737338
1.59375 3.07373 0.0737341 0.0737338
1.64062 3.07329 0.073289 0.0732886
1.64062 3.07329 0.073289 0.0732886
1.6875 3.07267 0.0726675 0.0726669
1.6875 3.07267 0.0726675 0.0726669
1.73438 3.07187 0.0718709 0.0718702
1.73438 3.07187 0.0718709 0.0718702
1.78125 3.0709 0.0709013 0.0709002
1.78125 3.0709 0.0709013 0.0709002
1.82812 3.06976 0.0697608 0.0697595
1.82812 3.06976 0.0697608 0.0697595
1.875 3.06845 0.0684524 0.0684508
1.875 3.06845 0.0684524 0.0684508
1.92188 3.06698 0.066979 0.0669771
1.92188 3.06698 0.066979 0.0669771
1.96875 3.06534 0.0653443 0.065342
1.96875 3.06534 0.0653443 0.065342
2.01562 3.06355 0.0635522 0.0635496
2.01562 3.06355 0.0635522 0.0635496
2.0625 3.06161 0.0616069 0.0616041
2.0625 3.06161 0.0616069 0.0616041
2.10938 3.05951 0.0595133 0.0595101
2.10938 3.05951 0.0595133 0.0595101
2.15625 3.05728 0.0572762 0.0572728
2.15625 3.05728 0.0572762 0.0572728
2.20312 3.0549 0.0549012 0.0548975
2.20312 3.0549 0.0549012 0.0548975
2.25 3.05239 0.0523938 0.0523899
2.25 3.05239 0.0523938 0.0523899
2.29688 3.04976 0.0497602 0.0497562
2.29688 3.04976 0.0497602 0.0497562
2.34375 3.04701 0.0470067 0.0470026
2.34375 3.04701 0.0470067 0.0470026
2.39062 3.04414 0.0441401 0.0441358
2.39062 3.04414 0.0441401 0.0441358
2.4375 3.04117 0.0411673 0.041163
2.4375 3.04117 0.0411673 0.041163
2.48438 3.0381 0.0380962 0.0380918
2.48438 3.0381 0.0380962 0.0380918
2.53125 3.03494 0.0349359 0.0349314
2.53125 3.03494 0.0349359 0.0349314
2.57812 3.0317 0.0316987 0.031694
2.57812 3.0317 0.0316987 0.031694
2.625 3.0284 0.0284028 0.0283981
2.625 3.0284 0.0284028 0.0283981
2.67188 3.02508 0.025079 0.0250747
2.67188 3.02508 0.025079 0.0250747
2.71875 3.02178 0.0217782 0.0217755
2.71875 3.02178 0.0217782 0.0217755
2.76562 3.01858 0.0185824 0.0185832
2.76562 3.01858 0.0185824 0.0185832
2.8125 3.01561 0.0156118 0.0156179
2.8125 3.01561 0.0156118 0.0156179
2.85938 3.01302 0.0130232 0.0130358
2.85938 3.01302 0.0130232 0.0130358
2.90625 3.01099 0.0109949 0.0110135
2.90625 3.01099 0.0109949 0.0110135
2.95312 3.0097 0.0096956 0.00971836
2.95312 3.0097 0.0096956 0.00971836
3 3.00925 0.0092476 0.00927183
