# x y topography analytical topography
0 3.01022 0.0102182 0.0102422
0.046875 3.01062 0.0106211 0.010644
0.046875 3.01062 0.0106211 0.010644
0.09375 3.0118 0.0117965 0.0118163
0.09375 3.0118 0.0117965 0.0118163
0.140625 3.01365 0.0136517 0.0136667
0.140625 3.01365 0.0136517 0.0136667
0.1875 3.01605 0.0160539 0.0160632
0.1875 3.01605 0.0160539 0.0160632
0.234375 3.01886 0.0188556 0.0188594
0.234375 3.01886 0.0188556 0.0188594
0.28125 3.02192 0.0219171 0.0219166
0.28125 3.02192 0.0219171 0.0219166
0.328125 3.02512 0.0251221 0.0251188
0.328125 3.02512 0.0251221 0.0251188
0.375 3.02838 0.0283832 0.0283784
0.375 3.02838 0.0283832 0.0283784
0.421875 3.03164 0.03164 0.0316346
0.421875 3.03164 0.03164 0.0316346
0.46875 3.03485 0.0348531 0.0348477
0.46875 3.03485 0.0348531 0.0348477
0.515625 3.038 0.0379976 0.0379922
0.515625 3.038 0.0379976 0.0379922
0.5625 3.04106 0.0410573 0.041052
0.5625 3.04106 0.0410573 0.041052
0.609375 3.04402 0.0440207 0.0440156
0.609375 3.04402 0.0440207 0.0440156
0.65625 3.04688 0.0468791 0.0468741
0.65625 3.04688 0.0468791 0.0468741
0.703125 3.04962 0.0496249 0.04962
0.703125 3.04962 0.0496249 0.04962
0.75 3.05225 0.0522512 0.0522465
0.75 3.05225 0.0522512 0.0522465
0.796875 3.05475 0.0547517 0.0547472
0.796875 3.05475 0.0547517 0.0547472
0.84375 3.05712 0.0571202 0.057116
0.84375 3.05712 0.0571202 0.057116
0.890625 3.05935 0.059351 0.0593472
0.890625 3.05935 0.059351 0.0593472
0.9375 3.06144 0.0614389 0.0614354
0.9375 3.06144 0.0614389 0.0614354
0.984375 3.06338 0.0633787 0.0633756
0.984375 3.06338 0.0633787 0.0633756
1.03125 3.06517 0.0651659 0.0651632
1.03125 3.06517 0.0651659 0.0651632
1.07812 3.0668 0.066796 0.0667937
1.07812 3.0668 0.066796 0.0667937
1.125 3.06827 0.0682653 0.0682634
1.125 3.06827 0.0682653 0.0682634
1.17188 3.06957 0.0695701 0.0695685
1.17188 3.06957 0.0695701 0.0695685
1.21875 3.07071 0.0707074 0.0707061
1.21875 3.07071 0.0707074 0.0707061
1.26562 3.07167 0.0716744 0.0716734
1.26562 3.07167 0.0716744 0.0716734
1.3125 3.07247 0.0724687 0.072468
1.3125 3.07247 0.0724687 0.072468
1.35938 3.07309 0.0730885 0.073088
1.35938 3.07309 0.0730885 0.073088
1.40625 3.07353 0.0735323 0.0735319
1.40625 3.07353 0.0735323 0.0735319
1.45312 3.0738 0.073799 0.0737987
1.45312 3.0738 0.073799 0.0737987
1.5 3.07389 0.073888 0.0738877
1.5 3.07389 0.073888 0.0738877
1.54688 3.0738 0.073799 0.0737987
1.54688 3.0738 0.073799 0.0737987
1.59375 3.07353 0.0735323 0.0735319
1.59375 3.07353 0.0735323 0.0735319
1.64062 3.07309 0.0730885 0.073088
1.64062 3.07309 0.0730885 0.073088
1.6875 3.07247 0.0724687 0.072468
1.6875 3.07247 0.0724687 0.072468
1.73438 3.07167 0.0716744 0.0716734
1.73438 3.07167 0.0716744 0.0716734
1.78125 3.07071 0.0707074 0.0707061
1.78125 3.07071 0.0707074 0.0707061
1.82812 3.06957 0.0695701 0.0695685
1.82812 3.06957 0.0695701 0.0695685
1.875 3.06827 0.0682653 0.0682634
1.875 3.06827 0.0682653 0.0682634
1.92188 3.0668 0.066796 0.0667937
1.92188 3.0668 0.066796 0.0667937
1.96875 3.06517 0.0651659 0.0651632
1.96875 3.06517 0.0651659 0.0651632
2.01562 3.06338 0.0633787 0.0633756
2.01562 3.06338 0.0633787 0.0633756
2.0625 3.06144 0.0614389 0.0614354
2.0625 3.06144 0.0614389 0.0614354
2.10938 3.05935 0.059351 0.0593472
2.10938 3.05935 0.059351 0.0593472
2.15625 3.05712 0.0571202 0.057116
2.15625 3.05712 0.0571202 0.057116
2.20312 3.05475 0.0547517 0.0547472
2.20312 3.05475 0.0547517 0.0547472
2.25 3.05225 0.0522512 0.0522465
2.25 3.05225 0.0522512 0.0522465
2.29688 3.04962 0.0496249 0.04962
2.29688 3.04962 0.0496249 0.04962
2.34375 3.04688 0.0468791 0.0468741
2.34375 3.04688 0.0468791 0.0468741
2.39062 3.04402 0.0440207 0.0440156
2.39062 3.04402 0.0440207 0.0440156
2.4375 3.04106 0.0410573 0.041052
2.4375 3.04106 0.0410573 0.041052
2.48438 3.038 0.0379976 0.0379922
2.48438 3.038 0.0379976 0.0379922
2.53125 3.03485 0.0348531 0.0348477
2.53125 3.03485 0.0348531 0.0348477
2.57812 3.03164 0.03164 0.0316346
2.57812 3.03164 0.03164 0.0316346
2.625 3.02838 0.0283832 0.0283784
2.625 3.02838 0.0283832 0.0283784
2.67188 3.02512 0.0251221 0.0251188
2.67188 3.02512 0.0251221 0.0251188
2.71875 3.02192 0.0219171 0.0219166
2.71875 3.02192 0.0219171 0.0219166
2.76562 3.01886 0.0188556 0.0188594
2.76562 3.01886 0.0188556 0.0188594
2.8125 3.01605 0.0160539 0.0160632
2.8125 3.01605 0.0160539 0.0160632
2.85938 3.01365 0.0136517 0.0136667
2.85938 3.01365 0.0136517 0.0136667
2.90625 3.0118 0.0117965 0.0118163
2.90625 3.0118 0.0117965 0.0118163
2.95312 3.01062 0.0106211 0.010644
2.95312 3.01062 0.0106211 0.010644
3 3.01022 0.0102182 0.0102422
