# x y topography analytical topography
0 3.00883 0.00882733 0.00885177
0.046875 3.0093 0.00929777 0.00932049
0.046875 3.0093 0.00929777 0.00932049
0.09375 3.01066 0.0106578 0.0106758
0.09375 3.01066 0.0106578 0.0106758
0.140625 3.01277 0.0127688 0.01278
0.140625 3.01277 0.0127688 0.01278
0.1875 3.01544 0.0154425 0.015447
0.1875 3.01544 0.0154425 0.015447
0.234375 3.01849 0.0184861 0.0184856
0.234375 3.01849 0.0184861 0.0184856
0.28125 3.02174 0.021736 0.0217326
0.28125 3.02174 0.021736 0.0217326
0.328125 3.02507 0.0250725 0.025068
0.328125 3.02507 0.0250725 0.025068
0.375 3.02842 0.028418 0.0284135
0.375 3.02842 0.028418 0.0284135
0.421875 3.03173 0.0317265 0.0317222
0.421875 3.03173 0.0317265 0.0317222
0.46875 3.03497 0.0349713 0.0349673
0.46875 3.03497 0.0349713 0.0349673
0.515625 3.03814 0.0381367 0.0381327
0.515625 3.03814 0.0381367 0.0381327
0.5625 3.04121 0.0412118 0.0412079
0.5625 3.04121 0.0412118 0.0412079
0.609375 3.04419 0.044188 0.0441842
0.609375 3.04419 0.044188 0.0441842
0.65625 3.04706 0.0470579 0.0470541
0.65625 3.04706 0.0470579 0.0470541
0.703125 3.04981 0.0498145 0.0498108
0.703125 3.04981 0.0498145 0.0498108
0.75 3.05245 0.052451 0.0524474
0.75 3.05245 0.052451 0.0524474
0.796875 3.05496 0.0549611 0.0549577
0.796875 3.05496 0.0549611 0.0549577
0.84375 3.05734 0.0573388 0.0573356
0.84375 3.05734 0.0573388 0.0573356
0.890625 3.05958 0.0595783 0.0595754
0.890625 3.05958 0.0595783 0.0595754
0.9375 3.06167 0.0616743 0.0616716
0.9375 3.06167 0.0616743 0.0616716
0.984375 3.06362 0.0636217 0.0636193
0.984375 3.06362 0.0636217 0.0636193
1.03125 3.06542 0.0654158 0.0654137
1.03125 3.06542 0.0654158 0.0654137
1.07812 3.06705 0.0670523 0.0670506
1.07812 3.06705 0.0670523 0.0670506
1.125 3.06853 0.0685273 0.0685259
1.125 3.06853 0.0685273 0.0685259
1.17188 3.06984 0.0698372 0.0698361
1.17188 3.06984 0.0698372 0.0698361
1.21875 3.07098 0.070979 0.070978
1.21875 3.07098 0.070979 0.070978
1.26562 3.07195 0.0719497 0.071949
1.26562 3.07195 0.0719497 0.071949
1.3125 3.07275 0.0727472 0.0727467
1.3125 3.07275 0.0727472 0.0727467
1.35938 3.07337 0.0733694 0.0733691
1.35938 3.07337 0.0733694 0.0733691
1.40625 3.07381 0.0738149 0.0738147
1.40625 3.07381 0.0738149 0.0738147
1.45312 3.07408 0.0740827 0.0740825
1.45312 3.07408 0.0740827 0.0740825
1.5 3.07417 0.074172 0.0741719
1.5 3.07417 0.074172 0.0741719
1.54688 3.07408 0.0740827 0.0740825
1.54688 3.07408 0.0740827 0.0740825
1.59375 3.07381 0.0738149 0.0738147
1.59375 3.07381 0.0738149 0.0738147
1.64062 3.07337 0.0733694 0.0733691
1.64062 3.07337 0.0733694 0.0733691
1.6875 3.07275 0.0727472 0.0727467
1.6875 3.07275 0.0727472 0.0727467
1.73438 3.07195 0.0719497 0.071949
1.73438 3.07195 0.0719497 0.071949
1.78125 3.07098 0.070979 0.070978
1.78125 3.07098 0.070979 0.070978
1.82812 3.06984 0.0698372 0.0698361
1.82812 3.06984 0.0698372 0.0698361
1.875 3.06853 0.0685273 0.0685259
1.875 3.06853 0.0685273 0.0685259
1.92188 3.06705 0.0670523 0.0670506
1.92188 3.06705 0.0670523 0.0670506
1.96875 3.06542 0.0654158 0.0654137
1.96875 3.06542 0.0654158 0.0654137
2.01562 3.06362 0.0636217 0.0636193
2.01562 3.06362 0.0636217 0.0636193
2.0625 3.06167 0.0616743 0.0616716
2.0625 3.06167 0.0616743 0.0616716
2.10938 3.05958 0.0595783 0.0595754
2.10938 3.05958 0.0595783 0.0595754
2.15625 3.05734 0.0573388 0.0573356
2.15625 3.05734 0.0573388 0.0573356
2.20312 3.05496 0.0549611 0.0549577
2.20312 3.05496 0.0549611 0.0549577
2.25 3.05245 0.052451 0.0524474
2.25 3.05245 0.052451 0.0524474
2.29688 3.04981 0.0498145 0.0498108
2.29688 3.04981 0.0498145 0.0498108
2.34375 3.04706 0.0470579 0.0470541
2.34375 3.04706 0.0470579 0.0470541
2.39062 3.04419 0.044188 0.0441842
2.39062 3.04419 0.044188 0.0441842
2.4375 3.04121 0.0412118 0.0412079
2.4375 3.04121 0.0412118 0.0412079
2.48438 3.03814 0.0381367 0.0381327
2.48438 3.03814 0.0381367 0.0381327
2.53125 3.03497 0.0349713 0.0349673
2.53125 3.03497 0.0349713 0.0349673
2.57812 3.03173 0.0317265 0.0317222
2.57812 3.03173 0.0317265 0.0317222
2.625 3.02842 0.028418 0.0284135
2.625 3.02842 0.028418 0.0284135
2.67188 3.02507 0.0250725 0.025068
2.67188 3.02507 0.0250725 0.025068
2.71875 3.02174 0.021736 0.0217326
2.71875 3.02174 0.021736 0.0217326
2.76562 3.01849 0.0184861 0.0184856
2.76562 3.01849 0.0184861 0.0184856
2.8125 3.01544 0.0154425 0.015447
2.8125 3.01544 0.0154425 0.015447
2.85938 3.01277 0.0127688 0.01278
2.85938 3.01277 0.0127688 0.01278
2.90625 3.01066 0.0106578 0.0106758
2.90625 3.01066 0.0106578 0.0106758
2.95312 3.0093 0.00929777 0.00932049
2.95312 3.0093 0.00929777 0.00932049
3 3.00883 0.00882733 0.00885177
