# x y topography analytical topography
0 3.01277 0.0127685 0.0127923
0.046875 3.01308 0.0130842 0.0131074
0.046875 3.01308 0.0130842 0.0131074
0.09375 3.01401 0.0140138 0.0140355
0.09375 3.01401 0.0140138 0.0140355
0.140625 3.01551 0.0155081 0.0155271
0.140625 3.01551 0.0155081 0.0155271
0.1875 3.01749 0.0174923 0.0175077
0.1875 3.01749 0.0174923 0.0175077
0.234375 3.01988 0.0198759 0.0198868
0.234375 3.01988 0.0198759 0.0198868
0.28125 3.02256 0.0225628 0.0225689
0.28125 3.02256 0.0225628 0.0225689
0.328125 3.02546 0.0254605 0.0254622
0.328125 3.02546 0.0254605 0.0254622
0.375 3.02849 0.0284871 0.0284852
0.375 3.02849 0.0284871 0.0284852
0.421875 3.03157 0.0315748 0.0315702
0.421875 3.03157 0.0315748 0.0315702
0.46875 3.03467 0.0346705 0.0346641
0.46875 3.03467 0.0346705 0.0346641
0.515625 3.03773 0.0377344 0.037727
0.515625 3.03773 0.0377344 0.037727
0.5625 3.04074 0.0407376 0.0407299
0.5625 3.04074 0.0407376 0.0407299
0.609375 3.04366 0.0436597 0.0436518
0.609375 3.04366 0.0436597 0.0436518
0.65625 3.04649 0.0464855 0.0464777
0.65625 3.04649 0.0464855 0.0464777
0.703125 3.0492 0.0492038 0.0491962
0.703125 3.0492 0.0492038 0.0491962
0.75 3.05181 0.0518057 0.0517984
0.75 3.05181 0.0518057 0.0517984
0.796875 3.05428 0.0542837 0.0542769
0.796875 3.05428 0.0542837 0.0542769
0.84375 3.05663 0.0566314 0.056625
0.84375 3.05663 0.0566314 0.056625
0.890625 3.05884 0.0588428 0.0588369
0.890625 3.05884 0.0588428 0.0588369
0.9375 3.06091 0.0609125 0.0609071
0.9375 3.06091 0.0609125 0.0609071
0.984375 3.06284 0.0628355 0.0628307
0.984375 3.06284 0.0628355 0.0628307
1.03125 3.06461 0.0646071 0.0646028
1.03125 3.06461 0.0646071 0.0646028
1.07812 3.06622 0.066223 0.0662194
1.07812 3.06622 0.066223 0.0662194
1.125 3.06768 0.0676795 0.0676764
1.125 3.06768 0.0676795 0.0676764
1.17188 3.06897 0.0689729 0.0689703
1.17188 3.06897 0.0689729 0.0689703
1.21875 3.0701 0.0701002 0.0700982
1.21875 3.0701 0.0701002 0.0700982
1.26562 3.07106 0.0710587 0.0710571
1.26562 3.07106 0.0710587 0.0710571
1.3125 3.07185 0.0718461 0.0718449
1.3125 3.07185 0.0718461 0.0718449
1.35938 3.07246 0.0724605 0.0724595
1.35938 3.07246 0.0724605 0.0724595
1.40625 3.0729 0.0729004 0.0728996
1.40625 3.0729 0.0729004 0.0728996
1.45312 3.07316 0.0731647 0.0731641
1.45312 3.07316 0.0731647 0.0731641
1.5 3.07325 0.0732529 0.0732524
1.5 3.07325 0.0732529 0.0732524
1.54688 3.07316 0.0731647 0.0731641
1.54688 3.07316 0.0731647 0.0731641
1.59375 3.0729 0.0729004 0.0728996
1.59375 3.0729 0.0729004 0.0728996
1.64062 3.07246 0.0724605 0.0724595
1.64062 3.07246 0.0724605 0.0724595
1.6875 3.07185 0.0718461 0.0718449
1.6875 3.07185 0.0718461 0.0718449
1.73438 3.07106 0.0710587 0.0710571
1.73438 3.07106 0.0710587 0.0710571
1.78125 3.0701 0.0701002 0.0700982
1.78125 3.0701 0.0701002 0.0700982
1.82812 3.06897 0.0689729 0.0689703
1.82812 3.06897 0.0689729 0.0689703
1.875 3.06768 0.0676795 0.0676764
1.875 3.06768 0.0676795 0.0676764
1.92188 3.06622 0.066223 0.0662194
1.92188 3.06622 0.066223 0.0662194
1.96875 3.06461 0.0646071 0.0646028
1.96875 3.06461 0.0646071 0.0646028
2.01562 3.06284 0.0628355 0.0628307
2.01562 3.06284 0.0628355 0.0628307
2.0625 3.06091 0.0609125 0.0609071
2.0625 3.06091 0.0609125 0.0609071
2.10938 3.05884 0.0588428 0.0588369
2.10938 3.05884 0.0588428 0.0588369
2.15625 3.05663 0.0566314 0.056625
2.15625 3.05663 0.0566314 0.056625
2.20312 3.05428 0.0542837 0.0542769
2.20312 3.05428 0.0542837 0.0542769
2.25 3.05181 0.0518057 0.0517984
2.25 3.05181 0.0518057 0.0517984
2.29688 3.0492 0.0492038 0.0491962
2.29688 3.0492 0.0492038 0.0491962
2.34375 3.04649 0.0464855 0.0464777
2.34375 3.04649 0.0464855 0.0464777
2.39062 3.04366 0.0436597 0.0436518
2.39062 3.04366 0.0436597 0.0436518
2.4375 3.04074 0.0407376 0.0407299
2.4375 3.04074 0.0407376 0.0407299
2.48438 3.03773 0.0377344 0.037727
2.48438 3.03773 0.0377344 0.037727
2.53125 3.03467 0.0346705 0.0346641
2.53125 3.03467 0.0346705 0.0346641
2.57812 3.03157 0.0315748 0.0315702
2.57812 3.03157 0.0315748 0.0315702
2.625 3.02849 0.0284871 0.0284852
2.625 3.02849 0.0284871 0.0284852
2.67188 3.02546 0.0254605 0.0254622
2.67188 3.02546 0.0254605 0.0254622
2.71875 3.02256 0.0225628 0.0225689
2.71875 3.02256 0.0225628 0.0225689
2.76562 3.01988 0.0198759 0.0198868
2.76562 3.01988 0.0198759 0.0198868
2.8125 3.01749 0.0174923 0.0175077
2.8125 3.01749 0.0174923 0.0175077
2.85938 3.01551 0.0155081 0.0155271
2.85938 3.01551 0.0155081 0.0155271
2.90625 3.01401 0.0140138 0.0140355
2.90625 3.01401 0.0140138 0.0140355
2.95312 3.01308 0.0130842 0.0131074
2.95312 3.01308 0.0130842 0.0131074
3 3.01277 0.0127685 0.0127923
