# x y topography analytical topography
0 3.00888 0.00888102 0.00890543
0.046875 3.00935 0.00934848 0.0093712
0.046875 3.00935 0.00934848 0.0093712
0.09375 3.0107 0.0107005 0.0107185
0.09375 3.0107 0.0107005 0.0107185
0.140625 3.0128 0.0128006 0.0128121
0.140625 3.0128 0.0128006 0.0128121
0.1875 3.01546 0.0154633 0.0154681
0.1875 3.01546 0.0154633 0.0154681
0.234375 3.0185 0.0184977 0.0184973
0.234375 3.0185 0.0184977 0.0184973
0.28125 3.02174 0.0217408 0.0217375
0.28125 3.02174 0.0217408 0.0217375
0.328125 3.02507 0.025073 0.0250685
0.328125 3.02507 0.025073 0.0250685
0.375 3.02842 0.0284159 0.0284114
0.375 3.02842 0.0284159 0.0284114
0.421875 3.03172 0.0317229 0.0317186
0.421875 3.03172 0.0317229 0.0317186
0.46875 3.03497 0.0349669 0.0349627
0.46875 3.03497 0.0349669 0.0349627
0.515625 3.03813 0.0381316 0.0381276
0.515625 3.03813 0.0381316 0.0381276
0.5625 3.04121 0.0412062 0.0412022
0.5625 3.04121 0.0412062 0.0412022
0.609375 3.04418 0.044182 0.0441781
0.609375 3.04418 0.044182 0.0441781
0.65625 3.04705 0.0470515 0.0470477
0.65625 3.04705 0.0470515 0.0470477
0.703125 3.04981 0.0498077 0.049804
0.703125 3.04981 0.0498077 0.049804
0.75 3.05244 0.0524438 0.0524402
0.75 3.05244 0.0524438 0.0524402
0.796875 3.05495 0.0549536 0.0549502
0.796875 3.05495 0.0549536 0.0549502
0.84375 3.05733 0.057331 0.0573278
0.84375 3.05733 0.057331 0.0573278
0.890625 3.05957 0.0595702 0.0595672
0.890625 3.05957 0.0595702 0.0595672
0.9375 3.06167 0.0616659 0.0616632
0.9375 3.06167 0.0616659 0.0616632
0.984375 3.06361 0.063613 0.0636106
0.984375 3.06361 0.063613 0.0636106
1.03125 3.06541 0.0654068 0.0654048
1.03125 3.06541 0.0654068 0.0654048
1.07812 3.06704 0.0670431 0.0670414
1.07812 3.06704 0.0670431 0.0670414
1.125 3.06852 0.0685179 0.0685165
1.125 3.06852 0.0685179 0.0685165
1.17188 3.06983 0.0698277 0.0698265
1.17188 3.06983 0.0698277 0.0698265
1.21875 3.07097 0.0709692 0.0709683
1.21875 3.07097 0.0709692 0.0709683
1.26562 3.07194 0.0719399 0.0719392
1.26562 3.07194 0.0719399 0.0719392
1.3125 3.07274 0.0727372 0.0727367
1.3125 3.07274 0.0727372 0.0727367
1.35938 3.07336 0.0733594 0.073359
1.35938 3.07336 0.0733594 0.073359
1.40625 3.0738 0.0738048 0.0738046
1.40625 3.0738 0.0738048 0.0738046
1.45312 3.07407 0.0740725 0.0740724
1.45312 3.07407 0.0740725 0.0740724
1.5 3.07416 0.0741618 0.0741617
1.5 3.07416 0.0741618 0.0741617
1.54688 3.07407 0.0740725 0.0740724
1.54688 3.07407 0.0740725 0.0740724
1.59375 3.0738 0.0738048 0.0738046
1.59375 3.0738 0.0738048 0.0738046
1.64062 3.07336 0.0733594 0.073359
1.64062 3.07336 0.0733594 0.073359
1.6875 3.07274 0.0727372 0.0727367
1.6875 3.07274 0.0727372 0.0727367
1.73438 3.07194 0.0719399 0.0719392
1.73438 3.07194 0.0719399 0.0719392
1.78125 3.07097 0.0709692 0.0709683
1.78125 3.07097 0.0709692 0.0709683
1.82812 3.06983 0.0698277 0.0698265
1.82812 3.06983 0.0698277 0.0698265
1.875 3.06852 0.0685179 0.0685165
1.875 3.06852 0.0685179 0.0685165
1.92188 3.06704 0.0670431 0.0670414
1.92188 3.06704 0.0670431 0.0670414
1.96875 3.06541 0.0654068 0.0654048
1.96875 3.06541 0.0654068 0.0654048
2.01562 3.06361 0.063613 0.0636106
2.01562 3.06361 0.063613 0.0636106
2.0625 3.06167 0.0616659 0.0616632
2.0625 3.06167 0.0616659 0.0616632
2.10938 3.05957 0.0595702 0.0595672
2.10938 3.05957 0.0595702 0.0595672
2.15625 3.05733 0.057331 0.0573278
2.15625 3.05733 0.057331 0.0573278
2.20312 3.05495 0.0549536 0.0549502
2.20312 3.05495 0.0549536 0.0549502
2.25 3.05244 0.0524438 0.0524402
2.25 3.05244 0.0524438 0.0524402
2.29688 3.04981 0.0498077 0.049804
2.29688 3.04981 0.0498077 0.049804
2.34375 3.04705 0.0470515 0.0470477
2.34375 3.04705 0.0470515 0.0470477
2.39062 3.04418 0.044182 0.0441781
2.39062 3.04418 0.044182 0.0441781
2.4375 3.04121 0.0412062 0.0412022
2.4375 3.04121 0.0412062 0.0412022
2.48438 3.03813 0.0381316 0.0381276
2.48438 3.03813 0.0381316 0.0381276
2.53125 3.03497 0.0349669 0.0349627
2.53125 3.03497 0.0349669 0.0349627
2.57812 3.03172 0.0317229 0.0317186
2.57812 3.03172 0.0317229 0.0317186
2.625 3.02842 0.0284159 0.0284114
2.625 3.02842 0.0284159 0.0284114
2.67188 3.02507 0.025073 0.0250685
2.67188 3.02507 0.025073 0.0250685
2.71875 3.02174 0.0217408 0.0217375
2.71875 3.02174 0.0217408 0.0217375
2.76562 3.0185 0.0184977 0.0184973
2.76562 3.0185 0.0184977 0.0184973
2.8125 3.01546 0.0154633 0.0154681
2.8125 3.01546 0.0154633 0.0154681
2.85938 3.0128 0.0128006 0.0128121
2.85938 3.0128 0.0128006 0.0128121
2.90625 3.0107 0.0107005 0.0107185
2.90625 3.0107 0.0107005 0.0107185
2.95312 3.00935 0.00934848 0.0093712
2.95312 3.00935 0.00934848 0.0093712
3 3.00888 0.00888102 0.00890543
