# x y topography analytical topography
0 3.00866 0.00866415 0.00868868
0.046875 3.00914 0.00914386 0.00916656
0.046875 3.00914 0.00914386 0.00916656
0.09375 3.01053 0.0105289 0.0105465
0.09375 3.01053 0.0105289 0.0105465
0.140625 3.01267 0.0126732 0.0126839
0.140625 3.01267 0.0126732 0.0126839
0.1875 3.01538 0.0153806 0.0153846
0.1875 3.01538 0.0153806 0.0153846
0.234375 3.01845 0.0184523 0.0184513
0.234375 3.01845 0.0184523 0.0184513
0.28125 3.02172 0.0217224 0.0217187
0.28125 3.02172 0.0217224 0.0217187
0.328125 3.02507 0.0250717 0.0250672
0.328125 3.02507 0.0250717 0.0250672
0.375 3.02842 0.0284248 0.0284204
0.375 3.02842 0.0284248 0.0284204
0.421875 3.03174 0.0317375 0.0317334
0.421875 3.03174 0.0317375 0.0317334
0.46875 3.03498 0.0349849 0.034981
0.46875 3.03498 0.0349849 0.034981
0.515625 3.03815 0.038152 0.0381482
0.515625 3.03815 0.038152 0.0381482
0.5625 3.04123 0.0412285 0.0412248
0.5625 3.04123 0.0412285 0.0412248
0.609375 3.04421 0.0442061 0.0442023
0.609375 3.04421 0.0442061 0.0442023
0.65625 3.04708 0.0470772 0.0470735
0.65625 3.04708 0.0470772 0.0470735
0.703125 3.04983 0.0498348 0.0498313
0.703125 3.04983 0.0498348 0.0498313
0.75 3.05247 0.0524724 0.052469
0.75 3.05247 0.0524724 0.052469
0.796875 3.05498 0.0549836 0.0549803
0.796875 3.05498 0.0549836 0.0549803
0.84375 3.05736 0.0573622 0.0573592
0.84375 3.05736 0.0573622 0.0573592
0.890625 3.0596 0.0596027 0.0595999
0.890625 3.0596 0.0596027 0.0595999
0.9375 3.0617 0.0616995 0.061697
0.9375 3.0617 0.0616995 0.061697
0.984375 3.06365 0.0636477 0.0636455
0.984375 3.06365 0.0636477 0.0636455
1.03125 3.06544 0.0654426 0.0654406
1.03125 3.06544 0.0654426 0.0654406
1.07812 3.06708 0.0670798 0.0670781
1.07812 3.06708 0.0670798 0.0670781
1.125 3.06856 0.0685554 0.068554
1.125 3.06856 0.0685554 0.068554
1.17188 3.06987 0.0698659 0.0698648
1.17188 3.06987 0.0698659 0.0698648
1.21875 3.07101 0.0710081 0.0710072
1.21875 3.07101 0.0710081 0.0710072
1.26562 3.07198 0.0719793 0.0719786
1.26562 3.07198 0.0719793 0.0719786
1.3125 3.07278 0.0727771 0.0727766
1.3125 3.07278 0.0727771 0.0727766
1.35938 3.0734 0.0733996 0.0733992
1.35938 3.0734 0.0733996 0.0733992
1.40625 3.07385 0.0738453 0.0738451
1.40625 3.07385 0.0738453 0.0738451
1.45312 3.07411 0.0741131 0.074113
1.45312 3.07411 0.0741131 0.074113
1.5 3.0742 0.0742025 0.0742024
1.5 3.0742 0.0742025 0.0742024
1.54688 3.07411 0.0741131 0.074113
1.54688 3.07411 0.0741131 0.074113
1.59375 3.07385 0.0738453 0.0738451
1.59375 3.07385 0.0738453 0.0738451
1.64062 3.0734 0.0733996 0.0733992
1.64062 3.0734 0.0733996 0.0733992
1.6875 3.07278 0.0727771 0.0727766
1.6875 3.07278 0.0727771 0.0727766
1.73438 3.07198 0.0719793 0.0719786
1.73438 3.07198 0.0719793 0.0719786
1.78125 3.07101 0.0710081 0.0710072
1.78125 3.07101 0.0710081 0.0710072
1.82812 3.06987 0.0698659 0.0698648
1.82812 3.06987 0.0698659 0.0698648
1.875 3.06856 0.0685554 0.068554
1.875 3.06856 0.0685554 0.068554
1.92188 3.06708 0.0670798 0.0670781
1.92188 3.06708 0.0670798 0.0670781
1.96875 3.06544 0.0654426 0.0654406
1.96875 3.06544 0.0654426 0.0654406
2.01562 3.06365 0.0636477 0.0636455
2.01562 3.06365 0.0636477 0.0636455
2.0625 3.0617 0.0616995 0.061697
2.0625 3.0617 0.0616995 0.061697
2.10938 3.0596 0.0596027 0.0595999
2.10938 3.0596 0.0596027 0.0595999
2.15625 3.05736 0.0573622 0.0573592
2.15625 3.05736 0.0573622 0.0573592
2.20312 3.05498 0.0549836 0.0549803
2.20312 3.05498 0.0549836 0.0549803
2.25 3.05247 0.0524724 0.052469
2.25 3.05247 0.0524724 0.052469
2.29688 3.04983 0.0498348 0.0498313
2.29688 3.04983 0.0498348 0.0498313
2.34375 3.04708 0.0470772 0.0470735
2.34375 3.04708 0.0470772 0.0470735
2.39062 3.04421 0.0442061 0.0442023
2.39062 3.04421 0.0442061 0.0442023
2.4375 3.04123 0.0412285 0.0412248
2.4375 3.04123 0.0412285 0.0412248
2.48438 3.03815 0.038152 0.0381482
2.48438 3.03815 0.038152 0.0381482
2.53125 3.03498 0.0349849 0.034981
2.53125 3.03498 0.0349849 0.034981
2.57812 3.03174 0.0317375 0.0317334
2.57812 3.03174 0.0317375 0.0317334
2.625 3.02842 0.0284248 0.0284204
2.625 3.02842 0.0284248 0.0284204
2.67188 3.02507 0.0250717 0.0250672
2.67188 3.02507 0.0250717 0.0250672
2.71875 3.02172 0.0217224 0.0217187
2.71875 3.02172 0.0217224 0.0217187
2.76562 3.01845 0.0184523 0.0184513
2.76562 3.01845 0.0184523 0.0184513
2.8125 3.01538 0.0153806 0.0153846
2.8125 3.01538 0.0153806 0.0153846
2.85938 3.01267 0.0126732 0.0126839
2.85938 3.01267 0.0126732 0.0126839
2.90625 3.01053 0.0105289 0.0105465
2.90625 3.01053 0.0105289 0.0105465
2.95312 3.00914 0.00914386 0.00916656
2.95312 3.00914 0.00914386 0.00916656
3 3.00866 0.00866415 0.00868868
