# x y topography analytical topography
0 3.00872 0.0087189 0.0087434
0.046875 3.0092 0.00919547 0.00921817
0.046875 3.0092 0.00919547 0.00921817
0.09375 3.01057 0.010572 0.0105898
0.09375 3.01057 0.010572 0.0105898
0.140625 3.01271 0.0127051 0.012716
0.140625 3.01271 0.0127051 0.012716
0.1875 3.0154 0.0154011 0.0154053
0.1875 3.0154 0.0154011 0.0154053
0.234375 3.01846 0.0184634 0.0184626
0.234375 3.01846 0.0184634 0.0184626
0.28125 3.02173 0.0217268 0.0217232
0.28125 3.02173 0.0217268 0.0217232
0.328125 3.02507 0.0250719 0.0250674
0.328125 3.02507 0.0250719 0.0250674
0.375 3.02842 0.0284225 0.028418
0.375 3.02842 0.0284225 0.028418
0.421875 3.03173 0.0317338 0.0317296
0.421875 3.03173 0.0317338 0.0317296
0.46875 3.03498 0.0349804 0.0349764
0.46875 3.03498 0.0349804 0.0349764
0.515625 3.03815 0.0381469 0.0381431
0.515625 3.03815 0.0381469 0.0381431
0.5625 3.04122 0.0412229 0.0412191
0.5625 3.04122 0.0412229 0.0412191
0.609375 3.0442 0.0442 0.0441963
0.609375 3.0442 0.0442 0.0441963
0.65625 3.04707 0.0470708 0.047067
0.65625 3.04707 0.0470708 0.047067
0.703125 3.04983 0.0498281 0.0498244
0.703125 3.04983 0.0498281 0.0498244
0.75 3.05247 0.0524653 0.0524618
0.75 3.05247 0.0524653 0.0524618
0.796875 3.05498 0.0549761 0.0549728
0.796875 3.05498 0.0549761 0.0549728
0.84375 3.05735 0.0573544 0.0573513
0.84375 3.05735 0.0573544 0.0573513
0.890625 3.05959 0.0595946 0.0595917
0.890625 3.05959 0.0595946 0.0595917
0.9375 3.06169 0.0616911 0.0616886
0.9375 3.06169 0.0616911 0.0616886
0.984375 3.06364 0.0636391 0.0636368
0.984375 3.06364 0.0636391 0.0636368
1.03125 3.06543 0.0654337 0.0654317
1.03125 3.06543 0.0654337 0.0654317
1.07812 3.06707 0.0670707 0.067069
1.07812 3.06707 0.0670707 0.067069
1.125 3.06855 0.0685461 0.0685447
1.125 3.06855 0.0685461 0.0685447
1.17188 3.06986 0.0698564 0.0698552
1.17188 3.06986 0.0698564 0.0698552
1.21875 3.071 0.0709984 0.0709975
1.21875 3.071 0.0709984 0.0709975
1.26562 3.07197 0.0719694 0.0719687
1.26562 3.07197 0.0719694 0.0719687
1.3125 3.07277 0.0727671 0.0727666
1.3125 3.07277 0.0727671 0.0727666
1.35938 3.07339 0.0733895 0.0733892
1.35938 3.07339 0.0733895 0.0733892
1.40625 3.07384 0.0738352 0.0738349
1.40625 3.07384 0.0738352 0.0738349
1.45312 3.0741 0.074103 0.0741028
1.45312 3.0741 0.074103 0.0741028
1.5 3.07419 0.0741923 0.0741922
1.5 3.07419 0.0741923 0.0741922
1.54688 3.0741 0.074103 0.0741028
1.54688 3.0741 0.074103 0.0741028
1.59375 3.07384 0.0738352 0.0738349
1.59375 3.07384 0.0738352 0.0738349
1.64062 3.07339 0.0733895 0.0733892
1.64062 3.07339 0.0733895 0.0733892
1.6875 3.07277 0.0727671 0.0727666
1.6875 3.07277 0.0727671 0.0727666
1.73438 3.07197 0.0719694 0.0719687
1.73438 3.07197 0.0719694 0.0719687
1.78125 3.071 0.0709984 0.0709975
1.78125 3.071 0.0709984 0.0709975
1.82812 3.06986 0.0698564 0.0698552
1.82812 3.06986 0.0698564 0.0698552
1.875 3.06855 0.0685461 0.0685447
1.875 3.06855 0.0685461 0.0685447
1.92188 3.06707 0.0670707 0.067069
1.92188 3.06707 0.0670707 0.067069
1.96875 3.06543 0.0654337 0.0654317
1.96875 3.06543 0.0654337 0.0654317
2.01562 3.06364 0.0636391 0.0636368
2.01562 3.06364 0.0636391 0.0636368
2.0625 3.06169 0.0616911 0.0616886
2.0625 3.06169 0.0616911 0.0616886
2.10938 3.05959 0.0595946 0.0595917
2.10938 3.05959 0.0595946 0.0595917
2.15625 3.05735 0.0573544 0.0573513
2.15625 3.05735 0.0573544 0.0573513
2.20312 3.05498 0.0549761 0.0549728
2.20312 3.05498 0.0549761 0.0549728
2.25 3.05247 0.0524653 0.0524618
2.25 3.05247 0.0524653 0.0524618
2.29688 3.04983 0.0498281 0.0498244
2.29688 3.04983 0.0498281 0.0498244
2.34375 3.04707 0.0470708 0.047067
2.34375 3.04707 0.0470708 0.047067
2.39062 3.0442 0.0442 0.0441963
2.39062 3.0442 0.0442 0.0441963
2.4375 3.04122 0.0412229 0.0412191
2.4375 3.04122 0.0412229 0.0412191
2.48438 3.03815 0.0381469 0.0381431
2.48438 3.03815 0.0381469 0.0381431
2.53125 3.03498 0.0349804 0.0349764
2.53125 3.03498 0.0349804 0.0349764
2.57812 3.03173 0.0317338 0.0317296
2.57812 3.03173 0.0317338 0.0317296
2.625 3.02842 0.0284225 0.028418
2.625 3.02842 0.0284225 0.028418
2.67188 3.02507 0.0250719 0.0250674
2.67188 3.02507 0.0250719 0.0250674
2.71875 3.02173 0.0217268 0.0217232
2.71875 3.02173 0.0217268 0.0217232
2.76562 3.01846 0.0184634 0.0184626
2.76562 3.01846 0.0184634 0.0184626
2.8125 3.0154 0.0154011 0.0154053
2.8125 3.0154 0.0154011 0.0154053
2.85938 3.01271 0.0127051 0.012716
2.85938 3.01271 0.0127051 0.012716
2.90625 3.01057 0.010572 0.0105898
2.90625 3.01057 0.010572 0.0105898
2.95312 3.0092 0.00919547 0.00921817
2.95312 3.0092 0.00919547 0.00921817
3 3.00872 0.0087189 0.0087434
