# x y topography analytical topography
0 3.0133 0.0132964 0.0133202
0.046875 3.0136 0.0135979 0.0136213
0.046875 3.0136 0.0135979 0.0136213
0.09375 3.01449 0.0144871 0.0145091
0.09375 3.01449 0.0144871 0.0145091
0.140625 3.01592 0.0159201 0.0159398
0.140625 3.01592 0.0159201 0.0159398
0.1875 3.01783 0.01783 0.0178462
0.1875 3.01783 0.01783 0.0178462
0.234375 3.02013 0.0201343 0.0201463
0.234375 3.02013 0.0201343 0.0201463
0.28125 3.02274 0.0227446 0.022752
0.28125 3.02274 0.0227446 0.022752
0.328125 3.02557 0.0255739 0.0255768
0.328125 3.02557 0.0255739 0.0255768
0.375 3.02854 0.0285433 0.0285423
0.375 3.02854 0.0285433 0.0285423
0.421875 3.03159 0.0315857 0.0315816
0.421875 3.03159 0.0315857 0.0315816
0.46875 3.03465 0.034647 0.0346408
0.46875 3.03465 0.034647 0.0346408
0.515625 3.03769 0.0376856 0.0376782
0.515625 3.03769 0.0376856 0.0376782
0.5625 3.04067 0.0406707 0.0406625
0.5625 3.04067 0.0406707 0.0406625
0.609375 3.04358 0.0435794 0.043571
0.609375 3.04358 0.0435794 0.043571
0.65625 3.0464 0.0463951 0.0463868
0.65625 3.0464 0.0463951 0.0463868
0.703125 3.04911 0.0491056 0.0490974
0.703125 3.04911 0.0491056 0.0490974
0.75 3.0517 0.0517009 0.0516931
0.75 3.0517 0.0517009 0.0516931
0.796875 3.05417 0.0541733 0.0541659
0.796875 3.05417 0.0541733 0.0541659
0.84375 3.05652 0.0565158 0.0565089
0.84375 3.05652 0.0565158 0.0565089
0.890625 3.05872 0.0587225 0.0587162
0.890625 3.05872 0.0587225 0.0587162
0.9375 3.06079 0.0607879 0.0607821
0.9375 3.06079 0.0607879 0.0607821
0.984375 3.06271 0.0627068 0.0627016
0.984375 3.06271 0.0627068 0.0627016
1.03125 3.06447 0.0644747 0.0644701
1.03125 3.06447 0.0644747 0.0644701
1.07812 3.06609 0.0660873 0.0660834
1.07812 3.06609 0.0660873 0.0660834
1.125 3.06754 0.0675407 0.0675374
1.125 3.06754 0.0675407 0.0675374
1.17188 3.06883 0.0688315 0.0688287
1.17188 3.06883 0.0688315 0.0688287
1.21875 3.06996 0.0699564 0.0699542
1.21875 3.06996 0.0699564 0.0699542
1.26562 3.07091 0.0709129 0.0709111
1.26562 3.07091 0.0709129 0.0709111
1.3125 3.0717 0.0716987 0.0716973
1.3125 3.0717 0.0716987 0.0716973
1.35938 3.07231 0.0723118 0.0723107
1.35938 3.07231 0.0723118 0.0723107
1.40625 3.07275 0.0727507 0.0727499
1.40625 3.07275 0.0727507 0.0727499
1.45312 3.07301 0.0730146 0.0730139
1.45312 3.07301 0.0730146 0.0730139
1.5 3.0731 0.0731026 0.0731019
1.5 3.0731 0.0731026 0.0731019
1.54688 3.07301 0.0730146 0.0730139
1.54688 3.07301 0.0730146 0.0730139
1.59375 3.07275 0.0727507 0.0727499
1.59375 3.07275 0.0727507 0.0727499
1.64062 3.07231 0.0723118 0.0723107
1.64062 3.07231 0.0723118 0.0723107
1.6875 3.0717 0.0716987 0.0716973
1.6875 3.0717 0.0716987 0.0716973
1.73438 3.07091 0.0709129 0.0709111
1.73438 3.07091 0.0709129 0.0709111
1.78125 3.06996 0.0699564 0.0699542
1.78125 3.06996 0.0699564 0.0699542
1.82812 3.06883 0.0688315 0.0688287
1.82812 3.06883 0.0688315 0.0688287
1.875 3.06754 0.0675407 0.0675374
1.875 3.06754 0.0675407 0.0675374
1.92188 3.06609 0.0660873 0.0660834
1.92188 3.06609 0.0660873 0.0660834
1.96875 3.06447 0.0644747 0.0644701
1.96875 3.06447 0.0644747 0.0644701
2.01562 3.06271 0.0627068 0.0627016
2.01562 3.06271 0.0627068 0.0627016
2.0625 3.06079 0.0607879 0.0607821
2.0625 3.06079 0.0607879 0.0607821
2.10938 3.05872 0.0587225 0.0587162
2.10938 3.05872 0.0587225 0.0587162
2.15625 3.05652 0.0565158 0.0565089
2.15625 3.05652 0.0565158 0.0565089
2.20312 3.05417 0.0541733 0.0541659
2.20312 3.05417 0.0541733 0.0541659
2.25 3.0517 0.0517009 0.0516931
2.25 3.0517 0.0517009 0.0516931
2.29688 3.04911 0.0491056 0.0490974
2.29688 3.04911 0.0491056 0.0490974
2.34375 3.0464 0.0463951 0.0463868
2.34375 3.0464 0.0463951 0.0463868
2.39062 3.04358 0.0435794 0.043571
2.39062 3.04358 0.0435794 0.043571
2.4375 3.04067 0.0406707 0.0406625
2.4375 3.04067 0.0406707 0.0406625
2.48438 3.03769 0.0376856 0.0376782
2.48438 3.03769 0.0376856 0.0376782
2.53125 3.03465 0.034647 0.0346408
2.53125 3.03465 0.034647 0.0346408
2.57812 3.03159 0.0315857 0.0315816
2.57812 3.03159 0.0315857 0.0315816
2.625 3.02854 0.0285433 0.0285423
2.625 3.02854 0.0285433 0.0285423
2.67188 3.02557 0.0255739 0.0255768
2.67188 3.02557 0.0255739 0.0255768
2.71875 3.02274 0.0227446 0.022752
2.71875 3.02274 0.0227446 0.022752
2.76562 3.02013 0.0201343 0.0201463
2.76562 3.02013 0.0201343 0.0201463
2.8125 3.01783 0.01783 0.0178462
2.8125 3.01783 0.01783 0.0178462
2.85938 3.01592 0.0159201 0.0159398
2.85938 3.01592 0.0159201 0.0159398
2.90625 3.01449 0.0144871 0.0145091
2.90625 3.01449 0.0144871 0.0145091
2.95312 3.0136 0.0135979 0.0136213
2.95312 3.0136 0.0135979 0.0136213
3 3.0133 0.0132964 0.0133202
