# x y topography analytical topography
0 3.00909 0.00909242 0.00911672
0.046875 3.00955 0.00954847 0.00957122
0.046875 3.00955 0.00954847 0.00957122
0.09375 3.01087 0.0108696 0.010888
0.09375 3.01087 0.0108696 0.010888
0.140625 3.01293 0.0129279 0.01294
0.140625 3.01293 0.0129279 0.01294
0.1875 3.01555 0.0155476 0.0155532
0.1875 3.01555 0.0155476 0.0155532
0.234375 3.01855 0.0185453 0.0185456
0.234375 3.01855 0.0185453 0.0185456
0.28125 3.02176 0.0217614 0.0217584
0.28125 3.02176 0.0217614 0.0217584
0.328125 3.02508 0.0250758 0.0250714
0.328125 3.02508 0.0250758 0.0250714
0.375 3.02841 0.0284081 0.0284034
0.375 3.02841 0.0284081 0.0284034
0.421875 3.03171 0.0317088 0.0317043
0.421875 3.03171 0.0317088 0.0317043
0.46875 3.03495 0.0349491 0.0349447
0.46875 3.03495 0.0349491 0.0349447
0.515625 3.03811 0.0381113 0.0381071
0.515625 3.03811 0.0381113 0.0381071
0.5625 3.04118 0.0411839 0.0411798
0.5625 3.04118 0.0411839 0.0411798
0.609375 3.04416 0.044158 0.0441539
0.609375 3.04416 0.044158 0.0441539
0.65625 3.04703 0.0470259 0.0470219
0.65625 3.04703 0.0470259 0.0470219
0.703125 3.04978 0.0497806 0.0497767
0.703125 3.04978 0.0497806 0.0497767
0.75 3.05242 0.0524153 0.0524115
0.75 3.05242 0.0524153 0.0524115
0.796875 3.05492 0.0549236 0.0549201
0.796875 3.05492 0.0549236 0.0549201
0.84375 3.0573 0.0572997 0.0572963
0.84375 3.0573 0.0572997 0.0572963
0.890625 3.05954 0.0595377 0.0595346
0.890625 3.05954 0.0595377 0.0595346
0.9375 3.06163 0.0616322 0.0616294
0.9375 3.06163 0.0616322 0.0616294
0.984375 3.06358 0.0635782 0.0635757
0.984375 3.06358 0.0635782 0.0635757
1.03125 3.06537 0.0653711 0.0653689
1.03125 3.06537 0.0653711 0.0653689
1.07812 3.06701 0.0670065 0.0670046
1.07812 3.06701 0.0670065 0.0670046
1.125 3.06848 0.0684805 0.0684789
1.125 3.06848 0.0684805 0.0684789
1.17188 3.06979 0.0697895 0.0697882
1.17188 3.06979 0.0697895 0.0697882
1.21875 3.07093 0.0709304 0.0709294
1.21875 3.07093 0.0709304 0.0709294
1.26562 3.0719 0.0719005 0.0718997
1.26562 3.0719 0.0719005 0.0718997
1.3125 3.0727 0.0726974 0.0726968
1.3125 3.0727 0.0726974 0.0726968
1.35938 3.07332 0.0733192 0.0733188
1.35938 3.07332 0.0733192 0.0733188
1.40625 3.07376 0.0737644 0.0737641
1.40625 3.07376 0.0737644 0.0737641
1.45312 3.07403 0.0740319 0.0740318
1.45312 3.07403 0.0740319 0.0740318
1.5 3.07412 0.0741212 0.074121
1.5 3.07412 0.0741212 0.074121
1.54688 3.07403 0.0740319 0.0740318
1.54688 3.07403 0.0740319 0.0740318
1.59375 3.07376 0.0737644 0.0737641
1.59375 3.07376 0.0737644 0.0737641
1.64062 3.07332 0.0733192 0.0733188
1.64062 3.07332 0.0733192 0.0733188
1.6875 3.0727 0.0726974 0.0726968
1.6875 3.0727 0.0726974 0.0726968
1.73438 3.0719 0.0719005 0.0718997
1.73438 3.0719 0.0719005 0.0718997
1.78125 3.07093 0.0709304 0.0709294
1.78125 3.07093 0.0709304 0.0709294
1.82812 3.06979 0.0697895 0.0697882
1.82812 3.06979 0.0697895 0.0697882
1.875 3.06848 0.0684805 0.0684789
1.875 3.06848 0.0684805 0.0684789
1.92188 3.06701 0.0670065 0.0670046
1.92188 3.06701 0.0670065 0.0670046
1.96875 3.06537 0.0653711 0.0653689
1.96875 3.06537 0.0653711 0.0653689
2.01562 3.06358 0.0635782 0.0635757
2.01562 3.06358 0.0635782 0.0635757
2.0625 3.06163 0.0616322 0.0616294
2.0625 3.06163 0.0616322 0.0616294
2.10938 3.05954 0.0595377 0.0595346
2.10938 3.05954 0.0595377 0.0595346
2.15625 3.0573 0.0572997 0.0572963
2.15625 3.0573 0.0572997 0.0572963
2.20312 3.05492 0.0549236 0.0549201
2.20312 3.05492 0.0549236 0.0549201
2.25 3.05242 0.0524153 0.0524115
2.25 3.05242 0.0524153 0.0524115
2.29688 3.04978 0.0497806 0.0497767
2.29688 3.04978 0.0497806 0.0497767
2.34375 3.04703 0.0470259 0.0470219
2.34375 3.04703 0.0470259 0.0470219
2.39062 3.04416 0.044158 0.0441539
2.39062 3.04416 0.044158 0.0441539
2.4375 3.04118 0.0411839 0.0411798
2.4375 3.04118 0.0411839 0.0411798
2.48438 3.03811 0.0381113 0.0381071
2.48438 3.03811 0.0381113 0.0381071
2.53125 3.03495 0.0349491 0.0349447
2.53125 3.03495 0.0349491 0.0349447
2.57812 3.03171 0.0317088 0.0317043
2.57812 3.03171 0.0317088 0.0317043
2.625 3.02841 0.0284081 0.0284034
2.625 3.02841 0.0284081 0.0284034
2.67188 3.02508 0.0250758 0.0250714
2.67188 3.02508 0.0250758 0.0250714
2.71875 3.02176 0.0217614 0.0217584
2.71875 3.02176 0.0217614 0.0217584
2.76562 3.01855 0.0185453 0.0185456
2.76562 3.01855 0.0185453 0.0185456
2.8125 3.01555 0.0155476 0.0155532
2.8125 3.01555 0.0155476 0.0155532
2.85938 3.01293 0.0129279 0.01294
2.85938 3.01293 0.0129279 0.01294
2.90625 3.01087 0.0108696 0.010888
2.90625 3.01087 0.0108696 0.010888
2.95312 3.00955 0.00954847 0.00957122
2.95312 3.00955 0.00954847 0.00957122
3 3.00909 0.00909242 0.00911672
