# x y topography analytical topography
0 3.01062 0.010624 0.0106479
0.046875 3.01101 0.0110104 0.0110333
0.046875 3.01101 0.0110104 0.0110333
0.09375 3.01214 0.0121398 0.01216
0.09375 3.01214 0.0121398 0.01216
0.140625 3.01393 0.0139292 0.013945
0.140625 3.01393 0.0139292 0.013945
0.1875 3.01626 0.016258 0.0162685
0.1875 3.01626 0.016258 0.0162685
0.234375 3.01899 0.0189899 0.018995
0.234375 3.01899 0.0189899 0.018995
0.28125 3.02199 0.0219928 0.0219933
0.28125 3.02199 0.0219928 0.0219933
0.328125 3.02515 0.0251532 0.0251505
0.328125 3.02515 0.0251532 0.0251505
0.375 3.02838 0.0283831 0.0283785
0.375 3.02838 0.0283831 0.0283785
0.421875 3.03162 0.0316193 0.0316138
0.421875 3.03162 0.0316193 0.0316138
0.46875 3.03482 0.0348192 0.0348134
0.46875 3.03482 0.0348192 0.0348134
0.515625 3.03796 0.0379551 0.0379493
0.515625 3.03796 0.0379551 0.0379493
0.5625 3.04101 0.0410087 0.041003
0.5625 3.04101 0.0410087 0.041003
0.609375 3.04397 0.0439675 0.0439619
0.609375 3.04397 0.0439675 0.0439619
0.65625 3.04682 0.046822 0.0468165
0.65625 3.04682 0.046822 0.0468165
0.703125 3.04956 0.0495642 0.0495589
0.703125 3.04956 0.0495642 0.0495589
0.75 3.05219 0.0521872 0.0521821
0.75 3.05219 0.0521872 0.0521821
0.796875 3.05468 0.0546845 0.0546797
0.796875 3.05468 0.0546845 0.0546797
0.84375 3.05705 0.0570501 0.0570456
0.84375 3.05705 0.0570501 0.0570456
0.890625 3.05928 0.0592781 0.059274
0.890625 3.05928 0.0592781 0.059274
0.9375 3.06136 0.0613634 0.0613596
0.9375 3.06136 0.0613634 0.0613596
0.984375 3.0633 0.0633008 0.0632975
0.984375 3.0633 0.0633008 0.0632975
1.03125 3.06509 0.0650858 0.0650828
1.03125 3.06509 0.0650858 0.0650828
1.07812 3.06671 0.0667139 0.0667114
1.07812 3.06671 0.0667139 0.0667114
1.125 3.06818 0.0681813 0.0681792
1.125 3.06818 0.0681813 0.0681792
1.17188 3.06948 0.0694845 0.0694828
1.17188 3.06948 0.0694845 0.0694828
1.21875 3.07062 0.0706203 0.070619
1.21875 3.07062 0.0706203 0.070619
1.26562 3.07159 0.0715861 0.071585
1.26562 3.07159 0.0715861 0.071585
1.3125 3.07238 0.0723794 0.0723786
1.3125 3.07238 0.0723794 0.0723786
1.35938 3.073 0.0729985 0.0729979
1.35938 3.073 0.0729985 0.0729979
1.40625 3.07344 0.0734417 0.0734413
1.40625 3.07344 0.0734417 0.0734413
1.45312 3.07371 0.073708 0.0737077
1.45312 3.07371 0.073708 0.0737077
1.5 3.0738 0.0737969 0.0737966
1.5 3.0738 0.0737969 0.0737966
1.54688 3.07371 0.073708 0.0737077
1.54688 3.07371 0.073708 0.0737077
1.59375 3.07344 0.0734417 0.0734413
1.59375 3.07344 0.0734417 0.0734413
1.64062 3.073 0.0729985 0.0729979
1.64062 3.073 0.0729985 0.0729979
1.6875 3.07238 0.0723794 0.0723786
1.6875 3.07238 0.0723794 0.0723786
1.73438 3.07159 0.0715861 0.071585
1.73438 3.07159 0.0715861 0.071585
1.78125 3.07062 0.0706203 0.070619
1.78125 3.07062 0.0706203 0.070619
1.82812 3.06948 0.0694845 0.0694828
1.82812 3.06948 0.0694845 0.0694828
1.875 3.06818 0.0681813 0.0681792
1.875 3.06818 0.0681813 0.0681792
1.92188 3.06671 0.0667139 0.0667114
1.92188 3.06671 0.0667139 0.0667114
1.96875 3.06509 0.0650858 0.0650828
1.96875 3.06509 0.0650858 0.0650828
2.01562 3.0633 0.0633008 0.0632975
2.01562 3.0633 0.0633008 0.0632975
2.0625 3.06136 0.0613634 0.0613596
2.0625 3.06136 0.0613634 0.0613596
2.10938 3.05928 0.0592781 0.059274
2.10938 3.05928 0.0592781 0.059274
2.15625 3.05705 0.0570501 0.0570456
2.15625 3.05705 0.0570501 0.0570456
2.20312 3.05468 0.0546845 0.0546797
2.20312 3.05468 0.0546845 0.0546797
2.25 3.05219 0.0521872 0.0521821
2.25 3.05219 0.0521872 0.0521821
2.29688 3.04956 0.0495642 0.0495589
2.29688 3.04956 0.0495642 0.0495589
2.34375 3.04682 0.046822 0.0468165
2.34375 3.04682 0.046822 0.0468165
2.39062 3.04397 0.0439675 0.0439619
2.39062 3.04397 0.0439675 0.0439619
2.4375 3.04101 0.0410087 0.041003
2.4375 3.04101 0.0410087 0.041003
2.48438 3.03796 0.0379551 0.0379493
2.48438 3.03796 0.0379551 0.0379493
2.53125 3.03482 0.0348192 0.0348134
2.53125 3.03482 0.0348192 0.0348134
2.57812 3.03162 0.0316193 0.0316138
2.57812 3.03162 0.0316193 0.0316138
2.625 3.02838 0.0283831 0.0283785
2.625 3.02838 0.0283831 0.0283785
2.67188 3.02515 0.0251532 0.0251505
2.67188 3.02515 0.0251532 0.0251505
2.71875 3.02199 0.0219928 0.0219933
2.71875 3.02199 0.0219928 0.0219933
2.76562 3.01899 0.0189899 0.018995
2.76562 3.01899 0.0189899 0.018995
2.8125 3.01626 0.016258 0.0162685
2.8125 3.01626 0.016258 0.0162685
2.85938 3.01393 0.0139292 0.013945
2.85938 3.01393 0.0139292 0.013945
2.90625 3.01214 0.0121398 0.01216
2.90625 3.01214 0.0121398 0.01216
2.95312 3.01101 0.0110104 0.0110333
2.95312 3.01101 0.0110104 0.0110333
3 3.01062 0.010624 0.0106479
