# x y topography analytical topography
0 3.01135 0.0113477 0.0113714
0.046875 3.01171 0.0117074 0.0117304
0.046875 3.01171 0.0117074 0.0117304
0.09375 3.01276 0.012762 0.0127828
0.09375 3.01276 0.012762 0.0127828
0.140625 3.01444 0.0144425 0.0144596
0.140625 3.01444 0.0144425 0.0144596
0.1875 3.01665 0.0166471 0.0166595
0.1875 3.01665 0.0166471 0.0166595
0.234375 3.01926 0.0192571 0.0192644
0.234375 3.01926 0.0192571 0.0192644
0.28125 3.02215 0.0221536 0.0221561
0.28125 3.02215 0.0221536 0.0221561
0.328125 3.02523 0.0252296 0.0252282
0.328125 3.02523 0.0252296 0.0252282
0.375 3.0284 0.0283974 0.0283934
0.375 3.0284 0.0283974 0.0283934
0.421875 3.03159 0.0315906 0.0315851
0.421875 3.03159 0.0315906 0.0315851
0.46875 3.03476 0.0347618 0.0347556
0.46875 3.03476 0.0347618 0.0347556
0.515625 3.03788 0.0378786 0.0378722
0.515625 3.03788 0.0378786 0.0378722
0.5625 3.04092 0.0409191 0.0409126
0.5625 3.04092 0.0409191 0.0409126
0.609375 3.04387 0.0438681 0.0438617
0.609375 3.04387 0.0438681 0.0438617
0.65625 3.04671 0.0467146 0.0467084
0.65625 3.04671 0.0467146 0.0467084
0.703125 3.04945 0.0494499 0.0494439
0.703125 3.04945 0.0494499 0.0494439
0.75 3.05207 0.0520665 0.0520608
0.75 3.05207 0.0520665 0.0520608
0.796875 3.05456 0.0545579 0.0545525
0.796875 3.05456 0.0545579 0.0545525
0.84375 3.05692 0.0569179 0.0569128
0.84375 3.05692 0.0569179 0.0569128
0.890625 3.05914 0.0591407 0.059136
0.890625 3.05914 0.0591407 0.059136
0.9375 3.06122 0.0612211 0.0612168
0.9375 3.06122 0.0612211 0.0612168
0.984375 3.06315 0.063154 0.0631501
0.984375 3.06315 0.063154 0.0631501
1.03125 3.06493 0.0649347 0.0649313
1.03125 3.06493 0.0649347 0.0649313
1.07812 3.06656 0.066559 0.0665561
1.07812 3.06656 0.066559 0.0665561
1.125 3.06802 0.0680229 0.0680205
1.125 3.06802 0.0680229 0.0680205
1.17188 3.06932 0.069323 0.069321
1.17188 3.06932 0.069323 0.069321
1.21875 3.07046 0.0704562 0.0704546
1.21875 3.07046 0.0704562 0.0704546
1.26562 3.07142 0.0714196 0.0714184
1.26562 3.07142 0.0714196 0.0714184
1.3125 3.07221 0.0722111 0.0722102
1.3125 3.07221 0.0722111 0.0722102
1.35938 3.07283 0.0728287 0.072828
1.35938 3.07283 0.0728287 0.072828
1.40625 3.07327 0.0732708 0.0732703
1.40625 3.07327 0.0732708 0.0732703
1.45312 3.07354 0.0735366 0.0735362
1.45312 3.07354 0.0735366 0.0735362
1.5 3.07363 0.0736252 0.0736249
1.5 3.07363 0.0736252 0.0736249
1.54688 3.07354 0.0735366 0.0735362
1.54688 3.07354 0.0735366 0.0735362
1.59375 3.07327 0.0732708 0.0732703
1.59375 3.07327 0.0732708 0.0732703
1.64062 3.07283 0.0728287 0.072828
1.64062 3.07283 0.0728287 0.072828
1.6875 3.07221 0.0722111 0.0722102
1.6875 3.07221 0.0722111 0.0722102
1.73438 3.07142 0.0714196 0.0714184
1.73438 3.07142 0.0714196 0.0714184
1.78125 3.07046 0.0704562 0.0704546
1.78125 3.07046 0.0704562 0.0704546
1.82812 3.06932 0.069323 0.069321
1.82812 3.06932 0.069323 0.069321
1.875 3.06802 0.0680229 0.0680205
1.875 3.06802 0.0680229 0.0680205
1.92188 3.06656 0.066559 0.0665561
1.92188 3.06656 0.066559 0.0665561
1.96875 3.06493 0.0649347 0.0649313
1.96875 3.06493 0.0649347 0.0649313
2.01562 3.06315 0.063154 0.0631501
2.01562 3.06315 0.063154 0.0631501
2.0625 3.06122 0.0612211 0.0612168
2.0625 3.06122 0.0612211 0.0612168
2.10938 3.05914 0.0591407 0.059136
2.10938 3.05914 0.0591407 0.059136
2.15625 3.05692 0.0569179 0.0569128
2.15625 3.05692 0.0569179 0.0569128
2.20312 3.05456 0.0545579 0.0545525
2.20312 3.05456 0.0545579 0.0545525
2.25 3.05207 0.0520665 0.0520608
2.25 3.05207 0.0520665 0.0520608
2.29688 3.04945 0.0494499 0.0494439
2.29688 3.04945 0.0494499 0.0494439
2.34375 3.04671 0.0467146 0.0467084
2.34375 3.04671 0.0467146 0.0467084
2.39062 3.04387 0.0438681 0.0438617
2.39062 3.04387 0.0438681 0.0438617
2.4375 3.04092 0.0409191 0.0409126
2.4375 3.04092 0.0409191 0.0409126
2.48438 3.03788 0.0378786 0.0378722
2.48438 3.03788 0.0378786 0.0378722
2.53125 3.03476 0.0347618 0.0347556
2.53125 3.03476 0.0347618 0.0347556
2.57812 3.03159 0.0315906 0.0315851
2.57812 3.03159 0.0315906 0.0315851
2.625 3.0284 0.0283974 0.0283934
2.625 3.0284 0.0283974 0.0283934
2.67188 3.02523 0.0252296 0.0252282
2.67188 3.02523 0.0252296 0.0252282
2.71875 3.02215 0.0221536 0.0221561
2.71875 3.02215 0.0221536 0.0221561
2.76562 3.01926 0.0192571 0.0192644
2.76562 3.01926 0.0192571 0.0192644
2.8125 3.01665 0.0166471 0.0166595
2.8125 3.01665 0.0166471 0.0166595
2.85938 3.01444 0.0144425 0.0144596
2.85938 3.01444 0.0144425 0.0144596
2.90625 3.01276 0.012762 0.0127828
2.90625 3.01276 0.012762 0.0127828
2.95312 3.01171 0.0117074 0.0117304
2.95312 3.01171 0.0117074 0.0117304
3 3.01135 0.0113477 0.0113714
