# x y topography analytical topography
0 3.01364 0.0136355 0.0136593
0.046875 3.01393 0.0139285 0.0139519
0.046875 3.01393 0.0139285 0.0139519
0.09375 3.01479 0.0147931 0.0148153
0.09375 3.01479 0.0147931 0.0148153
0.140625 3.01619 0.0161888 0.0162087
0.140625 3.01619 0.0161888 0.0162087
0.1875 3.01805 0.0180527 0.0180695
0.1875 3.01805 0.0180527 0.0180695
0.234375 3.02031 0.0203077 0.0203203
0.234375 3.02031 0.0203077 0.0203203
0.28125 3.02287 0.0228694 0.0228775
0.28125 3.02287 0.0228694 0.0228775
0.328125 3.02565 0.0256545 0.0256581
0.328125 3.02565 0.0256545 0.0256581
0.375 3.02859 0.0285861 0.0285857
0.375 3.02859 0.0285861 0.0285857
0.421875 3.0316 0.0315979 0.0315943
0.421875 3.0316 0.0315979 0.0315943
0.46875 3.03464 0.0346355 0.0346296
0.46875 3.03464 0.0346355 0.0346296
0.515625 3.03766 0.0376564 0.037649
0.515625 3.03766 0.0376564 0.037649
0.5625 3.04063 0.0406284 0.0406201
0.5625 3.04063 0.0406284 0.0406201
0.609375 3.04353 0.0435274 0.0435188
0.609375 3.04353 0.0435274 0.0435188
0.65625 3.04634 0.046336 0.0463273
0.65625 3.04634 0.046336 0.0463273
0.703125 3.04904 0.0490407 0.0490322
0.703125 3.04904 0.0490407 0.0490322
0.75 3.05163 0.0516315 0.0516233
0.75 3.05163 0.0516315 0.0516233
0.796875 3.0541 0.0540999 0.0540922
0.796875 3.0541 0.0540999 0.0540922
0.84375 3.05644 0.056439 0.0564317
0.84375 3.05644 0.056439 0.0564317
0.890625 3.05864 0.0586425 0.0586358
0.890625 3.05864 0.0586425 0.0586358
0.9375 3.0607 0.0607049 0.0606988
0.9375 3.0607 0.0607049 0.0606988
0.984375 3.06262 0.0626212 0.0626157
0.984375 3.06262 0.0626212 0.0626157
1.03125 3.06439 0.0643867 0.0643818
1.03125 3.06439 0.0643867 0.0643818
1.07812 3.066 0.065997 0.0659928
1.07812 3.066 0.065997 0.0659928
1.125 3.06745 0.0674484 0.0674448
1.125 3.06745 0.0674484 0.0674448
1.17188 3.06874 0.0687373 0.0687344
1.17188 3.06874 0.0687373 0.0687344
1.21875 3.06986 0.0698607 0.0698583
1.21875 3.06986 0.0698607 0.0698583
1.26562 3.07082 0.0708159 0.070814
1.26562 3.07082 0.0708159 0.070814
1.3125 3.0716 0.0716006 0.0715991
1.3125 3.0716 0.0716006 0.0715991
1.35938 3.07221 0.0722128 0.0722116
1.35938 3.07221 0.0722128 0.0722116
1.40625 3.07265 0.0726512 0.0726503
1.40625 3.07265 0.0726512 0.0726503
1.45312 3.07291 0.0729146 0.0729138
1.45312 3.07291 0.0729146 0.0729138
1.5 3.073 0.0730025 0.0730018
1.5 3.073 0.0730025 0.0730018
1.54688 3.07291 0.0729146 0.0729138
1.54688 3.07291 0.0729146 0.0729138
1.59375 3.07265 0.0726512 0.0726503
1.59375 3.07265 0.0726512 0.0726503
1.64062 3.07221 0.0722128 0.0722116
1.64062 3.07221 0.0722128 0.0722116
1.6875 3.0716 0.0716006 0.0715991
1.6875 3.0716 0.0716006 0.0715991
1.73438 3.07082 0.0708159 0.070814
1.73438 3.07082 0.0708159 0.070814
1.78125 3.06986 0.0698607 0.0698583
1.78125 3.06986 0.0698607 0.0698583
1.82812 3.06874 0.0687373 0.0687344
1.82812 3.06874 0.0687373 0.0687344
1.875 3.06745 0.0674484 0.0674448
1.875 3.06745 0.0674484 0.0674448
1.92188 3.066 0.065997 0.0659928
1.92188 3.066 0.065997 0.0659928
1.96875 3.06439 0.0643867 0.0643818
1.96875 3.06439 0.0643867 0.0643818
2.01562 3.06262 0.0626212 0.0626157
2.01562 3.06262 0.0626212 0.0626157
2.0625 3.0607 0.0607049 0.0606988
2.0625 3.0607 0.0607049 0.0606988
2.10938 3.05864 0.0586425 0.0586358
2.10938 3.05864 0.0586425 0.0586358
2.15625 3.05644 0.056439 0.0564317
2.15625 3.05644 0.056439 0.0564317
2.20312 3.0541 0.0540999 0.0540922
2.20312 3.0541 0.0540999 0.0540922
2.25 3.05163 0.0516315 0.0516233
2.25 3.05163 0.0516315 0.0516233
2.29688 3.04904 0.0490407 0.0490322
2.29688 3.04904 0.0490407 0.0490322
2.34375 3.04634 0.046336 0.0463273
2.34375 3.04634 0.046336 0.0463273
2.39062 3.04353 0.0435274 0.0435188
2.39062 3.04353 0.0435274 0.0435188
2.4375 3.04063 0.0406284 0.0406201
2.4375 3.04063 0.0406284 0.0406201
2.48438 3.03766 0.0376564 0.037649
2.48438 3.03766 0.0376564 0.037649
2.53125 3.03464 0.0346355 0.0346296
2.53125 3.03464 0.0346355 0.0346296
2.57812 3.0316 0.0315979 0.0315943
2.57812 3.0316 0.0315979 0.0315943
2.625 3.02859 0.0285861 0.0285857
2.625 3.02859 0.0285861 0.0285857
2.67188 3.02565 0.0256545 0.0256581
2.67188 3.02565 0.0256545 0.0256581
2.71875 3.02287 0.0228694 0.0228775
2.71875 3.02287 0.0228694 0.0228775
2.76562 3.02031 0.0203077 0.0203203
2.76562 3.02031 0.0203077 0.0203203
2.8125 3.01805 0.0180527 0.0180695
2.8125 3.01805 0.0180527 0.0180695
2.85938 3.01619 0.0161888 0.0162087
2.85938 3.01619 0.0161888 0.0162087
2.90625 3.01479 0.0147931 0.0148153
2.90625 3.01479 0.0147931 0.0148153
2.95312 3.01393 0.0139285 0.0139519
2.95312 3.01393 0.0139285 0.0139519
3 3.01364 0.0136355 0.0136593
