# x y topography analytical topography
0 3.00238 0.00237835 0.0024257
0.046875 3.00401 0.00401289 0.00401112
0.046875 3.00401 0.00401289 0.00401112
0.09375 3.00737 0.00737418 0.00736079
0.09375 3.00737 0.00737418 0.00736079
0.140625 3.011 0.0109979 0.0109959
0.140625 3.011 0.0109979 0.0109959
0.1875 3.01462 0.01462 0.0146197
0.1875 3.01462 0.01462 0.0146197
0.234375 3.01821 0.0182087 0.0182085
0.234375 3.01821 0.0182087 0.0182085
0.28125 3.02175 0.0217537 0.0217535
0.28125 3.02175 0.0217537 0.0217535
0.328125 3.02525 0.0252462 0.025246
0.328125 3.02525 0.0252462 0.025246
0.375 3.02868 0.0286779 0.0286777
0.375 3.02868 0.0286779 0.0286777
0.421875 3.03204 0.0320406 0.0320403
0.421875 3.03204 0.0320406 0.0320403
0.46875 3.03533 0.035326 0.0353257
0.46875 3.03533 0.035326 0.0353257
0.515625 3.03853 0.0385263 0.038526
0.515625 3.03853 0.0385263 0.038526
0.5625 3.04163 0.0416338 0.0416335
0.5625 3.04163 0.0416338 0.0416335
0.609375 3.04464 0.0446411 0.0446407
0.609375 3.04464 0.0446411 0.0446407
0.65625 3.04754 0.0475407 0.0475404
0.65625 3.04754 0.0475407 0.0475404
0.703125 3.05033 0.0503258 0.0503255
0.703125 3.05033 0.0503258 0.0503255
0.75 3.05299 0.0529897 0.0529894
0.75 3.05299 0.0529897 0.0529894
0.796875 3.05553 0.0555259 0.0555256
0.796875 3.05553 0.0555259 0.0555256
0.84375 3.05793 0.0579284 0.0579281
0.84375 3.05793 0.0579284 0.0579281
0.890625 3.06019 0.0601913 0.060191
0.890625 3.06019 0.0601913 0.060191
0.9375 3.06231 0.0623092 0.062309
0.9375 3.06231 0.0623092 0.062309
0.984375 3.06428 0.064277 0.0642768
0.984375 3.06428 0.064277 0.0642768
1.03125 3.06609 0.0660899 0.0660897
1.03125 3.06609 0.0660899 0.0660897
1.07812 3.06774 0.0677436 0.0677435
1.07812 3.06774 0.0677436 0.0677435
1.125 3.06923 0.0692341 0.069234
1.125 3.06923 0.0692341 0.069234
1.17188 3.07056 0.0705578 0.0705577
1.17188 3.07056 0.0705578 0.0705577
1.21875 3.07171 0.0717116 0.0717115
1.21875 3.07171 0.0717116 0.0717115
1.26562 3.07269 0.0726926 0.0726925
1.26562 3.07269 0.0726926 0.0726925
1.3125 3.0735 0.0734985 0.0734984
1.3125 3.0735 0.0734985 0.0734984
1.35938 3.07413 0.0741273 0.0741272
1.35938 3.07413 0.0741273 0.0741272
1.40625 3.07458 0.0745775 0.0745775
1.40625 3.07458 0.0745775 0.0745775
1.45312 3.07485 0.0748481 0.0748481
1.45312 3.07485 0.0748481 0.0748481
1.5 3.07494 0.0749383 0.0749383
1.5 3.07494 0.0749383 0.0749383
1.54688 3.07485 0.0748481 0.0748481
1.54688 3.07485 0.0748481 0.0748481
1.59375 3.07458 0.0745775 0.0745775
1.59375 3.07458 0.0745775 0.0745775
1.64062 3.07413 0.0741273 0.0741272
1.64062 3.07413 0.0741273 0.0741272
1.6875 3.0735 0.0734985 0.0734984
1.6875 3.0735 0.0734985 0.0734984
1.73438 3.07269 0.0726926 0.0726925
1.73438 3.07269 0.0726926 0.0726925
1.78125 3.07171 0.0717116 0.0717115
1.78125 3.07171 0.0717116 0.0717115
1.82812 3.07056 0.0705578 0.0705577
1.82812 3.07056 0.0705578 0.0705577
1.875 3.06923 0.0692341 0.069234
1.875 3.06923 0.0692341 0.069234
1.92188 3.06774 0.0677436 0.0677435
1.92188 3.06774 0.0677436 0.0677435
1.96875 3.06609 0.0660899 0.0660897
1.96875 3.06609 0.0660899 0.0660897
2.01562 3.06428 0.064277 0.0642768
2.01562 3.06428 0.064277 0.0642768
2.0625 3.06231 0.0623092 0.062309
2.0625 3.06231 0.0623092 0.062309
2.10938 3.06019 0.0601913 0.060191
2.10938 3.06019 0.0601913 0.060191
2.15625 3.05793 0.0579284 0.0579281
2.15625 3.05793 0.0579284 0.0579281
2.20312 3.05553 0.0555259 0.0555256
2.20312 3.05553 0.0555259 0.0555256
2.25 3.05299 0.0529897 0.0529894
2.25 3.05299 0.0529897 0.0529894
2.29688 3.05033 0.0503258 0.0503255
2.29688 3.05033 0.0503258 0.0503255
2.34375 3.04754 0.0475407 0.0475404
2.34375 3.04754 0.0475407 0.0475404
2.39062 3.04464 0.0446411 0.0446407
2.39062 3.04464 0.0446411 0.0446407
2.4375 3.04163 0.0416338 0.0416335
2.4375 3.04163 0.0416338 0.0416335
2.48438 3.03853 0.0385263 0.038526
2.48438 3.03853 0.0385263 0.038526
2.53125 3.03533 0.035326 0.0353257
2.53125 3.03533 0.035326 0.0353257
2.57812 3.03204 0.0320406 0.0320403
2.57812 3.03204 0.0320406 0.0320403
2.625 3.02868 0.0286779 0.0286777
2.625 3.02868 0.0286779 0.0286777
2.67188 3.02525 0.0252462 0.025246
2.67188 3.02525 0.0252462 0.025246
2.71875 3.02175 0.0217537 0.0217535
2.71875 3.02175 0.0217537 0.0217535
2.76562 3.01821 0.0182087 0.0182085
2.76562 3.01821 0.0182087 0.0182085
2.8125 3.01462 0.01462 0.0146197
2.8125 3.01462 0.01462 0.0146197
2.85938 3.011 0.0109979 0.0109959
2.85938 3.011 0.0109979 0.0109959
2.90625 3.00737 0.00737418 0.00736079
2.90625 3.00737 0.00737418 0.00736079
2.95312 3.00401 0.00401289 0.00401112
2.95312 3.00401 0.00401289 0.00401112
3 3.00238 0.00237835 0.0024257
