# x y topography analytical topography
0 3.01071 0.0107119 0.0107358
0.046875 3.01109 0.0110949 0.0111178
0.046875 3.01109 0.0110949 0.0111178
0.09375 3.01221 0.0122148 0.012235
0.09375 3.01221 0.0122148 0.012235
0.140625 3.01399 0.0139903 0.0140063
0.140625 3.01399 0.0139903 0.0140063
0.1875 3.0163 0.0163036 0.0163143
0.1875 3.0163 0.0163036 0.0163143
0.234375 3.01902 0.0190205 0.0190259
0.234375 3.01902 0.0190205 0.0190259
0.28125 3.02201 0.0220106 0.0220113
0.28125 3.02201 0.0220106 0.0220113
0.328125 3.02516 0.0251611 0.0251585
0.328125 3.02516 0.0251611 0.0251585
0.375 3.02838 0.0283838 0.0283793
0.375 3.02838 0.0283838 0.0283793
0.421875 3.03162 0.0316152 0.0316097
0.421875 3.03162 0.0316152 0.0316097
0.46875 3.03481 0.034812 0.0348061
0.46875 3.03481 0.034812 0.0348061
0.515625 3.03795 0.0379458 0.0379399
0.515625 3.03795 0.0379458 0.0379399
0.5625 3.041 0.040998 0.0409922
0.5625 3.041 0.040998 0.0409922
0.609375 3.04396 0.0439557 0.04395
0.609375 3.04396 0.0439557 0.04395
0.65625 3.04681 0.0468093 0.0468037
0.65625 3.04681 0.0468093 0.0468037
0.703125 3.04955 0.0495507 0.0495453
0.703125 3.04955 0.0495507 0.0495453
0.75 3.05217 0.052173 0.0521678
0.75 3.05217 0.052173 0.0521678
0.796875 3.05467 0.0546696 0.0546647
0.796875 3.05467 0.0546696 0.0546647
0.84375 3.05703 0.0570345 0.0570299
0.84375 3.05703 0.0570345 0.0570299
0.890625 3.05926 0.059262 0.0592578
0.890625 3.05926 0.059262 0.0592578
0.9375 3.06135 0.0613466 0.0613428
0.9375 3.06135 0.0613466 0.0613428
0.984375 3.06328 0.0632835 0.0632801
0.984375 3.06328 0.0632835 0.0632801
1.03125 3.06507 0.065068 0.065065
1.03125 3.06507 0.065068 0.065065
1.07812 3.0667 0.0666956 0.0666931
1.07812 3.0667 0.0666956 0.0666931
1.125 3.06816 0.0681627 0.0681605
1.125 3.06816 0.0681627 0.0681605
1.17188 3.06947 0.0694655 0.0694637
1.17188 3.06947 0.0694655 0.0694637
1.21875 3.0706 0.070601 0.0705996
1.21875 3.0706 0.070601 0.0705996
1.26562 3.07157 0.0715665 0.0715654
1.26562 3.07157 0.0715665 0.0715654
1.3125 3.07236 0.0723596 0.0723588
1.3125 3.07236 0.0723596 0.0723588
1.35938 3.07298 0.0729785 0.0729779
1.35938 3.07298 0.0729785 0.0729779
1.40625 3.07342 0.0734216 0.0734211
1.40625 3.07342 0.0734216 0.0734211
1.45312 3.07369 0.0736878 0.0736875
1.45312 3.07369 0.0736878 0.0736875
1.5 3.07378 0.0737767 0.0737764
1.5 3.07378 0.0737767 0.0737764
1.54688 3.07369 0.0736878 0.0736875
1.54688 3.07369 0.0736878 0.0736875
1.59375 3.07342 0.0734216 0.0734211
1.59375 3.07342 0.0734216 0.0734211
1.64062 3.07298 0.0729785 0.0729779
1.64062 3.07298 0.0729785 0.0729779
1.6875 3.07236 0.0723596 0.0723588
1.6875 3.07236 0.0723596 0.0723588
1.73438 3.07157 0.0715665 0.0715654
1.73438 3.07157 0.0715665 0.0715654
1.78125 3.0706 0.070601 0.0705996
1.78125 3.0706 0.070601 0.0705996
1.82812 3.06947 0.0694655 0.0694637
1.82812 3.06947 0.0694655 0.0694637
1.875 3.06816 0.0681627 0.0681605
1.875 3.06816 0.0681627 0.0681605
1.92188 3.0667 0.0666956 0.0666931
1.92188 3.0667 0.0666956 0.0666931
1.96875 3.06507 0.065068 0.065065
1.96875 3.06507 0.065068 0.065065
2.01562 3.06328 0.0632835 0.0632801
2.01562 3.06328 0.0632835 0.0632801
2.0625 3.06135 0.0613466 0.0613428
2.0625 3.06135 0.0613466 0.0613428
2.10938 3.05926 0.059262 0.0592578
2.10938 3.05926 0.059262 0.0592578
2.15625 3.05703 0.0570345 0.0570299
2.15625 3.05703 0.0570345 0.0570299
2.20312 3.05467 0.0546696 0.0546647
2.20312 3.05467 0.0546696 0.0546647
2.25 3.05217 0.052173 0.0521678
2.25 3.05217 0.052173 0.0521678
2.29688 3.04955 0.0495507 0.0495453
2.29688 3.04955 0.0495507 0.0495453
2.34375 3.04681 0.0468093 0.0468037
2.34375 3.04681 0.0468093 0.0468037
2.39062 3.04396 0.0439557 0.04395
2.39062 3.04396 0.0439557 0.04395
2.4375 3.041 0.040998 0.0409922
2.4375 3.041 0.040998 0.0409922
2.48438 3.03795 0.0379458 0.0379399
2.48438 3.03795 0.0379458 0.0379399
2.53125 3.03481 0.034812 0.0348061
2.53125 3.03481 0.034812 0.0348061
2.57812 3.03162 0.0316152 0.0316097
2.57812 3.03162 0.0316152 0.0316097
2.625 3.02838 0.0283838 0.0283793
2.625 3.02838 0.0283838 0.0283793
2.67188 3.02516 0.0251611 0.0251585
2.67188 3.02516 0.0251611 0.0251585
2.71875 3.02201 0.0220106 0.0220113
2.71875 3.02201 0.0220106 0.0220113
2.76562 3.01902 0.0190205 0.0190259
2.76562 3.01902 0.0190205 0.0190259
2.8125 3.0163 0.0163036 0.0163143
2.8125 3.0163 0.0163036 0.0163143
2.85938 3.01399 0.0139903 0.0140063
2.85938 3.01399 0.0139903 0.0140063
2.90625 3.01221 0.0122148 0.012235
2.90625 3.01221 0.0122148 0.012235
2.95312 3.01109 0.0110949 0.0111178
2.95312 3.01109 0.0110949 0.0111178
3 3.01071 0.0107119 0.0107358
