# x y topography analytical topography
0 3.01347 0.0134672 0.013491
0.046875 3.01376 0.0137643 0.0137877
0.046875 3.01376 0.0137643 0.0137877
0.09375 3.01464 0.0146411 0.0146632
0.09375 3.01464 0.0146411 0.0146632
0.140625 3.01606 0.0160551 0.0160749
0.140625 3.01606 0.0160551 0.0160749
0.1875 3.01794 0.0179416 0.0179581
0.1875 3.01794 0.0179416 0.0179581
0.234375 3.02022 0.0202209 0.0202332
0.234375 3.02022 0.0202209 0.0202332
0.28125 3.02281 0.0228067 0.0228144
0.28125 3.02281 0.0228067 0.0228144
0.328125 3.02561 0.0256137 0.025617
0.328125 3.02561 0.0256137 0.025617
0.375 3.02856 0.0285642 0.0285635
0.375 3.02856 0.0285642 0.0285635
0.421875 3.03159 0.0315913 0.0315875
0.421875 3.03159 0.0315913 0.0315875
0.46875 3.03464 0.0346408 0.0346348
0.46875 3.03464 0.0346408 0.0346348
0.515625 3.03767 0.0376707 0.0376632
0.515625 3.03767 0.0376707 0.0376632
0.5625 3.04065 0.0406493 0.040641
0.5625 3.04065 0.0406493 0.040641
0.609375 3.04355 0.0435532 0.0435447
0.609375 3.04355 0.0435532 0.0435447
0.65625 3.04637 0.0463654 0.0463569
0.65625 3.04637 0.0463654 0.0463569
0.703125 3.04907 0.0490731 0.0490647
0.703125 3.04907 0.0490731 0.0490647
0.75 3.05167 0.0516662 0.0516582
0.75 3.05167 0.0516662 0.0516582
0.796875 3.05414 0.0541366 0.054129
0.796875 3.05414 0.0541366 0.054129
0.84375 3.05648 0.0564774 0.0564703
0.84375 3.05648 0.0564774 0.0564703
0.890625 3.05868 0.0586825 0.058676
0.890625 3.05868 0.0586825 0.058676
0.9375 3.06075 0.0607464 0.0607404
0.9375 3.06075 0.0607464 0.0607404
0.984375 3.06266 0.062664 0.0626587
0.984375 3.06266 0.062664 0.0626587
1.03125 3.06443 0.0644307 0.064426
1.03125 3.06443 0.0644307 0.064426
1.07812 3.06604 0.0660421 0.0660381
1.07812 3.06604 0.0660421 0.0660381
1.125 3.06749 0.0674945 0.0674911
1.125 3.06749 0.0674945 0.0674911
1.17188 3.06878 0.0687844 0.0687815
1.17188 3.06878 0.0687844 0.0687815
1.21875 3.06991 0.0699086 0.0699062
1.21875 3.06991 0.0699086 0.0699062
1.26562 3.07086 0.0708644 0.0708626
1.26562 3.07086 0.0708644 0.0708626
1.3125 3.07165 0.0716496 0.0716482
1.3125 3.07165 0.0716496 0.0716482
1.35938 3.07226 0.0722623 0.0722612
1.35938 3.07226 0.0722623 0.0722612
1.40625 3.0727 0.0727009 0.0727001
1.40625 3.0727 0.0727009 0.0727001
1.45312 3.07296 0.0729646 0.0729638
1.45312 3.07296 0.0729646 0.0729638
1.5 3.07305 0.0730525 0.0730518
1.5 3.07305 0.0730525 0.0730518
1.54688 3.07296 0.0729646 0.0729638
1.54688 3.07296 0.0729646 0.0729638
1.59375 3.0727 0.0727009 0.0727001
1.59375 3.0727 0.0727009 0.0727001
1.64062 3.07226 0.0722623 0.0722612
1.64062 3.07226 0.0722623 0.0722612
1.6875 3.07165 0.0716496 0.0716482
1.6875 3.07165 0.0716496 0.0716482
1.73438 3.07086 0.0708644 0.0708626
1.73438 3.07086 0.0708644 0.0708626
1.78125 3.06991 0.0699086 0.0699062
1.78125 3.06991 0.0699086 0.0699062
1.82812 3.06878 0.0687844 0.0687815
1.82812 3.06878 0.0687844 0.0687815
1.875 3.06749 0.0674945 0.0674911
1.875 3.06749 0.0674945 0.0674911
1.92188 3.06604 0.0660421 0.0660381
1.92188 3.06604 0.0660421 0.0660381
1.96875 3.06443 0.0644307 0.064426
1.96875 3.06443 0.0644307 0.064426
2.01562 3.06266 0.062664 0.0626587
2.01562 3.06266 0.062664 0.0626587
2.0625 3.06075 0.0607464 0.0607404
2.0625 3.06075 0.0607464 0.0607404
2.10938 3.05868 0.0586825 0.058676
2.10938 3.05868 0.0586825 0.058676
2.15625 3.05648 0.0564774 0.0564703
2.15625 3.05648 0.0564774 0.0564703
2.20312 3.05414 0.0541366 0.054129
2.20312 3.05414 0.0541366 0.054129
2.25 3.05167 0.0516662 0.0516582
2.25 3.05167 0.0516662 0.0516582
2.29688 3.04907 0.0490731 0.0490647
2.29688 3.04907 0.0490731 0.0490647
2.34375 3.04637 0.0463654 0.0463569
2.34375 3.04637 0.0463654 0.0463569
2.39062 3.04355 0.0435532 0.0435447
2.39062 3.04355 0.0435532 0.0435447
2.4375 3.04065 0.0406493 0.040641
2.4375 3.04065 0.0406493 0.040641
2.48438 3.03767 0.0376707 0.0376632
2.48438 3.03767 0.0376707 0.0376632
2.53125 3.03464 0.0346408 0.0346348
2.53125 3.03464 0.0346408 0.0346348
2.57812 3.03159 0.0315913 0.0315875
2.57812 3.03159 0.0315913 0.0315875
2.625 3.02856 0.0285642 0.0285635
2.625 3.02856 0.0285642 0.0285635
2.67188 3.02561 0.0256137 0.025617
2.67188 3.02561 0.0256137 0.025617
2.71875 3.02281 0.0228067 0.0228144
2.71875 3.02281 0.0228067 0.0228144
2.76562 3.02022 0.0202209 0.0202332
2.76562 3.02022 0.0202209 0.0202332
2.8125 3.01794 0.0179416 0.0179581
2.8125 3.01794 0.0179416 0.0179581
2.85938 3.01606 0.0160551 0.0160749
2.85938 3.01606 0.0160551 0.0160749
2.90625 3.01464 0.0146411 0.0146632
2.90625 3.01464 0.0146411 0.0146632
2.95312 3.01376 0.0137643 0.0137877
2.95312 3.01376 0.0137643 0.0137877
3 3.01347 0.0134672 0.013491
