# x y topography analytical topography
0 3.01305 0.0130531 0.0130769
0.046875 3.01336 0.013361 0.0133843
0.046875 3.01336 0.013361 0.0133843
0.09375 3.01427 0.0142684 0.0142903
0.09375 3.01427 0.0142684 0.0142903
0.140625 3.01573 0.0157292 0.0157486
0.140625 3.01573 0.0157292 0.0157486
0.1875 3.01767 0.0176729 0.0176887
0.1875 3.01767 0.0176729 0.0176887
0.234375 3.02001 0.0200135 0.0200249
0.234375 3.02001 0.0200135 0.0200249
0.28125 3.02266 0.0226589 0.0226657
0.28125 3.02266 0.0226589 0.0226657
0.328125 3.02552 0.0255198 0.0255221
0.328125 3.02552 0.0255198 0.0255221
0.375 3.02852 0.0285158 0.0285144
0.375 3.02852 0.0285158 0.0285144
0.421875 3.03158 0.0315795 0.0315751
0.421875 3.03158 0.0315795 0.0315751
0.46875 3.03466 0.034657 0.0346507
0.46875 3.03466 0.034657 0.0346507
0.515625 3.03771 0.0377076 0.0377002
0.515625 3.03771 0.0377076 0.0377002
0.5625 3.0407 0.0407014 0.0406934
0.5625 3.0407 0.0407014 0.0406934
0.609375 3.04362 0.0436165 0.0436083
0.609375 3.04362 0.0436165 0.0436083
0.65625 3.04644 0.0464371 0.046429
0.65625 3.04644 0.0464371 0.046429
0.703125 3.04915 0.0491512 0.0491434
0.703125 3.04915 0.0491512 0.0491434
0.75 3.05175 0.0517497 0.0517422
0.75 3.05175 0.0517497 0.0517422
0.796875 3.05422 0.0542248 0.0542176
0.796875 3.05422 0.0542248 0.0542176
0.84375 3.05657 0.0565697 0.0565631
0.84375 3.05657 0.0565697 0.0565631
0.890625 3.05878 0.0587786 0.0587725
0.890625 3.05878 0.0587786 0.0587725
0.9375 3.06085 0.060846 0.0608404
0.9375 3.06085 0.060846 0.0608404
0.984375 3.06277 0.0627668 0.0627618
0.984375 3.06277 0.0627668 0.0627618
1.03125 3.06454 0.0645365 0.064532
1.03125 3.06454 0.0645365 0.064532
1.07812 3.06615 0.0661506 0.0661468
1.07812 3.06615 0.0661506 0.0661468
1.125 3.06761 0.0676054 0.0676022
1.125 3.06761 0.0676054 0.0676022
1.17188 3.0689 0.0688974 0.0688947
1.17188 3.0689 0.0688974 0.0688947
1.21875 3.07002 0.0700235 0.0700213
1.21875 3.07002 0.0700235 0.0700213
1.26562 3.07098 0.0709809 0.0709792
1.26562 3.07098 0.0709809 0.0709792
1.3125 3.07177 0.0717674 0.0717661
1.3125 3.07177 0.0717674 0.0717661
1.35938 3.07238 0.0723811 0.0723801
1.35938 3.07238 0.0723811 0.0723801
1.40625 3.07282 0.0728205 0.0728197
1.40625 3.07282 0.0728205 0.0728197
1.45312 3.07308 0.0730846 0.073084
1.45312 3.07308 0.0730846 0.073084
1.5 3.07317 0.0731727 0.0731721
1.5 3.07317 0.0731727 0.0731721
1.54688 3.07308 0.0730846 0.073084
1.54688 3.07308 0.0730846 0.073084
1.59375 3.07282 0.0728205 0.0728197
1.59375 3.07282 0.0728205 0.0728197
1.64062 3.07238 0.0723811 0.0723801
1.64062 3.07238 0.0723811 0.0723801
1.6875 3.07177 0.0717674 0.0717661
1.6875 3.07177 0.0717674 0.0717661
1.73438 3.07098 0.0709809 0.0709792
1.73438 3.07098 0.0709809 0.0709792
1.78125 3.07002 0.0700235 0.0700213
1.78125 3.07002 0.0700235 0.0700213
1.82812 3.0689 0.0688974 0.0688947
1.82812 3.0689 0.0688974 0.0688947
1.875 3.06761 0.0676054 0.0676022
1.875 3.06761 0.0676054 0.0676022
1.92188 3.06615 0.0661506 0.0661468
1.92188 3.06615 0.0661506 0.0661468
1.96875 3.06454 0.0645365 0.064532
1.96875 3.06454 0.0645365 0.064532
2.01562 3.06277 0.0627668 0.0627618
2.01562 3.06277 0.0627668 0.0627618
2.0625 3.06085 0.060846 0.0608404
2.0625 3.06085 0.060846 0.0608404
2.10938 3.05878 0.0587786 0.0587725
2.10938 3.05878 0.0587786 0.0587725
2.15625 3.05657 0.0565697 0.0565631
2.15625 3.05657 0.0565697 0.0565631
2.20312 3.05422 0.0542248 0.0542176
2.20312 3.05422 0.0542248 0.0542176
2.25 3.05175 0.0517497 0.0517422
2.25 3.05175 0.0517497 0.0517422
2.29688 3.04915 0.0491512 0.0491434
2.29688 3.04915 0.0491512 0.0491434
2.34375 3.04644 0.0464371 0.046429
2.34375 3.04644 0.0464371 0.046429
2.39062 3.04362 0.0436165 0.0436083
2.39062 3.04362 0.0436165 0.0436083
2.4375 3.0407 0.0407014 0.0406934
2.4375 3.0407 0.0407014 0.0406934
2.48438 3.03771 0.0377076 0.0377002
2.48438 3.03771 0.0377076 0.0377002
2.53125 3.03466 0.034657 0.0346507
2.53125 3.03466 0.034657 0.0346507
2.57812 3.03158 0.0315795 0.0315751
2.57812 3.03158 0.0315795 0.0315751
2.625 3.02852 0.0285158 0.0285144
2.625 3.02852 0.0285158 0.0285144
2.67188 3.02552 0.0255198 0.0255221
2.67188 3.02552 0.0255198 0.0255221
2.71875 3.02266 0.0226589 0.0226657
2.71875 3.02266 0.0226589 0.0226657
2.76562 3.02001 0.0200135 0.0200249
2.76562 3.02001 0.0200135 0.0200249
2.8125 3.01767 0.0176729 0.0176887
2.8125 3.01767 0.0176729 0.0176887
2.85938 3.01573 0.0157292 0.0157486
2.85938 3.01573 0.0157292 0.0157486
2.90625 3.01427 0.0142684 0.0142903
2.90625 3.01427 0.0142684 0.0142903
2.95312 3.01336 0.013361 0.0133843
2.95312 3.01336 0.013361 0.0133843
3 3.01305 0.0130531 0.0130769
