# x y topography analytical topography
0 3.00339 0.00339039 0.00342858
0.046875 3.0046 0.00459668 0.00460972
0.046875 3.0046 0.00459668 0.00460972
0.09375 3.0075 0.00750375 0.00749208
0.09375 3.0075 0.00750375 0.00749208
0.140625 3.01101 0.011008 0.0110007
0.140625 3.01101 0.011008 0.0110007
0.1875 3.01461 0.0146102 0.0146084
0.1875 3.01461 0.0146102 0.0146084
0.234375 3.01819 0.0181941 0.0181936
0.234375 3.01819 0.0181941 0.0181936
0.28125 3.02174 0.021736 0.0217356
0.28125 3.02174 0.021736 0.0217356
0.328125 3.02523 0.0252257 0.0252252
0.328125 3.02523 0.0252257 0.0252252
0.375 3.02865 0.0286546 0.0286541
0.375 3.02865 0.0286546 0.0286541
0.421875 3.03201 0.0320145 0.0320139
0.421875 3.03201 0.0320145 0.0320139
0.46875 3.0353 0.0352972 0.0352966
0.46875 3.0353 0.0352972 0.0352966
0.515625 3.03849 0.038495 0.0384943
0.515625 3.03849 0.038495 0.0384943
0.5625 3.0416 0.0415999 0.0415993
0.5625 3.0416 0.0415999 0.0415993
0.609375 3.0446 0.0446046 0.044604
0.609375 3.0446 0.0446046 0.044604
0.65625 3.0475 0.0475019 0.0475013
0.65625 3.0475 0.0475019 0.0475013
0.703125 3.05028 0.0502847 0.0502841
0.703125 3.05028 0.0502847 0.0502841
0.75 3.05295 0.0529464 0.0529458
0.75 3.05295 0.0529464 0.0529458
0.796875 3.05548 0.0554805 0.05548
0.796875 3.05548 0.0554805 0.05548
0.84375 3.05788 0.057881 0.0578805
0.84375 3.05788 0.057881 0.0578805
0.890625 3.06014 0.060142 0.0601416
0.890625 3.06014 0.060142 0.0601416
0.9375 3.06226 0.0622581 0.0622577
0.9375 3.06226 0.0622581 0.0622577
0.984375 3.06422 0.0642243 0.0642239
0.984375 3.06422 0.0642243 0.0642239
1.03125 3.06604 0.0660357 0.0660354
1.03125 3.06604 0.0660357 0.0660354
1.07812 3.06769 0.067688 0.0676878
1.07812 3.06769 0.067688 0.0676878
1.125 3.06918 0.0691773 0.0691771
1.125 3.06918 0.0691773 0.0691771
1.17188 3.0705 0.0704999 0.0704997
1.17188 3.0705 0.0704999 0.0704997
1.21875 3.07165 0.0716527 0.0716526
1.21875 3.07165 0.0716527 0.0716526
1.26562 3.07263 0.0726329 0.0726328
1.26562 3.07263 0.0726329 0.0726328
1.3125 3.07344 0.0734381 0.073438
1.3125 3.07344 0.0734381 0.073438
1.35938 3.07407 0.0740663 0.0740663
1.35938 3.07407 0.0740663 0.0740663
1.40625 3.07452 0.0745162 0.0745162
1.40625 3.07452 0.0745162 0.0745162
1.45312 3.07479 0.0747865 0.0747865
1.45312 3.07479 0.0747865 0.0747865
1.5 3.07488 0.0748767 0.0748767
1.5 3.07488 0.0748767 0.0748767
1.54688 3.07479 0.0747865 0.0747865
1.54688 3.07479 0.0747865 0.0747865
1.59375 3.07452 0.0745162 0.0745162
1.59375 3.07452 0.0745162 0.0745162
1.64062 3.07407 0.0740663 0.0740663
1.64062 3.07407 0.0740663 0.0740663
1.6875 3.07344 0.0734381 0.073438
1.6875 3.07344 0.0734381 0.073438
1.73438 3.07263 0.0726329 0.0726328
1.73438 3.07263 0.0726329 0.0726328
1.78125 3.07165 0.0716527 0.0716526
1.78125 3.07165 0.0716527 0.0716526
1.82812 3.0705 0.0704999 0.0704997
1.82812 3.0705 0.0704999 0.0704997
1.875 3.06918 0.0691773 0.0691771
1.875 3.06918 0.0691773 0.0691771
1.92188 3.06769 0.067688 0.0676878
1.92188 3.06769 0.067688 0.0676878
1.96875 3.06604 0.0660357 0.0660354
1.96875 3.06604 0.0660357 0.0660354
2.01562 3.06422 0.0642243 0.0642239
2.01562 3.06422 0.0642243 0.0642239
2.0625 3.06226 0.0622581 0.0622577
2.0625 3.06226 0.0622581 0.0622577
2.10938 3.06014 0.060142 0.0601416
2.10938 3.06014 0.060142 0.0601416
2.15625 3.05788 0.057881 0.0578805
2.15625 3.05788 0.057881 0.0578805
2.20312 3.05548 0.0554805 0.05548
2.20312 3.05548 0.0554805 0.05548
2.25 3.05295 0.0529464 0.0529458
2.25 3.05295 0.0529464 0.0529458
2.29688 3.05028 0.0502847 0.0502841
2.29688 3.05028 0.0502847 0.0502841
2.34375 3.0475 0.0475019 0.0475013
2.34375 3.0475 0.0475019 0.0475013
2.39062 3.0446 0.0446046 0.044604
2.39062 3.0446 0.0446046 0.044604
2.4375 3.0416 0.0415999 0.0415993
2.4375 3.0416 0.0415999 0.0415993
2.48438 3.03849 0.038495 0.0384943
2.48438 3.03849 0.038495 0.0384943
2.53125 3.0353 0.0352972 0.0352966
2.53125 3.0353 0.0352972 0.0352966
2.57812 3.03201 0.0320145 0.0320139
2.57812 3.03201 0.0320145 0.0320139
2.625 3.02865 0.0286546 0.0286541
2.625 3.02865 0.0286546 0.0286541
2.67188 3.02523 0.0252257 0.0252252
2.67188 3.02523 0.0252257 0.0252252
2.71875 3.02174 0.021736 0.0217356
2.71875 3.02174 0.021736 0.0217356
2.76562 3.01819 0.0181941 0.0181936
2.76562 3.01819 0.0181941 0.0181936
2.8125 3.01461 0.0146102 0.0146084
2.8125 3.01461 0.0146102 0.0146084
2.85938 3.01101 0.011008 0.0110007
2.85938 3.01101 0.011008 0.0110007
2.90625 3.0075 0.00750375 0.00749208
2.90625 3.0075 0.00750375 0.00749208
2.95312 3.0046 0.00459668 0.00460972
2.95312 3.0046 0.00459668 0.00460972
3 3.00339 0.00339039 0.00342858
