# x y z topography
0 0 1.00055 0.000548814
100 0 1.00072 0.000715189
0 100 1.00279 0.00279173
100 100 1.0027 0.00270216
100 0 1.00072 0.000715189
200 0 1.0006 0.000602763
100 100 1.0027 0.00270216
200 100 1.00261 0.00261349
200 0 1.0006 0.000602763
300 0 1.00054 0.000544883
200 100 1.00261 0.00261349
300 100 1.00256 0.00255694
300 0 1.00054 0.000544883
400 0 1.00042 0.000423655
300 100 1.00256 0.00255694
400 100 1.00252 0.0025202
0 100 1.00279 0.00279173
100 100 1.0027 0.00270216
0 200 1.00498 0.00497862
100 200 1.00469 0.00468848
100 100 1.0027 0.00270216
200 100 1.00261 0.00261349
100 200 1.00469 0.00468848
200 200 1.00459 0.00459262
200 100 1.00261 0.00261349
300 100 1.00256 0.00255694
200 200 1.00459 0.00459262
300 200 1.00455 0.00454985
300 100 1.00256 0.00255694
400 100 1.00252 0.0025202
300 200 1.00455 0.00454985
400 200 1.00453 0.00453172
0 200 1.00498 0.00497862
100 200 1.00469 0.00468848
0 300 1.00626 0.00626456
100 300 1.00648 0.00648104
100 200 1.00469 0.00468848
200 200 1.00459 0.00459262
100 300 1.00648 0.00648104
200 300 1.00652 0.0065196
400 0 1.00042 0.000423655
500 0 1.00065 0.000645894
400 100 1.00252 0.0025202
500 100 1.00257 0.00256929
500 0 1.00065 0.000645894
600 0 1.00044 0.000437587
500 100 1.00257 0.00256929
600 100 1.00257 0.00256844
400 100 1.00252 0.0025202
500 100 1.00257 0.00256929
400 200 1.00453 0.00453172
500 200 1.00454 0.00454343
500 100 1.00257 0.00256929
600 100 1.00257 0.00256844
500 200 1.00454 0.00454343
600 200 1.00456 0.0045575
200 200 1.00459 0.00459262
300 200 1.00455 0.00454985
200 300 1.00652 0.0065196
300 300 1.00652 0.00651942
300 200 1.00455 0.00454985
400 200 1.00453 0.00453172
300 300 1.00652 0.00651942
400 300 1.00651 0.00651488
0 300 1.00626 0.00626456
100 300 1.00648 0.00648104
0 400 1.00836 0.00835951
100 400 1.00845 0.00845222
100 300 1.00648 0.00648104
200 300 1.00652 0.0065196
100 400 1.00845 0.00845222
200 400 1.00849 0.00848663
200 300 1.00652 0.0065196
300 300 1.00652 0.00651942
200 400 1.00849 0.00848663
300 400 1.0085 0.00849512
300 300 1.00652 0.00651942
400 300 1.00651 0.00651488
300 400 1.0085 0.00849512
400 400 1.00849 0.0084937
600 0 1.00044 0.000437587
700 0 1.00089 0.000891773
600 100 1.00257 0.00256844
700 100 1.00271 0.00271007
700 0 1.00089 0.000891773
800 0 1.00096 0.000963663
700 100 1.00271 0.00271007
800 100 1.00278 0.002783
600 100 1.00257 0.00256844
700 100 1.00271 0.00271007
600 200 1.00456 0.0045575
700 200 1.0046 0.00459761
700 100 1.00271 0.00271007
800 100 1.00278 0.002783
700 200 1.0046 0.00459761
800 200 1.00459 0.00458853
400 200 1.00453 0.00453172
500 200 1.00454 0.00454343
400 300 1.00651 0.00651488
500 300 1.00652 0.00651673
500 200 1.00454 0.00454343
600 200 1.00456 0.0045575
500 300 1.00652 0.00651673
600 300 1.00652 0.00652189
600 200 1.00456 0.0045575
700 200 1.0046 0.00459761
600 300 1.00652 0.00652189
700 300 1.00654 0.00653535
700 200 1.0046 0.00459761
800 200 1.00459 0.00458853
700 300 1.00654 0.00653535
800 300 1.00656 0.00655938
400 300 1.00651 0.00651488
500 300 1.00652 0.00651673
400 400 1.00849 0.0084937
500 400 1.00849 0.0084888
500 300 1.00652 0.00651673
600 300 1.00652 0.00652189
500 400 1.00849 0.0084888
600 400 1.00848 0.00847981
600 300 1.00652 0.00652189
700 300 1.00654 0.00653535
600 400 1.00848 0.00847981
700 400 1.00846 0.00846392
700 300 1.00654 0.00653535
800 300 1.00656 0.00655938
700 400 1.00846 0.00846392
800 400 1.00843 0.00843257
0 400 1.00836 0.00835951
100 400 1.00845 0.00845222
0 500 1.01057 0.0105702
100 500 1.01048 0.0104825
100 400 1.00845 0.00845222
200 400 1.00849 0.00848663
100 500 1.01048 0.0104825
200 500 1.01048 0.0104811
200 400 1.00849 0.00848663
300 400 1.0085 0.00849512
200 500 1.01048 0.0104811
300 500 1.01048 0.0104828
300 400 1.0085 0.00849512
400 400 1.00849 0.0084937
300 500 1.01048 0.0104828
400 500 1.01048 0.0104784
0 500 1.01057 0.0105702
100 500 1.01048 0.0104825
0 600 1.01216 0.012159
100 600 1.01243 0.0124273
100 500 1.01048 0.0104825
200 500 1.01048 0.0104811
100 600 1.01243 0.0124273
200 600 1.01247 0.0124741
200 500 1.01048 0.0104811
300 500 1.01048 0.0104828
200 600 1.01247 0.0124741
300 600 1.01248 0.0124788
300 500 1.01048 0.0104828
400 500 1.01048 0.0104784
300 600 1.01248 0.0124788
400 600 1.01247 0.0124722
400 400 1.00849 0.0084937
500 400 1.00849 0.0084888
400 500 1.01048 0.0104784
500 500 1.01047 0.0104674
500 400 1.00849 0.0084888
600 400 1.00848 0.00847981
500 500 1.01047 0.0104674
600 500 1.01045 0.0104468
0 600 1.01216 0.012159
100 600 1.01243 0.0124273
0 700 1.01498 0.0149765
100 700 1.01459 0.0145944
100 600 1.01243 0.0124273
200 600 1.01247 0.0124741
100 700 1.01459 0.0145944
200 700 1.01451 0.0145108
200 600 1.01247 0.0124741
300 600 1.01248 0.0124788
200 700 1.01451 0.0145108
300 700 1.01449 0.014488
300 600 1.01248 0.0124788
400 600 1.01247 0.0124722
300 700 1.01449 0.014488
400 700 1.01448 0.0144759
0 700 1.01498 0.0149765
100 700 1.01459 0.0145944
0 800 1.01632 0.016318
100 800 1.01646 0.0164636
100 700 1.01459 0.0145944
200 700 1.01451 0.0145108
100 800 1.01646 0.0164636
200 800 1.01649 0.0164879
200 700 1.01451 0.0145108
300 700 1.01449 0.014488
200 800 1.01649 0.0164879
300 800 1.01649 0.0164884
300 700 1.01449 0.014488
400 700 1.01448 0.0144759
300 800 1.01649 0.0164884
400 800 1.01648 0.016483
600 400 1.00848 0.00847981
700 400 1.00846 0.00846392
600 500 1.01045 0.0104468
700 500 1.01041 0.0104096
700 400 1.00846 0.00846392
800 400 1.00843 0.00843257
700 500 1.01041 0.0104096
800 500 1.01034 0.0103441
400 500 1.01048 0.0104784
500 500 1.01047 0.0104674
400 600 1.01247 0.0124722
500 600 1.01246 0.0124581
500 500 1.01047 0.0104674
600 500 1.01045 0.0104468
500 600 1.01246 0.0124581
600 600 1.01243 0.0124327
600 500 1.01045 0.0104468
700 500 1.01041 0.0104096
600 600 1.01243 0.0124327
700 600 1.01239 0.0123852
700 500 1.01041 0.0104096
800 500 1.01034 0.0103441
700 600 1.01239 0.0123852
800 600 1.01229 0.0122908
400 600 1.01247 0.0124722
500 600 1.01246 0.0124581
400 700 1.01448 0.0144759
500 700 1.01446 0.0144626
500 600 1.01246 0.0124581
600 600 1.01243 0.0124327
500 700 1.01446 0.0144626
600 700 1.01444 0.0144429
400 700 1.01448 0.0144759
500 700 1.01446 0.0144626
400 800 1.01648 0.016483
500 800 1.01648 0.0164756
500 700 1.01446 0.0144626
600 700 1.01444 0.0144429
500 800 1.01648 0.0164756
600 800 1.01647 0.0164687
800 0 1.00096 0.000963663
900 0 1.00038 0.000383442
800 100 1.00278 0.002783
900 100 1.00287 0.00287001
800 100 1.00278 0.002783
900 100 1.00287 0.00287001
800 200 1.00459 0.00458853
900 200 1.00441 0.00441466
800 200 1.00459 0.00458853
900 200 1.00441 0.00441466
800 300 1.00656 0.00655938
900 300 1.00668 0.00668182
800 300 1.00656 0.00655938
900 300 1.00668 0.00668182
800 400 1.00843 0.00843257
900 400 1.00836 0.00836371
800 400 1.00843 0.00843257
900 400 1.00836 0.00836371
800 500 1.01034 0.0103441
900 500 1.01024 0.0102444
800 500 1.01034 0.0103441
900 500 1.01024 0.0102444
800 600 1.01229 0.0122908
900 600 1.0121 0.0120961
600 600 1.01243 0.0124327
700 600 1.01239 0.0123852
600 700 1.01444 0.0144429
700 700 1.01441 0.0144094
700 600 1.01239 0.0123852
800 600 1.01229 0.0122908
700 700 1.01441 0.0144094
800 700 1.01434 0.0143388
600 700 1.01444 0.0144429
700 700 1.01441 0.0144094
600 800 1.01647 0.0164687
700 800 1.01647 0.0164722
700 700 1.01441 0.0144094
800 700 1.01434 0.0143388
700 800 1.01647 0.0164722
800 800 1.01654 0.016537
800 600 1.01229 0.0122908
900 600 1.0121 0.0120961
800 700 1.01434 0.0143388
900 700 1.01412 0.0141187
800 700 1.01434 0.0143388
900 700 1.01412 0.0141187
800 800 1.01654 0.016537
900 800 1.01693 0.0169293
0 800 1.01632 0.016318
100 800 1.01646 0.0164636
0 900 1.01832 0.0183186
100 900 1.01845 0.0184547
100 800 1.01646 0.0164636
200 800 1.01649 0.0164879
100 900 1.01845 0.0184547
200 900 1.01849 0.0184898
200 800 1.01649 0.0164879
300 800 1.01649 0.0164884
200 900 1.01849 0.0184898
300 900 1.0185 0.0184959
300 800 1.01649 0.0164884
400 800 1.01648 0.016483
300 900 1.0185 0.0184959
400 900 1.01849 0.0184936
0 900 1.01832 0.0183186
100 900 1.01845 0.0184547
0 1000 1.02068 0.0206778
100 1000 1.02055 0.020547
100 900 1.01845 0.0184547
200 900 1.01849 0.0184898
100 1000 1.02055 0.020547
200 1000 1.02052 0.0205213
200 900 1.01849 0.0184898
300 900 1.0185 0.0184959
200 1000 1.02052 0.0205213
300 1000 1.02051 0.0205125
300 900 1.0185 0.0184959
400 900 1.01849 0.0184936
300 1000 1.02051 0.0205125
400 1000 1.02051 0.0205069
400 800 1.01648 0.016483
500 800 1.01648 0.0164756
400 900 1.01849 0.0184936
500 900 1.01849 0.0184896
500 800 1.01648 0.0164756
600 800 1.01647 0.0164687
500 900 1.01849 0.0184896
600 900 1.01849 0.0184854
0 1000 1.02068 0.0206778
100 1000 1.02055 0.020547
0 1100 1.02245 0.0224471
100 1100 1.02253 0.0225343
100 1000 1.02055 0.020547
200 1000 1.02052 0.0205213
100 1100 1.02253 0.0225343
200 1100 1.02254 0.022536
200 1000 1.02052 0.0205213
300 1000 1.02051 0.0205125
200 1100 1.02254 0.022536
300 1100 1.02253 0.0225259
300 1000 1.02051 0.0205125
400 1000 1.02051 0.0205069
300 1100 1.02253 0.0225259
400 1100 1.02252 0.0225169
0 1100 1.02245 0.0224471
100 1100 1.02253 0.0225343
0 1200 1.02473 0.0247253
100 1200 1.02461 0.0246068
100 1100 1.02253 0.0225343
200 1100 1.02254 0.022536
100 1200 1.02461 0.0246068
200 1200 1.02456 0.024562
200 1100 1.02254 0.022536
300 1100 1.02253 0.0225259
200 1200 1.02456 0.024562
300 1200 1.02454 0.0245376
300 1100 1.02253 0.0225259
400 1100 1.02252 0.0225169
300 1200 1.02454 0.0245376
400 1200 1.02452 0.024522
600 800 1.01647 0.0164687
700 800 1.01647 0.0164722
600 900 1.01849 0.0184854
700 900 1.01847 0.0184747
700 800 1.01647 0.0164722
800 800 1.01654 0.016537
700 900 1.01847 0.0184747
800 900 1.01841 0.0184085
400 900 1.01849 0.0184936
500 900 1.01849 0.0184896
400 1000 1.02051 0.0205069
500 1000 1.0205 0.0205045
500 900 1.01849 0.0184896
600 900 1.01849 0.0184854
500 1000 1.0205 0.0205045
600 1000 1.02051 0.0205095
600 900 1.01849 0.0184854
700 900 1.01847 0.0184747
600 1000 1.02051 0.0205095
700 1000 1.02053 0.0205332
700 900 1.01847 0.0184747
800 900 1.01841 0.0184085
700 1000 1.02053 0.0205332
800 1000 1.02062 0.0206177
400 1000 1.02051 0.0205069
500 1000 1.0205 0.0205045
400 1100 1.02252 0.0225169
500 1100 1.02251 0.0225123
500 1000 1.0205 0.0205045
600 1000 1.02051 0.0205095
500 1100 1.02251 0.0225123
600 1100 1.02251 0.0225149
400 1100 1.02252 0.0225169
500 1100 1.02251 0.0225123
400 1200 1.02452 0.024522
500 1200 1.02451 0.0245119
500 1100 1.02251 0.0225123
600 1100 1.02251 0.0225149
500 1200 1.02451 0.0245119
600 1200 1.02451 0.0245061
600 1000 1.02051 0.0205095
700 1000 1.02053 0.0205332
600 1100 1.02251 0.0225149
700 1100 1.02253 0.0225311
700 1000 1.02053 0.0205332
800 1000 1.02062 0.0206177
700 1100 1.02253 0.0225311
800 1100 1.02258 0.0225765
600 1100 1.02251 0.0225149
700 1100 1.02253 0.0225311
600 1200 1.02451 0.0245061
700 1200 1.0245 0.0244992
700 1100 1.02253 0.0225311
800 1100 1.02258 0.0225765
700 1200 1.0245 0.0244992
800 1200 1.02446 0.0244646
0 1200 1.02473 0.0247253
100 1200 1.02461 0.0246068
0 1300 1.02662 0.026618
100 1300 1.02661 0.0266053
100 1200 1.02461 0.0246068
200 1200 1.02456 0.024562
100 1300 1.02661 0.0266053
200 1300 1.02657 0.0265667
200 1200 1.02456 0.024562
300 1200 1.02454 0.0245376
200 1300 1.02657 0.0265667
300 1300 1.02654 0.0265393
300 1200 1.02454 0.0245376
400 1200 1.02452 0.024522
300 1300 1.02654 0.0265393
400 1300 1.02652 0.0265201
0 1300 1.02662 0.026618
100 1300 1.02661 0.0266053
0 1400 1.0289 0.0288965
100 1400 1.02863 0.0286289
100 1300 1.02661 0.0266053
200 1300 1.02657 0.0265667
100 1400 1.02863 0.0286289
200 1400 1.02856 0.028559
200 1300 1.02657 0.0265667
300 1300 1.02654 0.0265393
200 1400 1.02856 0.028559
300 1400 1.02853 0.028531
300 1300 1.02654 0.0265393
400 1300 1.02652 0.0265201
300 1400 1.02853 0.028531
400 1400 1.02851 0.0285112
0 1400 1.0289 0.0288965
100 1400 1.02863 0.0286289
0 1500 1.03015 0.0301494
100 1500 1.03045 0.0304539
100 1400 1.02863 0.0286289
200 1400 1.02856 0.028559
100 1500 1.03045 0.0304539
200 1500 1.03051 0.030508
200 1400 1.02856 0.028559
300 1400 1.02853 0.028531
200 1500 1.03051 0.030508
300 1500 1.03051 0.0305126
300 1400 1.02853 0.028531
400 1400 1.02851 0.0285112
300 1500 1.03051 0.0305126
400 1500 1.0305 0.0304986
0 1500 1.03015 0.0301494
100 1500 1.03045 0.0304539
0 1600 1.0327 0.0326974
100 1600 1.03253 0.0325285
100 1500 1.03045 0.0304539
200 1500 1.03051 0.030508
100 1600 1.03253 0.0325285
200 1600 1.0325 0.032505
200 1500 1.03051 0.030508
300 1500 1.03051 0.0305126
200 1600 1.0325 0.032505
300 1600 1.03251 0.0325108
300 1500 1.03051 0.0305126
400 1500 1.0305 0.0304986
300 1600 1.03251 0.0325108
400 1600 1.0325 0.0324959
400 1200 1.02452 0.024522
500 1200 1.02451 0.0245119
400 1300 1.02652 0.0265201
500 1300 1.02651 0.026506
500 1200 1.02451 0.0245119
600 1200 1.02451 0.0245061
500 1300 1.02651 0.026506
600 1300 1.0265 0.0264969
600 1200 1.02451 0.0245061
700 1200 1.0245 0.0244992
600 1300 1.0265 0.0264969
700 1300 1.02649 0.0264942
700 1200 1.0245 0.0244992
800 1200 1.02446 0.0244646
700 1300 1.02649 0.0264942
800 1300 1.02649 0.0264918
400 1300 1.02652 0.0265201
500 1300 1.02651 0.026506
400 1400 1.02851 0.0285112
500 1400 1.02849 0.0284929
500 1300 1.02651 0.026506
600 1300 1.0265 0.0264969
500 1400 1.02849 0.0284929
600 1400 1.02848 0.0284796
600 1300 1.0265 0.0264969
700 1300 1.02649 0.0264942
600 1400 1.02848 0.0284796
700 1400 1.02849 0.0284875
700 1300 1.02649 0.0264942
800 1300 1.02649 0.0264918
700 1400 1.02849 0.0284875
800 1400 1.02858 0.0285763
400 1400 1.02851 0.0285112
500 1400 1.02849 0.0284929
400 1500 1.0305 0.0304986
500 1500 1.03047 0.0304723
500 1400 1.02849 0.0284929
600 1400 1.02848 0.0284796
500 1500 1.03047 0.0304723
600 1500 1.03044 0.0304387
800 800 1.01654 0.016537
900 800 1.01693 0.0169293
800 900 1.01841 0.0184085
900 900 1.018 0.0180047
800 900 1.01841 0.0184085
900 900 1.018 0.0180047
800 1000 1.02062 0.0206177
900 1000 1.02095 0.0209527
800 1000 1.02062 0.0206177
900 1000 1.02095 0.0209527
800 1100 1.02258 0.0225765
900 1100 1.02269 0.0226925
800 1100 1.02258 0.0225765
900 1100 1.02269 0.0226925
800 1200 1.02446 0.0244646
900 1200 1.02429 0.0242901
600 1400 1.02848 0.0284796
700 1400 1.02849 0.0284875
600 1500 1.03044 0.0304387
700 1500 1.0304 0.0303984
700 1400 1.02849 0.0284875
800 1400 1.02858 0.0285763
700 1500 1.0304 0.0303984
800 1500 1.03033 0.0303261
400 1500 1.0305 0.0304986
500 1500 1.03047 0.0304723
400 1600 1.0325 0.0324959
500 1600 1.03246 0.0324564
500 1500 1.03047 0.0304723
600 1500 1.03044 0.0304387
500 1600 1.03246 0.0324564
600 1600 1.0324 0.0324022
600 1500 1.03044 0.0304387
700 1500 1.0304 0.0303984
600 1600 1.0324 0.0324022
700 1600 1.03234 0.0323397
700 1500 1.0304 0.0303984
800 1500 1.03033 0.0303261
700 1600 1.03234 0.0323397
800 1600 1.03226 0.0322596
800 1200 1.02446 0.0244646
900 1200 1.02429 0.0242901
800 1300 1.02649 0.0264918
900 1300 1.02643 0.0264314
800 1300 1.02649 0.0264918
900 1300 1.02643 0.0264314
800 1400 1.02858 0.0285763
900 1400 1.029 0.0289988
800 1400 1.02858 0.0285763
900 1400 1.029 0.0289988
800 1500 1.03033 0.0303261
900 1500 1.03007 0.0300692
800 1500 1.03033 0.0303261
900 1500 1.03007 0.0300692
800 1600 1.03226 0.0322596
900 1600 1.03217 0.0321716
0 1600 1.0327 0.0326974
100 1600 1.03253 0.0325285
0 1700 1.03452 0.034521
100 1700 1.03446 0.034457
100 1600 1.03253 0.0325285
200 1600 1.0325 0.032505
100 1700 1.03446 0.034457
200 1700 1.03447 0.0344713
0 1700 1.03452 0.034521
100 1700 1.03446 0.034457
0 1800 1.03616 0.0361647
100 1800 1.03631 0.0363065
100 1700 1.03446 0.034457
200 1700 1.03447 0.0344713
100 1800 1.03631 0.0363065
200 1800 1.03639 0.0363943
0 1800 1.03616 0.0361647
100 1800 1.03631 0.0363065
0 1900 1.0384 0.0383982
100 1900 1.03821 0.0382098
100 1800 1.03631 0.0363065
200 1800 1.03639 0.0363943
100 1900 1.03821 0.0382098
200 1900 1.03819 0.0381862
200 1600 1.0325 0.032505
300 1600 1.03251 0.0325108
200 1700 1.03447 0.0344713
300 1700 1.03453 0.0345279
300 1600 1.03251 0.0325108
400 1600 1.0325 0.0324959
300 1700 1.03453 0.0345279
400 1700 1.03452 0.0345155
400 1600 1.0325 0.0324959
500 1600 1.03246 0.0324564
400 1700 1.03452 0.0345155
500 1700 1.03445 0.0344529
500 1600 1.03246 0.0324564
600 1600 1.0324 0.0324022
500 1700 1.03445 0.0344529
600 1700 1.03437 0.0343722
200 1700 1.03447 0.0344713
300 1700 1.03453 0.0345279
200 1800 1.03639 0.0363943
300 1800 1.03661 0.0366128
300 1700 1.03453 0.0345279
400 1700 1.03452 0.0345155
300 1800 1.03661 0.0366128
400 1800 1.03658 0.0365836
400 1700 1.03452 0.0345155
500 1700 1.03445 0.0344529
400 1800 1.03658 0.0365836
500 1800 1.03647 0.0364658
500 1700 1.03445 0.0344529
600 1700 1.03437 0.0343722
500 1800 1.03647 0.0364658
600 1800 1.03634 0.0363352
200 1800 1.03639 0.0363943
300 1800 1.03661 0.0366128
200 1900 1.03819 0.0381862
300 1900 1.03894 0.0389444
300 1800 1.03661 0.0366128
400 1800 1.03658 0.0365836
300 1900 1.03894 0.0389444
400 1900 1.03874 0.0387396
600 1600 1.0324 0.0324022
700 1600 1.03234 0.0323397
600 1700 1.03437 0.0343722
700 1700 1.0343 0.0342969
700 1600 1.03234 0.0323397
800 1600 1.03226 0.0322596
700 1700 1.0343 0.0342969
800 1700 1.0342 0.0342001
800 1600 1.03226 0.0322596
900 1600 1.03217 0.0321716
800 1700 1.0342 0.0342001
900 1700 1.03403 0.0340318
600 1700 1.03437 0.0343722
700 1700 1.0343 0.0342969
600 1800 1.03634 0.0363352
700 1800 1.03627 0.0362746
700 1700 1.0343 0.0342969
800 1700 1.0342 0.0342001
700 1800 1.03627 0.0362746
800 1800 1.03621 0.0362112
800 1700 1.0342 0.0342001
900 1700 1.03403 0.0340318
800 1800 1.03621 0.0362112
900 1800 1.03631 0.0363119
400 1800 1.03658 0.0365836
500 1800 1.03647 0.0364658
400 1900 1.03874 0.0387396
500 1900 1.03849 0.0384905
500 1800 1.03647 0.0364658
600 1800 1.03634 0.0363352
500 1900 1.03849 0.0384905
600 1900 1.03823 0.0382274
600 1800 1.03634 0.0363352
700 1800 1.03627 0.0362746
600 1900 1.03823 0.0382274
700 1900 1.03825 0.0382544
700 1800 1.03627 0.0362746
800 1800 1.03621 0.0362112
700 1900 1.03825 0.0382544
800 1900 1.03806 0.038058
800 1800 1.03621 0.0362112
900 1800 1.03631 0.0363119
800 1900 1.03806 0.038058
900 1900 1.03843 0.0384344
