# x y topography analytical topography
0 1 0 0.0194147
0.015625 1.02432 0.0243209 0.0196049
0.015625 1.02432 0.0243209 0.0196049
0.03125 1.02833 0.0283291 0.0201706
0.03125 1.02833 0.0283291 0.0201706
0.046875 1.03255 0.0325493 0.0210971
0.046875 1.03255 0.0325493 0.0210971
0.0625 1.03693 0.0369261 0.0223611
0.0625 1.03693 0.0369261 0.0223611
0.078125 1.04138 0.0413782 0.0239319
0.078125 1.04138 0.0413782 0.0239319
0.09375 1.04582 0.0458187 0.025773
0.09375 1.04582 0.0458187 0.025773
0.109375 1.05016 0.0501584 0.0278439
0.109375 1.05016 0.0501584 0.0278439
0.125 1.05431 0.0543085 0.030102
0.125 1.05431 0.0543085 0.030102
0.140625 1.05818 0.0581831 0.0325048
0.140625 1.05818 0.0581831 0.0325048
0.15625 1.0617 0.061701 0.0350105
0.15625 1.0617 0.061701 0.0350105
0.171875 1.06479 0.064788 0.0375803
0.171875 1.06479 0.064788 0.0375803
0.1875 1.06738 0.0673779 0.0401783
0.1875 1.06738 0.0673779 0.0401783
0.203125 1.06941 0.0694139 0.0427726
0.203125 1.06941 0.0694139 0.0427726
0.21875 1.07085 0.0708493 0.0453354
0.21875 1.07085 0.0708493 0.0453354
0.234375 1.07165 0.0716475 0.0478427
0.234375 1.07165 0.0716475 0.0478427
0.25 1.07178 0.0717826 0.0502742
0.25 1.07178 0.0717826 0.0502742
0.265625 1.07124 0.0712385 0.0526132
0.265625 1.07124 0.0712385 0.0526132
0.28125 1.07001 0.0700092 0.0548455
0.28125 1.07001 0.0700092 0.0548455
0.296875 1.0681 0.0680978 0.0569595
0.296875 1.0681 0.0680978 0.0569595
0.3125 1.06552 0.0655163 0.0589457
0.3125 1.06552 0.0655163 0.0589457
0.328125 1.06228 0.0622847 0.0607961
0.328125 1.06228 0.0622847 0.0607961
0.34375 1.05843 0.0584309 0.062504
0.34375 1.05843 0.0584309 0.062504
0.359375 1.05399 0.0539894 0.064064
0.359375 1.05399 0.0539894 0.064064
0.375 1.049 0.0490014 0.0654712
0.375 1.049 0.0490014 0.0654712
0.390625 1.04351 0.0435137 0.0667216
0.390625 1.04351 0.0435137 0.0667216
0.40625 1.03758 0.0375785 0.0678118
0.40625 1.03758 0.0375785 0.0678118
0.421875 1.03125 0.0312522 0.0687391
0.421875 1.03125 0.0312522 0.0687391
0.4375 1.0246 0.0245957 0.0695009
0.4375 1.0246 0.0245957 0.0695009
0.453125 1.01767 0.0176728 0.0700954
0.453125 1.01767 0.0176728 0.0700954
0.46875 1.01055 0.0105501 0.0705211
0.46875 1.01055 0.0105501 0.0705211
0.484375 1.0033 0.00329648 0.0707769
0.484375 1.0033 0.00329648 0.0707769
0.5 0.995982 -0.00401817 0.0708623
0.5 0.995982 -0.00401817 0.0708623
0.515625 0.996028 -0.00397183 0.0707769
0.515625 0.996028 -0.00397183 0.0707769
0.53125 0.996084 -0.0039159 0.0705211
0.53125 0.996084 -0.0039159 0.0705211
0.546875 0.99615 -0.00385049 0.0700954
0.546875 0.99615 -0.00385049 0.0700954
0.5625 0.996224 -0.00377574 0.0695009
0.5625 0.996224 -0.00377574 0.0695009
0.578125 0.996308 -0.00369178 0.0687391
0.578125 0.996308 -0.00369178 0.0687391
0.59375 0.996401 -0.00359871 0.0678118
0.59375 0.996401 -0.00359871 0.0678118
0.609375 0.996503 -0.0034966 0.0667216
0.609375 0.996503 -0.0034966 0.0667216
0.625 0.996615 -0.00338544 0.0654712
0.625 0.996615 -0.00338544 0.0654712
0.640625 0.996735 -0.00326507 0.064064
0.640625 0.996735 -0.00326507 0.064064
0.65625 0.996865 -0.00313511 0.062504
0.65625 0.996865 -0.00313511 0.062504
0.671875 0.997005 -0.00299482 0.0607961
0.671875 0.997005 -0.00299482 0.0607961
0.6875 0.997157 -0.00284297 0.0589457
0.6875 0.997157 -0.00284297 0.0589457
0.703125 0.997322 -0.0026776 0.0569595
0.703125 0.997322 -0.0026776 0.0569595
0.71875 0.997504 -0.00249575 0.0548455
0.71875 0.997504 -0.00249575 0.0548455
0.734375 0.997707 -0.0022931 0.0526132
0.734375 0.997707 -0.0022931 0.0526132
0.75 0.997936 -0.00206363 0.0502742
0.75 0.997936 -0.00206363 0.0502742
0.765625 0.998201 -0.00179913 0.0478427
0.765625 0.998201 -0.00179913 0.0478427
0.78125 0.998511 -0.00148878 0.0453354
0.78125 0.998511 -0.00148878 0.0453354
0.796875 0.998881 -0.00111869 0.0427726
0.796875 0.998881 -0.00111869 0.0427726
0.8125 0.999328 -0.000671563 0.0401783
0.8125 0.999328 -0.000671563 0.0401783
0.828125 0.999874 -0.000126456 0.0375803
0.828125 0.999874 -0.000126456 0.0375803
0.84375 1.00054 0.000541248 0.0350105
0.84375 1.00054 0.000541248 0.0350105
0.859375 1.00136 0.00135959 0.0325048
0.859375 1.00136 0.00135959 0.0325048
0.875 1.00236 0.00235947 0.030102
0.875 1.00236 0.00235947 0.030102
0.890625 1.00357 0.00357377 0.0278439
0.890625 1.00357 0.00357377 0.0278439
0.90625 1.00504 0.00503609 0.025773
0.90625 1.00504 0.00503609 0.025773
0.921875 1.00678 0.00677923 0.0239319
0.921875 1.00678 0.00677923 0.0239319
0.9375 1.00883 0.00883343 0.0223611
0.9375 1.00883 0.00883343 0.0223611
0.953125 1.01122 0.0112246 0.0210971
0.953125 1.01122 0.0112246 0.0210971
0.96875 1.01397 0.0139731 0.0201706
0.96875 1.01397 0.0139731 0.0201706
0.984375 1.0171 0.0170966 0.0196049
0.984375 1.0171 0.0170966 0.0196049
1 1 0 0.0194147
