# x y topography analytical topography
0 1 0 0.0335474
0.015625 1.03781 0.0378124 0.0336192
0.015625 1.03781 0.0378124 0.0336192
0.03125 1.04163 0.0416328 0.0338338
0.03125 1.04163 0.0416328 0.0338338
0.046875 1.04546 0.0454564 0.0341889
0.046875 1.04546 0.0454564 0.0341889
0.0625 1.04923 0.0492282 0.0346802
0.0625 1.04923 0.0492282 0.0346802
0.078125 1.05289 0.0528862 0.0353022
0.078125 1.05289 0.0528862 0.0353022
0.09375 1.05637 0.0563689 0.0360478
0.09375 1.05637 0.0563689 0.0360478
0.109375 1.05962 0.0596167 0.0369086
0.109375 1.05962 0.0596167 0.0369086
0.125 1.06257 0.0625724 0.0378751
0.125 1.06257 0.0625724 0.0378751
0.140625 1.06518 0.065182 0.0389366
0.140625 1.06518 0.065182 0.0389366
0.15625 1.0674 0.067395 0.0400815
0.15625 1.0674 0.067395 0.0400815
0.171875 1.06917 0.0691657 0.0412975
0.171875 1.06917 0.0691657 0.0412975
0.1875 1.07045 0.0704529 0.0425717
0.1875 1.07045 0.0704529 0.0425717
0.203125 1.07122 0.071221 0.0438908
0.203125 1.07122 0.071221 0.0438908
0.21875 1.07144 0.0714402 0.0452413
0.21875 1.07144 0.0714402 0.0452413
0.234375 1.07109 0.0710871 0.0466096
0.234375 1.07109 0.0710871 0.0466096
0.25 1.07014 0.0701445 0.0479821
0.25 1.07014 0.0701445 0.0479821
0.265625 1.0686 0.0686022 0.0493456
0.265625 1.0686 0.0686022 0.0493456
0.28125 1.06646 0.0664569 0.0506871
0.28125 1.06646 0.0664569 0.0506871
0.296875 1.06371 0.0637122 0.0519941
0.296875 1.06371 0.0637122 0.0519941
0.3125 1.06038 0.0603787 0.0532546
0.3125 1.06038 0.0603787 0.0532546
0.328125 1.05647 0.0564739 0.0544573
0.328125 1.05647 0.0564739 0.0544573
0.34375 1.05202 0.0520223 0.0555918
0.34375 1.05202 0.0520223 0.0555918
0.359375 1.04705 0.0470545 0.0566483
0.359375 1.04705 0.0470545 0.0566483
0.375 1.04161 0.0416076 0.0576178
0.375 1.04161 0.0416076 0.0576178
0.390625 1.03572 0.0357245 0.0584924
0.390625 1.03572 0.0357245 0.0584924
0.40625 1.02945 0.0294534 0.0592648
0.40625 1.02945 0.0294534 0.0592648
0.421875 1.02285 0.0228476 0.059929
0.421875 1.02285 0.0228476 0.059929
0.4375 1.01596 0.0159645 0.0604796
0.4375 1.01596 0.0159645 0.0604796
0.453125 1.00887 0.00886575 0.0609122
0.453125 1.00887 0.00886575 0.0609122
0.46875 1.00162 0.0016158 0.0612237
0.46875 1.00162 0.0016158 0.0612237
0.484375 0.994282 -0.00571815 0.0614116
0.484375 0.994282 -0.00571815 0.0614116
0.5 0.986933 -0.013067 0.0614743
0.5 0.986933 -0.013067 0.0614743
0.515625 0.986991 -0.0130093 0.0614116
0.515625 0.986991 -0.0130093 0.0614116
0.53125 0.987104 -0.0128961 0.0612237
0.53125 0.987104 -0.0128961 0.0612237
0.546875 0.987273 -0.012727 0.0609122
0.546875 0.987273 -0.012727 0.0609122
0.5625 0.987499 -0.0125009 0.0604796
0.5625 0.987499 -0.0125009 0.0604796
0.578125 0.987784 -0.012216 0.059929
0.578125 0.987784 -0.012216 0.059929
0.59375 0.98813 -0.0118702 0.0592648
0.59375 0.98813 -0.0118702 0.0592648
0.609375 0.988539 -0.0114607 0.0584924
0.609375 0.988539 -0.0114607 0.0584924
0.625 0.989016 -0.0109843 0.0576178
0.625 0.989016 -0.0109843 0.0576178
0.640625 0.989563 -0.0104373 0.0566483
0.640625 0.989563 -0.0104373 0.0566483
0.65625 0.990185 -0.00981518 0.0555918
0.65625 0.990185 -0.00981518 0.0555918
0.671875 0.990887 -0.0091133 0.0544573
0.671875 0.990887 -0.0091133 0.0544573
0.6875 0.991674 -0.00832639 0.0532546
0.6875 0.991674 -0.00832639 0.0532546
0.703125 0.992551 -0.0074488 0.0519941
0.703125 0.992551 -0.0074488 0.0519941
0.71875 0.993525 -0.00647452 0.0506871
0.71875 0.993525 -0.00647452 0.0506871
0.734375 0.994603 -0.00539724 0.0493456
0.734375 0.994603 -0.00539724 0.0493456
0.75 0.99579 -0.00421043 0.0479821
0.75 0.99579 -0.00421043 0.0479821
0.765625 0.997093 -0.00290746 0.0466096
0.765625 0.997093 -0.00290746 0.0466096
0.78125 0.998518 -0.00148164 0.0452413
0.78125 0.998518 -0.00148164 0.0452413
0.796875 1.00007 7.35978e-05 0.0438908
0.796875 1.00007 7.35978e-05 0.0438908
0.8125 1.00176 0.00176463 0.0425717
0.8125 1.00176 0.00176463 0.0425717
0.828125 1.0036 0.00359745 0.0412975
0.828125 1.0036 0.00359745 0.0412975
0.84375 1.00558 0.00557757 0.0400815
0.84375 1.00558 0.00557757 0.0400815
0.859375 1.00771 0.00770987 0.0389366
0.859375 1.00771 0.00770987 0.0389366
0.875 1.01 0.00999842 0.0378751
0.875 1.01 0.00999842 0.0378751
0.890625 1.01245 0.0124464 0.0369086
0.890625 1.01245 0.0124464 0.0369086
0.90625 1.01506 0.0150557 0.0360478
0.90625 1.01506 0.0150557 0.0360478
0.921875 1.01783 0.0178274 0.0353022
0.921875 1.01783 0.0178274 0.0353022
0.9375 1.02076 0.020761 0.0346802
0.9375 1.02076 0.020761 0.0346802
0.953125 1.02385 0.0238544 0.0341889
0.953125 1.02385 0.0238544 0.0341889
0.96875 1.0271 0.0271046 0.0338338
0.96875 1.0271 0.0271046 0.0338338
0.984375 1.03051 0.0305086 0.0336192
0.984375 1.03051 0.0305086 0.0336192
1 1 0 0.0335474
