# x y topography analytical topography
0 1 0 0.0355751
0.015625 1.03973 0.0397319 0.0356356
0.015625 1.03973 0.0397319 0.0356356
0.03125 1.04353 0.0435343 0.0358165
0.03125 1.04353 0.0435343 0.0358165
0.046875 1.04732 0.0473197 0.0361157
0.046875 1.04732 0.0473197 0.0361157
0.0625 1.05103 0.0510323 0.0365301
0.0625 1.05103 0.0510323 0.0365301
0.078125 1.05461 0.0546109 0.0370552
0.078125 1.05461 0.0546109 0.0370552
0.09375 1.058 0.0579953 0.0376853
0.09375 1.058 0.0579953 0.0376853
0.109375 1.06113 0.0611272 0.0384137
0.109375 1.06113 0.0611272 0.0384137
0.125 1.06395 0.0639511 0.0392328
0.125 1.06395 0.0639511 0.0392328
0.140625 1.06641 0.0664148 0.0401338
0.140625 1.06641 0.0664148 0.0401338
0.15625 1.06847 0.0684701 0.0411074
0.15625 1.06847 0.0684701 0.0411074
0.171875 1.07007 0.0700731 0.0421434
0.171875 1.07007 0.0700731 0.0421434
0.1875 1.07118 0.071185 0.0432313
0.1875 1.07118 0.071185 0.0432313
0.203125 1.07177 0.0717723 0.04436
0.203125 1.07177 0.0717723 0.04436
0.21875 1.07181 0.0718075 0.0455181
0.21875 1.07181 0.0718075 0.0455181
0.234375 1.07127 0.0712691 0.0466943
0.234375 1.07127 0.0712691 0.0466943
0.25 1.07014 0.0701421 0.0478768
0.25 1.07014 0.0701421 0.0478768
0.265625 1.06842 0.0684183 0.0490544
0.265625 1.06842 0.0684183 0.0490544
0.28125 1.0661 0.066096 0.0502157
0.28125 1.0661 0.066096 0.0502157
0.296875 1.06318 0.0631805 0.0513497
0.296875 1.06318 0.0631805 0.0513497
0.3125 1.05968 0.0596839 0.052446
0.3125 1.05968 0.0596839 0.052446
0.328125 1.05563 0.0556251 0.0534944
0.328125 1.05563 0.0556251 0.0534944
0.34375 1.05103 0.0510294 0.0544853
0.34375 1.05103 0.0510294 0.0544853
0.359375 1.04593 0.0459287 0.05541
0.359375 1.04593 0.0459287 0.05541
0.375 1.04036 0.0403607 0.0562602
0.375 1.04036 0.0403607 0.0562602
0.390625 1.03437 0.034369 0.0570284
0.390625 1.03437 0.034369 0.0570284
0.40625 1.028 0.0280025 0.0577079
0.40625 1.028 0.0280025 0.0577079
0.421875 1.02131 0.0213146 0.058293
0.421875 1.02131 0.0213146 0.058293
0.4375 1.01436 0.0143635 0.0587785
0.4375 1.01436 0.0143635 0.0587785
0.453125 1.00721 0.00721069 0.0591605
0.453125 1.00721 0.00721069 0.0591605
0.46875 0.999921 -7.90088e-05 0.0594357
0.46875 0.999921 -7.90088e-05 0.0594357
0.484375 0.992562 -0.0074383 0.0596017
0.484375 0.992562 -0.0074383 0.0596017
0.5 0.985202 -0.0147981 0.0596572
0.5 0.985202 -0.0147981 0.0596572
0.515625 0.985263 -0.0147367 0.0596017
0.515625 0.985263 -0.0147367 0.0596017
0.53125 0.985395 -0.0146054 0.0594357
0.53125 0.985395 -0.0146054 0.0594357
0.546875 0.985596 -0.0144037 0.0591605
0.546875 0.985596 -0.0144037 0.0591605
0.5625 0.985869 -0.0141307 0.0587785
0.5625 0.985869 -0.0141307 0.0587785
0.578125 0.986215 -0.0137847 0.058293
0.578125 0.986215 -0.0137847 0.058293
0.59375 0.986636 -0.0133638 0.0577079
0.59375 0.986636 -0.0133638 0.0577079
0.609375 0.987134 -0.0128656 0.0570284
0.609375 0.987134 -0.0128656 0.0570284
0.625 0.987713 -0.0122871 0.0562602
0.625 0.987713 -0.0122871 0.0562602
0.640625 0.988375 -0.0116251 0.05541
0.640625 0.988375 -0.0116251 0.05541
0.65625 0.989124 -0.0108759 0.0544853
0.65625 0.989124 -0.0108759 0.0544853
0.671875 0.989965 -0.0100354 0.0534944
0.671875 0.989965 -0.0100354 0.0534944
0.6875 0.990901 -0.00909932 0.052446
0.6875 0.990901 -0.00909932 0.052446
0.703125 0.991937 -0.00806297 0.0513497
0.703125 0.991937 -0.00806297 0.0513497
0.71875 0.993078 -0.00692158 0.0502157
0.71875 0.993078 -0.00692158 0.0502157
0.734375 0.99433 -0.00567023 0.0490544
0.734375 0.99433 -0.00567023 0.0490544
0.75 0.995696 -0.00430395 0.0478768
0.75 0.995696 -0.00430395 0.0478768
0.765625 0.997182 -0.00281779 0.0466943
0.765625 0.997182 -0.00281779 0.0466943
0.78125 0.998793 -0.00120693 0.0455181
0.78125 0.998793 -0.00120693 0.0455181
0.796875 1.00053 0.000533225 0.04436
0.796875 1.00053 0.000533225 0.04436
0.8125 1.00241 0.00240695 0.0432313
0.8125 1.00241 0.00240695 0.0432313
0.828125 1.00442 0.0044181 0.0421434
0.828125 1.00442 0.0044181 0.0421434
0.84375 1.00657 0.00656998 0.0411074
0.84375 1.00657 0.00656998 0.0411074
0.859375 1.00887 0.00886526 0.0401338
0.859375 1.00887 0.00886526 0.0401338
0.875 1.01131 0.0113059 0.0392328
0.875 1.01131 0.0113059 0.0392328
0.890625 1.01389 0.0138928 0.0384137
0.890625 1.01389 0.0138928 0.0384137
0.90625 1.01663 0.0166263 0.0376853
0.90625 1.01663 0.0166263 0.0376853
0.921875 1.01951 0.0195053 0.0370552
0.921875 1.01951 0.0195053 0.0370552
0.9375 1.02253 0.0225279 0.0365301
0.9375 1.02253 0.0225279 0.0365301
0.953125 1.02569 0.0256907 0.0361157
0.953125 1.02569 0.0256907 0.0361157
0.96875 1.02899 0.0289896 0.0358165
0.96875 1.02899 0.0289896 0.0358165
0.984375 1.03242 0.0324205 0.0356356
0.984375 1.03242 0.0324205 0.0356356
1 1 0 0.0355751
