# x y topography analytical topography
0 1 0 0.0298255
0.015625 1.03428 0.0342758 0.0299203
0.015625 1.03428 0.0342758 0.0299203
0.03125 1.03813 0.0381327 0.0302036
0.03125 1.03813 0.0381327 0.0302036
0.046875 1.04203 0.0420339 0.0306714
0.046875 1.04203 0.0420339 0.0306714
0.0625 1.04593 0.0459255 0.0313177
0.0625 1.04593 0.0459255 0.0313177
0.078125 1.04974 0.0497434 0.0321341
0.078125 1.04974 0.0497434 0.0321341
0.09375 1.05342 0.0534233 0.0331098
0.09375 1.05342 0.0534233 0.0331098
0.109375 1.0569 0.056902 0.0342325
0.109375 1.0569 0.056902 0.0342325
0.125 1.06012 0.0601181 0.0354881
0.125 1.06012 0.0601181 0.0354881
0.140625 1.06301 0.0630132 0.0368611
0.140625 1.06301 0.0630132 0.0368611
0.15625 1.06553 0.0655322 0.038335
0.15625 1.06553 0.0655322 0.038335
0.171875 1.06762 0.0676242 0.0398924
0.171875 1.06762 0.0676242 0.0398924
0.1875 1.06924 0.0692435 0.0415156
0.1875 1.06924 0.0692435 0.0415156
0.203125 1.07035 0.0703496 0.0431866
0.203125 1.07035 0.0703496 0.0431866
0.21875 1.07091 0.0709083 0.0448874
0.21875 1.07091 0.0709083 0.0448874
0.234375 1.07089 0.0708916 0.0466002
0.234375 1.07089 0.0708916 0.0466002
0.25 1.07028 0.0702788 0.048308
0.25 1.07028 0.0702788 0.048308
0.265625 1.06906 0.0690562 0.0499942
0.265625 1.06906 0.0690562 0.0499942
0.28125 1.06722 0.0672173 0.0516432
0.28125 1.06722 0.0672173 0.0516432
0.296875 1.06476 0.0647634 0.0532402
0.296875 1.06476 0.0647634 0.0532402
0.3125 1.0617 0.061703 0.0547716
0.3125 1.0617 0.061703 0.0547716
0.328125 1.05805 0.0580521 0.0562247
0.328125 1.05805 0.0580521 0.0562247
0.34375 1.05383 0.0538337 0.057588
0.34375 1.05383 0.0538337 0.057588
0.359375 1.04908 0.0490778 0.0588512
0.359375 1.04908 0.0490778 0.0588512
0.375 1.04382 0.0438209 0.0600051
0.375 1.04382 0.0438209 0.0600051
0.390625 1.03811 0.0381056 0.0610415
0.390625 1.03811 0.0381056 0.0610415
0.40625 1.03198 0.0319801 0.0619534
0.40625 1.03198 0.0319801 0.0619534
0.421875 1.0255 0.0254978 0.0627349
0.421875 1.0255 0.0254978 0.0627349
0.4375 1.01872 0.0187163 0.063381
0.4375 1.01872 0.0187163 0.063381
0.453125 1.0117 0.0116973 0.0638875
0.453125 1.0117 0.0116973 0.0638875
0.46875 1.00451 0.00450563 0.0642515
0.46875 1.00451 0.00450563 0.0642515
0.484375 0.997209 -0.00279132 0.0644708
0.484375 0.997209 -0.00279132 0.0644708
0.5 0.989876 -0.0101244 0.064544
0.5 0.989876 -0.0101244 0.064544
0.515625 0.989928 -0.0100719 0.0644708
0.515625 0.989928 -0.0100719 0.0644708
0.53125 0.990015 -0.00998515 0.0642515
0.53125 0.990015 -0.00998515 0.0642515
0.546875 0.990136 -0.00986369 0.0638875
0.546875 0.990136 -0.00986369 0.0638875
0.5625 0.990293 -0.00970656 0.063381
0.5625 0.990293 -0.00970656 0.063381
0.578125 0.990488 -0.00951232 0.0627349
0.578125 0.990488 -0.00951232 0.0627349
0.59375 0.990721 -0.00927901 0.0619534
0.59375 0.990721 -0.00927901 0.0619534
0.609375 0.990996 -0.0090041 0.0610415
0.609375 0.990996 -0.0090041 0.0610415
0.625 0.991316 -0.00868445 0.0600051
0.625 0.991316 -0.00868445 0.0600051
0.640625 0.991684 -0.00831631 0.0588512
0.640625 0.991684 -0.00831631 0.0588512
0.65625 0.992105 -0.00789521 0.057588
0.65625 0.992105 -0.00789521 0.057588
0.671875 0.992584 -0.00741598 0.0562247
0.671875 0.992584 -0.00741598 0.0562247
0.6875 0.993127 -0.00687272 0.0547716
0.6875 0.993127 -0.00687272 0.0547716
0.703125 0.993741 -0.00625875 0.0532402
0.703125 0.993741 -0.00625875 0.0532402
0.71875 0.994433 -0.00556667 0.0516432
0.71875 0.994433 -0.00556667 0.0516432
0.734375 0.995212 -0.00478833 0.0499942
0.734375 0.995212 -0.00478833 0.0499942
0.75 0.996085 -0.00391493 0.048308
0.75 0.996085 -0.00391493 0.048308
0.765625 0.997063 -0.00293706 0.0466002
0.765625 0.997063 -0.00293706 0.0466002
0.78125 0.998155 -0.00184485 0.0448874
0.78125 0.998155 -0.00184485 0.0448874
0.796875 0.999372 -0.000628062 0.0431866
0.796875 0.999372 -0.000628062 0.0431866
0.8125 1.00072 0.00072373 0.0415156
0.8125 1.00072 0.00072373 0.0415156
0.828125 1.00222 0.00222093 0.0398924
0.828125 1.00222 0.00222093 0.0398924
0.84375 1.00387 0.00387369 0.038335
0.84375 1.00387 0.00387369 0.038335
0.859375 1.00569 0.00569171 0.0368611
0.859375 1.00569 0.00569171 0.0368611
0.875 1.00768 0.00768395 0.0354881
0.875 1.00768 0.00768395 0.0354881
0.890625 1.00986 0.00985834 0.0342325
0.890625 1.00986 0.00985834 0.0342325
0.90625 1.01222 0.0122216 0.0331098
0.90625 1.01222 0.0122216 0.0331098
0.921875 1.01478 0.0147788 0.0321341
0.921875 1.01478 0.0147788 0.0321341
0.9375 1.01753 0.0175333 0.0313177
0.9375 1.01753 0.0175333 0.0313177
0.953125 1.02049 0.0204867 0.0306714
0.953125 1.02049 0.0204867 0.0306714
0.96875 1.02364 0.0236381 0.0302036
0.96875 1.02364 0.0236381 0.0302036
0.984375 1.02699 0.0269875 0.0299203
0.984375 1.02699 0.0269875 0.0299203
1 1 0 0.0298255
