# x y topography analytical topography
0 1 0 0.0315604
0.015625 1.03593 0.0359263 0.0316441
0.015625 1.03593 0.0359263 0.0316441
0.03125 1.03977 0.0397655 0.0318941
0.03125 1.03977 0.0397655 0.0318941
0.046875 1.04363 0.0436291 0.0323074
0.046875 1.04363 0.0436291 0.0323074
0.0625 1.04746 0.0474628 0.0328789
0.0625 1.04746 0.0474628 0.0328789
0.078125 1.0512 0.0512035 0.0336015
0.078125 1.0512 0.0512035 0.0336015
0.09375 1.05479 0.0547884 0.0344666
0.09375 1.05479 0.0547884 0.0344666
0.109375 1.05816 0.0581561 0.0354638
0.109375 1.05816 0.0581561 0.0354638
0.125 1.06125 0.0612474 0.0365812
0.125 1.06125 0.0612474 0.0365812
0.140625 1.06401 0.0640061 0.0378059
0.140625 1.06401 0.0640061 0.0378059
0.15625 1.06638 0.0663795 0.0391238
0.15625 1.06638 0.0663795 0.0391238
0.171875 1.06832 0.0683194 0.0405201
0.171875 1.06832 0.0683194 0.0405201
0.1875 1.06978 0.0697821 0.0419795
0.1875 1.06978 0.0697821 0.0419795
0.203125 1.07073 0.0707297 0.0434862
0.203125 1.07073 0.0707297 0.0434862
0.21875 1.07113 0.07113 0.0450244
0.21875 1.07113 0.07113 0.0450244
0.234375 1.07096 0.0709574 0.0465783
0.234375 1.07096 0.0709574 0.0465783
0.25 1.07019 0.0701926 0.0481324
0.25 1.07019 0.0701926 0.0481324
0.265625 1.06882 0.0688237 0.0496718
0.265625 1.06882 0.0688237 0.0496718
0.28125 1.06685 0.0668455 0.0511818
0.28125 1.06685 0.0668455 0.0511818
0.296875 1.06426 0.0642604 0.0526486
0.296875 1.06426 0.0642604 0.0526486
0.3125 1.06108 0.0610776 0.0540593
0.3125 1.06108 0.0610776 0.0540593
0.328125 1.05731 0.0573138 0.0554017
0.328125 1.05731 0.0573138 0.0554017
0.34375 1.05299 0.0529923 0.0566646
0.34375 1.05299 0.0529923 0.0566646
0.359375 1.04814 0.0481435 0.0578377
0.359375 1.04814 0.0481435 0.0578377
0.375 1.0428 0.0428039 0.0589118
0.375 1.0428 0.0428039 0.0589118
0.390625 1.03702 0.037016 0.0598786
0.390625 1.03702 0.037016 0.0598786
0.40625 1.03083 0.0308279 0.0607309
0.40625 1.03083 0.0308279 0.0607309
0.421875 1.02429 0.0242927 0.0614626
0.421875 1.02429 0.0242927 0.0614626
0.4375 1.01747 0.017468 0.0620682
0.4375 1.01747 0.017468 0.0620682
0.453125 1.01042 0.0104152 0.0625436
0.453125 1.01042 0.0104152 0.0625436
0.46875 1.0032 0.00319896 0.0628856
0.46875 1.0032 0.00319896 0.0628856
0.484375 0.995886 -0.00411357 0.0630917
0.484375 0.995886 -0.00411357 0.0630917
0.5 0.988547 -0.0114533 0.0631605
0.5 0.988547 -0.0114533 0.0631605
0.515625 0.988601 -0.0113986 0.0630917
0.515625 0.988601 -0.0113986 0.0630917
0.53125 0.988699 -0.0113007 0.0628856
0.53125 0.988699 -0.0113007 0.0628856
0.546875 0.988841 -0.0111592 0.0625436
0.546875 0.988841 -0.0111592 0.0625436
0.5625 0.989027 -0.0109728 0.0620682
0.5625 0.989027 -0.0109728 0.0620682
0.578125 0.98926 -0.0107401 0.0614626
0.578125 0.98926 -0.0107401 0.0614626
0.59375 0.989541 -0.0104588 0.0607309
0.59375 0.989541 -0.0104588 0.0607309
0.609375 0.989874 -0.0101263 0.0598786
0.609375 0.989874 -0.0101263 0.0598786
0.625 0.990261 -0.00973901 0.0589118
0.625 0.990261 -0.00973901 0.0589118
0.640625 0.990707 -0.0092932 0.0578377
0.640625 0.990707 -0.0092932 0.0578377
0.65625 0.991216 -0.00878427 0.0566646
0.65625 0.991216 -0.00878427 0.0566646
0.671875 0.991793 -0.00820705 0.0554017
0.671875 0.991793 -0.00820705 0.0554017
0.6875 0.992444 -0.00755578 0.0540593
0.6875 0.992444 -0.00755578 0.0540593
0.703125 0.993176 -0.0068241 0.0526486
0.703125 0.993176 -0.0068241 0.0526486
0.71875 0.993995 -0.00600509 0.0511818
0.71875 0.993995 -0.00600509 0.0511818
0.734375 0.994909 -0.00509133 0.0496718
0.734375 0.994909 -0.00509133 0.0496718
0.75 0.995925 -0.00407498 0.0481324
0.75 0.995925 -0.00407498 0.0481324
0.765625 0.997052 -0.00294783 0.0465783
0.765625 0.997052 -0.00294783 0.0465783
0.78125 0.998299 -0.00170143 0.0450244
0.78125 0.998299 -0.00170143 0.0450244
0.796875 0.999673 -0.000327259 0.0434862
0.796875 0.999673 -0.000327259 0.0434862
0.8125 1.00118 0.00118319 0.0419795
0.8125 1.00118 0.00118319 0.0419795
0.828125 1.00284 0.00283821 0.0405201
0.828125 1.00284 0.00283821 0.0405201
0.84375 1.00465 0.00464567 0.0391238
0.84375 1.00465 0.00464567 0.0391238
0.859375 1.00661 0.00661289 0.0378059
0.859375 1.00661 0.00661289 0.0378059
0.875 1.00875 0.00874637 0.0365812
0.875 1.00875 0.00874637 0.0365812
0.890625 1.01105 0.0110516 0.0354638
0.890625 1.01105 0.0110516 0.0354638
0.90625 1.01353 0.013533 0.0344666
0.90625 1.01353 0.013533 0.0344666
0.921875 1.01619 0.0161935 0.0336015
0.921875 1.01619 0.0161935 0.0336015
0.9375 1.01903 0.0190344 0.0328789
0.9375 1.01903 0.0190344 0.0328789
0.953125 1.02206 0.0220554 0.0323074
0.953125 1.02206 0.0220554 0.0323074
0.96875 1.02525 0.0252547 0.0318941
0.96875 1.02525 0.0252547 0.0318941
0.984375 1.02863 0.0286305 0.0316441
0.984375 1.02863 0.0286305 0.0316441
1 1 0 0.0315604
