# x y topography analytical topography
0 1 0 0.0349373
0.015625 1.03913 0.0391288 0.0350013
0.015625 1.03913 0.0391288 0.0350013
0.03125 1.04294 0.0429368 0.0351926
0.03125 1.04294 0.0429368 0.0351926
0.046875 1.04673 0.046734 0.035509
0.046875 1.04673 0.046734 0.035509
0.0625 1.05046 0.0504648 0.0359472
0.0625 1.05046 0.0504648 0.0359472
0.078125 1.05407 0.0540679 0.0365022
0.078125 1.05407 0.0540679 0.0365022
0.09375 1.05748 0.0574827 0.037168
0.09375 1.05748 0.0574827 0.037168
0.109375 1.06065 0.0606504 0.0379375
0.109375 1.06065 0.0606504 0.0379375
0.125 1.06352 0.0635151 0.0388023
0.125 1.06352 0.0635151 0.0388023
0.140625 1.06602 0.0660241 0.0397532
0.140625 1.06602 0.0660241 0.0397532
0.15625 1.06813 0.0681284 0.0407801
0.15625 1.06813 0.0681284 0.0407801
0.171875 1.06978 0.0697837 0.0418723
0.171875 1.06978 0.0697837 0.0418723
0.1875 1.07095 0.0709503 0.0430186
0.1875 1.07095 0.0709503 0.0430186
0.203125 1.07159 0.0715942 0.044207
0.203125 1.07159 0.0715942 0.044207
0.21875 1.07169 0.0716872 0.0454257
0.21875 1.07169 0.0716872 0.0454257
0.234375 1.07121 0.0712071 0.0466625
0.234375 1.07121 0.0712071 0.0466625
0.25 1.07014 0.0701384 0.0479053
0.25 1.07014 0.0701384 0.0479053
0.265625 1.06847 0.0684721 0.0491419
0.265625 1.06847 0.0684721 0.0491419
0.28125 1.06621 0.066206 0.0503606
0.28125 1.06621 0.066206 0.0503606
0.296875 1.06334 0.063345 0.05155
0.296875 1.06334 0.063345 0.05155
0.3125 1.0599 0.0599005 0.052699
0.3125 1.0599 0.0599005 0.052699
0.328125 1.05589 0.0558911 0.053797
0.328125 1.05589 0.0558911 0.053797
0.34375 1.05134 0.0513418 0.0548344
0.34375 1.05134 0.0513418 0.0548344
0.359375 1.04628 0.046284 0.0558017
0.359375 1.04628 0.046284 0.0558017
0.375 1.04076 0.0407552 0.0566907
0.375 1.04076 0.0407552 0.0566907
0.390625 1.0348 0.0347988 0.0574935
0.390625 1.0348 0.0347988 0.0574935
0.40625 1.02846 0.0284633 0.0582034
0.40625 1.02846 0.0284633 0.0582034
0.421875 1.0218 0.0218022 0.0588144
0.421875 1.0218 0.0218022 0.0588144
0.4375 1.01487 0.0148733 0.0593213
0.4375 1.01487 0.0148733 0.0593213
0.453125 1.00774 0.00773818 0.0597199
0.453125 1.00774 0.00773818 0.0597199
0.46875 1.00046 0.000461509 0.060007
0.46875 1.00046 0.000461509 0.060007
0.484375 0.993111 -0.00688947 0.0601802
0.484375 0.993111 -0.00688947 0.0601802
0.5 0.985754 -0.0142457 0.0602381
0.5 0.985754 -0.0142457 0.0602381
0.515625 0.985815 -0.0141855 0.0601802
0.515625 0.985815 -0.0141855 0.0601802
0.53125 0.98594 -0.0140601 0.060007
0.53125 0.98594 -0.0140601 0.060007
0.546875 0.986131 -0.0138691 0.0597199
0.546875 0.986131 -0.0138691 0.0597199
0.5625 0.986389 -0.0136114 0.0593213
0.5625 0.986389 -0.0136114 0.0593213
0.578125 0.986715 -0.0132854 0.0588144
0.578125 0.986715 -0.0132854 0.0588144
0.59375 0.987111 -0.0128891 0.0582034
0.59375 0.987111 -0.0128891 0.0582034
0.609375 0.98758 -0.0124198 0.0574935
0.609375 0.98758 -0.0124198 0.0574935
0.625 0.988126 -0.0118745 0.0566907
0.625 0.988126 -0.0118745 0.0566907
0.640625 0.98875 -0.0112498 0.0558017
0.640625 0.98875 -0.0112498 0.0558017
0.65625 0.989458 -0.0105416 0.0548344
0.65625 0.989458 -0.0105416 0.0548344
0.671875 0.990254 -0.00974583 0.053797
0.671875 0.990254 -0.00974583 0.053797
0.6875 0.991142 -0.00885766 0.052699
0.6875 0.991142 -0.00885766 0.052699
0.703125 0.992128 -0.00787216 0.05155
0.703125 0.992128 -0.00787216 0.05155
0.71875 0.993216 -0.00678413 0.0503606
0.71875 0.993216 -0.00678413 0.0503606
0.734375 0.994412 -0.00558818 0.0491419
0.734375 0.994412 -0.00558818 0.0491419
0.75 0.995721 -0.00427884 0.0479053
0.75 0.995721 -0.00427884 0.0479053
0.765625 0.997149 -0.00285062 0.0466625
0.765625 0.997149 -0.00285062 0.0466625
0.78125 0.998702 -0.00129811 0.0454257
0.78125 0.998702 -0.00129811 0.0454257
0.796875 1.00038 0.000383907 0.044207
0.796875 1.00038 0.000383907 0.044207
0.8125 1.0022 0.00220035 0.0430186
0.8125 1.0022 0.00220035 0.0430186
0.828125 1.00416 0.00415574 0.0418723
0.828125 1.00416 0.00415574 0.0418723
0.84375 1.00625 0.00625405 0.0407801
0.84375 1.00625 0.00625405 0.0407801
0.859375 1.0085 0.0084986 0.0397532
0.859375 1.0085 0.0084986 0.0397532
0.875 1.01089 0.010892 0.0388023
0.875 1.01089 0.010892 0.0388023
0.890625 1.01344 0.0134358 0.0379375
0.890625 1.01344 0.0134358 0.0379375
0.90625 1.01613 0.0161309 0.037168
0.90625 1.01613 0.0161309 0.037168
0.921875 1.01898 0.0189768 0.0365022
0.921875 1.01898 0.0189768 0.0365022
0.9375 1.02197 0.0219718 0.0359472
0.9375 1.02197 0.0219718 0.0359472
0.953125 1.02511 0.0251133 0.035509
0.953125 1.02511 0.0251133 0.035509
0.96875 1.0284 0.0283972 0.0351926
0.96875 1.0284 0.0283972 0.0351926
0.984375 1.03182 0.0318198 0.0350013
0.984375 1.03182 0.0318198 0.0350013
1 1 0 0.0349373
