# x y topography analytical topography
0 1 0 0.010196
0.015625 1.01546 0.0154587 0.0105998
0.015625 1.01546 0.0154587 0.0105998
0.03125 1.0198 0.0198038 0.0117775
0.03125 1.0198 0.0198038 0.0117775
0.046875 1.0247 0.0247026 0.0136355
0.046875 1.0247 0.0247026 0.0136355
0.0625 1.03004 0.0300391 0.0160406
0.0625 1.03004 0.0300391 0.0160406
0.078125 1.03562 0.0356247 0.0188447
0.078125 1.03562 0.0356247 0.0188447
0.09375 1.04126 0.0412617 0.0219085
0.09375 1.04126 0.0412617 0.0219085
0.109375 1.04677 0.0467675 0.0251157
0.109375 1.04677 0.0467675 0.0251157
0.125 1.05199 0.0519874 0.0283788
0.125 1.05199 0.0519874 0.0283788
0.140625 1.0568 0.0567987 0.0316372
0.140625 1.0568 0.0567987 0.0316372
0.15625 1.06111 0.0611082 0.0348516
0.15625 1.06111 0.0611082 0.0348516
0.171875 1.06485 0.0648469 0.0379971
0.171875 1.06485 0.0648469 0.0379971
0.1875 1.06796 0.0679639 0.0410575
0.1875 1.06796 0.0679639 0.0410575
0.203125 1.07042 0.070422 0.0440215
0.203125 1.07042 0.070422 0.0440215
0.21875 1.07219 0.0721942 0.0468805
0.21875 1.07219 0.0721942 0.0468805
0.234375 1.07326 0.073262 0.0496268
0.234375 1.07326 0.073262 0.0496268
0.25 1.07361 0.0736146 0.0522537
0.25 1.07361 0.0736146 0.0522537
0.265625 1.07325 0.0732482 0.0547547
0.265625 1.07325 0.0732482 0.0547547
0.28125 1.07217 0.0721664 0.0571238
0.28125 1.07217 0.0721664 0.0571238
0.296875 1.07038 0.0703796 0.0593553
0.296875 1.07038 0.0703796 0.0593553
0.3125 1.0679 0.0679049 0.0614438
0.3125 1.0679 0.0679049 0.0614438
0.328125 1.06477 0.0647663 0.0633843
0.328125 1.06477 0.0647663 0.0633843
0.34375 1.06099 0.0609939 0.0651721
0.34375 1.06099 0.0609939 0.0651721
0.359375 1.05662 0.0566243 0.0668029
0.359375 1.05662 0.0566243 0.0668029
0.375 1.0517 0.0516996 0.0682727
0.375 1.0517 0.0516996 0.0682727
0.390625 1.04627 0.0462674 0.0695781
0.390625 1.04627 0.0462674 0.0695781
0.40625 1.04038 0.0403802 0.0707158
0.40625 1.04038 0.0403802 0.0707158
0.421875 1.03409 0.0340947 0.0716832
0.421875 1.03409 0.0340947 0.0716832
0.4375 1.02747 0.0274718 0.0724779
0.4375 1.02747 0.0274718 0.0724779
0.453125 1.02058 0.0205755 0.073098
0.453125 1.02058 0.0205755 0.073098
0.46875 1.01347 0.0134723 0.073542
0.46875 1.01347 0.0134723 0.073542
0.484375 1.00623 0.00623109 0.0738088
0.484375 1.00623 0.00623109 0.0738088
0.5 0.998922 -0.00107826 0.0738978
0.5 0.998922 -0.00107826 0.0738978
0.515625 0.998966 -0.00103373 0.0738088
0.515625 0.998966 -0.00103373 0.0738088
0.53125 0.999013 -0.000986707 0.073542
0.53125 0.999013 -0.000986707 0.073542
0.546875 0.999063 -0.000937307 0.073098
0.546875 0.999063 -0.000937307 0.073098
0.5625 0.999114 -0.000885649 0.0724779
0.5625 0.999114 -0.000885649 0.0724779
0.578125 0.999168 -0.000831858 0.0716832
0.578125 0.999168 -0.000831858 0.0716832
0.59375 0.999224 -0.000776063 0.0707158
0.59375 0.999224 -0.000776063 0.0707158
0.609375 0.999282 -0.000718398 0.0695781
0.609375 0.999282 -0.000718398 0.0695781
0.625 0.999341 -0.000659002 0.0682727
0.625 0.999341 -0.000659002 0.0682727
0.640625 0.999402 -0.000598019 0.0668029
0.640625 0.999402 -0.000598019 0.0668029
0.65625 0.999464 -0.000535595 0.0651721
0.65625 0.999464 -0.000535595 0.0651721
0.671875 0.999528 -0.000471881 0.0633843
0.671875 0.999528 -0.000471881 0.0633843
0.6875 0.999593 -0.00040703 0.0614438
0.6875 0.999593 -0.00040703 0.0614438
0.703125 0.999659 -0.000341199 0.0593553
0.703125 0.999659 -0.000341199 0.0593553
0.71875 0.999725 -0.000274544 0.0571238
0.71875 0.999725 -0.000274544 0.0571238
0.734375 0.999793 -0.000207226 0.0547547
0.734375 0.999793 -0.000207226 0.0547547
0.75 0.999861 -0.000139399 0.0522537
0.75 0.999861 -0.000139399 0.0522537
0.765625 0.999929 -7.11964e-05 0.0496268
0.765625 0.999929 -7.11964e-05 0.0496268
0.78125 0.999997 -2.68953e-06 0.0468805
0.78125 0.999997 -2.68953e-06 0.0468805
0.796875 1.00007 6.62445e-05 0.0440215
0.796875 1.00007 6.62445e-05 0.0440215
0.8125 1.00014 0.000136242 0.0410575
0.8125 1.00014 0.000136242 0.0410575
0.828125 1.00021 0.000209182 0.0379971
0.828125 1.00021 0.000209182 0.0379971
0.84375 1.00029 0.000289677 0.0348516
0.84375 1.00029 0.000289677 0.0348516
0.859375 1.00039 0.000387767 0.0316372
0.859375 1.00039 0.000387767 0.0316372
0.875 1.00052 0.000523202 0.0283788
0.875 1.00052 0.000523202 0.0283788
0.890625 1.00073 0.000731269 0.0251157
0.890625 1.00073 0.000731269 0.0251157
0.90625 1.00107 0.00106918 0.0219085
0.90625 1.00107 0.00106918 0.0219085
0.921875 1.00162 0.0016209 0.0188447
0.921875 1.00162 0.0016209 0.0188447
0.9375 1.0025 0.00249716 0.0160406
0.9375 1.0025 0.00249716 0.0160406
0.953125 1.00383 0.00382791 0.0136355
0.953125 1.00383 0.00382791 0.0136355
0.96875 1.00575 0.00574662 0.0117775
0.96875 1.00575 0.00574662 0.0117775
0.984375 1.00838 0.00837803 0.0105998
0.984375 1.00838 0.00837803 0.0105998
1 1 0 0.010196
