# x y topography analytical topography
0 1 0 0.0133888
0.015625 1.01853 0.0185307 0.0136881
0.015625 1.01853 0.0185307 0.0136881
0.03125 1.02271 0.0227117 0.014571
0.03125 1.02271 0.0227117 0.014571
0.046875 1.02729 0.0272866 0.015994
0.046875 1.02729 0.0272866 0.015994
0.0625 1.03218 0.032181 0.017891
0.0625 1.03218 0.032181 0.017891
0.078125 1.03727 0.0372708 0.0201811
0.078125 1.03727 0.0372708 0.0201811
0.09375 1.04242 0.0424197 0.0227769
0.09375 1.04242 0.0424197 0.0227769
0.109375 1.04749 0.0474905 0.0255927
0.109375 1.04749 0.0474905 0.0255927
0.125 1.05235 0.0523527 0.0285506
0.125 1.05235 0.0523527 0.0285506
0.140625 1.05689 0.0568888 0.0315839
0.140625 1.05689 0.0568888 0.0315839
0.15625 1.061 0.0609971 0.0346383
0.15625 1.061 0.0609971 0.0346383
0.171875 1.06459 0.0645938 0.0376721
0.171875 1.06459 0.0645938 0.0376721
0.1875 1.06761 0.0676119 0.0406539
0.1875 1.06761 0.0676119 0.0406539
0.203125 1.07 0.07 0.0435604
0.203125 1.07 0.07 0.0435604
0.21875 1.07172 0.0717206 0.0463748
0.21875 1.07172 0.0717206 0.0463748
0.234375 1.07275 0.072748 0.0490843
0.234375 1.07275 0.072748 0.0490843
0.25 1.07307 0.0730668 0.0516791
0.25 1.07307 0.0730668 0.0516791
0.265625 1.07267 0.0726709 0.0541511
0.265625 1.07267 0.0726709 0.0541511
0.28125 1.07156 0.0715623 0.0564935
0.28125 1.07156 0.0715623 0.0564935
0.296875 1.06975 0.0697508 0.0587001
0.296875 1.06975 0.0697508 0.0587001
0.3125 1.06725 0.0672532 0.0607654
0.3125 1.06725 0.0672532 0.0607654
0.328125 1.06409 0.0640933 0.0626844
0.328125 1.06409 0.0640933 0.0626844
0.34375 1.0603 0.0603015 0.0644525
0.34375 1.0603 0.0603015 0.0644525
0.359375 1.05591 0.055914 0.0660652
0.359375 1.05591 0.055914 0.0660652
0.375 1.05097 0.0509732 0.0675189
0.375 1.05097 0.0509732 0.0675189
0.390625 1.04553 0.0455266 0.0688098
0.390625 1.04553 0.0455266 0.0688098
0.40625 1.03963 0.0396267 0.069935
0.40625 1.03963 0.0396267 0.069935
0.421875 1.03333 0.0333305 0.0708917
0.421875 1.03333 0.0333305 0.0708917
0.4375 1.0267 0.0266986 0.0716776
0.4375 1.0267 0.0266986 0.0716776
0.453125 1.0198 0.0197952 0.0722909
0.453125 1.0198 0.0197952 0.0722909
0.46875 1.01269 0.0126869 0.07273
0.46875 1.01269 0.0126869 0.07273
0.484375 1.00544 0.00544229 0.0729938
0.484375 1.00544 0.00544229 0.0729938
0.5 0.998132 -0.00186847 0.0730819
0.5 0.998132 -0.00186847 0.0730819
0.515625 0.998177 -0.00182345 0.0729938
0.515625 0.998177 -0.00182345 0.0729938
0.53125 0.998226 -0.00177403 0.07273
0.53125 0.998226 -0.00177403 0.07273
0.546875 0.99828 -0.00172034 0.0722909
0.546875 0.99828 -0.00172034 0.0722909
0.5625 0.998337 -0.00166251 0.0716776
0.5625 0.998337 -0.00166251 0.0716776
0.578125 0.998399 -0.00160067 0.0708917
0.578125 0.998399 -0.00160067 0.0708917
0.59375 0.998465 -0.00153497 0.069935
0.59375 0.998465 -0.00153497 0.069935
0.609375 0.998534 -0.00146558 0.0688098
0.609375 0.998534 -0.00146558 0.0688098
0.625 0.998607 -0.00139265 0.0675189
0.625 0.998607 -0.00139265 0.0675189
0.640625 0.998684 -0.00131637 0.0660652
0.640625 0.998684 -0.00131637 0.0660652
0.65625 0.998763 -0.00123691 0.0644525
0.65625 0.998763 -0.00123691 0.0644525
0.671875 0.998846 -0.00115446 0.0626844
0.671875 0.998846 -0.00115446 0.0626844
0.6875 0.998931 -0.00106921 0.0607654
0.6875 0.998931 -0.00106921 0.0607654
0.703125 0.999019 -0.000981297 0.0587001
0.703125 0.999019 -0.000981297 0.0587001
0.71875 0.999109 -0.000890839 0.0564935
0.71875 0.999109 -0.000890839 0.0564935
0.734375 0.999202 -0.000797805 0.0541511
0.734375 0.999202 -0.000797805 0.0541511
0.75 0.999298 -0.000701895 0.0516791
0.75 0.999298 -0.000701895 0.0516791
0.765625 0.999398 -0.000602272 0.0490843
0.765625 0.999398 -0.000602272 0.0490843
0.78125 0.999503 -0.000497109 0.0463748
0.78125 0.999503 -0.000497109 0.0463748
0.796875 0.999617 -0.000382855 0.0435604
0.796875 0.999617 -0.000382855 0.0435604
0.8125 0.999747 -0.000253138 0.0406539
0.8125 0.999747 -0.000253138 0.0406539
0.828125 0.999903 -9.72398e-05 0.0376721
0.828125 0.999903 -9.72398e-05 0.0376721
0.84375 1.0001 0.000101823 0.0346383
0.84375 1.0001 0.000101823 0.0346383
0.859375 1.00037 0.000369459 0.0315839
0.859375 1.00037 0.000369459 0.0315839
0.875 1.00074 0.000741535 0.0285506
0.875 1.00074 0.000741535 0.0285506
0.890625 1.00127 0.00126577 0.0255927
0.890625 1.00127 0.00126577 0.0255927
0.90625 1.002 0.00200184 0.0227769
0.90625 1.002 0.00200184 0.0227769
0.921875 1.00302 0.00301951 0.0201811
0.921875 1.00302 0.00301951 0.0201811
0.9375 1.00439 0.00439453 0.017891
0.9375 1.00439 0.00439453 0.017891
0.953125 1.0062 0.00620237 0.015994
0.953125 1.0062 0.00620237 0.015994
0.96875 1.00851 0.00851086 0.014571
0.96875 1.00851 0.00851086 0.014571
0.984375 1.01138 0.0113798 0.0136881
0.984375 1.01138 0.0113798 0.0136881
1 1 0 0.0133888
