# x y topography analytical topography
0 1 0 0.0199888
0.015625 1.02487 0.0248716 0.0201717
0.015625 1.02487 0.0248716 0.0201717
0.03125 1.02887 0.0288683 0.0207158
0.03125 1.02887 0.0288683 0.0207158
0.046875 1.03306 0.0330642 0.0216078
0.046875 1.03306 0.0330642 0.0216078
0.0625 1.0374 0.0374047 0.0228263
0.0625 1.0374 0.0374047 0.0228263
0.078125 1.04181 0.0418104 0.0243429
0.078125 1.04181 0.0418104 0.0243429
0.09375 1.0462 0.0461966 0.0261238
0.09375 1.0462 0.0461966 0.0261238
0.109375 1.05048 0.050477 0.0281312
0.109375 1.05048 0.050477 0.0281312
0.125 1.05457 0.0545653 0.0303252
0.125 1.05457 0.0545653 0.0303252
0.140625 1.05838 0.058378 0.0326655
0.140625 1.05838 0.058378 0.0326655
0.15625 1.06184 0.0618362 0.0351121
0.15625 1.06184 0.0618362 0.0351121
0.171875 1.06487 0.0648671 0.0376275
0.171875 1.06487 0.0648671 0.0376275
0.1875 1.06741 0.0674058 0.0401767
0.1875 1.06741 0.0674058 0.0401767
0.203125 1.0694 0.0693962 0.0427282
0.203125 1.0694 0.0693962 0.0427282
0.21875 1.07079 0.0707916 0.045254
0.21875 1.07079 0.0707916 0.045254
0.234375 1.07156 0.0715557 0.0477298
0.234375 1.07156 0.0715557 0.0477298
0.25 1.07166 0.0716618 0.050135
0.25 1.07166 0.0716618 0.050135
0.265625 1.07109 0.0710935 0.0524519
0.265625 1.07109 0.0710935 0.0524519
0.28125 1.06984 0.0698441 0.054666
0.28125 1.06984 0.0698441 0.054666
0.296875 1.06792 0.0679161 0.0567649
0.296875 1.06792 0.0679161 0.0567649
0.3125 1.06532 0.0653208 0.0587385
0.3125 1.06532 0.0653208 0.0587385
0.328125 1.06208 0.0620779 0.0605784
0.328125 1.06208 0.0620779 0.0605784
0.34375 1.05821 0.0582147 0.0622776
0.34375 1.05821 0.0582147 0.0622776
0.359375 1.05377 0.0537653 0.0638301
0.359375 1.05377 0.0537653 0.0638301
0.375 1.04877 0.0487707 0.065231
0.375 1.04877 0.0487707 0.065231
0.390625 1.04328 0.0432775 0.0664761
0.390625 1.04328 0.0432775 0.0664761
0.40625 1.03734 0.0373376 0.067562
0.40625 1.03734 0.0373376 0.067562
0.421875 1.03101 0.0310075 0.0684855
0.421875 1.03101 0.0310075 0.0684855
0.4375 1.02435 0.0243479 0.0692444
0.4375 1.02435 0.0243479 0.0692444
0.453125 1.01742 0.0174226 0.0698366
0.453125 1.01742 0.0174226 0.0698366
0.46875 1.0103 0.0102982 0.0702606
0.46875 1.0103 0.0102982 0.0702606
0.484375 1.00304 0.00304343 0.0705155
0.484375 1.00304 0.00304343 0.0705155
0.5 0.995728 -0.00427169 0.0706005
0.5 0.995728 -0.00427169 0.0706005
0.515625 0.995775 -0.00422519 0.0705155
0.515625 0.995775 -0.00422519 0.0705155
0.53125 0.995832 -0.00416847 0.0702606
0.53125 0.995832 -0.00416847 0.0702606
0.546875 0.995898 -0.00410163 0.0698366
0.546875 0.995898 -0.00410163 0.0698366
0.5625 0.995975 -0.00402481 0.0692444
0.5625 0.995975 -0.00402481 0.0692444
0.578125 0.996062 -0.0039381 0.0684855
0.578125 0.996062 -0.0039381 0.0684855
0.59375 0.996158 -0.00384158 0.067562
0.59375 0.996158 -0.00384158 0.067562
0.609375 0.996265 -0.00373525 0.0664761
0.609375 0.996265 -0.00373525 0.0664761
0.625 0.996381 -0.00361902 0.065231
0.625 0.996381 -0.00361902 0.065231
0.640625 0.996507 -0.00349259 0.0638301
0.640625 0.996507 -0.00349259 0.0638301
0.65625 0.996645 -0.00335542 0.0622776
0.65625 0.996645 -0.00335542 0.0622776
0.671875 0.996793 -0.00320652 0.0605784
0.671875 0.996793 -0.00320652 0.0605784
0.6875 0.996956 -0.00304434 0.0587385
0.6875 0.996956 -0.00304434 0.0587385
0.703125 0.997133 -0.00286651 0.0567649
0.703125 0.997133 -0.00286651 0.0567649
0.71875 0.99733 -0.00266957 0.054666
0.71875 0.99733 -0.00266957 0.054666
0.734375 0.997551 -0.00244865 0.0524519
0.734375 0.997551 -0.00244865 0.0524519
0.75 0.997803 -0.0021971 0.050135
0.75 0.997803 -0.0021971 0.050135
0.765625 0.998094 -0.00190608 0.0477298
0.765625 0.998094 -0.00190608 0.0477298
0.78125 0.998436 -0.00156418 0.045254
0.78125 0.998436 -0.00156418 0.045254
0.796875 0.998843 -0.00115705 0.0427282
0.796875 0.998843 -0.00115705 0.0427282
0.8125 0.999333 -0.000667134 0.0401767
0.8125 0.999333 -0.000667134 0.0401767
0.828125 0.999926 -7.3539e-05 0.0376275
0.828125 0.999926 -7.3539e-05 0.0376275
0.84375 1.00065 0.000647905 0.0351121
0.84375 1.00065 0.000647905 0.0351121
0.859375 1.00152 0.00152433 0.0326655
0.859375 1.00152 0.00152433 0.0326655
0.875 1.00259 0.00258525 0.0303252
0.875 1.00259 0.00258525 0.0303252
0.890625 1.00386 0.00386165 0.0281312
0.890625 1.00386 0.00386165 0.0281312
0.90625 1.00538 0.00538486 0.0261238
0.90625 1.00538 0.00538486 0.0261238
0.921875 1.00719 0.00718511 0.0243429
0.921875 1.00719 0.00718511 0.0243429
0.9375 1.00929 0.00928999 0.0228263
0.9375 1.00929 0.00928999 0.0228263
0.953125 1.01172 0.0117229 0.0216078
0.953125 1.01172 0.0117229 0.0216078
0.96875 1.0145 0.0145017 0.0207158
0.96875 1.0145 0.0145017 0.0207158
0.984375 1.01764 0.0176425 0.0201717
0.984375 1.01764 0.0176425 0.0201717
1 1 0 0.0199888
