# x y z topography
0 0 1.00055 0.000548814
100 0 1.00072 0.000715189
0 100 1.00079 0.000791725
100 100 1.00093 0.0009336
100 0 1.00072 0.000715189
200 0 1.0006 0.000602763
100 100 1.00093 0.0009336
200 100 1.00105 0.00104842
200 0 1.0006 0.000602763
300 0 1.00054 0.000544883
200 100 1.00105 0.00104842
300 100 1.00115 0.00115268
300 0 1.00054 0.000544883
400 0 1.00042 0.000423655
300 100 1.00115 0.00115268
400 100 1.00121 0.0012103
0 100 1.00079 0.000791725
100 100 1.00093 0.0009336
0 200 1.00098 0.000978618
100 200 1.00119 0.00119478
100 100 1.00093 0.0009336
200 100 1.00105 0.00104842
100 200 1.00119 0.00119478
200 200 1.00153 0.00153015
200 100 1.00105 0.00104842
300 100 1.00115 0.00115268
200 200 1.00153 0.00153015
300 200 1.00187 0.00187174
300 100 1.00115 0.00115268
400 100 1.00121 0.0012103
300 200 1.00187 0.00187174
400 200 1.00205 0.00204792
0 200 1.00098 0.000978618
100 200 1.00119 0.00119478
0 300 1.00026 0.000264556
100 300 1.00139 0.00138721
100 200 1.00119 0.00119478
200 200 1.00153 0.00153015
100 300 1.00139 0.00138721
200 300 1.00211 0.00211065
400 0 1.00042 0.000423655
500 0 1.00065 0.000645894
400 100 1.00121 0.0012103
500 100 1.00128 0.00128279
500 0 1.00065 0.000645894
600 0 1.00044 0.000437587
500 100 1.00128 0.00128279
600 100 1.00123 0.00122682
400 100 1.00121 0.0012103
500 100 1.00128 0.00128279
400 200 1.00205 0.00204792
500 200 1.00211 0.00211199
500 100 1.00128 0.00128279
600 100 1.00123 0.00122682
500 200 1.00211 0.00211199
600 200 1.00202 0.00201566
200 200 1.00153 0.00153015
300 200 1.00187 0.00187174
200 300 1.00211 0.00211065
300 300 1.0026 0.00259746
300 200 1.00187 0.00187174
400 200 1.00205 0.00204792
300 300 1.0026 0.00259746
400 300 1.00287 0.00287374
0 300 1.00026 0.000264556
100 300 1.00139 0.00138721
0 400 1.00036 0.000359508
100 400 1.00181 0.00181252
100 300 1.00139 0.00138721
200 300 1.00211 0.00211065
100 400 1.00181 0.00181252
200 400 1.00282 0.00281881
200 300 1.00211 0.00211065
300 300 1.0026 0.00259746
200 400 1.00282 0.00281881
300 400 1.00348 0.00348228
300 300 1.0026 0.00259746
400 300 1.00287 0.00287374
300 400 1.00348 0.00348228
400 400 1.00384 0.00383565
600 0 1.00044 0.000437587
700 0 1.00089 0.000891773
600 100 1.00123 0.00122682
700 100 1.00123 0.00122996
700 0 1.00089 0.000891773
800 0 1.00096 0.000963663
700 100 1.00123 0.00122996
800 100 1.00108 0.00107806
600 100 1.00123 0.00122682
700 100 1.00123 0.00122996
600 200 1.00202 0.00201566
700 200 1.00177 0.00177063
700 100 1.00123 0.00122996
800 100 1.00108 0.00107806
700 200 1.00177 0.00177063
800 200 1.00128 0.00128475
400 200 1.00205 0.00204792
500 200 1.00211 0.00211199
400 300 1.00287 0.00287374
500 300 1.003 0.00300347
500 200 1.00211 0.00211199
600 200 1.00202 0.00201566
500 300 1.003 0.00300347
600 300 1.00284 0.00283883
600 200 1.00202 0.00201566
700 200 1.00177 0.00177063
600 300 1.00284 0.00283883
700 300 1.00242 0.00241516
700 200 1.00177 0.00177063
800 200 1.00128 0.00128475
700 300 1.00242 0.00241516
800 300 1.00169 0.00169163
400 300 1.00287 0.00287374
500 300 1.003 0.00300347
400 400 1.00384 0.00383565
500 400 1.00389 0.00389355
500 300 1.003 0.00300347
600 300 1.00284 0.00283883
500 400 1.00389 0.00389355
600 400 1.00363 0.00363044
600 300 1.00284 0.00283883
700 300 1.00242 0.00241516
600 400 1.00363 0.00363044
700 400 1.00306 0.00306422
700 300 1.00242 0.00241516
800 300 1.00169 0.00169163
700 400 1.00306 0.00306422
800 400 1.00201 0.00200508
0 400 1.00036 0.000359508
100 400 1.00181 0.00181252
0 500 1.00057 0.000570197
100 500 1.00232 0.00232047
100 400 1.00181 0.00181252
200 400 1.00282 0.00281881
100 500 1.00232 0.00232047
200 500 1.0036 0.00360128
200 400 1.00282 0.00281881
300 400 1.00348 0.00348228
200 500 1.0036 0.00360128
300 500 1.00445 0.0044488
300 400 1.00348 0.00348228
400 400 1.00384 0.00383565
300 500 1.00445 0.0044488
400 500 1.00488 0.00488422
0 500 1.00057 0.000570197
100 500 1.00232 0.00232047
0 600 1.00016 0.00015897
100 600 1.00274 0.00273733
100 500 1.00232 0.00232047
200 500 1.0036 0.00360128
100 600 1.00274 0.00273733
200 600 1.00438 0.0043846
200 500 1.0036 0.00360128
300 500 1.00445 0.0044488
200 600 1.00438 0.0043846
300 600 1.00544 0.00544449
300 500 1.00445 0.0044488
400 500 1.00488 0.00488422
300 600 1.00544 0.00544449
400 600 1.00598 0.0059796
400 400 1.00384 0.00383565
500 400 1.00389 0.00389355
400 500 1.00488 0.00488422
500 500 1.00492 0.0049217
500 400 1.00389 0.00389355
600 400 1.00363 0.00363044
500 500 1.00492 0.0049217
600 500 1.00454 0.00454133
0 600 1.00016 0.00015897
100 600 1.00274 0.00273733
0 700 1.00098 0.000976459
100 700 1.0033 0.00330422
100 600 1.00274 0.00273733
200 600 1.00438 0.0043846
100 700 1.0033 0.00330422
200 700 1.00513 0.00513388
200 600 1.00438 0.0043846
300 600 1.00544 0.00544449
200 700 1.00513 0.00513388
300 700 1.00643 0.00643388
300 600 1.00544 0.00544449
400 600 1.00598 0.0059796
300 700 1.00643 0.00643388
400 700 1.00708 0.00707571
0 700 1.00098 0.000976459
100 700 1.0033 0.00330422
0 800 1.00032 0.000317983
100 800 1.00364 0.00364476
100 700 1.0033 0.00330422
200 700 1.00513 0.00513388
100 800 1.00364 0.00364476
200 800 1.00589 0.00588925
200 700 1.00513 0.00513388
300 700 1.00643 0.00643388
200 800 1.00589 0.00588925
300 800 1.00735 0.00734599
300 700 1.00643 0.00643388
400 700 1.00708 0.00707571
300 800 1.00735 0.00734599
400 800 1.00809 0.00809151
600 400 1.00363 0.00363044
700 400 1.00306 0.00306422
600 500 1.00454 0.00454133
700 500 1.0037 0.00369618
700 400 1.00306 0.00306422
800 400 1.00201 0.00200508
700 500 1.0037 0.00369618
800 500 1.0023 0.00230255
400 500 1.00488 0.00488422
500 500 1.00492 0.0049217
400 600 1.00598 0.0059796
500 600 1.00601 0.00601493
500 500 1.00492 0.0049217
600 500 1.00454 0.00454133
500 600 1.00601 0.00601493
600 600 1.00553 0.00552933
600 500 1.00454 0.00454133
700 500 1.0037 0.00369618
600 600 1.00553 0.00552933
700 600 1.00446 0.00446487
700 500 1.0037 0.00369618
800 500 1.0023 0.00230255
700 600 1.00446 0.00446487
800 600 1.00272 0.00272315
400 600 1.00598 0.0059796
500 600 1.00601 0.00601493
400 700 1.00708 0.00707571
500 700 1.00713 0.00712839
500 600 1.00601 0.00601493
600 600 1.00553 0.00552933
500 700 1.00713 0.00712839
600 700 1.00656 0.00656045
400 700 1.00708 0.00707571
500 700 1.00713 0.00712839
400 800 1.00809 0.00809151
500 800 1.00822 0.00821898
500 700 1.00713 0.00712839
600 700 1.00656 0.00656045
500 800 1.00822 0.00821898
600 800 1.00758 0.00758322
800 0 1.00096 0.000963663
900 0 1.00038 0.000383442
800 100 1.00108 0.00107806
900 100 1.00087 0.000870012
800 100 1.00108 0.00107806
900 100 1.00087 0.000870012
800 200 1.00128 0.00128475
900 200 1.00041 0.000414662
800 200 1.00128 0.00128475
900 200 1.00041 0.000414662
800 300 1.00169 0.00169163
900 300 1.00068 0.00068182
800 300 1.00169 0.00169163
900 300 1.00068 0.00068182
800 400 1.00201 0.00200508
900 400 1.00036 0.000363711
800 400 1.00201 0.00200508
900 400 1.00036 0.000363711
800 500 1.0023 0.00230255
900 500 1.00024 0.000244426
800 500 1.0023 0.00230255
900 500 1.00024 0.000244426
800 600 1.00272 0.00272315
900 600 1.0001 9.60984e-05
600 600 1.00553 0.00552933
700 600 1.00446 0.00446487
600 700 1.00656 0.00656045
700 700 1.00531 0.00531018
700 600 1.00446 0.00446487
800 600 1.00272 0.00272315
700 700 1.00531 0.00531018
800 700 1.00327 0.00326722
600 700 1.00656 0.00656045
700 700 1.00531 0.00531018
600 800 1.00758 0.00758322
700 800 1.00618 0.00618336
700 700 1.00531 0.00531018
800 700 1.00327 0.00326722
700 800 1.00618 0.00618336
800 800 1.00396 0.00395835
800 600 1.00272 0.00272315
900 600 1.0001 9.60984e-05
800 700 1.00327 0.00326722
900 700 1.00012 0.000118728
800 700 1.00327 0.00326722
900 700 1.00012 0.000118728
800 800 1.00396 0.00395835
900 800 1.00093 0.000929296
0 800 1.00032 0.000317983
100 800 1.00364 0.00364476
0 900 1.00032 0.000318569
100 900 1.00412 0.00412404
100 800 1.00364 0.00364476
200 800 1.00589 0.00588925
100 900 1.00412 0.00412404
200 900 1.00669 0.00669282
200 800 1.00589 0.00588925
300 800 1.00735 0.00734599
200 900 1.00669 0.00669282
300 900 1.00834 0.00833891
300 800 1.00735 0.00734599
400 800 1.00809 0.00809151
300 900 1.00834 0.00833891
400 900 1.00917 0.00916686
0 900 1.00032 0.000318569
100 900 1.00412 0.00412404
0 1000 1.00068 0.000677817
100 1000 1.0047 0.00469675
100 900 1.00412 0.00412404
200 900 1.00669 0.00669282
100 1000 1.0047 0.00469675
200 1000 1.00752 0.00751602
200 900 1.00669 0.00669282
300 900 1.00834 0.00833891
200 1000 1.00752 0.00751602
300 1000 1.00934 0.0093371
300 900 1.00834 0.00833891
400 900 1.00917 0.00916686
300 1000 1.00934 0.0093371
400 1000 1.01024 0.0102447
400 800 1.00809 0.00809151
500 800 1.00822 0.00821898
400 900 1.00917 0.00916686
500 900 1.00923 0.00922911
500 800 1.00822 0.00821898
600 800 1.00758 0.00758322
500 900 1.00923 0.00922911
600 900 1.0085 0.00850086
0 1000 1.00068 0.000677817
100 1000 1.0047 0.00469675
0 1100 1.00045 0.000447125
100 1100 1.00512 0.00512439
100 1000 1.0047 0.00469675
200 1000 1.00752 0.00751602
100 1100 1.00512 0.00512439
200 1100 1.00826 0.00826101
200 1000 1.00752 0.00751602
300 1000 1.00934 0.0093371
200 1100 1.00826 0.00826101
300 1100 1.01027 0.0102686
300 1000 1.00934 0.0093371
400 1000 1.01024 0.0102447
300 1100 1.01027 0.0102686
400 1100 1.01126 0.0112625
0 1100 1.00045 0.000447125
100 1100 1.00512 0.00512439
0 1200 1.00073 0.000725254
100 1200 1.00552 0.00551858
100 1100 1.00512 0.00512439
200 1100 1.00826 0.00826101
100 1200 1.00552 0.00551858
200 1200 1.00885 0.00885304
200 1100 1.00826 0.00826101
300 1100 1.01027 0.0102686
200 1200 1.00885 0.00885304
300 1200 1.01106 0.0110632
300 1100 1.01027 0.0102686
400 1100 1.01126 0.0112625
300 1200 1.01106 0.0110632
400 1200 1.01214 0.0121355
600 800 1.00758 0.00758322
700 800 1.00618 0.00618336
600 900 1.0085 0.00850086
700 900 1.00696 0.00695615
700 800 1.00618 0.00618336
800 800 1.00396 0.00395835
700 900 1.00696 0.00695615
800 900 1.0043 0.00429688
400 900 1.00917 0.00916686
500 900 1.00923 0.00922911
400 1000 1.01024 0.0102447
500 1000 1.01029 0.0102925
500 900 1.00923 0.00922911
600 900 1.0085 0.00850086
500 1000 1.01029 0.0102925
600 1000 1.00947 0.00946681
600 900 1.0085 0.00850086
700 900 1.00696 0.00695615
600 1000 1.00947 0.00946681
700 1000 1.0077 0.00769915
700 900 1.00696 0.00695615
800 900 1.0043 0.00429688
700 1000 1.0077 0.00769915
800 1000 1.00489 0.00489107
400 1000 1.01024 0.0102447
500 1000 1.01029 0.0102925
400 1100 1.01126 0.0112625
500 1100 1.01131 0.0113078
500 1000 1.01029 0.0102925
600 1000 1.00947 0.00946681
500 1100 1.01131 0.0113078
600 1100 1.01039 0.01039
400 1100 1.01126 0.0112625
500 1100 1.01131 0.0113078
400 1200 1.01214 0.0121355
500 1200 1.01219 0.0121912
500 1100 1.01131 0.0113078
600 1100 1.01039 0.01039
500 1200 1.01219 0.0121912
600 1200 1.0112 0.0112028
600 1000 1.00947 0.00946681
700 1000 1.0077 0.00769915
600 1100 1.01039 0.01039
700 1100 1.00843 0.00842692
700 1000 1.0077 0.00769915
800 1000 1.00489 0.00489107
700 1100 1.00843 0.00842692
800 1100 1.00529 0.00528996
600 1100 1.01039 0.01039
700 1100 1.00843 0.00842692
600 1200 1.0112 0.0112028
700 1200 1.00907 0.00906727
700 1100 1.00843 0.00842692
800 1100 1.00529 0.00528996
700 1200 1.00907 0.00906727
800 1200 1.00559 0.00559441
0 1200 1.00073 0.000725254
100 1200 1.00552 0.00551858
0 1300 1.00062 0.000618015
100 1300 1.00584 0.0058404
100 1200 1.00552 0.00551858
200 1200 1.00885 0.00885304
100 1300 1.00584 0.0058404
200 1300 1.00936 0.00935935
200 1200 1.00885 0.00885304
300 1200 1.01106 0.0110632
200 1300 1.00936 0.00935935
300 1300 1.01161 0.0116058
300 1200 1.01106 0.0110632
400 1200 1.01214 0.0121355
300 1300 1.01161 0.0116058
400 1300 1.01272 0.0127215
0 1300 1.00062 0.000618015
100 1300 1.00584 0.0058404
0 1400 1.0009 0.000896547
100 1400 1.0061 0.00609579
100 1300 1.00584 0.0058404
200 1300 1.00936 0.00935935
100 1400 1.0061 0.00609579
200 1400 1.00968 0.00967547
200 1300 1.00936 0.00935935
300 1300 1.01161 0.0116058
200 1400 1.00968 0.00967547
300 1400 1.01194 0.0119446
300 1300 1.01161 0.0116058
400 1300 1.01272 0.0127215
300 1400 1.01194 0.0119446
400 1400 1.01305 0.0130547
0 1400 1.0009 0.000896547
100 1400 1.0061 0.00609579
0 1500 1.00015 0.000149448
100 1500 1.00598 0.00597535
100 1400 1.0061 0.00609579
200 1400 1.00968 0.00967547
100 1500 1.00598 0.00597535
200 1500 1.00963 0.00962738
200 1400 1.00968 0.00967547
300 1400 1.01194 0.0119446
200 1500 1.00963 0.00962738
300 1500 1.01186 0.0118602
300 1400 1.01194 0.0119446
400 1400 1.01305 0.0130547
300 1500 1.01186 0.0118602
400 1500 1.01292 0.0129245
0 1500 1.00015 0.000149448
100 1500 1.00598 0.00597535
0 1600 1.0007 0.000697429
100 1600 1.0058 0.00580038
100 1500 1.00598 0.00597535
200 1500 1.00963 0.00962738
100 1600 1.0058 0.00580038
200 1600 1.00909 0.00909085
200 1500 1.00963 0.00962738
300 1500 1.01186 0.0118602
200 1600 1.00909 0.00909085
300 1600 1.01111 0.0111145
300 1500 1.01186 0.0118602
400 1500 1.01292 0.0129245
300 1600 1.01111 0.0111145
400 1600 1.01206 0.012064
400 1200 1.01214 0.0121355
500 1200 1.01219 0.0121912
400 1300 1.01272 0.0127215
500 1300 1.01284 0.0128411
500 1200 1.01219 0.0121912
600 1200 1.0112 0.0112028
500 1300 1.01284 0.0128411
600 1300 1.01182 0.0118175
600 1200 1.0112 0.0112028
700 1200 1.00907 0.00906727
600 1300 1.01182 0.0118175
700 1300 1.00959 0.00959341
700 1200 1.00907 0.00906727
800 1200 1.00559 0.00559441
700 1300 1.00959 0.00959341
800 1300 1.00596 0.00596493
400 1300 1.01272 0.0127215
500 1300 1.01284 0.0128411
400 1400 1.01305 0.0130547
500 1400 1.0131 0.0131
500 1300 1.01284 0.0128411
600 1300 1.01182 0.0118175
500 1400 1.0131 0.0131
600 1400 1.01206 0.0120589
600 1300 1.01182 0.0118175
700 1300 1.00959 0.00959341
600 1400 1.01206 0.0120589
700 1400 1.00987 0.00987486
700 1300 1.00959 0.00959341
800 1300 1.00596 0.00596493
700 1400 1.00987 0.00987486
800 1400 1.00626 0.00625725
400 1400 1.01305 0.0130547
500 1400 1.0131 0.0131
400 1500 1.01292 0.0129245
500 1500 1.01294 0.0129431
500 1400 1.0131 0.0131
600 1400 1.01206 0.0120589
500 1500 1.01294 0.0129431
600 1500 1.01191 0.0119055
800 800 1.00396 0.00395835
900 800 1.00093 0.000929296
800 900 1.0043 0.00429688
900 900 1 4.69548e-06
800 900 1.0043 0.00429688
900 900 1 4.69548e-06
800 1000 1.00489 0.00489107
900 1000 1.00095 0.000952749
800 1000 1.00489 0.00489107
900 1000 1.00095 0.000952749
800 1100 1.00529 0.00528996
900 1100 1.00069 0.000692532
800 1100 1.00529 0.00528996
900 1100 1.00069 0.000692532
800 1200 1.00559 0.00559441
900 1200 1.00029 0.000290078
600 1400 1.01206 0.0120589
700 1400 1.00987 0.00987486
600 1500 1.01191 0.0119055
700 1500 1.00967 0.00967331
700 1400 1.00987 0.00987486
800 1400 1.00626 0.00625725
700 1500 1.00967 0.00967331
800 1500 1.00596 0.00596065
400 1500 1.01292 0.0129245
500 1500 1.01294 0.0129431
400 1600 1.01206 0.012064
500 1600 1.01206 0.0120643
500 1500 1.01294 0.0129431
600 1500 1.01191 0.0119055
500 1600 1.01206 0.0120643
600 1600 1.01111 0.0111118
600 1500 1.01191 0.0119055
700 1500 1.00967 0.00967331
600 1600 1.01111 0.0111118
700 1600 1.00906 0.00906478
700 1500 1.00967 0.00967331
800 1500 1.00596 0.00596065
700 1600 1.00906 0.00906478
800 1600 1.00563 0.00563334
800 1200 1.00559 0.00559441
900 1200 1.00029 0.000290078
800 1300 1.00596 0.00596493
900 1300 1.00043 0.000431418
800 1300 1.00596 0.00596493
900 1300 1.00043 0.000431418
800 1400 1.00626 0.00625725
900 1400 1.001 0.000998847
800 1400 1.00626 0.00625725
900 1400 1.001 0.000998847
800 1500 1.00596 0.00596065
900 1500 1.00007 6.9167e-05
800 1500 1.00596 0.00596065
900 1500 1.00007 6.9167e-05
800 1600 1.00563 0.00563334
900 1600 1.00017 0.00017163
0 1600 1.0007 0.000697429
100 1600 1.0058 0.00580038
0 1700 1.00052 0.000521037
100 1700 1.00494 0.00494128
100 1600 1.0058 0.00580038
200 1600 1.00909 0.00909085
100 1700 1.00494 0.00494128
200 1700 1.00764 0.00763805
0 1700 1.00052 0.000521037
100 1700 1.00494 0.00494128
0 1800 1.00016 0.000164694
100 1800 1.00334 0.00333956
100 1700 1.00494 0.00494128
200 1700 1.00764 0.00763805
100 1800 1.00334 0.00333956
200 1800 1.00501 0.00500571
0 1800 1.00016 0.000164694
100 1800 1.00334 0.00333956
0 1900 1.0004 0.000398221
100 1900 1.00021 0.000209844
100 1800 1.00334 0.00333956
200 1800 1.00501 0.00500571
100 1900 1.00021 0.000209844
200 1900 1.00019 0.000186193
200 1600 1.00909 0.00909085
300 1600 1.01111 0.0111145
200 1700 1.00764 0.00763805
300 1700 1.00935 0.00934848
300 1600 1.01111 0.0111145
400 1600 1.01206 0.012064
300 1700 1.00935 0.00934848
400 1700 1.0101 0.0100967
400 1600 1.01206 0.012064
500 1600 1.01206 0.0120643
400 1700 1.0101 0.0100967
500 1700 1.01008 0.0100805
500 1600 1.01206 0.0120643
600 1600 1.01111 0.0111118
500 1700 1.01008 0.0100805
600 1700 1.00931 0.00931298
200 1700 1.00764 0.00763805
300 1700 1.00935 0.00934848
200 1800 1.00501 0.00500571
300 1800 1.00613 0.00613281
300 1700 1.00935 0.00934848
400 1700 1.0101 0.0100967
300 1800 1.00613 0.00613281
400 1800 1.00654 0.00653541
400 1700 1.0101 0.0100967
500 1700 1.01008 0.0100805
400 1800 1.00654 0.00653541
500 1800 1.00652 0.00651519
500 1700 1.01008 0.0100805
600 1700 1.00931 0.00931298
500 1800 1.00652 0.00651519
600 1800 1.00601 0.00601358
200 1800 1.00501 0.00500571
300 1800 1.00613 0.00613281
200 1900 1.00019 0.000186193
300 1900 1.00094 0.000944372
300 1800 1.00613 0.00613281
400 1800 1.00654 0.00653541
300 1900 1.00094 0.000944372
400 1900 1.00074 0.000739551
600 1600 1.01111 0.0111118
700 1600 1.00906 0.00906478
600 1700 1.00931 0.00931298
700 1700 1.00768 0.00767751
700 1600 1.00906 0.00906478
800 1600 1.00563 0.00563334
700 1700 1.00768 0.00767751
800 1700 1.00486 0.00485832
800 1600 1.00563 0.00563334
900 1600 1.00017 0.00017163
800 1700 1.00486 0.00485832
900 1700 1.00003 3.18389e-05
600 1700 1.00931 0.00931298
700 1700 1.00768 0.00767751
600 1800 1.00601 0.00601358
700 1800 1.00507 0.00506805
700 1700 1.00768 0.00767751
800 1700 1.00486 0.00485832
700 1800 1.00507 0.00506805
800 1800 1.00339 0.00339179
800 1700 1.00486 0.00485832
900 1700 1.00003 3.18389e-05
800 1800 1.00339 0.00339179
900 1800 1.00031 0.000311945
400 1800 1.00654 0.00653541
500 1800 1.00652 0.00651519
400 1900 1.00074 0.000739551
500 1900 1.00049 0.000490459
500 1800 1.00652 0.00651519
600 1800 1.00601 0.00601358
500 1900 1.00049 0.000490459
600 1900 1.00023 0.000227415
600 1800 1.00601 0.00601358
700 1800 1.00507 0.00506805
600 1900 1.00023 0.000227415
700 1900 1.00025 0.000254356
700 1800 1.00507 0.00506805
800 1800 1.00339 0.00339179
700 1900 1.00025 0.000254356
800 1900 1.00006 5.80292e-05
800 1800 1.00339 0.00339179
900 1800 1.00031 0.000311945
800 1900 1.00006 5.80292e-05
900 1900 1.00043 0.000434417
