# x y topography
0 1 0
0.015625 1.0263 0.0263029
0.015625 1.0263 0.0263029
0.03125 1.02675 0.0267503
0.03125 1.02675 0.0267503
0.046875 1.02747 0.0274726
0.046875 1.02747 0.0274726
0.0625 1.02843 0.0284311
0.0625 1.02843 0.0284311
0.078125 1.0296 0.0295957
0.078125 1.0296 0.0295957
0.09375 1.03094 0.0309404
0.09375 1.03094 0.0309404
0.109375 1.03244 0.0324411
0.109375 1.03244 0.0324411
0.125 1.03407 0.034075
0.125 1.03407 0.034075
0.140625 1.03582 0.03582
0.140625 1.03582 0.03582
0.15625 1.03765 0.0376547
0.15625 1.03765 0.0376547
0.171875 1.03956 0.0395578
0.171875 1.03956 0.0395578
0.1875 1.04151 0.041509
0.1875 1.04151 0.041509
0.203125 1.04349 0.0434884
0.203125 1.04349 0.0434884
0.21875 1.04548 0.0454769
0.21875 1.04548 0.0454769
0.234375 1.04746 0.0474562
0.234375 1.04746 0.0474562
0.25 1.04941 0.0494092
0.25 1.04941 0.0494092
0.265625 1.05132 0.0513195
0.265625 1.05132 0.0513195
0.28125 1.05317 0.053172
0.28125 1.05317 0.053172
0.296875 1.05495 0.0549528
0.296875 1.05495 0.0549528
0.3125 1.05665 0.056649
0.3125 1.05665 0.056649
0.328125 1.05825 0.0582491
0.328125 1.05825 0.0582491
0.34375 1.05974 0.0597424
0.34375 1.05974 0.0597424
0.359375 1.06112 0.0611198
0.359375 1.06112 0.0611198
0.375 1.06237 0.0623729
0.375 1.06237 0.0623729
0.390625 1.06349 0.0634945
0.390625 1.06349 0.0634945
0.40625 1.06448 0.0644786
0.40625 1.06448 0.0644786
0.421875 1.06532 0.0653197
0.421875 1.06532 0.0653197
0.4375 1.06601 0.0660137
0.4375 1.06601 0.0660137
0.453125 1.06656 0.066557
0.453125 1.06656 0.066557
0.46875 1.06695 0.0669469
0.46875 1.06695 0.0669469
0.484375 1.06718 0.0671816
0.484375 1.06718 0.0671816
0.5 1.06726 0.06726
0.5 1.06726 0.06726
0.515625 1.06718 0.0671816
0.515625 1.06718 0.0671816
0.53125 1.06695 0.0669469
0.53125 1.06695 0.0669469
0.546875 1.06656 0.066557
0.546875 1.06656 0.066557
0.5625 1.06601 0.0660137
0.5625 1.06601 0.0660137
0.578125 1.06532 0.0653197
0.578125 1.06532 0.0653197
0.59375 1.06448 0.0644786
0.59375 1.06448 0.0644786
0.609375 1.06349 0.0634945
0.609375 1.06349 0.0634945
0.625 1.06237 0.0623729
0.625 1.06237 0.0623729
0.640625 1.06112 0.0611198
0.640625 1.06112 0.0611198
0.65625 1.05974 0.0597424
0.65625 1.05974 0.0597424
0.671875 1.05825 0.0582491
0.671875 1.05825 0.0582491
0.6875 1.05665 0.056649
0.6875 1.05665 0.056649
0.703125 1.05495 0.0549528
0.703125 1.05495 0.0549528
0.71875 1.05317 0.053172
0.71875 1.05317 0.053172
0.734375 1.05132 0.0513195
0.734375 1.05132 0.0513195
0.75 1.04941 0.0494092
0.75 1.04941 0.0494092
0.765625 1.04746 0.0474562
0.765625 1.04746 0.0474562
0.78125 1.04548 0.0454769
0.78125 1.04548 0.0454769
0.796875 1.04349 0.0434884
0.796875 1.04349 0.0434884
0.8125 1.04151 0.041509
0.8125 1.04151 0.041509
0.828125 1.03956 0.0395578
0.828125 1.03956 0.0395578
0.84375 1.03765 0.0376547
0.84375 1.03765 0.0376547
0.859375 1.03582 0.03582
0.859375 1.03582 0.03582
0.875 1.03407 0.034075
0.875 1.03407 0.034075
0.890625 1.03244 0.0324411
0.890625 1.03244 0.0324411
0.90625 1.03094 0.0309404
0.90625 1.03094 0.0309404
0.921875 1.0296 0.0295957
0.921875 1.0296 0.0295957
0.9375 1.02843 0.0284311
0.9375 1.02843 0.0284311
0.953125 1.02747 0.0274726
0.953125 1.02747 0.0274726
0.96875 1.02675 0.0267503
0.96875 1.02675 0.0267503
0.984375 1.0263 0.0263029
0.984375 1.0263 0.0263029
1 1 0
