# x y topography
0 1 0
0.015625 1.02761 0.0276129
0.015625 1.02761 0.0276129
0.03125 1.02804 0.0280422
0.03125 1.02804 0.0280422
0.046875 1.02873 0.028729
0.046875 1.02873 0.028729
0.0625 1.02964 0.0296351
0.0625 1.02964 0.0296351
0.078125 1.03073 0.0307317
0.078125 1.03073 0.0307317
0.09375 1.03199 0.0319942
0.09375 1.03199 0.0319942
0.109375 1.0334 0.0334002
0.109375 1.0334 0.0334002
0.125 1.03493 0.034929
0.125 1.03493 0.034929
0.140625 1.03656 0.0365604
0.140625 1.03656 0.0365604
0.15625 1.03828 0.0382751
0.15625 1.03828 0.0382751
0.171875 1.04005 0.0400541
0.171875 1.04005 0.0400541
0.1875 1.04188 0.041879
0.1875 1.04188 0.041879
0.203125 1.04373 0.0437318
0.203125 1.04373 0.0437318
0.21875 1.0456 0.0455954
0.21875 1.0456 0.0455954
0.234375 1.04745 0.0474529
0.234375 1.04745 0.0474529
0.25 1.04929 0.0492885
0.25 1.04929 0.0492885
0.265625 1.05109 0.0510872
0.265625 1.05109 0.0510872
0.28125 1.05283 0.0528347
0.28125 1.05283 0.0528347
0.296875 1.05452 0.0545176
0.296875 1.05452 0.0545176
0.3125 1.05612 0.0561237
0.3125 1.05612 0.0561237
0.328125 1.05764 0.0576415
0.328125 1.05764 0.0576415
0.34375 1.05906 0.0590608
0.34375 1.05906 0.0590608
0.359375 1.06037 0.0603721
0.359375 1.06037 0.0603721
0.375 1.06157 0.0615671
0.375 1.06157 0.0615671
0.390625 1.06264 0.0626384
0.390625 1.06264 0.0626384
0.40625 1.06358 0.0635795
0.40625 1.06358 0.0635795
0.421875 1.06438 0.064385
0.421875 1.06438 0.064385
0.4375 1.06505 0.0650502
0.4375 1.06505 0.0650502
0.453125 1.06557 0.0655714
0.453125 1.06557 0.0655714
0.46875 1.06595 0.0659457
0.46875 1.06595 0.0659457
0.484375 1.06617 0.0661711
0.484375 1.06617 0.0661711
0.5 1.06625 0.0662464
0.5 1.06625 0.0662464
0.515625 1.06617 0.0661711
0.515625 1.06617 0.0661711
0.53125 1.06595 0.0659457
0.53125 1.06595 0.0659457
0.546875 1.06557 0.0655714
0.546875 1.06557 0.0655714
0.5625 1.06505 0.0650502
0.5625 1.06505 0.0650502
0.578125 1.06438 0.064385
0.578125 1.06438 0.064385
0.59375 1.06358 0.0635795
0.59375 1.06358 0.0635795
0.609375 1.06264 0.0626384
0.609375 1.06264 0.0626384
0.625 1.06157 0.0615671
0.625 1.06157 0.0615671
0.640625 1.06037 0.0603721
0.640625 1.06037 0.0603721
0.65625 1.05906 0.0590608
0.65625 1.05906 0.0590608
0.671875 1.05764 0.0576415
0.671875 1.05764 0.0576415
0.6875 1.05612 0.0561237
0.6875 1.05612 0.0561237
0.703125 1.05452 0.0545176
0.703125 1.05452 0.0545176
0.71875 1.05283 0.0528347
0.71875 1.05283 0.0528347
0.734375 1.05109 0.0510872
0.734375 1.05109 0.0510872
0.75 1.04929 0.0492885
0.75 1.04929 0.0492885
0.765625 1.04745 0.0474529
0.765625 1.04745 0.0474529
0.78125 1.0456 0.0455954
0.78125 1.0456 0.0455954
0.796875 1.04373 0.0437318
0.796875 1.04373 0.0437318
0.8125 1.04188 0.041879
0.8125 1.04188 0.041879
0.828125 1.04005 0.0400541
0.828125 1.04005 0.0400541
0.84375 1.03828 0.0382751
0.84375 1.03828 0.0382751
0.859375 1.03656 0.0365604
0.859375 1.03656 0.0365604
0.875 1.03493 0.034929
0.875 1.03493 0.034929
0.890625 1.0334 0.0334002
0.890625 1.0334 0.0334002
0.90625 1.03199 0.0319942
0.90625 1.03199 0.0319942
0.921875 1.03073 0.0307317
0.921875 1.03073 0.0307317
0.9375 1.02964 0.0296351
0.9375 1.02964 0.0296351
0.953125 1.02873 0.028729
0.953125 1.02873 0.028729
0.96875 1.02804 0.0280422
0.96875 1.02804 0.0280422
0.984375 1.02761 0.0276129
0.984375 1.02761 0.0276129
1 1 0
