# x y topography
0 1 0
0.015625 1.02941 0.0294055
0.015625 1.02941 0.0294055
0.03125 1.02981 0.0298124
0.03125 1.02981 0.0298124
0.046875 1.03045 0.0304547
0.046875 1.03045 0.0304547
0.0625 1.0313 0.0312953
0.0625 1.0313 0.0312953
0.078125 1.03231 0.0323063
0.078125 1.03231 0.0323063
0.09375 1.03346 0.0334648
0.09375 1.03346 0.0334648
0.109375 1.03475 0.0347503
0.109375 1.03475 0.0347503
0.125 1.03614 0.036144
0.125 1.03614 0.036144
0.140625 1.03763 0.0376282
0.140625 1.03763 0.0376282
0.15625 1.03919 0.0391859
0.15625 1.03919 0.0391859
0.171875 1.0408 0.0408004
0.171875 1.0408 0.0408004
0.1875 1.04246 0.0424559
0.1875 1.04246 0.0424559
0.203125 1.04414 0.0441367
0.203125 1.04414 0.0441367
0.21875 1.04583 0.0458279
0.21875 1.04583 0.0458279
0.234375 1.04751 0.0475149
0.234375 1.04751 0.0475149
0.25 1.04918 0.0491837
0.25 1.04918 0.0491837
0.265625 1.05082 0.0508209
0.265625 1.05082 0.0508209
0.28125 1.05241 0.0524138
0.28125 1.05241 0.0524138
0.296875 1.05395 0.0539502
0.296875 1.05395 0.0539502
0.3125 1.05542 0.0554189
0.3125 1.05542 0.0554189
0.328125 1.05681 0.0568093
0.328125 1.05681 0.0568093
0.34375 1.05811 0.0581116
0.34375 1.05811 0.0581116
0.359375 1.05932 0.0593168
0.359375 1.05932 0.0593168
0.375 1.06042 0.060417
0.375 1.06042 0.060417
0.390625 1.0614 0.0614047
0.390625 1.0614 0.0614047
0.40625 1.06227 0.0622737
0.40625 1.06227 0.0622737
0.421875 1.06302 0.0630183
0.421875 1.06302 0.0630183
0.4375 1.06363 0.063634
0.4375 1.06363 0.063634
0.453125 1.06412 0.0641167
0.453125 1.06412 0.0641167
0.46875 1.06446 0.0644637
0.46875 1.06446 0.0644637
0.484375 1.06467 0.0646727
0.484375 1.06467 0.0646727
0.5 1.06474 0.0647425
0.5 1.06474 0.0647425
0.515625 1.06467 0.0646727
0.515625 1.06467 0.0646727
0.53125 1.06446 0.0644637
0.53125 1.06446 0.0644637
0.546875 1.06412 0.0641167
0.546875 1.06412 0.0641167
0.5625 1.06363 0.063634
0.5625 1.06363 0.063634
0.578125 1.06302 0.0630183
0.578125 1.06302 0.0630183
0.59375 1.06227 0.0622737
0.59375 1.06227 0.0622737
0.609375 1.0614 0.0614047
0.609375 1.0614 0.0614047
0.625 1.06042 0.060417
0.625 1.06042 0.060417
0.640625 1.05932 0.0593168
0.640625 1.05932 0.0593168
0.65625 1.05811 0.0581116
0.65625 1.05811 0.0581116
0.671875 1.05681 0.0568093
0.671875 1.05681 0.0568093
0.6875 1.05542 0.0554189
0.6875 1.05542 0.0554189
0.703125 1.05395 0.0539502
0.703125 1.05395 0.0539502
0.71875 1.05241 0.0524138
0.71875 1.05241 0.0524138
0.734375 1.05082 0.0508209
0.734375 1.05082 0.0508209
0.75 1.04918 0.0491837
0.75 1.04918 0.0491837
0.765625 1.04751 0.0475149
0.765625 1.04751 0.0475149
0.78125 1.04583 0.0458279
0.78125 1.04583 0.0458279
0.796875 1.04414 0.0441367
0.796875 1.04414 0.0441367
0.8125 1.04246 0.0424559
0.8125 1.04246 0.0424559
0.828125 1.0408 0.0408004
0.828125 1.0408 0.0408004
0.84375 1.03919 0.0391859
0.84375 1.03919 0.0391859
0.859375 1.03763 0.0376282
0.859375 1.03763 0.0376282
0.875 1.03614 0.036144
0.875 1.03614 0.036144
0.890625 1.03475 0.0347503
0.890625 1.03475 0.0347503
0.90625 1.03346 0.0334648
0.90625 1.03346 0.0334648
0.921875 1.03231 0.0323063
0.921875 1.03231 0.0323063
0.9375 1.0313 0.0312953
0.9375 1.0313 0.0312953
0.953125 1.03045 0.0304547
0.953125 1.03045 0.0304547
0.96875 1.02981 0.0298124
0.96875 1.02981 0.0298124
0.984375 1.02941 0.0294055
0.984375 1.02941 0.0294055
1 1 0
