# x y topography
0 1 0
0.015625 1.02466 0.0246584
0.015625 1.02466 0.0246584
0.03125 1.02513 0.0251308
0.03125 1.02513 0.0251308
0.046875 1.0259 0.0259024
0.046875 1.0259 0.0259024
0.0625 1.02693 0.0269333
0.0625 1.02693 0.0269333
0.078125 1.02819 0.0281914
0.078125 1.02819 0.0281914
0.09375 1.02965 0.0296483
0.09375 1.02965 0.0296483
0.109375 1.03128 0.0312771
0.109375 1.03128 0.0312771
0.125 1.03305 0.0330521
0.125 1.03305 0.0330521
0.140625 1.03495 0.0349479
0.140625 1.03495 0.0349479
0.15625 1.03694 0.0369398
0.15625 1.03694 0.0369398
0.171875 1.039 0.0390036
0.171875 1.039 0.0390036
0.1875 1.04112 0.0411158
0.1875 1.04112 0.0411158
0.203125 1.04325 0.043254
0.203125 1.04325 0.043254
0.21875 1.0454 0.0453967
0.21875 1.0454 0.0453967
0.234375 1.04752 0.0475237
0.234375 1.04752 0.0475237
0.25 1.04962 0.0496163
0.25 1.04962 0.0496163
0.265625 1.05166 0.051657
0.265625 1.05166 0.051657
0.28125 1.05363 0.0536298
0.28125 1.05363 0.0536298
0.296875 1.05552 0.0555205
0.296875 1.05552 0.0555205
0.3125 1.05732 0.0573159
0.3125 1.05732 0.0573159
0.328125 1.059 0.0590046
0.328125 1.059 0.0590046
0.34375 1.06058 0.0605763
0.34375 1.06058 0.0605763
0.359375 1.06202 0.0620222
0.359375 1.06202 0.0620222
0.375 1.06333 0.0633345
0.375 1.06333 0.0633345
0.390625 1.06451 0.0645067
0.390625 1.06451 0.0645067
0.40625 1.06553 0.065533
0.40625 1.06553 0.065533
0.421875 1.06641 0.0664089
0.421875 1.06641 0.0664089
0.4375 1.06713 0.0671305
0.4375 1.06713 0.0671305
0.453125 1.06769 0.0676947
0.453125 1.06769 0.0676947
0.46875 1.0681 0.0680994
0.46875 1.0681 0.0680994
0.484375 1.06834 0.0683428
0.484375 1.06834 0.0683428
0.5 1.06842 0.0684241
0.5 1.06842 0.0684241
0.515625 1.06834 0.0683428
0.515625 1.06834 0.0683428
0.53125 1.0681 0.0680994
0.53125 1.0681 0.0680994
0.546875 1.06769 0.0676947
0.546875 1.06769 0.0676947
0.5625 1.06713 0.0671305
0.5625 1.06713 0.0671305
0.578125 1.06641 0.0664089
0.578125 1.06641 0.0664089
0.59375 1.06553 0.065533
0.59375 1.06553 0.065533
0.609375 1.06451 0.0645067
0.609375 1.06451 0.0645067
0.625 1.06333 0.0633345
0.625 1.06333 0.0633345
0.640625 1.06202 0.0620222
0.640625 1.06202 0.0620222
0.65625 1.06058 0.0605763
0.65625 1.06058 0.0605763
0.671875 1.059 0.0590046
0.671875 1.059 0.0590046
0.6875 1.05732 0.0573159
0.6875 1.05732 0.0573159
0.703125 1.05552 0.0555205
0.703125 1.05552 0.0555205
0.71875 1.05363 0.0536298
0.71875 1.05363 0.0536298
0.734375 1.05166 0.051657
0.734375 1.05166 0.051657
0.75 1.04962 0.0496163
0.75 1.04962 0.0496163
0.765625 1.04752 0.0475237
0.765625 1.04752 0.0475237
0.78125 1.0454 0.0453967
0.78125 1.0454 0.0453967
0.796875 1.04325 0.043254
0.796875 1.04325 0.043254
0.8125 1.04112 0.0411158
0.8125 1.04112 0.0411158
0.828125 1.039 0.0390036
0.828125 1.039 0.0390036
0.84375 1.03694 0.0369398
0.84375 1.03694 0.0369398
0.859375 1.03495 0.0349479
0.859375 1.03495 0.0349479
0.875 1.03305 0.0330521
0.875 1.03305 0.0330521
0.890625 1.03128 0.0312771
0.890625 1.03128 0.0312771
0.90625 1.02965 0.0296483
0.90625 1.02965 0.0296483
0.921875 1.02819 0.0281914
0.921875 1.02819 0.0281914
0.9375 1.02693 0.0269333
0.9375 1.02693 0.0269333
0.953125 1.0259 0.0259024
0.953125 1.0259 0.0259024
0.96875 1.02513 0.0251308
0.96875 1.02513 0.0251308
0.984375 1.02466 0.0246584
0.984375 1.02466 0.0246584
1 1 0
