# x y topography
0 1 0
0.015625 1.02253 0.0225335
0.015625 1.02253 0.0225335
0.03125 1.02304 0.0230433
0.03125 1.02304 0.0230433
0.046875 1.02389 0.0238885
0.046875 1.02389 0.0238885
0.0625 1.02503 0.0250267
0.0625 1.02503 0.0250267
0.078125 1.02642 0.0264221
0.078125 1.02642 0.0264221
0.09375 1.02804 0.0280421
0.09375 1.02804 0.0280421
0.109375 1.02985 0.0298549
0.109375 1.02985 0.0298549
0.125 1.03183 0.0318292
0.125 1.03183 0.0318292
0.140625 1.03393 0.0339344
0.140625 1.03393 0.0339344
0.15625 1.03614 0.0361403
0.15625 1.03614 0.0361403
0.171875 1.03842 0.0384181
0.171875 1.03842 0.0384181
0.1875 1.04074 0.0407399
0.1875 1.04074 0.0407399
0.203125 1.04308 0.0430796
0.203125 1.04308 0.0430796
0.21875 1.04541 0.0454129
0.21875 1.04541 0.0454129
0.234375 1.04772 0.0477175
0.234375 1.04772 0.0477175
0.25 1.04997 0.0499732
0.25 1.04997 0.0499732
0.265625 1.05216 0.0521618
0.265625 1.05216 0.0521618
0.28125 1.05427 0.0542672
0.28125 1.05427 0.0542672
0.296875 1.05628 0.0562752
0.296875 1.05628 0.0562752
0.3125 1.05817 0.0581737
0.3125 1.05817 0.0581737
0.328125 1.05995 0.0599519
0.328125 1.05995 0.0599519
0.34375 1.0616 0.0616007
0.34375 1.0616 0.0616007
0.359375 1.06311 0.0631122
0.359375 1.06311 0.0631122
0.375 1.06448 0.06448
0.375 1.06448 0.06448
0.390625 1.0657 0.0656985
0.390625 1.0657 0.0656985
0.40625 1.06676 0.066763
0.40625 1.06676 0.066763
0.421875 1.06767 0.0676697
0.421875 1.06767 0.0676697
0.4375 1.06842 0.0684155
0.4375 1.06842 0.0684155
0.453125 1.069 0.0689981
0.453125 1.069 0.0689981
0.46875 1.06942 0.0694154
0.46875 1.06942 0.0694154
0.484375 1.06967 0.0696664
0.484375 1.06967 0.0696664
0.5 1.06975 0.0697501
0.5 1.06975 0.0697501
0.515625 1.06967 0.0696664
0.515625 1.06967 0.0696664
0.53125 1.06942 0.0694154
0.53125 1.06942 0.0694154
0.546875 1.069 0.0689981
0.546875 1.069 0.0689981
0.5625 1.06842 0.0684155
0.5625 1.06842 0.0684155
0.578125 1.06767 0.0676697
0.578125 1.06767 0.0676697
0.59375 1.06676 0.066763
0.59375 1.06676 0.066763
0.609375 1.0657 0.0656985
0.609375 1.0657 0.0656985
0.625 1.06448 0.06448
0.625 1.06448 0.06448
0.640625 1.06311 0.0631122
0.640625 1.06311 0.0631122
0.65625 1.0616 0.0616007
0.65625 1.0616 0.0616007
0.671875 1.05995 0.0599519
0.671875 1.05995 0.0599519
0.6875 1.05817 0.0581737
0.6875 1.05817 0.0581737
0.703125 1.05628 0.0562752
0.703125 1.05628 0.0562752
0.71875 1.05427 0.0542672
0.71875 1.05427 0.0542672
0.734375 1.05216 0.0521618
0.734375 1.05216 0.0521618
0.75 1.04997 0.0499732
0.75 1.04997 0.0499732
0.765625 1.04772 0.0477175
0.765625 1.04772 0.0477175
0.78125 1.04541 0.0454129
0.78125 1.04541 0.0454129
0.796875 1.04308 0.0430796
0.796875 1.04308 0.0430796
0.8125 1.04074 0.0407399
0.8125 1.04074 0.0407399
0.828125 1.03842 0.0384181
0.828125 1.03842 0.0384181
0.84375 1.03614 0.0361403
0.84375 1.03614 0.0361403
0.859375 1.03393 0.0339344
0.859375 1.03393 0.0339344
0.875 1.03183 0.0318292
0.875 1.03183 0.0318292
0.890625 1.02985 0.0298549
0.890625 1.02985 0.0298549
0.90625 1.02804 0.0280421
0.90625 1.02804 0.0280421
0.921875 1.02642 0.0264221
0.921875 1.02642 0.0264221
0.9375 1.02503 0.0250267
0.9375 1.02503 0.0250267
0.953125 1.02389 0.0238885
0.953125 1.02389 0.0238885
0.96875 1.02304 0.0230433
0.96875 1.02304 0.0230433
0.984375 1.02253 0.0225335
0.984375 1.02253 0.0225335
1 1 0
