# x y topography
0 1 0
0.015625 1.0151 0.015095
0.015625 1.0151 0.015095
0.03125 1.01582 0.015823
0.03125 1.01582 0.015823
0.046875 1.01709 0.0170886
0.046875 1.01709 0.0170886
0.0625 1.01882 0.0188191
0.0625 1.01882 0.0188191
0.078125 1.02094 0.020939
0.078125 1.02094 0.020939
0.09375 1.02337 0.0233705
0.09375 1.02337 0.0233705
0.109375 1.02604 0.0260371
0.109375 1.02604 0.0260371
0.125 1.02887 0.028867
0.125 1.02887 0.028867
0.140625 1.0318 0.0317964
0.140625 1.0318 0.0317964
0.15625 1.03477 0.0347709
0.15625 1.03477 0.0347709
0.171875 1.03775 0.0377459
0.171875 1.03775 0.0377459
0.1875 1.04069 0.0406863
0.1875 1.04069 0.0406863
0.203125 1.04356 0.0435648
0.203125 1.04356 0.0435648
0.21875 1.04636 0.0463608
0.21875 1.04636 0.0463608
0.234375 1.04906 0.0490584
0.234375 1.04906 0.0490584
0.25 1.05165 0.0516455
0.25 1.05165 0.0516455
0.265625 1.05411 0.0541125
0.265625 1.05411 0.0541125
0.28125 1.05645 0.0564513
0.28125 1.05645 0.0564513
0.296875 1.05866 0.0586554
0.296875 1.05866 0.0586554
0.3125 1.06072 0.0607187
0.3125 1.06072 0.0607187
0.328125 1.06264 0.0626361
0.328125 1.06264 0.0626361
0.34375 1.0644 0.0644026
0.34375 1.0644 0.0644026
0.359375 1.06601 0.0660141
0.359375 1.06601 0.0660141
0.375 1.06747 0.0674666
0.375 1.06747 0.0674666
0.390625 1.06876 0.0687565
0.390625 1.06876 0.0687565
0.40625 1.06988 0.0698808
0.40625 1.06988 0.0698808
0.421875 1.07084 0.0708368
0.421875 1.07084 0.0708368
0.4375 1.07162 0.0716221
0.4375 1.07162 0.0716221
0.453125 1.07223 0.0722349
0.453125 1.07223 0.0722349
0.46875 1.07267 0.0726736
0.46875 1.07267 0.0726736
0.484375 1.07294 0.0729373
0.484375 1.07294 0.0729373
0.5 1.07303 0.0730253
0.5 1.07303 0.0730253
0.515625 1.07294 0.0729373
0.515625 1.07294 0.0729373
0.53125 1.07267 0.0726736
0.53125 1.07267 0.0726736
0.546875 1.07223 0.0722349
0.546875 1.07223 0.0722349
0.5625 1.07162 0.0716221
0.5625 1.07162 0.0716221
0.578125 1.07084 0.0708368
0.578125 1.07084 0.0708368
0.59375 1.06988 0.0698808
0.59375 1.06988 0.0698808
0.609375 1.06876 0.0687565
0.609375 1.06876 0.0687565
0.625 1.06747 0.0674666
0.625 1.06747 0.0674666
0.640625 1.06601 0.0660141
0.640625 1.06601 0.0660141
0.65625 1.0644 0.0644026
0.65625 1.0644 0.0644026
0.671875 1.06264 0.0626361
0.671875 1.06264 0.0626361
0.6875 1.06072 0.0607187
0.6875 1.06072 0.0607187
0.703125 1.05866 0.0586554
0.703125 1.05866 0.0586554
0.71875 1.05645 0.0564513
0.71875 1.05645 0.0564513
0.734375 1.05411 0.0541125
0.734375 1.05411 0.0541125
0.75 1.05165 0.0516455
0.75 1.05165 0.0516455
0.765625 1.04906 0.0490584
0.765625 1.04906 0.0490584
0.78125 1.04636 0.0463608
0.78125 1.04636 0.0463608
0.796875 1.04356 0.0435648
0.796875 1.04356 0.0435648
0.8125 1.04069 0.0406863
0.8125 1.04069 0.0406863
0.828125 1.03775 0.0377459
0.828125 1.03775 0.0377459
0.84375 1.03477 0.0347709
0.84375 1.03477 0.0347709
0.859375 1.0318 0.0317964
0.859375 1.0318 0.0317964
0.875 1.02887 0.028867
0.875 1.02887 0.028867
0.890625 1.02604 0.0260371
0.890625 1.02604 0.0260371
0.90625 1.02337 0.0233705
0.90625 1.02337 0.0233705
0.921875 1.02094 0.020939
0.921875 1.02094 0.020939
0.9375 1.01882 0.0188191
0.9375 1.01882 0.0188191
0.953125 1.01709 0.0170886
0.953125 1.01709 0.0170886
0.96875 1.01582 0.015823
0.96875 1.01582 0.015823
0.984375 1.0151 0.015095
0.984375 1.0151 0.015095
1 1 0
