# x y topography
0 1 0
0.015625 1.02868 0.0286764
0.015625 1.02868 0.0286764
0.03125 1.02909 0.0290922
0.03125 1.02909 0.0290922
0.046875 1.02975 0.0297521
0.046875 1.02975 0.0297521
0.0625 1.03062 0.0306186
0.0625 1.03062 0.0306186
0.078125 1.03166 0.0316635
0.078125 1.03166 0.0316635
0.09375 1.03286 0.0328632
0.09375 1.03286 0.0328632
0.109375 1.0342 0.0341966
0.109375 1.0342 0.0341966
0.125 1.03564 0.0356441
0.125 1.03564 0.0356441
0.140625 1.03719 0.0371871
0.140625 1.03719 0.0371871
0.15625 1.03881 0.0388077
0.15625 1.03881 0.0388077
0.171875 1.04049 0.0404884
0.171875 1.04049 0.0404884
0.1875 1.04221 0.0422123
0.1875 1.04221 0.0422123
0.203125 1.04396 0.0439629
0.203125 1.04396 0.0439629
0.21875 1.04572 0.0457242
0.21875 1.04572 0.0457242
0.234375 1.04748 0.047481
0.234375 1.04748 0.047481
0.25 1.04922 0.0492184
0.25 1.04922 0.0492184
0.265625 1.05092 0.0509223
0.265625 1.05092 0.0509223
0.28125 1.05258 0.0525794
0.28125 1.05258 0.0525794
0.296875 1.05418 0.054177
0.296875 1.05418 0.054177
0.3125 1.0557 0.0557033
0.3125 1.0557 0.0557033
0.328125 1.05715 0.0571475
0.328125 1.05715 0.0571475
0.34375 1.0585 0.0584994
0.34375 1.0585 0.0584994
0.359375 1.05975 0.0597499
0.359375 1.05975 0.0597499
0.375 1.06089 0.0608907
0.375 1.06089 0.0608907
0.390625 1.06191 0.0619144
0.390625 1.06191 0.0619144
0.40625 1.06281 0.0628145
0.40625 1.06281 0.0628145
0.421875 1.06359 0.0635855
0.421875 1.06359 0.0635855
0.4375 1.06422 0.0642227
0.4375 1.06422 0.0642227
0.453125 1.06472 0.0647222
0.453125 1.06472 0.0647222
0.46875 1.06508 0.0650812
0.46875 1.06508 0.0650812
0.484375 1.0653 0.0652973
0.484375 1.0653 0.0652973
0.5 1.06537 0.0653695
0.5 1.06537 0.0653695
0.515625 1.0653 0.0652973
0.515625 1.0653 0.0652973
0.53125 1.06508 0.0650812
0.53125 1.06508 0.0650812
0.546875 1.06472 0.0647222
0.546875 1.06472 0.0647222
0.5625 1.06422 0.0642227
0.5625 1.06422 0.0642227
0.578125 1.06359 0.0635855
0.578125 1.06359 0.0635855
0.59375 1.06281 0.0628145
0.59375 1.06281 0.0628145
0.609375 1.06191 0.0619144
0.609375 1.06191 0.0619144
0.625 1.06089 0.0608907
0.625 1.06089 0.0608907
0.640625 1.05975 0.0597499
0.640625 1.05975 0.0597499
0.65625 1.0585 0.0584994
0.65625 1.0585 0.0584994
0.671875 1.05715 0.0571475
0.671875 1.05715 0.0571475
0.6875 1.0557 0.0557033
0.6875 1.0557 0.0557033
0.703125 1.05418 0.054177
0.703125 1.05418 0.054177
0.71875 1.05258 0.0525794
0.71875 1.05258 0.0525794
0.734375 1.05092 0.0509223
0.734375 1.05092 0.0509223
0.75 1.04922 0.0492184
0.75 1.04922 0.0492184
0.765625 1.04748 0.047481
0.765625 1.04748 0.047481
0.78125 1.04572 0.0457242
0.78125 1.04572 0.0457242
0.796875 1.04396 0.0439629
0.796875 1.04396 0.0439629
0.8125 1.04221 0.0422123
0.8125 1.04221 0.0422123
0.828125 1.04049 0.0404884
0.828125 1.04049 0.0404884
0.84375 1.03881 0.0388077
0.84375 1.03881 0.0388077
0.859375 1.03719 0.0371871
0.859375 1.03719 0.0371871
0.875 1.03564 0.0356441
0.875 1.03564 0.0356441
0.890625 1.0342 0.0341966
0.890625 1.0342 0.0341966
0.90625 1.03286 0.0328632
0.90625 1.03286 0.0328632
0.921875 1.03166 0.0316635
0.921875 1.03166 0.0316635
0.9375 1.03062 0.0306186
0.9375 1.03062 0.0306186
0.953125 1.02975 0.0297521
0.953125 1.02975 0.0297521
0.96875 1.02909 0.0290922
0.96875 1.02909 0.0290922
0.984375 1.02868 0.0286764
0.984375 1.02868 0.0286764
1 1 0
