# x y topography
0 1 0
0.015625 1.03104 0.0310407
0.015625 1.03104 0.0310407
0.03125 1.03143 0.0314289
0.03125 1.03143 0.0314289
0.046875 1.03203 0.032034
0.046875 1.03203 0.032034
0.0625 1.03282 0.0328196
0.0625 1.03282 0.0328196
0.078125 1.03376 0.0337585
0.078125 1.03376 0.0337585
0.09375 1.03483 0.0348289
0.09375 1.03483 0.0348289
0.109375 1.03601 0.0360118
0.109375 1.03601 0.0360118
0.125 1.03729 0.0372896
0.125 1.03729 0.0372896
0.140625 1.03865 0.0386465
0.140625 1.03865 0.0386465
0.15625 1.04007 0.040067
0.15625 1.04007 0.040067
0.171875 1.04154 0.0415364
0.171875 1.04154 0.0415364
0.1875 1.04304 0.0430408
0.1875 1.04304 0.0430408
0.203125 1.04457 0.0445664
0.203125 1.04457 0.0445664
0.21875 1.0461 0.0461001
0.21875 1.0461 0.0461001
0.234375 1.04763 0.0476291
0.234375 1.04763 0.0476291
0.25 1.04914 0.0491411
0.25 1.04914 0.0491411
0.265625 1.05062 0.0506244
0.265625 1.05062 0.0506244
0.28125 1.05207 0.0520677
0.28125 1.05207 0.0520677
0.296875 1.05346 0.0534602
0.296875 1.05346 0.0534602
0.3125 1.05479 0.0547918
0.3125 1.05479 0.0547918
0.328125 1.05605 0.0560531
0.328125 1.05605 0.0560531
0.34375 1.05724 0.0572352
0.34375 1.05724 0.0572352
0.359375 1.05833 0.0583298
0.359375 1.05833 0.0583298
0.375 1.05933 0.0593297
0.375 1.05933 0.0593297
0.390625 1.06023 0.0602279
0.390625 1.06023 0.0602279
0.40625 1.06102 0.0610186
0.40625 1.06102 0.0610186
0.421875 1.0617 0.0616966
0.421875 1.0617 0.0616966
0.4375 1.06226 0.0622573
0.4375 1.06226 0.0622573
0.453125 1.0627 0.0626973
0.453125 1.0627 0.0626973
0.46875 1.06301 0.0630135
0.46875 1.06301 0.0630135
0.484375 1.0632 0.0632041
0.484375 1.0632 0.0632041
0.5 1.06327 0.0632678
0.5 1.06327 0.0632678
0.515625 1.0632 0.0632041
0.515625 1.0632 0.0632041
0.53125 1.06301 0.0630135
0.53125 1.06301 0.0630135
0.546875 1.0627 0.0626973
0.546875 1.0627 0.0626973
0.5625 1.06226 0.0622573
0.5625 1.06226 0.0622573
0.578125 1.0617 0.0616966
0.578125 1.0617 0.0616966
0.59375 1.06102 0.0610186
0.59375 1.06102 0.0610186
0.609375 1.06023 0.0602279
0.609375 1.06023 0.0602279
0.625 1.05933 0.0593297
0.625 1.05933 0.0593297
0.640625 1.05833 0.0583298
0.640625 1.05833 0.0583298
0.65625 1.05724 0.0572352
0.65625 1.05724 0.0572352
0.671875 1.05605 0.0560531
0.671875 1.05605 0.0560531
0.6875 1.05479 0.0547918
0.6875 1.05479 0.0547918
0.703125 1.05346 0.0534602
0.703125 1.05346 0.0534602
0.71875 1.05207 0.0520677
0.71875 1.05207 0.0520677
0.734375 1.05062 0.0506244
0.734375 1.05062 0.0506244
0.75 1.04914 0.0491411
0.75 1.04914 0.0491411
0.765625 1.04763 0.0476291
0.765625 1.04763 0.0476291
0.78125 1.0461 0.0461001
0.78125 1.0461 0.0461001
0.796875 1.04457 0.0445664
0.796875 1.04457 0.0445664
0.8125 1.04304 0.0430408
0.8125 1.04304 0.0430408
0.828125 1.04154 0.0415364
0.828125 1.04154 0.0415364
0.84375 1.04007 0.040067
0.84375 1.04007 0.040067
0.859375 1.03865 0.0386465
0.859375 1.03865 0.0386465
0.875 1.03729 0.0372896
0.875 1.03729 0.0372896
0.890625 1.03601 0.0360118
0.890625 1.03601 0.0360118
0.90625 1.03483 0.0348289
0.90625 1.03483 0.0348289
0.921875 1.03376 0.0337585
0.921875 1.03376 0.0337585
0.9375 1.03282 0.0328196
0.9375 1.03282 0.0328196
0.953125 1.03203 0.032034
0.953125 1.03203 0.032034
0.96875 1.03143 0.0314289
0.96875 1.03143 0.0314289
0.984375 1.03104 0.0310407
0.984375 1.03104 0.0310407
1 1 0
