# x y topography
0 1 0
0.015625 1.02792 0.027924
0.015625 1.02792 0.027924
0.03125 1.02835 0.0283493
0.03125 1.02835 0.0283493
0.046875 1.02903 0.029028
0.046875 1.02903 0.029028
0.0625 1.02992 0.0299223
0.0625 1.02992 0.0299223
0.078125 1.031 0.0310035
0.078125 1.031 0.0310035
0.09375 1.03225 0.0322472
0.09375 1.03225 0.0322472
0.109375 1.03363 0.0336317
0.109375 1.03363 0.0336317
0.125 1.03514 0.0351363
0.125 1.03514 0.0351363
0.140625 1.03674 0.0367416
0.140625 1.03674 0.0367416
0.15625 1.03843 0.0384284
0.15625 1.03843 0.0384284
0.171875 1.04018 0.0401784
0.171875 1.04018 0.0401784
0.1875 1.04197 0.0419736
0.1875 1.04197 0.0419736
0.203125 1.0438 0.0437965
0.203125 1.0438 0.0437965
0.21875 1.04563 0.0456302
0.21875 1.04563 0.0456302
0.234375 1.04746 0.0474584
0.234375 1.04746 0.0474584
0.25 1.04927 0.0492655
0.25 1.04927 0.0492655
0.265625 1.05104 0.0510368
0.265625 1.05104 0.0510368
0.28125 1.05276 0.0527583
0.28125 1.05276 0.0527583
0.296875 1.05442 0.0544167
0.296875 1.05442 0.0544167
0.3125 1.056 0.0560001
0.3125 1.056 0.0560001
0.328125 1.0575 0.057497
0.328125 1.0575 0.057497
0.34375 1.0589 0.0588972
0.34375 1.0589 0.0588972
0.359375 1.06019 0.0601914
0.359375 1.06019 0.0601914
0.375 1.06137 0.0613711
0.375 1.06137 0.0613711
0.390625 1.06243 0.0624291
0.390625 1.06243 0.0624291
0.40625 1.06336 0.0633588
0.40625 1.06336 0.0633588
0.421875 1.06415 0.0641547
0.421875 1.06415 0.0641547
0.4375 1.06481 0.0648122
0.4375 1.06481 0.0648122
0.453125 1.06533 0.0653274
0.453125 1.06533 0.0653274
0.46875 1.0657 0.0656974
0.46875 1.0657 0.0656974
0.484375 1.06592 0.0659203
0.484375 1.06592 0.0659203
0.5 1.06599 0.0659947
0.5 1.06599 0.0659947
0.515625 1.06592 0.0659203
0.515625 1.06592 0.0659203
0.53125 1.0657 0.0656974
0.53125 1.0657 0.0656974
0.546875 1.06533 0.0653274
0.546875 1.06533 0.0653274
0.5625 1.06481 0.0648122
0.5625 1.06481 0.0648122
0.578125 1.06415 0.0641547
0.578125 1.06415 0.0641547
0.59375 1.06336 0.0633588
0.59375 1.06336 0.0633588
0.609375 1.06243 0.0624291
0.609375 1.06243 0.0624291
0.625 1.06137 0.0613711
0.625 1.06137 0.0613711
0.640625 1.06019 0.0601914
0.640625 1.06019 0.0601914
0.65625 1.0589 0.0588972
0.65625 1.0589 0.0588972
0.671875 1.0575 0.057497
0.671875 1.0575 0.057497
0.6875 1.056 0.0560001
0.6875 1.056 0.0560001
0.703125 1.05442 0.0544167
0.703125 1.05442 0.0544167
0.71875 1.05276 0.0527583
0.71875 1.05276 0.0527583
0.734375 1.05104 0.0510368
0.734375 1.05104 0.0510368
0.75 1.04927 0.0492655
0.75 1.04927 0.0492655
0.765625 1.04746 0.0474584
0.765625 1.04746 0.0474584
0.78125 1.04563 0.0456302
0.78125 1.04563 0.0456302
0.796875 1.0438 0.0437965
0.796875 1.0438 0.0437965
0.8125 1.04197 0.0419736
0.8125 1.04197 0.0419736
0.828125 1.04018 0.0401784
0.828125 1.04018 0.0401784
0.84375 1.03843 0.0384284
0.84375 1.03843 0.0384284
0.859375 1.03674 0.0367416
0.859375 1.03674 0.0367416
0.875 1.03514 0.0351363
0.875 1.03514 0.0351363
0.890625 1.03363 0.0336317
0.890625 1.03363 0.0336317
0.90625 1.03225 0.0322472
0.90625 1.03225 0.0322472
0.921875 1.031 0.0310035
0.921875 1.031 0.0310035
0.9375 1.02992 0.0299223
0.9375 1.02992 0.0299223
0.953125 1.02903 0.029028
0.953125 1.02903 0.029028
0.96875 1.02835 0.0283493
0.96875 1.02835 0.0283493
0.984375 1.02792 0.027924
0.984375 1.02792 0.027924
1 1 0
