# x y topography
0 1 0
0.015625 1.01118 0.0111822
0.015625 1.01118 0.0111822
0.03125 1.01216 0.0121617
0.03125 1.01216 0.0121617
0.046875 1.01389 0.0138851
0.046875 1.01389 0.0138851
0.0625 1.0162 0.0162038
0.0625 1.0162 0.0162038
0.078125 1.01896 0.0189573
0.078125 1.01896 0.0189573
0.09375 1.02199 0.0219949
0.09375 1.02199 0.0219949
0.109375 1.02519 0.025191
0.109375 1.02519 0.025191
0.125 1.02845 0.0284517
0.125 1.02845 0.0284517
0.140625 1.03171 0.0317124
0.140625 1.03171 0.0317124
0.15625 1.03493 0.0349314
0.15625 1.03493 0.0349314
0.171875 1.03808 0.0380826
0.171875 1.03808 0.0380826
0.1875 1.04115 0.0411491
0.1875 1.04115 0.0411491
0.203125 1.04412 0.0441195
0.203125 1.04412 0.0441195
0.21875 1.04698 0.0469846
0.21875 1.04698 0.0469846
0.234375 1.04974 0.049737
0.234375 1.04974 0.049737
0.25 1.05237 0.0523697
0.25 1.05237 0.0523697
0.265625 1.05488 0.0548762
0.265625 1.05488 0.0548762
0.28125 1.05725 0.0572506
0.28125 1.05725 0.0572506
0.296875 1.05949 0.0594871
0.296875 1.05949 0.0594871
0.3125 1.06158 0.0615802
0.3125 1.06158 0.0615802
0.328125 1.06352 0.063525
0.328125 1.06352 0.063525
0.34375 1.06532 0.0653167
0.34375 1.06532 0.0653167
0.359375 1.06695 0.0669511
0.359375 1.06695 0.0669511
0.375 1.06842 0.0684242
0.375 1.06842 0.0684242
0.390625 1.06973 0.0697325
0.390625 1.06973 0.0697325
0.40625 1.07087 0.0708728
0.40625 1.07087 0.0708728
0.421875 1.07184 0.0718423
0.421875 1.07184 0.0718423
0.4375 1.07264 0.0726388
0.4375 1.07264 0.0726388
0.453125 1.07326 0.0732603
0.453125 1.07326 0.0732603
0.46875 1.07371 0.0737052
0.46875 1.07371 0.0737052
0.484375 1.07397 0.0739727
0.484375 1.07397 0.0739727
0.5 1.07406 0.0740619
0.5 1.07406 0.0740619
0.515625 1.07397 0.0739727
0.515625 1.07397 0.0739727
0.53125 1.07371 0.0737052
0.53125 1.07371 0.0737052
0.546875 1.07326 0.0732603
0.546875 1.07326 0.0732603
0.5625 1.07264 0.0726388
0.5625 1.07264 0.0726388
0.578125 1.07184 0.0718423
0.578125 1.07184 0.0718423
0.59375 1.07087 0.0708728
0.59375 1.07087 0.0708728
0.609375 1.06973 0.0697325
0.609375 1.06973 0.0697325
0.625 1.06842 0.0684242
0.625 1.06842 0.0684242
0.640625 1.06695 0.0669511
0.640625 1.06695 0.0669511
0.65625 1.06532 0.0653167
0.65625 1.06532 0.0653167
0.671875 1.06352 0.063525
0.671875 1.06352 0.063525
0.6875 1.06158 0.0615802
0.6875 1.06158 0.0615802
0.703125 1.05949 0.0594871
0.703125 1.05949 0.0594871
0.71875 1.05725 0.0572506
0.71875 1.05725 0.0572506
0.734375 1.05488 0.0548762
0.734375 1.05488 0.0548762
0.75 1.05237 0.0523697
0.75 1.05237 0.0523697
0.765625 1.04974 0.049737
0.765625 1.04974 0.049737
0.78125 1.04698 0.0469846
0.78125 1.04698 0.0469846
0.796875 1.04412 0.0441195
0.796875 1.04412 0.0441195
0.8125 1.04115 0.0411491
0.8125 1.04115 0.0411491
0.828125 1.03808 0.0380826
0.828125 1.03808 0.0380826
0.84375 1.03493 0.0349314
0.84375 1.03493 0.0349314
0.859375 1.03171 0.0317124
0.859375 1.03171 0.0317124
0.875 1.02845 0.0284517
0.875 1.02845 0.0284517
0.890625 1.02519 0.025191
0.890625 1.02519 0.025191
0.90625 1.02199 0.0219949
0.90625 1.02199 0.0219949
0.921875 1.01896 0.0189573
0.921875 1.01896 0.0189573
0.9375 1.0162 0.0162038
0.9375 1.0162 0.0162038
0.953125 1.01389 0.0138851
0.953125 1.01389 0.0138851
0.96875 1.01216 0.0121617
0.96875 1.01216 0.0121617
0.984375 1.01118 0.0111822
0.984375 1.01118 0.0111822
1 1 0
