# x y topography
0 1 0
0.015625 1.01919 0.0191852
0.015625 1.01919 0.0191852
0.03125 1.01977 0.0197709
0.03125 1.01977 0.0197709
0.046875 1.02076 0.0207643
0.046875 1.02076 0.0207643
0.0625 1.02212 0.0221154
0.0625 1.02212 0.0221154
0.078125 1.02378 0.0237789
0.078125 1.02378 0.0237789
0.09375 1.02571 0.0257099
0.09375 1.02571 0.0257099
0.109375 1.02786 0.0278635
0.109375 1.02786 0.0278635
0.125 1.0302 0.0301954
0.125 1.0302 0.0301954
0.140625 1.03266 0.0326626
0.140625 1.03266 0.0326626
0.15625 1.03522 0.0352239
0.15625 1.03522 0.0352239
0.171875 1.03784 0.0378414
0.171875 1.03784 0.0378414
0.1875 1.04048 0.0404804
0.1875 1.04048 0.0404804
0.203125 1.04311 0.0431103
0.203125 1.04311 0.0431103
0.21875 1.0457 0.0457042
0.21875 1.0457 0.0457042
0.234375 1.04824 0.048239
0.234375 1.04824 0.048239
0.25 1.0507 0.0506953
0.25 1.0507 0.0506953
0.265625 1.05306 0.0530566
0.265625 1.05306 0.0530566
0.28125 1.05531 0.0553093
0.28125 1.05531 0.0553093
0.296875 1.05744 0.0574421
0.296875 1.05744 0.0574421
0.3125 1.05945 0.0594456
0.3125 1.05945 0.0594456
0.328125 1.06131 0.0613119
0.328125 1.06131 0.0613119
0.34375 1.06303 0.0630344
0.34375 1.06303 0.0630344
0.359375 1.06461 0.0646075
0.359375 1.06461 0.0646075
0.375 1.06603 0.0660266
0.375 1.06603 0.0660266
0.390625 1.06729 0.0672877
0.390625 1.06729 0.0672877
0.40625 1.06839 0.0683871
0.40625 1.06839 0.0683871
0.421875 1.06932 0.0693222
0.421875 1.06932 0.0693222
0.4375 1.07009 0.0700905
0.4375 1.07009 0.0700905
0.453125 1.07069 0.07069
0.453125 1.07069 0.07069
0.46875 1.07112 0.0711193
0.46875 1.07112 0.0711193
0.484375 1.07138 0.0713773
0.484375 1.07138 0.0713773
0.5 1.07146 0.0714634
0.5 1.07146 0.0714634
0.515625 1.07138 0.0713773
0.515625 1.07138 0.0713773
0.53125 1.07112 0.0711193
0.53125 1.07112 0.0711193
0.546875 1.07069 0.07069
0.546875 1.07069 0.07069
0.5625 1.07009 0.0700905
0.5625 1.07009 0.0700905
0.578125 1.06932 0.0693222
0.578125 1.06932 0.0693222
0.59375 1.06839 0.0683871
0.59375 1.06839 0.0683871
0.609375 1.06729 0.0672877
0.609375 1.06729 0.0672877
0.625 1.06603 0.0660266
0.625 1.06603 0.0660266
0.640625 1.06461 0.0646075
0.640625 1.06461 0.0646075
0.65625 1.06303 0.0630344
0.65625 1.06303 0.0630344
0.671875 1.06131 0.0613119
0.671875 1.06131 0.0613119
0.6875 1.05945 0.0594456
0.6875 1.05945 0.0594456
0.703125 1.05744 0.0574421
0.703125 1.05744 0.0574421
0.71875 1.05531 0.0553093
0.71875 1.05531 0.0553093
0.734375 1.05306 0.0530566
0.734375 1.05306 0.0530566
0.75 1.0507 0.0506953
0.75 1.0507 0.0506953
0.765625 1.04824 0.048239
0.765625 1.04824 0.048239
0.78125 1.0457 0.0457042
0.78125 1.0457 0.0457042
0.796875 1.04311 0.0431103
0.796875 1.04311 0.0431103
0.8125 1.04048 0.0404804
0.8125 1.04048 0.0404804
0.828125 1.03784 0.0378414
0.828125 1.03784 0.0378414
0.84375 1.03522 0.0352239
0.84375 1.03522 0.0352239
0.859375 1.03266 0.0326626
0.859375 1.03266 0.0326626
0.875 1.0302 0.0301954
0.875 1.0302 0.0301954
0.890625 1.02786 0.0278635
0.890625 1.02786 0.0278635
0.90625 1.02571 0.0257099
0.90625 1.02571 0.0257099
0.921875 1.02378 0.0237789
0.921875 1.02378 0.0237789
0.9375 1.02212 0.0221154
0.9375 1.02212 0.0221154
0.953125 1.02076 0.0207643
0.953125 1.02076 0.0207643
0.96875 1.01977 0.0197709
0.96875 1.01977 0.0197709
0.984375 1.01919 0.0191852
0.984375 1.01919 0.0191852
1 1 0
