# x y topography analytical topography
0 1 0 0.0249046
0.015625 1.02361 0.0236056 0.0250367
0.015625 1.02361 0.0236056 0.0250367
0.03125 1.0241 0.0240957 0.0254306
0.03125 1.0241 0.0240957 0.0254306
0.046875 1.0249 0.0249022 0.0260797
0.046875 1.0249 0.0249022 0.0260797
0.0625 1.02598 0.0259841 0.0269727
0.0625 1.02598 0.0259841 0.0269727
0.078125 1.02731 0.0273076 0.0280949
0.078125 1.02731 0.0273076 0.0280949
0.09375 1.02884 0.0288425 0.0294277
0.09375 1.02884 0.0288425 0.0294277
0.109375 1.03056 0.0305597 0.0309499
0.109375 1.03056 0.0305597 0.0309499
0.125 1.03243 0.0324309 0.0326381
0.125 1.03243 0.0324309 0.0326381
0.140625 1.03443 0.0344283 0.0344672
0.140625 1.03443 0.0344283 0.0344672
0.15625 1.03652 0.0365248 0.0364111
0.15625 1.03652 0.0365248 0.0364111
0.171875 1.03869 0.0386939 0.0384436
0.171875 1.03869 0.0386939 0.0384436
0.1875 1.04091 0.04091 0.0405386
0.1875 1.04091 0.04091 0.0405386
0.203125 1.04315 0.0431489 0.0426708
0.203125 1.04315 0.0431489 0.0426708
0.21875 1.04539 0.0453876 0.044816
0.21875 1.04539 0.0453876 0.044816
0.234375 1.0476 0.0476049 0.0469515
0.234375 1.0476 0.0476049 0.0469515
0.25 1.04978 0.0497811 0.0490562
0.25 1.04978 0.0497811 0.0490562
0.265625 1.0519 0.0518983 0.0511108
0.265625 1.0519 0.0518983 0.0511108
0.28125 1.05394 0.0539404 0.0530981
0.28125 1.05394 0.0539404 0.0530981
0.296875 1.05589 0.0558928 0.0550025
0.296875 1.05589 0.0558928 0.0550025
0.3125 1.05774 0.0577429 0.0568104
0.3125 1.05774 0.0577429 0.0568104
0.328125 1.05948 0.0594795 0.0585097
0.328125 1.05948 0.0594795 0.0585097
0.34375 1.06109 0.0610927 0.0600902
0.34375 1.06109 0.0610927 0.0600902
0.359375 1.06257 0.0625742 0.0615429
0.359375 1.06257 0.0625742 0.0615429
0.375 1.06392 0.0639168 0.0628603
0.375 1.06392 0.0639168 0.0628603
0.390625 1.06511 0.0651143 0.064036
0.390625 1.06511 0.0651143 0.064036
0.40625 1.06616 0.0661616 0.0650647
0.40625 1.06616 0.0661616 0.0650647
0.421875 1.06705 0.0670545 0.0659419
0.421875 1.06705 0.0670545 0.0659419
0.4375 1.06779 0.0677894 0.0666642
0.4375 1.06779 0.0677894 0.0666642
0.453125 1.06836 0.0683638 0.0672287
0.453125 1.06836 0.0683638 0.0672287
0.46875 1.06878 0.0687755 0.0676334
0.46875 1.06878 0.0687755 0.0676334
0.484375 1.06902 0.0690231 0.0678768
0.484375 1.06902 0.0690231 0.0678768
0.5 1.06911 0.0691057 0.067958
0.5 1.06911 0.0691057 0.067958
0.515625 1.06902 0.0690231 0.0678768
0.515625 1.06902 0.0690231 0.0678768
0.53125 1.06878 0.0687755 0.0676334
0.53125 1.06878 0.0687755 0.0676334
0.546875 1.06836 0.0683638 0.0672287
0.546875 1.06836 0.0683638 0.0672287
0.5625 1.06779 0.0677894 0.0666642
0.5625 1.06779 0.0677894 0.0666642
0.578125 1.06705 0.0670545 0.0659419
0.578125 1.06705 0.0670545 0.0659419
0.59375 1.06616 0.0661616 0.0650647
0.59375 1.06616 0.0661616 0.0650647
0.609375 1.06511 0.0651143 0.064036
0.609375 1.06511 0.0651143 0.064036
0.625 1.06392 0.0639168 0.0628603
0.625 1.06392 0.0639168 0.0628603
0.640625 1.06257 0.0625742 0.0615429
0.640625 1.06257 0.0625742 0.0615429
0.65625 1.06109 0.0610927 0.0600902
0.65625 1.06109 0.0610927 0.0600902
0.671875 1.05948 0.0594795 0.0585097
0.671875 1.05948 0.0594795 0.0585097
0.6875 1.05774 0.0577429 0.0568104
0.6875 1.05774 0.0577429 0.0568104
0.703125 1.05589 0.0558928 0.0550025
0.703125 1.05589 0.0558928 0.0550025
0.71875 1.05394 0.0539404 0.0530981
0.71875 1.05394 0.0539404 0.0530981
0.734375 1.0519 0.0518983 0.0511108
0.734375 1.0519 0.0518983 0.0511108
0.75 1.04978 0.0497811 0.0490562
0.75 1.04978 0.0497811 0.0490562
0.765625 1.0476 0.0476049 0.0469515
0.765625 1.0476 0.0476049 0.0469515
0.78125 1.04539 0.0453876 0.044816
0.78125 1.04539 0.0453876 0.044816
0.796875 1.04315 0.0431489 0.0426708
0.796875 1.04315 0.0431489 0.0426708
0.8125 1.04091 0.04091 0.0405386
0.8125 1.04091 0.04091 0.0405386
0.828125 1.03869 0.0386939 0.0384436
0.828125 1.03869 0.0386939 0.0384436
0.84375 1.03652 0.0365248 0.0364111
0.84375 1.03652 0.0365248 0.0364111
0.859375 1.03443 0.0344283 0.0344672
0.859375 1.03443 0.0344283 0.0344672
0.875 1.03243 0.0324309 0.0326381
0.875 1.03243 0.0324309 0.0326381
0.890625 1.03056 0.0305597 0.0309499
0.890625 1.03056 0.0305597 0.0309499
0.90625 1.02884 0.0288425 0.0294277
0.90625 1.02884 0.0288425 0.0294277
0.921875 1.02731 0.0273076 0.0280949
0.921875 1.02731 0.0273076 0.0280949
0.9375 1.02598 0.0259841 0.0269727
0.9375 1.02598 0.0259841 0.0269727
0.953125 1.0249 0.0249022 0.0260797
0.953125 1.0249 0.0249022 0.0260797
0.96875 1.0241 0.0240957 0.0254306
0.96875 1.0241 0.0240957 0.0254306
0.984375 1.02361 0.0236056 0.0250367
0.984375 1.02361 0.0236056 0.0250367
1 1 0 0.0249046
