# x y topography analytical topography
0 1 0 0.0166197
0.015625 1.01706 0.0170612 0.0168517
0.015625 1.01706 0.0170612 0.0168517
0.03125 1.01771 0.0177114 0.0175396
0.03125 1.01771 0.0177114 0.0175396
0.046875 1.01883 0.0188293 0.0186605
0.046875 1.01883 0.0188293 0.0186605
0.0625 1.02036 0.0203561 0.0201779
0.0625 1.02036 0.0203561 0.0201779
0.078125 1.02223 0.0222347 0.0220448
0.078125 1.02223 0.0222347 0.0220448
0.09375 1.02441 0.0244067 0.0242074
0.09375 1.02441 0.0244067 0.0242074
0.109375 1.02681 0.0268138 0.0266083
0.109375 1.02681 0.0268138 0.0266083
0.125 1.0294 0.0293991 0.02919
0.125 1.0294 0.0293991 0.02919
0.140625 1.03211 0.0321088 0.0318979
0.140625 1.03211 0.0321088 0.0318979
0.15625 1.03489 0.0348942 0.0346818
0.15625 1.03489 0.0348942 0.0346818
0.171875 1.03771 0.0377122 0.0374978
0.171875 1.03771 0.0377122 0.0374978
0.1875 1.04053 0.0405259 0.0403083
0.1875 1.04053 0.0405259 0.0403083
0.203125 1.0433 0.0433042 0.0430821
0.203125 1.0433 0.0433042 0.0430821
0.21875 1.04602 0.046022 0.0457941
0.21875 1.04602 0.046022 0.0457941
0.234375 1.04866 0.0486588 0.0484238
0.234375 1.04866 0.0486588 0.0484238
0.25 1.0512 0.0511982 0.0509552
0.25 1.0512 0.0511982 0.0509552
0.265625 1.05363 0.0536271 0.0533755
0.265625 1.05363 0.0536271 0.0533755
0.28125 1.05593 0.0559347 0.0556744
0.28125 1.05593 0.0559347 0.0556744
0.296875 1.05811 0.0581126 0.0578434
0.296875 1.05811 0.0581126 0.0578434
0.3125 1.06015 0.0601534 0.0598755
0.3125 1.06015 0.0601534 0.0598755
0.328125 1.06205 0.0620509 0.0617648
0.328125 1.06205 0.0620509 0.0617648
0.34375 1.0638 0.0637999 0.0635061
0.34375 1.0638 0.0637999 0.0635061
0.359375 1.0654 0.0653958 0.0650948
0.359375 1.0654 0.0653958 0.0650948
0.375 1.06683 0.0668344 0.0665268
0.375 1.06683 0.0668344 0.0665268
0.390625 1.06811 0.0681121 0.0677987
0.390625 1.06811 0.0681121 0.0677987
0.40625 1.06923 0.0692258 0.0689073
0.40625 1.06923 0.0692258 0.0689073
0.421875 1.07017 0.0701728 0.0698499
0.421875 1.07017 0.0701728 0.0698499
0.4375 1.07095 0.0709507 0.0706243
0.4375 1.07095 0.0709507 0.0706243
0.453125 1.07156 0.0715577 0.0712285
0.453125 1.07156 0.0715577 0.0712285
0.46875 1.07199 0.0719923 0.0716612
0.46875 1.07199 0.0719923 0.0716612
0.484375 1.07225 0.0722536 0.0719212
0.484375 1.07225 0.0722536 0.0719212
0.5 1.07234 0.0723407 0.0720079
0.5 1.07234 0.0723407 0.0720079
0.515625 1.07225 0.0722536 0.0719212
0.515625 1.07225 0.0722536 0.0719212
0.53125 1.07199 0.0719923 0.0716612
0.53125 1.07199 0.0719923 0.0716612
0.546875 1.07156 0.0715577 0.0712285
0.546875 1.07156 0.0715577 0.0712285
0.5625 1.07095 0.0709507 0.0706243
0.5625 1.07095 0.0709507 0.0706243
0.578125 1.07017 0.0701728 0.0698499
0.578125 1.07017 0.0701728 0.0698499
0.59375 1.06923 0.0692258 0.0689073
0.59375 1.06923 0.0692258 0.0689073
0.609375 1.06811 0.0681121 0.0677987
0.609375 1.06811 0.0681121 0.0677987
0.625 1.06683 0.0668344 0.0665268
0.625 1.06683 0.0668344 0.0665268
0.640625 1.0654 0.0653958 0.0650948
0.640625 1.0654 0.0653958 0.0650948
0.65625 1.0638 0.0637999 0.0635061
0.65625 1.0638 0.0637999 0.0635061
0.671875 1.06205 0.0620509 0.0617648
0.671875 1.06205 0.0620509 0.0617648
0.6875 1.06015 0.0601534 0.0598755
0.6875 1.06015 0.0601534 0.0598755
0.703125 1.05811 0.0581126 0.0578434
0.703125 1.05811 0.0581126 0.0578434
0.71875 1.05593 0.0559347 0.0556744
0.71875 1.05593 0.0559347 0.0556744
0.734375 1.05363 0.0536271 0.0533755
0.734375 1.05363 0.0536271 0.0533755
0.75 1.0512 0.0511982 0.0509552
0.75 1.0512 0.0511982 0.0509552
0.765625 1.04866 0.0486588 0.0484238
0.765625 1.04866 0.0486588 0.0484238
0.78125 1.04602 0.046022 0.0457941
0.78125 1.04602 0.046022 0.0457941
0.796875 1.0433 0.0433042 0.0430821
0.796875 1.0433 0.0433042 0.0430821
0.8125 1.04053 0.0405259 0.0403083
0.8125 1.04053 0.0405259 0.0403083
0.828125 1.03771 0.0377122 0.0374978
0.828125 1.03771 0.0377122 0.0374978
0.84375 1.03489 0.0348942 0.0346818
0.84375 1.03489 0.0348942 0.0346818
0.859375 1.03211 0.0321088 0.0318979
0.859375 1.03211 0.0321088 0.0318979
0.875 1.0294 0.0293991 0.02919
0.875 1.0294 0.0293991 0.02919
0.890625 1.02681 0.0268138 0.0266083
0.890625 1.02681 0.0268138 0.0266083
0.90625 1.02441 0.0244067 0.0242074
0.90625 1.02441 0.0244067 0.0242074
0.921875 1.02223 0.0222347 0.0220448
0.921875 1.02223 0.0222347 0.0220448
0.9375 1.02036 0.0203561 0.0201779
0.9375 1.02036 0.0203561 0.0201779
0.953125 1.01883 0.0188293 0.0186605
0.953125 1.01883 0.0188293 0.0186605
0.96875 1.01771 0.0177114 0.0175396
0.96875 1.01771 0.0177114 0.0175396
0.984375 1.01706 0.0170612 0.0168517
0.984375 1.01706 0.0170612 0.0168517
1 1 0 0.0166197
