# x y topography analytical topography
0 1 0 0.0230335
0.015625 1.02219 0.022187 0.0231828
0.015625 1.02219 0.022187 0.0231828
0.03125 1.0227 0.0227035 0.0236278
0.03125 1.0227 0.0227035 0.0236278
0.046875 1.02356 0.0235621 0.0243599
0.046875 1.02356 0.0235621 0.0243599
0.0625 1.02472 0.0247195 0.0253651
0.0625 1.02472 0.0247195 0.0253651
0.078125 1.02614 0.0261394 0.0266243
0.078125 1.02614 0.0261394 0.0266243
0.09375 1.02779 0.0277883 0.0281147
0.09375 1.02779 0.0277883 0.0281147
0.109375 1.02963 0.0296332 0.02981
0.109375 1.02963 0.0296332 0.02981
0.125 1.03164 0.031642 0.0316815
0.125 1.03164 0.031642 0.0316815
0.140625 1.03378 0.0337829 0.033699
0.140625 1.03378 0.0337829 0.033699
0.15625 1.03602 0.0360249 0.0358318
0.15625 1.03602 0.0360249 0.0358318
0.171875 1.03834 0.038338 0.0380495
0.171875 1.03834 0.038338 0.0380495
0.1875 1.04069 0.0406937 0.0403225
0.1875 1.04069 0.0406937 0.0403225
0.203125 1.04307 0.0430655 0.0426227
0.203125 1.04307 0.0430655 0.0426227
0.21875 1.04543 0.0454285 0.0449238
0.21875 1.04543 0.0454285 0.0449238
0.234375 1.04776 0.0477601 0.0472018
0.234375 1.04776 0.0477601 0.0472018
0.25 1.05004 0.0500401 0.0494352
0.25 1.05004 0.0500401 0.0494352
0.265625 1.05225 0.0522502 0.0516045
0.265625 1.05225 0.0522502 0.0516045
0.28125 1.05437 0.0543744 0.0536928
0.28125 1.05437 0.0543744 0.0536928
0.296875 1.0564 0.0563989 0.0556854
0.296875 1.0564 0.0563989 0.0556854
0.3125 1.05831 0.0583114 0.0575694
0.3125 1.05831 0.0583114 0.0575694
0.328125 1.0601 0.0601015 0.0593341
0.328125 1.0601 0.0601015 0.0593341
0.34375 1.06176 0.0617604 0.0609703
0.34375 1.06176 0.0617604 0.0609703
0.359375 1.06328 0.0632805 0.06247
0.359375 1.06328 0.0632805 0.06247
0.375 1.06466 0.0646553 0.0638268
0.375 1.06466 0.0646553 0.0638268
0.390625 1.06588 0.0658796 0.0650352
0.390625 1.06588 0.0658796 0.0650352
0.40625 1.06695 0.0669489 0.0660907
0.40625 1.06695 0.0669489 0.0660907
0.421875 1.06786 0.0678595 0.0669896
0.421875 1.06786 0.0678595 0.0669896
0.4375 1.06861 0.0686083 0.0677289
0.4375 1.06861 0.0686083 0.0677289
0.453125 1.06919 0.0691931 0.0683063
0.453125 1.06919 0.0691931 0.0683063
0.46875 1.06961 0.0696121 0.0687199
0.46875 1.06961 0.0696121 0.0687199
0.484375 1.06986 0.0698639 0.0689686
0.484375 1.06986 0.0698639 0.0689686
0.5 1.06995 0.069948 0.0690515
0.5 1.06995 0.069948 0.0690515
0.515625 1.06986 0.0698639 0.0689686
0.515625 1.06986 0.0698639 0.0689686
0.53125 1.06961 0.0696121 0.0687199
0.53125 1.06961 0.0696121 0.0687199
0.546875 1.06919 0.0691931 0.0683063
0.546875 1.06919 0.0691931 0.0683063
0.5625 1.06861 0.0686083 0.0677289
0.5625 1.06861 0.0686083 0.0677289
0.578125 1.06786 0.0678595 0.0669896
0.578125 1.06786 0.0678595 0.0669896
0.59375 1.06695 0.0669489 0.0660907
0.59375 1.06695 0.0669489 0.0660907
0.609375 1.06588 0.0658796 0.0650352
0.609375 1.06588 0.0658796 0.0650352
0.625 1.06466 0.0646553 0.0638268
0.625 1.06466 0.0646553 0.0638268
0.640625 1.06328 0.0632805 0.06247
0.640625 1.06328 0.0632805 0.06247
0.65625 1.06176 0.0617604 0.0609703
0.65625 1.06176 0.0617604 0.0609703
0.671875 1.0601 0.0601015 0.0593341
0.671875 1.0601 0.0601015 0.0593341
0.6875 1.05831 0.0583114 0.0575694
0.6875 1.05831 0.0583114 0.0575694
0.703125 1.0564 0.0563989 0.0556854
0.703125 1.0564 0.0563989 0.0556854
0.71875 1.05437 0.0543744 0.0536928
0.71875 1.05437 0.0543744 0.0536928
0.734375 1.05225 0.0522502 0.0516045
0.734375 1.05225 0.0522502 0.0516045
0.75 1.05004 0.0500401 0.0494352
0.75 1.05004 0.0500401 0.0494352
0.765625 1.04776 0.0477601 0.0472018
0.765625 1.04776 0.0477601 0.0472018
0.78125 1.04543 0.0454285 0.0449238
0.78125 1.04543 0.0454285 0.0449238
0.796875 1.04307 0.0430655 0.0426227
0.796875 1.04307 0.0430655 0.0426227
0.8125 1.04069 0.0406937 0.0403225
0.8125 1.04069 0.0406937 0.0403225
0.828125 1.03834 0.038338 0.0380495
0.828125 1.03834 0.038338 0.0380495
0.84375 1.03602 0.0360249 0.0358318
0.84375 1.03602 0.0360249 0.0358318
0.859375 1.03378 0.0337829 0.033699
0.859375 1.03378 0.0337829 0.033699
0.875 1.03164 0.031642 0.0316815
0.875 1.03164 0.031642 0.0316815
0.890625 1.02963 0.0296332 0.02981
0.890625 1.02963 0.0296332 0.02981
0.90625 1.02779 0.0277883 0.0281147
0.90625 1.02779 0.0277883 0.0281147
0.921875 1.02614 0.0261394 0.0266243
0.921875 1.02614 0.0261394 0.0266243
0.9375 1.02472 0.0247195 0.0253651
0.9375 1.02472 0.0247195 0.0253651
0.953125 1.02356 0.0235621 0.0243599
0.953125 1.02356 0.0235621 0.0243599
0.96875 1.0227 0.0227035 0.0236278
0.96875 1.0227 0.0227035 0.0236278
0.984375 1.02219 0.022187 0.0231828
0.984375 1.02219 0.022187 0.0231828
1 1 0 0.0230335
