# x y topography analytical topography
0 1 0 0.0288188
0.015625 1.02645 0.0264512 0.0289205
0.015625 1.02645 0.0264512 0.0289205
0.03125 1.0269 0.0268965 0.0292242
0.03125 1.0269 0.0268965 0.0292242
0.046875 1.02761 0.0276146 0.0297256
0.046875 1.02761 0.0276146 0.0297256
0.0625 1.02857 0.028567 0.0304179
0.0625 1.02857 0.028567 0.0304179
0.078125 1.02972 0.0297236 0.0312915
0.078125 1.02972 0.0297236 0.0312915
0.09375 1.03106 0.0310587 0.0323346
0.09375 1.03106 0.0310587 0.0323346
0.109375 1.03255 0.0325483 0.0335334
0.109375 1.03255 0.0325483 0.0335334
0.125 1.03417 0.0341701 0.0348723
0.125 1.03417 0.0341701 0.0348723
0.140625 1.0359 0.035902 0.0363341
0.140625 1.0359 0.035902 0.0363341
0.15625 1.03772 0.0377228 0.0379007
0.15625 1.03772 0.0377228 0.0379007
0.171875 1.03961 0.0396117 0.0395533
0.171875 1.03961 0.0396117 0.0395533
0.1875 1.04155 0.0415485 0.0412724
0.1875 1.04155 0.0415485 0.0412724
0.203125 1.04351 0.0435135 0.0430387
0.203125 1.04351 0.0435135 0.0430387
0.21875 1.04549 0.0454879 0.0448329
0.21875 1.04549 0.0454879 0.0448329
0.234375 1.04745 0.0474536 0.0466362
0.234375 1.04745 0.0474536 0.0466362
0.25 1.04939 0.0493935 0.0484305
0.25 1.04939 0.0493935 0.0484305
0.265625 1.05129 0.0512915 0.0501985
0.265625 1.05129 0.0512915 0.0501985
0.28125 1.05313 0.0531325 0.051924
0.28125 1.05313 0.0531325 0.051924
0.296875 1.0549 0.0549027 0.0535918
0.296875 1.0549 0.0549027 0.0535918
0.3125 1.05659 0.0565892 0.0551881
0.3125 1.05659 0.0565892 0.0551881
0.328125 1.05818 0.0581804 0.0567
0.328125 1.05818 0.0581804 0.0567
0.34375 1.05967 0.0596659 0.0581162
0.34375 1.05967 0.0596659 0.0581162
0.359375 1.06104 0.0610363 0.0594262
0.359375 1.06104 0.0610363 0.0594262
0.375 1.06228 0.0622833 0.0606211
0.375 1.06228 0.0622833 0.0606211
0.390625 1.0634 0.0633997 0.061693
0.390625 1.0634 0.0633997 0.061693
0.40625 1.06438 0.0643793 0.062635
0.40625 1.06438 0.0643793 0.062635
0.421875 1.06522 0.0652168 0.0634414
0.421875 1.06522 0.0652168 0.0634414
0.4375 1.06591 0.0659078 0.0641075
0.4375 1.06591 0.0659078 0.0641075
0.453125 1.06645 0.0664489 0.0646294
0.453125 1.06645 0.0664489 0.0646294
0.46875 1.06684 0.0668372 0.0650043
0.46875 1.06684 0.0668372 0.0650043
0.484375 1.06707 0.0670709 0.06523
0.484375 1.06707 0.0670709 0.06523
0.5 1.06715 0.067149 0.0653054
0.5 1.06715 0.067149 0.0653054
0.515625 1.06707 0.0670709 0.06523
0.515625 1.06707 0.0670709 0.06523
0.53125 1.06684 0.0668372 0.0650043
0.53125 1.06684 0.0668372 0.0650043
0.546875 1.06645 0.0664489 0.0646294
0.546875 1.06645 0.0664489 0.0646294
0.5625 1.06591 0.0659078 0.0641075
0.5625 1.06591 0.0659078 0.0641075
0.578125 1.06522 0.0652168 0.0634414
0.578125 1.06522 0.0652168 0.0634414
0.59375 1.06438 0.0643793 0.062635
0.59375 1.06438 0.0643793 0.062635
0.609375 1.0634 0.0633997 0.061693
0.609375 1.0634 0.0633997 0.061693
0.625 1.06228 0.0622833 0.0606211
0.625 1.06228 0.0622833 0.0606211
0.640625 1.06104 0.0610363 0.0594262
0.640625 1.06104 0.0610363 0.0594262
0.65625 1.05967 0.0596659 0.0581162
0.65625 1.05967 0.0596659 0.0581162
0.671875 1.05818 0.0581804 0.0567
0.671875 1.05818 0.0581804 0.0567
0.6875 1.05659 0.0565892 0.0551881
0.6875 1.05659 0.0565892 0.0551881
0.703125 1.0549 0.0549027 0.0535918
0.703125 1.0549 0.0549027 0.0535918
0.71875 1.05313 0.0531325 0.051924
0.71875 1.05313 0.0531325 0.051924
0.734375 1.05129 0.0512915 0.0501985
0.734375 1.05129 0.0512915 0.0501985
0.75 1.04939 0.0493935 0.0484305
0.75 1.04939 0.0493935 0.0484305
0.765625 1.04745 0.0474536 0.0466362
0.765625 1.04745 0.0474536 0.0466362
0.78125 1.04549 0.0454879 0.0448329
0.78125 1.04549 0.0454879 0.0448329
0.796875 1.04351 0.0435135 0.0430387
0.796875 1.04351 0.0435135 0.0430387
0.8125 1.04155 0.0415485 0.0412724
0.8125 1.04155 0.0415485 0.0412724
0.828125 1.03961 0.0396117 0.0395533
0.828125 1.03961 0.0396117 0.0395533
0.84375 1.03772 0.0377228 0.0379007
0.84375 1.03772 0.0377228 0.0379007
0.859375 1.0359 0.035902 0.0363341
0.859375 1.0359 0.035902 0.0363341
0.875 1.03417 0.0341701 0.0348723
0.875 1.03417 0.0341701 0.0348723
0.890625 1.03255 0.0325483 0.0335334
0.890625 1.03255 0.0325483 0.0335334
0.90625 1.03106 0.0310587 0.0323346
0.90625 1.03106 0.0310587 0.0323346
0.921875 1.02972 0.0297236 0.0312915
0.921875 1.02972 0.0297236 0.0312915
0.9375 1.02857 0.028567 0.0304179
0.9375 1.02857 0.028567 0.0304179
0.953125 1.02761 0.0276146 0.0297256
0.953125 1.02761 0.0276146 0.0297256
0.96875 1.0269 0.0268965 0.0292242
0.96875 1.0269 0.0268965 0.0292242
0.984375 1.02645 0.0264512 0.0289205
0.984375 1.02645 0.0264512 0.0289205
1 1 0 0.0288188
