# x y topography analytical topography
0 1 0 0.00885177
0.015625 1.01037 0.0103674 0.00932049
0.015625 1.01037 0.0103674 0.00932049
0.03125 1.01143 0.0114284 0.0106758
0.03125 1.01143 0.0114284 0.0106758
0.046875 1.01329 0.0132921 0.01278
0.046875 1.01329 0.0132921 0.01278
0.0625 1.01578 0.0157753 0.015447
0.0625 1.01578 0.0157753 0.015447
0.078125 1.01868 0.0186849 0.0184856
0.078125 1.01868 0.0186849 0.0184856
0.09375 1.02185 0.0218496 0.0217326
0.09375 1.02185 0.0218496 0.0217326
0.109375 1.02514 0.0251374 0.025068
0.109375 1.02514 0.0251374 0.025068
0.125 1.02846 0.0284582 0.0284135
0.125 1.02846 0.0284582 0.0284135
0.140625 1.03176 0.031756 0.0317222
0.140625 1.03176 0.031756 0.0317222
0.15625 1.035 0.0349974 0.0349673
0.15625 1.035 0.0349974 0.0349673
0.171875 1.03816 0.0381627 0.0381327
0.171875 1.03816 0.0381627 0.0381327
0.1875 1.04124 0.0412392 0.0412079
0.1875 1.04124 0.0412392 0.0412079
0.203125 1.04422 0.0442173 0.0441842
0.203125 1.04422 0.0442173 0.0441842
0.21875 1.04709 0.0470894 0.0470541
0.21875 1.04709 0.0470894 0.0470541
0.234375 1.04985 0.049848 0.0498108
0.234375 1.04985 0.049848 0.0498108
0.25 1.05249 0.0524866 0.0524474
0.25 1.05249 0.0524866 0.0524474
0.265625 1.055 0.0549988 0.0549577
0.265625 1.055 0.0549988 0.0549577
0.28125 1.05738 0.0573785 0.0573356
0.28125 1.05738 0.0573785 0.0573356
0.296875 1.05962 0.0596199 0.0595754
0.296875 1.05962 0.0596199 0.0595754
0.3125 1.06172 0.0617177 0.0616716
0.3125 1.06172 0.0617177 0.0616716
0.328125 1.06367 0.0636669 0.0636193
0.328125 1.06367 0.0636669 0.0636193
0.34375 1.06546 0.0654626 0.0654137
0.34375 1.06546 0.0654626 0.0654137
0.359375 1.0671 0.0671007 0.0670506
0.359375 1.0671 0.0671007 0.0670506
0.375 1.06858 0.0685771 0.0685259
0.375 1.06858 0.0685771 0.0685259
0.390625 1.06989 0.0698883 0.0698361
0.390625 1.06989 0.0698883 0.0698361
0.40625 1.07103 0.0710311 0.070978
0.40625 1.07103 0.0710311 0.070978
0.421875 1.072 0.0720028 0.071949
0.421875 1.072 0.0720028 0.071949
0.4375 1.0728 0.072801 0.0727467
0.4375 1.0728 0.072801 0.0727467
0.453125 1.07342 0.0734239 0.0733691
0.453125 1.07342 0.0734239 0.0733691
0.46875 1.07387 0.0738699 0.0738147
0.46875 1.07387 0.0738699 0.0738147
0.484375 1.07414 0.0741379 0.0740825
0.484375 1.07414 0.0741379 0.0740825
0.5 1.07423 0.0742273 0.0741719
0.5 1.07423 0.0742273 0.0741719
0.515625 1.07414 0.0741379 0.0740825
0.515625 1.07414 0.0741379 0.0740825
0.53125 1.07387 0.0738699 0.0738147
0.53125 1.07387 0.0738699 0.0738147
0.546875 1.07342 0.0734239 0.0733691
0.546875 1.07342 0.0734239 0.0733691
0.5625 1.0728 0.072801 0.0727467
0.5625 1.0728 0.072801 0.0727467
0.578125 1.072 0.0720028 0.071949
0.578125 1.072 0.0720028 0.071949
0.59375 1.07103 0.0710311 0.070978
0.59375 1.07103 0.0710311 0.070978
0.609375 1.06989 0.0698883 0.0698361
0.609375 1.06989 0.0698883 0.0698361
0.625 1.06858 0.0685771 0.0685259
0.625 1.06858 0.0685771 0.0685259
0.640625 1.0671 0.0671007 0.0670506
0.640625 1.0671 0.0671007 0.0670506
0.65625 1.06546 0.0654626 0.0654137
0.65625 1.06546 0.0654626 0.0654137
0.671875 1.06367 0.0636669 0.0636193
0.671875 1.06367 0.0636669 0.0636193
0.6875 1.06172 0.0617177 0.0616716
0.6875 1.06172 0.0617177 0.0616716
0.703125 1.05962 0.0596199 0.0595754
0.703125 1.05962 0.0596199 0.0595754
0.71875 1.05738 0.0573785 0.0573356
0.71875 1.05738 0.0573785 0.0573356
0.734375 1.055 0.0549988 0.0549577
0.734375 1.055 0.0549988 0.0549577
0.75 1.05249 0.0524866 0.0524474
0.75 1.05249 0.0524866 0.0524474
0.765625 1.04985 0.049848 0.0498108
0.765625 1.04985 0.049848 0.0498108
0.78125 1.04709 0.0470894 0.0470541
0.78125 1.04709 0.0470894 0.0470541
0.796875 1.04422 0.0442173 0.0441842
0.796875 1.04422 0.0442173 0.0441842
0.8125 1.04124 0.0412392 0.0412079
0.8125 1.04124 0.0412392 0.0412079
0.828125 1.03816 0.0381627 0.0381327
0.828125 1.03816 0.0381627 0.0381327
0.84375 1.035 0.0349974 0.0349673
0.84375 1.035 0.0349974 0.0349673
0.859375 1.03176 0.031756 0.0317222
0.859375 1.03176 0.031756 0.0317222
0.875 1.02846 0.0284582 0.0284135
0.875 1.02846 0.0284582 0.0284135
0.890625 1.02514 0.0251374 0.025068
0.890625 1.02514 0.0251374 0.025068
0.90625 1.02185 0.0218496 0.0217326
0.90625 1.02185 0.0218496 0.0217326
0.921875 1.01868 0.0186849 0.0184856
0.921875 1.01868 0.0186849 0.0184856
0.9375 1.01578 0.0157753 0.015447
0.9375 1.01578 0.0157753 0.015447
0.953125 1.01329 0.0132921 0.01278
0.953125 1.01329 0.0132921 0.01278
0.96875 1.01143 0.0114284 0.0106758
0.96875 1.01143 0.0114284 0.0106758
0.984375 1.01037 0.0103674 0.00932049
0.984375 1.01037 0.0103674 0.00932049
1 1 0 0.00885177
