# x y topography analytical topography
0 1 0 0.0303034
0.015625 1.02748 0.0274847 0.0303951
0.015625 1.02748 0.0274847 0.0303951
0.03125 1.02792 0.0279158 0.0306689
0.03125 1.02792 0.0279158 0.0306689
0.046875 1.02861 0.0286059 0.0311214
0.046875 1.02861 0.0286059 0.0311214
0.0625 1.02952 0.029517 0.0317466
0.0625 1.02952 0.029517 0.0317466
0.078125 1.03062 0.03062 0.0325365
0.078125 1.03062 0.03062 0.0325365
0.09375 1.03189 0.0318903 0.0334811
0.09375 1.03189 0.0318903 0.0334811
0.109375 1.03331 0.0333053 0.0345685
0.109375 1.03331 0.0333053 0.0345685
0.125 1.03484 0.0348441 0.0357854
0.125 1.03484 0.0348441 0.0357854
0.140625 1.03649 0.0364864 0.0371169
0.140625 1.03649 0.0364864 0.0371169
0.15625 1.03821 0.0382126 0.0385474
0.15625 1.03821 0.0382126 0.0385474
0.171875 1.04 0.0400036 0.0400601
0.171875 1.04 0.0400036 0.0400601
0.1875 1.04184 0.0418408 0.041638
0.1875 1.04184 0.0418408 0.041638
0.203125 1.04371 0.043706 0.0432637
0.203125 1.04371 0.043706 0.0432637
0.21875 1.04558 0.0455818 0.0449198
0.21875 1.04558 0.0455818 0.0449198
0.234375 1.04745 0.0474513 0.0465893
0.234375 1.04745 0.0474513 0.0465893
0.25 1.0493 0.0492986 0.0482553
0.25 1.0493 0.0492986 0.0482553
0.265625 1.05111 0.0511085 0.0499017
0.265625 1.05111 0.0511085 0.0499017
0.28125 1.05287 0.0528665 0.0515133
0.28125 1.05287 0.0528665 0.0515133
0.296875 1.05456 0.0545594 0.0530754
0.296875 1.05456 0.0545594 0.0530754
0.3125 1.05617 0.0561747 0.0545746
0.3125 1.05617 0.0561747 0.0545746
0.328125 1.0577 0.057701 0.0559983
0.328125 1.0577 0.057701 0.0559983
0.34375 1.05913 0.059128 0.0573351
0.34375 1.05913 0.059128 0.0573351
0.359375 1.06045 0.0604462 0.0585747
0.359375 1.06045 0.0604462 0.0585747
0.375 1.06165 0.0616473 0.0597077
0.375 1.06165 0.0616473 0.0597077
0.390625 1.06272 0.0627239 0.060726
0.390625 1.06272 0.0627239 0.060726
0.40625 1.06367 0.0636696 0.0616225
0.40625 1.06367 0.0636696 0.0616225
0.421875 1.06448 0.0644789 0.0623911
0.421875 1.06448 0.0644789 0.0623911
0.4375 1.06515 0.0651472 0.0630268
0.4375 1.06515 0.0651472 0.0630268
0.453125 1.06567 0.0656708 0.0635254
0.453125 1.06567 0.0656708 0.0635254
0.46875 1.06605 0.0660468 0.0638837
0.46875 1.06605 0.0660468 0.0638837
0.484375 1.06627 0.0662732 0.0640996
0.484375 1.06627 0.0662732 0.0640996
0.5 1.06635 0.0663488 0.0641717
0.5 1.06635 0.0663488 0.0641717
0.515625 1.06627 0.0662732 0.0640996
0.515625 1.06627 0.0662732 0.0640996
0.53125 1.06605 0.0660468 0.0638837
0.53125 1.06605 0.0660468 0.0638837
0.546875 1.06567 0.0656708 0.0635254
0.546875 1.06567 0.0656708 0.0635254
0.5625 1.06515 0.0651472 0.0630268
0.5625 1.06515 0.0651472 0.0630268
0.578125 1.06448 0.0644789 0.0623911
0.578125 1.06448 0.0644789 0.0623911
0.59375 1.06367 0.0636696 0.0616225
0.59375 1.06367 0.0636696 0.0616225
0.609375 1.06272 0.0627239 0.060726
0.609375 1.06272 0.0627239 0.060726
0.625 1.06165 0.0616473 0.0597077
0.625 1.06165 0.0616473 0.0597077
0.640625 1.06045 0.0604462 0.0585747
0.640625 1.06045 0.0604462 0.0585747
0.65625 1.05913 0.059128 0.0573351
0.65625 1.05913 0.059128 0.0573351
0.671875 1.0577 0.057701 0.0559983
0.671875 1.0577 0.057701 0.0559983
0.6875 1.05617 0.0561747 0.0545746
0.6875 1.05617 0.0561747 0.0545746
0.703125 1.05456 0.0545594 0.0530754
0.703125 1.05456 0.0545594 0.0530754
0.71875 1.05287 0.0528665 0.0515133
0.71875 1.05287 0.0528665 0.0515133
0.734375 1.05111 0.0511085 0.0499017
0.734375 1.05111 0.0511085 0.0499017
0.75 1.0493 0.0492986 0.0482553
0.75 1.0493 0.0492986 0.0482553
0.765625 1.04745 0.0474513 0.0465893
0.765625 1.04745 0.0474513 0.0465893
0.78125 1.04558 0.0455818 0.0449198
0.78125 1.04558 0.0455818 0.0449198
0.796875 1.04371 0.043706 0.0432637
0.796875 1.04371 0.043706 0.0432637
0.8125 1.04184 0.0418408 0.041638
0.8125 1.04184 0.0418408 0.041638
0.828125 1.04 0.0400036 0.0400601
0.828125 1.04 0.0400036 0.0400601
0.84375 1.03821 0.0382126 0.0385474
0.84375 1.03821 0.0382126 0.0385474
0.859375 1.03649 0.0364864 0.0371169
0.859375 1.03649 0.0364864 0.0371169
0.875 1.03484 0.0348441 0.0357854
0.875 1.03484 0.0348441 0.0357854
0.890625 1.03331 0.0333053 0.0345685
0.890625 1.03331 0.0333053 0.0345685
0.90625 1.03189 0.0318903 0.0334811
0.90625 1.03189 0.0318903 0.0334811
0.921875 1.03062 0.03062 0.0325365
0.921875 1.03062 0.03062 0.0325365
0.9375 1.02952 0.029517 0.0317466
0.9375 1.02952 0.029517 0.0317466
0.953125 1.02861 0.0286059 0.0311214
0.953125 1.02861 0.0286059 0.0311214
0.96875 1.02792 0.0279158 0.0306689
0.96875 1.02792 0.0279158 0.0306689
0.984375 1.02748 0.0274847 0.0303951
0.984375 1.02748 0.0274847 0.0303951
1 1 0 0.0303034
