# x y topography analytical topography
0 1 0 0.0170879
0.015625 1.01745 0.0174485 0.0173121
0.015625 1.01745 0.0174485 0.0173121
0.03125 1.01809 0.0180857 0.0179772
0.03125 1.01809 0.0180857 0.0179772
0.046875 1.01918 0.0191785 0.019062
0.046875 1.01918 0.0191785 0.019062
0.0625 1.02067 0.0206703 0.0205328
0.0625 1.02067 0.0206703 0.0205328
0.078125 1.02251 0.0225065 0.022346
0.078125 1.02251 0.0225065 0.022346
0.09375 1.02463 0.0246316 0.0244513
0.09375 1.02463 0.0246316 0.0244513
0.109375 1.02699 0.0269903 0.0267946
0.109375 1.02699 0.0269903 0.0267946
0.125 1.02953 0.0295281 0.0293212
0.125 1.02953 0.0295281 0.0293212
0.140625 1.03219 0.0321935 0.0319783
0.140625 1.03219 0.0321935 0.0319783
0.15625 1.03494 0.034939 0.0347174
0.15625 1.03494 0.034939 0.0347174
0.171875 1.03772 0.0377222 0.0374949
0.171875 1.03772 0.0377222 0.0374949
0.1875 1.04051 0.0405065 0.0402733
0.1875 1.04051 0.0405065 0.0402733
0.203125 1.04326 0.0432606 0.0430209
0.203125 1.04326 0.0432606 0.0430209
0.21875 1.04596 0.0459588 0.0457117
0.21875 1.04596 0.0459588 0.0457117
0.234375 1.04858 0.0485799 0.0483246
0.234375 1.04858 0.0485799 0.0483246
0.25 1.05111 0.0511067 0.0508426
0.25 1.05111 0.0511067 0.0508426
0.265625 1.05353 0.0535255 0.053252
0.265625 1.05353 0.0535255 0.053252
0.28125 1.05583 0.0558251 0.0555421
0.28125 1.05583 0.0558251 0.0555421
0.296875 1.058 0.0579963 0.0577037
0.296875 1.058 0.0579963 0.0577037
0.3125 1.06003 0.0600315 0.0597296
0.3125 1.06003 0.0600315 0.0597296
0.328125 1.06192 0.0619243 0.0616135
0.328125 1.06192 0.0619243 0.0616135
0.34375 1.06367 0.0636692 0.0633501
0.34375 1.06367 0.0636692 0.0633501
0.359375 1.06526 0.0652615 0.0649346
0.359375 1.06526 0.0652615 0.0649346
0.375 1.0667 0.066697 0.066363
0.375 1.0667 0.066697 0.066363
0.390625 1.06797 0.067972 0.0676317
0.390625 1.06797 0.067972 0.0676317
0.40625 1.06908 0.0690833 0.0687375
0.40625 1.06908 0.0690833 0.0687375
0.421875 1.07003 0.0700283 0.0696778
0.421875 1.07003 0.0700283 0.0696778
0.4375 1.0708 0.0708047 0.0704503
0.4375 1.0708 0.0708047 0.0704503
0.453125 1.07141 0.0714104 0.071053
0.453125 1.07141 0.0714104 0.071053
0.46875 1.07184 0.0718442 0.0714846
0.46875 1.07184 0.0718442 0.0714846
0.484375 1.0721 0.0721048 0.0717439
0.484375 1.0721 0.0721048 0.0717439
0.5 1.07219 0.0721918 0.0718305
0.5 1.07219 0.0721918 0.0718305
0.515625 1.0721 0.0721048 0.0717439
0.515625 1.0721 0.0721048 0.0717439
0.53125 1.07184 0.0718442 0.0714846
0.53125 1.07184 0.0718442 0.0714846
0.546875 1.07141 0.0714104 0.071053
0.546875 1.07141 0.0714104 0.071053
0.5625 1.0708 0.0708047 0.0704503
0.5625 1.0708 0.0708047 0.0704503
0.578125 1.07003 0.0700283 0.0696778
0.578125 1.07003 0.0700283 0.0696778
0.59375 1.06908 0.0690833 0.0687375
0.59375 1.06908 0.0690833 0.0687375
0.609375 1.06797 0.067972 0.0676317
0.609375 1.06797 0.067972 0.0676317
0.625 1.0667 0.066697 0.066363
0.625 1.0667 0.066697 0.066363
0.640625 1.06526 0.0652615 0.0649346
0.640625 1.06526 0.0652615 0.0649346
0.65625 1.06367 0.0636692 0.0633501
0.65625 1.06367 0.0636692 0.0633501
0.671875 1.06192 0.0619243 0.0616135
0.671875 1.06192 0.0619243 0.0616135
0.6875 1.06003 0.0600315 0.0597296
0.6875 1.06003 0.0600315 0.0597296
0.703125 1.058 0.0579963 0.0577037
0.703125 1.058 0.0579963 0.0577037
0.71875 1.05583 0.0558251 0.0555421
0.71875 1.05583 0.0558251 0.0555421
0.734375 1.05353 0.0535255 0.053252
0.734375 1.05353 0.0535255 0.053252
0.75 1.05111 0.0511067 0.0508426
0.75 1.05111 0.0511067 0.0508426
0.765625 1.04858 0.0485799 0.0483246
0.765625 1.04858 0.0485799 0.0483246
0.78125 1.04596 0.0459588 0.0457117
0.78125 1.04596 0.0459588 0.0457117
0.796875 1.04326 0.0432606 0.0430209
0.796875 1.04326 0.0432606 0.0430209
0.8125 1.04051 0.0405065 0.0402733
0.8125 1.04051 0.0405065 0.0402733
0.828125 1.03772 0.0377222 0.0374949
0.828125 1.03772 0.0377222 0.0374949
0.84375 1.03494 0.034939 0.0347174
0.84375 1.03494 0.034939 0.0347174
0.859375 1.03219 0.0321935 0.0319783
0.859375 1.03219 0.0321935 0.0319783
0.875 1.02953 0.0295281 0.0293212
0.875 1.02953 0.0295281 0.0293212
0.890625 1.02699 0.0269903 0.0267946
0.890625 1.02699 0.0269903 0.0267946
0.90625 1.02463 0.0246316 0.0244513
0.90625 1.02463 0.0246316 0.0244513
0.921875 1.02251 0.0225065 0.022346
0.921875 1.02251 0.0225065 0.022346
0.9375 1.02067 0.0206703 0.0205328
0.9375 1.02067 0.0206703 0.0205328
0.953125 1.01918 0.0191785 0.019062
0.953125 1.01918 0.0191785 0.019062
0.96875 1.01809 0.0180857 0.0179772
0.96875 1.01809 0.0180857 0.0179772
0.984375 1.01745 0.0174485 0.0173121
0.984375 1.01745 0.0174485 0.0173121
1 1 0 0.0170879
