# x y topography analytical topography
0 1 0 0.0151071
0.015625 1.0158 0.0157965 0.0153673
0.015625 1.0158 0.0157965 0.0153673
0.03125 1.01649 0.0164943 0.0161375
0.03125 1.01649 0.0164943 0.0161375
0.046875 1.0177 0.0177028 0.017387
0.046875 1.0177 0.0177028 0.017387
0.0625 1.01936 0.0193552 0.0190682
0.0625 1.01936 0.0193552 0.0190682
0.078125 1.02138 0.0213837 0.0211213
0.078125 1.02138 0.0213837 0.0211213
0.09375 1.02372 0.0237185 0.0234787
0.09375 1.02372 0.0237185 0.0234787
0.109375 1.02629 0.0262901 0.0260711
0.109375 1.02629 0.0262901 0.0260711
0.125 1.02903 0.0290325 0.0288315
0.125 1.02903 0.0290325 0.0288315
0.140625 1.03189 0.0318852 0.0316987
0.140625 1.03189 0.0318852 0.0316987
0.15625 1.0348 0.0347955 0.0346193
0.15625 1.0348 0.0347955 0.0346193
0.171875 1.03772 0.0377187 0.0375488
0.171875 1.03772 0.0377187 0.0375488
0.1875 1.04062 0.0406185 0.0404511
0.1875 1.04062 0.0406185 0.0404511
0.203125 1.04347 0.0434659 0.0432978
0.203125 1.04347 0.0434659 0.0432978
0.21875 1.04624 0.046238 0.0460669
0.21875 1.04624 0.046238 0.0460669
0.234375 1.04892 0.0489174 0.0487414
0.234375 1.04892 0.0489174 0.0487414
0.25 1.05149 0.0514903 0.0513082
0.25 1.05149 0.0514903 0.0513082
0.265625 1.05395 0.0539459 0.0537571
0.265625 1.05395 0.0539459 0.0537571
0.28125 1.05628 0.0562752 0.0560795
0.28125 1.05628 0.0562752 0.0560795
0.296875 1.05847 0.0584712 0.0582684
0.296875 1.05847 0.0584712 0.0582684
0.3125 1.06053 0.0605273 0.0603179
0.3125 1.06053 0.0605273 0.0603179
0.328125 1.06244 0.0624383 0.0622224
0.328125 1.06244 0.0624383 0.0622224
0.34375 1.0642 0.0641991 0.0639773
0.34375 1.0642 0.0641991 0.0639773
0.359375 1.06581 0.0658054 0.0655781
0.359375 1.06581 0.0658054 0.0655781
0.375 1.06725 0.0672533 0.0670209
0.375 1.06725 0.0672533 0.0670209
0.390625 1.06854 0.0685391 0.0683024
0.390625 1.06854 0.0685391 0.0683024
0.40625 1.06966 0.0696599 0.0694192
0.40625 1.06966 0.0696599 0.0694192
0.421875 1.07061 0.0706128 0.0703689
0.421875 1.07061 0.0706128 0.0703689
0.4375 1.0714 0.0713956 0.071149
0.4375 1.0714 0.0713956 0.071149
0.453125 1.07201 0.0720065 0.0717577
0.453125 1.07201 0.0720065 0.0717577
0.46875 1.07244 0.0724438 0.0721936
0.46875 1.07244 0.0724438 0.0721936
0.484375 1.07271 0.0727067 0.0724555
0.484375 1.07271 0.0727067 0.0724555
0.5 1.07279 0.0727944 0.0725429
0.5 1.07279 0.0727944 0.0725429
0.515625 1.07271 0.0727067 0.0724555
0.515625 1.07271 0.0727067 0.0724555
0.53125 1.07244 0.0724438 0.0721936
0.53125 1.07244 0.0724438 0.0721936
0.546875 1.07201 0.0720065 0.0717577
0.546875 1.07201 0.0720065 0.0717577
0.5625 1.0714 0.0713956 0.071149
0.5625 1.0714 0.0713956 0.071149
0.578125 1.07061 0.0706128 0.0703689
0.578125 1.07061 0.0706128 0.0703689
0.59375 1.06966 0.0696599 0.0694192
0.59375 1.06966 0.0696599 0.0694192
0.609375 1.06854 0.0685391 0.0683024
0.609375 1.06854 0.0685391 0.0683024
0.625 1.06725 0.0672533 0.0670209
0.625 1.06725 0.0672533 0.0670209
0.640625 1.06581 0.0658054 0.0655781
0.640625 1.06581 0.0658054 0.0655781
0.65625 1.0642 0.0641991 0.0639773
0.65625 1.0642 0.0641991 0.0639773
0.671875 1.06244 0.0624383 0.0622224
0.671875 1.06244 0.0624383 0.0622224
0.6875 1.06053 0.0605273 0.0603179
0.6875 1.06053 0.0605273 0.0603179
0.703125 1.05847 0.0584712 0.0582684
0.703125 1.05847 0.0584712 0.0582684
0.71875 1.05628 0.0562752 0.0560795
0.71875 1.05628 0.0562752 0.0560795
0.734375 1.05395 0.0539459 0.0537571
0.734375 1.05395 0.0539459 0.0537571
0.75 1.05149 0.0514903 0.0513082
0.75 1.05149 0.0514903 0.0513082
0.765625 1.04892 0.0489174 0.0487414
0.765625 1.04892 0.0489174 0.0487414
0.78125 1.04624 0.046238 0.0460669
0.78125 1.04624 0.046238 0.0460669
0.796875 1.04347 0.0434659 0.0432978
0.796875 1.04347 0.0434659 0.0432978
0.8125 1.04062 0.0406185 0.0404511
0.8125 1.04062 0.0406185 0.0404511
0.828125 1.03772 0.0377187 0.0375488
0.828125 1.03772 0.0377187 0.0375488
0.84375 1.0348 0.0347955 0.0346193
0.84375 1.0348 0.0347955 0.0346193
0.859375 1.03189 0.0318852 0.0316987
0.859375 1.03189 0.0318852 0.0316987
0.875 1.02903 0.0290325 0.0288315
0.875 1.02903 0.0290325 0.0288315
0.890625 1.02629 0.0262901 0.0260711
0.890625 1.02629 0.0262901 0.0260711
0.90625 1.02372 0.0237185 0.0234787
0.90625 1.02372 0.0237185 0.0234787
0.921875 1.02138 0.0213837 0.0211213
0.921875 1.02138 0.0213837 0.0211213
0.9375 1.01936 0.0193552 0.0190682
0.9375 1.01936 0.0193552 0.0190682
0.953125 1.0177 0.0177028 0.017387
0.953125 1.0177 0.0177028 0.017387
0.96875 1.01649 0.0164943 0.0161375
0.96875 1.01649 0.0164943 0.0161375
0.984375 1.0158 0.0157965 0.0153673
0.984375 1.0158 0.0157965 0.0153673
1 1 0 0.0151071
