# x y topography analytical topography
0 1 0 0.0302091
0.015625 1.02742 0.0274199 0.0303014
0.015625 1.02742 0.0274199 0.0303014
0.03125 1.02785 0.0278518 0.0305771
0.03125 1.02785 0.0278518 0.0305771
0.046875 1.02854 0.0285436 0.0310326
0.046875 1.02854 0.0285436 0.0310326
0.0625 1.02946 0.0294572 0.0316619
0.0625 1.02946 0.0294572 0.0316619
0.078125 1.03056 0.0305635 0.032457
0.078125 1.03056 0.0305635 0.032457
0.09375 1.03184 0.0318377 0.0334077
0.09375 1.03184 0.0318377 0.0334077
0.109375 1.03326 0.0332573 0.034502
0.109375 1.03326 0.0332573 0.034502
0.125 1.0348 0.0348012 0.0357265
0.125 1.0348 0.0348012 0.0357265
0.140625 1.03645 0.0364491 0.0370662
0.140625 1.03645 0.0364491 0.0370662
0.15625 1.03818 0.0381811 0.0385052
0.15625 1.03818 0.0381811 0.0385052
0.171875 1.03998 0.0399782 0.0400267
0.171875 1.03998 0.0399782 0.0400267
0.1875 1.04182 0.0418216 0.0416135
0.1875 1.04182 0.0418216 0.0416135
0.203125 1.04369 0.043693 0.0432481
0.203125 1.04369 0.043693 0.0432481
0.21875 1.04558 0.045575 0.0449131
0.21875 1.04558 0.045575 0.0449131
0.234375 1.04745 0.0474507 0.0465911
0.234375 1.04745 0.0474507 0.0465911
0.25 1.0493 0.0493039 0.0482654
0.25 1.0493 0.0493039 0.0482654
0.265625 1.05112 0.0511194 0.0499198
0.265625 1.05112 0.0511194 0.0499198
0.28125 1.05288 0.0528828 0.0515388
0.28125 1.05288 0.0528828 0.0515388
0.296875 1.05458 0.0545806 0.0531078
0.296875 1.05458 0.0545806 0.0531078
0.3125 1.0562 0.0562006 0.0546134
0.3125 1.0562 0.0562006 0.0546134
0.328125 1.05773 0.0577311 0.056043
0.328125 1.05773 0.0577311 0.056043
0.34375 1.05916 0.0591619 0.0573851
0.34375 1.05916 0.0591619 0.0573851
0.359375 1.06048 0.0604836 0.0586294
0.359375 1.06048 0.0604836 0.0586294
0.375 1.06169 0.0616878 0.0597666
0.375 1.06169 0.0616878 0.0597666
0.390625 1.06277 0.0627671 0.0607886
0.390625 1.06277 0.0627671 0.0607886
0.40625 1.06372 0.0637151 0.0616882
0.40625 1.06372 0.0637151 0.0616882
0.421875 1.06453 0.0645263 0.0624594
0.421875 1.06453 0.0645263 0.0624594
0.4375 1.0652 0.0651961 0.0630971
0.4375 1.0652 0.0651961 0.0630971
0.453125 1.06572 0.0657208 0.0635973
0.453125 1.06572 0.0657208 0.0635973
0.46875 1.0661 0.0660977 0.0639568
0.46875 1.0661 0.0660977 0.0639568
0.484375 1.06632 0.0663246 0.0641734
0.484375 1.06632 0.0663246 0.0641734
0.5 1.0664 0.0664004 0.0642457
0.5 1.0664 0.0664004 0.0642457
0.515625 1.06632 0.0663246 0.0641734
0.515625 1.06632 0.0663246 0.0641734
0.53125 1.0661 0.0660977 0.0639568
0.53125 1.0661 0.0660977 0.0639568
0.546875 1.06572 0.0657208 0.0635973
0.546875 1.06572 0.0657208 0.0635973
0.5625 1.0652 0.0651961 0.0630971
0.5625 1.0652 0.0651961 0.0630971
0.578125 1.06453 0.0645263 0.0624594
0.578125 1.06453 0.0645263 0.0624594
0.59375 1.06372 0.0637151 0.0616882
0.59375 1.06372 0.0637151 0.0616882
0.609375 1.06277 0.0627671 0.0607886
0.609375 1.06277 0.0627671 0.0607886
0.625 1.06169 0.0616878 0.0597666
0.625 1.06169 0.0616878 0.0597666
0.640625 1.06048 0.0604836 0.0586294
0.640625 1.06048 0.0604836 0.0586294
0.65625 1.05916 0.0591619 0.0573851
0.65625 1.05916 0.0591619 0.0573851
0.671875 1.05773 0.0577311 0.056043
0.671875 1.05773 0.0577311 0.056043
0.6875 1.0562 0.0562006 0.0546134
0.6875 1.0562 0.0562006 0.0546134
0.703125 1.05458 0.0545806 0.0531078
0.703125 1.05458 0.0545806 0.0531078
0.71875 1.05288 0.0528828 0.0515388
0.71875 1.05288 0.0528828 0.0515388
0.734375 1.05112 0.0511194 0.0499198
0.734375 1.05112 0.0511194 0.0499198
0.75 1.0493 0.0493039 0.0482654
0.75 1.0493 0.0493039 0.0482654
0.765625 1.04745 0.0474507 0.0465911
0.765625 1.04745 0.0474507 0.0465911
0.78125 1.04558 0.045575 0.0449131
0.78125 1.04558 0.045575 0.0449131
0.796875 1.04369 0.043693 0.0432481
0.796875 1.04369 0.043693 0.0432481
0.8125 1.04182 0.0418216 0.0416135
0.8125 1.04182 0.0418216 0.0416135
0.828125 1.03998 0.0399782 0.0400267
0.828125 1.03998 0.0399782 0.0400267
0.84375 1.03818 0.0381811 0.0385052
0.84375 1.03818 0.0381811 0.0385052
0.859375 1.03645 0.0364491 0.0370662
0.859375 1.03645 0.0364491 0.0370662
0.875 1.0348 0.0348012 0.0357265
0.875 1.0348 0.0348012 0.0357265
0.890625 1.03326 0.0332573 0.034502
0.890625 1.03326 0.0332573 0.034502
0.90625 1.03184 0.0318377 0.0334077
0.90625 1.03184 0.0318377 0.0334077
0.921875 1.03056 0.0305635 0.032457
0.921875 1.03056 0.0305635 0.032457
0.9375 1.02946 0.0294572 0.0316619
0.9375 1.02946 0.0294572 0.0316619
0.953125 1.02854 0.0285436 0.0310326
0.953125 1.02854 0.0285436 0.0310326
0.96875 1.02785 0.0278518 0.0305771
0.96875 1.02785 0.0278518 0.0305771
0.984375 1.02742 0.0274199 0.0303014
0.984375 1.02742 0.0274199 0.0303014
1 1 0 0.0302091
