# x y topography analytical topography
0 1 0 0.0212474
0.015625 1.0208 0.0207995 0.0214154
0.015625 1.0208 0.0207995 0.0214154
0.03125 1.02135 0.0213455 0.0219158
0.03125 1.02135 0.0213455 0.0219158
0.046875 1.02226 0.0222615 0.0227374
0.046875 1.02226 0.0222615 0.0227374
0.0625 1.0235 0.0235019 0.0238623
0.0625 1.0235 0.0235019 0.0238623
0.078125 1.02503 0.025027 0.0252667
0.078125 1.02503 0.025027 0.0252667
0.09375 1.0268 0.0267987 0.0269219
0.09375 1.0268 0.0267987 0.0269219
0.109375 1.02878 0.0287794 0.0287954
0.109375 1.02878 0.0287794 0.0287954
0.125 1.03093 0.0309321 0.0308525
0.125 1.03093 0.0309321 0.0308525
0.140625 1.03322 0.0332203 0.0330572
0.140625 1.03322 0.0332203 0.0330572
0.15625 1.03561 0.0356086 0.0353738
0.15625 1.03561 0.0356086 0.0353738
0.171875 1.03806 0.0380634 0.0377675
0.171875 1.03806 0.0380634 0.0377675
0.1875 1.04055 0.0405534 0.0402055
0.1875 1.04055 0.0405534 0.0402055
0.203125 1.04305 0.0430496 0.0426574
0.203125 1.04305 0.0430496 0.0426574
0.21875 1.04553 0.0455259 0.0450956
0.21875 1.04553 0.0455259 0.0450956
0.234375 1.04796 0.047959 0.0474956
0.234375 1.04796 0.047959 0.0474956
0.25 1.05033 0.0503285 0.049836
0.25 1.05033 0.0503285 0.049836
0.265625 1.05262 0.0526166 0.0520982
0.265625 1.05262 0.0526166 0.0520982
0.28125 1.05481 0.054808 0.0542662
0.28125 1.05481 0.054808 0.0542662
0.296875 1.05689 0.0568898 0.0563266
0.296875 1.05689 0.0568898 0.0563266
0.3125 1.05885 0.0588509 0.0582682
0.3125 1.05885 0.0588509 0.0582682
0.328125 1.06068 0.060682 0.0600813
0.328125 1.06068 0.060682 0.0600813
0.34375 1.06238 0.0623751 0.061758
0.34375 1.06238 0.0623751 0.061758
0.359375 1.06392 0.0639238 0.0632918
0.359375 1.06392 0.0639238 0.0632918
0.375 1.06532 0.0653225 0.0646769
0.375 1.06532 0.0653225 0.0646769
0.390625 1.06657 0.0665664 0.0659089
0.390625 1.06657 0.0665664 0.0659089
0.40625 1.06765 0.0676518 0.0669837
0.40625 1.06765 0.0676518 0.0669837
0.421875 1.06858 0.0685753 0.0678983
0.421875 1.06858 0.0685753 0.0678983
0.4375 1.06933 0.0693344 0.06865
0.4375 1.06933 0.0693344 0.06865
0.453125 1.06993 0.0699268 0.0692367
0.453125 1.06993 0.0699268 0.0692367
0.46875 1.07035 0.0703512 0.0696569
0.46875 1.07035 0.0703512 0.0696569
0.484375 1.07061 0.0706062 0.0699094
0.484375 1.07061 0.0706062 0.0699094
0.5 1.07069 0.0706913 0.0699937
0.5 1.07069 0.0706913 0.0699937
0.515625 1.07061 0.0706062 0.0699094
0.515625 1.07061 0.0706062 0.0699094
0.53125 1.07035 0.0703512 0.0696569
0.53125 1.07035 0.0703512 0.0696569
0.546875 1.06993 0.0699268 0.0692367
0.546875 1.06993 0.0699268 0.0692367
0.5625 1.06933 0.0693344 0.06865
0.5625 1.06933 0.0693344 0.06865
0.578125 1.06858 0.0685753 0.0678983
0.578125 1.06858 0.0685753 0.0678983
0.59375 1.06765 0.0676518 0.0669837
0.59375 1.06765 0.0676518 0.0669837
0.609375 1.06657 0.0665664 0.0659089
0.609375 1.06657 0.0665664 0.0659089
0.625 1.06532 0.0653225 0.0646769
0.625 1.06532 0.0653225 0.0646769
0.640625 1.06392 0.0639238 0.0632918
0.640625 1.06392 0.0639238 0.0632918
0.65625 1.06238 0.0623751 0.061758
0.65625 1.06238 0.0623751 0.061758
0.671875 1.06068 0.060682 0.0600813
0.671875 1.06068 0.060682 0.0600813
0.6875 1.05885 0.0588509 0.0582682
0.6875 1.05885 0.0588509 0.0582682
0.703125 1.05689 0.0568898 0.0563266
0.703125 1.05689 0.0568898 0.0563266
0.71875 1.05481 0.054808 0.0542662
0.71875 1.05481 0.054808 0.0542662
0.734375 1.05262 0.0526166 0.0520982
0.734375 1.05262 0.0526166 0.0520982
0.75 1.05033 0.0503285 0.049836
0.75 1.05033 0.0503285 0.049836
0.765625 1.04796 0.047959 0.0474956
0.765625 1.04796 0.047959 0.0474956
0.78125 1.04553 0.0455259 0.0450956
0.78125 1.04553 0.0455259 0.0450956
0.796875 1.04305 0.0430496 0.0426574
0.796875 1.04305 0.0430496 0.0426574
0.8125 1.04055 0.0405534 0.0402055
0.8125 1.04055 0.0405534 0.0402055
0.828125 1.03806 0.0380634 0.0377675
0.828125 1.03806 0.0380634 0.0377675
0.84375 1.03561 0.0356086 0.0353738
0.84375 1.03561 0.0356086 0.0353738
0.859375 1.03322 0.0332203 0.0330572
0.859375 1.03322 0.0332203 0.0330572
0.875 1.03093 0.0309321 0.0308525
0.875 1.03093 0.0309321 0.0308525
0.890625 1.02878 0.0287794 0.0287954
0.890625 1.02878 0.0287794 0.0287954
0.90625 1.0268 0.0267987 0.0269219
0.90625 1.0268 0.0267987 0.0269219
0.921875 1.02503 0.025027 0.0252667
0.921875 1.02503 0.025027 0.0252667
0.9375 1.0235 0.0235019 0.0238623
0.9375 1.0235 0.0235019 0.0238623
0.953125 1.02226 0.0222615 0.0227374
0.953125 1.02226 0.0222615 0.0227374
0.96875 1.02135 0.0213455 0.0219158
0.96875 1.02135 0.0213455 0.0219158
0.984375 1.0208 0.0207995 0.0214154
0.984375 1.0208 0.0207995 0.0214154
1 1 0 0.0212474
