# x y topography analytical topography
0 1 0 0.0256963
0.015625 1.02419 0.0241947 0.0258217
0.015625 1.02419 0.0241947 0.0258217
0.03125 1.02467 0.0246747 0.0261957
0.03125 1.02467 0.0246747 0.0261957
0.046875 1.02546 0.0254614 0.0268124
0.046875 1.02546 0.0254614 0.0268124
0.0625 1.02651 0.0265143 0.0276615
0.0625 1.02651 0.0265143 0.0276615
0.078125 1.0278 0.0278006 0.0287295
0.078125 1.0278 0.0278006 0.0287295
0.09375 1.02929 0.0292911 0.0299997
0.09375 1.02929 0.0292911 0.0299997
0.109375 1.03096 0.0309583 0.0314526
0.109375 1.03096 0.0309583 0.0314526
0.125 1.03278 0.032775 0.0330666
0.125 1.03278 0.032775 0.0330666
0.140625 1.03472 0.0347151 0.0348185
0.140625 1.03472 0.0347151 0.0348185
0.15625 1.03675 0.0367527 0.036684
0.15625 1.03675 0.0367527 0.036684
0.171875 1.03886 0.0388626 0.0386386
0.171875 1.03886 0.0388626 0.0386386
0.1875 1.04102 0.0410206 0.0406576
0.1875 1.04102 0.0410206 0.0406576
0.203125 1.0432 0.0432032 0.0427169
0.203125 1.0432 0.0432032 0.0427169
0.21875 1.04539 0.0453886 0.0447933
0.21875 1.04539 0.0453886 0.0447933
0.234375 1.04756 0.0475558 0.0468647
0.234375 1.04756 0.0475558 0.0468647
0.25 1.04969 0.0496859 0.0489106
0.25 1.04969 0.0496859 0.0489106
0.265625 1.05176 0.051761 0.050912
0.265625 1.05176 0.051761 0.050912
0.28125 1.05377 0.0537651 0.0528514
0.28125 1.05377 0.0537651 0.0528514
0.296875 1.05568 0.0556838 0.0547135
0.296875 1.05568 0.0556838 0.0547135
0.3125 1.0575 0.0575042 0.0564841
0.3125 1.0575 0.0575042 0.0564841
0.328125 1.05921 0.0592149 0.0581511
0.328125 1.05921 0.0592149 0.0581511
0.34375 1.06081 0.0608057 0.0597036
0.34375 1.06081 0.0608057 0.0597036
0.359375 1.06227 0.062268 0.0611325
0.359375 1.06227 0.062268 0.0611325
0.375 1.06359 0.0635944 0.0624298
0.375 1.06359 0.0635944 0.0624298
0.390625 1.06478 0.0647783 0.0635886
0.390625 1.06478 0.0647783 0.0635886
0.40625 1.06581 0.0658144 0.0646033
0.40625 1.06581 0.0658144 0.0646033
0.421875 1.0667 0.0666982 0.0654693
0.421875 1.0667 0.0666982 0.0654693
0.4375 1.06743 0.0674261 0.0661828
0.4375 1.06743 0.0674261 0.0661828
0.453125 1.068 0.0679951 0.0667406
0.453125 1.068 0.0679951 0.0667406
0.46875 1.0684 0.0684031 0.0671406
0.46875 1.0684 0.0684031 0.0671406
0.484375 1.06865 0.0686485 0.0673813
0.484375 1.06865 0.0686485 0.0673813
0.5 1.06873 0.0687304 0.0674616
0.5 1.06873 0.0687304 0.0674616
0.515625 1.06865 0.0686485 0.0673813
0.515625 1.06865 0.0686485 0.0673813
0.53125 1.0684 0.0684031 0.0671406
0.53125 1.0684 0.0684031 0.0671406
0.546875 1.068 0.0679951 0.0667406
0.546875 1.068 0.0679951 0.0667406
0.5625 1.06743 0.0674261 0.0661828
0.5625 1.06743 0.0674261 0.0661828
0.578125 1.0667 0.0666982 0.0654693
0.578125 1.0667 0.0666982 0.0654693
0.59375 1.06581 0.0658144 0.0646033
0.59375 1.06581 0.0658144 0.0646033
0.609375 1.06478 0.0647783 0.0635886
0.609375 1.06478 0.0647783 0.0635886
0.625 1.06359 0.0635944 0.0624298
0.625 1.06359 0.0635944 0.0624298
0.640625 1.06227 0.062268 0.0611325
0.640625 1.06227 0.062268 0.0611325
0.65625 1.06081 0.0608057 0.0597036
0.65625 1.06081 0.0608057 0.0597036
0.671875 1.05921 0.0592149 0.0581511
0.671875 1.05921 0.0592149 0.0581511
0.6875 1.0575 0.0575042 0.0564841
0.6875 1.0575 0.0575042 0.0564841
0.703125 1.05568 0.0556838 0.0547135
0.703125 1.05568 0.0556838 0.0547135
0.71875 1.05377 0.0537651 0.0528514
0.71875 1.05377 0.0537651 0.0528514
0.734375 1.05176 0.051761 0.050912
0.734375 1.05176 0.051761 0.050912
0.75 1.04969 0.0496859 0.0489106
0.75 1.04969 0.0496859 0.0489106
0.765625 1.04756 0.0475558 0.0468647
0.765625 1.04756 0.0475558 0.0468647
0.78125 1.04539 0.0453886 0.0447933
0.78125 1.04539 0.0453886 0.0447933
0.796875 1.0432 0.0432032 0.0427169
0.796875 1.0432 0.0432032 0.0427169
0.8125 1.04102 0.0410206 0.0406576
0.8125 1.04102 0.0410206 0.0406576
0.828125 1.03886 0.0388626 0.0386386
0.828125 1.03886 0.0388626 0.0386386
0.84375 1.03675 0.0367527 0.036684
0.84375 1.03675 0.0367527 0.036684
0.859375 1.03472 0.0347151 0.0348185
0.859375 1.03472 0.0347151 0.0348185
0.875 1.03278 0.032775 0.0330666
0.875 1.03278 0.032775 0.0330666
0.890625 1.03096 0.0309583 0.0314526
0.890625 1.03096 0.0309583 0.0314526
0.90625 1.02929 0.0292911 0.0299997
0.90625 1.02929 0.0292911 0.0299997
0.921875 1.0278 0.0278006 0.0287295
0.921875 1.0278 0.0278006 0.0287295
0.9375 1.02651 0.0265143 0.0276615
0.9375 1.02651 0.0265143 0.0276615
0.953125 1.02546 0.0254614 0.0268124
0.953125 1.02546 0.0254614 0.0268124
0.96875 1.02467 0.0246747 0.0261957
0.96875 1.02467 0.0246747 0.0261957
0.984375 1.02419 0.0241947 0.0258217
0.984375 1.02419 0.0241947 0.0258217
1 1 0 0.0256963
