# x y topography analytical topography
0 1 0 0.0234861
0.015625 1.02253 0.0225335 0.0236311
0.015625 1.02253 0.0225335 0.0236311
0.03125 1.02304 0.0230433 0.0240632
0.03125 1.02304 0.0230433 0.0240632
0.046875 1.02389 0.0238885 0.0247743
0.046875 1.02389 0.0238885 0.0247743
0.0625 1.02503 0.0250267 0.0257511
0.0625 1.02503 0.0250267 0.0257511
0.078125 1.02642 0.0264221 0.0269759
0.078125 1.02642 0.0264221 0.0269759
0.09375 1.02804 0.0280421 0.0284269
0.09375 1.02804 0.0280421 0.0284269
0.109375 1.02985 0.0298549 0.0300791
0.109375 1.02985 0.0298549 0.0300791
0.125 1.03183 0.0318292 0.0319052
0.125 1.03183 0.0318292 0.0319052
0.140625 1.03393 0.0339344 0.0338763
0.140625 1.03393 0.0339344 0.0338763
0.15625 1.03614 0.0361403 0.0359631
0.15625 1.03614 0.0361403 0.0359631
0.171875 1.03842 0.0384181 0.0381359
0.171875 1.03842 0.0384181 0.0381359
0.1875 1.04074 0.0407399 0.0403662
0.1875 1.04074 0.0407399 0.0403662
0.203125 1.04308 0.0430796 0.0426264
0.203125 1.04308 0.0430796 0.0426264
0.21875 1.04541 0.0454129 0.0448908
0.21875 1.04541 0.0454129 0.0448908
0.234375 1.04772 0.0477175 0.0471356
0.234375 1.04772 0.0477175 0.0471356
0.25 1.04997 0.0499732 0.0493393
0.25 1.04997 0.0499732 0.0493393
0.265625 1.05216 0.0521618 0.0514824
0.265625 1.05216 0.0521618 0.0514824
0.28125 1.05427 0.0542672 0.0535479
0.28125 1.05427 0.0542672 0.0535479
0.296875 1.05628 0.0562752 0.0555207
0.296875 1.05628 0.0562752 0.0555207
0.3125 1.05817 0.0581737 0.0573878
0.3125 1.05817 0.0581737 0.0573878
0.328125 1.05995 0.0599519 0.0591381
0.328125 1.05995 0.0599519 0.0591381
0.34375 1.0616 0.0616007 0.0607621
0.34375 1.0616 0.0616007 0.0607621
0.359375 1.06311 0.0631122 0.0622516
0.359375 1.06311 0.0631122 0.0622516
0.375 1.06448 0.06448 0.0635999
0.375 1.06448 0.06448 0.0635999
0.390625 1.0657 0.0656985 0.0648012
0.390625 1.0657 0.0656985 0.0648012
0.40625 1.06676 0.066763 0.0658509
0.40625 1.06676 0.066763 0.0658509
0.421875 1.06767 0.0676697 0.0667451
0.421875 1.06767 0.0676697 0.0667451
0.4375 1.06842 0.0684155 0.0674808
0.4375 1.06842 0.0684155 0.0674808
0.453125 1.069 0.0689981 0.0680554
0.453125 1.069 0.0689981 0.0680554
0.46875 1.06942 0.0694154 0.068467
0.46875 1.06942 0.0694154 0.068467
0.484375 1.06967 0.0696664 0.0687146
0.484375 1.06967 0.0696664 0.0687146
0.5 1.06975 0.0697501 0.0687972
0.5 1.06975 0.0697501 0.0687972
0.515625 1.06967 0.0696664 0.0687146
0.515625 1.06967 0.0696664 0.0687146
0.53125 1.06942 0.0694154 0.068467
0.53125 1.06942 0.0694154 0.068467
0.546875 1.069 0.0689981 0.0680554
0.546875 1.069 0.0689981 0.0680554
0.5625 1.06842 0.0684155 0.0674808
0.5625 1.06842 0.0684155 0.0674808
0.578125 1.06767 0.0676697 0.0667451
0.578125 1.06767 0.0676697 0.0667451
0.59375 1.06676 0.066763 0.0658509
0.59375 1.06676 0.066763 0.0658509
0.609375 1.0657 0.0656985 0.0648012
0.609375 1.0657 0.0656985 0.0648012
0.625 1.06448 0.06448 0.0635999
0.625 1.06448 0.06448 0.0635999
0.640625 1.06311 0.0631122 0.0622516
0.640625 1.06311 0.0631122 0.0622516
0.65625 1.0616 0.0616007 0.0607621
0.65625 1.0616 0.0616007 0.0607621
0.671875 1.05995 0.0599519 0.0591381
0.671875 1.05995 0.0599519 0.0591381
0.6875 1.05817 0.0581737 0.0573878
0.6875 1.05817 0.0581737 0.0573878
0.703125 1.05628 0.0562752 0.0555207
0.703125 1.05628 0.0562752 0.0555207
0.71875 1.05427 0.0542672 0.0535479
0.71875 1.05427 0.0542672 0.0535479
0.734375 1.05216 0.0521618 0.0514824
0.734375 1.05216 0.0521618 0.0514824
0.75 1.04997 0.0499732 0.0493393
0.75 1.04997 0.0499732 0.0493393
0.765625 1.04772 0.0477175 0.0471356
0.765625 1.04772 0.0477175 0.0471356
0.78125 1.04541 0.0454129 0.0448908
0.78125 1.04541 0.0454129 0.0448908
0.796875 1.04308 0.0430796 0.0426264
0.796875 1.04308 0.0430796 0.0426264
0.8125 1.04074 0.0407399 0.0403662
0.8125 1.04074 0.0407399 0.0403662
0.828125 1.03842 0.0384181 0.0381359
0.828125 1.03842 0.0384181 0.0381359
0.84375 1.03614 0.0361403 0.0359631
0.84375 1.03614 0.0361403 0.0359631
0.859375 1.03393 0.0339344 0.0338763
0.859375 1.03393 0.0339344 0.0338763
0.875 1.03183 0.0318292 0.0319052
0.875 1.03183 0.0318292 0.0319052
0.890625 1.02985 0.0298549 0.0300791
0.890625 1.02985 0.0298549 0.0300791
0.90625 1.02804 0.0280421 0.0284269
0.90625 1.02804 0.0280421 0.0284269
0.921875 1.02642 0.0264221 0.0269759
0.921875 1.02642 0.0264221 0.0269759
0.9375 1.02503 0.0250267 0.0257511
0.9375 1.02503 0.0250267 0.0257511
0.953125 1.02389 0.0238885 0.0247743
0.953125 1.02389 0.0238885 0.0247743
0.96875 1.02304 0.0230433 0.0240632
0.96875 1.02304 0.0230433 0.0240632
0.984375 1.02253 0.0225335 0.0236311
0.984375 1.02253 0.0225335 0.0236311
1 1 0 0.0234861
