# x y topography analytical topography
0 1 0 0.0251731
0.015625 1.02381 0.0238062 0.0253029
0.015625 1.02381 0.0238062 0.0253029
0.03125 1.02429 0.0242927 0.02569
0.03125 1.02429 0.0242927 0.02569
0.046875 1.02509 0.0250924 0.0263279
0.046875 1.02509 0.0250924 0.0263279
0.0625 1.02616 0.0261643 0.0272058
0.0625 1.02616 0.0261643 0.0272058
0.078125 1.02747 0.027475 0.0283093
0.078125 1.02747 0.027475 0.0283093
0.09375 1.02899 0.0289946 0.0296207
0.09375 1.02899 0.0289946 0.0296207
0.109375 1.03069 0.0306945 0.0311191
0.109375 1.03069 0.0306945 0.0311191
0.125 1.03255 0.032547 0.0327819
0.125 1.03255 0.032547 0.0327819
0.140625 1.03452 0.0345248 0.0345847
0.140625 1.03452 0.0345248 0.0345847
0.15625 1.0366 0.0366011 0.0365019
0.15625 1.0366 0.0366011 0.0365019
0.171875 1.03875 0.03875 0.0385079
0.171875 1.03875 0.03875 0.0385079
0.1875 1.04095 0.0409463 0.0405772
0.1875 1.04095 0.0409463 0.0405772
0.203125 1.04317 0.0431661 0.0426848
0.203125 1.04317 0.0431661 0.0426848
0.21875 1.04539 0.0453868 0.0448068
0.21875 1.04539 0.0453868 0.0448068
0.234375 1.04759 0.0475872 0.0469207
0.234375 1.04759 0.0475872 0.0469207
0.25 1.04975 0.0497478 0.0490058
0.25 1.04975 0.0497478 0.0490058
0.265625 1.05185 0.0518509 0.0510426
0.265625 1.05185 0.0518509 0.0510426
0.28125 1.05388 0.0538803 0.053014
0.28125 1.05388 0.0538803 0.053014
0.296875 1.05582 0.0558215 0.0549044
0.296875 1.05582 0.0558215 0.0549044
0.3125 1.05766 0.0576618 0.0566999
0.3125 1.05766 0.0576618 0.0566999
0.328125 1.05939 0.0593898 0.0583886
0.328125 1.05939 0.0593898 0.0583886
0.34375 1.061 0.0609956 0.05996
0.34375 1.061 0.0609956 0.05996
0.359375 1.06247 0.0624708 0.0614049
0.359375 1.06247 0.0624708 0.0614049
0.375 1.06381 0.063808 0.0627157
0.375 1.06381 0.063808 0.0627157
0.390625 1.065 0.0650011 0.0638859
0.390625 1.065 0.0650011 0.0638859
0.40625 1.06604 0.0660447 0.06491
0.40625 1.06604 0.0660447 0.06491
0.421875 1.06693 0.0669346 0.0657836
0.421875 1.06693 0.0669346 0.0657836
0.4375 1.06767 0.0676673 0.066503
0.4375 1.06767 0.0676673 0.066503
0.453125 1.06824 0.0682399 0.0670653
0.453125 1.06824 0.0682399 0.0670653
0.46875 1.06865 0.0686504 0.0674685
0.46875 1.06865 0.0686504 0.0674685
0.484375 1.0689 0.0688973 0.067711
0.484375 1.0689 0.0688973 0.067711
0.5 1.06898 0.0689797 0.0677919
0.5 1.06898 0.0689797 0.0677919
0.515625 1.0689 0.0688973 0.067711
0.515625 1.0689 0.0688973 0.067711
0.53125 1.06865 0.0686504 0.0674685
0.53125 1.06865 0.0686504 0.0674685
0.546875 1.06824 0.0682399 0.0670653
0.546875 1.06824 0.0682399 0.0670653
0.5625 1.06767 0.0676673 0.066503
0.5625 1.06767 0.0676673 0.066503
0.578125 1.06693 0.0669346 0.0657836
0.578125 1.06693 0.0669346 0.0657836
0.59375 1.06604 0.0660447 0.06491
0.59375 1.06604 0.0660447 0.06491
0.609375 1.065 0.0650011 0.0638859
0.609375 1.065 0.0650011 0.0638859
0.625 1.06381 0.063808 0.0627157
0.625 1.06381 0.063808 0.0627157
0.640625 1.06247 0.0624708 0.0614049
0.640625 1.06247 0.0624708 0.0614049
0.65625 1.061 0.0609956 0.05996
0.65625 1.061 0.0609956 0.05996
0.671875 1.05939 0.0593898 0.0583886
0.671875 1.05939 0.0593898 0.0583886
0.6875 1.05766 0.0576618 0.0566999
0.6875 1.05766 0.0576618 0.0566999
0.703125 1.05582 0.0558215 0.0549044
0.703125 1.05582 0.0558215 0.0549044
0.71875 1.05388 0.0538803 0.053014
0.71875 1.05388 0.0538803 0.053014
0.734375 1.05185 0.0518509 0.0510426
0.734375 1.05185 0.0518509 0.0510426
0.75 1.04975 0.0497478 0.0490058
0.75 1.04975 0.0497478 0.0490058
0.765625 1.04759 0.0475872 0.0469207
0.765625 1.04759 0.0475872 0.0469207
0.78125 1.04539 0.0453868 0.0448068
0.78125 1.04539 0.0453868 0.0448068
0.796875 1.04317 0.0431661 0.0426848
0.796875 1.04317 0.0431661 0.0426848
0.8125 1.04095 0.0409463 0.0405772
0.8125 1.04095 0.0409463 0.0405772
0.828125 1.03875 0.03875 0.0385079
0.828125 1.03875 0.03875 0.0385079
0.84375 1.0366 0.0366011 0.0365019
0.84375 1.0366 0.0366011 0.0365019
0.859375 1.03452 0.0345248 0.0345847
0.859375 1.03452 0.0345248 0.0345847
0.875 1.03255 0.032547 0.0327819
0.875 1.03255 0.032547 0.0327819
0.890625 1.03069 0.0306945 0.0311191
0.890625 1.03069 0.0306945 0.0311191
0.90625 1.02899 0.0289946 0.0296207
0.90625 1.02899 0.0289946 0.0296207
0.921875 1.02747 0.027475 0.0283093
0.921875 1.02747 0.027475 0.0283093
0.9375 1.02616 0.0261643 0.0272058
0.9375 1.02616 0.0261643 0.0272058
0.953125 1.02509 0.0250924 0.0263279
0.953125 1.02509 0.0250924 0.0263279
0.96875 1.02429 0.0242927 0.02569
0.96875 1.02429 0.0242927 0.02569
0.984375 1.02381 0.0238062 0.0253029
0.984375 1.02381 0.0238062 0.0253029
1 1 0 0.0251731
