# x y topography analytical topography
0 1 0 0.0259513
0.015625 1.02438 0.024383 0.0260746
0.015625 1.02438 0.024383 0.0260746
0.03125 1.02486 0.0248599 0.0264424
0.03125 1.02486 0.0248599 0.0264424
0.046875 1.02564 0.0256404 0.0270489
0.046875 1.02564 0.0256404 0.0270489
0.0625 1.02668 0.0266843 0.0278843
0.0625 1.02668 0.0266843 0.0278843
0.078125 1.02796 0.027959 0.0289354
0.078125 1.02796 0.027959 0.0289354
0.09375 1.02944 0.0294358 0.0301859
0.09375 1.02944 0.0294358 0.0301859
0.109375 1.03109 0.0310872 0.0316169
0.109375 1.03109 0.0310872 0.0316169
0.125 1.03289 0.0328869 0.0332074
0.125 1.03289 0.0328869 0.0332074
0.140625 1.03481 0.0348089 0.0349347
0.140625 1.03481 0.0348089 0.0349347
0.15625 1.03683 0.0368279 0.0367752
0.15625 1.03683 0.0368279 0.0367752
0.171875 1.03892 0.038919 0.0387048
0.171875 1.03892 0.038919 0.0387048
0.1875 1.04106 0.0410584 0.0406992
0.1875 1.04106 0.0410584 0.0406992
0.203125 1.04322 0.043223 0.0427349
0.203125 1.04322 0.043223 0.0427349
0.21875 1.04539 0.0453911 0.0447888
0.21875 1.04539 0.0453911 0.0447888
0.234375 1.04754 0.0475421 0.0468392
0.234375 1.04754 0.0475421 0.0468392
0.25 1.04966 0.049657 0.0488657
0.25 1.04966 0.049657 0.0488657
0.265625 1.05172 0.0517183 0.0508494
0.265625 1.05172 0.0517183 0.0508494
0.28125 1.05371 0.0537099 0.0527729
0.28125 1.05371 0.0537099 0.0527729
0.296875 1.05562 0.0556174 0.0546206
0.296875 1.05562 0.0556174 0.0546206
0.3125 1.05743 0.0574278 0.0563786
0.3125 1.05743 0.0574278 0.0563786
0.328125 1.05913 0.0591297 0.0580346
0.328125 1.05913 0.0591297 0.0580346
0.34375 1.06071 0.0607129 0.0595776
0.34375 1.06071 0.0607129 0.0595776
0.359375 1.06217 0.0621687 0.0609983
0.359375 1.06217 0.0621687 0.0609983
0.375 1.06349 0.0634895 0.0622885
0.375 1.06349 0.0634895 0.0622885
0.390625 1.06467 0.0646687 0.0634415
0.390625 1.06467 0.0646687 0.0634415
0.40625 1.0657 0.065701 0.0644514
0.40625 1.0657 0.065701 0.0644514
0.421875 1.06658 0.0665817 0.0653135
0.421875 1.06658 0.0665817 0.0653135
0.4375 1.06731 0.0673071 0.0660238
0.4375 1.06731 0.0673071 0.0660238
0.453125 1.06787 0.0678742 0.0665793
0.453125 1.06787 0.0678742 0.0665793
0.46875 1.06828 0.0682809 0.0669777
0.46875 1.06828 0.0682809 0.0669777
0.484375 1.06853 0.0685255 0.0672174
0.484375 1.06853 0.0685255 0.0672174
0.5 1.06861 0.0686071 0.0672974
0.5 1.06861 0.0686071 0.0672974
0.515625 1.06853 0.0685255 0.0672174
0.515625 1.06853 0.0685255 0.0672174
0.53125 1.06828 0.0682809 0.0669777
0.53125 1.06828 0.0682809 0.0669777
0.546875 1.06787 0.0678742 0.0665793
0.546875 1.06787 0.0678742 0.0665793
0.5625 1.06731 0.0673071 0.0660238
0.5625 1.06731 0.0673071 0.0660238
0.578125 1.06658 0.0665817 0.0653135
0.578125 1.06658 0.0665817 0.0653135
0.59375 1.0657 0.065701 0.0644514
0.59375 1.0657 0.065701 0.0644514
0.609375 1.06467 0.0646687 0.0634415
0.609375 1.06467 0.0646687 0.0634415
0.625 1.06349 0.0634895 0.0622885
0.625 1.06349 0.0634895 0.0622885
0.640625 1.06217 0.0621687 0.0609983
0.640625 1.06217 0.0621687 0.0609983
0.65625 1.06071 0.0607129 0.0595776
0.65625 1.06071 0.0607129 0.0595776
0.671875 1.05913 0.0591297 0.0580346
0.671875 1.05913 0.0591297 0.0580346
0.6875 1.05743 0.0574278 0.0563786
0.6875 1.05743 0.0574278 0.0563786
0.703125 1.05562 0.0556174 0.0546206
0.703125 1.05562 0.0556174 0.0546206
0.71875 1.05371 0.0537099 0.0527729
0.71875 1.05371 0.0537099 0.0527729
0.734375 1.05172 0.0517183 0.0508494
0.734375 1.05172 0.0517183 0.0508494
0.75 1.04966 0.049657 0.0488657
0.75 1.04966 0.049657 0.0488657
0.765625 1.04754 0.0475421 0.0468392
0.765625 1.04754 0.0475421 0.0468392
0.78125 1.04539 0.0453911 0.0447888
0.78125 1.04539 0.0453911 0.0447888
0.796875 1.04322 0.043223 0.0427349
0.796875 1.04322 0.043223 0.0427349
0.8125 1.04106 0.0410584 0.0406992
0.8125 1.04106 0.0410584 0.0406992
0.828125 1.03892 0.038919 0.0387048
0.828125 1.03892 0.038919 0.0387048
0.84375 1.03683 0.0368279 0.0367752
0.84375 1.03683 0.0368279 0.0367752
0.859375 1.03481 0.0348089 0.0349347
0.859375 1.03481 0.0348089 0.0349347
0.875 1.03289 0.0328869 0.0332074
0.875 1.03289 0.0328869 0.0332074
0.890625 1.03109 0.0310872 0.0316169
0.890625 1.03109 0.0310872 0.0316169
0.90625 1.02944 0.0294358 0.0301859
0.90625 1.02944 0.0294358 0.0301859
0.921875 1.02796 0.027959 0.0289354
0.921875 1.02796 0.027959 0.0289354
0.9375 1.02668 0.0266843 0.0278843
0.9375 1.02668 0.0266843 0.0278843
0.953125 1.02564 0.0256404 0.0270489
0.953125 1.02564 0.0256404 0.0270489
0.96875 1.02486 0.0248599 0.0264424
0.96875 1.02486 0.0248599 0.0264424
0.984375 1.02438 0.024383 0.0260746
0.984375 1.02438 0.024383 0.0260746
1 1 0 0.0259513
