# x y topography analytical topography
0 1 0 0.0222477
0.015625 1.02723 0.0272255 0.0224049
0.015625 1.02723 0.0272255 0.0224049
0.03125 1.02766 0.02766 0.0228734
0.03125 1.02766 0.02766 0.0228734
0.046875 1.02836 0.0283569 0.0236435
0.046875 1.02836 0.0283569 0.0236435
0.0625 1.02928 0.0292781 0.0246997
0.0625 1.02928 0.0292781 0.0246997
0.078125 1.03039 0.0303942 0.0260209
0.078125 1.03039 0.0303942 0.0260209
0.09375 1.03168 0.0316802 0.027582
0.09375 1.03168 0.0316802 0.027582
0.109375 1.03311 0.0331136 0.029354
0.109375 1.03311 0.0331136 0.029354
0.125 1.03467 0.0346727 0.0313058
0.125 1.03467 0.0346727 0.0313058
0.140625 1.03634 0.0363371 0.0334049
0.140625 1.03634 0.0363371 0.0334049
0.15625 1.03809 0.0380867 0.0356183
0.15625 1.03809 0.0380867 0.0356183
0.171875 1.0399 0.039902 0.0379137
0.171875 1.0399 0.039902 0.0379137
0.1875 1.04176 0.041764 0.0402601
0.1875 1.04176 0.041764 0.0402601
0.203125 1.04365 0.0436542 0.0426283
0.203125 1.04365 0.0436542 0.0426283
0.21875 1.04555 0.0455548 0.0449913
0.21875 1.04555 0.0455548 0.0449913
0.234375 1.04745 0.0474487 0.047325
0.234375 1.04745 0.0474487 0.047325
0.25 1.04932 0.0493196 0.0496075
0.25 1.04932 0.0493196 0.0496075
0.265625 1.05115 0.051152 0.0518197
0.265625 1.05115 0.051152 0.0518197
0.28125 1.05293 0.0529314 0.0539452
0.28125 1.05293 0.0529314 0.0539452
0.296875 1.05464 0.0546442 0.0559696
0.296875 1.05464 0.0546442 0.0559696
0.3125 1.05628 0.0562781 0.0578807
0.3125 1.05628 0.0562781 0.0578807
0.328125 1.05782 0.0578214 0.0596683
0.328125 1.05782 0.0578214 0.0596683
0.34375 1.05926 0.0592638 0.0613237
0.34375 1.05926 0.0592638 0.0613237
0.359375 1.0606 0.0605958 0.0628396
0.359375 1.0606 0.0605958 0.0628396
0.375 1.06181 0.0618092 0.0642098
0.375 1.06181 0.0618092 0.0642098
0.390625 1.0629 0.0628965 0.0654294
0.390625 1.0629 0.0628965 0.0654294
0.40625 1.06385 0.0638513 0.0664941
0.40625 1.06385 0.0638513 0.0664941
0.421875 1.06467 0.0646682 0.0674003
0.421875 1.06467 0.0646682 0.0674003
0.4375 1.06534 0.0653427 0.0681455
0.4375 1.06534 0.0653427 0.0681455
0.453125 1.06587 0.065871 0.0687272
0.453125 1.06587 0.065871 0.0687272
0.46875 1.06625 0.0662504 0.0691439
0.46875 1.06625 0.0662504 0.0691439
0.484375 1.06648 0.0664788 0.0693944
0.484375 1.06648 0.0664788 0.0693944
0.5 1.06656 0.0665551 0.069478
0.5 1.06656 0.0665551 0.069478
0.515625 1.06648 0.0664788 0.0693944
0.515625 1.06648 0.0664788 0.0693944
0.53125 1.06625 0.0662504 0.0691439
0.53125 1.06625 0.0662504 0.0691439
0.546875 1.06587 0.065871 0.0687272
0.546875 1.06587 0.065871 0.0687272
0.5625 1.06534 0.0653427 0.0681455
0.5625 1.06534 0.0653427 0.0681455
0.578125 1.06467 0.0646682 0.0674003
0.578125 1.06467 0.0646682 0.0674003
0.59375 1.06385 0.0638513 0.0664941
0.59375 1.06385 0.0638513 0.0664941
0.609375 1.0629 0.0628965 0.0654294
0.609375 1.0629 0.0628965 0.0654294
0.625 1.06181 0.0618092 0.0642098
0.625 1.06181 0.0618092 0.0642098
0.640625 1.0606 0.0605958 0.0628396
0.640625 1.0606 0.0605958 0.0628396
0.65625 1.05926 0.0592638 0.0613237
0.65625 1.05926 0.0592638 0.0613237
0.671875 1.05782 0.0578214 0.0596683
0.671875 1.05782 0.0578214 0.0596683
0.6875 1.05628 0.0562781 0.0578807
0.6875 1.05628 0.0562781 0.0578807
0.703125 1.05464 0.0546442 0.0559696
0.703125 1.05464 0.0546442 0.0559696
0.71875 1.05293 0.0529314 0.0539452
0.71875 1.05293 0.0529314 0.0539452
0.734375 1.05115 0.051152 0.0518197
0.734375 1.05115 0.051152 0.0518197
0.75 1.04932 0.0493196 0.0496075
0.75 1.04932 0.0493196 0.0496075
0.765625 1.04745 0.0474487 0.047325
0.765625 1.04745 0.0474487 0.047325
0.78125 1.04555 0.0455548 0.0449913
0.78125 1.04555 0.0455548 0.0449913
0.796875 1.04365 0.0436542 0.0426283
0.796875 1.04365 0.0436542 0.0426283
0.8125 1.04176 0.041764 0.0402601
0.8125 1.04176 0.041764 0.0402601
0.828125 1.0399 0.039902 0.0379137
0.828125 1.0399 0.039902 0.0379137
0.84375 1.03809 0.0380867 0.0356183
0.84375 1.03809 0.0380867 0.0356183
0.859375 1.03634 0.0363371 0.0334049
0.859375 1.03634 0.0363371 0.0334049
0.875 1.03467 0.0346727 0.0313058
0.875 1.03467 0.0346727 0.0313058
0.890625 1.03311 0.0331136 0.029354
0.890625 1.03311 0.0331136 0.029354
0.90625 1.03168 0.0316802 0.027582
0.90625 1.03168 0.0316802 0.027582
0.921875 1.03039 0.0303942 0.0260209
0.921875 1.03039 0.0303942 0.0260209
0.9375 1.02928 0.0292781 0.0246997
0.9375 1.02928 0.0292781 0.0246997
0.953125 1.02836 0.0283569 0.0236435
0.953125 1.02836 0.0283569 0.0236435
0.96875 1.02766 0.02766 0.0228734
0.96875 1.02766 0.02766 0.0228734
0.984375 1.02723 0.0272255 0.0224049
0.984375 1.02723 0.0272255 0.0224049
1 1 0 0.0222477
