# x y topography analytical topography
0 1 0 0.0315604
0.015625 1.03343 0.0334335 0.0316441
0.015625 1.03343 0.0334335 0.0316441
0.03125 1.0338 0.0337964 0.0318941
0.03125 1.0338 0.0337964 0.0318941
0.046875 1.03435 0.0343511 0.0323074
0.046875 1.03435 0.0343511 0.0323074
0.0625 1.03506 0.0350618 0.0328789
0.0625 1.03506 0.0350618 0.0328789
0.078125 1.0359 0.0359023 0.0336015
0.078125 1.0359 0.0359023 0.0336015
0.09375 1.03685 0.0368521 0.0344666
0.09375 1.03685 0.0368521 0.0344666
0.109375 1.03789 0.0378934 0.0354638
0.109375 1.03789 0.0378934 0.0354638
0.125 1.03901 0.0390107 0.0365812
0.125 1.03901 0.0390107 0.0365812
0.140625 1.04019 0.0401897 0.0378059
0.140625 1.04019 0.0401897 0.0378059
0.15625 1.04142 0.0414172 0.0391238
0.15625 1.04142 0.0414172 0.0391238
0.171875 1.04268 0.0426809 0.0405201
0.171875 1.04268 0.0426809 0.0405201
0.1875 1.04397 0.0439688 0.0419795
0.1875 1.04397 0.0439688 0.0419795
0.203125 1.04527 0.0452698 0.0434862
0.203125 1.04527 0.0452698 0.0434862
0.21875 1.04657 0.0465732 0.0450244
0.21875 1.04657 0.0465732 0.0450244
0.234375 1.04787 0.0478686 0.0465783
0.234375 1.04787 0.0478686 0.0465783
0.25 1.04915 0.0491463 0.0481324
0.25 1.04915 0.0491463 0.0481324
0.265625 1.0504 0.0503967 0.0496718
0.265625 1.0504 0.0503967 0.0496718
0.28125 1.05161 0.0516109 0.0511818
0.28125 1.05161 0.0516109 0.0511818
0.296875 1.05278 0.0527803 0.0526486
0.296875 1.05278 0.0527803 0.0526486
0.3125 1.0539 0.0538971 0.0540593
0.3125 1.0539 0.0538971 0.0540593
0.328125 1.05495 0.0549535 0.0554017
0.328125 1.05495 0.0549535 0.0554017
0.34375 1.05594 0.0559425 0.0566646
0.34375 1.05594 0.0559425 0.0566646
0.359375 1.05686 0.0568576 0.0578377
0.359375 1.05686 0.0568576 0.0578377
0.375 1.05769 0.0576928 0.0589118
0.375 1.05769 0.0576928 0.0589118
0.390625 1.05844 0.0584428 0.0598786
0.390625 1.05844 0.0584428 0.0598786
0.40625 1.0591 0.0591027 0.0607309
0.40625 1.0591 0.0591027 0.0607309
0.421875 1.05967 0.0596682 0.0614626
0.421875 1.05967 0.0596682 0.0614626
0.4375 1.06014 0.0601359 0.0620682
0.4375 1.06014 0.0601359 0.0620682
0.453125 1.0605 0.0605028 0.0625436
0.453125 1.0605 0.0605028 0.0625436
0.46875 1.06077 0.0607665 0.0628856
0.46875 1.06077 0.0607665 0.0628856
0.484375 1.06093 0.0609253 0.0630917
0.484375 1.06093 0.0609253 0.0630917
0.5 1.06098 0.0609784 0.0631605
0.5 1.06098 0.0609784 0.0631605
0.515625 1.06093 0.0609253 0.0630917
0.515625 1.06093 0.0609253 0.0630917
0.53125 1.06077 0.0607665 0.0628856
0.53125 1.06077 0.0607665 0.0628856
0.546875 1.0605 0.0605028 0.0625436
0.546875 1.0605 0.0605028 0.0625436
0.5625 1.06014 0.0601359 0.0620682
0.5625 1.06014 0.0601359 0.0620682
0.578125 1.05967 0.0596682 0.0614626
0.578125 1.05967 0.0596682 0.0614626
0.59375 1.0591 0.0591027 0.0607309
0.59375 1.0591 0.0591027 0.0607309
0.609375 1.05844 0.0584428 0.0598786
0.609375 1.05844 0.0584428 0.0598786
0.625 1.05769 0.0576928 0.0589118
0.625 1.05769 0.0576928 0.0589118
0.640625 1.05686 0.0568576 0.0578377
0.640625 1.05686 0.0568576 0.0578377
0.65625 1.05594 0.0559425 0.0566646
0.65625 1.05594 0.0559425 0.0566646
0.671875 1.05495 0.0549535 0.0554017
0.671875 1.05495 0.0549535 0.0554017
0.6875 1.0539 0.0538971 0.0540593
0.6875 1.0539 0.0538971 0.0540593
0.703125 1.05278 0.0527803 0.0526486
0.703125 1.05278 0.0527803 0.0526486
0.71875 1.05161 0.0516109 0.0511818
0.71875 1.05161 0.0516109 0.0511818
0.734375 1.0504 0.0503967 0.0496718
0.734375 1.0504 0.0503967 0.0496718
0.75 1.04915 0.0491463 0.0481324
0.75 1.04915 0.0491463 0.0481324
0.765625 1.04787 0.0478686 0.0465783
0.765625 1.04787 0.0478686 0.0465783
0.78125 1.04657 0.0465732 0.0450244
0.78125 1.04657 0.0465732 0.0450244
0.796875 1.04527 0.0452698 0.0434862
0.796875 1.04527 0.0452698 0.0434862
0.8125 1.04397 0.0439688 0.0419795
0.8125 1.04397 0.0439688 0.0419795
0.828125 1.04268 0.0426809 0.0405201
0.828125 1.04268 0.0426809 0.0405201
0.84375 1.04142 0.0414172 0.0391238
0.84375 1.04142 0.0414172 0.0391238
0.859375 1.04019 0.0401897 0.0378059
0.859375 1.04019 0.0401897 0.0378059
0.875 1.03901 0.0390107 0.0365812
0.875 1.03901 0.0390107 0.0365812
0.890625 1.03789 0.0378934 0.0354638
0.890625 1.03789 0.0378934 0.0354638
0.90625 1.03685 0.0368521 0.0344666
0.90625 1.03685 0.0368521 0.0344666
0.921875 1.0359 0.0359023 0.0336015
0.921875 1.0359 0.0359023 0.0336015
0.9375 1.03506 0.0350618 0.0328789
0.9375 1.03506 0.0350618 0.0328789
0.953125 1.03435 0.0343511 0.0323074
0.953125 1.03435 0.0343511 0.0323074
0.96875 1.0338 0.0337964 0.0318941
0.96875 1.0338 0.0337964 0.0318941
0.984375 1.03343 0.0334335 0.0316441
0.984375 1.03343 0.0334335 0.0316441
1 1 0 0.0315604
