# x y topography analytical topography
0 1 0 0.0277372
0.015625 1.03126 0.0312631 0.0278467
0.015625 1.03126 0.0312631 0.0278467
0.03125 1.03165 0.0316488 0.0281735
0.03125 1.03165 0.0316488 0.0281735
0.046875 1.03225 0.0322491 0.0287127
0.046875 1.03225 0.0322491 0.0287127
0.0625 1.03303 0.0330274 0.0294567
0.0625 1.03303 0.0330274 0.0294567
0.078125 1.03396 0.0339569 0.0303945
0.078125 1.03396 0.0339569 0.0303945
0.09375 1.03502 0.0350158 0.031513
0.09375 1.03502 0.0350158 0.031513
0.109375 1.03619 0.036185 0.0327966
0.109375 1.03619 0.036185 0.0327966
0.125 1.03745 0.0374476 0.0342277
0.125 1.03745 0.0374476 0.0342277
0.140625 1.03879 0.0387875 0.0357875
0.140625 1.03879 0.0387875 0.0357875
0.15625 1.04019 0.0401897 0.0374557
0.15625 1.04019 0.0401897 0.0374557
0.171875 1.04164 0.0416397 0.0392118
0.171875 1.04164 0.0416397 0.0392118
0.1875 1.04312 0.0431237 0.0410345
0.1875 1.04312 0.0431237 0.0410345
0.203125 1.04463 0.0446284 0.0429029
0.203125 1.04463 0.0446284 0.0429029
0.21875 1.04614 0.0461406 0.0447964
0.21875 1.04614 0.0461406 0.0447964
0.234375 1.04765 0.047648 0.046695
0.234375 1.04765 0.047648 0.046695
0.25 1.04914 0.0491385 0.0485795
0.25 1.04914 0.0491385 0.0485795
0.265625 1.0506 0.0506005 0.0504321
0.265625 1.0506 0.0506005 0.0504321
0.28125 1.05202 0.0520229 0.052236
0.28125 1.05202 0.0520229 0.052236
0.296875 1.0534 0.0533952 0.0539757
0.296875 1.0534 0.0533952 0.0539757
0.3125 1.05471 0.0547076 0.0556372
0.3125 1.05471 0.0547076 0.0556372
0.328125 1.05595 0.0559505 0.0572076
0.328125 1.05595 0.0559505 0.0572076
0.34375 1.05712 0.0571154 0.0586758
0.34375 1.05712 0.0571154 0.0586758
0.359375 1.05819 0.0581943 0.0600315
0.359375 1.05819 0.0581943 0.0600315
0.375 1.05918 0.0591796 0.0612661
0.375 1.05918 0.0591796 0.0612661
0.390625 1.06006 0.0600649 0.062372
0.390625 1.06006 0.0600649 0.062372
0.40625 1.06084 0.0608442 0.0633426
0.40625 1.06084 0.0608442 0.0633426
0.421875 1.06151 0.0615124 0.0641727
0.421875 1.06151 0.0615124 0.0641727
0.4375 1.06207 0.0620651 0.0648576
0.4375 1.06207 0.0620651 0.0648576
0.453125 1.0625 0.0624988 0.0653939
0.453125 1.0625 0.0624988 0.0653939
0.46875 1.06281 0.0628105 0.0657788
0.46875 1.06281 0.0628105 0.0657788
0.484375 1.063 0.0629983 0.0660105
0.484375 1.063 0.0629983 0.0660105
0.5 1.06306 0.0630611 0.0660879
0.5 1.06306 0.0630611 0.0660879
0.515625 1.063 0.0629983 0.0660105
0.515625 1.063 0.0629983 0.0660105
0.53125 1.06281 0.0628105 0.0657788
0.53125 1.06281 0.0628105 0.0657788
0.546875 1.0625 0.0624988 0.0653939
0.546875 1.0625 0.0624988 0.0653939
0.5625 1.06207 0.0620651 0.0648576
0.5625 1.06207 0.0620651 0.0648576
0.578125 1.06151 0.0615124 0.0641727
0.578125 1.06151 0.0615124 0.0641727
0.59375 1.06084 0.0608442 0.0633426
0.59375 1.06084 0.0608442 0.0633426
0.609375 1.06006 0.0600649 0.062372
0.609375 1.06006 0.0600649 0.062372
0.625 1.05918 0.0591796 0.0612661
0.625 1.05918 0.0591796 0.0612661
0.640625 1.05819 0.0581943 0.0600315
0.640625 1.05819 0.0581943 0.0600315
0.65625 1.05712 0.0571154 0.0586758
0.65625 1.05712 0.0571154 0.0586758
0.671875 1.05595 0.0559505 0.0572076
0.671875 1.05595 0.0559505 0.0572076
0.6875 1.05471 0.0547076 0.0556372
0.6875 1.05471 0.0547076 0.0556372
0.703125 1.0534 0.0533952 0.0539757
0.703125 1.0534 0.0533952 0.0539757
0.71875 1.05202 0.0520229 0.052236
0.71875 1.05202 0.0520229 0.052236
0.734375 1.0506 0.0506005 0.0504321
0.734375 1.0506 0.0506005 0.0504321
0.75 1.04914 0.0491385 0.0485795
0.75 1.04914 0.0491385 0.0485795
0.765625 1.04765 0.047648 0.046695
0.765625 1.04765 0.047648 0.046695
0.78125 1.04614 0.0461406 0.0447964
0.78125 1.04614 0.0461406 0.0447964
0.796875 1.04463 0.0446284 0.0429029
0.796875 1.04463 0.0446284 0.0429029
0.8125 1.04312 0.0431237 0.0410345
0.8125 1.04312 0.0431237 0.0410345
0.828125 1.04164 0.0416397 0.0392118
0.828125 1.04164 0.0416397 0.0392118
0.84375 1.04019 0.0401897 0.0374557
0.84375 1.04019 0.0401897 0.0374557
0.859375 1.03879 0.0387875 0.0357875
0.859375 1.03879 0.0387875 0.0357875
0.875 1.03745 0.0374476 0.0342277
0.875 1.03745 0.0374476 0.0342277
0.890625 1.03619 0.036185 0.0327966
0.890625 1.03619 0.036185 0.0327966
0.90625 1.03502 0.0350158 0.031513
0.90625 1.03502 0.0350158 0.031513
0.921875 1.03396 0.0339569 0.0303945
0.921875 1.03396 0.0339569 0.0303945
0.9375 1.03303 0.0330274 0.0294567
0.9375 1.03303 0.0330274 0.0294567
0.953125 1.03225 0.0322491 0.0287127
0.953125 1.03225 0.0322491 0.0287127
0.96875 1.03165 0.0316488 0.0281735
0.96875 1.03165 0.0316488 0.0281735
0.984375 1.03126 0.0312631 0.0278467
0.984375 1.03126 0.0312631 0.0278467
1 1 0 0.0277372
