# x y topography analytical topography
0 1 0 0.0247686
0.015625 1.02921 0.0292082 0.0249018
0.015625 1.02921 0.0292082 0.0249018
0.03125 1.02962 0.0296174 0.0252993
0.03125 1.02962 0.0296174 0.0252993
0.046875 1.03026 0.0302644 0.025954
0.046875 1.03026 0.0302644 0.025954
0.0625 1.03111 0.0311119 0.0268548
0.0625 1.03111 0.0311119 0.0268548
0.078125 1.03213 0.0321319 0.0279865
0.078125 1.03213 0.0321319 0.0279865
0.09375 1.0333 0.0333014 0.0293303
0.09375 1.0333 0.0333014 0.0293303
0.109375 1.0346 0.0345996 0.0308647
0.109375 1.0346 0.0345996 0.0308647
0.125 1.03601 0.0360077 0.0325658
0.125 1.03601 0.0360077 0.0325658
0.140625 1.03751 0.0375077 0.0344083
0.140625 1.03751 0.0375077 0.0344083
0.15625 1.03908 0.0390822 0.0363658
0.15625 1.03908 0.0390822 0.0363658
0.171875 1.04071 0.0407145 0.0384118
0.171875 1.04071 0.0407145 0.0384118
0.1875 1.04239 0.0423884 0.0405198
0.1875 1.04239 0.0423884 0.0405198
0.203125 1.04409 0.0440881 0.0426644
0.203125 1.04409 0.0440881 0.0426644
0.21875 1.0458 0.0457983 0.0448213
0.21875 1.0458 0.0457983 0.0448213
0.234375 1.0475 0.0475042 0.0469676
0.234375 1.0475 0.0475042 0.0469676
0.25 1.04919 0.0491917 0.0490821
0.25 1.04919 0.0491917 0.0490821
0.265625 1.05085 0.0508471 0.0511456
0.265625 1.05085 0.0508471 0.0511456
0.28125 1.05246 0.0524576 0.0531408
0.28125 1.05246 0.0524576 0.0531408
0.296875 1.05401 0.0540108 0.0550522
0.296875 1.05401 0.0540108 0.0550522
0.3125 1.0555 0.0554955 0.0568662
0.3125 1.0555 0.0554955 0.0568662
0.328125 1.0569 0.0569007 0.0585708
0.328125 1.0569 0.0569007 0.0585708
0.34375 1.05822 0.0582168 0.0601558
0.34375 1.05822 0.0582168 0.0601558
0.359375 1.05943 0.0594347 0.0616124
0.359375 1.05943 0.0594347 0.0616124
0.375 1.06055 0.0605462 0.0629331
0.375 1.06055 0.0605462 0.0629331
0.390625 1.06154 0.061544 0.0641115
0.390625 1.06154 0.061544 0.0641115
0.40625 1.06242 0.0624218 0.0651424
0.40625 1.06242 0.0624218 0.0651424
0.421875 1.06317 0.0631739 0.0660214
0.421875 1.06317 0.0631739 0.0660214
0.4375 1.0638 0.0637956 0.0667451
0.4375 1.0638 0.0637956 0.0667451
0.453125 1.06428 0.0642831 0.0673107
0.453125 1.06428 0.0642831 0.0673107
0.46875 1.06463 0.0646334 0.0677161
0.46875 1.06463 0.0646334 0.0677161
0.484375 1.06484 0.0648445 0.0679599
0.484375 1.06484 0.0648445 0.0679599
0.5 1.06491 0.064915 0.0680413
0.5 1.06491 0.064915 0.0680413
0.515625 1.06484 0.0648445 0.0679599
0.515625 1.06484 0.0648445 0.0679599
0.53125 1.06463 0.0646334 0.0677161
0.53125 1.06463 0.0646334 0.0677161
0.546875 1.06428 0.0642831 0.0673107
0.546875 1.06428 0.0642831 0.0673107
0.5625 1.0638 0.0637956 0.0667451
0.5625 1.0638 0.0637956 0.0667451
0.578125 1.06317 0.0631739 0.0660214
0.578125 1.06317 0.0631739 0.0660214
0.59375 1.06242 0.0624218 0.0651424
0.59375 1.06242 0.0624218 0.0651424
0.609375 1.06154 0.061544 0.0641115
0.609375 1.06154 0.061544 0.0641115
0.625 1.06055 0.0605462 0.0629331
0.625 1.06055 0.0605462 0.0629331
0.640625 1.05943 0.0594347 0.0616124
0.640625 1.05943 0.0594347 0.0616124
0.65625 1.05822 0.0582168 0.0601558
0.65625 1.05822 0.0582168 0.0601558
0.671875 1.0569 0.0569007 0.0585708
0.671875 1.0569 0.0569007 0.0585708
0.6875 1.0555 0.0554955 0.0568662
0.6875 1.0555 0.0554955 0.0568662
0.703125 1.05401 0.0540108 0.0550522
0.703125 1.05401 0.0540108 0.0550522
0.71875 1.05246 0.0524576 0.0531408
0.71875 1.05246 0.0524576 0.0531408
0.734375 1.05085 0.0508471 0.0511456
0.734375 1.05085 0.0508471 0.0511456
0.75 1.04919 0.0491917 0.0490821
0.75 1.04919 0.0491917 0.0490821
0.765625 1.0475 0.0475042 0.0469676
0.765625 1.0475 0.0475042 0.0469676
0.78125 1.0458 0.0457983 0.0448213
0.78125 1.0458 0.0457983 0.0448213
0.796875 1.04409 0.0440881 0.0426644
0.796875 1.04409 0.0440881 0.0426644
0.8125 1.04239 0.0423884 0.0405198
0.8125 1.04239 0.0423884 0.0405198
0.828125 1.04071 0.0407145 0.0384118
0.828125 1.04071 0.0407145 0.0384118
0.84375 1.03908 0.0390822 0.0363658
0.84375 1.03908 0.0390822 0.0363658
0.859375 1.03751 0.0375077 0.0344083
0.859375 1.03751 0.0375077 0.0344083
0.875 1.03601 0.0360077 0.0325658
0.875 1.03601 0.0360077 0.0325658
0.890625 1.0346 0.0345996 0.0308647
0.890625 1.0346 0.0345996 0.0308647
0.90625 1.0333 0.0333014 0.0293303
0.90625 1.0333 0.0333014 0.0293303
0.921875 1.03213 0.0321319 0.0279865
0.921875 1.03213 0.0321319 0.0279865
0.9375 1.03111 0.0311119 0.0268548
0.9375 1.03111 0.0311119 0.0268548
0.953125 1.03026 0.0302644 0.025954
0.953125 1.03026 0.0302644 0.025954
0.96875 1.02962 0.0296174 0.0252993
0.96875 1.02962 0.0296174 0.0252993
0.984375 1.02921 0.0292082 0.0249018
0.984375 1.02921 0.0292082 0.0249018
1 1 0 0.0247686
