# x y topography analytical topography
0 1 0 0.0281795
0.015625 1.03154 0.0315422 0.0282857
0.015625 1.03154 0.0315422 0.0282857
0.03125 1.03192 0.0319249 0.0286029
0.03125 1.03192 0.0319249 0.0286029
0.046875 1.03252 0.0325191 0.0291264
0.046875 1.03252 0.0325191 0.0291264
0.0625 1.03329 0.0332885 0.0298489
0.0625 1.03329 0.0332885 0.0298489
0.078125 1.03421 0.0342062 0.0307601
0.078125 1.03421 0.0342062 0.0307601
0.09375 1.03525 0.0352507 0.0318474
0.09375 1.03525 0.0352507 0.0318474
0.109375 1.0364 0.0364031 0.0330959
0.109375 1.0364 0.0364031 0.0330959
0.125 1.03765 0.0376465 0.034489
0.125 1.03765 0.0376465 0.034489
0.140625 1.03897 0.0389654 0.0360084
0.140625 1.03897 0.0389654 0.0360084
0.15625 1.04034 0.0403447 0.0376349
0.15625 1.04034 0.0403447 0.0376349
0.171875 1.04177 0.0417705 0.0393484
0.171875 1.04177 0.0417705 0.0393484
0.1875 1.04323 0.0432291 0.0411288
0.1875 1.04323 0.0432291 0.0411288
0.203125 1.04471 0.0447075 0.0429555
0.203125 1.04471 0.0447075 0.0429555
0.21875 1.04619 0.0461928 0.0448085
0.21875 1.04619 0.0461928 0.0448085
0.234375 1.04767 0.0476731 0.0466684
0.234375 1.04767 0.0476731 0.0466684
0.25 1.04914 0.0491364 0.0485164
0.25 1.04914 0.0491364 0.0485164
0.265625 1.05057 0.0505715 0.0503348
0.265625 1.05057 0.0505715 0.0503348
0.28125 1.05197 0.0519676 0.0521072
0.28125 1.05197 0.0519676 0.0521072
0.296875 1.05331 0.0533144 0.0538181
0.296875 1.05331 0.0533144 0.0538181
0.3125 1.0546 0.0546023 0.0554534
0.3125 1.0546 0.0546023 0.0554534
0.328125 1.05582 0.055822 0.0570006
0.328125 1.05582 0.055822 0.0570006
0.34375 1.05697 0.0569651 0.058448
0.34375 1.05697 0.0569651 0.058448
0.359375 1.05802 0.0580236 0.0597857
0.359375 1.05802 0.0580236 0.0597857
0.375 1.05899 0.0589905 0.0610046
0.375 1.05899 0.0589905 0.0610046
0.390625 1.05986 0.0598592 0.0620971
0.390625 1.05986 0.0598592 0.0620971
0.40625 1.06062 0.0606239 0.0630565
0.40625 1.06062 0.0606239 0.0630565
0.421875 1.06128 0.0612796 0.0638773
0.421875 1.06128 0.0612796 0.0638773
0.4375 1.06182 0.061822 0.0645548
0.4375 1.06182 0.061822 0.0645548
0.453125 1.06225 0.0622475 0.0650855
0.453125 1.06225 0.0622475 0.0650855
0.46875 1.06255 0.0625534 0.0654665
0.46875 1.06255 0.0625534 0.0654665
0.484375 1.06274 0.0627378 0.0656959
0.484375 1.06274 0.0627378 0.0656959
0.5 1.0628 0.0627993 0.0657724
0.5 1.0628 0.0627993 0.0657724
0.515625 1.06274 0.0627378 0.0656959
0.515625 1.06274 0.0627378 0.0656959
0.53125 1.06255 0.0625534 0.0654665
0.53125 1.06255 0.0625534 0.0654665
0.546875 1.06225 0.0622475 0.0650855
0.546875 1.06225 0.0622475 0.0650855
0.5625 1.06182 0.061822 0.0645548
0.5625 1.06182 0.061822 0.0645548
0.578125 1.06128 0.0612796 0.0638773
0.578125 1.06128 0.0612796 0.0638773
0.59375 1.06062 0.0606239 0.0630565
0.59375 1.06062 0.0606239 0.0630565
0.609375 1.05986 0.0598592 0.0620971
0.609375 1.05986 0.0598592 0.0620971
0.625 1.05899 0.0589905 0.0610046
0.625 1.05899 0.0589905 0.0610046
0.640625 1.05802 0.0580236 0.0597857
0.640625 1.05802 0.0580236 0.0597857
0.65625 1.05697 0.0569651 0.058448
0.65625 1.05697 0.0569651 0.058448
0.671875 1.05582 0.055822 0.0570006
0.671875 1.05582 0.055822 0.0570006
0.6875 1.0546 0.0546023 0.0554534
0.6875 1.0546 0.0546023 0.0554534
0.703125 1.05331 0.0533144 0.0538181
0.703125 1.05331 0.0533144 0.0538181
0.71875 1.05197 0.0519676 0.0521072
0.71875 1.05197 0.0519676 0.0521072
0.734375 1.05057 0.0505715 0.0503348
0.734375 1.05057 0.0505715 0.0503348
0.75 1.04914 0.0491364 0.0485164
0.75 1.04914 0.0491364 0.0485164
0.765625 1.04767 0.0476731 0.0466684
0.765625 1.04767 0.0476731 0.0466684
0.78125 1.04619 0.0461928 0.0448085
0.78125 1.04619 0.0461928 0.0448085
0.796875 1.04471 0.0447075 0.0429555
0.796875 1.04471 0.0447075 0.0429555
0.8125 1.04323 0.0432291 0.0411288
0.8125 1.04323 0.0432291 0.0411288
0.828125 1.04177 0.0417705 0.0393484
0.828125 1.04177 0.0417705 0.0393484
0.84375 1.04034 0.0403447 0.0376349
0.84375 1.04034 0.0403447 0.0376349
0.859375 1.03897 0.0389654 0.0360084
0.859375 1.03897 0.0389654 0.0360084
0.875 1.03765 0.0376465 0.034489
0.875 1.03765 0.0376465 0.034489
0.890625 1.0364 0.0364031 0.0330959
0.890625 1.0364 0.0364031 0.0330959
0.90625 1.03525 0.0352507 0.0318474
0.90625 1.03525 0.0352507 0.0318474
0.921875 1.03421 0.0342062 0.0307601
0.921875 1.03421 0.0342062 0.0307601
0.9375 1.03329 0.0332885 0.0298489
0.9375 1.03329 0.0332885 0.0298489
0.953125 1.03252 0.0325191 0.0291264
0.953125 1.03252 0.0325191 0.0291264
0.96875 1.03192 0.0319249 0.0286029
0.96875 1.03192 0.0319249 0.0286029
0.984375 1.03154 0.0315422 0.0282857
0.984375 1.03154 0.0315422 0.0282857
1 1 0 0.0281795
