# x y topography analytical topography
0 1 0 0.0352607
0.015625 1.035 0.0349951 0.0353229
0.015625 1.035 0.0349951 0.0353229
0.03125 1.03534 0.0353422 0.0355089
0.03125 1.03534 0.0353422 0.0355089
0.046875 1.03587 0.0358655 0.0358166
0.046875 1.03587 0.0358655 0.0358166
0.0625 1.03653 0.0365294 0.0362426
0.0625 1.03653 0.0365294 0.0362426
0.078125 1.03731 0.0373085 0.0367824
0.078125 1.03731 0.0373085 0.0367824
0.09375 1.03818 0.0381827 0.03743
0.09375 1.03818 0.0381827 0.03743
0.109375 1.03914 0.039135 0.0381787
0.109375 1.03914 0.039135 0.0381787
0.125 1.04015 0.0401509 0.0390202
0.125 1.04015 0.0401509 0.0390202
0.140625 1.04122 0.0412172 0.0399457
0.140625 1.04122 0.0412172 0.0399457
0.15625 1.04232 0.0423217 0.0409456
0.15625 1.04232 0.0423217 0.0409456
0.171875 1.04345 0.0434535 0.0420093
0.171875 1.04345 0.0434535 0.0420093
0.1875 1.0446 0.0446021 0.0431259
0.1875 1.0446 0.0446021 0.0431259
0.203125 1.04576 0.0457577 0.044284
0.203125 1.04576 0.0457577 0.044284
0.21875 1.04691 0.0469109 0.045472
0.21875 1.04691 0.0469109 0.045472
0.234375 1.04805 0.0480531 0.0466781
0.234375 1.04805 0.0480531 0.0466781
0.25 1.04918 0.0491759 0.0478903
0.25 1.04918 0.0491759 0.0478903
0.265625 1.05027 0.0502715 0.0490971
0.265625 1.05027 0.0502715 0.0490971
0.28125 1.05133 0.0513324 0.0502868
0.28125 1.05133 0.0513324 0.0502868
0.296875 1.05235 0.0523516 0.0514482
0.296875 1.05235 0.0523516 0.0514482
0.3125 1.05332 0.0533225 0.0525706
0.3125 1.05332 0.0533225 0.0525706
0.328125 1.05424 0.054239 0.0536436
0.328125 1.05424 0.054239 0.0536436
0.34375 1.0551 0.0550954 0.0546575
0.34375 1.0551 0.0550954 0.0546575
0.359375 1.05589 0.0558864 0.0556034
0.359375 1.05589 0.0558864 0.0556034
0.375 1.05661 0.0566072 0.0564728
0.375 1.05661 0.0566072 0.0564728
0.390625 1.05725 0.0572536 0.0572582
0.390625 1.05725 0.0572536 0.0572582
0.40625 1.05782 0.0578216 0.0579528
0.40625 1.05782 0.0578216 0.0579528
0.421875 1.05831 0.058308 0.0585507
0.421875 1.05831 0.058308 0.0585507
0.4375 1.05871 0.0587099 0.0590469
0.4375 1.05871 0.0587099 0.0590469
0.453125 1.05902 0.0590249 0.0594372
0.453125 1.05902 0.0590249 0.0594372
0.46875 1.05925 0.0592512 0.0597183
0.46875 1.05925 0.0592512 0.0597183
0.484375 1.05939 0.0593875 0.0598879
0.484375 1.05939 0.0593875 0.0598879
0.5 1.05943 0.059433 0.0599445
0.5 1.05943 0.059433 0.0599445
0.515625 1.05939 0.0593875 0.0598879
0.515625 1.05939 0.0593875 0.0598879
0.53125 1.05925 0.0592512 0.0597183
0.53125 1.05925 0.0592512 0.0597183
0.546875 1.05902 0.0590249 0.0594372
0.546875 1.05902 0.0590249 0.0594372
0.5625 1.05871 0.0587099 0.0590469
0.5625 1.05871 0.0587099 0.0590469
0.578125 1.05831 0.058308 0.0585507
0.578125 1.05831 0.058308 0.0585507
0.59375 1.05782 0.0578216 0.0579528
0.59375 1.05782 0.0578216 0.0579528
0.609375 1.05725 0.0572536 0.0572582
0.609375 1.05725 0.0572536 0.0572582
0.625 1.05661 0.0566072 0.0564728
0.625 1.05661 0.0566072 0.0564728
0.640625 1.05589 0.0558864 0.0556034
0.640625 1.05589 0.0558864 0.0556034
0.65625 1.0551 0.0550954 0.0546575
0.65625 1.0551 0.0550954 0.0546575
0.671875 1.05424 0.054239 0.0536436
0.671875 1.05424 0.054239 0.0536436
0.6875 1.05332 0.0533225 0.0525706
0.6875 1.05332 0.0533225 0.0525706
0.703125 1.05235 0.0523516 0.0514482
0.703125 1.05235 0.0523516 0.0514482
0.71875 1.05133 0.0513324 0.0502868
0.71875 1.05133 0.0513324 0.0502868
0.734375 1.05027 0.0502715 0.0490971
0.734375 1.05027 0.0502715 0.0490971
0.75 1.04918 0.0491759 0.0478903
0.75 1.04918 0.0491759 0.0478903
0.765625 1.04805 0.0480531 0.0466781
0.765625 1.04805 0.0480531 0.0466781
0.78125 1.04691 0.0469109 0.045472
0.78125 1.04691 0.0469109 0.045472
0.796875 1.04576 0.0457577 0.044284
0.796875 1.04576 0.0457577 0.044284
0.8125 1.0446 0.0446021 0.0431259
0.8125 1.0446 0.0446021 0.0431259
0.828125 1.04345 0.0434535 0.0420093
0.828125 1.04345 0.0434535 0.0420093
0.84375 1.04232 0.0423217 0.0409456
0.84375 1.04232 0.0423217 0.0409456
0.859375 1.04122 0.0412172 0.0399457
0.859375 1.04122 0.0412172 0.0399457
0.875 1.04015 0.0401509 0.0390202
0.875 1.04015 0.0401509 0.0390202
0.890625 1.03914 0.039135 0.0381787
0.890625 1.03914 0.039135 0.0381787
0.90625 1.03818 0.0381827 0.03743
0.90625 1.03818 0.0381827 0.03743
0.921875 1.03731 0.0373085 0.0367824
0.921875 1.03731 0.0373085 0.0367824
0.9375 1.03653 0.0365294 0.0362426
0.9375 1.03653 0.0365294 0.0362426
0.953125 1.03587 0.0358655 0.0358166
0.953125 1.03587 0.0358655 0.0358166
0.96875 1.03534 0.0353422 0.0355089
0.96875 1.03534 0.0353422 0.0355089
0.984375 1.035 0.0349951 0.0353229
0.984375 1.035 0.0349951 0.0353229
1 1 0 0.0352607
