# x y topography analytical topography
0 1 0 0.0230335
0.015625 1.02787 0.0278662 0.0231828
0.015625 1.02787 0.0278662 0.0231828
0.03125 1.02829 0.0282922 0.0236278
0.03125 1.02829 0.0282922 0.0236278
0.046875 1.02897 0.0289723 0.0243599
0.046875 1.02897 0.0289723 0.0243599
0.0625 1.02987 0.0298688 0.0253651
0.0625 1.02987 0.0298688 0.0253651
0.078125 1.03095 0.0309527 0.0266243
0.078125 1.03095 0.0309527 0.0266243
0.09375 1.0322 0.0321999 0.0281147
0.09375 1.0322 0.0321999 0.0281147
0.109375 1.03359 0.0335882 0.02981
0.109375 1.03359 0.0335882 0.02981
0.125 1.0351 0.0350972 0.0316815
0.125 1.0351 0.0350972 0.0316815
0.140625 1.03671 0.0367073 0.033699
0.140625 1.03671 0.0367073 0.033699
0.15625 1.0384 0.0383992 0.0358318
0.15625 1.0384 0.0383992 0.0358318
0.171875 1.04015 0.0401545 0.0380495
0.171875 1.04015 0.0401545 0.0380495
0.1875 1.04196 0.0419552 0.0403225
0.1875 1.04196 0.0419552 0.0403225
0.203125 1.04378 0.0437836 0.0426227
0.203125 1.04378 0.0437836 0.0426227
0.21875 1.04562 0.0456229 0.0449238
0.21875 1.04562 0.0456229 0.0449238
0.234375 1.04746 0.0474566 0.0472018
0.234375 1.04746 0.0474566 0.0472018
0.25 1.04927 0.0492691 0.0494352
0.25 1.04927 0.0492691 0.0494352
0.265625 1.05105 0.0510456 0.0516045
0.265625 1.05105 0.0510456 0.0516045
0.28125 1.05277 0.052772 0.0536928
0.28125 1.05277 0.052772 0.0536928
0.296875 1.05444 0.0544352 0.0556854
0.296875 1.05444 0.0544352 0.0556854
0.3125 1.05602 0.0560229 0.0575694
0.3125 1.05602 0.0560229 0.0575694
0.328125 1.05752 0.0575238 0.0593341
0.328125 1.05752 0.0575238 0.0593341
0.34375 1.05893 0.0589278 0.0609703
0.34375 1.05893 0.0589278 0.0609703
0.359375 1.06023 0.0602253 0.06247
0.359375 1.06023 0.0602253 0.06247
0.375 1.06141 0.0614081 0.0638268
0.375 1.06141 0.0614081 0.0638268
0.390625 1.06247 0.0624687 0.0650352
0.390625 1.06247 0.0624687 0.0650352
0.40625 1.0634 0.0634007 0.0660907
0.40625 1.0634 0.0634007 0.0660907
0.421875 1.0642 0.0641986 0.0669896
0.421875 1.0642 0.0641986 0.0669896
0.4375 1.06486 0.0648576 0.0677289
0.4375 1.06486 0.0648576 0.0677289
0.453125 1.06537 0.065374 0.0683063
0.453125 1.06537 0.065374 0.0683063
0.46875 1.06574 0.0657449 0.0687199
0.46875 1.06574 0.0657449 0.0687199
0.484375 1.06597 0.0659683 0.0689686
0.484375 1.06597 0.0659683 0.0689686
0.5 1.06604 0.0660429 0.0690515
0.5 1.06604 0.0660429 0.0690515
0.515625 1.06597 0.0659683 0.0689686
0.515625 1.06597 0.0659683 0.0689686
0.53125 1.06574 0.0657449 0.0687199
0.53125 1.06574 0.0657449 0.0687199
0.546875 1.06537 0.065374 0.0683063
0.546875 1.06537 0.065374 0.0683063
0.5625 1.06486 0.0648576 0.0677289
0.5625 1.06486 0.0648576 0.0677289
0.578125 1.0642 0.0641986 0.0669896
0.578125 1.0642 0.0641986 0.0669896
0.59375 1.0634 0.0634007 0.0660907
0.59375 1.0634 0.0634007 0.0660907
0.609375 1.06247 0.0624687 0.0650352
0.609375 1.06247 0.0624687 0.0650352
0.625 1.06141 0.0614081 0.0638268
0.625 1.06141 0.0614081 0.0638268
0.640625 1.06023 0.0602253 0.06247
0.640625 1.06023 0.0602253 0.06247
0.65625 1.05893 0.0589278 0.0609703
0.65625 1.05893 0.0589278 0.0609703
0.671875 1.05752 0.0575238 0.0593341
0.671875 1.05752 0.0575238 0.0593341
0.6875 1.05602 0.0560229 0.0575694
0.6875 1.05602 0.0560229 0.0575694
0.703125 1.05444 0.0544352 0.0556854
0.703125 1.05444 0.0544352 0.0556854
0.71875 1.05277 0.052772 0.0536928
0.71875 1.05277 0.052772 0.0536928
0.734375 1.05105 0.0510456 0.0516045
0.734375 1.05105 0.0510456 0.0516045
0.75 1.04927 0.0492691 0.0494352
0.75 1.04927 0.0492691 0.0494352
0.765625 1.04746 0.0474566 0.0472018
0.765625 1.04746 0.0474566 0.0472018
0.78125 1.04562 0.0456229 0.0449238
0.78125 1.04562 0.0456229 0.0449238
0.796875 1.04378 0.0437836 0.0426227
0.796875 1.04378 0.0437836 0.0426227
0.8125 1.04196 0.0419552 0.0403225
0.8125 1.04196 0.0419552 0.0403225
0.828125 1.04015 0.0401545 0.0380495
0.828125 1.04015 0.0401545 0.0380495
0.84375 1.0384 0.0383992 0.0358318
0.84375 1.0384 0.0383992 0.0358318
0.859375 1.03671 0.0367073 0.033699
0.859375 1.03671 0.0367073 0.033699
0.875 1.0351 0.0350972 0.0316815
0.875 1.0351 0.0350972 0.0316815
0.890625 1.03359 0.0335882 0.02981
0.890625 1.03359 0.0335882 0.02981
0.90625 1.0322 0.0321999 0.0281147
0.90625 1.0322 0.0321999 0.0281147
0.921875 1.03095 0.0309527 0.0266243
0.921875 1.03095 0.0309527 0.0266243
0.9375 1.02987 0.0298688 0.0253651
0.9375 1.02987 0.0298688 0.0253651
0.953125 1.02897 0.0289723 0.0243599
0.953125 1.02897 0.0289723 0.0243599
0.96875 1.02829 0.0282922 0.0236278
0.96875 1.02829 0.0282922 0.0236278
0.984375 1.02787 0.0278662 0.0231828
0.984375 1.02787 0.0278662 0.0231828
1 1 0 0.0230335
