# x y topography analytical topography
0 1 0 0.0332493
0.015625 1.03421 0.0342132 0.0333229
0.015625 1.03421 0.0342132 0.0333229
0.03125 1.03457 0.0345681 0.0335427
0.03125 1.03457 0.0345681 0.0335427
0.046875 1.03511 0.035107 0.0339062
0.046875 1.03511 0.035107 0.0339062
0.0625 1.03579 0.0357943 0.0344092
0.0625 1.03579 0.0357943 0.0344092
0.078125 1.0366 0.036604 0.0350459
0.078125 1.0366 0.036604 0.0350459
0.09375 1.03752 0.0375158 0.035809
0.09375 1.03752 0.0375158 0.035809
0.109375 1.03851 0.0385125 0.0366899
0.109375 1.03851 0.0385125 0.0366899
0.125 1.03958 0.0395789 0.0376785
0.125 1.03958 0.0395789 0.0376785
0.140625 1.0407 0.0407014 0.0387641
0.140625 1.0407 0.0407014 0.0387641
0.15625 1.04187 0.0418674 0.0399346
0.15625 1.04187 0.0418674 0.0399346
0.171875 1.04307 0.043065 0.0411773
0.171875 1.04307 0.043065 0.0411773
0.1875 1.04428 0.0442833 0.0424791
0.1875 1.04428 0.0442833 0.0424791
0.203125 1.04551 0.0455116 0.0438263
0.203125 1.04551 0.0455116 0.0438263
0.21875 1.04674 0.04674 0.045205
0.21875 1.04674 0.04674 0.045205
0.234375 1.04796 0.047959 0.0466014
0.234375 1.04796 0.047959 0.0466014
0.25 1.04916 0.0491595 0.0480015
0.25 1.04916 0.0491595 0.0480015
0.265625 1.05033 0.0503327 0.0493918
0.265625 1.05033 0.0503327 0.0493918
0.28125 1.05147 0.0514706 0.0507591
0.28125 1.05147 0.0514706 0.0507591
0.296875 1.05257 0.0525653 0.0520907
0.296875 1.05257 0.0525653 0.0520907
0.3125 1.05361 0.0536096 0.0533745
0.3125 1.05361 0.0536096 0.0533745
0.328125 1.0546 0.0545965 0.054599
0.328125 1.0546 0.0545965 0.054599
0.34375 1.05552 0.0555197 0.0557536
0.34375 1.05552 0.0555197 0.0557536
0.359375 1.05637 0.0563733 0.0568284
0.359375 1.05637 0.0563733 0.0568284
0.375 1.05715 0.0571519 0.0578144
0.375 1.05715 0.0571519 0.0578144
0.390625 1.05785 0.0578506 0.0587036
0.390625 1.05785 0.0578506 0.0587036
0.40625 1.05846 0.058465 0.0594888
0.40625 1.05846 0.058465 0.0594888
0.421875 1.05899 0.0589914 0.0601637
0.421875 1.05899 0.0589914 0.0601637
0.4375 1.05943 0.0594265 0.0607231
0.4375 1.05943 0.0594265 0.0607231
0.453125 1.05977 0.0597677 0.0611627
0.453125 1.05977 0.0597677 0.0611627
0.46875 1.06001 0.060013 0.0614791
0.46875 1.06001 0.060013 0.0614791
0.484375 1.06016 0.0601607 0.0616699
0.484375 1.06016 0.0601607 0.0616699
0.5 1.06021 0.06021 0.0617336
0.5 1.06021 0.06021 0.0617336
0.515625 1.06016 0.0601607 0.0616699
0.515625 1.06016 0.0601607 0.0616699
0.53125 1.06001 0.060013 0.0614791
0.53125 1.06001 0.060013 0.0614791
0.546875 1.05977 0.0597677 0.0611627
0.546875 1.05977 0.0597677 0.0611627
0.5625 1.05943 0.0594265 0.0607231
0.5625 1.05943 0.0594265 0.0607231
0.578125 1.05899 0.0589914 0.0601637
0.578125 1.05899 0.0589914 0.0601637
0.59375 1.05846 0.058465 0.0594888
0.59375 1.05846 0.058465 0.0594888
0.609375 1.05785 0.0578506 0.0587036
0.609375 1.05785 0.0578506 0.0587036
0.625 1.05715 0.0571519 0.0578144
0.625 1.05715 0.0571519 0.0578144
0.640625 1.05637 0.0563733 0.0568284
0.640625 1.05637 0.0563733 0.0568284
0.65625 1.05552 0.0555197 0.0557536
0.65625 1.05552 0.0555197 0.0557536
0.671875 1.0546 0.0545965 0.054599
0.671875 1.0546 0.0545965 0.054599
0.6875 1.05361 0.0536096 0.0533745
0.6875 1.05361 0.0536096 0.0533745
0.703125 1.05257 0.0525653 0.0520907
0.703125 1.05257 0.0525653 0.0520907
0.71875 1.05147 0.0514706 0.0507591
0.71875 1.05147 0.0514706 0.0507591
0.734375 1.05033 0.0503327 0.0493918
0.734375 1.05033 0.0503327 0.0493918
0.75 1.04916 0.0491595 0.0480015
0.75 1.04916 0.0491595 0.0480015
0.765625 1.04796 0.047959 0.0466014
0.765625 1.04796 0.047959 0.0466014
0.78125 1.04674 0.04674 0.045205
0.78125 1.04674 0.04674 0.045205
0.796875 1.04551 0.0455116 0.0438263
0.796875 1.04551 0.0455116 0.0438263
0.8125 1.04428 0.0442833 0.0424791
0.8125 1.04428 0.0442833 0.0424791
0.828125 1.04307 0.043065 0.0411773
0.828125 1.04307 0.043065 0.0411773
0.84375 1.04187 0.0418674 0.0399346
0.84375 1.04187 0.0418674 0.0399346
0.859375 1.0407 0.0407014 0.0387641
0.859375 1.0407 0.0407014 0.0387641
0.875 1.03958 0.0395789 0.0376785
0.875 1.03958 0.0395789 0.0376785
0.890625 1.03851 0.0385125 0.0366899
0.890625 1.03851 0.0385125 0.0366899
0.90625 1.03752 0.0375158 0.035809
0.90625 1.03752 0.0375158 0.035809
0.921875 1.0366 0.036604 0.0350459
0.921875 1.0366 0.036604 0.0350459
0.9375 1.03579 0.0357943 0.0344092
0.9375 1.03579 0.0357943 0.0344092
0.953125 1.03511 0.035107 0.0339062
0.953125 1.03511 0.035107 0.0339062
0.96875 1.03457 0.0345681 0.0335427
0.96875 1.03457 0.0345681 0.0335427
0.984375 1.03421 0.0342132 0.0333229
0.984375 1.03421 0.0342132 0.0333229
1 1 0 0.0332493
