# x y topography analytical topography
0 1 0 0.0214188
0.015625 1.02653 0.0265281 0.0215849
0.015625 1.02653 0.0265281 0.0215849
0.03125 1.02697 0.0269722 0.0220796
0.03125 1.02697 0.0269722 0.0220796
0.046875 1.02769 0.0276881 0.0228921
0.046875 1.02769 0.0276881 0.0228921
0.0625 1.02864 0.0286373 0.024005
0.0625 1.02864 0.0286373 0.024005
0.078125 1.02979 0.0297897 0.0253948
0.078125 1.02979 0.0297897 0.0253948
0.09375 1.03112 0.0311197 0.0270335
0.09375 1.03112 0.0311197 0.0270335
0.109375 1.0326 0.0326036 0.0288893
0.109375 1.0326 0.0326036 0.0288893
0.125 1.03422 0.0342189 0.0309281
0.125 1.03422 0.0342189 0.0309281
0.140625 1.03594 0.0359439 0.0331146
0.140625 1.03594 0.0359439 0.0331146
0.15625 1.03776 0.0377575 0.0354135
0.15625 1.03776 0.0377575 0.0354135
0.171875 1.03964 0.039639 0.0377904
0.171875 1.03964 0.039639 0.0377904
0.1875 1.04157 0.0415683 0.0402129
0.1875 1.04157 0.0415683 0.0402129
0.203125 1.04353 0.0435259 0.0426507
0.203125 1.04353 0.0435259 0.0426507
0.21875 1.04549 0.0454931 0.0450763
0.21875 1.04549 0.0454931 0.0450763
0.234375 1.04745 0.0474517 0.0474654
0.234375 1.04745 0.0474517 0.0474654
0.25 1.04938 0.049385 0.0497962
0.25 1.04938 0.049385 0.0497962
0.265625 1.05128 0.0512766 0.0520502
0.265625 1.05128 0.0512766 0.0520502
0.28125 1.05311 0.0531118 0.0542113
0.28125 1.05311 0.0531118 0.0542113
0.296875 1.05488 0.0548765 0.0562659
0.296875 1.05488 0.0548765 0.0562659
0.3125 1.05656 0.0565581 0.0582026
0.3125 1.05656 0.0565581 0.0582026
0.328125 1.05814 0.0581449 0.0600116
0.328125 1.05814 0.0581449 0.0600116
0.34375 1.05963 0.0596264 0.0616849
0.34375 1.05963 0.0596264 0.0616849
0.359375 1.06099 0.0609933 0.0632158
0.359375 1.06099 0.0609933 0.0632158
0.375 1.06224 0.0622373 0.0645986
0.375 1.06224 0.0622373 0.0645986
0.390625 1.06335 0.0633511 0.0658285
0.390625 1.06335 0.0633511 0.0658285
0.40625 1.06433 0.0643285 0.0669017
0.40625 1.06433 0.0643285 0.0669017
0.421875 1.06516 0.0651642 0.0678149
0.421875 1.06516 0.0651642 0.0678149
0.4375 1.06585 0.0658538 0.0685655
0.4375 1.06585 0.0658538 0.0685655
0.453125 1.06639 0.0663937 0.0691515
0.453125 1.06639 0.0663937 0.0691515
0.46875 1.06678 0.0667813 0.0695711
0.46875 1.06678 0.0667813 0.0695711
0.484375 1.06701 0.0670146 0.0698233
0.484375 1.06701 0.0670146 0.0698233
0.5 1.06709 0.0670925 0.0699074
0.5 1.06709 0.0670925 0.0699074
0.515625 1.06701 0.0670146 0.0698233
0.515625 1.06701 0.0670146 0.0698233
0.53125 1.06678 0.0667813 0.0695711
0.53125 1.06678 0.0667813 0.0695711
0.546875 1.06639 0.0663937 0.0691515
0.546875 1.06639 0.0663937 0.0691515
0.5625 1.06585 0.0658538 0.0685655
0.5625 1.06585 0.0658538 0.0685655
0.578125 1.06516 0.0651642 0.0678149
0.578125 1.06516 0.0651642 0.0678149
0.59375 1.06433 0.0643285 0.0669017
0.59375 1.06433 0.0643285 0.0669017
0.609375 1.06335 0.0633511 0.0658285
0.609375 1.06335 0.0633511 0.0658285
0.625 1.06224 0.0622373 0.0645986
0.625 1.06224 0.0622373 0.0645986
0.640625 1.06099 0.0609933 0.0632158
0.640625 1.06099 0.0609933 0.0632158
0.65625 1.05963 0.0596264 0.0616849
0.65625 1.05963 0.0596264 0.0616849
0.671875 1.05814 0.0581449 0.0600116
0.671875 1.05814 0.0581449 0.0600116
0.6875 1.05656 0.0565581 0.0582026
0.6875 1.05656 0.0565581 0.0582026
0.703125 1.05488 0.0548765 0.0562659
0.703125 1.05488 0.0548765 0.0562659
0.71875 1.05311 0.0531118 0.0542113
0.71875 1.05311 0.0531118 0.0542113
0.734375 1.05128 0.0512766 0.0520502
0.734375 1.05128 0.0512766 0.0520502
0.75 1.04938 0.049385 0.0497962
0.75 1.04938 0.049385 0.0497962
0.765625 1.04745 0.0474517 0.0474654
0.765625 1.04745 0.0474517 0.0474654
0.78125 1.04549 0.0454931 0.0450763
0.78125 1.04549 0.0454931 0.0450763
0.796875 1.04353 0.0435259 0.0426507
0.796875 1.04353 0.0435259 0.0426507
0.8125 1.04157 0.0415683 0.0402129
0.8125 1.04157 0.0415683 0.0402129
0.828125 1.03964 0.039639 0.0377904
0.828125 1.03964 0.039639 0.0377904
0.84375 1.03776 0.0377575 0.0354135
0.84375 1.03776 0.0377575 0.0354135
0.859375 1.03594 0.0359439 0.0331146
0.859375 1.03594 0.0359439 0.0331146
0.875 1.03422 0.0342189 0.0309281
0.875 1.03422 0.0342189 0.0309281
0.890625 1.0326 0.0326036 0.0288893
0.890625 1.0326 0.0326036 0.0288893
0.90625 1.03112 0.0311197 0.0270335
0.90625 1.03112 0.0311197 0.0270335
0.921875 1.02979 0.0297897 0.0253948
0.921875 1.02979 0.0297897 0.0253948
0.9375 1.02864 0.0286373 0.024005
0.9375 1.02864 0.0286373 0.024005
0.953125 1.02769 0.0276881 0.0228921
0.953125 1.02769 0.0276881 0.0228921
0.96875 1.02697 0.0269722 0.0220796
0.96875 1.02697 0.0269722 0.0220796
0.984375 1.02653 0.0265281 0.0215849
0.984375 1.02653 0.0265281 0.0215849
1 1 0 0.0214188
