# x y topography analytical topography
0 1 0 0.0255672
0.015625 1.02979 0.0297915 0.0256936
0.015625 1.02979 0.0297915 0.0256936
0.03125 1.03019 0.0301938 0.0260709
0.03125 1.03019 0.0301938 0.0260709
0.046875 1.03083 0.0308271 0.0266927
0.046875 1.03083 0.0308271 0.0266927
0.0625 1.03165 0.0316543 0.0275488
0.0625 1.03165 0.0316543 0.0275488
0.078125 1.03265 0.0326478 0.0286256
0.078125 1.03265 0.0326478 0.0286256
0.09375 1.03378 0.0337849 0.0299058
0.09375 1.03378 0.0337849 0.0299058
0.109375 1.03505 0.0350456 0.0313699
0.109375 1.03505 0.0350456 0.0313699
0.125 1.03641 0.0364114 0.0329958
0.125 1.03641 0.0364114 0.0329958
0.140625 1.03786 0.0378649 0.0347602
0.140625 1.03786 0.0378649 0.0347602
0.15625 1.03939 0.0393897 0.0366384
0.15625 1.03939 0.0393897 0.0366384
0.171875 1.04097 0.0409696 0.0386057
0.171875 1.04097 0.0409696 0.0386057
0.1875 1.04259 0.0425891 0.0406371
0.1875 1.04259 0.0425891 0.0406371
0.203125 1.04423 0.0442331 0.0427084
0.203125 1.04423 0.0442331 0.0427084
0.21875 1.04589 0.0458871 0.0447961
0.21875 1.04589 0.0458871 0.0447961
0.234375 1.04754 0.047537 0.0468781
0.234375 1.04754 0.047537 0.0468781
0.25 1.04917 0.0491692 0.0489337
0.25 1.04917 0.0491692 0.0489337
0.265625 1.05077 0.0507706 0.0509439
0.265625 1.05077 0.0507706 0.0509439
0.28125 1.05233 0.0523288 0.0528914
0.28125 1.05233 0.0523288 0.0528914
0.296875 1.05383 0.0538321 0.0547605
0.296875 1.05383 0.0538321 0.0547605
0.3125 1.05527 0.0552694 0.0565374
0.3125 1.05527 0.0552694 0.0565374
0.328125 1.05663 0.0566304 0.0582099
0.328125 1.05663 0.0566304 0.0582099
0.34375 1.05791 0.0579055 0.0597672
0.34375 1.05791 0.0579055 0.0597672
0.359375 1.05909 0.0590858 0.0612001
0.359375 1.05909 0.0590858 0.0612001
0.375 1.06016 0.0601635 0.0625008
0.375 1.06016 0.0601635 0.0625008
0.390625 1.06113 0.0611312 0.0636625
0.390625 1.06113 0.0611312 0.0636625
0.40625 1.06198 0.0619828 0.0646797
0.40625 1.06198 0.0619828 0.0646797
0.421875 1.06271 0.0627127 0.0655476
0.421875 1.06271 0.0627127 0.0655476
0.4375 1.06332 0.0633162 0.0662625
0.4375 1.06332 0.0633162 0.0662625
0.453125 1.06379 0.0637895 0.0668215
0.453125 1.06379 0.0637895 0.0668215
0.46875 1.06413 0.0641297 0.0672224
0.46875 1.06413 0.0641297 0.0672224
0.484375 1.06433 0.0643347 0.0674635
0.484375 1.06433 0.0643347 0.0674635
0.5 1.0644 0.0644032 0.067544
0.5 1.0644 0.0644032 0.067544
0.515625 1.06433 0.0643347 0.0674635
0.515625 1.06433 0.0643347 0.0674635
0.53125 1.06413 0.0641297 0.0672224
0.53125 1.06413 0.0641297 0.0672224
0.546875 1.06379 0.0637895 0.0668215
0.546875 1.06379 0.0637895 0.0668215
0.5625 1.06332 0.0633162 0.0662625
0.5625 1.06332 0.0633162 0.0662625
0.578125 1.06271 0.0627127 0.0655476
0.578125 1.06271 0.0627127 0.0655476
0.59375 1.06198 0.0619828 0.0646797
0.59375 1.06198 0.0619828 0.0646797
0.609375 1.06113 0.0611312 0.0636625
0.609375 1.06113 0.0611312 0.0636625
0.625 1.06016 0.0601635 0.0625008
0.625 1.06016 0.0601635 0.0625008
0.640625 1.05909 0.0590858 0.0612001
0.640625 1.05909 0.0590858 0.0612001
0.65625 1.05791 0.0579055 0.0597672
0.65625 1.05791 0.0579055 0.0597672
0.671875 1.05663 0.0566304 0.0582099
0.671875 1.05663 0.0566304 0.0582099
0.6875 1.05527 0.0552694 0.0565374
0.6875 1.05527 0.0552694 0.0565374
0.703125 1.05383 0.0538321 0.0547605
0.703125 1.05383 0.0538321 0.0547605
0.71875 1.05233 0.0523288 0.0528914
0.71875 1.05233 0.0523288 0.0528914
0.734375 1.05077 0.0507706 0.0509439
0.734375 1.05077 0.0507706 0.0509439
0.75 1.04917 0.0491692 0.0489337
0.75 1.04917 0.0491692 0.0489337
0.765625 1.04754 0.047537 0.0468781
0.765625 1.04754 0.047537 0.0468781
0.78125 1.04589 0.0458871 0.0447961
0.78125 1.04589 0.0458871 0.0447961
0.796875 1.04423 0.0442331 0.0427084
0.796875 1.04423 0.0442331 0.0427084
0.8125 1.04259 0.0425891 0.0406371
0.8125 1.04259 0.0425891 0.0406371
0.828125 1.04097 0.0409696 0.0386057
0.828125 1.04097 0.0409696 0.0386057
0.84375 1.03939 0.0393897 0.0366384
0.84375 1.03939 0.0393897 0.0366384
0.859375 1.03786 0.0378649 0.0347602
0.859375 1.03786 0.0378649 0.0347602
0.875 1.03641 0.0364114 0.0329958
0.875 1.03641 0.0364114 0.0329958
0.890625 1.03505 0.0350456 0.0313699
0.890625 1.03505 0.0350456 0.0313699
0.90625 1.03378 0.0337849 0.0299058
0.90625 1.03378 0.0337849 0.0299058
0.921875 1.03265 0.0326478 0.0286256
0.921875 1.03265 0.0326478 0.0286256
0.9375 1.03165 0.0316543 0.0275488
0.9375 1.03165 0.0316543 0.0275488
0.953125 1.03083 0.0308271 0.0266927
0.953125 1.03083 0.0308271 0.0266927
0.96875 1.03019 0.0301938 0.0260709
0.96875 1.03019 0.0301938 0.0260709
0.984375 1.02979 0.0297915 0.0256936
0.984375 1.02979 0.0297915 0.0256936
1 1 0 0.0255672
