# x y topography analytical topography
0 1 0 0.0330211
0.015625 1.03411 0.0341144 0.033096
0.015625 1.03411 0.0341144 0.033096
0.03125 1.03447 0.0344703 0.0333198
0.03125 1.03447 0.0344703 0.0333198
0.046875 1.03501 0.0350112 0.0336899
0.046875 1.03501 0.0350112 0.0336899
0.0625 1.0357 0.0357014 0.0342019
0.0625 1.0357 0.0357014 0.0342019
0.078125 1.03651 0.036515 0.0348499
0.078125 1.03651 0.036515 0.0348499
0.09375 1.03743 0.0374316 0.0356265
0.09375 1.03743 0.0374316 0.0356265
0.109375 1.03843 0.0384339 0.0365228
0.109375 1.03843 0.0384339 0.0365228
0.125 1.03951 0.0395068 0.0375286
0.125 1.03951 0.0395068 0.0375286
0.140625 1.04064 0.0406364 0.0386326
0.140625 1.04064 0.0406364 0.0386326
0.15625 1.04181 0.0418102 0.0398228
0.15625 1.04181 0.0418102 0.0398228
0.171875 1.04302 0.0430162 0.0410861
0.171875 1.04302 0.0430162 0.0410861
0.1875 1.04424 0.0442432 0.0424091
0.1875 1.04424 0.0442432 0.0424091
0.203125 1.04548 0.0454808 0.0437778
0.203125 1.04548 0.0454808 0.0437778
0.21875 1.04672 0.0467187 0.0451781
0.21875 1.04672 0.0467187 0.0451781
0.234375 1.04795 0.0479473 0.0465959
0.234375 1.04795 0.0479473 0.0465959
0.25 1.04916 0.0491576 0.048017
0.25 1.04916 0.0491576 0.048017
0.265625 1.05034 0.0503406 0.0494278
0.265625 1.05034 0.0503406 0.0494278
0.28125 1.05149 0.0514882 0.0508148
0.28125 1.05149 0.0514882 0.0508148
0.296875 1.05259 0.0525925 0.0521651
0.296875 1.05259 0.0525925 0.0521651
0.3125 1.05365 0.053646 0.0534665
0.3125 1.05365 0.053646 0.0534665
0.328125 1.05464 0.0546417 0.0547075
0.328125 1.05464 0.0546417 0.0547075
0.34375 1.05557 0.0555733 0.0558772
0.34375 1.05557 0.0555733 0.0558772
0.359375 1.05643 0.0564348 0.0569659
0.359375 1.05643 0.0564348 0.0569659
0.375 1.05722 0.0572206 0.0579644
0.375 1.05722 0.0572206 0.0579644
0.390625 1.05793 0.0579258 0.0588646
0.390625 1.05793 0.0579258 0.0588646
0.40625 1.05855 0.058546 0.0596594
0.40625 1.05855 0.058546 0.0596594
0.421875 1.05908 0.0590775 0.0603424
0.421875 1.05908 0.0590775 0.0603424
0.4375 1.05952 0.0595168 0.0609085
0.4375 1.05952 0.0595168 0.0609085
0.453125 1.05986 0.0598613 0.0613532
0.453125 1.05986 0.0598613 0.0613532
0.46875 1.06011 0.0601088 0.0616732
0.46875 1.06011 0.0601088 0.0616732
0.484375 1.06026 0.060258 0.0618662
0.484375 1.06026 0.060258 0.0618662
0.5 1.06031 0.0603078 0.0619307
0.5 1.06031 0.0603078 0.0619307
0.515625 1.06026 0.060258 0.0618662
0.515625 1.06026 0.060258 0.0618662
0.53125 1.06011 0.0601088 0.0616732
0.53125 1.06011 0.0601088 0.0616732
0.546875 1.05986 0.0598613 0.0613532
0.546875 1.05986 0.0598613 0.0613532
0.5625 1.05952 0.0595168 0.0609085
0.5625 1.05952 0.0595168 0.0609085
0.578125 1.05908 0.0590775 0.0603424
0.578125 1.05908 0.0590775 0.0603424
0.59375 1.05855 0.058546 0.0596594
0.59375 1.05855 0.058546 0.0596594
0.609375 1.05793 0.0579258 0.0588646
0.609375 1.05793 0.0579258 0.0588646
0.625 1.05722 0.0572206 0.0579644
0.625 1.05722 0.0572206 0.0579644
0.640625 1.05643 0.0564348 0.0569659
0.640625 1.05643 0.0564348 0.0569659
0.65625 1.05557 0.0555733 0.0558772
0.65625 1.05557 0.0555733 0.0558772
0.671875 1.05464 0.0546417 0.0547075
0.671875 1.05464 0.0546417 0.0547075
0.6875 1.05365 0.053646 0.0534665
0.6875 1.05365 0.053646 0.0534665
0.703125 1.05259 0.0525925 0.0521651
0.703125 1.05259 0.0525925 0.0521651
0.71875 1.05149 0.0514882 0.0508148
0.71875 1.05149 0.0514882 0.0508148
0.734375 1.05034 0.0503406 0.0494278
0.734375 1.05034 0.0503406 0.0494278
0.75 1.04916 0.0491576 0.048017
0.75 1.04916 0.0491576 0.048017
0.765625 1.04795 0.0479473 0.0465959
0.765625 1.04795 0.0479473 0.0465959
0.78125 1.04672 0.0467187 0.0451781
0.78125 1.04672 0.0467187 0.0451781
0.796875 1.04548 0.0454808 0.0437778
0.796875 1.04548 0.0454808 0.0437778
0.8125 1.04424 0.0442432 0.0424091
0.8125 1.04424 0.0442432 0.0424091
0.828125 1.04302 0.0430162 0.0410861
0.828125 1.04302 0.0430162 0.0410861
0.84375 1.04181 0.0418102 0.0398228
0.84375 1.04181 0.0418102 0.0398228
0.859375 1.04064 0.0406364 0.0386326
0.859375 1.04064 0.0406364 0.0386326
0.875 1.03951 0.0395068 0.0375286
0.875 1.03951 0.0395068 0.0375286
0.890625 1.03843 0.0384339 0.0365228
0.890625 1.03843 0.0384339 0.0365228
0.90625 1.03743 0.0374316 0.0356265
0.90625 1.03743 0.0374316 0.0356265
0.921875 1.03651 0.036515 0.0348499
0.921875 1.03651 0.036515 0.0348499
0.9375 1.0357 0.0357014 0.0342019
0.9375 1.0357 0.0357014 0.0342019
0.953125 1.03501 0.0350112 0.0336899
0.953125 1.03501 0.0350112 0.0336899
0.96875 1.03447 0.0344703 0.0333198
0.96875 1.03447 0.0344703 0.0333198
0.984375 1.03411 0.0341144 0.033096
0.984375 1.03411 0.0341144 0.033096
1 1 0 0.0330211
