# x y topography analytical topography
0 1 0 0.0308562
0.015625 1.03308 0.0330756 0.0309443
0.015625 1.03308 0.0330756 0.0309443
0.03125 1.03344 0.0334421 0.0312076
0.03125 1.03344 0.0334421 0.0312076
0.046875 1.034 0.0340041 0.0316425
0.046875 1.034 0.0340041 0.0316425
0.0625 1.03473 0.0347257 0.0322438
0.0625 1.03473 0.0347257 0.0322438
0.078125 1.03558 0.0355806 0.0330037
0.078125 1.03558 0.0355806 0.0330037
0.09375 1.03655 0.036548 0.0339129
0.09375 1.03655 0.036548 0.0339129
0.109375 1.03761 0.03761 0.0349603
0.109375 1.03761 0.03761 0.0349603
0.125 1.03875 0.0387508 0.036133
0.125 1.03875 0.0387508 0.036133
0.140625 1.03996 0.0399559 0.0374172
0.140625 1.03996 0.0399559 0.0374172
0.15625 1.04121 0.0412118 0.0387978
0.15625 1.04121 0.0412118 0.0387978
0.171875 1.04251 0.0425059 0.0402591
0.171875 1.04251 0.0425059 0.0402591
0.1875 1.04383 0.043826 0.0417847
0.1875 1.04383 0.043826 0.0417847
0.203125 1.04516 0.0451604 0.0433581
0.203125 1.04516 0.0451604 0.0433581
0.21875 1.0465 0.0464982 0.0449625
0.21875 1.0465 0.0464982 0.0449625
0.234375 1.04783 0.0478287 0.0465813
0.234375 1.04783 0.0478287 0.0465813
0.25 1.04914 0.0491417 0.0481985
0.25 1.04914 0.0491417 0.0481985
0.265625 1.05043 0.0504273 0.0497982
0.265625 1.05043 0.0504273 0.0497982
0.28125 1.05168 0.0516764 0.0513657
0.28125 1.05168 0.0516764 0.0513657
0.296875 1.05288 0.0528799 0.0528865
0.296875 1.05288 0.0528799 0.0528865
0.3125 1.05403 0.0540296 0.0543475
0.3125 1.05403 0.0540296 0.0543475
0.328125 1.05512 0.0551175 0.0557361
0.328125 1.05512 0.0551175 0.0557361
0.34375 1.05614 0.0561364 0.0570412
0.34375 1.05614 0.0561364 0.0570412
0.359375 1.05708 0.0570794 0.0582522
0.359375 1.05708 0.0570794 0.0582522
0.375 1.05794 0.0579402 0.0593601
0.375 1.05794 0.0579402 0.0593601
0.390625 1.05871 0.0587134 0.0603564
0.390625 1.05871 0.0587134 0.0603564
0.40625 1.05939 0.0593938 0.0612341
0.40625 1.05939 0.0593938 0.0612341
0.421875 1.05998 0.059977 0.061987
0.421875 1.05998 0.059977 0.061987
0.4375 1.06046 0.0604593 0.06261
0.4375 1.06046 0.0604593 0.06261
0.453125 1.06084 0.0608377 0.0630987
0.453125 1.06084 0.0608377 0.0630987
0.46875 1.06111 0.0611097 0.0634502
0.46875 1.06111 0.0611097 0.0634502
0.484375 1.06127 0.0612736 0.0636619
0.484375 1.06127 0.0612736 0.0636619
0.5 1.06133 0.0613283 0.0637326
0.5 1.06133 0.0613283 0.0637326
0.515625 1.06127 0.0612736 0.0636619
0.515625 1.06127 0.0612736 0.0636619
0.53125 1.06111 0.0611097 0.0634502
0.53125 1.06111 0.0611097 0.0634502
0.546875 1.06084 0.0608377 0.0630987
0.546875 1.06084 0.0608377 0.0630987
0.5625 1.06046 0.0604593 0.06261
0.5625 1.06046 0.0604593 0.06261
0.578125 1.05998 0.059977 0.061987
0.578125 1.05998 0.059977 0.061987
0.59375 1.05939 0.0593938 0.0612341
0.59375 1.05939 0.0593938 0.0612341
0.609375 1.05871 0.0587134 0.0603564
0.609375 1.05871 0.0587134 0.0603564
0.625 1.05794 0.0579402 0.0593601
0.625 1.05794 0.0579402 0.0593601
0.640625 1.05708 0.0570794 0.0582522
0.640625 1.05708 0.0570794 0.0582522
0.65625 1.05614 0.0561364 0.0570412
0.65625 1.05614 0.0561364 0.0570412
0.671875 1.05512 0.0551175 0.0557361
0.671875 1.05512 0.0551175 0.0557361
0.6875 1.05403 0.0540296 0.0543475
0.6875 1.05403 0.0540296 0.0543475
0.703125 1.05288 0.0528799 0.0528865
0.703125 1.05288 0.0528799 0.0528865
0.71875 1.05168 0.0516764 0.0513657
0.71875 1.05168 0.0516764 0.0513657
0.734375 1.05043 0.0504273 0.0497982
0.734375 1.05043 0.0504273 0.0497982
0.75 1.04914 0.0491417 0.0481985
0.75 1.04914 0.0491417 0.0481985
0.765625 1.04783 0.0478287 0.0465813
0.765625 1.04783 0.0478287 0.0465813
0.78125 1.0465 0.0464982 0.0449625
0.78125 1.0465 0.0464982 0.0449625
0.796875 1.04516 0.0451604 0.0433581
0.796875 1.04516 0.0451604 0.0433581
0.8125 1.04383 0.043826 0.0417847
0.8125 1.04383 0.043826 0.0417847
0.828125 1.04251 0.0425059 0.0402591
0.828125 1.04251 0.0425059 0.0402591
0.84375 1.04121 0.0412118 0.0387978
0.84375 1.04121 0.0412118 0.0387978
0.859375 1.03996 0.0399559 0.0374172
0.859375 1.03996 0.0399559 0.0374172
0.875 1.03875 0.0387508 0.036133
0.875 1.03875 0.0387508 0.036133
0.890625 1.03761 0.03761 0.0349603
0.890625 1.03761 0.03761 0.0349603
0.90625 1.03655 0.036548 0.0339129
0.90625 1.03655 0.036548 0.0339129
0.921875 1.03558 0.0355806 0.0330037
0.921875 1.03558 0.0355806 0.0330037
0.9375 1.03473 0.0347257 0.0322438
0.9375 1.03473 0.0347257 0.0322438
0.953125 1.034 0.0340041 0.0316425
0.953125 1.034 0.0340041 0.0316425
0.96875 1.03344 0.0334421 0.0312076
0.96875 1.03344 0.0334421 0.0312076
0.984375 1.03308 0.0330756 0.0309443
0.984375 1.03308 0.0330756 0.0309443
1 1 0 0.0308562
