# x y topography analytical topography
0 1 0 0.0326315
0.015625 1.03394 0.0339409 0.0327086
0.015625 1.03394 0.0339409 0.0327086
0.03125 1.0343 0.0342986 0.0329393
0.03125 1.0343 0.0342986 0.0329393
0.046875 1.03484 0.034843 0.0333207
0.046875 1.03484 0.034843 0.0333207
0.0625 1.03554 0.0355384 0.0338483
0.0625 1.03554 0.0355384 0.0338483
0.078125 1.03636 0.0363589 0.0345159
0.078125 1.03636 0.0363589 0.0345159
0.09375 1.03728 0.0372839 0.0353157
0.09375 1.03728 0.0372839 0.0353157
0.109375 1.0383 0.0382961 0.0362385
0.109375 1.0383 0.0382961 0.0362385
0.125 1.03938 0.0393802 0.0372737
0.125 1.03938 0.0393802 0.0372737
0.140625 1.04052 0.0405224 0.0384096
0.140625 1.04052 0.0405224 0.0384096
0.15625 1.04171 0.0417098 0.0396335
0.15625 1.04171 0.0417098 0.0396335
0.171875 1.04293 0.0429305 0.0409321
0.171875 1.04293 0.0429305 0.0409321
0.1875 1.04417 0.044173 0.0422913
0.1875 1.04417 0.044173 0.0422913
0.203125 1.04543 0.0454267 0.0436968
0.203125 1.04543 0.0454267 0.0436968
0.21875 1.04668 0.0466813 0.0451339
0.21875 1.04668 0.0466813 0.0451339
0.234375 1.04793 0.047927 0.0465882
0.234375 1.04793 0.047927 0.0465882
0.25 1.04915 0.0491544 0.0480451
0.25 1.04915 0.0491544 0.0480451
0.265625 1.05035 0.0503547 0.0494905
0.265625 1.05035 0.0503547 0.0494905
0.28125 1.05152 0.0515193 0.0509108
0.28125 1.05152 0.0515193 0.0509108
0.296875 1.05264 0.0526402 0.0522928
0.296875 1.05264 0.0526402 0.0522928
0.3125 1.05371 0.0537098 0.053624
0.3125 1.05371 0.0537098 0.053624
0.328125 1.05472 0.0547211 0.0548927
0.328125 1.05472 0.0547211 0.0548927
0.34375 1.05567 0.0556674 0.056088
0.34375 1.05567 0.0556674 0.056088
0.359375 1.05654 0.0565426 0.0571999
0.359375 1.05654 0.0565426 0.0571999
0.375 1.05734 0.0573411 0.0582193
0.375 1.05734 0.0573411 0.0582193
0.390625 1.05806 0.0580578 0.059138
0.390625 1.05806 0.0580578 0.059138
0.40625 1.05869 0.0586882 0.0599487
0.40625 1.05869 0.0586882 0.0599487
0.421875 1.05923 0.0592283 0.0606453
0.421875 1.05923 0.0592283 0.0606453
0.4375 1.05967 0.0596749 0.0612224
0.4375 1.05967 0.0596749 0.0612224
0.453125 1.06003 0.0600252 0.0616757
0.453125 1.06003 0.0600252 0.0616757
0.46875 1.06028 0.0602769 0.0620019
0.46875 1.06028 0.0602769 0.0620019
0.484375 1.06043 0.0604285 0.0621985
0.484375 1.06043 0.0604285 0.0621985
0.5 1.06048 0.0604792 0.0622643
0.5 1.06048 0.0604792 0.0622643
0.515625 1.06043 0.0604285 0.0621985
0.515625 1.06043 0.0604285 0.0621985
0.53125 1.06028 0.0602769 0.0620019
0.53125 1.06028 0.0602769 0.0620019
0.546875 1.06003 0.0600252 0.0616757
0.546875 1.06003 0.0600252 0.0616757
0.5625 1.05967 0.0596749 0.0612224
0.5625 1.05967 0.0596749 0.0612224
0.578125 1.05923 0.0592283 0.0606453
0.578125 1.05923 0.0592283 0.0606453
0.59375 1.05869 0.0586882 0.0599487
0.59375 1.05869 0.0586882 0.0599487
0.609375 1.05806 0.0580578 0.059138
0.609375 1.05806 0.0580578 0.059138
0.625 1.05734 0.0573411 0.0582193
0.625 1.05734 0.0573411 0.0582193
0.640625 1.05654 0.0565426 0.0571999
0.640625 1.05654 0.0565426 0.0571999
0.65625 1.05567 0.0556674 0.056088
0.65625 1.05567 0.0556674 0.056088
0.671875 1.05472 0.0547211 0.0548927
0.671875 1.05472 0.0547211 0.0548927
0.6875 1.05371 0.0537098 0.053624
0.6875 1.05371 0.0537098 0.053624
0.703125 1.05264 0.0526402 0.0522928
0.703125 1.05264 0.0526402 0.0522928
0.71875 1.05152 0.0515193 0.0509108
0.71875 1.05152 0.0515193 0.0509108
0.734375 1.05035 0.0503547 0.0494905
0.734375 1.05035 0.0503547 0.0494905
0.75 1.04915 0.0491544 0.0480451
0.75 1.04915 0.0491544 0.0480451
0.765625 1.04793 0.047927 0.0465882
0.765625 1.04793 0.047927 0.0465882
0.78125 1.04668 0.0466813 0.0451339
0.78125 1.04668 0.0466813 0.0451339
0.796875 1.04543 0.0454267 0.0436968
0.796875 1.04543 0.0454267 0.0436968
0.8125 1.04417 0.044173 0.0422913
0.8125 1.04417 0.044173 0.0422913
0.828125 1.04293 0.0429305 0.0409321
0.828125 1.04293 0.0429305 0.0409321
0.84375 1.04171 0.0417098 0.0396335
0.84375 1.04171 0.0417098 0.0396335
0.859375 1.04052 0.0405224 0.0384096
0.859375 1.04052 0.0405224 0.0384096
0.875 1.03938 0.0393802 0.0372737
0.875 1.03938 0.0393802 0.0372737
0.890625 1.0383 0.0382961 0.0362385
0.890625 1.0383 0.0382961 0.0362385
0.90625 1.03728 0.0372839 0.0353157
0.90625 1.03728 0.0372839 0.0353157
0.921875 1.03636 0.0363589 0.0345159
0.921875 1.03636 0.0363589 0.0345159
0.9375 1.03554 0.0355384 0.0338483
0.9375 1.03554 0.0355384 0.0338483
0.953125 1.03484 0.034843 0.0333207
0.953125 1.03484 0.034843 0.0333207
0.96875 1.0343 0.0342986 0.0329393
0.96875 1.0343 0.0342986 0.0329393
0.984375 1.03394 0.0339409 0.0327086
0.984375 1.03394 0.0339409 0.0327086
1 1 0 0.0326315
