# x y topography analytical topography
0 1 0 0.0234861
0.015625 1.02823 0.028226 0.0236311
0.015625 1.02823 0.028226 0.0236311
0.03125 1.02865 0.0286474 0.0240632
0.03125 1.02865 0.0286474 0.0240632
0.046875 1.02932 0.0293184 0.0247743
0.046875 1.02932 0.0293184 0.0247743
0.0625 1.0302 0.0302014 0.0257511
0.0625 1.0302 0.0302014 0.0257511
0.078125 1.03127 0.0312678 0.0269759
0.078125 1.03127 0.0312678 0.0269759
0.09375 1.03249 0.0324936 0.0284269
0.09375 1.03249 0.0324936 0.0284269
0.109375 1.03386 0.0338572 0.0300791
0.109375 1.03386 0.0338572 0.0300791
0.125 1.03534 0.0353387 0.0319052
0.125 1.03534 0.0353387 0.0319052
0.140625 1.03692 0.0369187 0.0338763
0.140625 1.03692 0.0369187 0.0338763
0.15625 1.03858 0.0385787 0.0359631
0.15625 1.03858 0.0385787 0.0359631
0.171875 1.0403 0.0403007 0.0381359
0.171875 1.0403 0.0403007 0.0381359
0.1875 1.04207 0.0420672 0.0403662
0.1875 1.04207 0.0420672 0.0403662
0.203125 1.04386 0.043861 0.0426264
0.203125 1.04386 0.043861 0.0426264
0.21875 1.04567 0.0456657 0.0448908
0.21875 1.04567 0.0456657 0.0448908
0.234375 1.04747 0.0474653 0.0471356
0.234375 1.04747 0.0474653 0.0471356
0.25 1.04924 0.0492447 0.0493393
0.25 1.04924 0.0492447 0.0493393
0.265625 1.05099 0.0509892 0.0514824
0.265625 1.05099 0.0509892 0.0514824
0.28125 1.05269 0.0526851 0.0535479
0.28125 1.05269 0.0526851 0.0535479
0.296875 1.05432 0.0543196 0.0555207
0.296875 1.05432 0.0543196 0.0555207
0.3125 1.05588 0.0558805 0.0573878
0.3125 1.05588 0.0558805 0.0573878
0.328125 1.05736 0.0573567 0.0591381
0.328125 1.05736 0.0573567 0.0591381
0.34375 1.05874 0.058738 0.0607621
0.34375 1.05874 0.058738 0.0607621
0.359375 1.06002 0.0600151 0.0622516
0.359375 1.06002 0.0600151 0.0622516
0.375 1.06118 0.0611798 0.0635999
0.375 1.06118 0.0611798 0.0635999
0.390625 1.06222 0.0622245 0.0648012
0.390625 1.06222 0.0622245 0.0648012
0.40625 1.06314 0.0631428 0.0658509
0.40625 1.06314 0.0631428 0.0658509
0.421875 1.06393 0.0639291 0.0667451
0.421875 1.06393 0.0639291 0.0667451
0.4375 1.06458 0.0645787 0.0674808
0.4375 1.06458 0.0645787 0.0674808
0.453125 1.06509 0.0650879 0.0680554
0.453125 1.06509 0.0650879 0.0680554
0.46875 1.06545 0.0654537 0.068467
0.46875 1.06545 0.0654537 0.068467
0.484375 1.06567 0.065674 0.0687146
0.484375 1.06567 0.065674 0.0687146
0.5 1.06575 0.0657476 0.0687972
0.5 1.06575 0.0657476 0.0687972
0.515625 1.06567 0.065674 0.0687146
0.515625 1.06567 0.065674 0.0687146
0.53125 1.06545 0.0654537 0.068467
0.53125 1.06545 0.0654537 0.068467
0.546875 1.06509 0.0650879 0.0680554
0.546875 1.06509 0.0650879 0.0680554
0.5625 1.06458 0.0645787 0.0674808
0.5625 1.06458 0.0645787 0.0674808
0.578125 1.06393 0.0639291 0.0667451
0.578125 1.06393 0.0639291 0.0667451
0.59375 1.06314 0.0631428 0.0658509
0.59375 1.06314 0.0631428 0.0658509
0.609375 1.06222 0.0622245 0.0648012
0.609375 1.06222 0.0622245 0.0648012
0.625 1.06118 0.0611798 0.0635999
0.625 1.06118 0.0611798 0.0635999
0.640625 1.06002 0.0600151 0.0622516
0.640625 1.06002 0.0600151 0.0622516
0.65625 1.05874 0.058738 0.0607621
0.65625 1.05874 0.058738 0.0607621
0.671875 1.05736 0.0573567 0.0591381
0.671875 1.05736 0.0573567 0.0591381
0.6875 1.05588 0.0558805 0.0573878
0.6875 1.05588 0.0558805 0.0573878
0.703125 1.05432 0.0543196 0.0555207
0.703125 1.05432 0.0543196 0.0555207
0.71875 1.05269 0.0526851 0.0535479
0.71875 1.05269 0.0526851 0.0535479
0.734375 1.05099 0.0509892 0.0514824
0.734375 1.05099 0.0509892 0.0514824
0.75 1.04924 0.0492447 0.0493393
0.75 1.04924 0.0492447 0.0493393
0.765625 1.04747 0.0474653 0.0471356
0.765625 1.04747 0.0474653 0.0471356
0.78125 1.04567 0.0456657 0.0448908
0.78125 1.04567 0.0456657 0.0448908
0.796875 1.04386 0.043861 0.0426264
0.796875 1.04386 0.043861 0.0426264
0.8125 1.04207 0.0420672 0.0403662
0.8125 1.04207 0.0420672 0.0403662
0.828125 1.0403 0.0403007 0.0381359
0.828125 1.0403 0.0403007 0.0381359
0.84375 1.03858 0.0385787 0.0359631
0.84375 1.03858 0.0385787 0.0359631
0.859375 1.03692 0.0369187 0.0338763
0.859375 1.03692 0.0369187 0.0338763
0.875 1.03534 0.0353387 0.0319052
0.875 1.03534 0.0353387 0.0319052
0.890625 1.03386 0.0338572 0.0300791
0.890625 1.03386 0.0338572 0.0300791
0.90625 1.03249 0.0324936 0.0284269
0.90625 1.03249 0.0324936 0.0284269
0.921875 1.03127 0.0312678 0.0269759
0.921875 1.03127 0.0312678 0.0269759
0.9375 1.0302 0.0302014 0.0257511
0.9375 1.0302 0.0302014 0.0257511
0.953125 1.02932 0.0293184 0.0247743
0.953125 1.02932 0.0293184 0.0247743
0.96875 1.02865 0.0286474 0.0240632
0.96875 1.02865 0.0286474 0.0240632
0.984375 1.02823 0.028226 0.0236311
0.984375 1.02823 0.028226 0.0236311
1 1 0 0.0234861
