# x y topography analytical topography
0 1 0 0.0296297
0.015625 1.03241 0.0324066 0.0297259
0.015625 1.03241 0.0324066 0.0297259
0.03125 1.03278 0.03278 0.030013
0.03125 1.03278 0.03278 0.030013
0.046875 1.03336 0.033356 0.0304873
0.046875 1.03336 0.033356 0.0304873
0.0625 1.0341 0.0340981 0.0311424
0.0625 1.0341 0.0340981 0.0311424
0.078125 1.03498 0.0349801 0.0319697
0.078125 1.03498 0.0349801 0.0319697
0.09375 1.03598 0.0359807 0.0329583
0.09375 1.03598 0.0359807 0.0329583
0.109375 1.03708 0.0370818 0.0340956
0.109375 1.03708 0.0370818 0.0340956
0.125 1.03827 0.0382669 0.0353672
0.125 1.03827 0.0382669 0.0353672
0.140625 1.03952 0.0395213 0.0367573
0.140625 1.03952 0.0395213 0.0367573
0.15625 1.04083 0.0408307 0.0382491
0.15625 1.04083 0.0408307 0.0382491
0.171875 1.04218 0.0421819 0.0398249
0.171875 1.04218 0.0421819 0.0398249
0.1875 1.04356 0.0435622 0.0414668
0.1875 1.04356 0.0435622 0.0414668
0.203125 1.04496 0.0449593 0.0431563
0.203125 1.04496 0.0449593 0.0431563
0.21875 1.04636 0.0463615 0.0448753
0.21875 1.04636 0.0463615 0.0448753
0.234375 1.04776 0.0477574 0.0466058
0.234375 1.04776 0.0477574 0.0466058
0.25 1.04914 0.0491362 0.0483306
0.25 1.04914 0.0491362 0.0483306
0.265625 1.05049 0.0504874 0.050033
0.265625 1.05049 0.0504874 0.050033
0.28125 1.0518 0.0518011 0.0516971
0.28125 1.0518 0.0518011 0.0516971
0.296875 1.05307 0.0530677 0.0533082
0.296875 1.05307 0.0530677 0.0533082
0.3125 1.05428 0.0542783 0.0548524
0.3125 1.05428 0.0542783 0.0548524
0.328125 1.05542 0.0554245 0.0563173
0.328125 1.05542 0.0554245 0.0563173
0.34375 1.0565 0.0564983 0.0576912
0.34375 1.0565 0.0564983 0.0576912
0.359375 1.05749 0.0574926 0.0589638
0.359375 1.05749 0.0574926 0.0589638
0.375 1.0584 0.0584006 0.060126
0.375 1.0584 0.0584006 0.060126
0.390625 1.05922 0.0592162 0.0611696
0.390625 1.05922 0.0592162 0.0611696
0.40625 1.05993 0.0599342 0.0620877
0.40625 1.05993 0.0599342 0.0620877
0.421875 1.06055 0.0605497 0.0628742
0.421875 1.06055 0.0605497 0.0628742
0.4375 1.06106 0.0610588 0.0635243
0.4375 1.06106 0.0610588 0.0635243
0.453125 1.06146 0.0614583 0.064034
0.453125 1.06146 0.0614583 0.064034
0.46875 1.06175 0.0617455 0.0644003
0.46875 1.06175 0.0617455 0.0644003
0.484375 1.06192 0.0619185 0.0646209
0.484375 1.06192 0.0619185 0.0646209
0.5 1.06198 0.0619763 0.0646945
0.5 1.06198 0.0619763 0.0646945
0.515625 1.06192 0.0619185 0.0646209
0.515625 1.06192 0.0619185 0.0646209
0.53125 1.06175 0.0617455 0.0644003
0.53125 1.06175 0.0617455 0.0644003
0.546875 1.06146 0.0614583 0.064034
0.546875 1.06146 0.0614583 0.064034
0.5625 1.06106 0.0610588 0.0635243
0.5625 1.06106 0.0610588 0.0635243
0.578125 1.06055 0.0605497 0.0628742
0.578125 1.06055 0.0605497 0.0628742
0.59375 1.05993 0.0599342 0.0620877
0.59375 1.05993 0.0599342 0.0620877
0.609375 1.05922 0.0592162 0.0611696
0.609375 1.05922 0.0592162 0.0611696
0.625 1.0584 0.0584006 0.060126
0.625 1.0584 0.0584006 0.060126
0.640625 1.05749 0.0574926 0.0589638
0.640625 1.05749 0.0574926 0.0589638
0.65625 1.0565 0.0564983 0.0576912
0.65625 1.0565 0.0564983 0.0576912
0.671875 1.05542 0.0554245 0.0563173
0.671875 1.05542 0.0554245 0.0563173
0.6875 1.05428 0.0542783 0.0548524
0.6875 1.05428 0.0542783 0.0548524
0.703125 1.05307 0.0530677 0.0533082
0.703125 1.05307 0.0530677 0.0533082
0.71875 1.0518 0.0518011 0.0516971
0.71875 1.0518 0.0518011 0.0516971
0.734375 1.05049 0.0504874 0.050033
0.734375 1.05049 0.0504874 0.050033
0.75 1.04914 0.0491362 0.0483306
0.75 1.04914 0.0491362 0.0483306
0.765625 1.04776 0.0477574 0.0466058
0.765625 1.04776 0.0477574 0.0466058
0.78125 1.04636 0.0463615 0.0448753
0.78125 1.04636 0.0463615 0.0448753
0.796875 1.04496 0.0449593 0.0431563
0.796875 1.04496 0.0449593 0.0431563
0.8125 1.04356 0.0435622 0.0414668
0.8125 1.04356 0.0435622 0.0414668
0.828125 1.04218 0.0421819 0.0398249
0.828125 1.04218 0.0421819 0.0398249
0.84375 1.04083 0.0408307 0.0382491
0.84375 1.04083 0.0408307 0.0382491
0.859375 1.03952 0.0395213 0.0367573
0.859375 1.03952 0.0395213 0.0367573
0.875 1.03827 0.0382669 0.0353672
0.875 1.03827 0.0382669 0.0353672
0.890625 1.03708 0.0370818 0.0340956
0.890625 1.03708 0.0370818 0.0340956
0.90625 1.03598 0.0359807 0.0329583
0.90625 1.03598 0.0359807 0.0329583
0.921875 1.03498 0.0349801 0.0319697
0.921875 1.03498 0.0349801 0.0319697
0.9375 1.0341 0.0340981 0.0311424
0.9375 1.0341 0.0340981 0.0311424
0.953125 1.03336 0.033356 0.0304873
0.953125 1.03336 0.033356 0.0304873
0.96875 1.03278 0.03278 0.030013
0.96875 1.03278 0.03278 0.030013
0.984375 1.03241 0.0324066 0.0297259
0.984375 1.03241 0.0324066 0.0297259
1 1 0 0.0296297
