# x y topography analytical topography
0 3 0 0.00474189
0.046875 3.011 0.0110048 0.00561607
0.046875 3.011 0.0110048 0.00561607
0.09375 3.02177 0.0217714 0.00794746
0.09375 3.02177 0.0217714 0.00794746
0.140625 3.03207 0.0320666 0.0111181
0.140625 3.03207 0.0320666 0.0111181
0.1875 3.04167 0.0416678 0.0146117
0.1875 3.04167 0.0416678 0.0146117
0.234375 3.05037 0.0503669 0.0181694
0.234375 3.05037 0.0503669 0.0181694
0.28125 3.05798 0.0579758 0.0217031
0.28125 3.05798 0.0579758 0.0217031
0.328125 3.06433 0.0643296 0.0251872
0.328125 3.06433 0.0643296 0.0251872
0.375 3.06929 0.069291 0.0286109
0.375 3.06929 0.069291 0.0286109
0.421875 3.07275 0.0727523 0.0319657
0.421875 3.07275 0.0727523 0.0319657
0.46875 3.07464 0.0746389 0.0352435
0.46875 3.07464 0.0746389 0.0352435
0.515625 3.07491 0.0749097 0.0384363
0.515625 3.07491 0.0749097 0.0384363
0.5625 3.07356 0.0735589 0.0415366
0.5625 3.07356 0.0735589 0.0415366
0.609375 3.07062 0.0706158 0.0445368
0.609375 3.07062 0.0706158 0.0445368
0.65625 3.06614 0.0661441 0.0474297
0.65625 3.06614 0.0661441 0.0474297
0.703125 3.06024 0.0602406 0.0502084
0.703125 3.06024 0.0602406 0.0502084
0.75 3.05303 0.053033 0.0528661
0.75 3.05303 0.053033 0.0528661
0.796875 3.04468 0.0446774 0.0553964
0.796875 3.04468 0.0446774 0.0553964
0.84375 3.03535 0.0353548 0.0577933
0.84375 3.03535 0.0353548 0.0577933
0.890625 3.02527 0.0252667 0.0600509
0.890625 3.02527 0.0252667 0.0600509
0.9375 3.01463 0.0146318 0.0621639
0.9375 3.01463 0.0146318 0.0621639
0.984375 3.00368 0.00368008 0.0641271
0.984375 3.00368 0.00368008 0.0641271
1.03125 2.99265 -0.00735129 0.0659359
1.03125 2.99265 -0.00735129 0.0659359
1.07812 2.98178 -0.0182235 0.0675858
1.07812 2.98178 -0.0182235 0.0675858
1.125 2.9713 -0.0287013 0.0690728
1.125 2.9713 -0.0287013 0.0690728
1.17188 2.96144 -0.0385577 0.0703935
1.17188 2.96144 -0.0385577 0.0703935
1.21875 2.95242 -0.0475795 0.0715446
1.21875 2.95242 -0.0475795 0.0715446
1.26562 2.94443 -0.0555713 0.0725233
1.26562 2.94443 -0.0555713 0.0725233
1.3125 2.93764 -0.0623602 0.0733273
1.3125 2.93764 -0.0623602 0.0733273
1.35938 2.9322 -0.0677992 0.0739547
1.35938 2.9322 -0.0677992 0.0739547
1.40625 2.92823 -0.0717705 0.0744039
1.40625 2.92823 -0.0717705 0.0744039
1.45312 2.92581 -0.0741882 0.0746739
1.45312 2.92581 -0.0741882 0.0746739
1.5 2.925 -0.075 0.0747639
1.5 2.925 -0.075 0.0747639
1.54688 2.92581 -0.0741882 0.0746739
1.54688 2.92581 -0.0741882 0.0746739
1.59375 2.92823 -0.0717705 0.0744039
1.59375 2.92823 -0.0717705 0.0744039
1.64062 2.9322 -0.0677992 0.0739547
1.64062 2.9322 -0.0677992 0.0739547
1.6875 2.93764 -0.0623602 0.0733273
1.6875 2.93764 -0.0623602 0.0733273
1.73438 2.94443 -0.0555713 0.0725233
1.73438 2.94443 -0.0555713 0.0725233
1.78125 2.95242 -0.0475795 0.0715446
1.78125 2.95242 -0.0475795 0.0715446
1.82812 2.96144 -0.0385577 0.0703935
1.82812 2.96144 -0.0385577 0.0703935
1.875 2.9713 -0.0287013 0.0690728
1.875 2.9713 -0.0287013 0.0690728
1.92188 2.98178 -0.0182235 0.0675858
1.92188 2.98178 -0.0182235 0.0675858
1.96875 2.99265 -0.00735129 0.0659359
1.96875 2.99265 -0.00735129 0.0659359
2.01562 3.00368 0.00368008 0.0641271
2.01562 3.00368 0.00368008 0.0641271
2.0625 3.01463 0.0146318 0.0621639
2.0625 3.01463 0.0146318 0.0621639
2.10938 3.02527 0.0252667 0.0600509
2.10938 3.02527 0.0252667 0.0600509
2.15625 3.03535 0.0353548 0.0577933
2.15625 3.03535 0.0353548 0.0577933
2.20312 3.04468 0.0446774 0.0553964
2.20312 3.04468 0.0446774 0.0553964
2.25 3.05303 0.053033 0.0528661
2.25 3.05303 0.053033 0.0528661
2.29688 3.06024 0.0602406 0.0502084
2.29688 3.06024 0.0602406 0.0502084
2.34375 3.06614 0.0661441 0.0474297
2.34375 3.06614 0.0661441 0.0474297
2.39062 3.07062 0.0706158 0.0445368
2.39062 3.07062 0.0706158 0.0445368
2.4375 3.07356 0.0735589 0.0415366
2.4375 3.07356 0.0735589 0.0415366
2.48438 3.07491 0.0749097 0.0384363
2.48438 3.07491 0.0749097 0.0384363
2.53125 3.07464 0.0746389 0.0352435
2.53125 3.07464 0.0746389 0.0352435
2.57812 3.07275 0.0727523 0.0319657
2.57812 3.07275 0.0727523 0.0319657
2.625 3.06929 0.069291 0.0286109
2.625 3.06929 0.069291 0.0286109
2.67188 3.06433 0.0643296 0.0251872
2.67188 3.06433 0.0643296 0.0251872
2.71875 3.05798 0.0579758 0.0217031
2.71875 3.05798 0.0579758 0.0217031
2.76562 3.05037 0.0503669 0.0181694
2.76562 3.05037 0.0503669 0.0181694
2.8125 3.04167 0.0416678 0.0146117
2.8125 3.04167 0.0416678 0.0146117
2.85938 3.03207 0.0320666 0.0111181
2.85938 3.03207 0.0320666 0.0111181
2.90625 3.02177 0.0217714 0.00794746
2.90625 3.02177 0.0217714 0.00794746
2.95312 3.011 0.0110048 0.00561607
2.95312 3.011 0.0110048 0.00561607
3 3 0 0.00474189
