# x y topography analytical topography
0 3 0 0.00616574
0.046875 3.011 0.0110048 0.0068426
0.046875 3.011 0.0110048 0.0068426
0.09375 3.02177 0.0217714 0.00873078
0.09375 3.02177 0.0217714 0.00873078
0.140625 3.03207 0.0320666 0.0114844
0.140625 3.03207 0.0320666 0.0114844
0.1875 3.04167 0.0416678 0.0147255
0.1875 3.04167 0.0416678 0.0147255
0.234375 3.05037 0.0503669 0.018172
0.234375 3.05037 0.0503669 0.018172
0.28125 3.05798 0.0579758 0.0216653
0.28125 3.05798 0.0579758 0.0216653
0.328125 3.06433 0.0643296 0.0251338
0.328125 3.06433 0.0643296 0.0251338
0.375 3.06929 0.069291 0.0285485
0.375 3.06929 0.069291 0.0285485
0.421875 3.07275 0.0727523 0.0318957
0.421875 3.07275 0.0727523 0.0318957
0.46875 3.07464 0.0746389 0.0351663
0.46875 3.07464 0.0746389 0.0351663
0.515625 3.07491 0.0749097 0.0383521
0.515625 3.07491 0.0749097 0.0383521
0.5625 3.07356 0.0735589 0.0414456
0.5625 3.07356 0.0735589 0.0414456
0.609375 3.07062 0.0706158 0.0444392
0.609375 3.07062 0.0706158 0.0444392
0.65625 3.06614 0.0661441 0.0473258
0.65625 3.06614 0.0661441 0.0473258
0.703125 3.06024 0.0602406 0.0500984
0.703125 3.06024 0.0602406 0.0500984
0.75 3.05303 0.053033 0.0527502
0.75 3.05303 0.053033 0.0527502
0.796875 3.04468 0.0446774 0.055275
0.796875 3.04468 0.0446774 0.055275
0.84375 3.03535 0.0353548 0.0576667
0.84375 3.03535 0.0353548 0.0576667
0.890625 3.02527 0.0252667 0.0599194
0.890625 3.02527 0.0252667 0.0599194
0.9375 3.01463 0.0146318 0.0620277
0.9375 3.01463 0.0146318 0.0620277
0.984375 3.00368 0.00368008 0.0639867
0.984375 3.00368 0.00368008 0.0639867
1.03125 2.99265 -0.00735129 0.0657914
1.03125 2.99265 -0.00735129 0.0657914
1.07812 2.98178 -0.0182235 0.0674377
1.07812 2.98178 -0.0182235 0.0674377
1.125 2.9713 -0.0287013 0.0689215
1.125 2.9713 -0.0287013 0.0689215
1.17188 2.96144 -0.0385577 0.0702393
1.17188 2.96144 -0.0385577 0.0702393
1.21875 2.95242 -0.0475795 0.0713879
1.21875 2.95242 -0.0475795 0.0713879
1.26562 2.94443 -0.0555713 0.0723644
1.26562 2.94443 -0.0555713 0.0723644
1.3125 2.93764 -0.0623602 0.0731667
1.3125 2.93764 -0.0623602 0.0731667
1.35938 2.9322 -0.0677992 0.0737927
1.35938 2.9322 -0.0677992 0.0737927
1.40625 2.92823 -0.0717705 0.0742409
1.40625 2.92823 -0.0717705 0.0742409
1.45312 2.92581 -0.0741882 0.0745103
1.45312 2.92581 -0.0741882 0.0745103
1.5 2.925 -0.075 0.0746001
1.5 2.925 -0.075 0.0746001
1.54688 2.92581 -0.0741882 0.0745103
1.54688 2.92581 -0.0741882 0.0745103
1.59375 2.92823 -0.0717705 0.0742409
1.59375 2.92823 -0.0717705 0.0742409
1.64062 2.9322 -0.0677992 0.0737927
1.64062 2.9322 -0.0677992 0.0737927
1.6875 2.93764 -0.0623602 0.0731667
1.6875 2.93764 -0.0623602 0.0731667
1.73438 2.94443 -0.0555713 0.0723644
1.73438 2.94443 -0.0555713 0.0723644
1.78125 2.95242 -0.0475795 0.0713879
1.78125 2.95242 -0.0475795 0.0713879
1.82812 2.96144 -0.0385577 0.0702393
1.82812 2.96144 -0.0385577 0.0702393
1.875 2.9713 -0.0287013 0.0689215
1.875 2.9713 -0.0287013 0.0689215
1.92188 2.98178 -0.0182235 0.0674377
1.92188 2.98178 -0.0182235 0.0674377
1.96875 2.99265 -0.00735129 0.0657914
1.96875 2.99265 -0.00735129 0.0657914
2.01562 3.00368 0.00368008 0.0639867
2.01562 3.00368 0.00368008 0.0639867
2.0625 3.01463 0.0146318 0.0620277
2.0625 3.01463 0.0146318 0.0620277
2.10938 3.02527 0.0252667 0.0599194
2.10938 3.02527 0.0252667 0.0599194
2.15625 3.03535 0.0353548 0.0576667
2.15625 3.03535 0.0353548 0.0576667
2.20312 3.04468 0.0446774 0.055275
2.20312 3.04468 0.0446774 0.055275
2.25 3.05303 0.053033 0.0527502
2.25 3.05303 0.053033 0.0527502
2.29688 3.06024 0.0602406 0.0500984
2.29688 3.06024 0.0602406 0.0500984
2.34375 3.06614 0.0661441 0.0473258
2.34375 3.06614 0.0661441 0.0473258
2.39062 3.07062 0.0706158 0.0444392
2.39062 3.07062 0.0706158 0.0444392
2.4375 3.07356 0.0735589 0.0414456
2.4375 3.07356 0.0735589 0.0414456
2.48438 3.07491 0.0749097 0.0383521
2.48438 3.07491 0.0749097 0.0383521
2.53125 3.07464 0.0746389 0.0351663
2.53125 3.07464 0.0746389 0.0351663
2.57812 3.07275 0.0727523 0.0318957
2.57812 3.07275 0.0727523 0.0318957
2.625 3.06929 0.069291 0.0285485
2.625 3.06929 0.069291 0.0285485
2.67188 3.06433 0.0643296 0.0251338
2.67188 3.06433 0.0643296 0.0251338
2.71875 3.05798 0.0579758 0.0216653
2.71875 3.05798 0.0579758 0.0216653
2.76562 3.05037 0.0503669 0.018172
2.76562 3.05037 0.0503669 0.018172
2.8125 3.04167 0.0416678 0.0147255
2.8125 3.04167 0.0416678 0.0147255
2.85938 3.03207 0.0320666 0.0114844
2.85938 3.03207 0.0320666 0.0114844
2.90625 3.02177 0.0217714 0.00873078
2.90625 3.02177 0.0217714 0.00873078
2.95312 3.011 0.0110048 0.0068426
2.95312 3.011 0.0110048 0.0068426
3 3 0 0.00616574
