# x y topography analytical topography
0 3.00432 0.00432318 0.00494286
0.046875 3.00545 0.00545387 0.00578293
0.046875 3.00545 0.00545387 0.00578293
0.09375 3.00791 0.00790846 0.00804248
0.09375 3.00791 0.00790846 0.00804248
0.140625 3.01111 0.0111135 0.011154
0.140625 3.01111 0.0111135 0.011154
0.1875 3.01461 0.0146098 0.0146185
0.1875 3.01461 0.0146098 0.0146185
0.234375 3.01817 0.0181656 0.0181665
0.234375 3.01817 0.0181656 0.0181665
0.28125 3.0217 0.0216979 0.0216974
0.28125 3.0217 0.0216979 0.0216974
0.328125 3.02518 0.0251811 0.0251803
0.328125 3.02518 0.0251811 0.0251803
0.375 3.0286 0.0286039 0.0286031
0.375 3.0286 0.0286039 0.0286031
0.421875 3.03196 0.0319579 0.0319569
0.421875 3.03196 0.0319579 0.0319569
0.46875 3.03523 0.0352349 0.0352338
0.46875 3.03523 0.0352349 0.0352338
0.515625 3.03843 0.038427 0.0384258
0.515625 3.03843 0.038427 0.0384258
0.5625 3.04153 0.0415265 0.0415252
0.5625 3.04153 0.0415265 0.0415252
0.609375 3.04453 0.044526 0.0445246
0.609375 3.04453 0.044526 0.0445246
0.65625 3.04742 0.0474182 0.0474167
0.65625 3.04742 0.0474182 0.0474167
0.703125 3.0502 0.0501961 0.0501946
0.703125 3.0502 0.0501961 0.0501946
0.75 3.05285 0.0528532 0.0528516
0.75 3.05285 0.0528532 0.0528516
0.796875 3.05538 0.0553829 0.0553812
0.796875 3.05538 0.0553829 0.0553812
0.84375 3.05778 0.0577792 0.0577774
0.84375 3.05778 0.0577792 0.0577774
0.890625 3.06004 0.0600363 0.0600345
0.890625 3.06004 0.0600363 0.0600345
0.9375 3.06215 0.0621488 0.0621469
0.9375 3.06215 0.0621488 0.0621469
0.984375 3.06411 0.0641115 0.0641096
0.984375 3.06411 0.0641115 0.0641096
1.03125 3.06592 0.0659198 0.0659178
1.03125 3.06592 0.0659198 0.0659178
1.07812 3.06757 0.0675693 0.0675673
1.07812 3.06757 0.0675693 0.0675673
1.125 3.06906 0.069056 0.0690539
1.125 3.06906 0.069056 0.0690539
1.17188 3.07038 0.0703764 0.0703742
1.17188 3.07038 0.0703764 0.0703742
1.21875 3.07153 0.0715272 0.071525
1.21875 3.07153 0.0715272 0.071525
1.26562 3.07251 0.0725057 0.0725035
1.26562 3.07251 0.0725057 0.0725035
1.3125 3.07331 0.0733095 0.0733072
1.3125 3.07331 0.0733095 0.0733072
1.35938 3.07394 0.0739367 0.0739344
1.35938 3.07394 0.0739367 0.0739344
1.40625 3.07439 0.0743858 0.0743835
1.40625 3.07439 0.0743858 0.0743835
1.45312 3.07466 0.0746557 0.0746534
1.45312 3.07466 0.0746557 0.0746534
1.5 3.07475 0.0747457 0.0747434
1.5 3.07475 0.0747457 0.0747434
1.54688 3.07466 0.0746557 0.0746534
1.54688 3.07466 0.0746557 0.0746534
1.59375 3.07439 0.0743858 0.0743835
1.59375 3.07439 0.0743858 0.0743835
1.64062 3.07394 0.0739367 0.0739344
1.64062 3.07394 0.0739367 0.0739344
1.6875 3.07331 0.0733095 0.0733072
1.6875 3.07331 0.0733095 0.0733072
1.73438 3.07251 0.0725057 0.0725035
1.73438 3.07251 0.0725057 0.0725035
1.78125 3.07153 0.0715272 0.071525
1.78125 3.07153 0.0715272 0.071525
1.82812 3.07038 0.0703764 0.0703742
1.82812 3.07038 0.0703764 0.0703742
1.875 3.06906 0.069056 0.0690539
1.875 3.06906 0.069056 0.0690539
1.92188 3.06757 0.0675693 0.0675673
1.92188 3.06757 0.0675693 0.0675673
1.96875 3.06592 0.0659198 0.0659178
1.96875 3.06592 0.0659198 0.0659178
2.01562 3.06411 0.0641115 0.0641096
2.01562 3.06411 0.0641115 0.0641096
2.0625 3.06215 0.0621488 0.0621469
2.0625 3.06215 0.0621488 0.0621469
2.10938 3.06004 0.0600363 0.0600345
2.10938 3.06004 0.0600363 0.0600345
2.15625 3.05778 0.0577792 0.0577774
2.15625 3.05778 0.0577792 0.0577774
2.20312 3.05538 0.0553829 0.0553812
2.20312 3.05538 0.0553829 0.0553812
2.25 3.05285 0.0528532 0.0528516
2.25 3.05285 0.0528532 0.0528516
2.29688 3.0502 0.0501961 0.0501946
2.29688 3.0502 0.0501961 0.0501946
2.34375 3.04742 0.0474182 0.0474167
2.34375 3.04742 0.0474182 0.0474167
2.39062 3.04453 0.044526 0.0445246
2.39062 3.04453 0.044526 0.0445246
2.4375 3.04153 0.0415265 0.0415252
2.4375 3.04153 0.0415265 0.0415252
2.48438 3.03843 0.038427 0.0384258
2.48438 3.03843 0.038427 0.0384258
2.53125 3.03523 0.0352349 0.0352338
2.53125 3.03523 0.0352349 0.0352338
2.57812 3.03196 0.0319579 0.0319569
2.57812 3.03196 0.0319579 0.0319569
2.625 3.0286 0.0286039 0.0286031
2.625 3.0286 0.0286039 0.0286031
2.67188 3.02518 0.0251811 0.0251803
2.67188 3.02518 0.0251811 0.0251803
2.71875 3.0217 0.0216979 0.0216974
2.71875 3.0217 0.0216979 0.0216974
2.76562 3.01817 0.0181656 0.0181665
2.76562 3.01817 0.0181656 0.0181665
2.8125 3.01461 0.0146098 0.0146185
2.8125 3.01461 0.0146098 0.0146185
2.85938 3.01111 0.0111135 0.011154
2.85938 3.01111 0.0111135 0.011154
2.90625 3.00791 0.00790846 0.00804248
2.90625 3.00791 0.00790846 0.00804248
2.95312 3.00545 0.00545387 0.00578293
2.95312 3.00545 0.00545387 0.00578293
3 3.00432 0.00432318 0.00494286
