# x y topography analytical topography
0 3.00895 0.00895269 0.00962341
0.046875 3.00955 0.00955187 0.0100528
0.046875 3.00955 0.00955187 0.0100528
0.09375 3.01095 0.0109499 0.0113009
0.09375 3.01095 0.0109499 0.0113009
0.140625 3.01303 0.0130287 0.0132583
0.140625 3.01303 0.0130287 0.0132583
0.1875 3.01563 0.0156322 0.0157714
0.1875 3.01563 0.0156322 0.0157714
0.234375 3.0186 0.0185976 0.0186753
0.234375 3.0186 0.0185976 0.0186753
0.28125 3.02178 0.0217806 0.0218198
0.28125 3.02178 0.0217806 0.0218198
0.328125 3.02507 0.0250685 0.0250858
0.328125 3.02507 0.0250685 0.0250858
0.375 3.02838 0.0283825 0.0283881
0.375 3.02838 0.0283825 0.0283881
0.421875 3.03167 0.0316713 0.0316713
0.421875 3.03167 0.0316713 0.0316713
0.46875 3.0349 0.0349038 0.034901
0.46875 3.0349 0.0349038 0.034901
0.515625 3.03806 0.0380604 0.0380564
0.515625 3.03806 0.0380604 0.0380564
0.5625 3.04113 0.0411286 0.0411239
0.5625 3.04113 0.0411286 0.0411239
0.609375 3.0441 0.0440988 0.0440936
0.609375 3.0441 0.0440988 0.0440936
0.65625 3.04696 0.0469631 0.0469575
0.65625 3.04696 0.0469631 0.0469575
0.703125 3.04971 0.0497143 0.0497085
0.703125 3.04971 0.0497143 0.0497085
0.75 3.05235 0.0523459 0.0523397
0.75 3.05235 0.0523459 0.0523397
0.796875 3.05485 0.0548513 0.0548448
0.796875 3.05485 0.0548513 0.0548448
0.84375 3.05722 0.0572246 0.0572179
0.84375 3.05722 0.0572246 0.0572179
0.890625 3.05946 0.05946 0.059453
0.890625 3.05946 0.05946 0.059453
0.9375 3.06155 0.0615522 0.061545
0.9375 3.06155 0.0615522 0.061545
0.984375 3.0635 0.0634961 0.0634886
0.984375 3.0635 0.0634961 0.0634886
1.03125 3.06529 0.0652871 0.0652794
1.03125 3.06529 0.0652871 0.0652794
1.07812 3.06692 0.0669207 0.0669128
1.07812 3.06692 0.0669207 0.0669128
1.125 3.06839 0.0683932 0.0683851
1.125 3.06839 0.0683932 0.0683851
1.17188 3.0697 0.0697008 0.0696926
1.17188 3.0697 0.0697008 0.0696926
1.21875 3.07084 0.0708406 0.0708323
1.21875 3.07084 0.0708406 0.0708323
1.26562 3.07181 0.0718097 0.0718012
1.26562 3.07181 0.0718097 0.0718012
1.3125 3.07261 0.0726058 0.0725972
1.3125 3.07261 0.0726058 0.0725972
1.35938 3.07323 0.073227 0.0732184
1.35938 3.07323 0.073227 0.0732184
1.40625 3.07367 0.0736718 0.0736631
1.40625 3.07367 0.0736718 0.0736631
1.45312 3.07394 0.0739391 0.0739303
1.45312 3.07394 0.0739391 0.0739303
1.5 3.07403 0.0740282 0.0740195
1.5 3.07403 0.0740282 0.0740195
1.54688 3.07394 0.0739391 0.0739303
1.54688 3.07394 0.0739391 0.0739303
1.59375 3.07367 0.0736718 0.0736631
1.59375 3.07367 0.0736718 0.0736631
1.64062 3.07323 0.073227 0.0732184
1.64062 3.07323 0.073227 0.0732184
1.6875 3.07261 0.0726058 0.0725972
1.6875 3.07261 0.0726058 0.0725972
1.73438 3.07181 0.0718097 0.0718012
1.73438 3.07181 0.0718097 0.0718012
1.78125 3.07084 0.0708406 0.0708323
1.78125 3.07084 0.0708406 0.0708323
1.82812 3.0697 0.0697008 0.0696926
1.82812 3.0697 0.0697008 0.0696926
1.875 3.06839 0.0683932 0.0683851
1.875 3.06839 0.0683932 0.0683851
1.92188 3.06692 0.0669207 0.0669128
1.92188 3.06692 0.0669207 0.0669128
1.96875 3.06529 0.0652871 0.0652794
1.96875 3.06529 0.0652871 0.0652794
2.01562 3.0635 0.0634961 0.0634886
2.01562 3.0635 0.0634961 0.0634886
2.0625 3.06155 0.0615522 0.061545
2.0625 3.06155 0.0615522 0.061545
2.10938 3.05946 0.05946 0.059453
2.10938 3.05946 0.05946 0.059453
2.15625 3.05722 0.0572246 0.0572179
2.15625 3.05722 0.0572246 0.0572179
2.20312 3.05485 0.0548513 0.0548448
2.20312 3.05485 0.0548513 0.0548448
2.25 3.05235 0.0523459 0.0523397
2.25 3.05235 0.0523459 0.0523397
2.29688 3.04971 0.0497143 0.0497085
2.29688 3.04971 0.0497143 0.0497085
2.34375 3.04696 0.0469631 0.0469575
2.34375 3.04696 0.0469631 0.0469575
2.39062 3.0441 0.0440988 0.0440936
2.39062 3.0441 0.0440988 0.0440936
2.4375 3.04113 0.0411286 0.0411239
2.4375 3.04113 0.0411286 0.0411239
2.48438 3.03806 0.0380604 0.0380564
2.48438 3.03806 0.0380604 0.0380564
2.53125 3.0349 0.0349038 0.034901
2.53125 3.0349 0.0349038 0.034901
2.57812 3.03167 0.0316713 0.0316713
2.57812 3.03167 0.0316713 0.0316713
2.625 3.02838 0.0283825 0.0283881
2.625 3.02838 0.0283825 0.0283881
2.67188 3.02507 0.0250685 0.0250858
2.67188 3.02507 0.0250685 0.0250858
2.71875 3.02178 0.0217806 0.0218198
2.71875 3.02178 0.0217806 0.0218198
2.76562 3.0186 0.0185976 0.0186753
2.76562 3.0186 0.0185976 0.0186753
2.8125 3.01563 0.0156322 0.0157714
2.8125 3.01563 0.0156322 0.0157714
2.85938 3.01303 0.0130287 0.0132583
2.85938 3.01303 0.0130287 0.0132583
2.90625 3.01095 0.0109499 0.0113009
2.90625 3.01095 0.0109499 0.0113009
2.95312 3.00955 0.00955187 0.0100528
2.95312 3.00955 0.00955187 0.0100528
3 3.00895 0.00895269 0.00962341
