# x y topography analytical topography
0 3.01272 0.0127214 0.013423
0.046875 3.01315 0.0131487 0.0137214
0.046875 3.01315 0.0131487 0.0137214
0.09375 3.01415 0.0141488 0.0146018
0.09375 3.01415 0.0141488 0.0146018
0.140625 3.01567 0.0156746 0.016021
0.140625 3.01567 0.0156746 0.016021
0.1875 3.01766 0.017658 0.0179134
0.1875 3.01766 0.017658 0.0179134
0.234375 3.02002 0.0200176 0.0201985
0.234375 3.02002 0.0200176 0.0201985
0.28125 3.02267 0.0226668 0.0227894
0.28125 3.02267 0.0226668 0.0227894
0.328125 3.02552 0.0255219 0.0256008
0.328125 3.02552 0.0255219 0.0256008
0.375 3.02851 0.0285074 0.0285549
0.375 3.02851 0.0285074 0.0285549
0.421875 3.03156 0.0315592 0.031585
0.421875 3.03156 0.0315592 0.031585
0.46875 3.03463 0.0346257 0.0346371
0.46875 3.03463 0.0346257 0.0346371
0.515625 3.03767 0.037667 0.0376691
0.515625 3.03767 0.037667 0.0376691
0.5625 3.04065 0.0406531 0.0406496
0.5625 3.04065 0.0406531 0.0406496
0.609375 3.04356 0.0435623 0.0435552
0.609375 3.04356 0.0435623 0.0435552
0.65625 3.04638 0.0463782 0.0463688
0.65625 3.04638 0.0463782 0.0463688
0.703125 3.04909 0.0490886 0.0490778
0.703125 3.04909 0.0490886 0.0490778
0.75 3.05168 0.0516839 0.0516721
0.75 3.05168 0.0516839 0.0516721
0.796875 3.05416 0.0541563 0.0541437
0.796875 3.05416 0.0541563 0.0541437
0.84375 3.0565 0.0564989 0.0564857
0.84375 3.0565 0.0564989 0.0564857
0.890625 3.05871 0.0587058 0.058692
0.890625 3.05871 0.0587058 0.058692
0.9375 3.06077 0.0607713 0.0607571
0.9375 3.06077 0.0607713 0.0607571
0.984375 3.06269 0.0626905 0.0626758
0.984375 3.06269 0.0626905 0.0626758
1.03125 3.06446 0.0644588 0.0644436
1.03125 3.06446 0.0644588 0.0644436
1.07812 3.06607 0.0660717 0.0660562
1.07812 3.06607 0.0660717 0.0660562
1.125 3.06753 0.0675254 0.0675096
1.125 3.06753 0.0675254 0.0675096
1.17188 3.06882 0.0688165 0.0688004
1.17188 3.06882 0.0688165 0.0688004
1.21875 3.06994 0.0699418 0.0699254
1.21875 3.06994 0.0699418 0.0699254
1.26562 3.0709 0.0708986 0.070882
1.26562 3.0709 0.0708986 0.070882
1.3125 3.07168 0.0716846 0.0716678
1.3125 3.07168 0.0716846 0.0716678
1.35938 3.0723 0.0722979 0.072281
1.35938 3.0723 0.0722979 0.072281
1.40625 3.07274 0.0727371 0.07272
1.40625 3.07274 0.0727371 0.07272
1.45312 3.073 0.073001 0.0729838
1.45312 3.073 0.073001 0.0729838
1.5 3.07309 0.073089 0.0730719
1.5 3.07309 0.073089 0.0730719
1.54688 3.073 0.073001 0.0729838
1.54688 3.073 0.073001 0.0729838
1.59375 3.07274 0.0727371 0.07272
1.59375 3.07274 0.0727371 0.07272
1.64062 3.0723 0.0722979 0.072281
1.64062 3.0723 0.0722979 0.072281
1.6875 3.07168 0.0716846 0.0716678
1.6875 3.07168 0.0716846 0.0716678
1.73438 3.0709 0.0708986 0.070882
1.73438 3.0709 0.0708986 0.070882
1.78125 3.06994 0.0699418 0.0699254
1.78125 3.06994 0.0699418 0.0699254
1.82812 3.06882 0.0688165 0.0688004
1.82812 3.06882 0.0688165 0.0688004
1.875 3.06753 0.0675254 0.0675096
1.875 3.06753 0.0675254 0.0675096
1.92188 3.06607 0.0660717 0.0660562
1.92188 3.06607 0.0660717 0.0660562
1.96875 3.06446 0.0644588 0.0644436
1.96875 3.06446 0.0644588 0.0644436
2.01562 3.06269 0.0626905 0.0626758
2.01562 3.06269 0.0626905 0.0626758
2.0625 3.06077 0.0607713 0.0607571
2.0625 3.06077 0.0607713 0.0607571
2.10938 3.05871 0.0587058 0.058692
2.10938 3.05871 0.0587058 0.058692
2.15625 3.0565 0.0564989 0.0564857
2.15625 3.0565 0.0564989 0.0564857
2.20312 3.05416 0.0541563 0.0541437
2.20312 3.05416 0.0541563 0.0541437
2.25 3.05168 0.0516839 0.0516721
2.25 3.05168 0.0516839 0.0516721
2.29688 3.04909 0.0490886 0.0490778
2.29688 3.04909 0.0490886 0.0490778
2.34375 3.04638 0.0463782 0.0463688
2.34375 3.04638 0.0463782 0.0463688
2.39062 3.04356 0.0435623 0.0435552
2.39062 3.04356 0.0435623 0.0435552
2.4375 3.04065 0.0406531 0.0406496
2.4375 3.04065 0.0406531 0.0406496
2.48438 3.03767 0.037667 0.0376691
2.48438 3.03767 0.037667 0.0376691
2.53125 3.03463 0.0346257 0.0346371
2.53125 3.03463 0.0346257 0.0346371
2.57812 3.03156 0.0315592 0.031585
2.57812 3.03156 0.0315592 0.031585
2.625 3.02851 0.0285074 0.0285549
2.625 3.02851 0.0285074 0.0285549
2.67188 3.02552 0.0255219 0.0256008
2.67188 3.02552 0.0255219 0.0256008
2.71875 3.02267 0.0226668 0.0227894
2.71875 3.02267 0.0226668 0.0227894
2.76562 3.02002 0.0200176 0.0201985
2.76562 3.02002 0.0200176 0.0201985
2.8125 3.01766 0.017658 0.0179134
2.8125 3.01766 0.017658 0.0179134
2.85938 3.01567 0.0156746 0.016021
2.85938 3.01567 0.0156746 0.016021
2.90625 3.01415 0.0141488 0.0146018
2.90625 3.01415 0.0141488 0.0146018
2.95312 3.01315 0.0131487 0.0137214
2.95312 3.01315 0.0131487 0.0137214
3 3.01272 0.0127214 0.013423
