# x y topography analytical topography
0 3.01132 0.0113182 0.0120089
0.046875 3.0118 0.0117976 0.012347
0.046875 3.0118 0.0117976 0.012347
0.09375 3.01292 0.0129206 0.0133405
0.09375 3.01292 0.0129206 0.0133405
0.140625 3.01462 0.0146227 0.0149301
0.140625 3.01462 0.0146227 0.0149301
0.1875 3.01681 0.0168129 0.0170278
0.1875 3.01681 0.0168129 0.0170278
0.234375 3.01939 0.0193864 0.0195291
0.234375 3.01939 0.0193864 0.0195291
0.28125 3.02224 0.0222368 0.0223264
0.28125 3.02224 0.0222368 0.0223264
0.328125 3.02527 0.0252673 0.0253197
0.328125 3.02527 0.0252673 0.0253197
0.375 3.0284 0.028396 0.0284238
0.375 3.0284 0.028396 0.0284238
0.421875 3.03156 0.0315585 0.0315708
0.421875 3.03156 0.0315585 0.0315708
0.46875 3.03471 0.0347071 0.0347101
0.46875 3.03471 0.0347071 0.0347101
0.515625 3.03781 0.0378076 0.0378053
0.515625 3.03781 0.0378076 0.0378053
0.5625 3.04084 0.0408363 0.0408309
0.5625 3.04084 0.0408363 0.0408309
0.609375 3.04378 0.0437765 0.0437693
0.609375 3.04378 0.0437765 0.0437693
0.65625 3.04662 0.0466159 0.0466077
0.65625 3.04662 0.0466159 0.0466077
0.703125 3.04935 0.0493452 0.0493362
0.703125 3.04935 0.0493452 0.0493362
0.75 3.05196 0.0519566 0.051947
0.75 3.05196 0.0519566 0.051947
0.796875 3.05444 0.0544431 0.054433
0.796875 3.05444 0.0544431 0.054433
0.84375 3.0568 0.0567987 0.0567881
0.84375 3.0568 0.0567987 0.0567881
0.890625 3.05902 0.0590175 0.0590065
0.890625 3.05902 0.0590175 0.0590065
0.9375 3.06109 0.0610941 0.0610827
0.9375 3.06109 0.0610941 0.0610827
0.984375 3.06302 0.0630235 0.0630118
0.984375 3.06302 0.0630235 0.0630118
1.03125 3.0648 0.0648011 0.0647891
1.03125 3.0648 0.0648011 0.0647891
1.07812 3.06642 0.0664226 0.0664103
1.07812 3.06642 0.0664226 0.0664103
1.125 3.06788 0.0678841 0.0678715
1.125 3.06788 0.0678841 0.0678715
1.17188 3.06918 0.069182 0.0691692
1.17188 3.06918 0.069182 0.0691692
1.21875 3.07031 0.0703133 0.0703002
1.21875 3.07031 0.0703133 0.0703002
1.26562 3.07128 0.0712752 0.0712619
1.26562 3.07128 0.0712752 0.0712619
1.3125 3.07207 0.0720654 0.072052
1.3125 3.07207 0.0720654 0.072052
1.35938 3.07268 0.0726819 0.0726684
1.35938 3.07268 0.0726819 0.0726684
1.40625 3.07312 0.0731234 0.0731098
1.40625 3.07312 0.0731234 0.0731098
1.45312 3.07339 0.0733887 0.0733751
1.45312 3.07339 0.0733887 0.0733751
1.5 3.07348 0.0734772 0.0734635
1.5 3.07348 0.0734772 0.0734635
1.54688 3.07339 0.0733887 0.0733751
1.54688 3.07339 0.0733887 0.0733751
1.59375 3.07312 0.0731234 0.0731098
1.59375 3.07312 0.0731234 0.0731098
1.64062 3.07268 0.0726819 0.0726684
1.64062 3.07268 0.0726819 0.0726684
1.6875 3.07207 0.0720654 0.072052
1.6875 3.07207 0.0720654 0.072052
1.73438 3.07128 0.0712752 0.0712619
1.73438 3.07128 0.0712752 0.0712619
1.78125 3.07031 0.0703133 0.0703002
1.78125 3.07031 0.0703133 0.0703002
1.82812 3.06918 0.069182 0.0691692
1.82812 3.06918 0.069182 0.0691692
1.875 3.06788 0.0678841 0.0678715
1.875 3.06788 0.0678841 0.0678715
1.92188 3.06642 0.0664226 0.0664103
1.92188 3.06642 0.0664226 0.0664103
1.96875 3.0648 0.0648011 0.0647891
1.96875 3.0648 0.0648011 0.0647891
2.01562 3.06302 0.0630235 0.0630118
2.01562 3.06302 0.0630235 0.0630118
2.0625 3.06109 0.0610941 0.0610827
2.0625 3.06109 0.0610941 0.0610827
2.10938 3.05902 0.0590175 0.0590065
2.10938 3.05902 0.0590175 0.0590065
2.15625 3.0568 0.0567987 0.0567881
2.15625 3.0568 0.0567987 0.0567881
2.20312 3.05444 0.0544431 0.054433
2.20312 3.05444 0.0544431 0.054433
2.25 3.05196 0.0519566 0.051947
2.25 3.05196 0.0519566 0.051947
2.29688 3.04935 0.0493452 0.0493362
2.29688 3.04935 0.0493452 0.0493362
2.34375 3.04662 0.0466159 0.0466077
2.34375 3.04662 0.0466159 0.0466077
2.39062 3.04378 0.0437765 0.0437693
2.39062 3.04378 0.0437765 0.0437693
2.4375 3.04084 0.0408363 0.0408309
2.4375 3.04084 0.0408363 0.0408309
2.48438 3.03781 0.0378076 0.0378053
2.48438 3.03781 0.0378076 0.0378053
2.53125 3.03471 0.0347071 0.0347101
2.53125 3.03471 0.0347071 0.0347101
2.57812 3.03156 0.0315585 0.0315708
2.57812 3.03156 0.0315585 0.0315708
2.625 3.0284 0.028396 0.0284238
2.625 3.0284 0.028396 0.0284238
2.67188 3.02527 0.0252673 0.0253197
2.67188 3.02527 0.0252673 0.0253197
2.71875 3.02224 0.0222368 0.0223264
2.71875 3.02224 0.0222368 0.0223264
2.76562 3.01939 0.0193864 0.0195291
2.76562 3.01939 0.0193864 0.0195291
2.8125 3.01681 0.0168129 0.0170278
2.8125 3.01681 0.0168129 0.0170278
2.85938 3.01462 0.0146227 0.0149301
2.85938 3.01462 0.0146227 0.0149301
2.90625 3.01292 0.0129206 0.0133405
2.90625 3.01292 0.0129206 0.0133405
2.95312 3.0118 0.0117976 0.012347
2.95312 3.0118 0.0117976 0.012347
3 3.01132 0.0113182 0.0120089
