# x y topography analytical topography
0 3.00359 0.00358871 0.00419684
0.046875 3.0049 0.00489825 0.00517807
0.046875 3.0049 0.00489825 0.00517807
0.09375 3.00763 0.00763317 0.00772137
0.09375 3.00763 0.00763317 0.00772137
0.140625 3.01103 0.0110284 0.0110465
0.140625 3.01103 0.0110284 0.0110465
0.1875 3.0146 0.0146018 0.0146039
0.1875 3.0146 0.0146018 0.0146039
0.234375 3.01818 0.0181794 0.0181792
0.234375 3.01818 0.0181794 0.0181792
0.28125 3.02172 0.0217182 0.0217177
0.28125 3.02172 0.0217182 0.0217177
0.328125 3.02521 0.025205 0.0252045
0.328125 3.02521 0.025205 0.0252045
0.375 3.02863 0.0286312 0.0286305
0.375 3.02863 0.0286312 0.0286305
0.421875 3.03199 0.0319883 0.0319876
0.421875 3.03199 0.0319883 0.0319876
0.46875 3.03527 0.0352684 0.0352676
0.46875 3.03527 0.0352684 0.0352676
0.515625 3.03846 0.0384635 0.0384627
0.515625 3.03846 0.0384635 0.0384627
0.5625 3.04157 0.041566 0.0415651
0.5625 3.04157 0.041566 0.0415651
0.609375 3.04457 0.0445683 0.0445673
0.609375 3.04457 0.0445683 0.0445673
0.65625 3.04746 0.0474633 0.0474622
0.65625 3.04746 0.0474633 0.0474622
0.703125 3.05024 0.0502439 0.0502428
0.703125 3.05024 0.0502439 0.0502428
0.75 3.0529 0.0529035 0.0529023
0.75 3.0529 0.0529035 0.0529023
0.796875 3.05544 0.0554356 0.0554344
0.796875 3.05544 0.0554356 0.0554344
0.84375 3.05783 0.0578342 0.0578329
0.84375 3.05783 0.0578342 0.0578329
0.890625 3.06009 0.0600934 0.0600921
0.890625 3.06009 0.0600934 0.0600921
0.9375 3.06221 0.0622079 0.0622065
0.9375 3.06221 0.0622079 0.0622065
0.984375 3.06417 0.0641725 0.0641711
0.984375 3.06417 0.0641725 0.0641711
1.03125 3.06598 0.0659825 0.0659811
1.03125 3.06598 0.0659825 0.0659811
1.07812 3.06763 0.0676336 0.0676321
1.07812 3.06763 0.0676336 0.0676321
1.125 3.06912 0.0691217 0.0691202
1.125 3.06912 0.0691217 0.0691202
1.17188 3.07044 0.0704433 0.0704418
1.17188 3.07044 0.0704433 0.0704418
1.21875 3.0716 0.0715952 0.0715937
1.21875 3.0716 0.0715952 0.0715937
1.26562 3.07257 0.0725747 0.0725731
1.26562 3.07257 0.0725747 0.0725731
1.3125 3.07338 0.0733792 0.0733776
1.3125 3.07338 0.0733792 0.0733776
1.35938 3.07401 0.074007 0.0740054
1.35938 3.07401 0.074007 0.0740054
1.40625 3.07446 0.0744566 0.0744549
1.40625 3.07446 0.0744566 0.0744549
1.45312 3.07473 0.0747267 0.0747251
1.45312 3.07473 0.0747267 0.0747251
1.5 3.07482 0.0748168 0.0748152
1.5 3.07482 0.0748168 0.0748152
1.54688 3.07473 0.0747267 0.0747251
1.54688 3.07473 0.0747267 0.0747251
1.59375 3.07446 0.0744566 0.0744549
1.59375 3.07446 0.0744566 0.0744549
1.64062 3.07401 0.074007 0.0740054
1.64062 3.07401 0.074007 0.0740054
1.6875 3.07338 0.0733792 0.0733776
1.6875 3.07338 0.0733792 0.0733776
1.73438 3.07257 0.0725747 0.0725731
1.73438 3.07257 0.0725747 0.0725731
1.78125 3.0716 0.0715952 0.0715937
1.78125 3.0716 0.0715952 0.0715937
1.82812 3.07044 0.0704433 0.0704418
1.82812 3.07044 0.0704433 0.0704418
1.875 3.06912 0.0691217 0.0691202
1.875 3.06912 0.0691217 0.0691202
1.92188 3.06763 0.0676336 0.0676321
1.92188 3.06763 0.0676336 0.0676321
1.96875 3.06598 0.0659825 0.0659811
1.96875 3.06598 0.0659825 0.0659811
2.01562 3.06417 0.0641725 0.0641711
2.01562 3.06417 0.0641725 0.0641711
2.0625 3.06221 0.0622079 0.0622065
2.0625 3.06221 0.0622079 0.0622065
2.10938 3.06009 0.0600934 0.0600921
2.10938 3.06009 0.0600934 0.0600921
2.15625 3.05783 0.0578342 0.0578329
2.15625 3.05783 0.0578342 0.0578329
2.20312 3.05544 0.0554356 0.0554344
2.20312 3.05544 0.0554356 0.0554344
2.25 3.0529 0.0529035 0.0529023
2.25 3.0529 0.0529035 0.0529023
2.29688 3.05024 0.0502439 0.0502428
2.29688 3.05024 0.0502439 0.0502428
2.34375 3.04746 0.0474633 0.0474622
2.34375 3.04746 0.0474633 0.0474622
2.39062 3.04457 0.0445683 0.0445673
2.39062 3.04457 0.0445683 0.0445673
2.4375 3.04157 0.041566 0.0415651
2.4375 3.04157 0.041566 0.0415651
2.48438 3.03846 0.0384635 0.0384627
2.48438 3.03846 0.0384635 0.0384627
2.53125 3.03527 0.0352684 0.0352676
2.53125 3.03527 0.0352684 0.0352676
2.57812 3.03199 0.0319883 0.0319876
2.57812 3.03199 0.0319883 0.0319876
2.625 3.02863 0.0286312 0.0286305
2.625 3.02863 0.0286312 0.0286305
2.67188 3.02521 0.025205 0.0252045
2.67188 3.02521 0.025205 0.0252045
2.71875 3.02172 0.0217182 0.0217177
2.71875 3.02172 0.0217182 0.0217177
2.76562 3.01818 0.0181794 0.0181792
2.76562 3.01818 0.0181794 0.0181792
2.8125 3.0146 0.0146018 0.0146039
2.8125 3.0146 0.0146018 0.0146039
2.85938 3.01103 0.0110284 0.0110465
2.85938 3.01103 0.0110284 0.0110465
2.90625 3.00763 0.00763317 0.00772137
2.90625 3.00763 0.00763317 0.00772137
2.95312 3.0049 0.00489825 0.00517807
2.95312 3.0049 0.00489825 0.00517807
3 3.00359 0.00358871 0.00419684
