# x y topography analytical topography
0 3.01166 0.011658 0.0123515
0.046875 3.01212 0.0121239 0.0126792
0.046875 3.01212 0.0121239 0.0126792
0.09375 3.01321 0.0132148 0.0136432
0.09375 3.01321 0.0132148 0.0136432
0.140625 3.01487 0.0148715 0.0151888
0.140625 3.01487 0.0148715 0.0151888
0.1875 3.01701 0.0170092 0.0172342
0.1875 3.01701 0.0170092 0.0172342
0.234375 3.01953 0.0195292 0.0196813
0.234375 3.01953 0.0195292 0.0196813
0.28125 3.02233 0.0223306 0.022428
0.28125 3.02233 0.0223306 0.022428
0.328125 3.02532 0.0253194 0.0253779
0.328125 3.02532 0.0253194 0.0253779
0.375 3.02842 0.0284151 0.0284473
0.375 3.02842 0.0284151 0.0284473
0.421875 3.03155 0.0315529 0.0315681
0.421875 3.03155 0.0315529 0.0315681
0.46875 3.03468 0.0346838 0.0346885
0.46875 3.03468 0.0346838 0.0346885
0.515625 3.03777 0.0377719 0.0377704
0.515625 3.03777 0.0377719 0.0377704
0.5625 3.04079 0.0407918 0.0407867
0.5625 3.04079 0.0407918 0.0407867
0.609375 3.04373 0.0437256 0.0437184
0.609375 3.04373 0.0437256 0.0437184
0.65625 3.04656 0.0465602 0.0465516
0.65625 3.04656 0.0465602 0.0465516
0.703125 3.04929 0.0492855 0.049276
0.703125 3.04929 0.0492855 0.049276
0.75 3.05189 0.0518933 0.0518832
0.75 3.05189 0.0518933 0.0518832
0.796875 3.05438 0.0543767 0.054366
0.796875 3.05438 0.0543767 0.054366
0.84375 3.05673 0.0567293 0.0567182
0.84375 3.05673 0.0567293 0.0567182
0.890625 3.05895 0.0589454 0.0589338
0.890625 3.05895 0.0589454 0.0589338
0.9375 3.06102 0.0610194 0.0610074
0.9375 3.06102 0.0610194 0.0610074
0.984375 3.06295 0.0629465 0.0629341
0.984375 3.06295 0.0629465 0.0629341
1.03125 3.06472 0.0647219 0.0647092
1.03125 3.06472 0.0647219 0.0647092
1.07812 3.06634 0.0663415 0.0663284
1.07812 3.06634 0.0663415 0.0663284
1.125 3.0678 0.0678012 0.0677878
1.125 3.0678 0.0678012 0.0677878
1.17188 3.0691 0.0690975 0.0690839
1.17188 3.0691 0.0690975 0.0690839
1.21875 3.07023 0.0702274 0.0702136
1.21875 3.07023 0.0702274 0.0702136
1.26562 3.07119 0.0711881 0.0711741
1.26562 3.07119 0.0711881 0.0711741
1.3125 3.07198 0.0719773 0.0719631
1.3125 3.07198 0.0719773 0.0719631
1.35938 3.07259 0.0725931 0.0725788
1.35938 3.07259 0.0725931 0.0725788
1.40625 3.07303 0.0730341 0.0730197
1.40625 3.07303 0.0730341 0.0730197
1.45312 3.0733 0.073299 0.0732846
1.45312 3.0733 0.073299 0.0732846
1.5 3.07339 0.0733874 0.073373
1.5 3.07339 0.0733874 0.073373
1.54688 3.0733 0.073299 0.0732846
1.54688 3.0733 0.073299 0.0732846
1.59375 3.07303 0.0730341 0.0730197
1.59375 3.07303 0.0730341 0.0730197
1.64062 3.07259 0.0725931 0.0725788
1.64062 3.07259 0.0725931 0.0725788
1.6875 3.07198 0.0719773 0.0719631
1.6875 3.07198 0.0719773 0.0719631
1.73438 3.07119 0.0711881 0.0711741
1.73438 3.07119 0.0711881 0.0711741
1.78125 3.07023 0.0702274 0.0702136
1.78125 3.07023 0.0702274 0.0702136
1.82812 3.0691 0.0690975 0.0690839
1.82812 3.0691 0.0690975 0.0690839
1.875 3.0678 0.0678012 0.0677878
1.875 3.0678 0.0678012 0.0677878
1.92188 3.06634 0.0663415 0.0663284
1.92188 3.06634 0.0663415 0.0663284
1.96875 3.06472 0.0647219 0.0647092
1.96875 3.06472 0.0647219 0.0647092
2.01562 3.06295 0.0629465 0.0629341
2.01562 3.06295 0.0629465 0.0629341
2.0625 3.06102 0.0610194 0.0610074
2.0625 3.06102 0.0610194 0.0610074
2.10938 3.05895 0.0589454 0.0589338
2.10938 3.05895 0.0589454 0.0589338
2.15625 3.05673 0.0567293 0.0567182
2.15625 3.05673 0.0567293 0.0567182
2.20312 3.05438 0.0543767 0.054366
2.20312 3.05438 0.0543767 0.054366
2.25 3.05189 0.0518933 0.0518832
2.25 3.05189 0.0518933 0.0518832
2.29688 3.04929 0.0492855 0.049276
2.29688 3.04929 0.0492855 0.049276
2.34375 3.04656 0.0465602 0.0465516
2.34375 3.04656 0.0465602 0.0465516
2.39062 3.04373 0.0437256 0.0437184
2.39062 3.04373 0.0437256 0.0437184
2.4375 3.04079 0.0407918 0.0407867
2.4375 3.04079 0.0407918 0.0407867
2.48438 3.03777 0.0377719 0.0377704
2.48438 3.03777 0.0377719 0.0377704
2.53125 3.03468 0.0346838 0.0346885
2.53125 3.03468 0.0346838 0.0346885
2.57812 3.03155 0.0315529 0.0315681
2.57812 3.03155 0.0315529 0.0315681
2.625 3.02842 0.0284151 0.0284473
2.625 3.02842 0.0284151 0.0284473
2.67188 3.02532 0.0253194 0.0253779
2.67188 3.02532 0.0253194 0.0253779
2.71875 3.02233 0.0223306 0.022428
2.71875 3.02233 0.0223306 0.022428
2.76562 3.01953 0.0195292 0.0196813
2.76562 3.01953 0.0195292 0.0196813
2.8125 3.01701 0.0170092 0.0172342
2.8125 3.01701 0.0170092 0.0172342
2.85938 3.01487 0.0148715 0.0151888
2.85938 3.01487 0.0148715 0.0151888
2.90625 3.01321 0.0132148 0.0136432
2.90625 3.01321 0.0132148 0.0136432
2.95312 3.01212 0.0121239 0.0126792
2.95312 3.01212 0.0121239 0.0126792
3 3.01166 0.011658 0.0123515
