# x y topography analytical topography
0 3.01112 0.0111246 0.0118138
0.046875 3.01161 0.0116122 0.0121581
0.046875 3.01161 0.0116122 0.0121581
0.09375 3.01275 0.012754 0.013169
0.09375 3.01275 0.012754 0.013169
0.140625 3.01448 0.0144829 0.0147846
0.140625 3.01448 0.0144829 0.0147846
0.1875 3.0167 0.0167038 0.0169128
0.1875 3.0167 0.0167038 0.0169128
0.234375 3.01931 0.0193081 0.0194455
0.234375 3.01931 0.0193081 0.0194455
0.28125 3.02219 0.0221865 0.0222716
0.28125 3.02219 0.0221865 0.0222716
0.328125 3.02524 0.0252404 0.0252894
0.328125 3.02524 0.0252404 0.0252894
0.375 3.02839 0.0283872 0.0284127
0.375 3.02839 0.0283872 0.0284127
0.421875 3.03156 0.0315631 0.031574
0.421875 3.03156 0.0315631 0.031574
0.46875 3.03472 0.0347212 0.0347234
0.46875 3.03472 0.0347212 0.0347234
0.515625 3.03783 0.0378282 0.0378255
0.515625 3.03783 0.0378282 0.0378255
0.5625 3.04086 0.0408615 0.0408561
0.5625 3.04086 0.0408615 0.0408561
0.609375 3.04381 0.043805 0.043798
0.609375 3.04381 0.043805 0.043798
0.65625 3.04665 0.0466471 0.046639
0.65625 3.04665 0.0466471 0.046639
0.703125 3.04938 0.0493785 0.0493698
0.703125 3.04938 0.0493785 0.0493698
0.75 3.05199 0.0519918 0.0519825
0.75 3.05199 0.0519918 0.0519825
0.796875 3.05448 0.0544801 0.0544703
0.796875 3.05448 0.0544801 0.0544703
0.84375 3.05684 0.0568373 0.0568271
0.84375 3.05684 0.0568373 0.0568271
0.890625 3.05906 0.0590576 0.0590469
0.890625 3.05906 0.0590576 0.0590469
0.9375 3.06114 0.0611356 0.0611246
0.9375 3.06114 0.0611356 0.0611246
0.984375 3.06307 0.0630663 0.063055
0.984375 3.06307 0.0630663 0.063055
1.03125 3.06485 0.0648451 0.0648335
1.03125 3.06485 0.0648451 0.0648335
1.07812 3.06647 0.0664677 0.0664558
1.07812 3.06647 0.0664677 0.0664558
1.125 3.06793 0.0679302 0.067918
1.125 3.06793 0.0679302 0.067918
1.17188 3.06923 0.069229 0.0692166
1.17188 3.06923 0.069229 0.0692166
1.21875 3.07036 0.0703611 0.0703484
1.21875 3.07036 0.0703611 0.0703484
1.26562 3.07132 0.0713236 0.0713108
1.26562 3.07132 0.0713236 0.0713108
1.3125 3.07211 0.0721143 0.0721014
1.3125 3.07211 0.0721143 0.0721014
1.35938 3.07273 0.0727313 0.0727182
1.35938 3.07273 0.0727313 0.0727182
1.40625 3.07317 0.0731731 0.0731599
1.40625 3.07317 0.0731731 0.0731599
1.45312 3.07344 0.0734386 0.0734254
1.45312 3.07344 0.0734386 0.0734254
1.5 3.07353 0.0735271 0.0735139
1.5 3.07353 0.0735271 0.0735139
1.54688 3.07344 0.0734386 0.0734254
1.54688 3.07344 0.0734386 0.0734254
1.59375 3.07317 0.0731731 0.0731599
1.59375 3.07317 0.0731731 0.0731599
1.64062 3.07273 0.0727313 0.0727182
1.64062 3.07273 0.0727313 0.0727182
1.6875 3.07211 0.0721143 0.0721014
1.6875 3.07211 0.0721143 0.0721014
1.73438 3.07132 0.0713236 0.0713108
1.73438 3.07132 0.0713236 0.0713108
1.78125 3.07036 0.0703611 0.0703484
1.78125 3.07036 0.0703611 0.0703484
1.82812 3.06923 0.069229 0.0692166
1.82812 3.06923 0.069229 0.0692166
1.875 3.06793 0.0679302 0.067918
1.875 3.06793 0.0679302 0.067918
1.92188 3.06647 0.0664677 0.0664558
1.92188 3.06647 0.0664677 0.0664558
1.96875 3.06485 0.0648451 0.0648335
1.96875 3.06485 0.0648451 0.0648335
2.01562 3.06307 0.0630663 0.063055
2.01562 3.06307 0.0630663 0.063055
2.0625 3.06114 0.0611356 0.0611246
2.0625 3.06114 0.0611356 0.0611246
2.10938 3.05906 0.0590576 0.0590469
2.10938 3.05906 0.0590576 0.0590469
2.15625 3.05684 0.0568373 0.0568271
2.15625 3.05684 0.0568373 0.0568271
2.20312 3.05448 0.0544801 0.0544703
2.20312 3.05448 0.0544801 0.0544703
2.25 3.05199 0.0519918 0.0519825
2.25 3.05199 0.0519918 0.0519825
2.29688 3.04938 0.0493785 0.0493698
2.29688 3.04938 0.0493785 0.0493698
2.34375 3.04665 0.0466471 0.046639
2.34375 3.04665 0.0466471 0.046639
2.39062 3.04381 0.043805 0.043798
2.39062 3.04381 0.043805 0.043798
2.4375 3.04086 0.0408615 0.0408561
2.4375 3.04086 0.0408615 0.0408561
2.48438 3.03783 0.0378282 0.0378255
2.48438 3.03783 0.0378282 0.0378255
2.53125 3.03472 0.0347212 0.0347234
2.53125 3.03472 0.0347212 0.0347234
2.57812 3.03156 0.0315631 0.031574
2.57812 3.03156 0.0315631 0.031574
2.625 3.02839 0.0283872 0.0284127
2.625 3.02839 0.0283872 0.0284127
2.67188 3.02524 0.0252404 0.0252894
2.67188 3.02524 0.0252404 0.0252894
2.71875 3.02219 0.0221865 0.0222716
2.71875 3.02219 0.0221865 0.0222716
2.76562 3.01931 0.0193081 0.0194455
2.76562 3.01931 0.0193081 0.0194455
2.8125 3.0167 0.0167038 0.0169128
2.8125 3.0167 0.0167038 0.0169128
2.85938 3.01448 0.0144829 0.0147846
2.85938 3.01448 0.0144829 0.0147846
2.90625 3.01275 0.012754 0.013169
2.90625 3.01275 0.012754 0.013169
2.95312 3.01161 0.0116122 0.0121581
2.95312 3.01161 0.0116122 0.0121581
3 3.01112 0.0111246 0.0118138
