# x y topography analytical topography
0 3.01255 0.0125509 0.0132512
0.046875 3.01298 0.012984 0.0135541
0.046875 3.01298 0.012984 0.0135541
0.09375 3.014 0.0139978 0.014447
0.09375 3.014 0.0139978 0.014447
0.140625 3.01554 0.0155435 0.0158854
0.140625 3.01554 0.0155435 0.0158854
0.1875 3.01755 0.0175507 0.0178013
0.1875 3.01755 0.0175507 0.0178013
0.234375 3.01994 0.0199352 0.0201116
0.234375 3.01994 0.0199352 0.0201116
0.28125 3.02261 0.0226086 0.0227272
0.28125 3.02261 0.0226086 0.0227272
0.328125 3.02549 0.0254854 0.025561
0.328125 3.02549 0.0254854 0.025561
0.375 3.02849 0.0284892 0.0285341
0.375 3.02849 0.0284892 0.0285341
0.421875 3.03156 0.0315556 0.0315796
0.421875 3.03156 0.0315556 0.0315796
0.46875 3.03463 0.0346333 0.0346435
0.46875 3.03463 0.0346333 0.0346435
0.515625 3.03768 0.0376829 0.0376844
0.515625 3.03768 0.0376829 0.0376844
0.5625 3.04068 0.0406752 0.0406712
0.5625 3.04068 0.0406752 0.0406712
0.609375 3.04359 0.0435888 0.0435816
0.609375 3.04359 0.0435888 0.0435816
0.65625 3.04641 0.0464081 0.0463988
0.65625 3.04641 0.0464081 0.0463988
0.703125 3.04912 0.0491211 0.0491105
0.703125 3.04912 0.0491211 0.0491105
0.75 3.05172 0.0517186 0.0517071
0.75 3.05172 0.0517186 0.0517071
0.796875 3.05419 0.0541929 0.0541807
0.796875 3.05419 0.0541929 0.0541807
0.84375 3.05654 0.0565372 0.0565244
0.84375 3.05654 0.0565372 0.0565244
0.890625 3.05875 0.0587456 0.0587322
0.890625 3.05875 0.0587456 0.0587322
0.9375 3.06081 0.0608126 0.0607987
0.9375 3.06081 0.0608126 0.0607987
0.984375 3.06273 0.0627331 0.0627188
0.984375 3.06273 0.0627331 0.0627188
1.03125 3.0645 0.0645025 0.0644878
1.03125 3.0645 0.0645025 0.0644878
1.07812 3.06612 0.0661166 0.0661015
1.07812 3.06612 0.0661166 0.0661015
1.125 3.06757 0.0675713 0.0675559
1.125 3.06757 0.0675713 0.0675559
1.17188 3.06886 0.0688633 0.0688475
1.17188 3.06886 0.0688633 0.0688475
1.21875 3.06999 0.0699893 0.0699734
1.21875 3.06999 0.0699893 0.0699734
1.26562 3.07095 0.0709468 0.0709306
1.26562 3.07095 0.0709468 0.0709306
1.3125 3.07173 0.0717333 0.0717169
1.3125 3.07173 0.0717333 0.0717169
1.35938 3.07235 0.072347 0.0723305
1.35938 3.07235 0.072347 0.0723305
1.40625 3.07279 0.0727865 0.0727699
1.40625 3.07279 0.0727865 0.0727699
1.45312 3.07305 0.0730506 0.0730339
1.45312 3.07305 0.0730506 0.0730339
1.5 3.07314 0.0731387 0.073122
1.5 3.07314 0.0731387 0.073122
1.54688 3.07305 0.0730506 0.0730339
1.54688 3.07305 0.0730506 0.0730339
1.59375 3.07279 0.0727865 0.0727699
1.59375 3.07279 0.0727865 0.0727699
1.64062 3.07235 0.072347 0.0723305
1.64062 3.07235 0.072347 0.0723305
1.6875 3.07173 0.0717333 0.0717169
1.6875 3.07173 0.0717333 0.0717169
1.73438 3.07095 0.0709468 0.0709306
1.73438 3.07095 0.0709468 0.0709306
1.78125 3.06999 0.0699893 0.0699734
1.78125 3.06999 0.0699893 0.0699734
1.82812 3.06886 0.0688633 0.0688475
1.82812 3.06886 0.0688633 0.0688475
1.875 3.06757 0.0675713 0.0675559
1.875 3.06757 0.0675713 0.0675559
1.92188 3.06612 0.0661166 0.0661015
1.92188 3.06612 0.0661166 0.0661015
1.96875 3.0645 0.0645025 0.0644878
1.96875 3.0645 0.0645025 0.0644878
2.01562 3.06273 0.0627331 0.0627188
2.01562 3.06273 0.0627331 0.0627188
2.0625 3.06081 0.0608126 0.0607987
2.0625 3.06081 0.0608126 0.0607987
2.10938 3.05875 0.0587456 0.0587322
2.10938 3.05875 0.0587456 0.0587322
2.15625 3.05654 0.0565372 0.0565244
2.15625 3.05654 0.0565372 0.0565244
2.20312 3.05419 0.0541929 0.0541807
2.20312 3.05419 0.0541929 0.0541807
2.25 3.05172 0.0517186 0.0517071
2.25 3.05172 0.0517186 0.0517071
2.29688 3.04912 0.0491211 0.0491105
2.29688 3.04912 0.0491211 0.0491105
2.34375 3.04641 0.0464081 0.0463988
2.34375 3.04641 0.0464081 0.0463988
2.39062 3.04359 0.0435888 0.0435816
2.39062 3.04359 0.0435888 0.0435816
2.4375 3.04068 0.0406752 0.0406712
2.4375 3.04068 0.0406752 0.0406712
2.48438 3.03768 0.0376829 0.0376844
2.48438 3.03768 0.0376829 0.0376844
2.53125 3.03463 0.0346333 0.0346435
2.53125 3.03463 0.0346333 0.0346435
2.57812 3.03156 0.0315556 0.0315796
2.57812 3.03156 0.0315556 0.0315796
2.625 3.02849 0.0284892 0.0285341
2.625 3.02849 0.0284892 0.0285341
2.67188 3.02549 0.0254854 0.025561
2.67188 3.02549 0.0254854 0.025561
2.71875 3.02261 0.0226086 0.0227272
2.71875 3.02261 0.0226086 0.0227272
2.76562 3.01994 0.0199352 0.0201116
2.76562 3.01994 0.0199352 0.0201116
2.8125 3.01755 0.0175507 0.0178013
2.8125 3.01755 0.0175507 0.0178013
2.85938 3.01554 0.0155435 0.0158854
2.85938 3.01554 0.0155435 0.0158854
2.90625 3.014 0.0139978 0.014447
2.90625 3.014 0.0139978 0.014447
2.95312 3.01298 0.012984 0.0135541
2.95312 3.01298 0.012984 0.0135541
3 3.01255 0.0125509 0.0132512
