# x y topography analytical topography
0 3.0112 0.0112025 0.0118923
0.046875 3.01169 0.0116867 0.012234
0.046875 3.01169 0.0116867 0.012234
0.09375 3.01282 0.0128209 0.0132379
0.09375 3.01282 0.0128209 0.0132379
0.140625 3.01454 0.0145389 0.0148429
0.140625 3.01454 0.0145389 0.0148429
0.1875 3.01675 0.0167475 0.0169589
0.1875 3.01675 0.0167475 0.0169589
0.234375 3.01934 0.0193393 0.0194788
0.234375 3.01934 0.0193393 0.0194788
0.28125 3.02221 0.0222065 0.0222934
0.28125 3.02221 0.0222065 0.0222934
0.328125 3.02525 0.025251 0.0253013
0.328125 3.02525 0.025251 0.0253013
0.375 3.02839 0.0283906 0.0284169
0.375 3.02839 0.0283906 0.0284169
0.421875 3.03156 0.0315611 0.0315726
0.421875 3.03156 0.0315611 0.0315726
0.46875 3.03472 0.0347154 0.034718
0.46875 3.03472 0.0347154 0.034718
0.515625 3.03782 0.0378199 0.0378174
0.515625 3.03782 0.0378199 0.0378174
0.5625 3.04085 0.0408514 0.040846
0.5625 3.04085 0.0408514 0.040846
0.609375 3.04379 0.0437936 0.0437865
0.609375 3.04379 0.0437936 0.0437865
0.65625 3.04663 0.0466346 0.0466264
0.65625 3.04663 0.0466346 0.0466264
0.703125 3.04937 0.0493652 0.0493563
0.703125 3.04937 0.0493652 0.0493563
0.75 3.05198 0.0519777 0.0519683
0.75 3.05198 0.0519777 0.0519683
0.796875 3.05447 0.0544653 0.0544554
0.796875 3.05447 0.0544653 0.0544554
0.84375 3.05682 0.0568218 0.0568115
0.84375 3.05682 0.0568218 0.0568115
0.890625 3.05904 0.0590415 0.0590308
0.890625 3.05904 0.0590415 0.0590308
0.9375 3.06112 0.061119 0.0611078
0.9375 3.06112 0.061119 0.0611078
0.984375 3.06305 0.0630492 0.0630377
0.984375 3.06305 0.0630492 0.0630377
1.03125 3.06483 0.0648275 0.0648157
1.03125 3.06483 0.0648275 0.0648157
1.07812 3.06645 0.0664497 0.0664376
1.07812 3.06645 0.0664497 0.0664376
1.125 3.06791 0.0679118 0.0678994
1.125 3.06791 0.0679118 0.0678994
1.17188 3.06921 0.0692102 0.0691976
1.17188 3.06921 0.0692102 0.0691976
1.21875 3.07034 0.070342 0.0703291
1.21875 3.07034 0.070342 0.0703291
1.26562 3.0713 0.0713042 0.0712913
1.26562 3.0713 0.0713042 0.0712913
1.3125 3.07209 0.0720947 0.0720816
1.3125 3.07209 0.0720947 0.0720816
1.35938 3.07271 0.0727116 0.0726983
1.35938 3.07271 0.0727116 0.0726983
1.40625 3.07315 0.0731532 0.0731399
1.40625 3.07315 0.0731532 0.0731399
1.45312 3.07342 0.0734186 0.0734052
1.45312 3.07342 0.0734186 0.0734052
1.5 3.07351 0.0735072 0.0734938
1.5 3.07351 0.0735072 0.0734938
1.54688 3.07342 0.0734186 0.0734052
1.54688 3.07342 0.0734186 0.0734052
1.59375 3.07315 0.0731532 0.0731399
1.59375 3.07315 0.0731532 0.0731399
1.64062 3.07271 0.0727116 0.0726983
1.64062 3.07271 0.0727116 0.0726983
1.6875 3.07209 0.0720947 0.0720816
1.6875 3.07209 0.0720947 0.0720816
1.73438 3.0713 0.0713042 0.0712913
1.73438 3.0713 0.0713042 0.0712913
1.78125 3.07034 0.070342 0.0703291
1.78125 3.07034 0.070342 0.0703291
1.82812 3.06921 0.0692102 0.0691976
1.82812 3.06921 0.0692102 0.0691976
1.875 3.06791 0.0679118 0.0678994
1.875 3.06791 0.0679118 0.0678994
1.92188 3.06645 0.0664497 0.0664376
1.92188 3.06645 0.0664497 0.0664376
1.96875 3.06483 0.0648275 0.0648157
1.96875 3.06483 0.0648275 0.0648157
2.01562 3.06305 0.0630492 0.0630377
2.01562 3.06305 0.0630492 0.0630377
2.0625 3.06112 0.061119 0.0611078
2.0625 3.06112 0.061119 0.0611078
2.10938 3.05904 0.0590415 0.0590308
2.10938 3.05904 0.0590415 0.0590308
2.15625 3.05682 0.0568218 0.0568115
2.15625 3.05682 0.0568218 0.0568115
2.20312 3.05447 0.0544653 0.0544554
2.20312 3.05447 0.0544653 0.0544554
2.25 3.05198 0.0519777 0.0519683
2.25 3.05198 0.0519777 0.0519683
2.29688 3.04937 0.0493652 0.0493563
2.29688 3.04937 0.0493652 0.0493563
2.34375 3.04663 0.0466346 0.0466264
2.34375 3.04663 0.0466346 0.0466264
2.39062 3.04379 0.0437936 0.0437865
2.39062 3.04379 0.0437936 0.0437865
2.4375 3.04085 0.0408514 0.040846
2.4375 3.04085 0.0408514 0.040846
2.48438 3.03782 0.0378199 0.0378174
2.48438 3.03782 0.0378199 0.0378174
2.53125 3.03472 0.0347154 0.034718
2.53125 3.03472 0.0347154 0.034718
2.57812 3.03156 0.0315611 0.0315726
2.57812 3.03156 0.0315611 0.0315726
2.625 3.02839 0.0283906 0.0284169
2.625 3.02839 0.0283906 0.0284169
2.67188 3.02525 0.025251 0.0253013
2.67188 3.02525 0.025251 0.0253013
2.71875 3.02221 0.0222065 0.0222934
2.71875 3.02221 0.0222065 0.0222934
2.76562 3.01934 0.0193393 0.0194788
2.76562 3.01934 0.0193393 0.0194788
2.8125 3.01675 0.0167475 0.0169589
2.8125 3.01675 0.0167475 0.0169589
2.85938 3.01454 0.0145389 0.0148429
2.85938 3.01454 0.0145389 0.0148429
2.90625 3.01282 0.0128209 0.0132379
2.90625 3.01282 0.0128209 0.0132379
2.95312 3.01169 0.0116867 0.012234
2.95312 3.01169 0.0116867 0.012234
3 3.0112 0.0112025 0.0118923
