# x y topography analytical topography
0 3.00957 0.00956601 0.0102422
0.046875 3.01013 0.0101292 0.010644
0.046875 3.01013 0.0101292 0.010644
0.09375 3.01145 0.0114455 0.0118163
0.09375 3.01145 0.0114455 0.0118163
0.140625 3.01342 0.0134153 0.0136667
0.140625 3.01342 0.0134153 0.0136667
0.1875 3.0159 0.0159037 0.0160632
0.1875 3.0159 0.0159037 0.0160632
0.234375 3.01877 0.0187652 0.0188594
0.234375 3.01877 0.0187652 0.0188594
0.28125 3.02187 0.0218655 0.0219166
0.28125 3.02187 0.0218655 0.0219166
0.328125 3.02509 0.025094 0.0251188
0.328125 3.02509 0.025094 0.0251188
0.375 3.02837 0.0283686 0.0283784
0.375 3.02837 0.0283686 0.0283784
0.421875 3.03163 0.0316327 0.0316346
0.421875 3.03163 0.0316327 0.0316346
0.46875 3.03485 0.0348498 0.0348477
0.46875 3.03485 0.0348498 0.0348477
0.515625 3.038 0.0379963 0.0379922
0.515625 3.038 0.0379963 0.0379922
0.5625 3.04106 0.0410571 0.041052
0.5625 3.04106 0.0410571 0.041052
0.609375 3.04402 0.0440213 0.0440156
0.609375 3.04402 0.0440213 0.0440156
0.65625 3.04688 0.0468803 0.0468741
0.65625 3.04688 0.0468803 0.0468741
0.703125 3.04963 0.0496266 0.04962
0.703125 3.04963 0.0496266 0.04962
0.75 3.05225 0.0522535 0.0522465
0.75 3.05225 0.0522535 0.0522465
0.796875 3.05475 0.0547545 0.0547472
0.796875 3.05475 0.0547545 0.0547472
0.84375 3.05712 0.0571236 0.057116
0.84375 3.05712 0.0571236 0.057116
0.890625 3.05936 0.0593551 0.0593472
0.890625 3.05936 0.0593551 0.0593472
0.9375 3.06144 0.0614436 0.0614354
0.9375 3.06144 0.0614436 0.0614354
0.984375 3.06338 0.0633841 0.0633756
0.984375 3.06338 0.0633841 0.0633756
1.03125 3.06517 0.0651719 0.0651632
1.03125 3.06517 0.0651719 0.0651632
1.07812 3.0668 0.0668026 0.0667937
1.07812 3.0668 0.0668026 0.0667937
1.125 3.06827 0.0682725 0.0682634
1.125 3.06827 0.0682725 0.0682634
1.17188 3.06958 0.0695779 0.0695685
1.17188 3.06958 0.0695779 0.0695685
1.21875 3.07072 0.0707156 0.0707061
1.21875 3.07072 0.0707156 0.0707061
1.26562 3.07168 0.071683 0.0716734
1.26562 3.07168 0.071683 0.0716734
1.3125 3.07248 0.0724777 0.072468
1.3125 3.07248 0.0724777 0.072468
1.35938 3.0731 0.0730978 0.073088
1.35938 3.0731 0.0730978 0.073088
1.40625 3.07354 0.0735418 0.0735319
1.40625 3.07354 0.0735418 0.0735319
1.45312 3.07381 0.0738086 0.0737987
1.45312 3.07381 0.0738086 0.0737987
1.5 3.0739 0.0738976 0.0738877
1.5 3.0739 0.0738976 0.0738877
1.54688 3.07381 0.0738086 0.0737987
1.54688 3.07381 0.0738086 0.0737987
1.59375 3.07354 0.0735418 0.0735319
1.59375 3.07354 0.0735418 0.0735319
1.64062 3.0731 0.0730978 0.073088
1.64062 3.0731 0.0730978 0.073088
1.6875 3.07248 0.0724777 0.072468
1.6875 3.07248 0.0724777 0.072468
1.73438 3.07168 0.071683 0.0716734
1.73438 3.07168 0.071683 0.0716734
1.78125 3.07072 0.0707156 0.0707061
1.78125 3.07072 0.0707156 0.0707061
1.82812 3.06958 0.0695779 0.0695685
1.82812 3.06958 0.0695779 0.0695685
1.875 3.06827 0.0682725 0.0682634
1.875 3.06827 0.0682725 0.0682634
1.92188 3.0668 0.0668026 0.0667937
1.92188 3.0668 0.0668026 0.0667937
1.96875 3.06517 0.0651719 0.0651632
1.96875 3.06517 0.0651719 0.0651632
2.01562 3.06338 0.0633841 0.0633756
2.01562 3.06338 0.0633841 0.0633756
2.0625 3.06144 0.0614436 0.0614354
2.0625 3.06144 0.0614436 0.0614354
2.10938 3.05936 0.0593551 0.0593472
2.10938 3.05936 0.0593551 0.0593472
2.15625 3.05712 0.0571236 0.057116
2.15625 3.05712 0.0571236 0.057116
2.20312 3.05475 0.0547545 0.0547472
2.20312 3.05475 0.0547545 0.0547472
2.25 3.05225 0.0522535 0.0522465
2.25 3.05225 0.0522535 0.0522465
2.29688 3.04963 0.0496266 0.04962
2.29688 3.04963 0.0496266 0.04962
2.34375 3.04688 0.0468803 0.0468741
2.34375 3.04688 0.0468803 0.0468741
2.39062 3.04402 0.0440213 0.0440156
2.39062 3.04402 0.0440213 0.0440156
2.4375 3.04106 0.0410571 0.041052
2.4375 3.04106 0.0410571 0.041052
2.48438 3.038 0.0379963 0.0379922
2.48438 3.038 0.0379963 0.0379922
2.53125 3.03485 0.0348498 0.0348477
2.53125 3.03485 0.0348498 0.0348477
2.57812 3.03163 0.0316327 0.0316346
2.57812 3.03163 0.0316327 0.0316346
2.625 3.02837 0.0283686 0.0283784
2.625 3.02837 0.0283686 0.0283784
2.67188 3.02509 0.025094 0.0251188
2.67188 3.02509 0.025094 0.0251188
2.71875 3.02187 0.0218655 0.0219166
2.71875 3.02187 0.0218655 0.0219166
2.76562 3.01877 0.0187652 0.0188594
2.76562 3.01877 0.0187652 0.0188594
2.8125 3.0159 0.0159037 0.0160632
2.8125 3.0159 0.0159037 0.0160632
2.85938 3.01342 0.0134153 0.0136667
2.85938 3.01342 0.0134153 0.0136667
2.90625 3.01145 0.0114455 0.0118163
2.90625 3.01145 0.0114455 0.0118163
2.95312 3.01013 0.0101292 0.010644
2.95312 3.01013 0.0101292 0.010644
3 3.00957 0.00956601 0.0102422
