# x y topography analytical topography
0 3.01027 0.01027 0.0109522
0.046875 3.0108 0.0107965 0.0113261
0.046875 3.0108 0.0107965 0.0113261
0.09375 3.01203 0.0120287 0.0124205
0.09375 3.01203 0.0120287 0.0124205
0.140625 3.01388 0.0138837 0.0141587
0.140625 3.01388 0.0138837 0.0141587
0.1875 3.01625 0.0162468 0.0164292
0.1875 3.01625 0.0162468 0.0164292
0.234375 3.01899 0.0189904 0.0191041
0.234375 3.01899 0.0189904 0.0191041
0.28125 3.02199 0.0219918 0.0220577
0.28125 3.02199 0.0219918 0.0220577
0.328125 3.02514 0.0251449 0.0251799
0.328125 3.02514 0.0251449 0.0251799
0.375 3.02837 0.0283663 0.0283824
0.375 3.02837 0.0283663 0.0283824
0.421875 3.0316 0.0315951 0.0316003
0.421875 3.0316 0.0315951 0.0316003
0.46875 3.03479 0.0347891 0.0347885
0.46875 3.03479 0.0347891 0.0347885
0.515625 3.03792 0.0379206 0.0379168
0.515625 3.03792 0.0379206 0.0379168
0.5625 3.04097 0.0409708 0.0409654
0.5625 3.04097 0.0409708 0.0409654
0.609375 3.04393 0.0439269 0.0439204
0.609375 3.04393 0.0439269 0.0439204
0.65625 3.04678 0.0467789 0.0467719
0.65625 3.04678 0.0467789 0.0467719
0.703125 3.04952 0.049519 0.0495115
0.703125 3.04952 0.049519 0.0495115
0.75 3.05214 0.0521401 0.0521321
0.75 3.05214 0.0521401 0.0521321
0.796875 3.05464 0.0546357 0.0546273
0.796875 3.05464 0.0546357 0.0546273
0.84375 3.057 0.0569996 0.0569909
0.84375 3.057 0.0569996 0.0569909
0.890625 3.05923 0.0592263 0.0592172
0.890625 3.05923 0.0592263 0.0592172
0.9375 3.06131 0.0613102 0.0613008
0.9375 3.06131 0.0613102 0.0613008
0.984375 3.06325 0.0632465 0.0632368
0.984375 3.06325 0.0632465 0.0632368
1.03125 3.06503 0.0650304 0.0650204
1.03125 3.06503 0.0650304 0.0650204
1.07812 3.06666 0.0666576 0.0666474
1.07812 3.06666 0.0666576 0.0666474
1.125 3.06812 0.0681243 0.0681138
1.125 3.06812 0.0681243 0.0681138
1.17188 3.06943 0.0694268 0.0694161
1.17188 3.06943 0.0694268 0.0694161
1.21875 3.07056 0.0705621 0.0705512
1.21875 3.07056 0.0705621 0.0705512
1.26562 3.07153 0.0715274 0.0715164
1.26562 3.07153 0.0715274 0.0715164
1.3125 3.07232 0.0723203 0.0723092
1.3125 3.07232 0.0723203 0.0723092
1.35938 3.07294 0.0729391 0.0729279
1.35938 3.07294 0.0729391 0.0729279
1.40625 3.07338 0.0733821 0.0733708
1.40625 3.07338 0.0733821 0.0733708
1.45312 3.07365 0.0736484 0.073637
1.45312 3.07365 0.0736484 0.073637
1.5 3.07374 0.0737372 0.0737258
1.5 3.07374 0.0737372 0.0737258
1.54688 3.07365 0.0736484 0.073637
1.54688 3.07365 0.0736484 0.073637
1.59375 3.07338 0.0733821 0.0733708
1.59375 3.07338 0.0733821 0.0733708
1.64062 3.07294 0.0729391 0.0729279
1.64062 3.07294 0.0729391 0.0729279
1.6875 3.07232 0.0723203 0.0723092
1.6875 3.07232 0.0723203 0.0723092
1.73438 3.07153 0.0715274 0.0715164
1.73438 3.07153 0.0715274 0.0715164
1.78125 3.07056 0.0705621 0.0705512
1.78125 3.07056 0.0705621 0.0705512
1.82812 3.06943 0.0694268 0.0694161
1.82812 3.06943 0.0694268 0.0694161
1.875 3.06812 0.0681243 0.0681138
1.875 3.06812 0.0681243 0.0681138
1.92188 3.06666 0.0666576 0.0666474
1.92188 3.06666 0.0666576 0.0666474
1.96875 3.06503 0.0650304 0.0650204
1.96875 3.06503 0.0650304 0.0650204
2.01562 3.06325 0.0632465 0.0632368
2.01562 3.06325 0.0632465 0.0632368
2.0625 3.06131 0.0613102 0.0613008
2.0625 3.06131 0.0613102 0.0613008
2.10938 3.05923 0.0592263 0.0592172
2.10938 3.05923 0.0592263 0.0592172
2.15625 3.057 0.0569996 0.0569909
2.15625 3.057 0.0569996 0.0569909
2.20312 3.05464 0.0546357 0.0546273
2.20312 3.05464 0.0546357 0.0546273
2.25 3.05214 0.0521401 0.0521321
2.25 3.05214 0.0521401 0.0521321
2.29688 3.04952 0.049519 0.0495115
2.29688 3.04952 0.049519 0.0495115
2.34375 3.04678 0.0467789 0.0467719
2.34375 3.04678 0.0467789 0.0467719
2.39062 3.04393 0.0439269 0.0439204
2.39062 3.04393 0.0439269 0.0439204
2.4375 3.04097 0.0409708 0.0409654
2.4375 3.04097 0.0409708 0.0409654
2.48438 3.03792 0.0379206 0.0379168
2.48438 3.03792 0.0379206 0.0379168
2.53125 3.03479 0.0347891 0.0347885
2.53125 3.03479 0.0347891 0.0347885
2.57812 3.0316 0.0315951 0.0316003
2.57812 3.0316 0.0315951 0.0316003
2.625 3.02837 0.0283663 0.0283824
2.625 3.02837 0.0283663 0.0283824
2.67188 3.02514 0.0251449 0.0251799
2.67188 3.02514 0.0251449 0.0251799
2.71875 3.02199 0.0219918 0.0220577
2.71875 3.02199 0.0219918 0.0220577
2.76562 3.01899 0.0189904 0.0191041
2.76562 3.01899 0.0189904 0.0191041
2.8125 3.01625 0.0162468 0.0164292
2.8125 3.01625 0.0162468 0.0164292
2.85938 3.01388 0.0138837 0.0141587
2.85938 3.01388 0.0138837 0.0141587
2.90625 3.01203 0.0120287 0.0124205
2.90625 3.01203 0.0120287 0.0124205
2.95312 3.0108 0.0107965 0.0113261
2.95312 3.0108 0.0107965 0.0113261
3 3.01027 0.01027 0.0109522
