# x y topography analytical topography
0 3.00835 0.00834659 0.00901173
0.046875 3.00899 0.0089859 0.00947177
0.046875 3.00899 0.0089859 0.00947177
0.09375 3.01047 0.0104737 0.0108036
0.09375 3.01047 0.0104737 0.0108036
0.140625 3.01267 0.0126692 0.0128761
0.140625 3.01267 0.0126692 0.0128761
0.1875 3.01539 0.0153916 0.0155105
0.1875 3.01539 0.0153916 0.0155105
0.234375 3.01846 0.0184592 0.0185212
0.234375 3.01846 0.0184592 0.0185212
0.28125 3.02172 0.021719 0.0217477
0.28125 3.02172 0.021719 0.0217477
0.328125 3.02506 0.0250587 0.0250698
0.328125 3.02506 0.0250587 0.0250698
0.375 3.0284 0.0284047 0.0284073
0.375 3.0284 0.0284047 0.0284073
0.421875 3.03171 0.0317126 0.0317114
0.421875 3.03171 0.0317126 0.0317114
0.46875 3.03496 0.0349566 0.0349537
0.46875 3.03496 0.0349566 0.0349537
0.515625 3.03812 0.0381211 0.0381173
0.515625 3.03812 0.0381211 0.0381173
0.5625 3.0412 0.0411952 0.041191
0.5625 3.0412 0.0411952 0.041191
0.609375 3.04417 0.0441706 0.044166
0.609375 3.04417 0.0441706 0.044166
0.65625 3.04704 0.0470396 0.0470348
0.65625 3.04704 0.0470396 0.0470348
0.703125 3.0498 0.0497954 0.0497903
0.703125 3.0498 0.0497954 0.0497903
0.75 3.05243 0.0524313 0.0524259
0.75 3.05243 0.0524313 0.0524259
0.796875 3.05494 0.0549408 0.0549351
0.796875 3.05494 0.0549408 0.0549351
0.84375 3.05732 0.057318 0.057312
0.84375 3.05732 0.057318 0.057312
0.890625 3.05956 0.059557 0.0595509
0.890625 3.05956 0.059557 0.0595509
0.9375 3.06165 0.0616526 0.0616463
0.9375 3.06165 0.0616526 0.0616463
0.984375 3.0636 0.0635997 0.0635932
0.984375 3.0636 0.0635997 0.0635932
1.03125 3.06539 0.0653936 0.0653868
1.03125 3.06539 0.0653936 0.0653868
1.07812 3.06703 0.0670299 0.067023
1.07812 3.06703 0.0670299 0.067023
1.125 3.0685 0.0685047 0.0684977
1.125 3.0685 0.0685047 0.0684977
1.17188 3.06981 0.0698145 0.0698074
1.17188 3.06981 0.0698145 0.0698074
1.21875 3.07096 0.0709562 0.0709489
1.21875 3.07096 0.0709562 0.0709489
1.26562 3.07193 0.0719268 0.0719194
1.26562 3.07193 0.0719268 0.0719194
1.3125 3.07272 0.0727242 0.0727168
1.3125 3.07272 0.0727242 0.0727168
1.35938 3.07335 0.0733464 0.0733389
1.35938 3.07335 0.0733464 0.0733389
1.40625 3.07379 0.073792 0.0737844
1.40625 3.07379 0.073792 0.0737844
1.45312 3.07406 0.0740597 0.0740521
1.45312 3.07406 0.0740597 0.0740521
1.5 3.07415 0.074149 0.0741414
1.5 3.07415 0.074149 0.0741414
1.54688 3.07406 0.0740597 0.0740521
1.54688 3.07406 0.0740597 0.0740521
1.59375 3.07379 0.073792 0.0737844
1.59375 3.07379 0.073792 0.0737844
1.64062 3.07335 0.0733464 0.0733389
1.64062 3.07335 0.0733464 0.0733389
1.6875 3.07272 0.0727242 0.0727168
1.6875 3.07272 0.0727242 0.0727168
1.73438 3.07193 0.0719268 0.0719194
1.73438 3.07193 0.0719268 0.0719194
1.78125 3.07096 0.0709562 0.0709489
1.78125 3.07096 0.0709562 0.0709489
1.82812 3.06981 0.0698145 0.0698074
1.82812 3.06981 0.0698145 0.0698074
1.875 3.0685 0.0685047 0.0684977
1.875 3.0685 0.0685047 0.0684977
1.92188 3.06703 0.0670299 0.067023
1.92188 3.06703 0.0670299 0.067023
1.96875 3.06539 0.0653936 0.0653868
1.96875 3.06539 0.0653936 0.0653868
2.01562 3.0636 0.0635997 0.0635932
2.01562 3.0636 0.0635997 0.0635932
2.0625 3.06165 0.0616526 0.0616463
2.0625 3.06165 0.0616526 0.0616463
2.10938 3.05956 0.059557 0.0595509
2.10938 3.05956 0.059557 0.0595509
2.15625 3.05732 0.057318 0.057312
2.15625 3.05732 0.057318 0.057312
2.20312 3.05494 0.0549408 0.0549351
2.20312 3.05494 0.0549408 0.0549351
2.25 3.05243 0.0524313 0.0524259
2.25 3.05243 0.0524313 0.0524259
2.29688 3.0498 0.0497954 0.0497903
2.29688 3.0498 0.0497954 0.0497903
2.34375 3.04704 0.0470396 0.0470348
2.34375 3.04704 0.0470396 0.0470348
2.39062 3.04417 0.0441706 0.044166
2.39062 3.04417 0.0441706 0.044166
2.4375 3.0412 0.0411952 0.041191
2.4375 3.0412 0.0411952 0.041191
2.48438 3.03812 0.0381211 0.0381173
2.48438 3.03812 0.0381211 0.0381173
2.53125 3.03496 0.0349566 0.0349537
2.53125 3.03496 0.0349566 0.0349537
2.57812 3.03171 0.0317126 0.0317114
2.57812 3.03171 0.0317126 0.0317114
2.625 3.0284 0.0284047 0.0284073
2.625 3.0284 0.0284047 0.0284073
2.67188 3.02506 0.0250587 0.0250698
2.67188 3.02506 0.0250587 0.0250698
2.71875 3.02172 0.021719 0.0217477
2.71875 3.02172 0.021719 0.0217477
2.76562 3.01846 0.0184592 0.0185212
2.76562 3.01846 0.0184592 0.0185212
2.8125 3.01539 0.0153916 0.0155105
2.8125 3.01539 0.0153916 0.0155105
2.85938 3.01267 0.0126692 0.0128761
2.85938 3.01267 0.0126692 0.0128761
2.90625 3.01047 0.0104737 0.0108036
2.90625 3.01047 0.0104737 0.0108036
2.95312 3.00899 0.0089859 0.00947177
2.95312 3.00899 0.0089859 0.00947177
3 3.00835 0.00834659 0.00901173
