# x y z topography
0 0 100 0
45 0 100 0
0 95 100 0
45 95 100 0
45 0 100 0
90 0 100 0
45 95 100 0
90 95 100 0.00040222
0 95 100 0
45 95 100 0
0 190 100 0
45 190 100 0
45 95 100 0
90 95 100 0.00040222
45 190 100 0
90 190 100 0.00040222
90 0 100 0
135 0 100 0
90 95 100 0.00040222
135 95 100 0.00040222
135 0 100 0
180 0 100 0
135 95 100 0.00040222
180 95 100 0.00040222
90 95 100 0.00040222
135 95 100 0.00040222
90 190 100 0.00040222
135 190 100 0.00040222
135 95 100 0.00040222
180 95 100 0.00040222
135 190 100 0.00040222
180 190 100 0.00040222
0 190 100 0
45 190 100 0
0 285 100 0
45 285 100 0
45 190 100 0
90 190 100 0.00040222
45 285 100 0
90 285 100 0.000405375
0 285 100 0
45 285 100 0
0 380 100 0
45 380 100 0
45 285 100 0
90 285 100 0.000405375
45 380 100 0
90 380 100 0.000408531
90 190 100 0.00040222
135 190 100 0.00040222
90 285 100 0.000405375
135 285 100 0.000405375
135 190 100 0.00040222
180 190 100 0.00040222
135 285 100 0.000405375
180 285 100 0.000405375
90 285 100 0.000405375
135 285 100 0.000405375
90 380 100 0.000408531
135 380 100 0.000408531
135 285 100 0.000405375
180 285 100 0.000405375
135 380 100 0.000408531
180 380 100 0.000408531
180 0 100 0
225 0 100 0
180 95 100 0.00040222
225 95 100 0.00040222
225 0 100 0
270 0 100 0
225 95 100 0.00040222
270 95 100 0.00040222
180 95 100 0.00040222
225 95 100 0.00040222
180 190 100 0.00040222
225 190 100 0.00040222
225 95 100 0.00040222
270 95 100 0.00040222
225 190 100 0.00040222
270 190 100 0.000405375
270 0 100 0
315 0 100 0
270 95 100 0.00040222
315 95 100 0.00040222
315 0 100 0
360 0 100 0
315 95 100 0.00040222
360 95 100 0.00040222
270 95 100 0.00040222
315 95 100 0.00040222
270 190 100 0.000405375
315 190 100 0.000405375
315 95 100 0.00040222
360 95 100 0.00040222
315 190 100 0.000405375
360 190 100 0.000405375
180 190 100 0.00040222
225 190 100 0.00040222
180 285 100 0.000405375
225 285 100 0.000405375
225 190 100 0.00040222
270 190 100 0.000405375
225 285 100 0.000405375
270 285 100 0.000405375
180 285 100 0.000405375
225 285 100 0.000405375
180 380 100 0.000408531
225 380 100 0.000408531
225 285 100 0.000405375
270 285 100 0.000405375
225 380 100 0.000408531
270 380 100 0.000408531
270 190 100 0.000405375
315 190 100 0.000405375
270 285 100 0.000405375
315 285 100 0.000405375
315 190 100 0.000405375
360 190 100 0.000405375
315 285 100 0.000405375
360 285 100 0.000405375
270 285 100 0.000405375
315 285 100 0.000405375
270 380 100 0.000408531
315 380 100 0.000408531
315 285 100 0.000405375
360 285 100 0.000405375
315 380 100 0.000408531
360 380 100 0.000408531
360 0 100 0
405 0 100 0
360 95 100 0.00040222
405 95 100 0.00040222
405 0 100 0
450 0 100 0
405 95 100 0.00040222
450 95 100 0
360 95 100 0.00040222
405 95 100 0.00040222
360 190 100 0.000405375
405 190 100 0.000405375
405 95 100 0.00040222
450 95 100 0
405 190 100 0.000405375
450 190 100 0
450 0 100 0
495 0 100 0
450 95 100 0
495 95 100 0.00040222
495 0 100 0
540 0 100 0
495 95 100 0.00040222
540 95 100 0.00040222
450 95 100 0
495 95 100 0.00040222
450 190 100 0
495 190 100 0.000405375
495 95 100 0.00040222
540 95 100 0.00040222
495 190 100 0.000405375
540 190 100 0.000405375
360 190 100 0.000405375
405 190 100 0.000405375
360 285 100 0.000405375
405 285 100 0.000405375
405 190 100 0.000405375
450 190 100 0
405 285 100 0.000405375
450 285 100 0
360 285 100 0.000405375
405 285 100 0.000405375
360 380 100 0.000408531
405 380 100 0.000408531
405 285 100 0.000405375
450 285 100 0
405 380 100 0.000408531
450 380 100 0
450 190 100 0
495 190 100 0.000405375
450 285 100 0
495 285 100 0.000408531
495 190 100 0.000405375
540 190 100 0.000405375
495 285 100 0.000408531
540 285 100 0.000408531
450 285 100 0
495 285 100 0.000408531
450 380 100 0
495 380 100 0.000408531
495 285 100 0.000408531
540 285 100 0.000408531
495 380 100 0.000408531
540 380 100 0.000408531
540 0 100 0
585 0 100 0
540 95 100 0.00040222
585 95 100 0.00040222
585 0 100 0
630 0 100 0
585 95 100 0.00040222
630 95 100 0.00040222
540 95 100 0.00040222
585 95 100 0.00040222
540 190 100 0.000405375
585 190 100 0.000405375
585 95 100 0.00040222
630 95 100 0.00040222
585 190 100 0.000405375
630 190 100 0.000405375
630 0 100 0
675 0 100 0
630 95 100 0.00040222
675 95 100 0.00040222
675 0 100 0
720 0 100 0
675 95 100 0.00040222
720 95 100 0.00040222
630 95 100 0.00040222
675 95 100 0.00040222
630 190 100 0.000405375
675 190 100 0.000405375
675 95 100 0.00040222
720 95 100 0.00040222
675 190 100 0.000405375
720 190 100 0.000405375
540 190 100 0.000405375
585 190 100 0.000405375
540 285 100 0.000408531
585 285 100 0.000408531
585 190 100 0.000405375
630 190 100 0.000405375
585 285 100 0.000408531
630 285 100 0.000408531
540 285 100 0.000408531
585 285 100 0.000408531
540 380 100 0.000408531
585 380 100 0.000408531
585 285 100 0.000408531
630 285 100 0.000408531
585 380 100 0.000408531
630 380 100 0.000408531
630 190 100 0.000405375
675 190 100 0.000405375
630 285 100 0.000408531
675 285 100 0.000408531
675 190 100 0.000405375
720 190 100 0.000405375
675 285 100 0.000408531
720 285 100 0.000408531
630 285 100 0.000408531
675 285 100 0.000408531
630 380 100 0.000408531
675 380 100 0.000411687
675 285 100 0.000408531
720 285 100 0.000408531
675 380 100 0.000411687
720 380 100 0.000411687
720 0 100 0
765 0 100 0
720 95 100 0.00040222
765 95 100 0.00040222
765 0 100 0
810 0 100 0
765 95 100 0.00040222
810 95 100 0.00040222
720 95 100 0.00040222
765 95 100 0.00040222
720 190 100 0.000405375
765 190 100 0.000405375
765 95 100 0.00040222
810 95 100 0.00040222
765 190 100 0.000405375
810 190 100 0.000405375
810 0 100 0
855 0 100 0
810 95 100 0.00040222
855 95 100 0
855 0 100 0
900 0 100 0
855 95 100 0
900 95 100 0
810 95 100 0.00040222
855 95 100 0
810 190 100 0.000405375
855 190 100 0
855 95 100 0
900 95 100 0
855 190 100 0
900 190 100 0
720 190 100 0.000405375
765 190 100 0.000405375
720 285 100 0.000408531
765 285 100 0.000408531
765 190 100 0.000405375
810 190 100 0.000405375
765 285 100 0.000408531
810 285 100 0.000408531
720 285 100 0.000408531
765 285 100 0.000408531
720 380 100 0.000411687
765 380 100 0.000411687
765 285 100 0.000408531
810 285 100 0.000408531
765 380 100 0.000411687
810 380 100 0.000411687
810 190 100 0.000405375
855 190 100 0
810 285 100 0.000408531
855 285 100 0
855 190 100 0
900 190 100 0
855 285 100 0
900 285 100 0
810 285 100 0.000408531
855 285 100 0
810 380 100 0.000411687
855 380 100 0
855 285 100 0
900 285 100 0
855 380 100 0
900 380 100 0
0 380 100 0
45 380 100 0
0 475 100 0
45 475 100 0
45 380 100 0
90 380 100 0.000408531
45 475 100 0
90 475 100 0.000411687
0 475 100 0
45 475 100 0
0 570 100 0
45 570 100 0
45 475 100 0
90 475 100 0.000411687
45 570 100 0
90 570 100 0.000414842
90 380 100 0.000408531
135 380 100 0.000408531
90 475 100 0.000411687
135 475 100 0.000411687
135 380 100 0.000408531
180 380 100 0.000408531
135 475 100 0.000411687
180 475 100 0.000411687
90 475 100 0.000411687
135 475 100 0.000411687
90 570 100 0.000414842
135 570 100 0.000414842
135 475 100 0.000411687
180 475 100 0.000411687
135 570 100 0.000414842
180 570 100 0.000414842
0 570 100 0
45 570 100 0
0 665 100 0
45 665 100 0
45 570 100 0
90 570 100 0.000414842
45 665 100 0
90 665 100 0.000414842
0 665 100 0
45 665 100 0
0 760 100 0
45 760 100 0
45 665 100 0
90 665 100 0.000414842
45 760 100 0
90 760 100 0.000417998
90 570 100 0.000414842
135 570 100 0.000414842
90 665 100 0.000414842
135 665 100 0.000414842
135 570 100 0.000414842
180 570 100 0.000414842
135 665 100 0.000414842
180 665 100 0.000414842
90 665 100 0.000414842
135 665 100 0.000414842
90 760 100 0.000417998
135 760 100 0.000417998
135 665 100 0.000414842
180 665 100 0.000414842
135 760 100 0.000417998
180 760 100 0.000417998
180 380 100 0.000408531
225 380 100 0.000408531
180 475 100 0.000411687
225 475 100 0.000411687
225 380 100 0.000408531
270 380 100 0.000408531
225 475 100 0.000411687
270 475 100 0.000411687
180 475 100 0.000411687
225 475 100 0.000411687
180 570 100 0.000414842
225 570 100 0.000414842
225 475 100 0.000411687
270 475 100 0.000411687
225 570 100 0.000414842
270 570 100 0.000414842
270 380 100 0.000408531
315 380 100 0.000408531
270 475 100 0.000411687
315 475 100 0.000411687
315 380 100 0.000408531
360 380 100 0.000408531
315 475 100 0.000411687
360 475 100 0.000411687
270 475 100 0.000411687
315 475 100 0.000411687
270 570 100 0.000414842
315 570 100 0.000414842
315 475 100 0.000411687
360 475 100 0.000411687
315 570 100 0.000414842
360 570 100 0.000414842
180 570 100 0.000414842
225 570 100 0.000414842
180 665 100 0.000414842
225 665 100 0.000414842
225 570 100 0.000414842
270 570 100 0.000414842
225 665 100 0.000414842
270 665 100 0.000417998
180 665 100 0.000414842
225 665 100 0.000414842
180 760 100 0.000417998
225 760 100 0.000417998
225 665 100 0.000414842
270 665 100 0.000417998
225 760 100 0.000417998
270 760 100 0.000417998
270 570 100 0.000414842
315 570 100 0.000414842
270 665 100 0.000417998
315 665 100 0.000417998
315 570 100 0.000414842
360 570 100 0.000414842
315 665 100 0.000417998
360 665 100 0.000417998
270 665 100 0.000417998
315 665 100 0.000417998
270 760 100 0.000417998
315 760 100 0.000417998
315 665 100 0.000417998
360 665 100 0.000417998
315 760 100 0.000417998
360 760 100 0.000417998
360 380 100 0.000408531
405 380 100 0.000408531
360 475 100 0.000411687
405 475 100 0.000411687
405 380 100 0.000408531
450 380 100 0
405 475 100 0.000411687
450 475 100 0
360 475 100 0.000411687
405 475 100 0.000411687
360 570 100 0.000414842
405 570 100 0.000414842
405 475 100 0.000411687
450 475 100 0
405 570 100 0.000414842
450 570 100 0
450 380 100 0
495 380 100 0.000408531
450 475 100 0
495 475 100 0.000411687
495 380 100 0.000408531
540 380 100 0.000408531
495 475 100 0.000411687
540 475 100 0.000411687
450 475 100 0
495 475 100 0.000411687
450 570 100 0
495 570 100 0.000414842
495 475 100 0.000411687
540 475 100 0.000411687
495 570 100 0.000414842
540 570 100 0.000414842
360 570 100 0.000414842
405 570 100 0.000414842
360 665 100 0.000417998
405 665 100 0.000417998
405 570 100 0.000414842
450 570 100 0
405 665 100 0.000417998
450 665 100 0
360 665 100 0.000417998
405 665 100 0.000417998
360 760 100 0.000417998
405 760 100 0.000417998
405 665 100 0.000417998
450 665 100 0
405 760 100 0.000417998
450 760 100 0
450 570 100 0
495 570 100 0.000414842
450 665 100 0
495 665 100 0.000417998
495 570 100 0.000414842
540 570 100 0.000414842
495 665 100 0.000417998
540 665 100 0.000417998
450 665 100 0
495 665 100 0.000417998
450 760 100 0
495 760 100 0.000421154
495 665 100 0.000417998
540 665 100 0.000417998
495 760 100 0.000421154
540 760 100 0.000421154
540 380 100 0.000408531
585 380 100 0.000408531
540 475 100 0.000411687
585 475 100 0.000411687
585 380 100 0.000408531
630 380 100 0.000408531
585 475 100 0.000411687
630 475 100 0.000411687
540 475 100 0.000411687
585 475 100 0.000411687
540 570 100 0.000414842
585 570 100 0.000414842
585 475 100 0.000411687
630 475 100 0.000411687
585 570 100 0.000414842
630 570 100 0.000414842
630 380 100 0.000408531
675 380 100 0.000411687
630 475 100 0.000411687
675 475 100 0.000411687
675 380 100 0.000411687
720 380 100 0.000411687
675 475 100 0.000411687
720 475 100 0.000411687
630 475 100 0.000411687
675 475 100 0.000411687
630 570 100 0.000414842
675 570 100 0.000414842
675 475 100 0.000411687
720 475 100 0.000411687
675 570 100 0.000414842
720 570 100 0.000414842
540 570 100 0.000414842
585 570 100 0.000414842
540 665 100 0.000417998
585 665 100 0.000417998
585 570 100 0.000414842
630 570 100 0.000414842
585 665 100 0.000417998
630 665 100 0.000417998
540 665 100 0.000417998
585 665 100 0.000417998
540 760 100 0.000421154
585 760 100 0.000421154
585 665 100 0.000417998
630 665 100 0.000417998
585 760 100 0.000421154
630 760 100 0.000421154
630 570 100 0.000414842
675 570 100 0.000414842
630 665 100 0.000417998
675 665 100 0.000417998
675 570 100 0.000414842
720 570 100 0.000414842
675 665 100 0.000417998
720 665 100 0.000417998
630 665 100 0.000417998
675 665 100 0.000417998
630 760 100 0.000421154
675 760 100 0.000421154
675 665 100 0.000417998
720 665 100 0.000417998
675 760 100 0.000421154
720 760 100 0.000421154
720 380 100 0.000411687
765 380 100 0.000411687
720 475 100 0.000411687
765 475 100 0.000411687
765 380 100 0.000411687
810 380 100 0.000411687
765 475 100 0.000411687
810 475 100 0.000411687
720 475 100 0.000411687
765 475 100 0.000411687
720 570 100 0.000414842
765 570 100 0.000414842
765 475 100 0.000411687
810 475 100 0.000411687
765 570 100 0.000414842
810 570 100 0.000414842
810 380 100 0.000411687
855 380 100 0
810 475 100 0.000411687
855 475 100 0
855 380 100 0
900 380 100 0
855 475 100 0
900 475 100 0
810 475 100 0.000411687
855 475 100 0
810 570 100 0.000414842
855 570 100 0
855 475 100 0
900 475 100 0
855 570 100 0
900 570 100 0
720 570 100 0.000414842
765 570 100 0.000414842
720 665 100 0.000417998
765 665 100 0.000417998
765 570 100 0.000414842
810 570 100 0.000414842
765 665 100 0.000417998
810 665 100 0.000417998
720 665 100 0.000417998
765 665 100 0.000417998
720 760 100 0.000421154
765 760 100 0.000421154
765 665 100 0.000417998
810 665 100 0.000417998
765 760 100 0.000421154
810 760 100 0.000421154
810 570 100 0.000414842
855 570 100 0
810 665 100 0.000417998
855 665 100 0
855 570 100 0
900 570 100 0
855 665 100 0
900 665 100 0
810 665 100 0.000417998
855 665 100 0
810 760 100 0.000421154
855 760 100 0
855 665 100 0
900 665 100 0
855 760 100 0
900 760 100 0
0 760 100 0
45 760 100 0
0 855 100 0
45 855 100 0
45 760 100 0
90 760 100 0.000417998
45 855 100 0
90 855 100 0.000421154
0 855 100 0
45 855 100 0
0 950 100 0
45 950 100 0
45 855 100 0
90 855 100 0.000421154
45 950 100 0
90 950 100 0.00042431
90 760 100 0.000417998
135 760 100 0.000417998
90 855 100 0.000421154
135 855 100 0.000421154
135 760 100 0.000417998
180 760 100 0.000417998
135 855 100 0.000421154
180 855 100 0.000421154
90 855 100 0.000421154
135 855 100 0.000421154
90 950 100 0.00042431
135 950 100 0.000421154
135 855 100 0.000421154
180 855 100 0.000421154
135 950 100 0.000421154
180 950 100 0.00042431
0 950 100 0
45 950 100 0
0 1045 100 0
45 1045 100 0
45 950 100 0
90 950 100 0.00042431
45 1045 100 0
90 1045 100 0.00042431
0 1045 100 0
45 1045 100 0
0 1140 100 0
45 1140 100 0
45 1045 100 0
90 1045 100 0.00042431
45 1140 100 0
90 1140 100 0.000427465
90 950 100 0.00042431
135 950 100 0.000421154
90 1045 100 0.00042431
135 1045 100 0.00042431
135 950 100 0.000421154
180 950 100 0.00042431
135 1045 100 0.00042431
180 1045 100 0.00042431
90 1045 100 0.00042431
135 1045 100 0.00042431
90 1140 100 0.000427465
135 1140 100 0.000427465
135 1045 100 0.00042431
180 1045 100 0.00042431
135 1140 100 0.000427465
180 1140 100 0.000427465
180 760 100 0.000417998
225 760 100 0.000417998
180 855 100 0.000421154
225 855 100 0.000421154
225 760 100 0.000417998
270 760 100 0.000417998
225 855 100 0.000421154
270 855 100 0.000421154
180 855 100 0.000421154
225 855 100 0.000421154
180 950 100 0.00042431
225 950 100 0.000421154
225 855 100 0.000421154
270 855 100 0.000421154
225 950 100 0.000421154
270 950 100 0.00042431
270 760 100 0.000417998
315 760 100 0.000417998
270 855 100 0.000421154
315 855 100 0.000421154
315 760 100 0.000417998
360 760 100 0.000417998
315 855 100 0.000421154
360 855 100 0.000421154
270 855 100 0.000421154
315 855 100 0.000421154
270 950 100 0.00042431
315 950 100 0.00042431
315 855 100 0.000421154
360 855 100 0.000421154
315 950 100 0.00042431
360 950 100 0.00042431
180 950 100 0.00042431
225 950 100 0.000421154
180 1045 100 0.00042431
225 1045 100 0.00042431
225 950 100 0.000421154
270 950 100 0.00042431
225 1045 100 0.00042431
270 1045 100 0.00042431
180 1045 100 0.00042431
225 1045 100 0.00042431
180 1140 100 0.000427465
225 1140 100 0.000427465
225 1045 100 0.00042431
270 1045 100 0.00042431
225 1140 100 0.000427465
270 1140 100 0.000427465
270 950 100 0.00042431
315 950 100 0.00042431
270 1045 100 0.00042431
315 1045 100 0.00042431
315 950 100 0.00042431
360 950 100 0.00042431
315 1045 100 0.00042431
360 1045 100 0.00042431
270 1045 100 0.00042431
315 1045 100 0.00042431
270 1140 100 0.000427465
315 1140 100 0.000427465
315 1045 100 0.00042431
360 1045 100 0.00042431
315 1140 100 0.000427465
360 1140 100 0.000427465
360 760 100 0.000417998
405 760 100 0.000417998
360 855 100 0.000421154
405 855 100 0.000421154
405 760 100 0.000417998
450 760 100 0
405 855 100 0.000421154
450 855 100 0
360 855 100 0.000421154
405 855 100 0.000421154
360 950 100 0.00042431
405 950 100 0.00042431
405 855 100 0.000421154
450 855 100 0
405 950 100 0.00042431
450 950 100 0
450 760 100 0
495 760 100 0.000421154
450 855 100 0
495 855 100 0.000421154
495 760 100 0.000421154
540 760 100 0.000421154
495 855 100 0.000421154
540 855 100 0.000421154
450 855 100 0
495 855 100 0.000421154
450 950 100 0
495 950 100 0.00042431
495 855 100 0.000421154
540 855 100 0.000421154
495 950 100 0.00042431
540 950 100 0.000421154
360 950 100 0.00042431
405 950 100 0.00042431
360 1045 100 0.00042431
405 1045 100 0.00042431
405 950 100 0.00042431
450 950 100 0
405 1045 100 0.00042431
450 1045 100 0
360 1045 100 0.00042431
405 1045 100 0.00042431
360 1140 100 0.000427465
405 1140 100 0.000427465
405 1045 100 0.00042431
450 1045 100 0
405 1140 100 0.000427465
450 1140 100 0
450 950 100 0
495 950 100 0.00042431
450 1045 100 0
495 1045 100 0.00042431
495 950 100 0.00042431
540 950 100 0.000421154
495 1045 100 0.00042431
540 1045 100 0.00042431
450 1045 100 0
495 1045 100 0.00042431
450 1140 100 0
495 1140 100 0.000427465
495 1045 100 0.00042431
540 1045 100 0.00042431
495 1140 100 0.000427465
540 1140 100 0.000427465
540 760 100 0.000421154
585 760 100 0.000421154
540 855 100 0.000421154
585 855 100 0.000421154
585 760 100 0.000421154
630 760 100 0.000421154
585 855 100 0.000421154
630 855 100 0.000421154
540 855 100 0.000421154
585 855 100 0.000421154
540 950 100 0.000421154
585 950 100 0.00042431
585 855 100 0.000421154
630 855 100 0.000421154
585 950 100 0.00042431
630 950 100 0.000421154
630 760 100 0.000421154
675 760 100 0.000421154
630 855 100 0.000421154
675 855 100 0.00042431
675 760 100 0.000421154
720 760 100 0.000421154
675 855 100 0.00042431
720 855 100 0.00042431
630 855 100 0.000421154
675 855 100 0.00042431
630 950 100 0.000421154
675 950 100 0.00042431
675 855 100 0.00042431
720 855 100 0.00042431
675 950 100 0.00042431
720 950 100 0.00042431
540 950 100 0.000421154
585 950 100 0.00042431
540 1045 100 0.00042431
585 1045 100 0.00042431
585 950 100 0.00042431
630 950 100 0.000421154
585 1045 100 0.00042431
630 1045 100 0.00042431
540 1045 100 0.00042431
585 1045 100 0.00042431
540 1140 100 0.000427465
585 1140 100 0.000427465
585 1045 100 0.00042431
630 1045 100 0.00042431
585 1140 100 0.000427465
630 1140 100 0.000427465
630 950 100 0.000421154
675 950 100 0.00042431
630 1045 100 0.00042431
675 1045 100 0.00042431
675 950 100 0.00042431
720 950 100 0.00042431
675 1045 100 0.00042431
720 1045 100 0.00042431
630 1045 100 0.00042431
675 1045 100 0.00042431
630 1140 100 0.000427465
675 1140 100 0.000427465
675 1045 100 0.00042431
720 1045 100 0.00042431
675 1140 100 0.000427465
720 1140 100 0.000427465
720 760 100 0.000421154
765 760 100 0.000421154
720 855 100 0.00042431
765 855 100 0.00042431
765 760 100 0.000421154
810 760 100 0.000421154
765 855 100 0.00042431
810 855 100 0.00042431
720 855 100 0.00042431
765 855 100 0.00042431
720 950 100 0.00042431
765 950 100 0.00042431
765 855 100 0.00042431
810 855 100 0.00042431
765 950 100 0.00042431
810 950 100 0.00042431
810 760 100 0.000421154
855 760 100 0
810 855 100 0.00042431
855 855 100 0
855 760 100 0
900 760 100 0
855 855 100 0
900 855 100 0
810 855 100 0.00042431
855 855 100 0
810 950 100 0.00042431
855 950 100 0
855 855 100 0
900 855 100 0
855 950 100 0
900 950 100 0
720 950 100 0.00042431
765 950 100 0.00042431
720 1045 100 0.00042431
765 1045 100 0.00042431
765 950 100 0.00042431
810 950 100 0.00042431
765 1045 100 0.00042431
810 1045 100 0.00042431
720 1045 100 0.00042431
765 1045 100 0.00042431
720 1140 100 0.000427465
765 1140 100 0.000427465
765 1045 100 0.00042431
810 1045 100 0.00042431
765 1140 100 0.000427465
810 1140 100 0.000427465
810 950 100 0.00042431
855 950 100 0
810 1045 100 0.00042431
855 1045 100 0
855 950 100 0
900 950 100 0
855 1045 100 0
900 1045 100 0
810 1045 100 0.00042431
855 1045 100 0
810 1140 100 0.000427465
855 1140 100 0
855 1045 100 0
900 1045 100 0
855 1140 100 0
900 1140 100 0
0 1140 100 0
45 1140 100 0
0 1235 100 0
45 1235 100 0
45 1140 100 0
90 1140 100 0.000427465
45 1235 100 0
90 1235 100 0.000427465
0 1235 100 0
45 1235 100 0
0 1330 100 0
45 1330 100 0
45 1235 100 0
90 1235 100 0.000427465
45 1330 100 0
90 1330 100 0.000430621
90 1140 100 0.000427465
135 1140 100 0.000427465
90 1235 100 0.000427465
135 1235 100 0.000427465
135 1140 100 0.000427465
180 1140 100 0.000427465
135 1235 100 0.000427465
180 1235 100 0.000427465
90 1235 100 0.000427465
135 1235 100 0.000427465
90 1330 100 0.000430621
135 1330 100 0.000430621
135 1235 100 0.000427465
180 1235 100 0.000427465
135 1330 100 0.000430621
180 1330 100 0.000430621
0 1330 100 0
45 1330 100 0
0 1425 100 0
45 1425 100 0
45 1330 100 0
90 1330 100 0.000430621
45 1425 100 0
90 1425 100 0.000433777
0 1425 100 0
45 1425 100 0
0 1520 100 0
45 1520 100 0
45 1425 100 0
90 1425 100 0.000433777
45 1520 100 0
90 1520 100 0.000436932
90 1330 100 0.000430621
135 1330 100 0.000430621
90 1425 100 0.000433777
135 1425 100 0.000433777
135 1330 100 0.000430621
180 1330 100 0.000430621
135 1425 100 0.000433777
180 1425 100 0.000433777
90 1425 100 0.000433777
135 1425 100 0.000433777
90 1520 100 0.000436932
135 1520 100 0.000436932
135 1425 100 0.000433777
180 1425 100 0.000433777
135 1520 100 0.000436932
180 1520 100 0.000436932
180 1140 100 0.000427465
225 1140 100 0.000427465
180 1235 100 0.000427465
225 1235 100 0.000427465
225 1140 100 0.000427465
270 1140 100 0.000427465
225 1235 100 0.000427465
270 1235 100 0.000430621
180 1235 100 0.000427465
225 1235 100 0.000427465
180 1330 100 0.000430621
225 1330 100 0.000430621
225 1235 100 0.000427465
270 1235 100 0.000430621
225 1330 100 0.000430621
270 1330 100 0.000430621
270 1140 100 0.000427465
315 1140 100 0.000427465
270 1235 100 0.000430621
315 1235 100 0.000430621
315 1140 100 0.000427465
360 1140 100 0.000427465
315 1235 100 0.000430621
360 1235 100 0.000430621
270 1235 100 0.000430621
315 1235 100 0.000430621
270 1330 100 0.000430621
315 1330 100 0.000430621
315 1235 100 0.000430621
360 1235 100 0.000430621
315 1330 100 0.000430621
360 1330 100 0.000430621
180 1330 100 0.000430621
225 1330 100 0.000430621
180 1425 100 0.000433777
225 1425 100 0.000433777
225 1330 100 0.000430621
270 1330 100 0.000430621
225 1425 100 0.000433777
270 1425 100 0.000433777
180 1425 100 0.000433777
225 1425 100 0.000433777
180 1520 100 0.000436932
225 1520 100 0.000436932
225 1425 100 0.000433777
270 1425 100 0.000433777
225 1520 100 0.000436932
270 1520 100 0.000436932
270 1330 100 0.000430621
315 1330 100 0.000430621
270 1425 100 0.000433777
315 1425 100 0.000433777
315 1330 100 0.000430621
360 1330 100 0.000430621
315 1425 100 0.000433777
360 1425 100 0.000433777
270 1425 100 0.000433777
315 1425 100 0.000433777
270 1520 100 0.000436932
315 1520 100 0.000436932
315 1425 100 0.000433777
360 1425 100 0.000433777
315 1520 100 0.000436932
360 1520 100 0.000436932
360 1140 100 0.000427465
405 1140 100 0.000427465
360 1235 100 0.000430621
405 1235 100 0.000430621
405 1140 100 0.000427465
450 1140 100 0
405 1235 100 0.000430621
450 1235 100 0
360 1235 100 0.000430621
405 1235 100 0.000430621
360 1330 100 0.000430621
405 1330 100 0.000430621
405 1235 100 0.000430621
450 1235 100 0
405 1330 100 0.000430621
450 1330 100 0
450 1140 100 0
495 1140 100 0.000427465
450 1235 100 0
495 1235 100 0.000430621
495 1140 100 0.000427465
540 1140 100 0.000427465
495 1235 100 0.000430621
540 1235 100 0.000430621
450 1235 100 0
495 1235 100 0.000430621
450 1330 100 0
495 1330 100 0.000433777
495 1235 100 0.000430621
540 1235 100 0.000430621
495 1330 100 0.000433777
540 1330 100 0.000433777
360 1330 100 0.000430621
405 1330 100 0.000430621
360 1425 100 0.000433777
405 1425 100 0.000433777
405 1330 100 0.000430621
450 1330 100 0
405 1425 100 0.000433777
450 1425 100 0
360 1425 100 0.000433777
405 1425 100 0.000433777
360 1520 100 0.000436932
405 1520 100 0.000436932
405 1425 100 0.000433777
450 1425 100 0
405 1520 100 0.000436932
450 1520 100 0
450 1330 100 0
495 1330 100 0.000433777
450 1425 100 0
495 1425 100 0.000433777
495 1330 100 0.000433777
540 1330 100 0.000433777
495 1425 100 0.000433777
540 1425 100 0.000433777
450 1425 100 0
495 1425 100 0.000433777
450 1520 100 0
495 1520 100 0.000436932
495 1425 100 0.000433777
540 1425 100 0.000433777
495 1520 100 0.000436932
540 1520 100 0.000436932
540 1140 100 0.000427465
585 1140 100 0.000427465
540 1235 100 0.000430621
585 1235 100 0.000430621
585 1140 100 0.000427465
630 1140 100 0.000427465
585 1235 100 0.000430621
630 1235 100 0.000430621
540 1235 100 0.000430621
585 1235 100 0.000430621
540 1330 100 0.000433777
585 1330 100 0.000433777
585 1235 100 0.000430621
630 1235 100 0.000430621
585 1330 100 0.000433777
630 1330 100 0.000433777
630 1140 100 0.000427465
675 1140 100 0.000427465
630 1235 100 0.000430621
675 1235 100 0.000430621
675 1140 100 0.000427465
720 1140 100 0.000427465
675 1235 100 0.000430621
720 1235 100 0.000430621
630 1235 100 0.000430621
675 1235 100 0.000430621
630 1330 100 0.000433777
675 1330 100 0.000433777
675 1235 100 0.000430621
720 1235 100 0.000430621
675 1330 100 0.000433777
720 1330 100 0.000433777
540 1330 100 0.000433777
585 1330 100 0.000433777
540 1425 100 0.000433777
585 1425 100 0.000433777
585 1330 100 0.000433777
630 1330 100 0.000433777
585 1425 100 0.000433777
630 1425 100 0.000433777
540 1425 100 0.000433777
585 1425 100 0.000433777
540 1520 100 0.000436932
585 1520 100 0.000436932
585 1425 100 0.000433777
630 1425 100 0.000433777
585 1520 100 0.000436932
630 1520 100 0.000436932
630 1330 100 0.000433777
675 1330 100 0.000433777
630 1425 100 0.000433777
675 1425 100 0.000436932
675 1330 100 0.000433777
720 1330 100 0.000433777
675 1425 100 0.000436932
720 1425 100 0.000436932
630 1425 100 0.000433777
675 1425 100 0.000436932
630 1520 100 0.000436932
675 1520 100 0.000436932
675 1425 100 0.000436932
720 1425 100 0.000436932
675 1520 100 0.000436932
720 1520 100 0.000436932
720 1140 100 0.000427465
765 1140 100 0.000427465
720 1235 100 0.000430621
765 1235 100 0.000430621
765 1140 100 0.000427465
810 1140 100 0.000427465
765 1235 100 0.000430621
810 1235 100 0.000430621
720 1235 100 0.000430621
765 1235 100 0.000430621
720 1330 100 0.000433777
765 1330 100 0.000433777
765 1235 100 0.000430621
810 1235 100 0.000430621
765 1330 100 0.000433777
810 1330 100 0.000433777
810 1140 100 0.000427465
855 1140 100 0
810 1235 100 0.000430621
855 1235 100 0
855 1140 100 0
900 1140 100 0
855 1235 100 0
900 1235 100 0
810 1235 100 0.000430621
855 1235 100 0
810 1330 100 0.000433777
855 1330 100 0
855 1235 100 0
900 1235 100 0
855 1330 100 0
900 1330 100 0
720 1330 100 0.000433777
765 1330 100 0.000433777
720 1425 100 0.000436932
765 1425 100 0.000436932
765 1330 100 0.000433777
810 1330 100 0.000433777
765 1425 100 0.000436932
810 1425 100 0.000436932
720 1425 100 0.000436932
765 1425 100 0.000436932
720 1520 100 0.000436932
765 1520 100 0.000436932
765 1425 100 0.000436932
810 1425 100 0.000436932
765 1520 100 0.000436932
810 1520 100 0.000436932
810 1330 100 0.000433777
855 1330 100 0
810 1425 100 0.000436932
855 1425 100 0
855 1330 100 0
900 1330 100 0
855 1425 100 0
900 1425 100 0
810 1425 100 0.000436932
855 1425 100 0
810 1520 100 0.000436932
855 1520 100 0
855 1425 100 0
900 1425 100 0
855 1520 100 0
900 1520 100 0
0 1520 100 0
45 1520 100 0
0 1615 100 0
45 1615 100 0
45 1520 100 0
90 1520 100 0.000436932
45 1615 100 0
90 1615 100 0.000440088
0 1615 100 0
45 1615 100 0
0 1710 100 0
45 1710 100 0
45 1615 100 0
90 1615 100 0.000440088
45 1710 100 0
90 1710 100 0.000440088
90 1520 100 0.000436932
135 1520 100 0.000436932
90 1615 100 0.000440088
135 1615 100 0.000440088
135 1520 100 0.000436932
180 1520 100 0.000436932
135 1615 100 0.000440088
180 1615 100 0.000440088
90 1615 100 0.000440088
135 1615 100 0.000440088
90 1710 100 0.000440088
135 1710 100 0.000440088
135 1615 100 0.000440088
180 1615 100 0.000440088
135 1710 100 0.000440088
180 1710 100 0.000440088
0 1710 100 0
45 1710 100 0
0 1805 100 0
45 1805 100 0
45 1710 100 0
90 1710 100 0.000440088
45 1805 100 0
90 1805 100 0.000443244
0 1805 100 0
45 1805 100 0
0 1900 100 0
45 1900 100 0
45 1805 100 0
90 1805 100 0.000443244
45 1900 100 0
90 1900 100 0
90 1710 100 0.000440088
135 1710 100 0.000440088
90 1805 100 0.000443244
135 1805 100 0.000443244
135 1710 100 0.000440088
180 1710 100 0.000440088
135 1805 100 0.000443244
180 1805 100 0.000443244
90 1805 100 0.000443244
135 1805 100 0.000443244
90 1900 100 0
135 1900 100 0
135 1805 100 0.000443244
180 1805 100 0.000443244
135 1900 100 0
180 1900 100 0
180 1520 100 0.000436932
225 1520 100 0.000436932
180 1615 100 0.000440088
225 1615 100 0.000440088
225 1520 100 0.000436932
270 1520 100 0.000436932
225 1615 100 0.000440088
270 1615 100 0.000440088
180 1615 100 0.000440088
225 1615 100 0.000440088
180 1710 100 0.000440088
225 1710 100 0.000440088
225 1615 100 0.000440088
270 1615 100 0.000440088
225 1710 100 0.000440088
270 1710 100 0.000443244
270 1520 100 0.000436932
315 1520 100 0.000436932
270 1615 100 0.000440088
315 1615 100 0.000440088
315 1520 100 0.000436932
360 1520 100 0.000436932
315 1615 100 0.000440088
360 1615 100 0.000440088
270 1615 100 0.000440088
315 1615 100 0.000440088
270 1710 100 0.000443244
315 1710 100 0.000443244
315 1615 100 0.000440088
360 1615 100 0.000440088
315 1710 100 0.000443244
360 1710 100 0.000443244
180 1710 100 0.000440088
225 1710 100 0.000440088
180 1805 100 0.000443244
225 1805 100 0.000443244
225 1710 100 0.000440088
270 1710 100 0.000443244
225 1805 100 0.000443244
270 1805 100 0.000443244
180 1805 100 0.000443244
225 1805 100 0.000443244
180 1900 100 0
225 1900 100 0
225 1805 100 0.000443244
270 1805 100 0.000443244
225 1900 100 0
270 1900 100 0
270 1710 100 0.000443244
315 1710 100 0.000443244
270 1805 100 0.000443244
315 1805 100 0.000443244
315 1710 100 0.000443244
360 1710 100 0.000443244
315 1805 100 0.000443244
360 1805 100 0.000443244
270 1805 100 0.000443244
315 1805 100 0.000443244
270 1900 100 0
315 1900 100 0
315 1805 100 0.000443244
360 1805 100 0.000443244
315 1900 100 0
360 1900 100 0
360 1520 100 0.000436932
405 1520 100 0.000436932
360 1615 100 0.000440088
405 1615 100 0.000440088
405 1520 100 0.000436932
450 1520 100 0
405 1615 100 0.000440088
450 1615 100 0
360 1615 100 0.000440088
405 1615 100 0.000440088
360 1710 100 0.000443244
405 1710 100 0.000443244
405 1615 100 0.000440088
450 1615 100 0
405 1710 100 0.000443244
450 1710 100 0
450 1520 100 0
495 1520 100 0.000436932
450 1615 100 0
495 1615 100 0.000440088
495 1520 100 0.000436932
540 1520 100 0.000436932
495 1615 100 0.000440088
540 1615 100 0.000440088
450 1615 100 0
495 1615 100 0.000440088
450 1710 100 0
495 1710 100 0.000443244
495 1615 100 0.000440088
540 1615 100 0.000440088
495 1710 100 0.000443244
540 1710 100 0.000443244
360 1710 100 0.000443244
405 1710 100 0.000443244
360 1805 100 0.000443244
405 1805 100 0.000443244
405 1710 100 0.000443244
450 1710 100 0
405 1805 100 0.000443244
450 1805 100 0
360 1805 100 0.000443244
405 1805 100 0.000443244
360 1900 100 0
405 1900 100 0
405 1805 100 0.000443244
450 1805 100 0
405 1900 100 0
450 1900 100 0
450 1710 100 0
495 1710 100 0.000443244
450 1805 100 0
495 1805 100 0.000446399
495 1710 100 0.000443244
540 1710 100 0.000443244
495 1805 100 0.000446399
540 1805 100 0.000446399
450 1805 100 0
495 1805 100 0.000446399
450 1900 100 0
495 1900 100 0
495 1805 100 0.000446399
540 1805 100 0.000446399
495 1900 100 0
540 1900 100 0
540 1520 100 0.000436932
585 1520 100 0.000436932
540 1615 100 0.000440088
585 1615 100 0.000440088
585 1520 100 0.000436932
630 1520 100 0.000436932
585 1615 100 0.000440088
630 1615 100 0.000440088
540 1615 100 0.000440088
585 1615 100 0.000440088
540 1710 100 0.000443244
585 1710 100 0.000443244
585 1615 100 0.000440088
630 1615 100 0.000440088
585 1710 100 0.000443244
630 1710 100 0.000443244
630 1520 100 0.000436932
675 1520 100 0.000436932
630 1615 100 0.000440088
675 1615 100 0.000440088
675 1520 100 0.000436932
720 1520 100 0.000436932
675 1615 100 0.000440088
720 1615 100 0.000440088
630 1615 100 0.000440088
675 1615 100 0.000440088
630 1710 100 0.000443244
675 1710 100 0.000443244
675 1615 100 0.000440088
720 1615 100 0.000440088
675 1710 100 0.000443244
720 1710 100 0.000443244
540 1710 100 0.000443244
585 1710 100 0.000443244
540 1805 100 0.000446399
585 1805 100 0.000446399
585 1710 100 0.000443244
630 1710 100 0.000443244
585 1805 100 0.000446399
630 1805 100 0.000446399
540 1805 100 0.000446399
585 1805 100 0.000446399
540 1900 100 0
585 1900 100 0
585 1805 100 0.000446399
630 1805 100 0.000446399
585 1900 100 0
630 1900 100 0
630 1710 100 0.000443244
675 1710 100 0.000443244
630 1805 100 0.000446399
675 1805 100 0.000446399
675 1710 100 0.000443244
720 1710 100 0.000443244
675 1805 100 0.000446399
720 1805 100 0.000446399
630 1805 100 0.000446399
675 1805 100 0.000446399
630 1900 100 0
675 1900 100 0
675 1805 100 0.000446399
720 1805 100 0.000446399
675 1900 100 0
720 1900 100 0
720 1520 100 0.000436932
765 1520 100 0.000436932
720 1615 100 0.000440088
765 1615 100 0.000440088
765 1520 100 0.000436932
810 1520 100 0.000436932
765 1615 100 0.000440088
810 1615 100 0.000440088
720 1615 100 0.000440088
765 1615 100 0.000440088
720 1710 100 0.000443244
765 1710 100 0.000443244
765 1615 100 0.000440088
810 1615 100 0.000440088
765 1710 100 0.000443244
810 1710 100 0.000443244
810 1520 100 0.000436932
855 1520 100 0
810 1615 100 0.000440088
855 1615 100 0
855 1520 100 0
900 1520 100 0
855 1615 100 0
900 1615 100 0
810 1615 100 0.000440088
855 1615 100 0
810 1710 100 0.000443244
855 1710 100 0
855 1615 100 0
900 1615 100 0
855 1710 100 0
900 1710 100 0
720 1710 100 0.000443244
765 1710 100 0.000443244
720 1805 100 0.000446399
765 1805 100 0.000446399
765 1710 100 0.000443244
810 1710 100 0.000443244
765 1805 100 0.000446399
810 1805 100 0.000446399
720 1805 100 0.000446399
765 1805 100 0.000446399
720 1900 100 0
765 1900 100 0
765 1805 100 0.000446399
810 1805 100 0.000446399
765 1900 100 0
810 1900 100 0
810 1710 100 0.000443244
855 1710 100 0
810 1805 100 0.000446399
855 1805 100 0
855 1710 100 0
900 1710 100 0
855 1805 100 0
900 1805 100 0
810 1805 100 0.000446399
855 1805 100 0
810 1900 100 0
855 1900 100 0
855 1805 100 0
900 1805 100 0
855 1900 100 0
900 1900 100 0
