# x y topography analytical topography
0 1.03318 0.03318 0.0356369
0.015625 1.03341 0.0334098 0.0356971
0.015625 1.03341 0.0334098 0.0356971
0.03125 1.03376 0.033758 0.035877
0.03125 1.03376 0.033758 0.035877
0.046875 1.03422 0.034222 0.0361745
0.046875 1.03422 0.034222 0.0361745
0.0625 1.0348 0.0347975 0.0365867
0.0625 1.0348 0.0347975 0.0365867
0.078125 1.03548 0.0354795 0.0371089
0.078125 1.03548 0.0354795 0.0371089
0.09375 1.03626 0.0362618 0.0377356
0.09375 1.03626 0.0362618 0.0377356
0.109375 1.03714 0.0371369 0.0384601
0.109375 1.03714 0.0371369 0.0384601
0.125 1.0381 0.0380967 0.0392747
0.125 1.0381 0.0380967 0.0392747
0.140625 1.03913 0.0391322 0.0401709
0.140625 1.03913 0.0391322 0.0401709
0.15625 1.04023 0.0402336 0.0411393
0.15625 1.04023 0.0402336 0.0411393
0.171875 1.04139 0.0413906 0.0421699
0.171875 1.04139 0.0413906 0.0421699
0.1875 1.04259 0.0425924 0.0432522
0.1875 1.04259 0.0425924 0.0432522
0.203125 1.04383 0.0438279 0.0443751
0.203125 1.04383 0.0438279 0.0443751
0.21875 1.04509 0.0450857 0.0455273
0.21875 1.04509 0.0450857 0.0455273
0.234375 1.04635 0.0463543 0.0466976
0.234375 1.04635 0.0463543 0.0466976
0.25 1.04762 0.0476224 0.0478743
0.25 1.04762 0.0476224 0.0478743
0.265625 1.04888 0.0488785 0.0490461
0.265625 1.04888 0.0488785 0.0490461
0.28125 1.05011 0.0501116 0.0502018
0.28125 1.05011 0.0501116 0.0502018
0.296875 1.05131 0.051311 0.0513304
0.296875 1.05131 0.051311 0.0513304
0.3125 1.05247 0.0524664 0.0524215
0.3125 1.05247 0.0524664 0.0524215
0.328125 1.05357 0.0535678 0.053465
0.328125 1.05357 0.0535678 0.053465
0.34375 1.05461 0.0546061 0.0544515
0.34375 1.05461 0.0546061 0.0544515
0.359375 1.05557 0.0555726 0.0553719
0.359375 1.05557 0.0555726 0.0553719
0.375 1.05646 0.0564593 0.0562183
0.375 1.05646 0.0564593 0.0562183
0.390625 1.05726 0.0572591 0.056983
0.390625 1.05726 0.0572591 0.056983
0.40625 1.05797 0.0579655 0.0576596
0.40625 1.05797 0.0579655 0.0576596
0.421875 1.05857 0.0585729 0.0582421
0.421875 1.05857 0.0585729 0.0582421
0.4375 1.05908 0.0590765 0.0587256
0.4375 1.05908 0.0590765 0.0587256
0.453125 1.05947 0.0594723 0.0591059
0.453125 1.05947 0.0594723 0.0591059
0.46875 1.05976 0.0597573 0.0593799
0.46875 1.05976 0.0597573 0.0593799
0.484375 1.05993 0.0599291 0.0595452
0.484375 1.05993 0.0599291 0.0595452
0.5 1.05999 0.0599866 0.0596004
0.5 1.05999 0.0599866 0.0596004
0.515625 1.05993 0.0599291 0.0595452
0.515625 1.05993 0.0599291 0.0595452
0.53125 1.05976 0.0597573 0.0593799
0.53125 1.05976 0.0597573 0.0593799
0.546875 1.05947 0.0594723 0.0591059
0.546875 1.05947 0.0594723 0.0591059
0.5625 1.05908 0.0590765 0.0587256
0.5625 1.05908 0.0590765 0.0587256
0.578125 1.05857 0.0585729 0.0582421
0.578125 1.05857 0.0585729 0.0582421
0.59375 1.05797 0.0579655 0.0576596
0.59375 1.05797 0.0579655 0.0576596
0.609375 1.05726 0.0572591 0.056983
0.609375 1.05726 0.0572591 0.056983
0.625 1.05646 0.0564593 0.0562183
0.625 1.05646 0.0564593 0.0562183
0.640625 1.05557 0.0555726 0.0553719
0.640625 1.05557 0.0555726 0.0553719
0.65625 1.05461 0.0546061 0.0544515
0.65625 1.05461 0.0546061 0.0544515
0.671875 1.05357 0.0535678 0.053465
0.671875 1.05357 0.0535678 0.053465
0.6875 1.05247 0.0524664 0.0524215
0.6875 1.05247 0.0524664 0.0524215
0.703125 1.05131 0.051311 0.0513304
0.703125 1.05131 0.051311 0.0513304
0.71875 1.05011 0.0501116 0.0502018
0.71875 1.05011 0.0501116 0.0502018
0.734375 1.04888 0.0488785 0.0490461
0.734375 1.04888 0.0488785 0.0490461
0.75 1.04762 0.0476224 0.0478743
0.75 1.04762 0.0476224 0.0478743
0.765625 1.04635 0.0463543 0.0466976
0.765625 1.04635 0.0463543 0.0466976
0.78125 1.04509 0.0450857 0.0455273
0.78125 1.04509 0.0450857 0.0455273
0.796875 1.04383 0.0438279 0.0443751
0.796875 1.04383 0.0438279 0.0443751
0.8125 1.04259 0.0425924 0.0432522
0.8125 1.04259 0.0425924 0.0432522
0.828125 1.04139 0.0413906 0.0421699
0.828125 1.04139 0.0413906 0.0421699
0.84375 1.04023 0.0402336 0.0411393
0.84375 1.04023 0.0402336 0.0411393
0.859375 1.03913 0.0391322 0.0401709
0.859375 1.03913 0.0391322 0.0401709
0.875 1.0381 0.0380967 0.0392747
0.875 1.0381 0.0380967 0.0392747
0.890625 1.03714 0.0371369 0.0384601
0.890625 1.03714 0.0371369 0.0384601
0.90625 1.03626 0.0362618 0.0377356
0.90625 1.03626 0.0362618 0.0377356
0.921875 1.03548 0.0354795 0.0371089
0.921875 1.03548 0.0354795 0.0371089
0.9375 1.0348 0.0347975 0.0365867
0.9375 1.0348 0.0347975 0.0365867
0.953125 1.03422 0.034222 0.0361745
0.953125 1.03422 0.034222 0.0361745
0.96875 1.03376 0.033758 0.035877
0.96875 1.03376 0.033758 0.035877
0.984375 1.03341 0.0334098 0.0356971
0.984375 1.03341 0.0334098 0.0356971
1 1.03318 0.03318 0.0356369
