# x y topography analytical topography
0 1.02988 0.0298759 0.0323111
0.015625 1.03014 0.0301426 0.0323902
0.015625 1.03014 0.0301426 0.0323902
0.03125 1.03056 0.0305641 0.0326265
0.03125 1.03056 0.0305641 0.0326265
0.046875 1.03114 0.0311363 0.0330173
0.046875 1.03114 0.0311363 0.0330173
0.0625 1.03185 0.0318537 0.0335579
0.0625 1.03185 0.0318537 0.0335579
0.078125 1.03271 0.0327089 0.0342417
0.078125 1.03271 0.0327089 0.0342417
0.09375 1.03369 0.033693 0.0350609
0.09375 1.03369 0.033693 0.0350609
0.109375 1.0348 0.0347956 0.0360057
0.109375 1.0348 0.0347956 0.0360057
0.125 1.03601 0.0360054 0.0370652
0.125 1.03601 0.0360054 0.0370652
0.140625 1.03731 0.0373097 0.0382275
0.140625 1.03731 0.0373097 0.0382275
0.15625 1.0387 0.0386952 0.0394794
0.15625 1.0387 0.0386952 0.0394794
0.171875 1.04015 0.0401478 0.040807
0.171875 1.04015 0.0401478 0.040807
0.1875 1.04165 0.041653 0.0421961
0.1875 1.04165 0.041653 0.0421961
0.203125 1.0432 0.0431961 0.0436319
0.203125 1.0432 0.0431961 0.0436319
0.21875 1.04476 0.0447622 0.0450993
0.21875 1.04476 0.0447622 0.0450993
0.234375 1.04634 0.0463365 0.0465835
0.234375 1.04634 0.0463365 0.0465835
0.25 1.0479 0.0479046 0.0480696
0.25 1.0479 0.0479046 0.0480696
0.265625 1.04945 0.0494524 0.0495434
0.265625 1.04945 0.0494524 0.0495434
0.28125 1.05097 0.0509664 0.0509908
0.28125 1.05097 0.0509664 0.0509908
0.296875 1.05243 0.0524334 0.0523985
0.296875 1.05243 0.0524334 0.0523985
0.3125 1.05384 0.0538415 0.0537538
0.3125 1.05384 0.0538415 0.0537538
0.328125 1.05518 0.0551791 0.055045
0.328125 1.05518 0.0551791 0.055045
0.34375 1.05644 0.0564357 0.0562609
0.34375 1.05644 0.0564357 0.0562609
0.359375 1.0576 0.0576017 0.0573916
0.359375 1.0576 0.0576017 0.0573916
0.375 1.05867 0.0586682 0.0584278
0.375 1.05867 0.0586682 0.0584278
0.390625 1.05963 0.0596274 0.0593612
0.390625 1.05963 0.0596274 0.0593612
0.40625 1.06047 0.0604725 0.0601848
0.40625 1.06047 0.0604725 0.0601848
0.421875 1.0612 0.0611976 0.0608922
0.421875 1.0612 0.0611976 0.0608922
0.4375 1.0618 0.0617976 0.0614781
0.4375 1.0618 0.0617976 0.0614781
0.453125 1.06227 0.0622685 0.0619382
0.453125 1.06227 0.0622685 0.0619382
0.46875 1.06261 0.0626071 0.0622693
0.46875 1.06261 0.0626071 0.0622693
0.484375 1.06281 0.0628112 0.0624689
0.484375 1.06281 0.0628112 0.0624689
0.5 1.06288 0.0628793 0.0625356
0.5 1.06288 0.0628793 0.0625356
0.515625 1.06281 0.0628112 0.0624689
0.515625 1.06281 0.0628112 0.0624689
0.53125 1.06261 0.0626071 0.0622693
0.53125 1.06261 0.0626071 0.0622693
0.546875 1.06227 0.0622685 0.0619382
0.546875 1.06227 0.0622685 0.0619382
0.5625 1.0618 0.0617976 0.0614781
0.5625 1.0618 0.0617976 0.0614781
0.578125 1.0612 0.0611976 0.0608922
0.578125 1.0612 0.0611976 0.0608922
0.59375 1.06047 0.0604725 0.0601848
0.59375 1.06047 0.0604725 0.0601848
0.609375 1.05963 0.0596274 0.0593612
0.609375 1.05963 0.0596274 0.0593612
0.625 1.05867 0.0586682 0.0584278
0.625 1.05867 0.0586682 0.0584278
0.640625 1.0576 0.0576017 0.0573916
0.640625 1.0576 0.0576017 0.0573916
0.65625 1.05644 0.0564357 0.0562609
0.65625 1.05644 0.0564357 0.0562609
0.671875 1.05518 0.0551791 0.055045
0.671875 1.05518 0.0551791 0.055045
0.6875 1.05384 0.0538415 0.0537538
0.6875 1.05384 0.0538415 0.0537538
0.703125 1.05243 0.0524334 0.0523985
0.703125 1.05243 0.0524334 0.0523985
0.71875 1.05097 0.0509664 0.0509908
0.71875 1.05097 0.0509664 0.0509908
0.734375 1.04945 0.0494524 0.0495434
0.734375 1.04945 0.0494524 0.0495434
0.75 1.0479 0.0479046 0.0480696
0.75 1.0479 0.0479046 0.0480696
0.765625 1.04634 0.0463365 0.0465835
0.765625 1.04634 0.0463365 0.0465835
0.78125 1.04476 0.0447622 0.0450993
0.78125 1.04476 0.0447622 0.0450993
0.796875 1.0432 0.0431961 0.0436319
0.796875 1.0432 0.0431961 0.0436319
0.8125 1.04165 0.041653 0.0421961
0.8125 1.04165 0.041653 0.0421961
0.828125 1.04015 0.0401478 0.040807
0.828125 1.04015 0.0401478 0.040807
0.84375 1.0387 0.0386952 0.0394794
0.84375 1.0387 0.0386952 0.0394794
0.859375 1.03731 0.0373097 0.0382275
0.859375 1.03731 0.0373097 0.0382275
0.875 1.03601 0.0360054 0.0370652
0.875 1.03601 0.0360054 0.0370652
0.890625 1.0348 0.0347956 0.0360057
0.890625 1.0348 0.0347956 0.0360057
0.90625 1.03369 0.033693 0.0350609
0.90625 1.03369 0.033693 0.0350609
0.921875 1.03271 0.0327089 0.0342417
0.921875 1.03271 0.0327089 0.0342417
0.9375 1.03185 0.0318537 0.0335579
0.9375 1.03185 0.0318537 0.0335579
0.953125 1.03114 0.0311363 0.0330173
0.953125 1.03114 0.0311363 0.0330173
0.96875 1.03056 0.0305641 0.0326265
0.96875 1.03056 0.0305641 0.0326265
0.984375 1.03014 0.0301426 0.0323902
0.984375 1.03014 0.0301426 0.0323902
1 1.02988 0.0298759 0.0323111
