# x y topography analytical topography
0 1.03019 0.0301934 0.0326315
0.015625 1.03046 0.0304564 0.0327086
0.015625 1.03046 0.0304564 0.0327086
0.03125 1.03087 0.0308704 0.0329393
0.03125 1.03087 0.0308704 0.0329393
0.046875 1.03143 0.0314318 0.0333207
0.046875 1.03143 0.0314318 0.0333207
0.0625 1.03213 0.0321349 0.0338483
0.0625 1.03213 0.0321349 0.0338483
0.078125 1.03297 0.0329727 0.0345159
0.078125 1.03297 0.0329727 0.0345159
0.09375 1.03394 0.0339366 0.0353157
0.09375 1.03394 0.0339366 0.0353157
0.109375 1.03502 0.0350166 0.0362385
0.109375 1.03502 0.0350166 0.0362385
0.125 1.0362 0.0362015 0.0372737
0.125 1.0362 0.0362015 0.0372737
0.140625 1.03748 0.0374793 0.0384096
0.140625 1.03748 0.0374793 0.0384096
0.15625 1.03884 0.0388369 0.0396335
0.15625 1.03884 0.0388369 0.0396335
0.171875 1.04026 0.0402607 0.0409321
0.171875 1.04026 0.0402607 0.0409321
0.1875 1.04174 0.0417365 0.0422913
0.1875 1.04174 0.0417365 0.0422913
0.203125 1.04325 0.04325 0.0436968
0.203125 1.04325 0.04325 0.0436968
0.21875 1.04479 0.0447866 0.0451339
0.21875 1.04479 0.0447866 0.0451339
0.234375 1.04633 0.046332 0.0465882
0.234375 1.04633 0.046332 0.0465882
0.25 1.04787 0.0478719 0.0480451
0.25 1.04787 0.0478719 0.0480451
0.265625 1.04939 0.0493925 0.0494905
0.265625 1.04939 0.0493925 0.0494905
0.28125 1.05088 0.0508804 0.0509108
0.28125 1.05088 0.0508804 0.0509108
0.296875 1.05232 0.052323 0.0522928
0.296875 1.05232 0.052323 0.0522928
0.3125 1.05371 0.0537081 0.053624
0.3125 1.05371 0.0537081 0.053624
0.328125 1.05502 0.0550245 0.0548927
0.328125 1.05502 0.0550245 0.0548927
0.34375 1.05626 0.0562616 0.056088
0.34375 1.05626 0.0562616 0.056088
0.359375 1.05741 0.0574099 0.0571999
0.359375 1.05741 0.0574099 0.0571999
0.375 1.05846 0.0584606 0.0582193
0.375 1.05846 0.0584606 0.0582193
0.390625 1.05941 0.059406 0.059138
0.390625 1.05941 0.059406 0.059138
0.40625 1.06024 0.0602391 0.0599487
0.40625 1.06024 0.0602391 0.0599487
0.421875 1.06095 0.0609541 0.0606453
0.421875 1.06095 0.0609541 0.0606453
0.4375 1.06155 0.0615459 0.0612224
0.4375 1.06155 0.0615459 0.0612224
0.453125 1.06201 0.0620103 0.0616757
0.453125 1.06201 0.0620103 0.0616757
0.46875 1.06234 0.0623444 0.0620019
0.46875 1.06234 0.0623444 0.0620019
0.484375 1.06255 0.0625457 0.0621985
0.484375 1.06255 0.0625457 0.0621985
0.5 1.06261 0.062613 0.0622643
0.5 1.06261 0.062613 0.0622643
0.515625 1.06255 0.0625457 0.0621985
0.515625 1.06255 0.0625457 0.0621985
0.53125 1.06234 0.0623444 0.0620019
0.53125 1.06234 0.0623444 0.0620019
0.546875 1.06201 0.0620103 0.0616757
0.546875 1.06201 0.0620103 0.0616757
0.5625 1.06155 0.0615459 0.0612224
0.5625 1.06155 0.0615459 0.0612224
0.578125 1.06095 0.0609541 0.0606453
0.578125 1.06095 0.0609541 0.0606453
0.59375 1.06024 0.0602391 0.0599487
0.59375 1.06024 0.0602391 0.0599487
0.609375 1.05941 0.059406 0.059138
0.609375 1.05941 0.059406 0.059138
0.625 1.05846 0.0584606 0.0582193
0.625 1.05846 0.0584606 0.0582193
0.640625 1.05741 0.0574099 0.0571999
0.640625 1.05741 0.0574099 0.0571999
0.65625 1.05626 0.0562616 0.056088
0.65625 1.05626 0.0562616 0.056088
0.671875 1.05502 0.0550245 0.0548927
0.671875 1.05502 0.0550245 0.0548927
0.6875 1.05371 0.0537081 0.053624
0.6875 1.05371 0.0537081 0.053624
0.703125 1.05232 0.052323 0.0522928
0.703125 1.05232 0.052323 0.0522928
0.71875 1.05088 0.0508804 0.0509108
0.71875 1.05088 0.0508804 0.0509108
0.734375 1.04939 0.0493925 0.0494905
0.734375 1.04939 0.0493925 0.0494905
0.75 1.04787 0.0478719 0.0480451
0.75 1.04787 0.0478719 0.0480451
0.765625 1.04633 0.046332 0.0465882
0.765625 1.04633 0.046332 0.0465882
0.78125 1.04479 0.0447866 0.0451339
0.78125 1.04479 0.0447866 0.0451339
0.796875 1.04325 0.04325 0.0436968
0.796875 1.04325 0.04325 0.0436968
0.8125 1.04174 0.0417365 0.0422913
0.8125 1.04174 0.0417365 0.0422913
0.828125 1.04026 0.0402607 0.0409321
0.828125 1.04026 0.0402607 0.0409321
0.84375 1.03884 0.0388369 0.0396335
0.84375 1.03884 0.0388369 0.0396335
0.859375 1.03748 0.0374793 0.0384096
0.859375 1.03748 0.0374793 0.0384096
0.875 1.0362 0.0362015 0.0372737
0.875 1.0362 0.0362015 0.0372737
0.890625 1.03502 0.0350166 0.0362385
0.890625 1.03502 0.0350166 0.0362385
0.90625 1.03394 0.0339366 0.0353157
0.90625 1.03394 0.0339366 0.0353157
0.921875 1.03297 0.0329727 0.0345159
0.921875 1.03297 0.0329727 0.0345159
0.9375 1.03213 0.0321349 0.0338483
0.9375 1.03213 0.0321349 0.0338483
0.953125 1.03143 0.0314318 0.0333207
0.953125 1.03143 0.0314318 0.0333207
0.96875 1.03087 0.0308704 0.0329393
0.96875 1.03087 0.0308704 0.0329393
0.984375 1.03046 0.0304564 0.0327086
0.984375 1.03046 0.0304564 0.0327086
1 1.03019 0.0301934 0.0326315
