# x y topography analytical topography
0 1.02479 0.0247943 0.0271652
0.015625 1.02513 0.0251283 0.027279
0.015625 1.02513 0.0251283 0.027279
0.03125 1.02568 0.0256829 0.0276185
0.03125 1.02568 0.0256829 0.0276185
0.046875 1.02645 0.0264511 0.0281786
0.046875 1.02645 0.0264511 0.0281786
0.0625 1.02742 0.027423 0.0289509
0.0625 1.02742 0.027423 0.0289509
0.078125 1.02859 0.0285858 0.0299241
0.078125 1.02859 0.0285858 0.0299241
0.09375 1.02992 0.0299242 0.0310838
0.09375 1.02992 0.0299242 0.0310838
0.109375 1.03142 0.0314207 0.0324135
0.109375 1.03142 0.0314207 0.0324135
0.125 1.03306 0.0330563 0.0338947
0.125 1.03306 0.0330563 0.0338947
0.140625 1.03481 0.0348106 0.0355073
0.140625 1.03481 0.0348106 0.0355073
0.15625 1.03666 0.0366622 0.0372301
0.15625 1.03666 0.0366622 0.0372301
0.171875 1.03859 0.0385897 0.0390414
0.171875 1.03859 0.0385897 0.0390414
0.1875 1.04057 0.0405712 0.0409191
0.1875 1.04057 0.0405712 0.0409191
0.203125 1.04259 0.0425854 0.0428413
0.203125 1.04259 0.0425854 0.0428413
0.21875 1.04461 0.0446117 0.0447867
0.21875 1.04461 0.0446117 0.0447867
0.234375 1.04663 0.0466303 0.0467347
0.234375 1.04663 0.0466303 0.0467347
0.25 1.04862 0.0486225 0.0486658
0.25 1.04862 0.0486225 0.0486658
0.265625 1.05057 0.0505708 0.0505616
0.265625 1.05057 0.0505708 0.0505616
0.28125 1.05246 0.0524591 0.0524052
0.28125 1.05246 0.0524591 0.0524052
0.296875 1.05427 0.0542729 0.054181
0.296875 1.05427 0.0542729 0.054181
0.3125 1.056 0.0559987 0.0558749
0.3125 1.056 0.0559987 0.0558749
0.328125 1.05762 0.0576248 0.0574743
0.328125 1.05762 0.0576248 0.0574743
0.34375 1.05914 0.0591406 0.0589679
0.34375 1.05914 0.0591406 0.0589679
0.359375 1.06054 0.0605369 0.0603459
0.359375 1.06054 0.0605369 0.0603459
0.375 1.06181 0.0618056 0.0615996
0.375 1.06181 0.0618056 0.0615996
0.390625 1.06294 0.06294 0.0627218
0.390625 1.06294 0.06294 0.0627218
0.40625 1.06393 0.0639341 0.063706
0.40625 1.06393 0.0639341 0.063706
0.421875 1.06478 0.064783 0.0645472
0.421875 1.06478 0.064783 0.0645472
0.4375 1.06548 0.0654828 0.065241
0.4375 1.06548 0.0654828 0.065241
0.453125 1.06603 0.0660302 0.065784
0.453125 1.06603 0.0660302 0.065784
0.46875 1.06642 0.0664229 0.0661737
0.46875 1.06642 0.0664229 0.0661737
0.484375 1.06666 0.0666592 0.0664082
0.484375 1.06666 0.0666592 0.0664082
0.5 1.06674 0.0667381 0.0664865
0.5 1.06674 0.0667381 0.0664865
0.515625 1.06666 0.0666592 0.0664082
0.515625 1.06666 0.0666592 0.0664082
0.53125 1.06642 0.0664229 0.0661737
0.53125 1.06642 0.0664229 0.0661737
0.546875 1.06603 0.0660302 0.065784
0.546875 1.06603 0.0660302 0.065784
0.5625 1.06548 0.0654828 0.065241
0.5625 1.06548 0.0654828 0.065241
0.578125 1.06478 0.064783 0.0645472
0.578125 1.06478 0.064783 0.0645472
0.59375 1.06393 0.0639341 0.063706
0.59375 1.06393 0.0639341 0.063706
0.609375 1.06294 0.06294 0.0627218
0.609375 1.06294 0.06294 0.0627218
0.625 1.06181 0.0618056 0.0615996
0.625 1.06181 0.0618056 0.0615996
0.640625 1.06054 0.0605369 0.0603459
0.640625 1.06054 0.0605369 0.0603459
0.65625 1.05914 0.0591406 0.0589679
0.65625 1.05914 0.0591406 0.0589679
0.671875 1.05762 0.0576248 0.0574743
0.671875 1.05762 0.0576248 0.0574743
0.6875 1.056 0.0559987 0.0558749
0.6875 1.056 0.0559987 0.0558749
0.703125 1.05427 0.0542729 0.054181
0.703125 1.05427 0.0542729 0.054181
0.71875 1.05246 0.0524591 0.0524052
0.71875 1.05246 0.0524591 0.0524052
0.734375 1.05057 0.0505708 0.0505616
0.734375 1.05057 0.0505708 0.0505616
0.75 1.04862 0.0486225 0.0486658
0.75 1.04862 0.0486225 0.0486658
0.765625 1.04663 0.0466303 0.0467347
0.765625 1.04663 0.0466303 0.0467347
0.78125 1.04461 0.0446117 0.0447867
0.78125 1.04461 0.0446117 0.0447867
0.796875 1.04259 0.0425854 0.0428413
0.796875 1.04259 0.0425854 0.0428413
0.8125 1.04057 0.0405712 0.0409191
0.8125 1.04057 0.0405712 0.0409191
0.828125 1.03859 0.0385897 0.0390414
0.828125 1.03859 0.0385897 0.0390414
0.84375 1.03666 0.0366622 0.0372301
0.84375 1.03666 0.0366622 0.0372301
0.859375 1.03481 0.0348106 0.0355073
0.859375 1.03481 0.0348106 0.0355073
0.875 1.03306 0.0330563 0.0338947
0.875 1.03306 0.0330563 0.0338947
0.890625 1.03142 0.0314207 0.0324135
0.890625 1.03142 0.0314207 0.0324135
0.90625 1.02992 0.0299242 0.0310838
0.90625 1.02992 0.0299242 0.0310838
0.921875 1.02859 0.0285858 0.0299241
0.921875 1.02859 0.0285858 0.0299241
0.9375 1.02742 0.027423 0.0289509
0.9375 1.02742 0.027423 0.0289509
0.953125 1.02645 0.0264511 0.0281786
0.953125 1.02645 0.0264511 0.0281786
0.96875 1.02568 0.0256829 0.0276185
0.96875 1.02568 0.0256829 0.0276185
0.984375 1.02513 0.0251283 0.027279
0.984375 1.02513 0.0251283 0.027279
1 1.02479 0.0247943 0.0271652
