# x y topography analytical topography
0 1.02938 0.0293849 0.0318154
0.015625 1.02966 0.0296575 0.0318975
0.015625 1.02966 0.0296575 0.0318975
0.03125 1.03009 0.0300906 0.0321428
0.03125 1.03009 0.0300906 0.0321428
0.046875 1.03068 0.03068 0.0325484
0.046875 1.03068 0.03068 0.0325484
0.0625 1.03142 0.0314198 0.0331093
0.0625 1.03142 0.0314198 0.0331093
0.078125 1.0323 0.0323022 0.0338186
0.078125 1.0323 0.0323022 0.0338186
0.09375 1.03332 0.0333179 0.034668
0.09375 1.03332 0.0333179 0.034668
0.109375 1.03446 0.034456 0.0356472
0.109375 1.03446 0.034456 0.0356472
0.125 1.0357 0.0357044 0.0367449
0.125 1.0357 0.0357044 0.0367449
0.140625 1.03705 0.0370501 0.0379483
0.140625 1.03705 0.0370501 0.0379483
0.15625 1.03848 0.038479 0.0392437
0.15625 1.03848 0.038479 0.0392437
0.171875 1.03998 0.0399764 0.0406166
0.171875 1.03998 0.0399764 0.0406166
0.1875 1.04153 0.0415272 0.0420521
0.1875 1.04153 0.0415272 0.0420521
0.203125 1.04312 0.043116 0.0435346
0.203125 1.04312 0.043116 0.0435346
0.21875 1.04473 0.0447276 0.0450488
0.21875 1.04473 0.0447276 0.0450488
0.234375 1.04635 0.0463465 0.0465791
0.234375 1.04635 0.0463465 0.0465791
0.25 1.04796 0.0479579 0.0481103
0.25 1.04796 0.0479579 0.0481103
0.265625 1.04955 0.0495474 0.0496274
0.265625 1.04955 0.0495474 0.0496274
0.28125 1.0511 0.0511009 0.0511163
0.28125 1.0511 0.0511009 0.0511163
0.296875 1.05261 0.0526053 0.0525633
0.296875 1.05261 0.0526053 0.0525633
0.3125 1.05405 0.0540482 0.0539554
0.3125 1.05405 0.0540482 0.0539554
0.328125 1.05542 0.055418 0.0552806
0.328125 1.05542 0.055418 0.0552806
0.34375 1.0567 0.0567041 0.0565278
0.34375 1.0567 0.0567041 0.0565278
0.359375 1.0579 0.0578966 0.0576867
0.359375 1.0579 0.0578966 0.0576867
0.375 1.05899 0.0589868 0.0587481
0.375 1.05899 0.0589868 0.0587481
0.390625 1.05997 0.0599669 0.0597038
0.390625 1.05997 0.0599669 0.0597038
0.40625 1.06083 0.06083 0.0605466
0.40625 1.06083 0.06083 0.0605466
0.421875 1.06157 0.0615701 0.0612701
0.421875 1.06157 0.0615701 0.0612701
0.4375 1.06218 0.0621824 0.0618692
0.4375 1.06218 0.0621824 0.0618692
0.453125 1.06266 0.0626628 0.0623396
0.453125 1.06266 0.0626628 0.0623396
0.46875 1.06301 0.0630082 0.0626779
0.46875 1.06301 0.0630082 0.0626779
0.484375 1.06322 0.0632163 0.0628819
0.484375 1.06322 0.0632163 0.0628819
0.5 1.06329 0.0632858 0.06295
0.5 1.06329 0.0632858 0.06295
0.515625 1.06322 0.0632163 0.0628819
0.515625 1.06322 0.0632163 0.0628819
0.53125 1.06301 0.0630082 0.0626779
0.53125 1.06301 0.0630082 0.0626779
0.546875 1.06266 0.0626628 0.0623396
0.546875 1.06266 0.0626628 0.0623396
0.5625 1.06218 0.0621824 0.0618692
0.5625 1.06218 0.0621824 0.0618692
0.578125 1.06157 0.0615701 0.0612701
0.578125 1.06157 0.0615701 0.0612701
0.59375 1.06083 0.06083 0.0605466
0.59375 1.06083 0.06083 0.0605466
0.609375 1.05997 0.0599669 0.0597038
0.609375 1.05997 0.0599669 0.0597038
0.625 1.05899 0.0589868 0.0587481
0.625 1.05899 0.0589868 0.0587481
0.640625 1.0579 0.0578966 0.0576867
0.640625 1.0579 0.0578966 0.0576867
0.65625 1.0567 0.0567041 0.0565278
0.65625 1.0567 0.0567041 0.0565278
0.671875 1.05542 0.055418 0.0552806
0.671875 1.05542 0.055418 0.0552806
0.6875 1.05405 0.0540482 0.0539554
0.6875 1.05405 0.0540482 0.0539554
0.703125 1.05261 0.0526053 0.0525633
0.703125 1.05261 0.0526053 0.0525633
0.71875 1.0511 0.0511009 0.0511163
0.71875 1.0511 0.0511009 0.0511163
0.734375 1.04955 0.0495474 0.0496274
0.734375 1.04955 0.0495474 0.0496274
0.75 1.04796 0.0479579 0.0481103
0.75 1.04796 0.0479579 0.0481103
0.765625 1.04635 0.0463465 0.0465791
0.765625 1.04635 0.0463465 0.0465791
0.78125 1.04473 0.0447276 0.0450488
0.78125 1.04473 0.0447276 0.0450488
0.796875 1.04312 0.043116 0.0435346
0.796875 1.04312 0.043116 0.0435346
0.8125 1.04153 0.0415272 0.0420521
0.8125 1.04153 0.0415272 0.0420521
0.828125 1.03998 0.0399764 0.0406166
0.828125 1.03998 0.0399764 0.0406166
0.84375 1.03848 0.038479 0.0392437
0.84375 1.03848 0.038479 0.0392437
0.859375 1.03705 0.0370501 0.0379483
0.859375 1.03705 0.0370501 0.0379483
0.875 1.0357 0.0357044 0.0367449
0.875 1.0357 0.0357044 0.0367449
0.890625 1.03446 0.034456 0.0356472
0.890625 1.03446 0.034456 0.0356472
0.90625 1.03332 0.0333179 0.034668
0.90625 1.03332 0.0333179 0.034668
0.921875 1.0323 0.0323022 0.0338186
0.921875 1.0323 0.0323022 0.0338186
0.9375 1.03142 0.0314198 0.0331093
0.9375 1.03142 0.0314198 0.0331093
0.953125 1.03068 0.03068 0.0325484
0.953125 1.03068 0.03068 0.0325484
0.96875 1.03009 0.0300906 0.0321428
0.96875 1.03009 0.0300906 0.0321428
0.984375 1.02966 0.0296575 0.0318975
0.984375 1.02966 0.0296575 0.0318975
1 1.02938 0.0293849 0.0318154
