# x y topography analytical topography
0 1.0333 0.0333022 0.0357596
0.015625 1.03353 0.0335307 0.0358191
0.015625 1.03353 0.0335307 0.0358191
0.03125 1.03388 0.0338764 0.035997
0.03125 1.03388 0.0338764 0.035997
0.046875 1.03434 0.0343365 0.0362913
0.046875 1.03434 0.0343365 0.0362913
0.0625 1.03491 0.0349071 0.0366989
0.0625 1.03491 0.0349071 0.0366989
0.078125 1.03558 0.035583 0.0372154
0.078125 1.03558 0.035583 0.0372154
0.09375 1.03636 0.036358 0.0378353
0.09375 1.03636 0.036358 0.0378353
0.109375 1.03723 0.0372251 0.038552
0.109375 1.03723 0.0372251 0.038552
0.125 1.03818 0.0381759 0.0393579
0.125 1.03818 0.0381759 0.0393579
0.140625 1.0392 0.0392018 0.0402446
0.140625 1.0392 0.0392018 0.0402446
0.15625 1.04029 0.0402929 0.0412028
0.15625 1.04029 0.0402929 0.0412028
0.171875 1.04144 0.0414392 0.0422226
0.171875 1.04144 0.0414392 0.0422226
0.1875 1.04263 0.0426299 0.0432937
0.1875 1.04263 0.0426299 0.0432937
0.203125 1.04385 0.043854 0.0444051
0.203125 1.04385 0.043854 0.0444051
0.21875 1.0451 0.0451003 0.0455457
0.21875 1.0451 0.0451003 0.0455457
0.234375 1.04636 0.0463575 0.0467042
0.234375 1.04636 0.0463575 0.0467042
0.25 1.04761 0.0476142 0.0478693
0.25 1.04761 0.0476142 0.0478693
0.265625 1.04886 0.0488592 0.0490297
0.265625 1.04886 0.0488592 0.0490297
0.28125 1.05008 0.0500816 0.0501743
0.28125 1.05008 0.0500816 0.0501743
0.296875 1.05127 0.0512706 0.0512922
0.296875 1.05127 0.0512706 0.0512922
0.3125 1.05242 0.052416 0.052373
0.3125 1.05242 0.052416 0.052373
0.328125 1.05351 0.0535082 0.0534068
0.328125 1.05351 0.0535082 0.0534068
0.34375 1.05454 0.0545378 0.0543842
0.34375 1.05454 0.0545378 0.0543842
0.359375 1.0555 0.0554963 0.0552963
0.359375 1.0555 0.0554963 0.0552963
0.375 1.05638 0.0563757 0.0561351
0.375 1.05638 0.0563757 0.0561351
0.390625 1.05717 0.0571691 0.0568931
0.390625 1.05717 0.0571691 0.0568931
0.40625 1.05787 0.0578698 0.0575637
0.40625 1.05787 0.0578698 0.0575637
0.421875 1.05847 0.0584724 0.0581411
0.421875 1.05847 0.0584724 0.0581411
0.4375 1.05897 0.058972 0.0586204
0.4375 1.05897 0.058972 0.0586204
0.453125 1.05936 0.0593647 0.0589974
0.453125 1.05936 0.0593647 0.0589974
0.46875 1.05965 0.0596474 0.059269
0.46875 1.05965 0.0596474 0.059269
0.484375 1.05982 0.0598179 0.0594329
0.484375 1.05982 0.0598179 0.0594329
0.5 1.05987 0.0598749 0.0594877
0.5 1.05987 0.0598749 0.0594877
0.515625 1.05982 0.0598179 0.0594329
0.515625 1.05982 0.0598179 0.0594329
0.53125 1.05965 0.0596474 0.059269
0.53125 1.05965 0.0596474 0.059269
0.546875 1.05936 0.0593647 0.0589974
0.546875 1.05936 0.0593647 0.0589974
0.5625 1.05897 0.058972 0.0586204
0.5625 1.05897 0.058972 0.0586204
0.578125 1.05847 0.0584724 0.0581411
0.578125 1.05847 0.0584724 0.0581411
0.59375 1.05787 0.0578698 0.0575637
0.59375 1.05787 0.0578698 0.0575637
0.609375 1.05717 0.0571691 0.0568931
0.609375 1.05717 0.0571691 0.0568931
0.625 1.05638 0.0563757 0.0561351
0.625 1.05638 0.0563757 0.0561351
0.640625 1.0555 0.0554963 0.0552963
0.640625 1.0555 0.0554963 0.0552963
0.65625 1.05454 0.0545378 0.0543842
0.65625 1.05454 0.0545378 0.0543842
0.671875 1.05351 0.0535082 0.0534068
0.671875 1.05351 0.0535082 0.0534068
0.6875 1.05242 0.052416 0.052373
0.6875 1.05242 0.052416 0.052373
0.703125 1.05127 0.0512706 0.0512922
0.703125 1.05127 0.0512706 0.0512922
0.71875 1.05008 0.0500816 0.0501743
0.71875 1.05008 0.0500816 0.0501743
0.734375 1.04886 0.0488592 0.0490297
0.734375 1.04886 0.0488592 0.0490297
0.75 1.04761 0.0476142 0.0478693
0.75 1.04761 0.0476142 0.0478693
0.765625 1.04636 0.0463575 0.0467042
0.765625 1.04636 0.0463575 0.0467042
0.78125 1.0451 0.0451003 0.0455457
0.78125 1.0451 0.0451003 0.0455457
0.796875 1.04385 0.043854 0.0444051
0.796875 1.04385 0.043854 0.0444051
0.8125 1.04263 0.0426299 0.0432937
0.8125 1.04263 0.0426299 0.0432937
0.828125 1.04144 0.0414392 0.0422226
0.828125 1.04144 0.0414392 0.0422226
0.84375 1.04029 0.0402929 0.0412028
0.84375 1.04029 0.0402929 0.0412028
0.859375 1.0392 0.0392018 0.0402446
0.859375 1.0392 0.0392018 0.0402446
0.875 1.03818 0.0381759 0.0393579
0.875 1.03818 0.0381759 0.0393579
0.890625 1.03723 0.0372251 0.038552
0.890625 1.03723 0.0372251 0.038552
0.90625 1.03636 0.036358 0.0378353
0.90625 1.03636 0.036358 0.0378353
0.921875 1.03558 0.035583 0.0372154
0.921875 1.03558 0.035583 0.0372154
0.9375 1.03491 0.0349071 0.0366989
0.9375 1.03491 0.0349071 0.0366989
0.953125 1.03434 0.0343365 0.0362913
0.953125 1.03434 0.0343365 0.0362913
0.96875 1.03388 0.0338764 0.035997
0.96875 1.03388 0.0338764 0.035997
0.984375 1.03353 0.0335307 0.0358191
0.984375 1.03353 0.0335307 0.0358191
1 1.0333 0.0333022 0.0357596
