# x y topography analytical topography
0 1.02569 0.0256856 0.0280701
0.015625 1.02601 0.0260066 0.0281772
0.015625 1.02601 0.0260066 0.0281772
0.03125 1.02654 0.0265354 0.0284967
0.03125 1.02654 0.0265354 0.0284967
0.046875 1.02727 0.0272659 0.0290241
0.046875 1.02727 0.0272659 0.0290241
0.0625 1.02819 0.028189 0.0297518
0.0625 1.02819 0.028189 0.0297518
0.078125 1.02929 0.0292932 0.0306696
0.078125 1.02929 0.0292932 0.0306696
0.09375 1.03056 0.0305645 0.0317646
0.09375 1.03056 0.0305645 0.0317646
0.109375 1.03199 0.0319872 0.0330217
0.109375 1.03199 0.0319872 0.0330217
0.125 1.03354 0.0335437 0.0344241
0.125 1.03354 0.0335437 0.0344241
0.140625 1.03522 0.0352153 0.0359534
0.140625 1.03522 0.0352153 0.0359534
0.15625 1.03698 0.0369823 0.0375902
0.15625 1.03698 0.0369823 0.0375902
0.171875 1.03882 0.0388248 0.0393143
0.171875 1.03882 0.0388248 0.0393143
0.1875 1.04072 0.0407223 0.0411051
0.1875 1.04072 0.0407223 0.0411051
0.203125 1.04265 0.0426548 0.0429421
0.203125 1.04265 0.0426548 0.0429421
0.21875 1.0446 0.0446026 0.0448051
0.21875 1.0446 0.0446026 0.0448051
0.234375 1.04655 0.0465467 0.0466746
0.234375 1.04655 0.0465467 0.0466746
0.25 1.04847 0.0484691 0.0485317
0.25 1.04847 0.0484691 0.0485317
0.265625 1.05035 0.0503527 0.0503587
0.265625 1.05035 0.0503527 0.0503587
0.28125 1.05218 0.0521818 0.0521389
0.28125 1.05218 0.0521818 0.0521389
0.296875 1.05394 0.0539418 0.0538569
0.296875 1.05394 0.0539418 0.0538569
0.3125 1.05562 0.0556193 0.0554988
0.3125 1.05562 0.0556193 0.0554988
0.328125 1.0572 0.0572025 0.0570518
0.328125 1.0572 0.0572025 0.0570518
0.34375 1.05868 0.0586804 0.0585045
0.34375 1.05868 0.0586804 0.0585045
0.359375 1.06004 0.0600437 0.0598467
0.359375 1.06004 0.0600437 0.0598467
0.375 1.06128 0.061284 0.0610696
0.375 1.06128 0.061284 0.0610696
0.390625 1.06239 0.0623942 0.0621654
0.390625 1.06239 0.0623942 0.0621654
0.40625 1.06337 0.063368 0.0631277
0.40625 1.06337 0.063368 0.0631277
0.421875 1.0642 0.0642003 0.0639508
0.421875 1.0642 0.0642003 0.0639508
0.4375 1.06489 0.0648869 0.0646302
0.4375 1.06489 0.0648869 0.0646302
0.453125 1.06542 0.0654243 0.0651623
0.453125 1.06542 0.0654243 0.0651623
0.46875 1.06581 0.06581 0.0655443
0.46875 1.06581 0.06581 0.0655443
0.484375 1.06604 0.0660421 0.0657742
0.484375 1.06604 0.0660421 0.0657742
0.5 1.06612 0.0661196 0.065851
0.5 1.06612 0.0661196 0.065851
0.515625 1.06604 0.0660421 0.0657742
0.515625 1.06604 0.0660421 0.0657742
0.53125 1.06581 0.06581 0.0655443
0.53125 1.06581 0.06581 0.0655443
0.546875 1.06542 0.0654243 0.0651623
0.546875 1.06542 0.0654243 0.0651623
0.5625 1.06489 0.0648869 0.0646302
0.5625 1.06489 0.0648869 0.0646302
0.578125 1.0642 0.0642003 0.0639508
0.578125 1.0642 0.0642003 0.0639508
0.59375 1.06337 0.063368 0.0631277
0.59375 1.06337 0.063368 0.0631277
0.609375 1.06239 0.0623942 0.0621654
0.609375 1.06239 0.0623942 0.0621654
0.625 1.06128 0.061284 0.0610696
0.625 1.06128 0.061284 0.0610696
0.640625 1.06004 0.0600437 0.0598467
0.640625 1.06004 0.0600437 0.0598467
0.65625 1.05868 0.0586804 0.0585045
0.65625 1.05868 0.0586804 0.0585045
0.671875 1.0572 0.0572025 0.0570518
0.671875 1.0572 0.0572025 0.0570518
0.6875 1.05562 0.0556193 0.0554988
0.6875 1.05562 0.0556193 0.0554988
0.703125 1.05394 0.0539418 0.0538569
0.703125 1.05394 0.0539418 0.0538569
0.71875 1.05218 0.0521818 0.0521389
0.71875 1.05218 0.0521818 0.0521389
0.734375 1.05035 0.0503527 0.0503587
0.734375 1.05035 0.0503527 0.0503587
0.75 1.04847 0.0484691 0.0485317
0.75 1.04847 0.0484691 0.0485317
0.765625 1.04655 0.0465467 0.0466746
0.765625 1.04655 0.0465467 0.0466746
0.78125 1.0446 0.0446026 0.0448051
0.78125 1.0446 0.0446026 0.0448051
0.796875 1.04265 0.0426548 0.0429421
0.796875 1.04265 0.0426548 0.0429421
0.8125 1.04072 0.0407223 0.0411051
0.8125 1.04072 0.0407223 0.0411051
0.828125 1.03882 0.0388248 0.0393143
0.828125 1.03882 0.0388248 0.0393143
0.84375 1.03698 0.0369823 0.0375902
0.84375 1.03698 0.0369823 0.0375902
0.859375 1.03522 0.0352153 0.0359534
0.859375 1.03522 0.0352153 0.0359534
0.875 1.03354 0.0335437 0.0344241
0.875 1.03354 0.0335437 0.0344241
0.890625 1.03199 0.0319872 0.0330217
0.890625 1.03199 0.0319872 0.0330217
0.90625 1.03056 0.0305645 0.0317646
0.90625 1.03056 0.0305645 0.0317646
0.921875 1.02929 0.0292932 0.0306696
0.921875 1.02929 0.0292932 0.0306696
0.9375 1.02819 0.028189 0.0297518
0.9375 1.02819 0.028189 0.0297518
0.953125 1.02727 0.0272659 0.0290241
0.953125 1.02727 0.0272659 0.0290241
0.96875 1.02654 0.0265354 0.0284967
0.96875 1.02654 0.0265354 0.0284967
0.984375 1.02601 0.0260066 0.0281772
0.984375 1.02601 0.0260066 0.0281772
1 1.02569 0.0256856 0.0280701
