# x y topography analytical topography
0 1.03287 0.0328685 0.0353243
0.015625 1.0331 0.0331017 0.0353862
0.015625 1.0331 0.0331017 0.0353862
0.03125 1.03346 0.0334565 0.0355711
0.03125 1.03346 0.0334565 0.0355711
0.046875 1.03393 0.0339302 0.035877
0.046875 1.03393 0.0339302 0.035877
0.0625 1.03452 0.0345185 0.0363007
0.0625 1.03452 0.0345185 0.0363007
0.078125 1.03522 0.0352162 0.0368375
0.078125 1.03522 0.0352162 0.0368375
0.09375 1.03602 0.0360168 0.0374816
0.09375 1.03602 0.0360168 0.0374816
0.109375 1.03691 0.0369126 0.0382262
0.109375 1.03691 0.0369126 0.0382262
0.125 1.0379 0.0378953 0.0390631
0.125 1.0379 0.0378953 0.0390631
0.140625 1.03896 0.0389555 0.0399837
0.140625 1.03896 0.0389555 0.0399837
0.15625 1.04008 0.0400832 0.0409782
0.15625 1.04008 0.0400832 0.0409782
0.171875 1.04127 0.0412676 0.0420363
0.171875 1.04127 0.0412676 0.0420363
0.1875 1.0425 0.0424978 0.0431471
0.1875 1.0425 0.0424978 0.0431471
0.203125 1.04376 0.0437622 0.0442993
0.203125 1.04376 0.0437622 0.0442993
0.21875 1.04505 0.0450492 0.0454812
0.21875 1.04505 0.0450492 0.0454812
0.234375 1.04635 0.046347 0.0466813
0.234375 1.04635 0.046347 0.0466813
0.25 1.04764 0.0476439 0.0478875
0.25 1.04764 0.0476439 0.0478875
0.265625 1.04893 0.0489282 0.0490884
0.265625 1.04893 0.0489282 0.0490884
0.28125 1.05019 0.0501887 0.0502723
0.28125 1.05019 0.0501887 0.0502723
0.296875 1.05141 0.0514144 0.0514282
0.296875 1.05141 0.0514144 0.0514282
0.3125 1.05259 0.0525948 0.0525453
0.3125 1.05259 0.0525948 0.0525453
0.328125 1.05372 0.0537198 0.0536134
0.328125 1.05372 0.0537198 0.0536134
0.34375 1.05478 0.05478 0.0546227
0.34375 1.05478 0.05478 0.0546227
0.359375 1.05577 0.0557666 0.0555643
0.359375 1.05577 0.0557666 0.0555643
0.375 1.05667 0.0566717 0.0564298
0.375 1.05667 0.0566717 0.0564298
0.390625 1.05749 0.0574878 0.0572118
0.390625 1.05749 0.0574878 0.0572118
0.40625 1.05821 0.0582085 0.0579034
0.40625 1.05821 0.0582085 0.0579034
0.421875 1.05883 0.0588281 0.0584987
0.421875 1.05883 0.0588281 0.0584987
0.4375 1.05934 0.0593417 0.0589928
0.4375 1.05934 0.0593417 0.0589928
0.453125 1.05975 0.0597454 0.0593814
0.453125 1.05975 0.0597454 0.0593814
0.46875 1.06004 0.0600359 0.0596613
0.46875 1.06004 0.0600359 0.0596613
0.484375 1.06021 0.0602112 0.0598301
0.484375 1.06021 0.0602112 0.0598301
0.5 1.06027 0.0602697 0.0598866
0.5 1.06027 0.0602697 0.0598866
0.515625 1.06021 0.0602112 0.0598301
0.515625 1.06021 0.0602112 0.0598301
0.53125 1.06004 0.0600359 0.0596613
0.53125 1.06004 0.0600359 0.0596613
0.546875 1.05975 0.0597454 0.0593814
0.546875 1.05975 0.0597454 0.0593814
0.5625 1.05934 0.0593417 0.0589928
0.5625 1.05934 0.0593417 0.0589928
0.578125 1.05883 0.0588281 0.0584987
0.578125 1.05883 0.0588281 0.0584987
0.59375 1.05821 0.0582085 0.0579034
0.59375 1.05821 0.0582085 0.0579034
0.609375 1.05749 0.0574878 0.0572118
0.609375 1.05749 0.0574878 0.0572118
0.625 1.05667 0.0566717 0.0564298
0.625 1.05667 0.0566717 0.0564298
0.640625 1.05577 0.0557666 0.0555643
0.640625 1.05577 0.0557666 0.0555643
0.65625 1.05478 0.05478 0.0546227
0.65625 1.05478 0.05478 0.0546227
0.671875 1.05372 0.0537198 0.0536134
0.671875 1.05372 0.0537198 0.0536134
0.6875 1.05259 0.0525948 0.0525453
0.6875 1.05259 0.0525948 0.0525453
0.703125 1.05141 0.0514144 0.0514282
0.703125 1.05141 0.0514144 0.0514282
0.71875 1.05019 0.0501887 0.0502723
0.71875 1.05019 0.0501887 0.0502723
0.734375 1.04893 0.0489282 0.0490884
0.734375 1.04893 0.0489282 0.0490884
0.75 1.04764 0.0476439 0.0478875
0.75 1.04764 0.0476439 0.0478875
0.765625 1.04635 0.046347 0.0466813
0.765625 1.04635 0.046347 0.0466813
0.78125 1.04505 0.0450492 0.0454812
0.78125 1.04505 0.0450492 0.0454812
0.796875 1.04376 0.0437622 0.0442993
0.796875 1.04376 0.0437622 0.0442993
0.8125 1.0425 0.0424978 0.0431471
0.8125 1.0425 0.0424978 0.0431471
0.828125 1.04127 0.0412676 0.0420363
0.828125 1.04127 0.0412676 0.0420363
0.84375 1.04008 0.0400832 0.0409782
0.84375 1.04008 0.0400832 0.0409782
0.859375 1.03896 0.0389555 0.0399837
0.859375 1.03896 0.0389555 0.0399837
0.875 1.0379 0.0378953 0.0390631
0.875 1.0379 0.0378953 0.0390631
0.890625 1.03691 0.0369126 0.0382262
0.890625 1.03691 0.0369126 0.0382262
0.90625 1.03602 0.0360168 0.0374816
0.90625 1.03602 0.0360168 0.0374816
0.921875 1.03522 0.0352162 0.0368375
0.921875 1.03522 0.0352162 0.0368375
0.9375 1.03452 0.0345185 0.0363007
0.9375 1.03452 0.0345185 0.0363007
0.953125 1.03393 0.0339302 0.035877
0.953125 1.03393 0.0339302 0.035877
0.96875 1.03346 0.0334565 0.0355711
0.96875 1.03346 0.0334565 0.0355711
0.984375 1.0331 0.0331017 0.0353862
0.984375 1.0331 0.0331017 0.0353862
1 1.03287 0.0328685 0.0353243
