# x y topography analytical topography
0 1.02751 0.027513 0.0299224
0.015625 1.02781 0.027809 0.0300166
0.015625 1.02781 0.027809 0.0300166
0.03125 1.02829 0.0282886 0.0302979
0.03125 1.02829 0.0282886 0.0302979
0.046875 1.02895 0.0289466 0.0307626
0.046875 1.02895 0.0289466 0.0307626
0.0625 1.02978 0.0297756 0.0314046
0.0625 1.02978 0.0297756 0.0314046
0.078125 1.03077 0.0307663 0.0322155
0.078125 1.03077 0.0307663 0.0322155
0.09375 1.03191 0.0319071 0.0331849
0.09375 1.03191 0.0319071 0.0331849
0.109375 1.03319 0.0331851 0.0343004
0.109375 1.03319 0.0331851 0.0343004
0.125 1.03459 0.0345856 0.0355481
0.125 1.03459 0.0345856 0.0355481
0.140625 1.03609 0.0360929 0.0369127
0.140625 1.03609 0.0360929 0.0369127
0.15625 1.03769 0.0376903 0.0383777
0.15625 1.03769 0.0376903 0.0383777
0.171875 1.03936 0.0393607 0.0399261
0.171875 1.03936 0.0393607 0.0399261
0.1875 1.04109 0.0410863 0.0415401
0.1875 1.04109 0.0410863 0.0415401
0.203125 1.04285 0.0428496 0.0432019
0.203125 1.04285 0.0428496 0.0432019
0.21875 1.04463 0.0446329 0.0448936
0.21875 1.04463 0.0446329 0.0448936
0.234375 1.04642 0.0464191 0.0465977
0.234375 1.04642 0.0464191 0.0465977
0.25 1.04819 0.0481917 0.048297
0.25 1.04819 0.0481917 0.048297
0.265625 1.04993 0.0499347 0.0499753
0.265625 1.04993 0.0499347 0.0499753
0.28125 1.05163 0.0516331 0.0516167
0.28125 1.05163 0.0516331 0.0516167
0.296875 1.05327 0.053273 0.0532067
0.296875 1.05327 0.053273 0.0532067
0.3125 1.05484 0.0548411 0.0547316
0.3125 1.05484 0.0548411 0.0547316
0.328125 1.05633 0.0563256 0.0561788
0.328125 1.05633 0.0563256 0.0561788
0.34375 1.05772 0.0577156 0.0575368
0.34375 1.05772 0.0577156 0.0575368
0.359375 1.059 0.0590012 0.0587953
0.359375 1.059 0.0590012 0.0587953
0.375 1.06017 0.0601738 0.059945
0.375 1.06017 0.0601738 0.059945
0.390625 1.06123 0.0612257 0.0609779
0.390625 1.06123 0.0612257 0.0609779
0.40625 1.06215 0.0621503 0.0618867
0.40625 1.06215 0.0621503 0.0618867
0.421875 1.06294 0.0629419 0.0626657
0.421875 1.06294 0.0629419 0.0626657
0.4375 1.0636 0.0635958 0.0633096
0.4375 1.0636 0.0635958 0.0633096
0.453125 1.06411 0.0641082 0.0638146
0.453125 1.06411 0.0641082 0.0638146
0.46875 1.06448 0.0644763 0.0641775
0.46875 1.06448 0.0644763 0.0641775
0.484375 1.0647 0.064698 0.0643961
0.484375 1.0647 0.064698 0.0643961
0.5 1.06477 0.064772 0.0644691
0.5 1.06477 0.064772 0.0644691
0.515625 1.0647 0.064698 0.0643961
0.515625 1.0647 0.064698 0.0643961
0.53125 1.06448 0.0644763 0.0641775
0.53125 1.06448 0.0644763 0.0641775
0.546875 1.06411 0.0641082 0.0638146
0.546875 1.06411 0.0641082 0.0638146
0.5625 1.0636 0.0635958 0.0633096
0.5625 1.0636 0.0635958 0.0633096
0.578125 1.06294 0.0629419 0.0626657
0.578125 1.06294 0.0629419 0.0626657
0.59375 1.06215 0.0621503 0.0618867
0.59375 1.06215 0.0621503 0.0618867
0.609375 1.06123 0.0612257 0.0609779
0.609375 1.06123 0.0612257 0.0609779
0.625 1.06017 0.0601738 0.059945
0.625 1.06017 0.0601738 0.059945
0.640625 1.059 0.0590012 0.0587953
0.640625 1.059 0.0590012 0.0587953
0.65625 1.05772 0.0577156 0.0575368
0.65625 1.05772 0.0577156 0.0575368
0.671875 1.05633 0.0563256 0.0561788
0.671875 1.05633 0.0563256 0.0561788
0.6875 1.05484 0.0548411 0.0547316
0.6875 1.05484 0.0548411 0.0547316
0.703125 1.05327 0.053273 0.0532067
0.703125 1.05327 0.053273 0.0532067
0.71875 1.05163 0.0516331 0.0516167
0.71875 1.05163 0.0516331 0.0516167
0.734375 1.04993 0.0499347 0.0499753
0.734375 1.04993 0.0499347 0.0499753
0.75 1.04819 0.0481917 0.048297
0.75 1.04819 0.0481917 0.048297
0.765625 1.04642 0.0464191 0.0465977
0.765625 1.04642 0.0464191 0.0465977
0.78125 1.04463 0.0446329 0.0448936
0.78125 1.04463 0.0446329 0.0448936
0.796875 1.04285 0.0428496 0.0432019
0.796875 1.04285 0.0428496 0.0432019
0.8125 1.04109 0.0410863 0.0415401
0.8125 1.04109 0.0410863 0.0415401
0.828125 1.03936 0.0393607 0.0399261
0.828125 1.03936 0.0393607 0.0399261
0.84375 1.03769 0.0376903 0.0383777
0.84375 1.03769 0.0376903 0.0383777
0.859375 1.03609 0.0360929 0.0369127
0.859375 1.03609 0.0360929 0.0369127
0.875 1.03459 0.0345856 0.0355481
0.875 1.03459 0.0345856 0.0355481
0.890625 1.03319 0.0331851 0.0343004
0.890625 1.03319 0.0331851 0.0343004
0.90625 1.03191 0.0319071 0.0331849
0.90625 1.03191 0.0319071 0.0331849
0.921875 1.03077 0.0307663 0.0322155
0.921875 1.03077 0.0307663 0.0322155
0.9375 1.02978 0.0297756 0.0314046
0.9375 1.02978 0.0297756 0.0314046
0.953125 1.02895 0.0289466 0.0307626
0.953125 1.02895 0.0289466 0.0307626
0.96875 1.02829 0.0282886 0.0302979
0.96875 1.02829 0.0282886 0.0302979
0.984375 1.02781 0.027809 0.0300166
0.984375 1.02781 0.027809 0.0300166
1 1.02751 0.027513 0.0299224
