# x y topography analytical topography
0 1.02335 0.0233491 0.0256963
0.015625 1.02371 0.0237057 0.0258217
0.015625 1.02371 0.0237057 0.0258217
0.03125 1.0243 0.0243048 0.0261957
0.03125 1.0243 0.0243048 0.0261957
0.046875 1.02514 0.0251381 0.0268124
0.046875 1.02514 0.0251381 0.0268124
0.0625 1.02619 0.0261939 0.0276615
0.0625 1.02619 0.0261939 0.0276615
0.078125 1.02746 0.027457 0.0287295
0.078125 1.02746 0.027457 0.0287295
0.09375 1.02891 0.0289095 0.0299997
0.09375 1.02891 0.0289095 0.0299997
0.109375 1.03053 0.030531 0.0314526
0.109375 1.03053 0.030531 0.0314526
0.125 1.0323 0.0322994 0.0330666
0.125 1.0323 0.0322994 0.0330666
0.140625 1.03419 0.0341912 0.0348185
0.140625 1.03419 0.0341912 0.0348185
0.15625 1.03618 0.0361824 0.036684
0.15625 1.03618 0.0361824 0.036684
0.171875 1.03825 0.0382486 0.0386386
0.171875 1.03825 0.0382486 0.0386386
0.1875 1.04037 0.0403659 0.0406576
0.1875 1.04037 0.0403659 0.0406576
0.203125 1.04251 0.0425109 0.0427169
0.203125 1.04251 0.0425109 0.0427169
0.21875 1.04466 0.0446613 0.0447933
0.21875 1.04466 0.0446613 0.0447933
0.234375 1.0468 0.0467962 0.0468647
0.234375 1.0468 0.0467962 0.0468647
0.25 1.0489 0.0488959 0.0489106
0.25 1.0489 0.0488959 0.0489106
0.265625 1.05094 0.0509427 0.050912
0.265625 1.05094 0.0509427 0.050912
0.28125 1.05292 0.0529201 0.0528514
0.28125 1.05292 0.0529201 0.0528514
0.296875 1.05481 0.0548136 0.0547135
0.296875 1.05481 0.0548136 0.0547135
0.3125 1.05661 0.0566103 0.0564841
0.3125 1.05661 0.0566103 0.0564841
0.328125 1.0583 0.0582986 0.0581511
0.328125 1.0583 0.0582986 0.0581511
0.34375 1.05987 0.0598686 0.0597036
0.34375 1.05987 0.0598686 0.0597036
0.359375 1.06131 0.0613117 0.0611325
0.359375 1.06131 0.0613117 0.0611325
0.375 1.06262 0.0626204 0.0624298
0.375 1.06262 0.0626204 0.0624298
0.390625 1.06379 0.0637884 0.0635886
0.390625 1.06379 0.0637884 0.0635886
0.40625 1.06481 0.0648104 0.0646033
0.40625 1.06481 0.0648104 0.0646033
0.421875 1.06568 0.0656822 0.0654693
0.421875 1.06568 0.0656822 0.0654693
0.4375 1.0664 0.0664 0.0661828
0.4375 1.0664 0.0664 0.0661828
0.453125 1.06696 0.0669611 0.0667406
0.453125 1.06696 0.0669611 0.0667406
0.46875 1.06736 0.0673634 0.0671406
0.46875 1.06736 0.0673634 0.0671406
0.484375 1.06761 0.0676053 0.0673813
0.484375 1.06761 0.0676053 0.0673813
0.5 1.06769 0.067686 0.0674616
0.5 1.06769 0.067686 0.0674616
0.515625 1.06761 0.0676053 0.0673813
0.515625 1.06761 0.0676053 0.0673813
0.53125 1.06736 0.0673634 0.0671406
0.53125 1.06736 0.0673634 0.0671406
0.546875 1.06696 0.0669611 0.0667406
0.546875 1.06696 0.0669611 0.0667406
0.5625 1.0664 0.0664 0.0661828
0.5625 1.0664 0.0664 0.0661828
0.578125 1.06568 0.0656822 0.0654693
0.578125 1.06568 0.0656822 0.0654693
0.59375 1.06481 0.0648104 0.0646033
0.59375 1.06481 0.0648104 0.0646033
0.609375 1.06379 0.0637884 0.0635886
0.609375 1.06379 0.0637884 0.0635886
0.625 1.06262 0.0626204 0.0624298
0.625 1.06262 0.0626204 0.0624298
0.640625 1.06131 0.0613117 0.0611325
0.640625 1.06131 0.0613117 0.0611325
0.65625 1.05987 0.0598686 0.0597036
0.65625 1.05987 0.0598686 0.0597036
0.671875 1.0583 0.0582986 0.0581511
0.671875 1.0583 0.0582986 0.0581511
0.6875 1.05661 0.0566103 0.0564841
0.6875 1.05661 0.0566103 0.0564841
0.703125 1.05481 0.0548136 0.0547135
0.703125 1.05481 0.0548136 0.0547135
0.71875 1.05292 0.0529201 0.0528514
0.71875 1.05292 0.0529201 0.0528514
0.734375 1.05094 0.0509427 0.050912
0.734375 1.05094 0.0509427 0.050912
0.75 1.0489 0.0488959 0.0489106
0.75 1.0489 0.0488959 0.0489106
0.765625 1.0468 0.0467962 0.0468647
0.765625 1.0468 0.0467962 0.0468647
0.78125 1.04466 0.0446613 0.0447933
0.78125 1.04466 0.0446613 0.0447933
0.796875 1.04251 0.0425109 0.0427169
0.796875 1.04251 0.0425109 0.0427169
0.8125 1.04037 0.0403659 0.0406576
0.8125 1.04037 0.0403659 0.0406576
0.828125 1.03825 0.0382486 0.0386386
0.828125 1.03825 0.0382486 0.0386386
0.84375 1.03618 0.0361824 0.036684
0.84375 1.03618 0.0361824 0.036684
0.859375 1.03419 0.0341912 0.0348185
0.859375 1.03419 0.0341912 0.0348185
0.875 1.0323 0.0322994 0.0330666
0.875 1.0323 0.0322994 0.0330666
0.890625 1.03053 0.030531 0.0314526
0.890625 1.03053 0.030531 0.0314526
0.90625 1.02891 0.0289095 0.0299997
0.90625 1.02891 0.0289095 0.0299997
0.921875 1.02746 0.027457 0.0287295
0.921875 1.02746 0.027457 0.0287295
0.9375 1.02619 0.0261939 0.0276615
0.9375 1.02619 0.0261939 0.0276615
0.953125 1.02514 0.0251381 0.0268124
0.953125 1.02514 0.0251381 0.0268124
0.96875 1.0243 0.0243048 0.0261957
0.96875 1.0243 0.0243048 0.0261957
0.984375 1.02371 0.0237057 0.0258217
0.984375 1.02371 0.0237057 0.0258217
1 1.02335 0.0233491 0.0256963
