# x y topography analytical topography
0 1.02491 0.0249087 0.0272814
0.015625 1.02524 0.025241 0.0273943
0.015625 1.02524 0.025241 0.0273943
0.03125 1.02579 0.0257922 0.0277312
0.03125 1.02579 0.0257922 0.0277312
0.046875 1.02656 0.0265554 0.028287
0.046875 1.02656 0.0265554 0.028287
0.0625 1.02752 0.027521 0.0290535
0.0625 1.02752 0.027521 0.0290535
0.078125 1.02868 0.0286761 0.0300194
0.078125 1.02868 0.0286761 0.0300194
0.09375 1.03001 0.0300058 0.0311706
0.09375 1.03001 0.0300058 0.0311706
0.109375 1.03149 0.0314927 0.0324909
0.109375 1.03149 0.0314927 0.0324909
0.125 1.03312 0.033118 0.0339618
0.125 1.03312 0.033118 0.0339618
0.140625 1.03486 0.0348616 0.0355637
0.140625 1.03486 0.0348616 0.0355637
0.15625 1.0367 0.0367023 0.0372754
0.15625 1.0367 0.0367023 0.0372754
0.171875 1.03862 0.0386188 0.0390754
0.171875 1.03862 0.0386188 0.0390754
0.1875 1.04059 0.0405895 0.0409419
0.1875 1.04059 0.0405895 0.0409419
0.203125 1.04259 0.0425933 0.0428532
0.203125 1.04259 0.0425933 0.0428532
0.21875 1.04461 0.0446096 0.0447881
0.21875 1.04461 0.0446096 0.0447881
0.234375 1.04662 0.0466188 0.0467261
0.234375 1.04662 0.0466188 0.0467261
0.25 1.0486 0.0486021 0.0486478
0.25 1.0486 0.0486021 0.0486478
0.265625 1.05054 0.0505423 0.050535
0.265625 1.05054 0.0505423 0.050535
0.28125 1.05242 0.0524232 0.0523706
0.28125 1.05242 0.0524232 0.0523706
0.296875 1.05423 0.0542302 0.0541392
0.296875 1.05423 0.0542302 0.0541392
0.3125 1.05595 0.0559501 0.0558266
0.3125 1.05595 0.0559501 0.0558266
0.328125 1.05757 0.0575708 0.0574202
0.328125 1.05757 0.0575708 0.0574202
0.34375 1.05908 0.059082 0.0589088
0.34375 1.05908 0.059082 0.0589088
0.359375 1.06047 0.0604742 0.0602824
0.359375 1.06047 0.0604742 0.0602824
0.375 1.06174 0.0617395 0.0615323
0.375 1.06174 0.0617395 0.0615323
0.390625 1.06287 0.0628709 0.0626513
0.390625 1.06287 0.0628709 0.0626513
0.40625 1.06386 0.0638625 0.0636329
0.40625 1.06386 0.0638625 0.0636329
0.421875 1.06471 0.0647094 0.0644718
0.421875 1.06471 0.0647094 0.0644718
0.4375 1.06541 0.0654076 0.0651639
0.4375 1.06541 0.0654076 0.0651639
0.453125 1.06595 0.0659538 0.0657056
0.453125 1.06595 0.0659538 0.0657056
0.46875 1.06635 0.0663457 0.0660943
0.46875 1.06635 0.0663457 0.0660943
0.484375 1.06658 0.0665815 0.0663283
0.484375 1.06658 0.0665815 0.0663283
0.5 1.06666 0.0666602 0.0664064
0.5 1.06666 0.0666602 0.0664064
0.515625 1.06658 0.0665815 0.0663283
0.515625 1.06658 0.0665815 0.0663283
0.53125 1.06635 0.0663457 0.0660943
0.53125 1.06635 0.0663457 0.0660943
0.546875 1.06595 0.0659538 0.0657056
0.546875 1.06595 0.0659538 0.0657056
0.5625 1.06541 0.0654076 0.0651639
0.5625 1.06541 0.0654076 0.0651639
0.578125 1.06471 0.0647094 0.0644718
0.578125 1.06471 0.0647094 0.0644718
0.59375 1.06386 0.0638625 0.0636329
0.59375 1.06386 0.0638625 0.0636329
0.609375 1.06287 0.0628709 0.0626513
0.609375 1.06287 0.0628709 0.0626513
0.625 1.06174 0.0617395 0.0615323
0.625 1.06174 0.0617395 0.0615323
0.640625 1.06047 0.0604742 0.0602824
0.640625 1.06047 0.0604742 0.0602824
0.65625 1.05908 0.059082 0.0589088
0.65625 1.05908 0.059082 0.0589088
0.671875 1.05757 0.0575708 0.0574202
0.671875 1.05757 0.0575708 0.0574202
0.6875 1.05595 0.0559501 0.0558266
0.6875 1.05595 0.0559501 0.0558266
0.703125 1.05423 0.0542302 0.0541392
0.703125 1.05423 0.0542302 0.0541392
0.71875 1.05242 0.0524232 0.0523706
0.71875 1.05242 0.0524232 0.0523706
0.734375 1.05054 0.0505423 0.050535
0.734375 1.05054 0.0505423 0.050535
0.75 1.0486 0.0486021 0.0486478
0.75 1.0486 0.0486021 0.0486478
0.765625 1.04662 0.0466188 0.0467261
0.765625 1.04662 0.0466188 0.0467261
0.78125 1.04461 0.0446096 0.0447881
0.78125 1.04461 0.0446096 0.0447881
0.796875 1.04259 0.0425933 0.0428532
0.796875 1.04259 0.0425933 0.0428532
0.8125 1.04059 0.0405895 0.0409419
0.8125 1.04059 0.0405895 0.0409419
0.828125 1.03862 0.0386188 0.0390754
0.828125 1.03862 0.0386188 0.0390754
0.84375 1.0367 0.0367023 0.0372754
0.84375 1.0367 0.0367023 0.0372754
0.859375 1.03486 0.0348616 0.0355637
0.859375 1.03486 0.0348616 0.0355637
0.875 1.03312 0.033118 0.0339618
0.875 1.03312 0.033118 0.0339618
0.890625 1.03149 0.0314927 0.0324909
0.890625 1.03149 0.0314927 0.0324909
0.90625 1.03001 0.0300058 0.0311706
0.90625 1.03001 0.0300058 0.0311706
0.921875 1.02868 0.0286761 0.0300194
0.921875 1.02868 0.0286761 0.0300194
0.9375 1.02752 0.027521 0.0290535
0.9375 1.02752 0.027521 0.0290535
0.953125 1.02656 0.0265554 0.028287
0.953125 1.02656 0.0265554 0.028287
0.96875 1.02579 0.0257922 0.0277312
0.96875 1.02579 0.0257922 0.0277312
0.984375 1.02524 0.025241 0.0273943
0.984375 1.02524 0.025241 0.0273943
1 1.02491 0.0249087 0.0272814
