# x y topography analytical topography
0 1.03132 0.0313193 0.0337663
0.015625 1.03157 0.0315694 0.0338369
0.015625 1.03157 0.0315694 0.0338369
0.03125 1.03196 0.0319579 0.0340478
0.03125 1.03196 0.0319579 0.0340478
0.046875 1.03248 0.0324815 0.0343966
0.046875 1.03248 0.0324815 0.0343966
0.0625 1.03314 0.0331352 0.0348794
0.0625 1.03314 0.0331352 0.0348794
0.078125 1.03391 0.0339127 0.0354907
0.078125 1.03391 0.0339127 0.0354907
0.09375 1.03481 0.0348064 0.0362235
0.09375 1.03481 0.0348064 0.0362235
0.109375 1.03581 0.0358075 0.0370698
0.109375 1.03581 0.0358075 0.0370698
0.125 1.03691 0.0369059 0.0380201
0.125 1.03691 0.0369059 0.0380201
0.140625 1.03809 0.0380909 0.0390639
0.140625 1.03809 0.0380909 0.0390639
0.15625 1.03935 0.0393507 0.0401901
0.15625 1.03935 0.0393507 0.0401901
0.171875 1.04067 0.0406729 0.0413864
0.171875 1.04067 0.0406729 0.0413864
0.1875 1.04204 0.0420449 0.0426404
0.1875 1.04204 0.0420449 0.0426404
0.203125 1.04345 0.0434534 0.0439389
0.203125 1.04345 0.0434534 0.0439389
0.21875 1.04489 0.0448853 0.0452687
0.21875 1.04489 0.0448853 0.0452687
0.234375 1.04633 0.0463271 0.0466163
0.234375 1.04633 0.0463271 0.0466163
0.25 1.04777 0.0477658 0.0479686
0.25 1.04777 0.0477658 0.0479686
0.265625 1.04919 0.0491885 0.0493123
0.265625 1.04919 0.0491885 0.0493123
0.28125 1.05058 0.0505825 0.0506347
0.28125 1.05058 0.0505825 0.0506347
0.296875 1.05194 0.0519359 0.0519234
0.296875 1.05194 0.0519359 0.0519234
0.3125 1.05324 0.0532372 0.0531667
0.3125 1.05324 0.0532372 0.0531667
0.328125 1.05448 0.0544756 0.0543533
0.328125 1.05448 0.0544756 0.0543533
0.34375 1.05564 0.0556409 0.0554729
0.34375 1.05564 0.0556409 0.0554729
0.359375 1.05672 0.0567239 0.0565157
0.359375 1.05672 0.0567239 0.0565157
0.375 1.05772 0.057716 0.0574729
0.375 1.05772 0.057716 0.0574729
0.390625 1.05861 0.0586095 0.0583365
0.390625 1.05861 0.0586095 0.0583365
0.40625 1.0594 0.0593978 0.0590995
0.40625 1.0594 0.0593978 0.0590995
0.421875 1.06007 0.0600747 0.0597555
0.421875 1.06007 0.0600747 0.0597555
0.4375 1.06064 0.0606354 0.0602995
0.4375 1.06064 0.0606354 0.0602995
0.453125 1.06108 0.0610758 0.060727
0.453125 1.06108 0.0610758 0.060727
0.46875 1.06139 0.0613926 0.0610348
0.46875 1.06139 0.0613926 0.0610348
0.484375 1.06158 0.0615837 0.0612205
0.484375 1.06158 0.0615837 0.0612205
0.5 1.06165 0.0616475 0.0612825
0.5 1.06165 0.0616475 0.0612825
0.515625 1.06158 0.0615837 0.0612205
0.515625 1.06158 0.0615837 0.0612205
0.53125 1.06139 0.0613926 0.0610348
0.53125 1.06139 0.0613926 0.0610348
0.546875 1.06108 0.0610758 0.060727
0.546875 1.06108 0.0610758 0.060727
0.5625 1.06064 0.0606354 0.0602995
0.5625 1.06064 0.0606354 0.0602995
0.578125 1.06007 0.0600747 0.0597555
0.578125 1.06007 0.0600747 0.0597555
0.59375 1.0594 0.0593978 0.0590995
0.59375 1.0594 0.0593978 0.0590995
0.609375 1.05861 0.0586095 0.0583365
0.609375 1.05861 0.0586095 0.0583365
0.625 1.05772 0.057716 0.0574729
0.625 1.05772 0.057716 0.0574729
0.640625 1.05672 0.0567239 0.0565157
0.640625 1.05672 0.0567239 0.0565157
0.65625 1.05564 0.0556409 0.0554729
0.65625 1.05564 0.0556409 0.0554729
0.671875 1.05448 0.0544756 0.0543533
0.671875 1.05448 0.0544756 0.0543533
0.6875 1.05324 0.0532372 0.0531667
0.6875 1.05324 0.0532372 0.0531667
0.703125 1.05194 0.0519359 0.0519234
0.703125 1.05194 0.0519359 0.0519234
0.71875 1.05058 0.0505825 0.0506347
0.71875 1.05058 0.0505825 0.0506347
0.734375 1.04919 0.0491885 0.0493123
0.734375 1.04919 0.0491885 0.0493123
0.75 1.04777 0.0477658 0.0479686
0.75 1.04777 0.0477658 0.0479686
0.765625 1.04633 0.0463271 0.0466163
0.765625 1.04633 0.0463271 0.0466163
0.78125 1.04489 0.0448853 0.0452687
0.78125 1.04489 0.0448853 0.0452687
0.796875 1.04345 0.0434534 0.0439389
0.796875 1.04345 0.0434534 0.0439389
0.8125 1.04204 0.0420449 0.0426404
0.8125 1.04204 0.0420449 0.0426404
0.828125 1.04067 0.0406729 0.0413864
0.828125 1.04067 0.0406729 0.0413864
0.84375 1.03935 0.0393507 0.0401901
0.84375 1.03935 0.0393507 0.0401901
0.859375 1.03809 0.0380909 0.0390639
0.859375 1.03809 0.0380909 0.0390639
0.875 1.03691 0.0369059 0.0380201
0.875 1.03691 0.0369059 0.0380201
0.890625 1.03581 0.0358075 0.0370698
0.890625 1.03581 0.0358075 0.0370698
0.90625 1.03481 0.0348064 0.0362235
0.90625 1.03481 0.0348064 0.0362235
0.921875 1.03391 0.0339127 0.0354907
0.921875 1.03391 0.0339127 0.0354907
0.9375 1.03314 0.0331352 0.0348794
0.9375 1.03314 0.0331352 0.0348794
0.953125 1.03248 0.0324815 0.0343966
0.953125 1.03248 0.0324815 0.0343966
0.96875 1.03196 0.0319579 0.0340478
0.96875 1.03196 0.0319579 0.0340478
0.984375 1.03157 0.0315694 0.0338369
0.984375 1.03157 0.0315694 0.0338369
1 1.03132 0.0313193 0.0337663
