# x y topography analytical topography
0 1.03268 0.0326775 0.0351324
0.015625 1.03291 0.0329127 0.0351954
0.015625 1.03291 0.0329127 0.0351954
0.03125 1.03327 0.0332716 0.0353834
0.03125 1.03327 0.0332716 0.0353834
0.046875 1.03375 0.0337513 0.0356946
0.046875 1.03375 0.0337513 0.0356946
0.0625 1.03435 0.0343476 0.0361254
0.0625 1.03435 0.0343476 0.0361254
0.078125 1.03505 0.035055 0.0366712
0.078125 1.03505 0.035055 0.0366712
0.09375 1.03587 0.0358668 0.0373261
0.09375 1.03587 0.0358668 0.0373261
0.109375 1.03678 0.0367754 0.0380829
0.109375 1.03678 0.0367754 0.0380829
0.125 1.03777 0.0377722 0.0389337
0.125 1.03777 0.0377722 0.0389337
0.140625 1.03885 0.0388476 0.0398693
0.140625 1.03885 0.0388476 0.0398693
0.15625 1.03999 0.0399914 0.0408798
0.15625 1.03999 0.0399914 0.0408798
0.171875 1.04119 0.0411928 0.0419548
0.171875 1.04119 0.0411928 0.0419548
0.1875 1.04244 0.0424404 0.0430832
0.1875 1.04244 0.0424404 0.0430832
0.203125 1.04372 0.0437225 0.0442533
0.203125 1.04372 0.0437225 0.0442533
0.21875 1.04503 0.0450274 0.0454535
0.21875 1.04503 0.0450274 0.0454535
0.234375 1.04634 0.046343 0.0466718
0.234375 1.04634 0.046343 0.0466718
0.25 1.04766 0.0476575 0.0478961
0.25 1.04766 0.0476575 0.0478961
0.265625 1.04896 0.0489591 0.0491148
0.265625 1.04896 0.0489591 0.0491148
0.28125 1.05024 0.0502363 0.050316
0.28125 1.05024 0.0502363 0.050316
0.296875 1.05148 0.0514781 0.0514885
0.296875 1.05148 0.0514781 0.0514885
0.3125 1.05267 0.0526736 0.0526214
0.3125 1.05267 0.0526736 0.0526214
0.328125 1.05381 0.053813 0.0537044
0.328125 1.05381 0.053813 0.0537044
0.34375 1.05489 0.0548865 0.0547277
0.34375 1.05489 0.0548865 0.0547277
0.359375 1.05589 0.0558854 0.0556821
0.359375 1.05589 0.0558854 0.0556821
0.375 1.0568 0.0568015 0.0565593
0.375 1.0568 0.0568015 0.0565593
0.390625 1.05763 0.0576276 0.0573517
0.390625 1.05763 0.0576276 0.0573517
0.40625 1.05836 0.0583569 0.0580524
0.40625 1.05836 0.0583569 0.0580524
0.421875 1.05898 0.0589839 0.0586555
0.421875 1.05898 0.0589839 0.0586555
0.4375 1.0595 0.0595036 0.0591559
0.4375 1.0595 0.0595036 0.0591559
0.453125 1.05991 0.059912 0.0595495
0.453125 1.05991 0.059912 0.0595495
0.46875 1.06021 0.0602059 0.059833
0.46875 1.06021 0.0602059 0.059833
0.484375 1.06038 0.0603832 0.060004
0.484375 1.06038 0.0603832 0.060004
0.5 1.06044 0.0604424 0.0600612
0.5 1.06044 0.0604424 0.0600612
0.515625 1.06038 0.0603832 0.060004
0.515625 1.06038 0.0603832 0.060004
0.53125 1.06021 0.0602059 0.059833
0.53125 1.06021 0.0602059 0.059833
0.546875 1.05991 0.059912 0.0595495
0.546875 1.05991 0.059912 0.0595495
0.5625 1.0595 0.0595036 0.0591559
0.5625 1.0595 0.0595036 0.0591559
0.578125 1.05898 0.0589839 0.0586555
0.578125 1.05898 0.0589839 0.0586555
0.59375 1.05836 0.0583569 0.0580524
0.59375 1.05836 0.0583569 0.0580524
0.609375 1.05763 0.0576276 0.0573517
0.609375 1.05763 0.0576276 0.0573517
0.625 1.0568 0.0568015 0.0565593
0.625 1.0568 0.0568015 0.0565593
0.640625 1.05589 0.0558854 0.0556821
0.640625 1.05589 0.0558854 0.0556821
0.65625 1.05489 0.0548865 0.0547277
0.65625 1.05489 0.0548865 0.0547277
0.671875 1.05381 0.053813 0.0537044
0.671875 1.05381 0.053813 0.0537044
0.6875 1.05267 0.0526736 0.0526214
0.6875 1.05267 0.0526736 0.0526214
0.703125 1.05148 0.0514781 0.0514885
0.703125 1.05148 0.0514781 0.0514885
0.71875 1.05024 0.0502363 0.050316
0.71875 1.05024 0.0502363 0.050316
0.734375 1.04896 0.0489591 0.0491148
0.734375 1.04896 0.0489591 0.0491148
0.75 1.04766 0.0476575 0.0478961
0.75 1.04766 0.0476575 0.0478961
0.765625 1.04634 0.046343 0.0466718
0.765625 1.04634 0.046343 0.0466718
0.78125 1.04503 0.0450274 0.0454535
0.78125 1.04503 0.0450274 0.0454535
0.796875 1.04372 0.0437225 0.0442533
0.796875 1.04372 0.0437225 0.0442533
0.8125 1.04244 0.0424404 0.0430832
0.8125 1.04244 0.0424404 0.0430832
0.828125 1.04119 0.0411928 0.0419548
0.828125 1.04119 0.0411928 0.0419548
0.84375 1.03999 0.0399914 0.0408798
0.84375 1.03999 0.0399914 0.0408798
0.859375 1.03885 0.0388476 0.0398693
0.859375 1.03885 0.0388476 0.0398693
0.875 1.03777 0.0377722 0.0389337
0.875 1.03777 0.0377722 0.0389337
0.890625 1.03678 0.0367754 0.0380829
0.890625 1.03678 0.0367754 0.0380829
0.90625 1.03587 0.0358668 0.0373261
0.90625 1.03587 0.0358668 0.0373261
0.921875 1.03505 0.035055 0.0366712
0.921875 1.03505 0.035055 0.0366712
0.9375 1.03435 0.0343476 0.0361254
0.9375 1.03435 0.0343476 0.0361254
0.953125 1.03375 0.0337513 0.0356946
0.953125 1.03375 0.0337513 0.0356946
0.96875 1.03327 0.0332716 0.0353834
0.96875 1.03327 0.0332716 0.0353834
0.984375 1.03291 0.0329127 0.0351954
0.984375 1.03291 0.0329127 0.0351954
1 1.03268 0.0326775 0.0351324
