# x y topography analytical topography
0 1.02798 0.027982 0.0303971
0.015625 1.02827 0.028272 0.0304882
0.015625 1.02827 0.028272 0.0304882
0.03125 1.02874 0.0287395 0.0307602
0.03125 1.02874 0.0287395 0.0307602
0.046875 1.02938 0.0293798 0.0312096
0.046875 1.02938 0.0293798 0.0312096
0.0625 1.03019 0.0301859 0.0318307
0.0625 1.03019 0.0301859 0.0318307
0.078125 1.03115 0.0311487 0.0326155
0.078125 1.03115 0.0311487 0.0326155
0.09375 1.03226 0.0322575 0.0335541
0.09375 1.03226 0.0322575 0.0335541
0.109375 1.0335 0.0334996 0.0346347
0.109375 1.0335 0.0334996 0.0346347
0.125 1.03486 0.0348613 0.035844
0.125 1.03486 0.0348613 0.035844
0.140625 1.03633 0.0363275 0.0371675
0.140625 1.03633 0.0363275 0.0371675
0.15625 1.03788 0.0378823 0.0385895
0.15625 1.03788 0.0378823 0.0385895
0.171875 1.03951 0.039509 0.0400934
0.171875 1.03951 0.039509 0.0400934
0.1875 1.04119 0.0411907 0.0416625
0.1875 1.04119 0.0411907 0.0416625
0.203125 1.04291 0.0429103 0.0432793
0.203125 1.04291 0.0429103 0.0432793
0.21875 1.04465 0.0446508 0.0449267
0.21875 1.04465 0.0446508 0.0449267
0.234375 1.0464 0.0463956 0.0465876
0.234375 1.0464 0.0463956 0.0465876
0.25 1.04813 0.0481284 0.0482453
0.25 1.04813 0.0481284 0.0482453
0.265625 1.04983 0.0498338 0.0498839
0.265625 1.04983 0.0498338 0.0498839
0.28125 1.0515 0.0514969 0.0514881
0.28125 1.0515 0.0514969 0.0514881
0.296875 1.0531 0.0531039 0.0530433
0.296875 1.0531 0.0531039 0.0530433
0.3125 1.05464 0.0546419 0.0545361
0.3125 1.05464 0.0546419 0.0545361
0.328125 1.0561 0.0560989 0.0559539
0.328125 1.0561 0.0560989 0.0559539
0.34375 1.05746 0.0574641 0.0572854
0.34375 1.05746 0.0574641 0.0572854
0.359375 1.05873 0.0587277 0.0585202
0.359375 1.05873 0.0587277 0.0585202
0.375 1.05988 0.0598808 0.0596491
0.375 1.05988 0.0598808 0.0596491
0.390625 1.06092 0.0609159 0.0606637
0.390625 1.06092 0.0609159 0.0606637
0.40625 1.06183 0.0618261 0.0615571
0.40625 1.06183 0.0618261 0.0615571
0.421875 1.06261 0.0626057 0.0623231
0.421875 1.06261 0.0626057 0.0623231
0.4375 1.06325 0.06325 0.0629567
0.4375 1.06325 0.06325 0.0629567
0.453125 1.06376 0.063755 0.0634537
0.453125 1.06376 0.063755 0.0634537
0.46875 1.06412 0.0641179 0.0638109
0.46875 1.06412 0.0641179 0.0638109
0.484375 1.06434 0.0643364 0.0640261
0.484375 1.06434 0.0643364 0.0640261
0.5 1.06441 0.0644094 0.064098
0.5 1.06441 0.0644094 0.064098
0.515625 1.06434 0.0643364 0.0640261
0.515625 1.06434 0.0643364 0.0640261
0.53125 1.06412 0.0641179 0.0638109
0.53125 1.06412 0.0641179 0.0638109
0.546875 1.06376 0.063755 0.0634537
0.546875 1.06376 0.063755 0.0634537
0.5625 1.06325 0.06325 0.0629567
0.5625 1.06325 0.06325 0.0629567
0.578125 1.06261 0.0626057 0.0623231
0.578125 1.06261 0.0626057 0.0623231
0.59375 1.06183 0.0618261 0.0615571
0.59375 1.06183 0.0618261 0.0615571
0.609375 1.06092 0.0609159 0.0606637
0.609375 1.06092 0.0609159 0.0606637
0.625 1.05988 0.0598808 0.0596491
0.625 1.05988 0.0598808 0.0596491
0.640625 1.05873 0.0587277 0.0585202
0.640625 1.05873 0.0587277 0.0585202
0.65625 1.05746 0.0574641 0.0572854
0.65625 1.05746 0.0574641 0.0572854
0.671875 1.0561 0.0560989 0.0559539
0.671875 1.0561 0.0560989 0.0559539
0.6875 1.05464 0.0546419 0.0545361
0.6875 1.05464 0.0546419 0.0545361
0.703125 1.0531 0.0531039 0.0530433
0.703125 1.0531 0.0531039 0.0530433
0.71875 1.0515 0.0514969 0.0514881
0.71875 1.0515 0.0514969 0.0514881
0.734375 1.04983 0.0498338 0.0498839
0.734375 1.04983 0.0498338 0.0498839
0.75 1.04813 0.0481284 0.0482453
0.75 1.04813 0.0481284 0.0482453
0.765625 1.0464 0.0463956 0.0465876
0.765625 1.0464 0.0463956 0.0465876
0.78125 1.04465 0.0446508 0.0449267
0.78125 1.04465 0.0446508 0.0449267
0.796875 1.04291 0.0429103 0.0432793
0.796875 1.04291 0.0429103 0.0432793
0.8125 1.04119 0.0411907 0.0416625
0.8125 1.04119 0.0411907 0.0416625
0.828125 1.03951 0.039509 0.0400934
0.828125 1.03951 0.039509 0.0400934
0.84375 1.03788 0.0378823 0.0385895
0.84375 1.03788 0.0378823 0.0385895
0.859375 1.03633 0.0363275 0.0371675
0.859375 1.03633 0.0363275 0.0371675
0.875 1.03486 0.0348613 0.035844
0.875 1.03486 0.0348613 0.035844
0.890625 1.0335 0.0334996 0.0346347
0.890625 1.0335 0.0334996 0.0346347
0.90625 1.03226 0.0322575 0.0335541
0.90625 1.03226 0.0322575 0.0335541
0.921875 1.03115 0.0311487 0.0326155
0.921875 1.03115 0.0311487 0.0326155
0.9375 1.03019 0.0301859 0.0318307
0.9375 1.03019 0.0301859 0.0318307
0.953125 1.02938 0.0293798 0.0312096
0.953125 1.02938 0.0293798 0.0312096
0.96875 1.02874 0.0287395 0.0307602
0.96875 1.02874 0.0287395 0.0307602
0.984375 1.02827 0.028272 0.0304882
0.984375 1.02827 0.028272 0.0304882
1 1.02798 0.027982 0.0303971
