# x y topography analytical topography
0 1.0287 0.0287012 0.0311246
0.015625 1.02898 0.0289822 0.031211
0.015625 1.02898 0.0289822 0.031211
0.03125 1.02943 0.0294318 0.0314691
0.03125 1.02943 0.0294318 0.0314691
0.046875 1.03005 0.0300457 0.0318958
0.046875 1.03005 0.0300457 0.0318958
0.0625 1.03082 0.0308173 0.0324856
0.0625 1.03082 0.0308173 0.0324856
0.078125 1.03174 0.0317384 0.0332312
0.078125 1.03174 0.0317384 0.0332312
0.09375 1.0328 0.0327989 0.0341235
0.09375 1.0328 0.0327989 0.0341235
0.109375 1.03399 0.0339872 0.0351516
0.109375 1.03399 0.0339872 0.0351516
0.125 1.03529 0.0352903 0.0363031
0.125 1.03529 0.0352903 0.0363031
0.140625 1.03669 0.0366943 0.0375645
0.140625 1.03669 0.0366943 0.0375645
0.15625 1.03818 0.0381842 0.0389211
0.15625 1.03818 0.0381842 0.0389211
0.171875 1.03974 0.0397443 0.0403576
0.171875 1.03974 0.0397443 0.0403576
0.1875 1.04136 0.0413588 0.041858
0.1875 1.04136 0.0413588 0.041858
0.203125 1.04301 0.0430114 0.0434059
0.203125 1.04301 0.0430114 0.0434059
0.21875 1.04469 0.0446859 0.0449851
0.21875 1.04469 0.0446859 0.0449851
0.234375 1.04637 0.0463665 0.0465792
0.234375 1.04637 0.0463665 0.0465792
0.25 1.04804 0.0480376 0.0481725
0.25 1.04804 0.0480376 0.0481725
0.265625 1.04968 0.0496841 0.0497493
0.265625 1.04968 0.0496841 0.0497493
0.28125 1.05129 0.0512917 0.051295
0.28125 1.05129 0.0512917 0.051295
0.296875 1.05285 0.0528469 0.0527955
0.296875 1.05285 0.0528469 0.0527955
0.3125 1.05434 0.054337 0.0542375
0.3125 1.05434 0.054337 0.0542375
0.328125 1.05575 0.0557502 0.0556087
0.328125 1.05575 0.0557502 0.0556087
0.34375 1.05708 0.0570758 0.0568979
0.34375 1.05708 0.0570758 0.0568979
0.359375 1.0583 0.0583038 0.0580948
0.359375 1.0583 0.0583038 0.0580948
0.375 1.05943 0.0594256 0.0591899
0.375 1.05943 0.0594256 0.0591899
0.390625 1.06043 0.0604333 0.0601752
0.390625 1.06043 0.0604333 0.0601752
0.40625 1.06132 0.0613202 0.0610435
0.40625 1.06132 0.0613202 0.0610435
0.421875 1.06208 0.0620803 0.0617884
0.421875 1.06208 0.0620803 0.0617884
0.4375 1.06271 0.0627087 0.0624049
0.4375 1.06271 0.0627087 0.0624049
0.453125 1.0632 0.0632016 0.0628887
0.453125 1.0632 0.0632016 0.0628887
0.46875 1.06356 0.0635558 0.0632366
0.46875 1.06356 0.0635558 0.0632366
0.484375 1.06377 0.0637692 0.0634463
0.484375 1.06377 0.0637692 0.0634463
0.5 1.06384 0.0638405 0.0635163
0.5 1.06384 0.0638405 0.0635163
0.515625 1.06377 0.0637692 0.0634463
0.515625 1.06377 0.0637692 0.0634463
0.53125 1.06356 0.0635558 0.0632366
0.53125 1.06356 0.0635558 0.0632366
0.546875 1.0632 0.0632016 0.0628887
0.546875 1.0632 0.0632016 0.0628887
0.5625 1.06271 0.0627087 0.0624049
0.5625 1.06271 0.0627087 0.0624049
0.578125 1.06208 0.0620803 0.0617884
0.578125 1.06208 0.0620803 0.0617884
0.59375 1.06132 0.0613202 0.0610435
0.59375 1.06132 0.0613202 0.0610435
0.609375 1.06043 0.0604333 0.0601752
0.609375 1.06043 0.0604333 0.0601752
0.625 1.05943 0.0594256 0.0591899
0.625 1.05943 0.0594256 0.0591899
0.640625 1.0583 0.0583038 0.0580948
0.640625 1.0583 0.0583038 0.0580948
0.65625 1.05708 0.0570758 0.0568979
0.65625 1.05708 0.0570758 0.0568979
0.671875 1.05575 0.0557502 0.0556087
0.671875 1.05575 0.0557502 0.0556087
0.6875 1.05434 0.054337 0.0542375
0.6875 1.05434 0.054337 0.0542375
0.703125 1.05285 0.0528469 0.0527955
0.703125 1.05285 0.0528469 0.0527955
0.71875 1.05129 0.0512917 0.051295
0.71875 1.05129 0.0512917 0.051295
0.734375 1.04968 0.0496841 0.0497493
0.734375 1.04968 0.0496841 0.0497493
0.75 1.04804 0.0480376 0.0481725
0.75 1.04804 0.0480376 0.0481725
0.765625 1.04637 0.0463665 0.0465792
0.765625 1.04637 0.0463665 0.0465792
0.78125 1.04469 0.0446859 0.0449851
0.78125 1.04469 0.0446859 0.0449851
0.796875 1.04301 0.0430114 0.0434059
0.796875 1.04301 0.0430114 0.0434059
0.8125 1.04136 0.0413588 0.041858
0.8125 1.04136 0.0413588 0.041858
0.828125 1.03974 0.0397443 0.0403576
0.828125 1.03974 0.0397443 0.0403576
0.84375 1.03818 0.0381842 0.0389211
0.84375 1.03818 0.0381842 0.0389211
0.859375 1.03669 0.0366943 0.0375645
0.859375 1.03669 0.0366943 0.0375645
0.875 1.03529 0.0352903 0.0363031
0.875 1.03529 0.0352903 0.0363031
0.890625 1.03399 0.0339872 0.0351516
0.890625 1.03399 0.0339872 0.0351516
0.90625 1.0328 0.0327989 0.0341235
0.90625 1.0328 0.0327989 0.0341235
0.921875 1.03174 0.0317384 0.0332312
0.921875 1.03174 0.0317384 0.0332312
0.9375 1.03082 0.0308173 0.0324856
0.9375 1.03082 0.0308173 0.0324856
0.953125 1.03005 0.0300457 0.0318958
0.953125 1.03005 0.0300457 0.0318958
0.96875 1.02943 0.0294318 0.0314691
0.96875 1.02943 0.0294318 0.0314691
0.984375 1.02898 0.0289822 0.031211
0.984375 1.02898 0.0289822 0.031211
1 1.0287 0.0287012 0.0311246
