# x y topography analytical topography
0 1.02372 0.0237236 0.0260772
0.015625 1.02407 0.0240742 0.0261994
0.015625 1.02407 0.0240742 0.0261994
0.03125 1.02466 0.0246614 0.0265643
0.03125 1.02466 0.0246614 0.0265643
0.046875 1.02548 0.0254773 0.0271658
0.046875 1.02548 0.0254773 0.0271658
0.0625 1.02651 0.0265108 0.0279944
0.0625 1.02651 0.0265108 0.0279944
0.078125 1.02775 0.0277472 0.0290372
0.078125 1.02775 0.0277472 0.0290372
0.09375 1.02917 0.0291695 0.0302781
0.09375 1.02917 0.0291695 0.0302781
0.109375 1.03076 0.0307579 0.0316984
0.109375 1.03076 0.0307579 0.0316984
0.125 1.03249 0.0324913 0.0332773
0.125 1.03249 0.0324913 0.0332773
0.140625 1.03435 0.0343471 0.0349926
0.140625 1.03435 0.0343471 0.0349926
0.15625 1.0363 0.0363018 0.0368208
0.15625 1.0363 0.0363018 0.0368208
0.171875 1.03833 0.038332 0.038738
0.171875 1.03833 0.038332 0.038738
0.1875 1.04041 0.0404142 0.0407204
0.1875 1.04041 0.0404142 0.0407204
0.203125 1.04253 0.0425256 0.0427444
0.203125 1.04253 0.0425256 0.0427444
0.21875 1.04464 0.0446443 0.0447872
0.21875 1.04464 0.0446443 0.0447872
0.234375 1.04675 0.0467496 0.0468271
0.234375 1.04675 0.0467496 0.0468271
0.25 1.04882 0.0488222 0.0488439
0.25 1.04882 0.0488222 0.0488439
0.265625 1.05084 0.0508442 0.0508187
0.265625 1.05084 0.0508442 0.0508187
0.28125 1.0528 0.0527995 0.0527342
0.28125 1.0528 0.0527995 0.0527342
0.296875 1.05467 0.0546732 0.0545748
0.296875 1.05467 0.0546732 0.0545748
0.3125 1.05645 0.0564524 0.0563265
0.3125 1.05645 0.0564524 0.0563265
0.328125 1.05813 0.0581255 0.0579769
0.328125 1.05813 0.0581255 0.0579769
0.34375 1.05968 0.0596823 0.0595151
0.34375 1.05968 0.0596823 0.0595151
0.359375 1.06111 0.061114 0.0609316
0.359375 1.06111 0.061114 0.0609316
0.375 1.06241 0.0624131 0.0622183
0.375 1.06241 0.0624131 0.0622183
0.390625 1.06357 0.063573 0.0633683
0.390625 1.06357 0.063573 0.0633683
0.40625 1.06459 0.0645884 0.0643758
0.40625 1.06459 0.0645884 0.0643758
0.421875 1.06545 0.0654546 0.0652358
0.421875 1.06545 0.0654546 0.0652358
0.4375 1.06617 0.0661682 0.0659446
0.4375 1.06617 0.0661682 0.0659446
0.453125 1.06673 0.066726 0.0664989
0.453125 1.06673 0.066726 0.0664989
0.46875 1.06713 0.067126 0.0668965
0.46875 1.06713 0.067126 0.0668965
0.484375 1.06737 0.0673666 0.0671357
0.484375 1.06737 0.0673666 0.0671357
0.5 1.06745 0.0674469 0.0672155
0.5 1.06745 0.0674469 0.0672155
0.515625 1.06737 0.0673666 0.0671357
0.515625 1.06737 0.0673666 0.0671357
0.53125 1.06713 0.067126 0.0668965
0.53125 1.06713 0.067126 0.0668965
0.546875 1.06673 0.066726 0.0664989
0.546875 1.06673 0.066726 0.0664989
0.5625 1.06617 0.0661682 0.0659446
0.5625 1.06617 0.0661682 0.0659446
0.578125 1.06545 0.0654546 0.0652358
0.578125 1.06545 0.0654546 0.0652358
0.59375 1.06459 0.0645884 0.0643758
0.59375 1.06459 0.0645884 0.0643758
0.609375 1.06357 0.063573 0.0633683
0.609375 1.06357 0.063573 0.0633683
0.625 1.06241 0.0624131 0.0622183
0.625 1.06241 0.0624131 0.0622183
0.640625 1.06111 0.061114 0.0609316
0.640625 1.06111 0.061114 0.0609316
0.65625 1.05968 0.0596823 0.0595151
0.65625 1.05968 0.0596823 0.0595151
0.671875 1.05813 0.0581255 0.0579769
0.671875 1.05813 0.0581255 0.0579769
0.6875 1.05645 0.0564524 0.0563265
0.6875 1.05645 0.0564524 0.0563265
0.703125 1.05467 0.0546732 0.0545748
0.703125 1.05467 0.0546732 0.0545748
0.71875 1.0528 0.0527995 0.0527342
0.71875 1.0528 0.0527995 0.0527342
0.734375 1.05084 0.0508442 0.0508187
0.734375 1.05084 0.0508442 0.0508187
0.75 1.04882 0.0488222 0.0488439
0.75 1.04882 0.0488222 0.0488439
0.765625 1.04675 0.0467496 0.0468271
0.765625 1.04675 0.0467496 0.0468271
0.78125 1.04464 0.0446443 0.0447872
0.78125 1.04464 0.0446443 0.0447872
0.796875 1.04253 0.0425256 0.0427444
0.796875 1.04253 0.0425256 0.0427444
0.8125 1.04041 0.0404142 0.0407204
0.8125 1.04041 0.0404142 0.0407204
0.828125 1.03833 0.038332 0.038738
0.828125 1.03833 0.038332 0.038738
0.84375 1.0363 0.0363018 0.0368208
0.84375 1.0363 0.0363018 0.0368208
0.859375 1.03435 0.0343471 0.0349926
0.859375 1.03435 0.0343471 0.0349926
0.875 1.03249 0.0324913 0.0332773
0.875 1.03249 0.0324913 0.0332773
0.890625 1.03076 0.0307579 0.0316984
0.890625 1.03076 0.0307579 0.0316984
0.90625 1.02917 0.0291695 0.0302781
0.90625 1.02917 0.0291695 0.0302781
0.921875 1.02775 0.0277472 0.0290372
0.921875 1.02775 0.0277472 0.0290372
0.9375 1.02651 0.0265108 0.0279944
0.9375 1.02651 0.0265108 0.0279944
0.953125 1.02548 0.0254773 0.0271658
0.953125 1.02548 0.0254773 0.0271658
0.96875 1.02466 0.0246614 0.0265643
0.96875 1.02466 0.0246614 0.0265643
0.984375 1.02407 0.0240742 0.0261994
0.984375 1.02407 0.0240742 0.0261994
1 1.02372 0.0237236 0.0260772
