# x y topography analytical topography
0 1.01579 0.0157917 0.0179791
0.015625 1.01631 0.0163124 0.0181893
0.015625 1.01631 0.0163124 0.0181893
0.03125 1.01723 0.0172316 0.0188137
0.03125 1.01723 0.0172316 0.0188137
0.046875 1.01853 0.0185257 0.019834
0.046875 1.01853 0.0185257 0.019834
0.0625 1.02016 0.0201613 0.0212211
0.0625 1.02016 0.0201613 0.0212211
0.078125 1.0221 0.0220978 0.0229369
0.078125 1.0221 0.0220978 0.0229369
0.09375 1.02429 0.0242891 0.0249371
0.09375 1.02429 0.0242891 0.0249371
0.109375 1.02669 0.0266872 0.0271732
0.109375 1.02669 0.0266872 0.0271732
0.125 1.02924 0.0292436 0.0295956
0.125 1.02924 0.0292436 0.0295956
0.140625 1.03191 0.0319118 0.0321555
0.140625 1.03191 0.0319118 0.0321555
0.15625 1.03465 0.0346488 0.0348069
0.15625 1.03465 0.0346488 0.0348069
0.171875 1.03742 0.0374159 0.0375077
0.171875 1.03742 0.0374159 0.0375077
0.1875 1.04018 0.0401791 0.0402207
0.1875 1.04018 0.0401791 0.0402207
0.203125 1.04291 0.0429096 0.0429139
0.203125 1.04291 0.0429096 0.0429139
0.21875 1.04558 0.0455831 0.0455601
0.21875 1.04558 0.0455831 0.0455601
0.234375 1.04818 0.0481797 0.0481368
0.234375 1.04818 0.0481797 0.0481368
0.25 1.05068 0.0506828 0.0506256
0.25 1.05068 0.0506828 0.0506256
0.265625 1.05308 0.0530792 0.0530114
0.265625 1.05308 0.0530792 0.0530114
0.28125 1.05536 0.0553577 0.0552822
0.28125 1.05536 0.0553577 0.0552822
0.296875 1.05751 0.0575093 0.057428
0.296875 1.05751 0.0575093 0.057428
0.3125 1.05953 0.0595265 0.0594406
0.3125 1.05953 0.0595265 0.0594406
0.328125 1.0614 0.0614027 0.0613131
0.328125 1.0614 0.0614027 0.0613131
0.34375 1.06313 0.0631325 0.0630399
0.34375 1.06313 0.0631325 0.0630399
0.359375 1.06471 0.0647111 0.0646159
0.359375 1.06471 0.0647111 0.0646159
0.375 1.06613 0.0661343 0.0660368
0.375 1.06613 0.0661343 0.0660368
0.390625 1.0674 0.0673984 0.067299
0.390625 1.0674 0.0673984 0.067299
0.40625 1.0685 0.0685003 0.0683993
0.40625 1.0685 0.0685003 0.0683993
0.421875 1.06944 0.0694373 0.0693349
0.421875 1.06944 0.0694373 0.0693349
0.4375 1.07021 0.0702071 0.0701035
0.4375 1.07021 0.0702071 0.0701035
0.453125 1.07081 0.0708077 0.0707033
0.453125 1.07081 0.0708077 0.0707033
0.46875 1.07124 0.0712378 0.0711327
0.46875 1.07124 0.0712378 0.0711327
0.484375 1.0715 0.0714963 0.0713908
0.484375 1.0715 0.0714963 0.0713908
0.5 1.07158 0.0715825 0.0714769
0.5 1.07158 0.0715825 0.0714769
0.515625 1.0715 0.0714963 0.0713908
0.515625 1.0715 0.0714963 0.0713908
0.53125 1.07124 0.0712378 0.0711327
0.53125 1.07124 0.0712378 0.0711327
0.546875 1.07081 0.0708077 0.0707033
0.546875 1.07081 0.0708077 0.0707033
0.5625 1.07021 0.0702071 0.0701035
0.5625 1.07021 0.0702071 0.0701035
0.578125 1.06944 0.0694373 0.0693349
0.578125 1.06944 0.0694373 0.0693349
0.59375 1.0685 0.0685003 0.0683993
0.59375 1.0685 0.0685003 0.0683993
0.609375 1.0674 0.0673984 0.067299
0.609375 1.0674 0.0673984 0.067299
0.625 1.06613 0.0661343 0.0660368
0.625 1.06613 0.0661343 0.0660368
0.640625 1.06471 0.0647111 0.0646159
0.640625 1.06471 0.0647111 0.0646159
0.65625 1.06313 0.0631325 0.0630399
0.65625 1.06313 0.0631325 0.0630399
0.671875 1.0614 0.0614027 0.0613131
0.671875 1.0614 0.0614027 0.0613131
0.6875 1.05953 0.0595265 0.0594406
0.6875 1.05953 0.0595265 0.0594406
0.703125 1.05751 0.0575093 0.057428
0.703125 1.05751 0.0575093 0.057428
0.71875 1.05536 0.0553577 0.0552822
0.71875 1.05536 0.0553577 0.0552822
0.734375 1.05308 0.0530792 0.0530114
0.734375 1.05308 0.0530792 0.0530114
0.75 1.05068 0.0506828 0.0506256
0.75 1.05068 0.0506828 0.0506256
0.765625 1.04818 0.0481797 0.0481368
0.765625 1.04818 0.0481797 0.0481368
0.78125 1.04558 0.0455831 0.0455601
0.78125 1.04558 0.0455831 0.0455601
0.796875 1.04291 0.0429096 0.0429139
0.796875 1.04291 0.0429096 0.0429139
0.8125 1.04018 0.0401791 0.0402207
0.8125 1.04018 0.0401791 0.0402207
0.828125 1.03742 0.0374159 0.0375077
0.828125 1.03742 0.0374159 0.0375077
0.84375 1.03465 0.0346488 0.0348069
0.84375 1.03465 0.0346488 0.0348069
0.859375 1.03191 0.0319118 0.0321555
0.859375 1.03191 0.0319118 0.0321555
0.875 1.02924 0.0292436 0.0295956
0.875 1.02924 0.0292436 0.0295956
0.890625 1.02669 0.0266872 0.0271732
0.890625 1.02669 0.0266872 0.0271732
0.90625 1.02429 0.0242891 0.0249371
0.90625 1.02429 0.0242891 0.0249371
0.921875 1.0221 0.0220978 0.0229369
0.921875 1.0221 0.0220978 0.0229369
0.9375 1.02016 0.0201613 0.0212211
0.9375 1.02016 0.0201613 0.0212211
0.953125 1.01853 0.0185257 0.019834
0.953125 1.01853 0.0185257 0.019834
0.96875 1.01723 0.0172316 0.0188137
0.96875 1.01723 0.0172316 0.0188137
0.984375 1.01631 0.0163124 0.0181893
0.984375 1.01631 0.0163124 0.0181893
1 1.01579 0.0157917 0.0179791
