# x y topography analytical topography
0 1.02913 0.0291325 0.0315604
0.015625 1.02941 0.0294082 0.0316441
0.015625 1.02941 0.0294082 0.0316441
0.03125 1.02985 0.0298473 0.0318941
0.03125 1.02985 0.0298473 0.0318941
0.046875 1.03045 0.0304457 0.0323074
0.046875 1.03045 0.0304457 0.0323074
0.0625 1.0312 0.0311971 0.0328789
0.0625 1.0312 0.0311971 0.0328789
0.078125 1.03209 0.0320937 0.0336015
0.078125 1.03209 0.0320937 0.0336015
0.09375 1.03313 0.0331258 0.0344666
0.09375 1.03313 0.0331258 0.0344666
0.109375 1.03428 0.0342823 0.0354638
0.109375 1.03428 0.0342823 0.0354638
0.125 1.03555 0.0355509 0.0365812
0.125 1.03555 0.0355509 0.0365812
0.140625 1.03692 0.036918 0.0378059
0.140625 1.03692 0.036918 0.0378059
0.15625 1.03837 0.0383693 0.0391238
0.15625 1.03837 0.0383693 0.0391238
0.171875 1.03989 0.0398898 0.0405201
0.171875 1.03989 0.0398898 0.0405201
0.1875 1.04146 0.0414641 0.0419795
0.1875 1.04146 0.0414641 0.0419795
0.203125 1.04308 0.0430765 0.0434862
0.203125 1.04308 0.0430765 0.0434862
0.21875 1.04471 0.0447113 0.0450244
0.21875 1.04471 0.0447113 0.0450244
0.234375 1.04635 0.0463531 0.0465783
0.234375 1.04635 0.0463531 0.0465783
0.25 1.04799 0.0479866 0.0481324
0.25 1.04799 0.0479866 0.0481324
0.265625 1.0496 0.0495972 0.0496718
0.265625 1.0496 0.0495972 0.0496718
0.28125 1.05117 0.0511709 0.0511818
0.28125 1.05117 0.0511709 0.0511818
0.296875 1.05269 0.0526942 0.0526486
0.296875 1.05269 0.0526942 0.0526486
0.3125 1.05415 0.0541547 0.0540593
0.3125 1.05415 0.0541547 0.0540593
0.328125 1.05554 0.0555407 0.0554017
0.328125 1.05554 0.0555407 0.0554017
0.34375 1.05684 0.0568416 0.0566646
0.34375 1.05684 0.0568416 0.0566646
0.359375 1.05805 0.0580474 0.0578377
0.359375 1.05805 0.0580474 0.0578377
0.375 1.05915 0.0591495 0.0589118
0.375 1.05915 0.0591495 0.0589118
0.390625 1.06014 0.0601399 0.0598786
0.390625 1.06014 0.0601399 0.0598786
0.40625 1.06101 0.0610119 0.0607309
0.40625 1.06101 0.0610119 0.0607309
0.421875 1.06176 0.0617596 0.0614626
0.421875 1.06176 0.0617596 0.0614626
0.4375 1.06238 0.062378 0.0620682
0.4375 1.06238 0.062378 0.0620682
0.453125 1.06286 0.0628631 0.0625436
0.453125 1.06286 0.0628631 0.0625436
0.46875 1.06321 0.0632118 0.0628856
0.46875 1.06321 0.0632118 0.0628856
0.484375 1.06342 0.0634219 0.0630917
0.484375 1.06342 0.0634219 0.0630917
0.5 1.06349 0.0634921 0.0631605
0.5 1.06349 0.0634921 0.0631605
0.515625 1.06342 0.0634219 0.0630917
0.515625 1.06342 0.0634219 0.0630917
0.53125 1.06321 0.0632118 0.0628856
0.53125 1.06321 0.0632118 0.0628856
0.546875 1.06286 0.0628631 0.0625436
0.546875 1.06286 0.0628631 0.0625436
0.5625 1.06238 0.062378 0.0620682
0.5625 1.06238 0.062378 0.0620682
0.578125 1.06176 0.0617596 0.0614626
0.578125 1.06176 0.0617596 0.0614626
0.59375 1.06101 0.0610119 0.0607309
0.59375 1.06101 0.0610119 0.0607309
0.609375 1.06014 0.0601399 0.0598786
0.609375 1.06014 0.0601399 0.0598786
0.625 1.05915 0.0591495 0.0589118
0.625 1.05915 0.0591495 0.0589118
0.640625 1.05805 0.0580474 0.0578377
0.640625 1.05805 0.0580474 0.0578377
0.65625 1.05684 0.0568416 0.0566646
0.65625 1.05684 0.0568416 0.0566646
0.671875 1.05554 0.0555407 0.0554017
0.671875 1.05554 0.0555407 0.0554017
0.6875 1.05415 0.0541547 0.0540593
0.6875 1.05415 0.0541547 0.0540593
0.703125 1.05269 0.0526942 0.0526486
0.703125 1.05269 0.0526942 0.0526486
0.71875 1.05117 0.0511709 0.0511818
0.71875 1.05117 0.0511709 0.0511818
0.734375 1.0496 0.0495972 0.0496718
0.734375 1.0496 0.0495972 0.0496718
0.75 1.04799 0.0479866 0.0481324
0.75 1.04799 0.0479866 0.0481324
0.765625 1.04635 0.0463531 0.0465783
0.765625 1.04635 0.0463531 0.0465783
0.78125 1.04471 0.0447113 0.0450244
0.78125 1.04471 0.0447113 0.0450244
0.796875 1.04308 0.0430765 0.0434862
0.796875 1.04308 0.0430765 0.0434862
0.8125 1.04146 0.0414641 0.0419795
0.8125 1.04146 0.0414641 0.0419795
0.828125 1.03989 0.0398898 0.0405201
0.828125 1.03989 0.0398898 0.0405201
0.84375 1.03837 0.0383693 0.0391238
0.84375 1.03837 0.0383693 0.0391238
0.859375 1.03692 0.036918 0.0378059
0.859375 1.03692 0.036918 0.0378059
0.875 1.03555 0.0355509 0.0365812
0.875 1.03555 0.0355509 0.0365812
0.890625 1.03428 0.0342823 0.0354638
0.890625 1.03428 0.0342823 0.0354638
0.90625 1.03313 0.0331258 0.0344666
0.90625 1.03313 0.0331258 0.0344666
0.921875 1.03209 0.0320937 0.0336015
0.921875 1.03209 0.0320937 0.0336015
0.9375 1.0312 0.0311971 0.0328789
0.9375 1.0312 0.0311971 0.0328789
0.953125 1.03045 0.0304457 0.0323074
0.953125 1.03045 0.0304457 0.0323074
0.96875 1.02985 0.0298473 0.0318941
0.96875 1.02985 0.0298473 0.0318941
0.984375 1.02941 0.0294082 0.0316441
0.984375 1.02941 0.0294082 0.0316441
1 1.02913 0.0291325 0.0315604
