# x y topography analytical topography
0 1.02502 0.0250222 0.0273967
0.015625 1.02535 0.0253528 0.0275087
0.015625 1.02535 0.0253528 0.0275087
0.03125 1.0259 0.0259007 0.027843
0.03125 1.0259 0.0259007 0.027843
0.046875 1.02666 0.0266591 0.0283946
0.046875 1.02666 0.0266591 0.0283946
0.0625 1.02762 0.0276183 0.0291553
0.0625 1.02762 0.0276183 0.0291553
0.078125 1.02877 0.0287659 0.0301141
0.078125 1.02877 0.0287659 0.0301141
0.09375 1.03009 0.0300869 0.031257
0.09375 1.03009 0.0300869 0.031257
0.109375 1.03156 0.0315643 0.0325679
0.109375 1.03156 0.0315643 0.0325679
0.125 1.03318 0.0331795 0.0340287
0.125 1.03318 0.0331795 0.0340287
0.140625 1.03491 0.0349125 0.0356199
0.140625 1.03491 0.0349125 0.0356199
0.15625 1.03674 0.0367424 0.0373206
0.15625 1.03674 0.0367424 0.0373206
0.171875 1.03865 0.038648 0.0391095
0.171875 1.03865 0.038648 0.0391095
0.1875 1.04061 0.0406081 0.0409649
0.1875 1.04061 0.0406081 0.0409649
0.203125 1.0426 0.0426015 0.0428654
0.203125 1.0426 0.0426015 0.0428654
0.21875 1.04461 0.0446078 0.0447898
0.21875 1.04461 0.0446078 0.0447898
0.234375 1.04661 0.0466076 0.0467179
0.234375 1.04661 0.0466076 0.0467179
0.25 1.04858 0.0485821 0.0486303
0.25 1.04858 0.0485821 0.0486303
0.265625 1.05051 0.0505142 0.0505087
0.265625 1.05051 0.0505142 0.0505087
0.28125 1.05239 0.0523877 0.0523364
0.28125 1.05239 0.0523877 0.0523364
0.296875 1.05419 0.054188 0.0540978
0.296875 1.05419 0.054188 0.0540978
0.3125 1.0559 0.0559018 0.0557787
0.3125 1.0559 0.0559018 0.0557787
0.328125 1.05752 0.0575172 0.0573666
0.328125 1.05752 0.0575172 0.0573666
0.34375 1.05902 0.0590237 0.05885
0.34375 1.05902 0.0590237 0.05885
0.359375 1.06041 0.0604118 0.0602192
0.359375 1.06041 0.0604118 0.0602192
0.375 1.06167 0.0616736 0.0614654
0.375 1.06167 0.0616736 0.0614654
0.390625 1.0628 0.062802 0.062581
0.390625 1.0628 0.062802 0.062581
0.40625 1.06379 0.0637911 0.0635599
0.40625 1.06379 0.0637911 0.0635599
0.421875 1.06464 0.064636 0.0643967
0.421875 1.06464 0.064636 0.0643967
0.4375 1.06533 0.0653326 0.065087
0.4375 1.06533 0.0653326 0.065087
0.453125 1.06588 0.0658776 0.0656273
0.453125 1.06588 0.0658776 0.0656273
0.46875 1.06627 0.0662686 0.0660152
0.46875 1.06627 0.0662686 0.0660152
0.484375 1.0665 0.0665039 0.0662486
0.484375 1.0665 0.0665039 0.0662486
0.5 1.06658 0.0665824 0.0663265
0.5 1.06658 0.0665824 0.0663265
0.515625 1.0665 0.0665039 0.0662486
0.515625 1.0665 0.0665039 0.0662486
0.53125 1.06627 0.0662686 0.0660152
0.53125 1.06627 0.0662686 0.0660152
0.546875 1.06588 0.0658776 0.0656273
0.546875 1.06588 0.0658776 0.0656273
0.5625 1.06533 0.0653326 0.065087
0.5625 1.06533 0.0653326 0.065087
0.578125 1.06464 0.064636 0.0643967
0.578125 1.06464 0.064636 0.0643967
0.59375 1.06379 0.0637911 0.0635599
0.59375 1.06379 0.0637911 0.0635599
0.609375 1.0628 0.062802 0.062581
0.609375 1.0628 0.062802 0.062581
0.625 1.06167 0.0616736 0.0614654
0.625 1.06167 0.0616736 0.0614654
0.640625 1.06041 0.0604118 0.0602192
0.640625 1.06041 0.0604118 0.0602192
0.65625 1.05902 0.0590237 0.05885
0.65625 1.05902 0.0590237 0.05885
0.671875 1.05752 0.0575172 0.0573666
0.671875 1.05752 0.0575172 0.0573666
0.6875 1.0559 0.0559018 0.0557787
0.6875 1.0559 0.0559018 0.0557787
0.703125 1.05419 0.054188 0.0540978
0.703125 1.05419 0.054188 0.0540978
0.71875 1.05239 0.0523877 0.0523364
0.71875 1.05239 0.0523877 0.0523364
0.734375 1.05051 0.0505142 0.0505087
0.734375 1.05051 0.0505142 0.0505087
0.75 1.04858 0.0485821 0.0486303
0.75 1.04858 0.0485821 0.0486303
0.765625 1.04661 0.0466076 0.0467179
0.765625 1.04661 0.0466076 0.0467179
0.78125 1.04461 0.0446078 0.0447898
0.78125 1.04461 0.0446078 0.0447898
0.796875 1.0426 0.0426015 0.0428654
0.796875 1.0426 0.0426015 0.0428654
0.8125 1.04061 0.0406081 0.0409649
0.8125 1.04061 0.0406081 0.0409649
0.828125 1.03865 0.038648 0.0391095
0.828125 1.03865 0.038648 0.0391095
0.84375 1.03674 0.0367424 0.0373206
0.84375 1.03674 0.0367424 0.0373206
0.859375 1.03491 0.0349125 0.0356199
0.859375 1.03491 0.0349125 0.0356199
0.875 1.03318 0.0331795 0.0340287
0.875 1.03318 0.0331795 0.0340287
0.890625 1.03156 0.0315643 0.0325679
0.890625 1.03156 0.0315643 0.0325679
0.90625 1.03009 0.0300869 0.031257
0.90625 1.03009 0.0300869 0.031257
0.921875 1.02877 0.0287659 0.0301141
0.921875 1.02877 0.0287659 0.0301141
0.9375 1.02762 0.0276183 0.0291553
0.9375 1.02762 0.0276183 0.0291553
0.953125 1.02666 0.0266591 0.0283946
0.953125 1.02666 0.0266591 0.0283946
0.96875 1.0259 0.0259007 0.027843
0.96875 1.0259 0.0259007 0.027843
0.984375 1.02535 0.0253528 0.0275087
0.984375 1.02535 0.0253528 0.0275087
1 1.02502 0.0250222 0.0273967
