# x y topography analytical topography
0 1.01325 0.0132517 0.0153717
0.015625 1.01386 0.0138586 0.0156266
0.015625 1.01386 0.0138586 0.0156266
0.03125 1.01494 0.0149429 0.0163814
0.03125 1.01494 0.0149429 0.0163814
0.046875 1.01647 0.0164675 0.0176069
0.046875 1.01647 0.0164675 0.0176069
0.0625 1.01838 0.0183812 0.0192579
0.0625 1.01838 0.0183812 0.0192579
0.078125 1.02062 0.0206236 0.0212769
0.078125 1.02062 0.0206236 0.0212769
0.09375 1.02313 0.0231296 0.0235992
0.09375 1.02313 0.0231296 0.0235992
0.109375 1.02583 0.0258341 0.0261576
0.109375 1.02583 0.0258341 0.0261576
0.125 1.02868 0.0286757 0.0288869
0.125 1.02868 0.0286757 0.0288869
0.140625 1.0316 0.0315993 0.0317268
0.140625 1.0316 0.0315993 0.0317268
0.15625 1.03456 0.0345573 0.0346246
0.15625 1.03456 0.0345573 0.0346246
0.171875 1.03751 0.0375105 0.0375355
0.171875 1.03751 0.0375105 0.0375355
0.1875 1.04043 0.040427 0.0404232
0.1875 1.04043 0.040427 0.0404232
0.203125 1.04328 0.0432816 0.0432585
0.203125 1.04328 0.0432816 0.0432585
0.21875 1.04605 0.0460547 0.0460188
0.21875 1.04605 0.0460547 0.0460188
0.234375 1.04873 0.0487311 0.0486865
0.234375 1.04873 0.0487311 0.0486865
0.25 1.0513 0.0512985 0.051248
0.25 1.0513 0.0512985 0.051248
0.265625 1.05375 0.0537473 0.0536925
0.265625 1.05375 0.0537473 0.0536925
0.28125 1.05607 0.0560695 0.0560112
0.28125 1.05607 0.0560695 0.0560112
0.296875 1.05826 0.058258 0.0581971
0.296875 1.05826 0.058258 0.0581971
0.3125 1.06031 0.0603071 0.0602437
0.3125 1.06031 0.0603071 0.0602437
0.328125 1.06221 0.0622112 0.0621458
0.328125 1.06221 0.0622112 0.0621458
0.34375 1.06397 0.0639657 0.0638984
0.34375 1.06397 0.0639657 0.0638984
0.359375 1.06557 0.0655662 0.0654972
0.359375 1.06557 0.0655662 0.0654972
0.375 1.06701 0.0670088 0.0669383
0.375 1.06701 0.0670088 0.0669383
0.390625 1.06829 0.06829 0.0682181
0.390625 1.06829 0.06829 0.0682181
0.40625 1.06941 0.0694067 0.0693336
0.40625 1.06941 0.0694067 0.0693336
0.421875 1.07036 0.0703562 0.0702821
0.421875 1.07036 0.0703562 0.0702821
0.4375 1.07114 0.0711362 0.0710613
0.4375 1.07114 0.0711362 0.0710613
0.453125 1.07174 0.0717448 0.0716693
0.453125 1.07174 0.0717448 0.0716693
0.46875 1.07218 0.0721806 0.0721046
0.46875 1.07218 0.0721806 0.0721046
0.484375 1.07244 0.0724425 0.0723662
0.484375 1.07244 0.0724425 0.0723662
0.5 1.07253 0.0725298 0.0724535
0.5 1.07253 0.0725298 0.0724535
0.515625 1.07244 0.0724425 0.0723662
0.515625 1.07244 0.0724425 0.0723662
0.53125 1.07218 0.0721806 0.0721046
0.53125 1.07218 0.0721806 0.0721046
0.546875 1.07174 0.0717448 0.0716693
0.546875 1.07174 0.0717448 0.0716693
0.5625 1.07114 0.0711362 0.0710613
0.5625 1.07114 0.0711362 0.0710613
0.578125 1.07036 0.0703562 0.0702821
0.578125 1.07036 0.0703562 0.0702821
0.59375 1.06941 0.0694067 0.0693336
0.59375 1.06941 0.0694067 0.0693336
0.609375 1.06829 0.06829 0.0682181
0.609375 1.06829 0.06829 0.0682181
0.625 1.06701 0.0670088 0.0669383
0.625 1.06701 0.0670088 0.0669383
0.640625 1.06557 0.0655662 0.0654972
0.640625 1.06557 0.0655662 0.0654972
0.65625 1.06397 0.0639657 0.0638984
0.65625 1.06397 0.0639657 0.0638984
0.671875 1.06221 0.0622112 0.0621458
0.671875 1.06221 0.0622112 0.0621458
0.6875 1.06031 0.0603071 0.0602437
0.6875 1.06031 0.0603071 0.0602437
0.703125 1.05826 0.058258 0.0581971
0.703125 1.05826 0.058258 0.0581971
0.71875 1.05607 0.0560695 0.0560112
0.71875 1.05607 0.0560695 0.0560112
0.734375 1.05375 0.0537473 0.0536925
0.734375 1.05375 0.0537473 0.0536925
0.75 1.0513 0.0512985 0.051248
0.75 1.0513 0.0512985 0.051248
0.765625 1.04873 0.0487311 0.0486865
0.765625 1.04873 0.0487311 0.0486865
0.78125 1.04605 0.0460547 0.0460188
0.78125 1.04605 0.0460547 0.0460188
0.796875 1.04328 0.0432816 0.0432585
0.796875 1.04328 0.0432816 0.0432585
0.8125 1.04043 0.040427 0.0404232
0.8125 1.04043 0.040427 0.0404232
0.828125 1.03751 0.0375105 0.0375355
0.828125 1.03751 0.0375105 0.0375355
0.84375 1.03456 0.0345573 0.0346246
0.84375 1.03456 0.0345573 0.0346246
0.859375 1.0316 0.0315993 0.0317268
0.859375 1.0316 0.0315993 0.0317268
0.875 1.02868 0.0286757 0.0288869
0.875 1.02868 0.0286757 0.0288869
0.890625 1.02583 0.0258341 0.0261576
0.890625 1.02583 0.0258341 0.0261576
0.90625 1.02313 0.0231296 0.0235992
0.90625 1.02313 0.0231296 0.0235992
0.921875 1.02062 0.0206236 0.0212769
0.921875 1.02062 0.0206236 0.0212769
0.9375 1.01838 0.0183812 0.0192579
0.9375 1.01838 0.0183812 0.0192579
0.953125 1.01647 0.0164675 0.0176069
0.953125 1.01647 0.0164675 0.0176069
0.96875 1.01494 0.0149429 0.0163814
0.96875 1.01494 0.0149429 0.0163814
0.984375 1.01386 0.0138586 0.0156266
0.984375 1.01386 0.0138586 0.0156266
1 1.01325 0.0132517 0.0153717
