# x y topography analytical topography
0 1.03222 0.0322194 0.034672
0.015625 1.03246 0.0324595 0.0347375
0.015625 1.03246 0.0324595 0.0347375
0.03125 1.03283 0.0328283 0.0349331
0.03125 1.03283 0.0328283 0.0349331
0.046875 1.03332 0.0333226 0.0352568
0.046875 1.03332 0.0333226 0.0352568
0.0625 1.03394 0.033938 0.0357049
0.0625 1.03394 0.033938 0.0357049
0.078125 1.03467 0.0346687 0.0362725
0.078125 1.03467 0.0346687 0.0362725
0.09375 1.03551 0.0355079 0.0369534
0.09375 1.03551 0.0355079 0.0369534
0.109375 1.03645 0.0364474 0.0377401
0.109375 1.03645 0.0364474 0.0377401
0.125 1.03748 0.0374781 0.0386241
0.125 1.03748 0.0374781 0.0386241
0.140625 1.03859 0.0385902 0.0395959
0.140625 1.03859 0.0385902 0.0395959
0.15625 1.03977 0.0397729 0.0406451
0.15625 1.03977 0.0397729 0.0406451
0.171875 1.04101 0.0410149 0.0417609
0.171875 1.04101 0.0410149 0.0417609
0.1875 1.0423 0.0423043 0.0429314
0.1875 1.0423 0.0423043 0.0429314
0.203125 1.04363 0.0436291 0.0441448
0.203125 1.04363 0.0436291 0.0441448
0.21875 1.04498 0.0449768 0.0453886
0.21875 1.04498 0.0449768 0.0453886
0.234375 1.04634 0.0463352 0.0466506
0.234375 1.04634 0.0463352 0.0466506
0.25 1.04769 0.0476918 0.0479183
0.25 1.04769 0.0476918 0.0479183
0.265625 1.04903 0.0490346 0.0491794
0.265625 1.04903 0.0490346 0.0491794
0.28125 1.05035 0.0503516 0.0504218
0.28125 1.05035 0.0503516 0.0504218
0.296875 1.05163 0.0516314 0.0516339
0.296875 1.05163 0.0516314 0.0516339
0.3125 1.05286 0.0528632 0.0528046
0.3125 1.05286 0.0528632 0.0528046
0.328125 1.05404 0.0540365 0.053923
0.328125 1.05404 0.0540365 0.053923
0.34375 1.05514 0.0551416 0.0549793
0.34375 1.05514 0.0551416 0.0549793
0.359375 1.05617 0.0561694 0.0559641
0.359375 1.05617 0.0561694 0.0559641
0.375 1.05711 0.0571118 0.0568689
0.375 1.05711 0.0571118 0.0568689
0.390625 1.05796 0.0579612 0.0576859
0.390625 1.05796 0.0579612 0.0576859
0.40625 1.05871 0.058711 0.0584081
0.40625 1.05871 0.058711 0.0584081
0.421875 1.05936 0.0593553 0.0590295
0.421875 1.05936 0.0593553 0.0590295
0.4375 1.05989 0.0598892 0.0595451
0.4375 1.05989 0.0598892 0.0595451
0.453125 1.06031 0.0603087 0.0599504
0.453125 1.06031 0.0603087 0.0599504
0.46875 1.06061 0.0606106 0.0602424
0.46875 1.06061 0.0606106 0.0602424
0.484375 1.06079 0.0607927 0.0604185
0.484375 1.06079 0.0607927 0.0604185
0.5 1.06085 0.0608535 0.0604773
0.5 1.06085 0.0608535 0.0604773
0.515625 1.06079 0.0607927 0.0604185
0.515625 1.06079 0.0607927 0.0604185
0.53125 1.06061 0.0606106 0.0602424
0.53125 1.06061 0.0606106 0.0602424
0.546875 1.06031 0.0603087 0.0599504
0.546875 1.06031 0.0603087 0.0599504
0.5625 1.05989 0.0598892 0.0595451
0.5625 1.05989 0.0598892 0.0595451
0.578125 1.05936 0.0593553 0.0590295
0.578125 1.05936 0.0593553 0.0590295
0.59375 1.05871 0.058711 0.0584081
0.59375 1.05871 0.058711 0.0584081
0.609375 1.05796 0.0579612 0.0576859
0.609375 1.05796 0.0579612 0.0576859
0.625 1.05711 0.0571118 0.0568689
0.625 1.05711 0.0571118 0.0568689
0.640625 1.05617 0.0561694 0.0559641
0.640625 1.05617 0.0561694 0.0559641
0.65625 1.05514 0.0551416 0.0549793
0.65625 1.05514 0.0551416 0.0549793
0.671875 1.05404 0.0540365 0.053923
0.671875 1.05404 0.0540365 0.053923
0.6875 1.05286 0.0528632 0.0528046
0.6875 1.05286 0.0528632 0.0528046
0.703125 1.05163 0.0516314 0.0516339
0.703125 1.05163 0.0516314 0.0516339
0.71875 1.05035 0.0503516 0.0504218
0.71875 1.05035 0.0503516 0.0504218
0.734375 1.04903 0.0490346 0.0491794
0.734375 1.04903 0.0490346 0.0491794
0.75 1.04769 0.0476918 0.0479183
0.75 1.04769 0.0476918 0.0479183
0.765625 1.04634 0.0463352 0.0466506
0.765625 1.04634 0.0463352 0.0466506
0.78125 1.04498 0.0449768 0.0453886
0.78125 1.04498 0.0449768 0.0453886
0.796875 1.04363 0.0436291 0.0441448
0.796875 1.04363 0.0436291 0.0441448
0.8125 1.0423 0.0423043 0.0429314
0.8125 1.0423 0.0423043 0.0429314
0.828125 1.04101 0.0410149 0.0417609
0.828125 1.04101 0.0410149 0.0417609
0.84375 1.03977 0.0397729 0.0406451
0.84375 1.03977 0.0397729 0.0406451
0.859375 1.03859 0.0385902 0.0395959
0.859375 1.03859 0.0385902 0.0395959
0.875 1.03748 0.0374781 0.0386241
0.875 1.03748 0.0374781 0.0386241
0.890625 1.03645 0.0364474 0.0377401
0.890625 1.03645 0.0364474 0.0377401
0.90625 1.03551 0.0355079 0.0369534
0.90625 1.03551 0.0355079 0.0369534
0.921875 1.03467 0.0346687 0.0362725
0.921875 1.03467 0.0346687 0.0362725
0.9375 1.03394 0.033938 0.0357049
0.9375 1.03394 0.033938 0.0357049
0.953125 1.03332 0.0333226 0.0352568
0.953125 1.03332 0.0333226 0.0352568
0.96875 1.03283 0.0328283 0.0349331
0.96875 1.03283 0.0328283 0.0349331
0.984375 1.03246 0.0324595 0.0347375
0.984375 1.03246 0.0324595 0.0347375
1 1.03222 0.0322194 0.034672
