# x y topography analytical topography
0 1.01965 0.0196454 0.0219216
0.015625 1.02007 0.0200704 0.0220822
0.015625 1.02007 0.0200704 0.0220822
0.03125 1.0208 0.0208036 0.0225609
0.03125 1.0208 0.0208036 0.0225609
0.046875 1.02183 0.0218318 0.0233474
0.046875 1.02183 0.0218318 0.0233474
0.0625 1.02314 0.0231362 0.0244254
0.0625 1.02314 0.0231362 0.0244254
0.078125 1.02469 0.0246928 0.0257733
0.078125 1.02469 0.0246928 0.0257733
0.09375 1.02647 0.0264737 0.0273645
0.09375 1.02647 0.0264737 0.0273645
0.109375 1.02845 0.0284483 0.0291691
0.109375 1.02845 0.0284483 0.0291691
0.125 1.03058 0.0305841 0.0311549
0.125 1.03058 0.0305841 0.0311549
0.140625 1.03285 0.0328479 0.0332881
0.140625 1.03285 0.0328479 0.0332881
0.15625 1.03521 0.0352068 0.0355351
0.15625 1.03521 0.0352068 0.0355351
0.171875 1.03763 0.0376289 0.0378627
0.171875 1.03763 0.0376289 0.0378627
0.1875 1.04008 0.0400843 0.0402392
0.1875 1.04008 0.0400843 0.0402392
0.203125 1.04255 0.042545 0.0426351
0.203125 1.04255 0.042545 0.0426351
0.21875 1.04499 0.0449858 0.0450231
0.21875 1.04499 0.0449858 0.0450231
0.234375 1.04738 0.0473841 0.047379
0.234375 1.04738 0.0473841 0.047379
0.25 1.04972 0.0497198 0.0496809
0.25 1.04972 0.0497198 0.0496809
0.265625 1.05198 0.0519756 0.05191
0.265625 1.05198 0.0519756 0.05191
0.28125 1.05414 0.0541364 0.05405
0.28125 1.05414 0.0541364 0.05405
0.296875 1.05619 0.0561895 0.0560866
0.296875 1.05619 0.0561895 0.0560866
0.3125 1.05812 0.0581238 0.0580082
0.3125 1.05812 0.0581238 0.0580082
0.328125 1.05993 0.0599303 0.0598046
0.328125 1.05993 0.0599303 0.0598046
0.34375 1.0616 0.0616009 0.0614673
0.34375 1.0616 0.0616009 0.0614673
0.359375 1.06313 0.0631292 0.0629893
0.359375 1.06313 0.0631292 0.0629893
0.375 1.06451 0.0645097 0.0643647
0.375 1.06451 0.0645097 0.0643647
0.390625 1.06574 0.0657375 0.0655885
0.390625 1.06574 0.0657375 0.0655885
0.40625 1.06681 0.0668089 0.0666566
0.40625 1.06681 0.0668089 0.0666566
0.421875 1.06772 0.0677206 0.0675657
0.421875 1.06772 0.0677206 0.0675657
0.4375 1.06847 0.06847 0.0683131
0.4375 1.06847 0.06847 0.0683131
0.453125 1.06905 0.069055 0.0688965
0.453125 1.06905 0.069055 0.0688965
0.46875 1.06947 0.0694739 0.0693144
0.46875 1.06947 0.0694739 0.0693144
0.484375 1.06973 0.0697257 0.0695656
0.484375 1.06973 0.0697257 0.0695656
0.5 1.06981 0.0698098 0.0696494
0.5 1.06981 0.0698098 0.0696494
0.515625 1.06973 0.0697257 0.0695656
0.515625 1.06973 0.0697257 0.0695656
0.53125 1.06947 0.0694739 0.0693144
0.53125 1.06947 0.0694739 0.0693144
0.546875 1.06905 0.069055 0.0688965
0.546875 1.06905 0.069055 0.0688965
0.5625 1.06847 0.06847 0.0683131
0.5625 1.06847 0.06847 0.0683131
0.578125 1.06772 0.0677206 0.0675657
0.578125 1.06772 0.0677206 0.0675657
0.59375 1.06681 0.0668089 0.0666566
0.59375 1.06681 0.0668089 0.0666566
0.609375 1.06574 0.0657375 0.0655885
0.609375 1.06574 0.0657375 0.0655885
0.625 1.06451 0.0645097 0.0643647
0.625 1.06451 0.0645097 0.0643647
0.640625 1.06313 0.0631292 0.0629893
0.640625 1.06313 0.0631292 0.0629893
0.65625 1.0616 0.0616009 0.0614673
0.65625 1.0616 0.0616009 0.0614673
0.671875 1.05993 0.0599303 0.0598046
0.671875 1.05993 0.0599303 0.0598046
0.6875 1.05812 0.0581238 0.0580082
0.6875 1.05812 0.0581238 0.0580082
0.703125 1.05619 0.0561895 0.0560866
0.703125 1.05619 0.0561895 0.0560866
0.71875 1.05414 0.0541364 0.05405
0.71875 1.05414 0.0541364 0.05405
0.734375 1.05198 0.0519756 0.05191
0.734375 1.05198 0.0519756 0.05191
0.75 1.04972 0.0497198 0.0496809
0.75 1.04972 0.0497198 0.0496809
0.765625 1.04738 0.0473841 0.047379
0.765625 1.04738 0.0473841 0.047379
0.78125 1.04499 0.0449858 0.0450231
0.78125 1.04499 0.0449858 0.0450231
0.796875 1.04255 0.042545 0.0426351
0.796875 1.04255 0.042545 0.0426351
0.8125 1.04008 0.0400843 0.0402392
0.8125 1.04008 0.0400843 0.0402392
0.828125 1.03763 0.0376289 0.0378627
0.828125 1.03763 0.0376289 0.0378627
0.84375 1.03521 0.0352068 0.0355351
0.84375 1.03521 0.0352068 0.0355351
0.859375 1.03285 0.0328479 0.0332881
0.859375 1.03285 0.0328479 0.0332881
0.875 1.03058 0.0305841 0.0311549
0.875 1.03058 0.0305841 0.0311549
0.890625 1.02845 0.0284483 0.0291691
0.890625 1.02845 0.0284483 0.0291691
0.90625 1.02647 0.0264737 0.0273645
0.90625 1.02647 0.0264737 0.0273645
0.921875 1.02469 0.0246928 0.0257733
0.921875 1.02469 0.0246928 0.0257733
0.9375 1.02314 0.0231362 0.0244254
0.9375 1.02314 0.0231362 0.0244254
0.953125 1.02183 0.0218318 0.0233474
0.953125 1.02183 0.0218318 0.0233474
0.96875 1.0208 0.0208036 0.0225609
0.96875 1.0208 0.0208036 0.0225609
0.984375 1.02007 0.0200704 0.0220822
0.984375 1.02007 0.0200704 0.0220822
1 1.01965 0.0196454 0.0219216
