# x y topography analytical topography
0 1.01273 0.0127317 0.0148368
0.015625 1.01336 0.0133596 0.0151026
0.015625 1.01336 0.0133596 0.0151026
0.03125 1.01448 0.0144836 0.015889
0.03125 1.01448 0.0144836 0.015889
0.046875 1.01606 0.0160629 0.0171637
0.046875 1.01606 0.0160629 0.0171637
0.0625 1.01804 0.0180411 0.0188767
0.0625 1.01804 0.0180411 0.0188767
0.078125 1.02035 0.0203525 0.0209651
0.078125 1.02035 0.0203525 0.0209651
0.09375 1.02293 0.022927 0.0233589
0.09375 1.02293 0.022927 0.0233589
0.109375 1.0257 0.0256956 0.0259862
0.109375 1.0257 0.0256956 0.0259862
0.125 1.02859 0.0285941 0.0287783
0.125 1.02859 0.0285941 0.0287783
0.140625 1.03157 0.0315662 0.0316728
0.140625 1.03157 0.0315662 0.0316728
0.15625 1.03456 0.034564 0.0346163
0.15625 1.03456 0.034564 0.0346163
0.171875 1.03755 0.037549 0.0375641
0.171875 1.03755 0.037549 0.0375641
0.1875 1.04049 0.0404902 0.0404807
0.1875 1.04049 0.0404902 0.0404807
0.203125 1.04336 0.0433641 0.0433384
0.203125 1.04336 0.0433641 0.0433384
0.21875 1.04615 0.0461521 0.0461159
0.21875 1.04615 0.0461521 0.0461159
0.234375 1.04884 0.0488401 0.048797
0.234375 1.04884 0.0488401 0.048797
0.25 1.05142 0.051417 0.051369
0.25 1.05142 0.051417 0.051369
0.265625 1.05387 0.0538736 0.053822
0.265625 1.05387 0.0538736 0.053822
0.28125 1.0562 0.0562024 0.056148
0.28125 1.0562 0.0562024 0.056148
0.296875 1.0584 0.0583968 0.05834
0.296875 1.0584 0.0583968 0.05834
0.3125 1.06045 0.0604511 0.0603921
0.3125 1.06045 0.0604511 0.0603921
0.328125 1.06236 0.06236 0.0622991
0.328125 1.06236 0.06236 0.0622991
0.34375 1.06412 0.0641188 0.0640562
0.34375 1.06412 0.0641188 0.0640562
0.359375 1.06572 0.0657232 0.065659
0.359375 1.06572 0.0657232 0.065659
0.375 1.06717 0.0671692 0.0671037
0.375 1.06717 0.0671692 0.0671037
0.390625 1.06845 0.0684535 0.0683867
0.390625 1.06845 0.0684535 0.0683867
0.40625 1.06957 0.0695729 0.0695049
0.40625 1.06957 0.0695729 0.0695049
0.421875 1.07052 0.0705246 0.0704558
0.421875 1.07052 0.0705246 0.0704558
0.4375 1.07131 0.0713065 0.0712368
0.4375 1.07131 0.0713065 0.0712368
0.453125 1.07192 0.0719165 0.0718463
0.453125 1.07192 0.0719165 0.0718463
0.46875 1.07235 0.0723534 0.0722827
0.46875 1.07235 0.0723534 0.0722827
0.484375 1.07262 0.0726159 0.072545
0.484375 1.07262 0.0726159 0.072545
0.5 1.0727 0.0727034 0.0726325
0.5 1.0727 0.0727034 0.0726325
0.515625 1.07262 0.0726159 0.072545
0.515625 1.07262 0.0726159 0.072545
0.53125 1.07235 0.0723534 0.0722827
0.53125 1.07235 0.0723534 0.0722827
0.546875 1.07192 0.0719165 0.0718463
0.546875 1.07192 0.0719165 0.0718463
0.5625 1.07131 0.0713065 0.0712368
0.5625 1.07131 0.0713065 0.0712368
0.578125 1.07052 0.0705246 0.0704558
0.578125 1.07052 0.0705246 0.0704558
0.59375 1.06957 0.0695729 0.0695049
0.59375 1.06957 0.0695729 0.0695049
0.609375 1.06845 0.0684535 0.0683867
0.609375 1.06845 0.0684535 0.0683867
0.625 1.06717 0.0671692 0.0671037
0.625 1.06717 0.0671692 0.0671037
0.640625 1.06572 0.0657232 0.065659
0.640625 1.06572 0.0657232 0.065659
0.65625 1.06412 0.0641188 0.0640562
0.65625 1.06412 0.0641188 0.0640562
0.671875 1.06236 0.06236 0.0622991
0.671875 1.06236 0.06236 0.0622991
0.6875 1.06045 0.0604511 0.0603921
0.6875 1.06045 0.0604511 0.0603921
0.703125 1.0584 0.0583968 0.05834
0.703125 1.0584 0.0583968 0.05834
0.71875 1.0562 0.0562024 0.056148
0.71875 1.0562 0.0562024 0.056148
0.734375 1.05387 0.0538736 0.053822
0.734375 1.05387 0.0538736 0.053822
0.75 1.05142 0.051417 0.051369
0.75 1.05142 0.051417 0.051369
0.765625 1.04884 0.0488401 0.048797
0.765625 1.04884 0.0488401 0.048797
0.78125 1.04615 0.0461521 0.0461159
0.78125 1.04615 0.0461521 0.0461159
0.796875 1.04336 0.0433641 0.0433384
0.796875 1.04336 0.0433641 0.0433384
0.8125 1.04049 0.0404902 0.0404807
0.8125 1.04049 0.0404902 0.0404807
0.828125 1.03755 0.037549 0.0375641
0.828125 1.03755 0.037549 0.0375641
0.84375 1.03456 0.034564 0.0346163
0.84375 1.03456 0.034564 0.0346163
0.859375 1.03157 0.0315662 0.0316728
0.859375 1.03157 0.0315662 0.0316728
0.875 1.02859 0.0285941 0.0287783
0.875 1.02859 0.0285941 0.0287783
0.890625 1.0257 0.0256956 0.0259862
0.890625 1.0257 0.0256956 0.0259862
0.90625 1.02293 0.022927 0.0233589
0.90625 1.02293 0.022927 0.0233589
0.921875 1.02035 0.0203525 0.0209651
0.921875 1.02035 0.0203525 0.0209651
0.9375 1.01804 0.0180411 0.0188767
0.9375 1.01804 0.0180411 0.0188767
0.953125 1.01606 0.0160629 0.0171637
0.953125 1.01606 0.0160629 0.0171637
0.96875 1.01448 0.0144836 0.015889
0.96875 1.01448 0.0144836 0.015889
0.984375 1.01336 0.0133596 0.0151026
0.984375 1.01336 0.0133596 0.0151026
1 1.01273 0.0127317 0.0148368
