# x y topography analytical topography
0 1.01071 0.0107125 0.0127562
0.015625 1.01144 0.0114369 0.0130723
0.015625 1.01144 0.0114369 0.0130723
0.03125 1.01274 0.012742 0.0140033
0.03125 1.01274 0.012742 0.0140033
0.046875 1.01456 0.0145649 0.0154992
0.046875 1.01456 0.0145649 0.0154992
0.0625 1.01682 0.0168227 0.0174849
0.0625 1.01682 0.0168227 0.0174849
0.078125 1.01942 0.0194226 0.0198696
0.078125 1.01942 0.0194226 0.0198696
0.09375 1.02227 0.0222719 0.0225569
0.09375 1.02227 0.0222719 0.0225569
0.109375 1.02529 0.0252855 0.0254549
0.109375 1.02529 0.0252855 0.0254549
0.125 1.02839 0.0283909 0.0284818
0.125 1.02839 0.0283909 0.0284818
0.140625 1.03153 0.0315297 0.0315698
0.140625 1.03153 0.0315297 0.0315698
0.15625 1.03466 0.0346573 0.034666
0.15625 1.03466 0.0346573 0.034666
0.171875 1.03774 0.0377405 0.0377305
0.171875 1.03774 0.0377405 0.0377305
0.1875 1.04076 0.0407555 0.0407345
0.1875 1.04076 0.0407555 0.0407345
0.203125 1.04368 0.0436848 0.0436573
0.203125 1.04368 0.0436848 0.0436573
0.21875 1.04652 0.0465154 0.0464838
0.21875 1.04652 0.0465154 0.0464838
0.234375 1.04924 0.0492373 0.0492028
0.234375 1.04924 0.0492373 0.0492028
0.25 1.05184 0.0518421 0.0518055
0.25 1.05184 0.0518421 0.0518055
0.265625 1.05432 0.0543229 0.0542843
0.265625 1.05432 0.0543229 0.0542843
0.28125 1.05667 0.056673 0.0566328
0.28125 1.05667 0.056673 0.0566328
0.296875 1.05889 0.0588868 0.058845
0.296875 1.05889 0.0588868 0.058845
0.3125 1.06096 0.0609588 0.0609155
0.3125 1.06096 0.0609588 0.0609155
0.328125 1.06288 0.062884 0.0628393
0.328125 1.06288 0.062884 0.0628393
0.34375 1.06466 0.0646576 0.0646117
0.34375 1.06466 0.0646576 0.0646117
0.359375 1.06628 0.0662755 0.0662284
0.359375 1.06628 0.0662755 0.0662284
0.375 1.06773 0.0677338 0.0676857
0.375 1.06773 0.0677338 0.0676857
0.390625 1.06903 0.0690289 0.0689798
0.390625 1.06903 0.0690289 0.0689798
0.40625 1.07016 0.0701576 0.0701078
0.40625 1.07016 0.0701576 0.0701078
0.421875 1.07112 0.0711174 0.0710668
0.421875 1.07112 0.0711174 0.0710668
0.4375 1.07191 0.0719058 0.0718547
0.4375 1.07191 0.0719058 0.0718547
0.453125 1.07252 0.072521 0.0724695
0.453125 1.07252 0.072521 0.0724695
0.46875 1.07296 0.0729615 0.0729096
0.46875 1.07296 0.0729615 0.0729096
0.484375 1.07323 0.0732262 0.0731742
0.484375 1.07323 0.0732262 0.0731742
0.5 1.07331 0.0733145 0.0732624
0.5 1.07331 0.0733145 0.0732624
0.515625 1.07323 0.0732262 0.0731742
0.515625 1.07323 0.0732262 0.0731742
0.53125 1.07296 0.0729615 0.0729096
0.53125 1.07296 0.0729615 0.0729096
0.546875 1.07252 0.072521 0.0724695
0.546875 1.07252 0.072521 0.0724695
0.5625 1.07191 0.0719058 0.0718547
0.5625 1.07191 0.0719058 0.0718547
0.578125 1.07112 0.0711174 0.0710668
0.578125 1.07112 0.0711174 0.0710668
0.59375 1.07016 0.0701576 0.0701078
0.59375 1.07016 0.0701576 0.0701078
0.609375 1.06903 0.0690289 0.0689798
0.609375 1.06903 0.0690289 0.0689798
0.625 1.06773 0.0677338 0.0676857
0.625 1.06773 0.0677338 0.0676857
0.640625 1.06628 0.0662755 0.0662284
0.640625 1.06628 0.0662755 0.0662284
0.65625 1.06466 0.0646576 0.0646117
0.65625 1.06466 0.0646576 0.0646117
0.671875 1.06288 0.062884 0.0628393
0.671875 1.06288 0.062884 0.0628393
0.6875 1.06096 0.0609588 0.0609155
0.6875 1.06096 0.0609588 0.0609155
0.703125 1.05889 0.0588868 0.058845
0.703125 1.05889 0.0588868 0.058845
0.71875 1.05667 0.056673 0.0566328
0.71875 1.05667 0.056673 0.0566328
0.734375 1.05432 0.0543229 0.0542843
0.734375 1.05432 0.0543229 0.0542843
0.75 1.05184 0.0518421 0.0518055
0.75 1.05184 0.0518421 0.0518055
0.765625 1.04924 0.0492373 0.0492028
0.765625 1.04924 0.0492373 0.0492028
0.78125 1.04652 0.0465154 0.0464838
0.78125 1.04652 0.0465154 0.0464838
0.796875 1.04368 0.0436848 0.0436573
0.796875 1.04368 0.0436848 0.0436573
0.8125 1.04076 0.0407555 0.0407345
0.8125 1.04076 0.0407555 0.0407345
0.828125 1.03774 0.0377405 0.0377305
0.828125 1.03774 0.0377405 0.0377305
0.84375 1.03466 0.0346573 0.034666
0.84375 1.03466 0.0346573 0.034666
0.859375 1.03153 0.0315297 0.0315698
0.859375 1.03153 0.0315297 0.0315698
0.875 1.02839 0.0283909 0.0284818
0.875 1.02839 0.0283909 0.0284818
0.890625 1.02529 0.0252855 0.0254549
0.890625 1.02529 0.0252855 0.0254549
0.90625 1.02227 0.0222719 0.0225569
0.90625 1.02227 0.0222719 0.0225569
0.921875 1.01942 0.0194226 0.0198696
0.921875 1.01942 0.0194226 0.0198696
0.9375 1.01682 0.0168227 0.0174849
0.9375 1.01682 0.0168227 0.0174849
0.953125 1.01456 0.0145649 0.0154992
0.953125 1.01456 0.0145649 0.0154992
0.96875 1.01274 0.012742 0.0140033
0.96875 1.01274 0.012742 0.0140033
0.984375 1.01144 0.0114369 0.0130723
0.984375 1.01144 0.0114369 0.0130723
1 1.01071 0.0107125 0.0127562
