# x y topography
0 3.00889 0.00889147
0.046875 3.0095 0.00949795
0.046875 3.0095 0.00949795
0.09375 3.01091 0.010906
0.09375 3.01091 0.010906
0.140625 3.013 0.0129961
0.140625 3.013 0.0129961
0.1875 3.01561 0.0156104
0.1875 3.01561 0.0156104
0.234375 3.01858 0.0185849
0.234375 3.01858 0.0185849
0.28125 3.02177 0.0217748
0.28125 3.02177 0.0217748
0.328125 3.02507 0.0250675
0.328125 3.02507 0.0250675
0.375 3.02838 0.0283844
0.375 3.02838 0.0283844
0.421875 3.03168 0.0316751
0.421875 3.03168 0.0316751
0.46875 3.03491 0.0349087
0.46875 3.03491 0.0349087
0.515625 3.03807 0.0380661
0.515625 3.03807 0.0380661
0.5625 3.04113 0.0411348
0.5625 3.04113 0.0411348
0.609375 3.04411 0.0441055
0.609375 3.04411 0.0441055
0.65625 3.04697 0.0469703
0.65625 3.04697 0.0469703
0.703125 3.04972 0.049722
0.703125 3.04972 0.049722
0.75 3.05235 0.0523539
0.75 3.05235 0.0523539
0.796875 3.05486 0.0548597
0.796875 3.05486 0.0548597
0.84375 3.05723 0.0572334
0.84375 3.05723 0.0572334
0.890625 3.05947 0.0594692
0.890625 3.05947 0.0594692
0.9375 3.06156 0.0615617
0.9375 3.06156 0.0615617
0.984375 3.06351 0.0635059
0.984375 3.06351 0.0635059
1.03125 3.0653 0.0652971
1.03125 3.0653 0.0652971
1.07812 3.06693 0.066931
1.07812 3.06693 0.066931
1.125 3.0684 0.0684037
1.125 3.0684 0.0684037
1.17188 3.06971 0.0697116
1.17188 3.06971 0.0697116
1.21875 3.07085 0.0708515
1.21875 3.07085 0.0708515
1.26562 3.07182 0.0718207
1.26562 3.07182 0.0718207
1.3125 3.07262 0.072617
1.3125 3.07262 0.072617
1.35938 3.07324 0.0732382
1.35938 3.07324 0.0732382
1.40625 3.07368 0.0736831
1.40625 3.07368 0.0736831
1.45312 3.07395 0.0739504
1.45312 3.07395 0.0739504
1.5 3.07404 0.0740396
1.5 3.07404 0.0740396
1.54688 3.07395 0.0739504
1.54688 3.07395 0.0739504
1.59375 3.07368 0.0736831
1.59375 3.07368 0.0736831
1.64062 3.07324 0.0732382
1.64062 3.07324 0.0732382
1.6875 3.07262 0.072617
1.6875 3.07262 0.072617
1.73438 3.07182 0.0718207
1.73438 3.07182 0.0718207
1.78125 3.07085 0.0708515
1.78125 3.07085 0.0708515
1.82812 3.06971 0.0697116
1.82812 3.06971 0.0697116
1.875 3.0684 0.0684037
1.875 3.0684 0.0684037
1.92188 3.06693 0.066931
1.92188 3.06693 0.066931
1.96875 3.0653 0.0652971
1.96875 3.0653 0.0652971
2.01562 3.06351 0.0635059
2.01562 3.06351 0.0635059
2.0625 3.06156 0.0615617
2.0625 3.06156 0.0615617
2.10938 3.05947 0.0594692
2.10938 3.05947 0.0594692
2.15625 3.05723 0.0572334
2.15625 3.05723 0.0572334
2.20312 3.05486 0.0548597
2.20312 3.05486 0.0548597
2.25 3.05235 0.0523539
2.25 3.05235 0.0523539
2.29688 3.04972 0.049722
2.29688 3.04972 0.049722
2.34375 3.04697 0.0469703
2.34375 3.04697 0.0469703
2.39062 3.04411 0.0441055
2.39062 3.04411 0.0441055
2.4375 3.04113 0.0411348
2.4375 3.04113 0.0411348
2.48438 3.03807 0.0380661
2.48438 3.03807 0.0380661
2.53125 3.03491 0.0349087
2.53125 3.03491 0.0349087
2.57812 3.03168 0.0316751
2.57812 3.03168 0.0316751
2.625 3.02838 0.0283844
2.625 3.02838 0.0283844
2.67188 3.02507 0.0250675
2.67188 3.02507 0.0250675
2.71875 3.02177 0.0217748
2.71875 3.02177 0.0217748
2.76562 3.01858 0.0185849
2.76562 3.01858 0.0185849
2.8125 3.01561 0.0156104
2.8125 3.01561 0.0156104
2.85938 3.013 0.0129961
2.85938 3.013 0.0129961
2.90625 3.01091 0.010906
2.90625 3.01091 0.010906
2.95312 3.0095 0.00949795
2.95312 3.0095 0.00949795
3 3.00889 0.00889147
