# x y topography
0 3.0129 0.0129049
0.046875 3.01333 0.0133301
0.046875 3.01333 0.0133301
0.09375 3.01432 0.014318
0.09375 3.01432 0.014318
0.140625 3.01582 0.0158238
0.140625 3.01582 0.0158238
0.1875 3.01778 0.017782
0.1875 3.01778 0.017782
0.234375 3.02011 0.020114
0.234375 3.02011 0.020114
0.28125 3.02274 0.0227361
0.28125 3.02274 0.0227361
0.328125 3.02557 0.0255665
0.328125 3.02557 0.0255665
0.375 3.02853 0.0285309
0.375 3.02853 0.0285309
0.421875 3.03157 0.0315655
0.421875 3.03157 0.0315655
0.46875 3.03462 0.0346187
0.46875 3.03462 0.0346187
0.515625 3.03765 0.0376499
0.515625 3.03765 0.0376499
0.5625 3.04063 0.0406288
0.5625 3.04063 0.0406288
0.609375 3.04353 0.0435325
0.609375 3.04353 0.0435325
0.65625 3.04634 0.0463443
0.65625 3.04634 0.0463443
0.703125 3.04905 0.0490515
0.703125 3.04905 0.0490515
0.75 3.05164 0.0516443
0.75 3.05164 0.0516443
0.796875 3.05411 0.0541145
0.796875 3.05411 0.0541145
0.84375 3.05646 0.0564551
0.84375 3.05646 0.0564551
0.890625 3.05866 0.0586602
0.890625 3.05866 0.0586602
0.9375 3.06072 0.0607241
0.9375 3.06072 0.0607241
0.984375 3.06264 0.0626418
0.984375 3.06264 0.0626418
1.03125 3.06441 0.0644086
1.03125 3.06441 0.0644086
1.07812 3.06602 0.0660203
1.07812 3.06602 0.0660203
1.125 3.06747 0.0674729
1.125 3.06747 0.0674729
1.17188 3.06876 0.068763
1.17188 3.06876 0.068763
1.21875 3.06989 0.0698874
1.21875 3.06989 0.0698874
1.26562 3.07084 0.0708435
1.26562 3.07084 0.0708435
1.3125 3.07163 0.0716289
1.3125 3.07163 0.0716289
1.35938 3.07224 0.0722417
1.35938 3.07224 0.0722417
1.40625 3.07268 0.0726805
1.40625 3.07268 0.0726805
1.45312 3.07294 0.0729442
1.45312 3.07294 0.0729442
1.5 3.07303 0.0730322
1.5 3.07303 0.0730322
1.54688 3.07294 0.0729442
1.54688 3.07294 0.0729442
1.59375 3.07268 0.0726805
1.59375 3.07268 0.0726805
1.64062 3.07224 0.0722417
1.64062 3.07224 0.0722417
1.6875 3.07163 0.0716289
1.6875 3.07163 0.0716289
1.73438 3.07084 0.0708435
1.73438 3.07084 0.0708435
1.78125 3.06989 0.0698874
1.78125 3.06989 0.0698874
1.82812 3.06876 0.068763
1.82812 3.06876 0.068763
1.875 3.06747 0.0674729
1.875 3.06747 0.0674729
1.92188 3.06602 0.0660203
1.92188 3.06602 0.0660203
1.96875 3.06441 0.0644086
1.96875 3.06441 0.0644086
2.01562 3.06264 0.0626418
2.01562 3.06264 0.0626418
2.0625 3.06072 0.0607241
2.0625 3.06072 0.0607241
2.10938 3.05866 0.0586602
2.10938 3.05866 0.0586602
2.15625 3.05646 0.0564551
2.15625 3.05646 0.0564551
2.20312 3.05411 0.0541145
2.20312 3.05411 0.0541145
2.25 3.05164 0.0516443
2.25 3.05164 0.0516443
2.29688 3.04905 0.0490515
2.29688 3.04905 0.0490515
2.34375 3.04634 0.0463443
2.34375 3.04634 0.0463443
2.39062 3.04353 0.0435325
2.39062 3.04353 0.0435325
2.4375 3.04063 0.0406288
2.4375 3.04063 0.0406288
2.48438 3.03765 0.0376499
2.48438 3.03765 0.0376499
2.53125 3.03462 0.0346187
2.53125 3.03462 0.0346187
2.57812 3.03157 0.0315655
2.57812 3.03157 0.0315655
2.625 3.02853 0.0285309
2.625 3.02853 0.0285309
2.67188 3.02557 0.0255665
2.67188 3.02557 0.0255665
2.71875 3.02274 0.0227361
2.71875 3.02274 0.0227361
2.76562 3.02011 0.020114
2.76562 3.02011 0.020114
2.8125 3.01778 0.017782
2.8125 3.01778 0.017782
2.85938 3.01582 0.0158238
2.85938 3.01582 0.0158238
2.90625 3.01432 0.014318
2.90625 3.01432 0.014318
2.95312 3.01333 0.0133301
2.95312 3.01333 0.0133301
3 3.0129 0.0129049
