# x y topography
0 3.00763 0.00762607
0.046875 3.00832 0.00832352
0.046875 3.00832 0.00832352
0.09375 3.00993 0.00993271
0.09375 3.00993 0.00993271
0.140625 3.01228 0.0122793
0.140625 3.01228 0.0122793
0.1875 3.01515 0.0151473
0.1875 3.01515 0.0151473
0.234375 3.01833 0.0183321
0.234375 3.01833 0.0183321
0.28125 3.02167 0.0216735
0.28125 3.02167 0.0216735
0.328125 3.02506 0.0250637
0.328125 3.02506 0.0250637
0.375 3.02844 0.0284386
0.375 3.02844 0.0284386
0.421875 3.03176 0.0317628
0.421875 3.03176 0.0317628
0.46875 3.03502 0.0350168
0.46875 3.03502 0.0350168
0.515625 3.03819 0.0381883
0.515625 3.03819 0.0381883
0.5625 3.04127 0.0412684
0.5625 3.04127 0.0412684
0.609375 3.04425 0.0442492
0.609375 3.04425 0.0442492
0.65625 3.04712 0.0471234
0.65625 3.04712 0.0471234
0.703125 3.04988 0.0498841
0.703125 3.04988 0.0498841
0.75 3.05252 0.0525246
0.75 3.05252 0.0525246
0.796875 3.05504 0.0550386
0.796875 3.05504 0.0550386
0.84375 3.05742 0.05742
0.84375 3.05742 0.05742
0.890625 3.05966 0.0596631
0.890625 3.05966 0.0596631
0.9375 3.06176 0.0617624
0.9375 3.06176 0.0617624
0.984375 3.06371 0.063713
0.984375 3.06371 0.063713
1.03125 3.06551 0.06551
1.03125 3.06551 0.06551
1.07812 3.06715 0.0671493
1.07812 3.06715 0.0671493
1.125 3.06863 0.0686267
1.125 3.06863 0.0686267
1.17188 3.06994 0.0699389
1.17188 3.06994 0.0699389
1.21875 3.07108 0.0710825
1.21875 3.07108 0.0710825
1.26562 3.07205 0.0720549
1.26562 3.07205 0.0720549
1.3125 3.07285 0.0728538
1.3125 3.07285 0.0728538
1.35938 3.07348 0.0734771
1.35938 3.07348 0.0734771
1.40625 3.07392 0.0739234
1.40625 3.07392 0.0739234
1.45312 3.07419 0.0741916
1.45312 3.07419 0.0741916
1.5 3.07428 0.0742811
1.5 3.07428 0.0742811
1.54688 3.07419 0.0741916
1.54688 3.07419 0.0741916
1.59375 3.07392 0.0739234
1.59375 3.07392 0.0739234
1.64062 3.07348 0.0734771
1.64062 3.07348 0.0734771
1.6875 3.07285 0.0728538
1.6875 3.07285 0.0728538
1.73438 3.07205 0.0720549
1.73438 3.07205 0.0720549
1.78125 3.07108 0.0710825
1.78125 3.07108 0.0710825
1.82812 3.06994 0.0699389
1.82812 3.06994 0.0699389
1.875 3.06863 0.0686267
1.875 3.06863 0.0686267
1.92188 3.06715 0.0671493
1.92188 3.06715 0.0671493
1.96875 3.06551 0.06551
1.96875 3.06551 0.06551
2.01562 3.06371 0.063713
2.01562 3.06371 0.063713
2.0625 3.06176 0.0617624
2.0625 3.06176 0.0617624
2.10938 3.05966 0.0596631
2.10938 3.05966 0.0596631
2.15625 3.05742 0.05742
2.15625 3.05742 0.05742
2.20312 3.05504 0.0550386
2.20312 3.05504 0.0550386
2.25 3.05252 0.0525246
2.25 3.05252 0.0525246
2.29688 3.04988 0.0498841
2.29688 3.04988 0.0498841
2.34375 3.04712 0.0471234
2.34375 3.04712 0.0471234
2.39062 3.04425 0.0442492
2.39062 3.04425 0.0442492
2.4375 3.04127 0.0412684
2.4375 3.04127 0.0412684
2.48438 3.03819 0.0381883
2.48438 3.03819 0.0381883
2.53125 3.03502 0.0350168
2.53125 3.03502 0.0350168
2.57812 3.03176 0.0317628
2.57812 3.03176 0.0317628
2.625 3.02844 0.0284386
2.625 3.02844 0.0284386
2.67188 3.02506 0.0250637
2.67188 3.02506 0.0250637
2.71875 3.02167 0.0216735
2.71875 3.02167 0.0216735
2.76562 3.01833 0.0183321
2.76562 3.01833 0.0183321
2.8125 3.01515 0.0151473
2.8125 3.01515 0.0151473
2.85938 3.01228 0.0122793
2.85938 3.01228 0.0122793
2.90625 3.00993 0.00993271
2.90625 3.00993 0.00993271
2.95312 3.00832 0.00832352
2.95312 3.00832 0.00832352
3 3.00763 0.00762607
