# x y topography
0 3.01059 0.0105894
0.046875 3.0111 0.0111044
0.046875 3.0111 0.0111044
0.09375 3.0123 0.0123033
0.09375 3.0123 0.0123033
0.140625 3.01411 0.0141099
0.140625 3.01411 0.0141099
0.1875 3.01642 0.016418
0.1875 3.01642 0.016418
0.234375 3.01911 0.0191078
0.234375 3.01911 0.0191078
0.28125 3.02206 0.0220621
0.28125 3.02206 0.0220621
0.328125 3.02518 0.0251778
0.328125 3.02518 0.0251778
0.375 3.02837 0.0283716
0.375 3.02837 0.0283716
0.421875 3.03158 0.0315812
0.421875 3.03158 0.0315812
0.46875 3.03476 0.0347624
0.46875 3.03476 0.0347624
0.515625 3.03789 0.0378853
0.515625 3.03789 0.0378853
0.5625 3.04093 0.0409296
0.5625 3.04093 0.0409296
0.609375 3.04388 0.0438812
0.609375 3.04388 0.0438812
0.65625 3.04673 0.0467297
0.65625 3.04673 0.0467297
0.703125 3.04947 0.0494666
0.703125 3.04947 0.0494666
0.75 3.05208 0.0520848
0.75 3.05208 0.0520848
0.796875 3.05458 0.0545777
0.796875 3.05458 0.0545777
0.84375 3.05694 0.0569391
0.84375 3.05694 0.0569391
0.890625 3.05916 0.0591634
0.890625 3.05916 0.0591634
0.9375 3.06125 0.0612452
0.9375 3.06125 0.0612452
0.984375 3.06318 0.0631794
0.984375 3.06318 0.0631794
1.03125 3.06496 0.0649614
1.03125 3.06496 0.0649614
1.07812 3.06659 0.0665869
1.07812 3.06659 0.0665869
1.125 3.06805 0.068052
1.125 3.06805 0.068052
1.17188 3.06935 0.0693531
1.17188 3.06935 0.0693531
1.21875 3.07049 0.0704872
1.21875 3.07049 0.0704872
1.26562 3.07145 0.0714515
1.26562 3.07145 0.0714515
1.3125 3.07224 0.0722436
1.3125 3.07224 0.0722436
1.35938 3.07286 0.0728617
1.35938 3.07286 0.0728617
1.40625 3.0733 0.0733043
1.40625 3.0733 0.0733043
1.45312 3.07357 0.0735702
1.45312 3.07357 0.0735702
1.5 3.07366 0.0736589
1.5 3.07366 0.0736589
1.54688 3.07357 0.0735702
1.54688 3.07357 0.0735702
1.59375 3.0733 0.0733043
1.59375 3.0733 0.0733043
1.64062 3.07286 0.0728617
1.64062 3.07286 0.0728617
1.6875 3.07224 0.0722436
1.6875 3.07224 0.0722436
1.73438 3.07145 0.0714515
1.73438 3.07145 0.0714515
1.78125 3.07049 0.0704872
1.78125 3.07049 0.0704872
1.82812 3.06935 0.0693531
1.82812 3.06935 0.0693531
1.875 3.06805 0.068052
1.875 3.06805 0.068052
1.92188 3.06659 0.0665869
1.92188 3.06659 0.0665869
1.96875 3.06496 0.0649614
1.96875 3.06496 0.0649614
2.01562 3.06318 0.0631794
2.01562 3.06318 0.0631794
2.0625 3.06125 0.0612452
2.0625 3.06125 0.0612452
2.10938 3.05916 0.0591634
2.10938 3.05916 0.0591634
2.15625 3.05694 0.0569391
2.15625 3.05694 0.0569391
2.20312 3.05458 0.0545777
2.20312 3.05458 0.0545777
2.25 3.05208 0.0520848
2.25 3.05208 0.0520848
2.29688 3.04947 0.0494666
2.29688 3.04947 0.0494666
2.34375 3.04673 0.0467297
2.34375 3.04673 0.0467297
2.39062 3.04388 0.0438812
2.39062 3.04388 0.0438812
2.4375 3.04093 0.0409296
2.4375 3.04093 0.0409296
2.48438 3.03789 0.0378853
2.48438 3.03789 0.0378853
2.53125 3.03476 0.0347624
2.53125 3.03476 0.0347624
2.57812 3.03158 0.0315812
2.57812 3.03158 0.0315812
2.625 3.02837 0.0283716
2.625 3.02837 0.0283716
2.67188 3.02518 0.0251778
2.67188 3.02518 0.0251778
2.71875 3.02206 0.0220621
2.71875 3.02206 0.0220621
2.76562 3.01911 0.0191078
2.76562 3.01911 0.0191078
2.8125 3.01642 0.016418
2.8125 3.01642 0.016418
2.85938 3.01411 0.0141099
2.85938 3.01411 0.0141099
2.90625 3.0123 0.0123033
2.90625 3.0123 0.0123033
2.95312 3.0111 0.0111044
2.95312 3.0111 0.0111044
3 3.01059 0.0105894
