# x y topography
0 3.00504 0.00503827
0.046875 3.00604 0.00603757
0.046875 3.00604 0.00603757
0.09375 3.00826 0.00825553
0.09375 3.00826 0.00825553
0.140625 3.01126 0.0112602
0.140625 3.01126 0.0112602
0.1875 3.01465 0.0146468
0.1875 3.01465 0.0146468
0.234375 3.01816 0.0181592
0.234375 3.01816 0.0181592
0.28125 3.02168 0.021677
0.28125 3.02168 0.021677
0.328125 3.02515 0.0251543
0.328125 3.02515 0.0251543
0.375 3.02857 0.0285731
0.375 3.02857 0.0285731
0.421875 3.03192 0.0319234
0.421875 3.03192 0.0319234
0.46875 3.0352 0.0351968
0.46875 3.0352 0.0351968
0.515625 3.03839 0.0383855
0.515625 3.03839 0.0383855
0.5625 3.04148 0.0414816
0.5625 3.04148 0.0414816
0.609375 3.04448 0.0444779
0.609375 3.04448 0.0444779
0.65625 3.04737 0.047367
0.65625 3.04737 0.047367
0.703125 3.05014 0.0501419
0.703125 3.05014 0.0501419
0.75 3.0528 0.0527961
0.75 3.0528 0.0527961
0.796875 3.05532 0.0553231
0.796875 3.05532 0.0553231
0.84375 3.05772 0.0577168
0.84375 3.05772 0.0577168
0.890625 3.05997 0.0599715
0.890625 3.05997 0.0599715
0.9375 3.06208 0.0620817
0.9375 3.06208 0.0620817
0.984375 3.06404 0.0640423
0.984375 3.06404 0.0640423
1.03125 3.06585 0.0658486
1.03125 3.06585 0.0658486
1.07812 3.0675 0.0674963
1.07812 3.0675 0.0674963
1.125 3.06898 0.0689814
1.125 3.06898 0.0689814
1.17188 3.0703 0.0703004
1.17188 3.0703 0.0703004
1.21875 3.07145 0.0714499
1.21875 3.07145 0.0714499
1.26562 3.07243 0.0724274
1.26562 3.07243 0.0724274
1.3125 3.07323 0.0732303
1.3125 3.07323 0.0732303
1.35938 3.07386 0.0738568
1.35938 3.07386 0.0738568
1.40625 3.07431 0.0743054
1.40625 3.07431 0.0743054
1.45312 3.07458 0.074575
1.45312 3.07458 0.074575
1.5 3.07466 0.074665
1.5 3.07466 0.074665
1.54688 3.07458 0.074575
1.54688 3.07458 0.074575
1.59375 3.07431 0.0743054
1.59375 3.07431 0.0743054
1.64062 3.07386 0.0738568
1.64062 3.07386 0.0738568
1.6875 3.07323 0.0732303
1.6875 3.07323 0.0732303
1.73438 3.07243 0.0724274
1.73438 3.07243 0.0724274
1.78125 3.07145 0.0714499
1.78125 3.07145 0.0714499
1.82812 3.0703 0.0703004
1.82812 3.0703 0.0703004
1.875 3.06898 0.0689814
1.875 3.06898 0.0689814
1.92188 3.0675 0.0674963
1.92188 3.0675 0.0674963
1.96875 3.06585 0.0658486
1.96875 3.06585 0.0658486
2.01562 3.06404 0.0640423
2.01562 3.06404 0.0640423
2.0625 3.06208 0.0620817
2.0625 3.06208 0.0620817
2.10938 3.05997 0.0599715
2.10938 3.05997 0.0599715
2.15625 3.05772 0.0577168
2.15625 3.05772 0.0577168
2.20312 3.05532 0.0553231
2.20312 3.05532 0.0553231
2.25 3.0528 0.0527961
2.25 3.0528 0.0527961
2.29688 3.05014 0.0501419
2.29688 3.05014 0.0501419
2.34375 3.04737 0.047367
2.34375 3.04737 0.047367
2.39062 3.04448 0.0444779
2.39062 3.04448 0.0444779
2.4375 3.04148 0.0414816
2.4375 3.04148 0.0414816
2.48438 3.03839 0.0383855
2.48438 3.03839 0.0383855
2.53125 3.0352 0.0351968
2.53125 3.0352 0.0351968
2.57812 3.03192 0.0319234
2.57812 3.03192 0.0319234
2.625 3.02857 0.0285731
2.625 3.02857 0.0285731
2.67188 3.02515 0.0251543
2.67188 3.02515 0.0251543
2.71875 3.02168 0.021677
2.71875 3.02168 0.021677
2.76562 3.01816 0.0181592
2.76562 3.01816 0.0181592
2.8125 3.01465 0.0146468
2.8125 3.01465 0.0146468
2.85938 3.01126 0.0112602
2.85938 3.01126 0.0112602
2.90625 3.00826 0.00825553
2.90625 3.00826 0.00825553
2.95312 3.00604 0.00603757
2.95312 3.00604 0.00603757
3 3.00504 0.00503827
