# x y topography
0 3.0059 0.00589793
0.046875 3.00677 0.00677234
0.046875 3.00677 0.00677234
0.09375 3.00875 0.00875034
0.09375 3.00875 0.00875034
0.140625 3.01152 0.0115189
0.140625 3.01152 0.0115189
0.1875 3.01474 0.0147446
0.1875 3.01474 0.0147446
0.234375 3.01817 0.0181738
0.234375 3.01817 0.0181738
0.28125 3.02166 0.0216564
0.28125 3.02166 0.0216564
0.328125 3.02512 0.0251194
0.328125 3.02512 0.0251194
0.375 3.02853 0.028531
0.375 3.02853 0.028531
0.421875 3.03188 0.0318759
0.421875 3.03188 0.0318759
0.46875 3.03514 0.0351443
0.46875 3.03514 0.0351443
0.515625 3.03833 0.0383282
0.515625 3.03833 0.0383282
0.5625 3.04142 0.0414198
0.5625 3.04142 0.0414198
0.609375 3.04441 0.0444115
0.609375 3.04441 0.0444115
0.65625 3.0473 0.0472963
0.65625 3.0473 0.0472963
0.703125 3.05007 0.0500672
0.703125 3.05007 0.0500672
0.75 3.05272 0.0527174
0.75 3.05272 0.0527174
0.796875 3.05524 0.0552406
0.796875 3.05524 0.0552406
0.84375 3.05763 0.0576307
0.84375 3.05763 0.0576307
0.890625 3.05988 0.059882
0.890625 3.05988 0.059882
0.9375 3.06199 0.0619891
0.9375 3.06199 0.0619891
0.984375 3.06395 0.0639468
0.984375 3.06395 0.0639468
1.03125 3.06575 0.0657504
1.03125 3.06575 0.0657504
1.07812 3.0674 0.0673957
1.07812 3.0674 0.0673957
1.125 3.06888 0.0688786
1.125 3.06888 0.0688786
1.17188 3.0702 0.0701955
1.17188 3.0702 0.0701955
1.21875 3.07134 0.0713434
1.21875 3.07134 0.0713434
1.26562 3.07232 0.0723194
1.26562 3.07232 0.0723194
1.3125 3.07312 0.0731211
1.3125 3.07312 0.0731211
1.35938 3.07375 0.0737467
1.35938 3.07375 0.0737467
1.40625 3.07419 0.0741946
1.40625 3.07419 0.0741946
1.45312 3.07446 0.0744638
1.45312 3.07446 0.0744638
1.5 3.07455 0.0745536
1.5 3.07455 0.0745536
1.54688 3.07446 0.0744638
1.54688 3.07446 0.0744638
1.59375 3.07419 0.0741946
1.59375 3.07419 0.0741946
1.64062 3.07375 0.0737467
1.64062 3.07375 0.0737467
1.6875 3.07312 0.0731211
1.6875 3.07312 0.0731211
1.73438 3.07232 0.0723194
1.73438 3.07232 0.0723194
1.78125 3.07134 0.0713434
1.78125 3.07134 0.0713434
1.82812 3.0702 0.0701955
1.82812 3.0702 0.0701955
1.875 3.06888 0.0688786
1.875 3.06888 0.0688786
1.92188 3.0674 0.0673957
1.92188 3.0674 0.0673957
1.96875 3.06575 0.0657504
1.96875 3.06575 0.0657504
2.01562 3.06395 0.0639468
2.01562 3.06395 0.0639468
2.0625 3.06199 0.0619891
2.0625 3.06199 0.0619891
2.10938 3.05988 0.059882
2.10938 3.05988 0.059882
2.15625 3.05763 0.0576307
2.15625 3.05763 0.0576307
2.20312 3.05524 0.0552406
2.20312 3.05524 0.0552406
2.25 3.05272 0.0527174
2.25 3.05272 0.0527174
2.29688 3.05007 0.0500672
2.29688 3.05007 0.0500672
2.34375 3.0473 0.0472963
2.34375 3.0473 0.0472963
2.39062 3.04441 0.0444115
2.39062 3.04441 0.0444115
2.4375 3.04142 0.0414198
2.4375 3.04142 0.0414198
2.48438 3.03833 0.0383282
2.48438 3.03833 0.0383282
2.53125 3.03514 0.0351443
2.53125 3.03514 0.0351443
2.57812 3.03188 0.0318759
2.57812 3.03188 0.0318759
2.625 3.02853 0.028531
2.625 3.02853 0.028531
2.67188 3.02512 0.0251194
2.67188 3.02512 0.0251194
2.71875 3.02166 0.0216564
2.71875 3.02166 0.0216564
2.76562 3.01817 0.0181738
2.76562 3.01817 0.0181738
2.8125 3.01474 0.0147446
2.8125 3.01474 0.0147446
2.85938 3.01152 0.0115189
2.85938 3.01152 0.0115189
2.90625 3.00875 0.00875034
2.90625 3.00875 0.00875034
2.95312 3.00677 0.00677234
2.95312 3.00677 0.00677234
3 3.0059 0.00589793
