# x y topography
0 3.00913 0.0091332
0.046875 3.00972 0.00972484
0.046875 3.00972 0.00972484
0.09375 3.0111 0.0110994
0.09375 3.0111 0.0110994
0.140625 3.01315 0.0131451
0.140625 3.01315 0.0131451
0.1875 3.01571 0.0157133
0.1875 3.01571 0.0157133
0.234375 3.01865 0.0186468
0.234375 3.01865 0.0186468
0.28125 3.0218 0.0218047
0.28125 3.0218 0.0218047
0.328125 3.02508 0.025075
0.328125 3.02508 0.025075
0.375 3.02838 0.0283775
0.375 3.02838 0.0283775
0.421875 3.03166 0.0316593
0.421875 3.03166 0.0316593
0.46875 3.03489 0.0348874
0.46875 3.03489 0.0348874
0.515625 3.03804 0.0380412
0.515625 3.03804 0.0380412
0.5625 3.04111 0.0411073
0.5625 3.04111 0.0411073
0.609375 3.04408 0.0440757
0.609375 3.04408 0.0440757
0.65625 3.04694 0.0469385
0.65625 3.04694 0.0469385
0.703125 3.04969 0.0496883
0.703125 3.04969 0.0496883
0.75 3.05232 0.0523184
0.75 3.05232 0.0523184
0.796875 3.05482 0.0548225
0.796875 3.05482 0.0548225
0.84375 3.05719 0.0571946
0.84375 3.05719 0.0571946
0.890625 3.05943 0.0594288
0.890625 3.05943 0.0594288
0.9375 3.06152 0.0615199
0.9375 3.06152 0.0615199
0.984375 3.06346 0.0634628
0.984375 3.06346 0.0634628
1.03125 3.06525 0.0652528
1.03125 3.06525 0.0652528
1.07812 3.06689 0.0668856
1.07812 3.06689 0.0668856
1.125 3.06836 0.0683573
1.125 3.06836 0.0683573
1.17188 3.06966 0.0696643
1.17188 3.06966 0.0696643
1.21875 3.0708 0.0708034
1.21875 3.0708 0.0708034
1.26562 3.07177 0.071772
1.26562 3.07177 0.071772
1.3125 3.07257 0.0725677
1.3125 3.07257 0.0725677
1.35938 3.07319 0.0731886
1.35938 3.07319 0.0731886
1.40625 3.07363 0.0736331
1.40625 3.07363 0.0736331
1.45312 3.0739 0.0739003
1.45312 3.0739 0.0739003
1.5 3.07399 0.0739894
1.5 3.07399 0.0739894
1.54688 3.0739 0.0739003
1.54688 3.0739 0.0739003
1.59375 3.07363 0.0736331
1.59375 3.07363 0.0736331
1.64062 3.07319 0.0731886
1.64062 3.07319 0.0731886
1.6875 3.07257 0.0725677
1.6875 3.07257 0.0725677
1.73438 3.07177 0.071772
1.73438 3.07177 0.071772
1.78125 3.0708 0.0708034
1.78125 3.0708 0.0708034
1.82812 3.06966 0.0696643
1.82812 3.06966 0.0696643
1.875 3.06836 0.0683573
1.875 3.06836 0.0683573
1.92188 3.06689 0.0668856
1.92188 3.06689 0.0668856
1.96875 3.06525 0.0652528
1.96875 3.06525 0.0652528
2.01562 3.06346 0.0634628
2.01562 3.06346 0.0634628
2.0625 3.06152 0.0615199
2.0625 3.06152 0.0615199
2.10938 3.05943 0.0594288
2.10938 3.05943 0.0594288
2.15625 3.05719 0.0571946
2.15625 3.05719 0.0571946
2.20312 3.05482 0.0548225
2.20312 3.05482 0.0548225
2.25 3.05232 0.0523184
2.25 3.05232 0.0523184
2.29688 3.04969 0.0496883
2.29688 3.04969 0.0496883
2.34375 3.04694 0.0469385
2.34375 3.04694 0.0469385
2.39062 3.04408 0.0440757
2.39062 3.04408 0.0440757
2.4375 3.04111 0.0411073
2.4375 3.04111 0.0411073
2.48438 3.03804 0.0380412
2.48438 3.03804 0.0380412
2.53125 3.03489 0.0348874
2.53125 3.03489 0.0348874
2.57812 3.03166 0.0316593
2.57812 3.03166 0.0316593
2.625 3.02838 0.0283775
2.625 3.02838 0.0283775
2.67188 3.02508 0.025075
2.67188 3.02508 0.025075
2.71875 3.0218 0.0218047
2.71875 3.0218 0.0218047
2.76562 3.01865 0.0186468
2.76562 3.01865 0.0186468
2.8125 3.01571 0.0157133
2.8125 3.01571 0.0157133
2.85938 3.01315 0.0131451
2.85938 3.01315 0.0131451
2.90625 3.0111 0.0110994
2.90625 3.0111 0.0110994
2.95312 3.00972 0.00972484
2.95312 3.00972 0.00972484
3 3.00913 0.0091332
