# x y topography
0 3.01079 0.0107924
0.046875 3.0113 0.0112982
0.046875 3.0113 0.0112982
0.09375 3.01248 0.0124757
0.09375 3.01248 0.0124757
0.140625 3.01425 0.0142524
0.140625 3.01425 0.0142524
0.1875 3.01653 0.0165267
0.1875 3.01653 0.0165267
0.234375 3.01918 0.0191834
0.234375 3.01918 0.0191834
0.28125 3.02211 0.0221085
0.28125 3.02211 0.0221085
0.328125 3.0252 0.0252006
0.328125 3.0252 0.0252006
0.375 3.02838 0.0283766
0.375 3.02838 0.0283766
0.421875 3.03157 0.0315736
0.421875 3.03157 0.0315736
0.46875 3.03475 0.0347463
0.46875 3.03475 0.0347463
0.515625 3.03786 0.0378633
0.515625 3.03786 0.0378633
0.5625 3.0409 0.0409036
0.5625 3.0409 0.0409036
0.609375 3.04385 0.0438522
0.609375 3.04385 0.0438522
0.65625 3.0467 0.0466983
0.65625 3.0467 0.0466983
0.703125 3.04943 0.0494332
0.703125 3.04943 0.0494332
0.75 3.05205 0.0520496
0.75 3.05205 0.0520496
0.796875 3.05454 0.0545407
0.796875 3.05454 0.0545407
0.84375 3.0569 0.0569005
0.84375 3.0569 0.0569005
0.890625 3.05912 0.0591233
0.890625 3.05912 0.0591233
0.9375 3.0612 0.0612036
0.9375 3.0612 0.0612036
0.984375 3.06314 0.0631365
0.984375 3.06314 0.0631365
1.03125 3.06492 0.0649173
1.03125 3.06492 0.0649173
1.07812 3.06654 0.0665417
1.07812 3.06654 0.0665417
1.125 3.06801 0.0680058
1.125 3.06801 0.0680058
1.17188 3.06931 0.0693061
1.17188 3.06931 0.0693061
1.21875 3.07044 0.0704394
1.21875 3.07044 0.0704394
1.26562 3.0714 0.071403
1.26562 3.0714 0.071403
1.3125 3.07219 0.0721946
1.3125 3.07219 0.0721946
1.35938 3.07281 0.0728123
1.35938 3.07281 0.0728123
1.40625 3.07325 0.0732546
1.40625 3.07325 0.0732546
1.45312 3.07352 0.0735203
1.45312 3.07352 0.0735203
1.5 3.07361 0.073609
1.5 3.07361 0.073609
1.54688 3.07352 0.0735203
1.54688 3.07352 0.0735203
1.59375 3.07325 0.0732546
1.59375 3.07325 0.0732546
1.64062 3.07281 0.0728123
1.64062 3.07281 0.0728123
1.6875 3.07219 0.0721946
1.6875 3.07219 0.0721946
1.73438 3.0714 0.071403
1.73438 3.0714 0.071403
1.78125 3.07044 0.0704394
1.78125 3.07044 0.0704394
1.82812 3.06931 0.0693061
1.82812 3.06931 0.0693061
1.875 3.06801 0.0680058
1.875 3.06801 0.0680058
1.92188 3.06654 0.0665417
1.92188 3.06654 0.0665417
1.96875 3.06492 0.0649173
1.96875 3.06492 0.0649173
2.01562 3.06314 0.0631365
2.01562 3.06314 0.0631365
2.0625 3.0612 0.0612036
2.0625 3.0612 0.0612036
2.10938 3.05912 0.0591233
2.10938 3.05912 0.0591233
2.15625 3.0569 0.0569005
2.15625 3.0569 0.0569005
2.20312 3.05454 0.0545407
2.20312 3.05454 0.0545407
2.25 3.05205 0.0520496
2.25 3.05205 0.0520496
2.29688 3.04943 0.0494332
2.29688 3.04943 0.0494332
2.34375 3.0467 0.0466983
2.34375 3.0467 0.0466983
2.39062 3.04385 0.0438522
2.39062 3.04385 0.0438522
2.4375 3.0409 0.0409036
2.4375 3.0409 0.0409036
2.48438 3.03786 0.0378633
2.48438 3.03786 0.0378633
2.53125 3.03475 0.0347463
2.53125 3.03475 0.0347463
2.57812 3.03157 0.0315736
2.57812 3.03157 0.0315736
2.625 3.02838 0.0283766
2.625 3.02838 0.0283766
2.67188 3.0252 0.0252006
2.67188 3.0252 0.0252006
2.71875 3.02211 0.0221085
2.71875 3.02211 0.0221085
2.76562 3.01918 0.0191834
2.76562 3.01918 0.0191834
2.8125 3.01653 0.0165267
2.8125 3.01653 0.0165267
2.85938 3.01425 0.0142524
2.85938 3.01425 0.0142524
2.90625 3.01248 0.0124757
2.90625 3.01248 0.0124757
2.95312 3.0113 0.0112982
2.95312 3.0113 0.0112982
3 3.01079 0.0107924
