# x y topography
0 3.01274 0.0127376
0.046875 3.01317 0.0131683
0.046875 3.01317 0.0131683
0.09375 3.01417 0.0141694
0.09375 3.01417 0.0141694
0.140625 3.01569 0.0156942
0.140625 3.01569 0.0156942
0.1875 3.01768 0.0176753
0.1875 3.01768 0.0176753
0.234375 3.02003 0.0200315
0.234375 3.02003 0.0200315
0.28125 3.02268 0.0226772
0.28125 3.02268 0.0226772
0.328125 3.02553 0.025529
0.328125 3.02553 0.025529
0.375 3.02851 0.0285115
0.375 3.02851 0.0285115
0.421875 3.03156 0.0315608
0.421875 3.03156 0.0315608
0.46875 3.03463 0.0346253
0.46875 3.03463 0.0346253
0.515625 3.03767 0.0376651
0.515625 3.03767 0.0376651
0.5625 3.04065 0.0406502
0.5625 3.04065 0.0406502
0.609375 3.04356 0.0435586
0.609375 3.04356 0.0435586
0.65625 3.04637 0.0463739
0.65625 3.04637 0.0463739
0.703125 3.04908 0.0490839
0.703125 3.04908 0.0490839
0.75 3.05168 0.0516789
0.75 3.05168 0.0516789
0.796875 3.05415 0.0541509
0.796875 3.05415 0.0541509
0.84375 3.05649 0.0564933
0.84375 3.05649 0.0564933
0.890625 3.0587 0.0586999
0.890625 3.0587 0.0586999
0.9375 3.06077 0.0607653
0.9375 3.06077 0.0607653
0.984375 3.06268 0.0626843
0.984375 3.06268 0.0626843
1.03125 3.06445 0.0644523
1.03125 3.06445 0.0644523
1.07812 3.06607 0.0660651
1.07812 3.06607 0.0660651
1.125 3.06752 0.0675187
1.125 3.06752 0.0675187
1.17188 3.06881 0.0688097
1.17188 3.06881 0.0688097
1.21875 3.06993 0.0699349
1.21875 3.06993 0.0699349
1.26562 3.07089 0.0708916
1.26562 3.07089 0.0708916
1.3125 3.07168 0.0716775
1.3125 3.07168 0.0716775
1.35938 3.07229 0.0722907
1.35938 3.07229 0.0722907
1.40625 3.07273 0.0727298
1.40625 3.07273 0.0727298
1.45312 3.07299 0.0729937
1.45312 3.07299 0.0729937
1.5 3.07308 0.0730817
1.5 3.07308 0.0730817
1.54688 3.07299 0.0729937
1.54688 3.07299 0.0729937
1.59375 3.07273 0.0727298
1.59375 3.07273 0.0727298
1.64062 3.07229 0.0722907
1.64062 3.07229 0.0722907
1.6875 3.07168 0.0716775
1.6875 3.07168 0.0716775
1.73438 3.07089 0.0708916
1.73438 3.07089 0.0708916
1.78125 3.06993 0.0699349
1.78125 3.06993 0.0699349
1.82812 3.06881 0.0688097
1.82812 3.06881 0.0688097
1.875 3.06752 0.0675187
1.875 3.06752 0.0675187
1.92188 3.06607 0.0660651
1.92188 3.06607 0.0660651
1.96875 3.06445 0.0644523
1.96875 3.06445 0.0644523
2.01562 3.06268 0.0626843
2.01562 3.06268 0.0626843
2.0625 3.06077 0.0607653
2.0625 3.06077 0.0607653
2.10938 3.0587 0.0586999
2.10938 3.0587 0.0586999
2.15625 3.05649 0.0564933
2.15625 3.05649 0.0564933
2.20312 3.05415 0.0541509
2.20312 3.05415 0.0541509
2.25 3.05168 0.0516789
2.25 3.05168 0.0516789
2.29688 3.04908 0.0490839
2.29688 3.04908 0.0490839
2.34375 3.04637 0.0463739
2.34375 3.04637 0.0463739
2.39062 3.04356 0.0435586
2.39062 3.04356 0.0435586
2.4375 3.04065 0.0406502
2.4375 3.04065 0.0406502
2.48438 3.03767 0.0376651
2.48438 3.03767 0.0376651
2.53125 3.03463 0.0346253
2.53125 3.03463 0.0346253
2.57812 3.03156 0.0315608
2.57812 3.03156 0.0315608
2.625 3.02851 0.0285115
2.625 3.02851 0.0285115
2.67188 3.02553 0.025529
2.67188 3.02553 0.025529
2.71875 3.02268 0.0226772
2.71875 3.02268 0.0226772
2.76562 3.02003 0.0200315
2.76562 3.02003 0.0200315
2.8125 3.01768 0.0176753
2.8125 3.01768 0.0176753
2.85938 3.01569 0.0156942
2.85938 3.01569 0.0156942
2.90625 3.01417 0.0141694
2.90625 3.01417 0.0141694
2.95312 3.01317 0.0131683
2.95312 3.01317 0.0131683
3 3.01274 0.0127376
