# x y topography
0 3.00412 0.00411945
0.046875 3.0053 0.00529703
0.046875 3.0053 0.00529703
0.09375 3.00783 0.00782507
0.09375 3.00783 0.00782507
0.140625 3.01108 0.0110843
0.140625 3.01108 0.0110843
0.1875 3.01461 0.0146054
0.1875 3.01461 0.0146054
0.234375 3.01817 0.0181691
0.234375 3.01817 0.0181691
0.28125 3.0217 0.0217037
0.28125 3.0217 0.0217037
0.328125 3.02519 0.025188
0.328125 3.02519 0.025188
0.375 3.02861 0.0286118
0.375 3.02861 0.0286118
0.421875 3.03197 0.0319667
0.421875 3.03197 0.0319667
0.46875 3.03524 0.0352446
0.46875 3.03524 0.0352446
0.515625 3.03844 0.0384376
0.515625 3.03844 0.0384376
0.5625 3.04154 0.041538
0.5625 3.04154 0.041538
0.609375 3.04454 0.0445383
0.609375 3.04454 0.0445383
0.65625 3.04743 0.0474313
0.65625 3.04743 0.0474313
0.703125 3.05021 0.05021
0.703125 3.05021 0.05021
0.75 3.05287 0.0528678
0.75 3.05287 0.0528678
0.796875 3.0554 0.0553982
0.796875 3.0554 0.0553982
0.84375 3.0578 0.0577952
0.84375 3.0578 0.0577952
0.890625 3.06005 0.0600529
0.890625 3.06005 0.0600529
0.9375 3.06217 0.0621659
0.9375 3.06217 0.0621659
0.984375 3.06413 0.0641292
0.984375 3.06413 0.0641292
1.03125 3.06594 0.065938
1.03125 3.06594 0.065938
1.07812 3.06759 0.067588
1.07812 3.06759 0.067588
1.125 3.06908 0.0690751
1.125 3.06908 0.0690751
1.17188 3.0704 0.0703958
1.17188 3.0704 0.0703958
1.21875 3.07155 0.0715469
1.21875 3.07155 0.0715469
1.26562 3.07253 0.0725257
1.26562 3.07253 0.0725257
1.3125 3.07333 0.0733297
1.3125 3.07333 0.0733297
1.35938 3.07396 0.0739571
1.35938 3.07396 0.0739571
1.40625 3.07441 0.0744063
1.40625 3.07441 0.0744063
1.45312 3.07468 0.0746763
1.45312 3.07468 0.0746763
1.5 3.07477 0.0747663
1.5 3.07477 0.0747663
1.54688 3.07468 0.0746763
1.54688 3.07468 0.0746763
1.59375 3.07441 0.0744063
1.59375 3.07441 0.0744063
1.64062 3.07396 0.0739571
1.64062 3.07396 0.0739571
1.6875 3.07333 0.0733297
1.6875 3.07333 0.0733297
1.73438 3.07253 0.0725257
1.73438 3.07253 0.0725257
1.78125 3.07155 0.0715469
1.78125 3.07155 0.0715469
1.82812 3.0704 0.0703958
1.82812 3.0704 0.0703958
1.875 3.06908 0.0690751
1.875 3.06908 0.0690751
1.92188 3.06759 0.067588
1.92188 3.06759 0.067588
1.96875 3.06594 0.065938
1.96875 3.06594 0.065938
2.01562 3.06413 0.0641292
2.01562 3.06413 0.0641292
2.0625 3.06217 0.0621659
2.0625 3.06217 0.0621659
2.10938 3.06005 0.0600529
2.10938 3.06005 0.0600529
2.15625 3.0578 0.0577952
2.15625 3.0578 0.0577952
2.20312 3.0554 0.0553982
2.20312 3.0554 0.0553982
2.25 3.05287 0.0528678
2.25 3.05287 0.0528678
2.29688 3.05021 0.05021
2.29688 3.05021 0.05021
2.34375 3.04743 0.0474313
2.34375 3.04743 0.0474313
2.39062 3.04454 0.0445383
2.39062 3.04454 0.0445383
2.4375 3.04154 0.041538
2.4375 3.04154 0.041538
2.48438 3.03844 0.0384376
2.48438 3.03844 0.0384376
2.53125 3.03524 0.0352446
2.53125 3.03524 0.0352446
2.57812 3.03197 0.0319667
2.57812 3.03197 0.0319667
2.625 3.02861 0.0286118
2.625 3.02861 0.0286118
2.67188 3.02519 0.025188
2.67188 3.02519 0.025188
2.71875 3.0217 0.0217037
2.71875 3.0217 0.0217037
2.76562 3.01817 0.0181691
2.76562 3.01817 0.0181691
2.8125 3.01461 0.0146054
2.8125 3.01461 0.0146054
2.85938 3.01108 0.0110843
2.85938 3.01108 0.0110843
2.90625 3.00783 0.00782507
2.90625 3.00783 0.00782507
2.95312 3.0053 0.00529703
2.95312 3.0053 0.00529703
3 3.00412 0.00411945
