# x y topography
0 3.00859 0.00859242
0.046875 3.00922 0.00921828
0.046875 3.00922 0.00921828
0.09375 3.01067 0.0106698
0.09375 3.01067 0.0106698
0.140625 3.01282 0.0128166
0.140625 3.01282 0.0128166
0.1875 3.01549 0.0154892
0.1875 3.01549 0.0154892
0.234375 3.01851 0.0185143
0.234375 3.01851 0.0185143
0.28125 3.02174 0.0217426
0.28125 3.02174 0.0217426
0.328125 3.02506 0.0250614
0.328125 3.02506 0.0250614
0.375 3.02839 0.0283948
0.375 3.02839 0.0283948
0.421875 3.0317 0.0316953
0.421875 3.0317 0.0316953
0.46875 3.03493 0.0349349
0.46875 3.03493 0.0349349
0.515625 3.0381 0.0380963
0.515625 3.0381 0.0380963
0.5625 3.04117 0.0411681
0.5625 3.04117 0.0411681
0.609375 3.04414 0.0441413
0.609375 3.04414 0.0441413
0.65625 3.04701 0.0470085
0.65625 3.04701 0.0470085
0.703125 3.04976 0.0497625
0.703125 3.04976 0.0497625
0.75 3.0524 0.0523965
0.75 3.0524 0.0523965
0.796875 3.0549 0.0549044
0.796875 3.0549 0.0549044
0.84375 3.05728 0.05728
0.84375 3.05728 0.05728
0.890625 3.05952 0.0595176
0.890625 3.05952 0.0595176
0.9375 3.06161 0.0616118
0.9375 3.06161 0.0616118
0.984375 3.06356 0.0635576
0.984375 3.06356 0.0635576
1.03125 3.06535 0.0653503
1.03125 3.06535 0.0653503
1.07812 3.06699 0.0669855
1.07812 3.06699 0.0669855
1.125 3.06846 0.0684594
1.125 3.06846 0.0684594
1.17188 3.06977 0.0697683
1.17188 3.06977 0.0697683
1.21875 3.07091 0.0709092
1.21875 3.07091 0.0709092
1.26562 3.07188 0.0718792
1.26562 3.07188 0.0718792
1.3125 3.07268 0.0726761
1.3125 3.07268 0.0726761
1.35938 3.0733 0.0732979
1.35938 3.0733 0.0732979
1.40625 3.07374 0.0737431
1.40625 3.07374 0.0737431
1.45312 3.07401 0.0740106
1.45312 3.07401 0.0740106
1.5 3.0741 0.0740999
1.5 3.0741 0.0740999
1.54688 3.07401 0.0740106
1.54688 3.07401 0.0740106
1.59375 3.07374 0.0737431
1.59375 3.07374 0.0737431
1.64062 3.0733 0.0732979
1.64062 3.0733 0.0732979
1.6875 3.07268 0.0726761
1.6875 3.07268 0.0726761
1.73438 3.07188 0.0718792
1.73438 3.07188 0.0718792
1.78125 3.07091 0.0709092
1.78125 3.07091 0.0709092
1.82812 3.06977 0.0697683
1.82812 3.06977 0.0697683
1.875 3.06846 0.0684594
1.875 3.06846 0.0684594
1.92188 3.06699 0.0669855
1.92188 3.06699 0.0669855
1.96875 3.06535 0.0653503
1.96875 3.06535 0.0653503
2.01562 3.06356 0.0635576
2.01562 3.06356 0.0635576
2.0625 3.06161 0.0616118
2.0625 3.06161 0.0616118
2.10938 3.05952 0.0595176
2.10938 3.05952 0.0595176
2.15625 3.05728 0.05728
2.15625 3.05728 0.05728
2.20312 3.0549 0.0549044
2.20312 3.0549 0.0549044
2.25 3.0524 0.0523965
2.25 3.0524 0.0523965
2.29688 3.04976 0.0497625
2.29688 3.04976 0.0497625
2.34375 3.04701 0.0470085
2.34375 3.04701 0.0470085
2.39062 3.04414 0.0441413
2.39062 3.04414 0.0441413
2.4375 3.04117 0.0411681
2.4375 3.04117 0.0411681
2.48438 3.0381 0.0380963
2.48438 3.0381 0.0380963
2.53125 3.03493 0.0349349
2.53125 3.03493 0.0349349
2.57812 3.0317 0.0316953
2.57812 3.0317 0.0316953
2.625 3.02839 0.0283948
2.625 3.02839 0.0283948
2.67188 3.02506 0.0250614
2.67188 3.02506 0.0250614
2.71875 3.02174 0.0217426
2.71875 3.02174 0.0217426
2.76562 3.01851 0.0185143
2.76562 3.01851 0.0185143
2.8125 3.01549 0.0154892
2.8125 3.01549 0.0154892
2.85938 3.01282 0.0128166
2.85938 3.01282 0.0128166
2.90625 3.01067 0.0106698
2.90625 3.01067 0.0106698
2.95312 3.00922 0.00921828
2.95312 3.00922 0.00921828
3 3.00859 0.00859242
