# x y topography
0 3.00381 0.00380595
0.046875 3.00506 0.00505923
0.046875 3.00506 0.00505923
0.09375 3.00771 0.00770673
0.09375 3.00771 0.00770673
0.140625 3.01105 0.0110477
0.140625 3.01105 0.0110477
0.1875 3.0146 0.014602
0.1875 3.0146 0.014602
0.234375 3.01818 0.0181751
0.234375 3.01818 0.0181751
0.28125 3.02171 0.0217124
0.28125 3.02171 0.0217124
0.328125 3.0252 0.0251983
0.328125 3.0252 0.0251983
0.375 3.02862 0.0286235
0.375 3.02862 0.0286235
0.421875 3.03198 0.0319797
0.421875 3.03198 0.0319797
0.46875 3.03526 0.035259
0.46875 3.03526 0.035259
0.515625 3.03845 0.0384532
0.515625 3.03845 0.0384532
0.5625 3.04155 0.0415549
0.5625 3.04155 0.0415549
0.609375 3.04456 0.0445564
0.609375 3.04456 0.0445564
0.65625 3.04745 0.0474506
0.65625 3.04745 0.0474506
0.703125 3.05023 0.0502304
0.703125 3.05023 0.0502304
0.75 3.05289 0.0528893
0.75 3.05289 0.0528893
0.796875 3.05542 0.0554208
0.796875 3.05542 0.0554208
0.84375 3.05782 0.0578187
0.84375 3.05782 0.0578187
0.890625 3.06008 0.0600773
0.890625 3.06008 0.0600773
0.9375 3.06219 0.0621912
0.9375 3.06219 0.0621912
0.984375 3.06416 0.0641553
0.984375 3.06416 0.0641553
1.03125 3.06596 0.0659649
1.03125 3.06596 0.0659649
1.07812 3.06762 0.0676155
1.07812 3.06762 0.0676155
1.125 3.0691 0.0691032
1.125 3.0691 0.0691032
1.17188 3.07042 0.0704245
1.17188 3.07042 0.0704245
1.21875 3.07158 0.071576
1.21875 3.07158 0.071576
1.26562 3.07256 0.0725552
1.26562 3.07256 0.0725552
1.3125 3.07336 0.0733596
1.3125 3.07336 0.0733596
1.35938 3.07399 0.0739872
1.35938 3.07399 0.0739872
1.40625 3.07444 0.0744366
1.40625 3.07444 0.0744366
1.45312 3.07471 0.0747067
1.45312 3.07471 0.0747067
1.5 3.0748 0.0747968
1.5 3.0748 0.0747968
1.54688 3.07471 0.0747067
1.54688 3.07471 0.0747067
1.59375 3.07444 0.0744366
1.59375 3.07444 0.0744366
1.64062 3.07399 0.0739872
1.64062 3.07399 0.0739872
1.6875 3.07336 0.0733596
1.6875 3.07336 0.0733596
1.73438 3.07256 0.0725552
1.73438 3.07256 0.0725552
1.78125 3.07158 0.071576
1.78125 3.07158 0.071576
1.82812 3.07042 0.0704245
1.82812 3.07042 0.0704245
1.875 3.0691 0.0691032
1.875 3.0691 0.0691032
1.92188 3.06762 0.0676155
1.92188 3.06762 0.0676155
1.96875 3.06596 0.0659649
1.96875 3.06596 0.0659649
2.01562 3.06416 0.0641553
2.01562 3.06416 0.0641553
2.0625 3.06219 0.0621912
2.0625 3.06219 0.0621912
2.10938 3.06008 0.0600773
2.10938 3.06008 0.0600773
2.15625 3.05782 0.0578187
2.15625 3.05782 0.0578187
2.20312 3.05542 0.0554208
2.20312 3.05542 0.0554208
2.25 3.05289 0.0528893
2.25 3.05289 0.0528893
2.29688 3.05023 0.0502304
2.29688 3.05023 0.0502304
2.34375 3.04745 0.0474506
2.34375 3.04745 0.0474506
2.39062 3.04456 0.0445564
2.39062 3.04456 0.0445564
2.4375 3.04155 0.0415549
2.4375 3.04155 0.0415549
2.48438 3.03845 0.0384532
2.48438 3.03845 0.0384532
2.53125 3.03526 0.035259
2.53125 3.03526 0.035259
2.57812 3.03198 0.0319797
2.57812 3.03198 0.0319797
2.625 3.02862 0.0286235
2.625 3.02862 0.0286235
2.67188 3.0252 0.0251983
2.67188 3.0252 0.0251983
2.71875 3.02171 0.0217124
2.71875 3.02171 0.0217124
2.76562 3.01818 0.0181751
2.76562 3.01818 0.0181751
2.8125 3.0146 0.014602
2.8125 3.0146 0.014602
2.85938 3.01105 0.0110477
2.85938 3.01105 0.0110477
2.90625 3.00771 0.00770673
2.90625 3.00771 0.00770673
2.95312 3.00506 0.00505923
2.95312 3.00506 0.00505923
3 3.00381 0.00380595
