# x y topography
0 3.0119 0.0118989
0.046875 3.01236 0.0123593
0.046875 3.01236 0.0123593
0.09375 3.01343 0.0134306
0.09375 3.01343 0.0134306
0.140625 3.01506 0.0150569
0.140625 3.01506 0.0150569
0.1875 3.01716 0.0171579
0.1875 3.01716 0.0171579
0.234375 3.01964 0.0196398
0.234375 3.01964 0.0196398
0.28125 3.02241 0.0224051
0.28125 3.02241 0.0224051
0.328125 3.02536 0.0253628
0.328125 3.02536 0.0253628
0.375 3.02843 0.0284332
0.375 3.02843 0.0284332
0.421875 3.03155 0.0315517
0.421875 3.03155 0.0315517
0.46875 3.03467 0.0346685
0.46875 3.03467 0.0346685
0.515625 3.03775 0.0377465
0.515625 3.03775 0.0377465
0.5625 3.04076 0.0407594
0.5625 3.04076 0.0407594
0.609375 3.04369 0.043688
0.609375 3.04369 0.043688
0.65625 3.04652 0.0465186
0.65625 3.04652 0.0465186
0.703125 3.04924 0.0492407
0.703125 3.04924 0.0492407
0.75 3.05185 0.0518459
0.75 3.05185 0.0518459
0.796875 3.05433 0.0543269
0.796875 3.05433 0.0543269
0.84375 3.05668 0.0566772
0.84375 3.05668 0.0566772
0.890625 3.05889 0.0588912
0.890625 3.05889 0.0588912
0.9375 3.06096 0.0609634
0.9375 3.06096 0.0609634
0.984375 3.06289 0.0628887
0.984375 3.06289 0.0628887
1.03125 3.06466 0.0646625
1.03125 3.06466 0.0646625
1.07812 3.06628 0.0662805
1.07812 3.06628 0.0662805
1.125 3.06774 0.0677389
1.125 3.06774 0.0677389
1.17188 3.06903 0.069034
1.17188 3.06903 0.069034
1.21875 3.07016 0.0701629
1.21875 3.07016 0.0701629
1.26562 3.07112 0.0711227
1.26562 3.07112 0.0711227
1.3125 3.07191 0.0719112
1.3125 3.07191 0.0719112
1.35938 3.07253 0.0725264
1.35938 3.07253 0.0725264
1.40625 3.07297 0.072967
1.40625 3.07297 0.072967
1.45312 3.07323 0.0732317
1.45312 3.07323 0.0732317
1.5 3.07332 0.07332
1.5 3.07332 0.07332
1.54688 3.07323 0.0732317
1.54688 3.07323 0.0732317
1.59375 3.07297 0.072967
1.59375 3.07297 0.072967
1.64062 3.07253 0.0725264
1.64062 3.07253 0.0725264
1.6875 3.07191 0.0719112
1.6875 3.07191 0.0719112
1.73438 3.07112 0.0711227
1.73438 3.07112 0.0711227
1.78125 3.07016 0.0701629
1.78125 3.07016 0.0701629
1.82812 3.06903 0.069034
1.82812 3.06903 0.069034
1.875 3.06774 0.0677389
1.875 3.06774 0.0677389
1.92188 3.06628 0.0662805
1.92188 3.06628 0.0662805
1.96875 3.06466 0.0646625
1.96875 3.06466 0.0646625
2.01562 3.06289 0.0628887
2.01562 3.06289 0.0628887
2.0625 3.06096 0.0609634
2.0625 3.06096 0.0609634
2.10938 3.05889 0.0588912
2.10938 3.05889 0.0588912
2.15625 3.05668 0.0566772
2.15625 3.05668 0.0566772
2.20312 3.05433 0.0543269
2.20312 3.05433 0.0543269
2.25 3.05185 0.0518459
2.25 3.05185 0.0518459
2.29688 3.04924 0.0492407
2.29688 3.04924 0.0492407
2.34375 3.04652 0.0465186
2.34375 3.04652 0.0465186
2.39062 3.04369 0.043688
2.39062 3.04369 0.043688
2.4375 3.04076 0.0407594
2.4375 3.04076 0.0407594
2.48438 3.03775 0.0377465
2.48438 3.03775 0.0377465
2.53125 3.03467 0.0346685
2.53125 3.03467 0.0346685
2.57812 3.03155 0.0315517
2.57812 3.03155 0.0315517
2.625 3.02843 0.0284332
2.625 3.02843 0.0284332
2.67188 3.02536 0.0253628
2.67188 3.02536 0.0253628
2.71875 3.02241 0.0224051
2.71875 3.02241 0.0224051
2.76562 3.01964 0.0196398
2.76562 3.01964 0.0196398
2.8125 3.01716 0.0171579
2.8125 3.01716 0.0171579
2.85938 3.01506 0.0150569
2.85938 3.01506 0.0150569
2.90625 3.01343 0.0134306
2.90625 3.01343 0.0134306
2.95312 3.01236 0.0123593
2.95312 3.01236 0.0123593
3 3.0119 0.0118989
