# x y topography
0 3.00659 0.0065885
0.046875 3.00738 0.0073827
0.046875 3.00738 0.0073827
0.09375 3.0092 0.00919747
0.09375 3.0092 0.00919747
0.140625 3.01179 0.0117875
0.140625 3.01179 0.0117875
0.1875 3.01487 0.014872
0.1875 3.01487 0.014872
0.234375 3.01821 0.0182132
0.234375 3.01821 0.0182132
0.28125 3.02165 0.0216504
0.28125 3.02165 0.0216504
0.328125 3.02509 0.0250926
0.328125 3.02509 0.0250926
0.375 3.02849 0.0284942
0.375 3.02849 0.0284942
0.421875 3.03183 0.0318331
0.421875 3.03183 0.0318331
0.46875 3.0351 0.0350968
0.46875 3.0351 0.0350968
0.515625 3.03828 0.0382763
0.515625 3.03828 0.0382763
0.5625 3.04136 0.0413636
0.5625 3.04136 0.0413636
0.609375 3.04435 0.0443513
0.609375 3.04435 0.0443513
0.65625 3.04723 0.0472322
0.65625 3.04723 0.0472322
0.703125 3.05 0.0499993
0.703125 3.05 0.0499993
0.75 3.05265 0.0526459
0.75 3.05265 0.0526459
0.796875 3.05517 0.0551657
0.796875 3.05517 0.0551657
0.84375 3.05755 0.0575526
0.84375 3.05755 0.0575526
0.890625 3.0598 0.0598009
0.890625 3.0598 0.0598009
0.9375 3.06191 0.061905
0.9375 3.06191 0.061905
0.984375 3.06386 0.0638601
0.984375 3.06386 0.0638601
1.03125 3.06566 0.0656613
1.03125 3.06566 0.0656613
1.07812 3.0673 0.0673043
1.07812 3.0673 0.0673043
1.125 3.06879 0.0687852
1.125 3.06879 0.0687852
1.17188 3.0701 0.0701004
1.17188 3.0701 0.0701004
1.21875 3.07125 0.0712467
1.21875 3.07125 0.0712467
1.26562 3.07222 0.0722213
1.26562 3.07222 0.0722213
1.3125 3.07302 0.073022
1.3125 3.07302 0.073022
1.35938 3.07365 0.0736467
1.35938 3.07365 0.0736467
1.40625 3.07409 0.074094
1.40625 3.07409 0.074094
1.45312 3.07436 0.0743629
1.45312 3.07436 0.0743629
1.5 3.07445 0.0744526
1.5 3.07445 0.0744526
1.54688 3.07436 0.0743629
1.54688 3.07436 0.0743629
1.59375 3.07409 0.074094
1.59375 3.07409 0.074094
1.64062 3.07365 0.0736467
1.64062 3.07365 0.0736467
1.6875 3.07302 0.073022
1.6875 3.07302 0.073022
1.73438 3.07222 0.0722213
1.73438 3.07222 0.0722213
1.78125 3.07125 0.0712467
1.78125 3.07125 0.0712467
1.82812 3.0701 0.0701004
1.82812 3.0701 0.0701004
1.875 3.06879 0.0687852
1.875 3.06879 0.0687852
1.92188 3.0673 0.0673043
1.92188 3.0673 0.0673043
1.96875 3.06566 0.0656613
1.96875 3.06566 0.0656613
2.01562 3.06386 0.0638601
2.01562 3.06386 0.0638601
2.0625 3.06191 0.061905
2.0625 3.06191 0.061905
2.10938 3.0598 0.0598009
2.10938 3.0598 0.0598009
2.15625 3.05755 0.0575526
2.15625 3.05755 0.0575526
2.20312 3.05517 0.0551657
2.20312 3.05517 0.0551657
2.25 3.05265 0.0526459
2.25 3.05265 0.0526459
2.29688 3.05 0.0499993
2.29688 3.05 0.0499993
2.34375 3.04723 0.0472322
2.34375 3.04723 0.0472322
2.39062 3.04435 0.0443513
2.39062 3.04435 0.0443513
2.4375 3.04136 0.0413636
2.4375 3.04136 0.0413636
2.48438 3.03828 0.0382763
2.48438 3.03828 0.0382763
2.53125 3.0351 0.0350968
2.53125 3.0351 0.0350968
2.57812 3.03183 0.0318331
2.57812 3.03183 0.0318331
2.625 3.02849 0.0284942
2.625 3.02849 0.0284942
2.67188 3.02509 0.0250926
2.67188 3.02509 0.0250926
2.71875 3.02165 0.0216504
2.71875 3.02165 0.0216504
2.76562 3.01821 0.0182132
2.76562 3.01821 0.0182132
2.8125 3.01487 0.014872
2.8125 3.01487 0.014872
2.85938 3.01179 0.0117875
2.85938 3.01179 0.0117875
2.90625 3.0092 0.00919747
2.90625 3.0092 0.00919747
2.95312 3.00738 0.0073827
2.95312 3.00738 0.0073827
3 3.00659 0.0065885
