# x y topography
0 3.00728 0.00727617
0.046875 3.008 0.00800358
0.046875 3.008 0.00800358
0.09375 3.00968 0.00967741
0.09375 3.00968 0.00967741
0.140625 3.0121 0.0121027
0.140625 3.0121 0.0121027
0.1875 3.01504 0.0150434
0.1875 3.01504 0.0150434
0.234375 3.01828 0.0182834
0.234375 3.01828 0.0182834
0.28125 3.02166 0.0216605
0.28125 3.02166 0.0216605
0.328125 3.02507 0.0250711
0.328125 3.02507 0.0250711
0.375 3.02846 0.0284569
0.375 3.02846 0.0284569
0.421875 3.03179 0.0317871
0.421875 3.03179 0.0317871
0.46875 3.03504 0.0350448
0.46875 3.03504 0.0350448
0.515625 3.03822 0.0382193
0.515625 3.03822 0.0382193
0.5625 3.0413 0.041302
0.5625 3.0413 0.041302
0.609375 3.04429 0.0442852
0.609375 3.04429 0.0442852
0.65625 3.04716 0.0471618
0.65625 3.04716 0.0471618
0.703125 3.04992 0.0499247
0.703125 3.04992 0.0499247
0.75 3.05257 0.0525674
0.75 3.05257 0.0525674
0.796875 3.05508 0.0550834
0.796875 3.05508 0.0550834
0.84375 3.05747 0.0574668
0.84375 3.05747 0.0574668
0.890625 3.05971 0.0597117
0.890625 3.05971 0.0597117
0.9375 3.06181 0.0618127
0.9375 3.06181 0.0618127
0.984375 3.06376 0.0637649
0.984375 3.06376 0.0637649
1.03125 3.06556 0.0655634
1.03125 3.06556 0.0655634
1.07812 3.0672 0.067204
1.07812 3.0672 0.067204
1.125 3.06868 0.0686826
1.125 3.06868 0.0686826
1.17188 3.07 0.0699958
1.17188 3.07 0.0699958
1.21875 3.07114 0.0711404
1.21875 3.07114 0.0711404
1.26562 3.07211 0.0721136
1.26562 3.07211 0.0721136
1.3125 3.07291 0.0729131
1.3125 3.07291 0.0729131
1.35938 3.07354 0.0735369
1.35938 3.07354 0.0735369
1.40625 3.07398 0.0739836
1.40625 3.07398 0.0739836
1.45312 3.07425 0.074252
1.45312 3.07425 0.074252
1.5 3.07434 0.0743415
1.5 3.07434 0.0743415
1.54688 3.07425 0.074252
1.54688 3.07425 0.074252
1.59375 3.07398 0.0739836
1.59375 3.07398 0.0739836
1.64062 3.07354 0.0735369
1.64062 3.07354 0.0735369
1.6875 3.07291 0.0729131
1.6875 3.07291 0.0729131
1.73438 3.07211 0.0721136
1.73438 3.07211 0.0721136
1.78125 3.07114 0.0711404
1.78125 3.07114 0.0711404
1.82812 3.07 0.0699958
1.82812 3.07 0.0699958
1.875 3.06868 0.0686826
1.875 3.06868 0.0686826
1.92188 3.0672 0.067204
1.92188 3.0672 0.067204
1.96875 3.06556 0.0655634
1.96875 3.06556 0.0655634
2.01562 3.06376 0.0637649
2.01562 3.06376 0.0637649
2.0625 3.06181 0.0618127
2.0625 3.06181 0.0618127
2.10938 3.05971 0.0597117
2.10938 3.05971 0.0597117
2.15625 3.05747 0.0574668
2.15625 3.05747 0.0574668
2.20312 3.05508 0.0550834
2.20312 3.05508 0.0550834
2.25 3.05257 0.0525674
2.25 3.05257 0.0525674
2.29688 3.04992 0.0499247
2.29688 3.04992 0.0499247
2.34375 3.04716 0.0471618
2.34375 3.04716 0.0471618
2.39062 3.04429 0.0442852
2.39062 3.04429 0.0442852
2.4375 3.0413 0.041302
2.4375 3.0413 0.041302
2.48438 3.03822 0.0382193
2.48438 3.03822 0.0382193
2.53125 3.03504 0.0350448
2.53125 3.03504 0.0350448
2.57812 3.03179 0.0317871
2.57812 3.03179 0.0317871
2.625 3.02846 0.0284569
2.625 3.02846 0.0284569
2.67188 3.02507 0.0250711
2.67188 3.02507 0.0250711
2.71875 3.02166 0.0216605
2.71875 3.02166 0.0216605
2.76562 3.01828 0.0182834
2.76562 3.01828 0.0182834
2.8125 3.01504 0.0150434
2.8125 3.01504 0.0150434
2.85938 3.0121 0.0121027
2.85938 3.0121 0.0121027
2.90625 3.00968 0.00967741
2.90625 3.00968 0.00967741
2.95312 3.008 0.00800358
2.95312 3.008 0.00800358
3 3.00728 0.00727617
