# x y topography analytical topography
0 1 0 0.0297279
0.015625 1.02709 0.0270873 0.0298234
0.015625 1.02709 0.0270873 0.0298234
0.03125 1.02752 0.0275236 0.0301086
0.03125 1.02752 0.0275236 0.0301086
0.046875 1.02822 0.0282243 0.0305797
0.046875 1.02822 0.0282243 0.0305797
0.0625 1.02915 0.029151 0.0312303
0.0625 1.02915 0.029151 0.0312303
0.078125 1.03027 0.0302743 0.0320521
0.078125 1.03027 0.0302743 0.0320521
0.09375 1.03157 0.031569 0.0330343
0.09375 1.03157 0.031569 0.0330343
0.109375 1.03301 0.0330123 0.0341642
0.109375 1.03301 0.0330123 0.0341642
0.125 1.03458 0.0345825 0.0354278
0.125 1.03458 0.0345825 0.0354278
0.140625 1.03626 0.0362589 0.0368093
0.140625 1.03626 0.0362589 0.0368093
0.15625 1.03802 0.0380212 0.0382921
0.15625 1.03802 0.0380212 0.0382921
0.171875 1.03985 0.0398496 0.0398587
0.171875 1.03985 0.0398496 0.0398587
0.1875 1.04172 0.0417249 0.0414912
0.1875 1.04172 0.0417249 0.0414912
0.203125 1.04363 0.0436285 0.0431714
0.203125 1.04363 0.0436285 0.0431714
0.21875 1.04554 0.0455423 0.0448812
0.21875 1.04554 0.0455423 0.0448812
0.234375 1.04745 0.047449 0.0466029
0.234375 1.04745 0.047449 0.0466029
0.25 1.04933 0.0493323 0.0483192
0.25 1.04933 0.0493323 0.0483192
0.265625 1.05118 0.0511765 0.0500135
0.265625 1.05118 0.0511765 0.0500135
0.28125 1.05297 0.052967 0.05167
0.28125 1.05297 0.052967 0.05167
0.296875 1.05469 0.0546902 0.0532741
0.296875 1.05469 0.0546902 0.0532741
0.3125 1.05633 0.0563336 0.0548119
0.3125 1.05633 0.0563336 0.0548119
0.328125 1.05789 0.0578856 0.0562708
0.328125 1.05789 0.0578856 0.0562708
0.34375 1.05934 0.0593358 0.0576394
0.34375 1.05934 0.0593358 0.0576394
0.359375 1.06067 0.0606748 0.0589074
0.359375 1.06067 0.0606748 0.0589074
0.375 1.06189 0.0618943 0.0600654
0.375 1.06189 0.0618943 0.0600654
0.390625 1.06299 0.0629869 0.0611054
0.390625 1.06299 0.0629869 0.0611054
0.40625 1.06395 0.0639462 0.0620204
0.40625 1.06395 0.0639462 0.0620204
0.421875 1.06477 0.0647669 0.0628045
0.421875 1.06477 0.0647669 0.0628045
0.4375 1.06544 0.0654444 0.0634525
0.4375 1.06544 0.0654444 0.0634525
0.453125 1.06598 0.0659751 0.0639607
0.453125 1.06598 0.0659751 0.0639607
0.46875 1.06636 0.0663561 0.0643258
0.46875 1.06636 0.0663561 0.0643258
0.484375 1.06659 0.0665855 0.0645457
0.484375 1.06659 0.0665855 0.0645457
0.5 1.06666 0.0666621 0.0646192
0.5 1.06666 0.0666621 0.0646192
0.515625 1.06659 0.0665855 0.0645457
0.515625 1.06659 0.0665855 0.0645457
0.53125 1.06636 0.0663561 0.0643258
0.53125 1.06636 0.0663561 0.0643258
0.546875 1.06598 0.0659751 0.0639607
0.546875 1.06598 0.0659751 0.0639607
0.5625 1.06544 0.0654444 0.0634525
0.5625 1.06544 0.0654444 0.0634525
0.578125 1.06477 0.0647669 0.0628045
0.578125 1.06477 0.0647669 0.0628045
0.59375 1.06395 0.0639462 0.0620204
0.59375 1.06395 0.0639462 0.0620204
0.609375 1.06299 0.0629869 0.0611054
0.609375 1.06299 0.0629869 0.0611054
0.625 1.06189 0.0618943 0.0600654
0.625 1.06189 0.0618943 0.0600654
0.640625 1.06067 0.0606748 0.0589074
0.640625 1.06067 0.0606748 0.0589074
0.65625 1.05934 0.0593358 0.0576394
0.65625 1.05934 0.0593358 0.0576394
0.671875 1.05789 0.0578856 0.0562708
0.671875 1.05789 0.0578856 0.0562708
0.6875 1.05633 0.0563336 0.0548119
0.6875 1.05633 0.0563336 0.0548119
0.703125 1.05469 0.0546902 0.0532741
0.703125 1.05469 0.0546902 0.0532741
0.71875 1.05297 0.052967 0.05167
0.71875 1.05297 0.052967 0.05167
0.734375 1.05118 0.0511765 0.0500135
0.734375 1.05118 0.0511765 0.0500135
0.75 1.04933 0.0493323 0.0483192
0.75 1.04933 0.0493323 0.0483192
0.765625 1.04745 0.047449 0.0466029
0.765625 1.04745 0.047449 0.0466029
0.78125 1.04554 0.0455423 0.0448812
0.78125 1.04554 0.0455423 0.0448812
0.796875 1.04363 0.0436285 0.0431714
0.796875 1.04363 0.0436285 0.0431714
0.8125 1.04172 0.0417249 0.0414912
0.8125 1.04172 0.0417249 0.0414912
0.828125 1.03985 0.0398496 0.0398587
0.828125 1.03985 0.0398496 0.0398587
0.84375 1.03802 0.0380212 0.0382921
0.84375 1.03802 0.0380212 0.0382921
0.859375 1.03626 0.0362589 0.0368093
0.859375 1.03626 0.0362589 0.0368093
0.875 1.03458 0.0345825 0.0354278
0.875 1.03458 0.0345825 0.0354278
0.890625 1.03301 0.0330123 0.0341642
0.890625 1.03301 0.0330123 0.0341642
0.90625 1.03157 0.031569 0.0330343
0.90625 1.03157 0.031569 0.0330343
0.921875 1.03027 0.0302743 0.0320521
0.921875 1.03027 0.0302743 0.0320521
0.9375 1.02915 0.029151 0.0312303
0.9375 1.02915 0.029151 0.0312303
0.953125 1.02822 0.0282243 0.0305797
0.953125 1.02822 0.0282243 0.0305797
0.96875 1.02752 0.0275236 0.0301086
0.96875 1.02752 0.0275236 0.0301086
0.984375 1.02709 0.0270873 0.0298234
0.984375 1.02709 0.0270873 0.0298234
1 1 0 0.0297279
