# x y topography analytical topography
0 1 0 0.0318154
0.015625 1.02851 0.0285096 0.0318975
0.015625 1.02851 0.0285096 0.0318975
0.03125 1.02893 0.0289275 0.0321428
0.03125 1.02893 0.0289275 0.0321428
0.046875 1.02959 0.0295915 0.0325484
0.046875 1.02959 0.0295915 0.0325484
0.0625 1.03046 0.030464 0.0331093
0.0625 1.03046 0.030464 0.0331093
0.078125 1.03152 0.0315169 0.0338186
0.078125 1.03152 0.0315169 0.0338186
0.09375 1.03273 0.0327262 0.034668
0.09375 1.03273 0.0327262 0.034668
0.109375 1.03407 0.0340707 0.0356472
0.109375 1.03407 0.0340707 0.0356472
0.125 1.03553 0.0355308 0.0367449
0.125 1.03553 0.0355308 0.0367449
0.140625 1.03709 0.0370875 0.0379483
0.140625 1.03709 0.0370875 0.0379483
0.15625 1.03872 0.0387226 0.0392437
0.15625 1.03872 0.0387226 0.0392437
0.171875 1.04042 0.0404186 0.0406166
0.171875 1.04042 0.0404186 0.0406166
0.1875 1.04216 0.0421582 0.0420521
0.1875 1.04216 0.0421582 0.0420521
0.203125 1.04392 0.0439248 0.0435346
0.203125 1.04392 0.0439248 0.0435346
0.21875 1.0457 0.0457022 0.0450488
0.21875 1.0457 0.0457022 0.0450488
0.234375 1.04747 0.0474749 0.0465791
0.234375 1.04747 0.0474749 0.0465791
0.25 1.04923 0.0492278 0.0481103
0.25 1.04923 0.0492278 0.0481103
0.265625 1.05095 0.0509468 0.0496274
0.265625 1.05095 0.0509468 0.0496274
0.28125 1.05262 0.0526183 0.0511163
0.28125 1.05262 0.0526183 0.0511163
0.296875 1.05423 0.0542296 0.0525633
0.296875 1.05423 0.0542296 0.0525633
0.3125 1.05577 0.0557688 0.0539554
0.3125 1.05577 0.0557688 0.0539554
0.328125 1.05722 0.0572249 0.0552806
0.328125 1.05722 0.0572249 0.0552806
0.34375 1.05859 0.0585878 0.0565278
0.34375 1.05859 0.0585878 0.0565278
0.359375 1.05985 0.0598482 0.0576867
0.359375 1.05985 0.0598482 0.0576867
0.375 1.061 0.0609979 0.0587481
0.375 1.061 0.0609979 0.0587481
0.390625 1.06203 0.0620295 0.0597038
0.390625 1.06203 0.0620295 0.0597038
0.40625 1.06294 0.0629364 0.0605466
0.40625 1.06294 0.0629364 0.0605466
0.421875 1.06371 0.0637132 0.0612701
0.421875 1.06371 0.0637132 0.0612701
0.4375 1.06436 0.064355 0.0618692
0.4375 1.06436 0.064355 0.0618692
0.453125 1.06486 0.0648582 0.0623396
0.453125 1.06486 0.0648582 0.0623396
0.46875 1.06522 0.0652197 0.0626779
0.46875 1.06522 0.0652197 0.0626779
0.484375 1.06544 0.0654374 0.0628819
0.484375 1.06544 0.0654374 0.0628819
0.5 1.06551 0.0655101 0.06295
0.5 1.06551 0.0655101 0.06295
0.515625 1.06544 0.0654374 0.0628819
0.515625 1.06544 0.0654374 0.0628819
0.53125 1.06522 0.0652197 0.0626779
0.53125 1.06522 0.0652197 0.0626779
0.546875 1.06486 0.0648582 0.0623396
0.546875 1.06486 0.0648582 0.0623396
0.5625 1.06436 0.064355 0.0618692
0.5625 1.06436 0.064355 0.0618692
0.578125 1.06371 0.0637132 0.0612701
0.578125 1.06371 0.0637132 0.0612701
0.59375 1.06294 0.0629364 0.0605466
0.59375 1.06294 0.0629364 0.0605466
0.609375 1.06203 0.0620295 0.0597038
0.609375 1.06203 0.0620295 0.0597038
0.625 1.061 0.0609979 0.0587481
0.625 1.061 0.0609979 0.0587481
0.640625 1.05985 0.0598482 0.0576867
0.640625 1.05985 0.0598482 0.0576867
0.65625 1.05859 0.0585878 0.0565278
0.65625 1.05859 0.0585878 0.0565278
0.671875 1.05722 0.0572249 0.0552806
0.671875 1.05722 0.0572249 0.0552806
0.6875 1.05577 0.0557688 0.0539554
0.6875 1.05577 0.0557688 0.0539554
0.703125 1.05423 0.0542296 0.0525633
0.703125 1.05423 0.0542296 0.0525633
0.71875 1.05262 0.0526183 0.0511163
0.71875 1.05262 0.0526183 0.0511163
0.734375 1.05095 0.0509468 0.0496274
0.734375 1.05095 0.0509468 0.0496274
0.75 1.04923 0.0492278 0.0481103
0.75 1.04923 0.0492278 0.0481103
0.765625 1.04747 0.0474749 0.0465791
0.765625 1.04747 0.0474749 0.0465791
0.78125 1.0457 0.0457022 0.0450488
0.78125 1.0457 0.0457022 0.0450488
0.796875 1.04392 0.0439248 0.0435346
0.796875 1.04392 0.0439248 0.0435346
0.8125 1.04216 0.0421582 0.0420521
0.8125 1.04216 0.0421582 0.0420521
0.828125 1.04042 0.0404186 0.0406166
0.828125 1.04042 0.0404186 0.0406166
0.84375 1.03872 0.0387226 0.0392437
0.84375 1.03872 0.0387226 0.0392437
0.859375 1.03709 0.0370875 0.0379483
0.859375 1.03709 0.0370875 0.0379483
0.875 1.03553 0.0355308 0.0367449
0.875 1.03553 0.0355308 0.0367449
0.890625 1.03407 0.0340707 0.0356472
0.890625 1.03407 0.0340707 0.0356472
0.90625 1.03273 0.0327262 0.034668
0.90625 1.03273 0.0327262 0.034668
0.921875 1.03152 0.0315169 0.0338186
0.921875 1.03152 0.0315169 0.0338186
0.9375 1.03046 0.030464 0.0331093
0.9375 1.03046 0.030464 0.0331093
0.953125 1.02959 0.0295915 0.0325484
0.953125 1.02959 0.0295915 0.0325484
0.96875 1.02893 0.0289275 0.0321428
0.96875 1.02893 0.0289275 0.0321428
0.984375 1.02851 0.0285096 0.0318975
0.984375 1.02851 0.0285096 0.0318975
1 1 0 0.0318154
