# x y topography analytical topography
0 1 0 0.0273967
0.015625 1.02544 0.0254371 0.0275087
0.015625 1.02544 0.0254371 0.0275087
0.03125 1.0259 0.0258972 0.027843
0.03125 1.0259 0.0258972 0.027843
0.046875 1.02664 0.0266448 0.0283946
0.046875 1.02664 0.0266448 0.0283946
0.0625 1.02764 0.0276404 0.0291553
0.0625 1.02764 0.0276404 0.0291553
0.078125 1.02885 0.028853 0.0301141
0.078125 1.02885 0.028853 0.0301141
0.09375 1.03026 0.0302554 0.031257
0.09375 1.03026 0.0302554 0.031257
0.109375 1.03182 0.0318222 0.0325679
0.109375 1.03182 0.0318222 0.0325679
0.125 1.03353 0.033529 0.0340287
0.125 1.03353 0.033529 0.0340287
0.140625 1.03535 0.0353523 0.0356199
0.140625 1.03535 0.0353523 0.0356199
0.15625 1.03727 0.0372688 0.0373206
0.15625 1.03727 0.0372688 0.0373206
0.171875 1.03926 0.0392558 0.0391095
0.171875 1.03926 0.0392558 0.0391095
0.1875 1.04129 0.0412915 0.0409649
0.1875 1.04129 0.0412915 0.0409649
0.203125 1.04335 0.0433546 0.0428654
0.203125 1.04335 0.0433546 0.0428654
0.21875 1.04542 0.0454248 0.0447898
0.21875 1.04542 0.0454248 0.0447898
0.234375 1.04748 0.0474828 0.0467179
0.234375 1.04748 0.0474828 0.0467179
0.25 1.04951 0.0495104 0.0486303
0.25 1.04951 0.0495104 0.0486303
0.265625 1.05149 0.0514909 0.0505087
0.265625 1.05149 0.0514909 0.0505087
0.28125 1.05341 0.0534085 0.0523364
0.28125 1.05341 0.0534085 0.0523364
0.296875 1.05525 0.0552491 0.0540978
0.296875 1.05525 0.0552491 0.0540978
0.3125 1.057 0.0569996 0.0557787
0.3125 1.057 0.0569996 0.0557787
0.328125 1.05865 0.0586484 0.0573666
0.328125 1.05865 0.0586484 0.0573666
0.34375 1.06019 0.0601851 0.05885
0.34375 1.06019 0.0601851 0.05885
0.359375 1.0616 0.0616005 0.0602192
0.359375 1.0616 0.0616005 0.0602192
0.375 1.06289 0.0628867 0.0614654
0.375 1.06289 0.0628867 0.0614654
0.390625 1.06404 0.0640366 0.062581
0.390625 1.06404 0.0640366 0.062581
0.40625 1.06504 0.0650445 0.0635599
0.40625 1.06504 0.0650445 0.0635599
0.421875 1.06591 0.0659052 0.0643967
0.421875 1.06591 0.0659052 0.0643967
0.4375 1.06661 0.0666149 0.065087
0.4375 1.06661 0.0666149 0.065087
0.453125 1.06717 0.0671701 0.0656273
0.453125 1.06717 0.0671701 0.0656273
0.46875 1.06757 0.0675684 0.0660152
0.46875 1.06757 0.0675684 0.0660152
0.484375 1.06781 0.067808 0.0662486
0.484375 1.06781 0.067808 0.0662486
0.5 1.06789 0.0678881 0.0663265
0.5 1.06789 0.0678881 0.0663265
0.515625 1.06781 0.067808 0.0662486
0.515625 1.06781 0.067808 0.0662486
0.53125 1.06757 0.0675684 0.0660152
0.53125 1.06757 0.0675684 0.0660152
0.546875 1.06717 0.0671701 0.0656273
0.546875 1.06717 0.0671701 0.0656273
0.5625 1.06661 0.0666149 0.065087
0.5625 1.06661 0.0666149 0.065087
0.578125 1.06591 0.0659052 0.0643967
0.578125 1.06591 0.0659052 0.0643967
0.59375 1.06504 0.0650445 0.0635599
0.59375 1.06504 0.0650445 0.0635599
0.609375 1.06404 0.0640366 0.062581
0.609375 1.06404 0.0640366 0.062581
0.625 1.06289 0.0628867 0.0614654
0.625 1.06289 0.0628867 0.0614654
0.640625 1.0616 0.0616005 0.0602192
0.640625 1.0616 0.0616005 0.0602192
0.65625 1.06019 0.0601851 0.05885
0.65625 1.06019 0.0601851 0.05885
0.671875 1.05865 0.0586484 0.0573666
0.671875 1.05865 0.0586484 0.0573666
0.6875 1.057 0.0569996 0.0557787
0.6875 1.057 0.0569996 0.0557787
0.703125 1.05525 0.0552491 0.0540978
0.703125 1.05525 0.0552491 0.0540978
0.71875 1.05341 0.0534085 0.0523364
0.71875 1.05341 0.0534085 0.0523364
0.734375 1.05149 0.0514909 0.0505087
0.734375 1.05149 0.0514909 0.0505087
0.75 1.04951 0.0495104 0.0486303
0.75 1.04951 0.0495104 0.0486303
0.765625 1.04748 0.0474828 0.0467179
0.765625 1.04748 0.0474828 0.0467179
0.78125 1.04542 0.0454248 0.0447898
0.78125 1.04542 0.0454248 0.0447898
0.796875 1.04335 0.0433546 0.0428654
0.796875 1.04335 0.0433546 0.0428654
0.8125 1.04129 0.0412915 0.0409649
0.8125 1.04129 0.0412915 0.0409649
0.828125 1.03926 0.0392558 0.0391095
0.828125 1.03926 0.0392558 0.0391095
0.84375 1.03727 0.0372688 0.0373206
0.84375 1.03727 0.0372688 0.0373206
0.859375 1.03535 0.0353523 0.0356199
0.859375 1.03535 0.0353523 0.0356199
0.875 1.03353 0.033529 0.0340287
0.875 1.03353 0.033529 0.0340287
0.890625 1.03182 0.0318222 0.0325679
0.890625 1.03182 0.0318222 0.0325679
0.90625 1.03026 0.0302554 0.031257
0.90625 1.03026 0.0302554 0.031257
0.921875 1.02885 0.028853 0.0301141
0.921875 1.02885 0.028853 0.0301141
0.9375 1.02764 0.0276404 0.0291553
0.9375 1.02764 0.0276404 0.0291553
0.953125 1.02664 0.0266448 0.0283946
0.953125 1.02664 0.0266448 0.0283946
0.96875 1.0259 0.0258972 0.027843
0.96875 1.0259 0.0258972 0.027843
0.984375 1.02544 0.0254371 0.0275087
0.984375 1.02544 0.0254371 0.0275087
1 1 0 0.0273967
