# x y topography analytical topography
0 1 0 0.00835239
0.015625 1.00992 0.00992222 0.00885022
0.015625 1.00992 0.00992222 0.00885022
0.03125 1.01103 0.0110347 0.0102835
0.03125 1.01103 0.0110347 0.0102835
0.046875 1.01298 0.0129848 0.0124917
0.046875 1.01298 0.0129848 0.0124917
0.0625 1.01556 0.0155649 0.0152628
0.0625 1.01556 0.0155649 0.0152628
0.078125 1.01856 0.0185612 0.0183872
0.078125 1.01856 0.0185612 0.0183872
0.09375 1.02179 0.0217916 0.021695
0.09375 1.02179 0.0217916 0.021695
0.109375 1.02512 0.0251231 0.0250684
0.109375 1.02512 0.0251231 0.0250684
0.125 1.02847 0.0284703 0.0284357
0.125 1.02847 0.0284703 0.0284357
0.140625 1.03178 0.0317832 0.0317565
0.140625 1.03178 0.0317832 0.0317565
0.15625 1.03503 0.0350334 0.0350088
0.15625 1.03503 0.0350334 0.0350088
0.171875 1.0382 0.0382044 0.0381793
0.171875 1.0382 0.0382044 0.0381793
0.1875 1.04129 0.0412851 0.0412586
0.1875 1.04129 0.0412851 0.0412586
0.203125 1.04427 0.0442669 0.0442387
0.203125 1.04427 0.0442669 0.0442387
0.21875 1.04714 0.0471422 0.0471122
0.21875 1.04714 0.0471422 0.0471122
0.234375 1.0499 0.049904 0.0498723
0.234375 1.0499 0.049904 0.0498723
0.25 1.05255 0.0525456 0.0525122
0.25 1.05255 0.0525456 0.0525122
0.265625 1.05506 0.0550606 0.0550256
0.265625 1.05506 0.0550606 0.0550256
0.28125 1.05744 0.057443 0.0574064
0.28125 1.05744 0.057443 0.0574064
0.296875 1.05969 0.0596869 0.0596489
0.296875 1.05969 0.0596869 0.0596489
0.3125 1.06179 0.0617871 0.0617478
0.3125 1.06179 0.0617871 0.0617478
0.328125 1.06374 0.0637384 0.0636979
0.328125 1.06374 0.0637384 0.0636979
0.34375 1.06554 0.0655362 0.0654945
0.34375 1.06554 0.0655362 0.0654945
0.359375 1.06718 0.0671761 0.0671333
0.359375 1.06718 0.0671761 0.0671333
0.375 1.06865 0.0686542 0.0686105
0.375 1.06865 0.0686542 0.0686105
0.390625 1.06997 0.0699668 0.0699223
0.390625 1.06997 0.0699668 0.0699223
0.40625 1.07111 0.0711109 0.0710657
0.40625 1.07111 0.0711109 0.0710657
0.421875 1.07208 0.0720837 0.0720378
0.421875 1.07208 0.0720837 0.0720378
0.4375 1.07288 0.0728829 0.0728365
0.4375 1.07288 0.0728829 0.0728365
0.453125 1.07351 0.0735064 0.0734596
0.453125 1.07351 0.0735064 0.0734596
0.46875 1.07395 0.0739529 0.0739058
0.46875 1.07395 0.0739529 0.0739058
0.484375 1.07422 0.0742212 0.074174
0.484375 1.07422 0.0742212 0.074174
0.5 1.07431 0.0743107 0.0742634
0.5 1.07431 0.0743107 0.0742634
0.515625 1.07422 0.0742212 0.074174
0.515625 1.07422 0.0742212 0.074174
0.53125 1.07395 0.0739529 0.0739058
0.53125 1.07395 0.0739529 0.0739058
0.546875 1.07351 0.0735064 0.0734596
0.546875 1.07351 0.0735064 0.0734596
0.5625 1.07288 0.0728829 0.0728365
0.5625 1.07288 0.0728829 0.0728365
0.578125 1.07208 0.0720837 0.0720378
0.578125 1.07208 0.0720837 0.0720378
0.59375 1.07111 0.0711109 0.0710657
0.59375 1.07111 0.0711109 0.0710657
0.609375 1.06997 0.0699668 0.0699223
0.609375 1.06997 0.0699668 0.0699223
0.625 1.06865 0.0686542 0.0686105
0.625 1.06865 0.0686542 0.0686105
0.640625 1.06718 0.0671761 0.0671333
0.640625 1.06718 0.0671761 0.0671333
0.65625 1.06554 0.0655362 0.0654945
0.65625 1.06554 0.0655362 0.0654945
0.671875 1.06374 0.0637384 0.0636979
0.671875 1.06374 0.0637384 0.0636979
0.6875 1.06179 0.0617871 0.0617478
0.6875 1.06179 0.0617871 0.0617478
0.703125 1.05969 0.0596869 0.0596489
0.703125 1.05969 0.0596869 0.0596489
0.71875 1.05744 0.057443 0.0574064
0.71875 1.05744 0.057443 0.0574064
0.734375 1.05506 0.0550606 0.0550256
0.734375 1.05506 0.0550606 0.0550256
0.75 1.05255 0.0525456 0.0525122
0.75 1.05255 0.0525456 0.0525122
0.765625 1.0499 0.049904 0.0498723
0.765625 1.0499 0.049904 0.0498723
0.78125 1.04714 0.0471422 0.0471122
0.78125 1.04714 0.0471422 0.0471122
0.796875 1.04427 0.0442669 0.0442387
0.796875 1.04427 0.0442669 0.0442387
0.8125 1.04129 0.0412851 0.0412586
0.8125 1.04129 0.0412851 0.0412586
0.828125 1.0382 0.0382044 0.0381793
0.828125 1.0382 0.0382044 0.0381793
0.84375 1.03503 0.0350334 0.0350088
0.84375 1.03503 0.0350334 0.0350088
0.859375 1.03178 0.0317832 0.0317565
0.859375 1.03178 0.0317832 0.0317565
0.875 1.02847 0.0284703 0.0284357
0.875 1.02847 0.0284703 0.0284357
0.890625 1.02512 0.0251231 0.0250684
0.890625 1.02512 0.0251231 0.0250684
0.90625 1.02179 0.0217916 0.021695
0.90625 1.02179 0.0217916 0.021695
0.921875 1.01856 0.0185612 0.0183872
0.921875 1.01856 0.0185612 0.0183872
0.9375 1.01556 0.0155649 0.0152628
0.9375 1.01556 0.0155649 0.0152628
0.953125 1.01298 0.0129848 0.0124917
0.953125 1.01298 0.0129848 0.0124917
0.96875 1.01103 0.0110347 0.0102835
0.96875 1.01103 0.0110347 0.0102835
0.984375 1.00992 0.00992222 0.00885022
0.984375 1.00992 0.00992222 0.00885022
1 1 0 0.00835239
