# x y topography analytical topography
0 1 0 0.0214188
0.015625 1.02093 0.0209341 0.0215849
0.015625 1.02093 0.0209341 0.0215849
0.03125 1.02148 0.021477 0.0220796
0.03125 1.02148 0.021477 0.0220796
0.046875 1.02239 0.0223871 0.0228921
0.046875 1.02239 0.0223871 0.0228921
0.0625 1.02362 0.023619 0.024005
0.0625 1.02362 0.023619 0.024005
0.078125 1.02513 0.0251334 0.0253948
0.078125 1.02513 0.0251334 0.0253948
0.09375 1.02689 0.0268926 0.0270335
0.09375 1.02689 0.0268926 0.0270335
0.109375 1.02886 0.0288597 0.0288893
0.109375 1.02886 0.0288597 0.0288893
0.125 1.031 0.030998 0.0309281
0.125 1.031 0.030998 0.0309281
0.140625 1.03327 0.0332716 0.0331146
0.140625 1.03327 0.0332716 0.0331146
0.15625 1.03565 0.0356456 0.0354135
0.15625 1.03565 0.0356456 0.0354135
0.171875 1.03809 0.0380867 0.0377904
0.171875 1.03809 0.0380867 0.0377904
0.1875 1.04056 0.0405639 0.0402129
0.1875 1.04056 0.0405639 0.0402129
0.203125 1.04305 0.0430483 0.0426507
0.203125 1.04305 0.0430483 0.0426507
0.21875 1.04551 0.045514 0.0450763
0.21875 1.04551 0.045514 0.0450763
0.234375 1.04794 0.0479378 0.0474654
0.234375 1.04794 0.0479378 0.0474654
0.25 1.0503 0.0502992 0.0497962
0.25 1.0503 0.0502992 0.0497962
0.265625 1.05258 0.0525803 0.0520502
0.265625 1.05258 0.0525803 0.0520502
0.28125 1.05477 0.0547659 0.0542113
0.28125 1.05477 0.0547659 0.0542113
0.296875 1.05684 0.0568427 0.0562659
0.296875 1.05684 0.0568427 0.0562659
0.3125 1.0588 0.0587996 0.0582026
0.3125 1.0588 0.0587996 0.0582026
0.328125 1.06063 0.0606271 0.0600116
0.328125 1.06063 0.0606271 0.0600116
0.34375 1.06232 0.0623174 0.0616849
0.34375 1.06232 0.0623174 0.0616849
0.359375 1.06386 0.0638636 0.0632158
0.359375 1.06386 0.0638636 0.0632158
0.375 1.06526 0.0652603 0.0645986
0.375 1.06526 0.0652603 0.0645986
0.390625 1.0665 0.0665026 0.0658285
0.390625 1.0665 0.0665026 0.0658285
0.40625 1.06759 0.0675865 0.0669017
0.40625 1.06759 0.0675865 0.0669017
0.421875 1.06851 0.0685089 0.0678149
0.421875 1.06851 0.0685089 0.0678149
0.4375 1.06927 0.0692671 0.0685655
0.4375 1.06927 0.0692671 0.0685655
0.453125 1.06986 0.0698589 0.0691515
0.453125 1.06986 0.0698589 0.0691515
0.46875 1.07028 0.0702828 0.0695711
0.46875 1.07028 0.0702828 0.0695711
0.484375 1.07054 0.0705376 0.0698233
0.484375 1.07054 0.0705376 0.0698233
0.5 1.07062 0.0706226 0.0699074
0.5 1.07062 0.0706226 0.0699074
0.515625 1.07054 0.0705376 0.0698233
0.515625 1.07054 0.0705376 0.0698233
0.53125 1.07028 0.0702828 0.0695711
0.53125 1.07028 0.0702828 0.0695711
0.546875 1.06986 0.0698589 0.0691515
0.546875 1.06986 0.0698589 0.0691515
0.5625 1.06927 0.0692671 0.0685655
0.5625 1.06927 0.0692671 0.0685655
0.578125 1.06851 0.0685089 0.0678149
0.578125 1.06851 0.0685089 0.0678149
0.59375 1.06759 0.0675865 0.0669017
0.59375 1.06759 0.0675865 0.0669017
0.609375 1.0665 0.0665026 0.0658285
0.609375 1.0665 0.0665026 0.0658285
0.625 1.06526 0.0652603 0.0645986
0.625 1.06526 0.0652603 0.0645986
0.640625 1.06386 0.0638636 0.0632158
0.640625 1.06386 0.0638636 0.0632158
0.65625 1.06232 0.0623174 0.0616849
0.65625 1.06232 0.0623174 0.0616849
0.671875 1.06063 0.0606271 0.0600116
0.671875 1.06063 0.0606271 0.0600116
0.6875 1.0588 0.0587996 0.0582026
0.6875 1.0588 0.0587996 0.0582026
0.703125 1.05684 0.0568427 0.0562659
0.703125 1.05684 0.0568427 0.0562659
0.71875 1.05477 0.0547659 0.0542113
0.71875 1.05477 0.0547659 0.0542113
0.734375 1.05258 0.0525803 0.0520502
0.734375 1.05258 0.0525803 0.0520502
0.75 1.0503 0.0502992 0.0497962
0.75 1.0503 0.0502992 0.0497962
0.765625 1.04794 0.0479378 0.0474654
0.765625 1.04794 0.0479378 0.0474654
0.78125 1.04551 0.045514 0.0450763
0.78125 1.04551 0.045514 0.0450763
0.796875 1.04305 0.0430483 0.0426507
0.796875 1.04305 0.0430483 0.0426507
0.8125 1.04056 0.0405639 0.0402129
0.8125 1.04056 0.0405639 0.0402129
0.828125 1.03809 0.0380867 0.0377904
0.828125 1.03809 0.0380867 0.0377904
0.84375 1.03565 0.0356456 0.0354135
0.84375 1.03565 0.0356456 0.0354135
0.859375 1.03327 0.0332716 0.0331146
0.859375 1.03327 0.0332716 0.0331146
0.875 1.031 0.030998 0.0309281
0.875 1.031 0.030998 0.0309281
0.890625 1.02886 0.0288597 0.0288893
0.890625 1.02886 0.0288597 0.0288893
0.90625 1.02689 0.0268926 0.0270335
0.90625 1.02689 0.0268926 0.0270335
0.921875 1.02513 0.0251334 0.0253948
0.921875 1.02513 0.0251334 0.0253948
0.9375 1.02362 0.023619 0.024005
0.9375 1.02362 0.023619 0.024005
0.953125 1.02239 0.0223871 0.0228921
0.953125 1.02239 0.0223871 0.0228921
0.96875 1.02148 0.021477 0.0220796
0.96875 1.02148 0.021477 0.0220796
0.984375 1.02093 0.0209341 0.0215849
0.984375 1.02093 0.0209341 0.0215849
1 1 0 0.0214188
