# x y topography analytical topography
0 1 0 0.0246313
0.015625 1.0234 0.0234007 0.0247658
0.015625 1.0234 0.0234007 0.0247658
0.03125 1.02389 0.0238944 0.0251668
0.03125 1.02389 0.0238944 0.0251668
0.046875 1.02471 0.0247081 0.0258274
0.046875 1.02471 0.0247081 0.0258274
0.0625 1.0258 0.0258003 0.026736
0.0625 1.0258 0.0258003 0.026736
0.078125 1.02714 0.0271372 0.0278774
0.078125 1.02714 0.0271372 0.0278774
0.09375 1.02869 0.0286878 0.0292323
0.09375 1.02869 0.0286878 0.0292323
0.109375 1.03042 0.0304228 0.030779
0.109375 1.03042 0.0304228 0.030779
0.125 1.03231 0.0323133 0.0324933
0.125 1.03231 0.0323133 0.0324933
0.140625 1.03433 0.0343311 0.0343494
0.140625 1.03433 0.0343311 0.0343494
0.15625 1.03645 0.0364482 0.0363206
0.15625 1.03645 0.0364482 0.0363206
0.171875 1.03864 0.038638 0.0383801
0.171875 1.03864 0.038638 0.0383801
0.1875 1.04087 0.0408743 0.0405013
0.1875 1.04087 0.0408743 0.0405013
0.203125 1.04313 0.0431326 0.0426584
0.203125 1.04313 0.0431326 0.0426584
0.21875 1.04539 0.0453898 0.044827
0.21875 1.04539 0.0453898 0.044827
0.234375 1.04762 0.0476241 0.0469841
0.234375 1.04762 0.0476241 0.0469841
0.25 1.04982 0.049816 0.0491085
0.25 1.04982 0.049816 0.0491085
0.265625 1.05195 0.0519474 0.051181
0.265625 1.05195 0.0519474 0.051181
0.28125 1.054 0.0540021 0.0531841
0.28125 1.054 0.0540021 0.0531841
0.296875 1.05597 0.0559658 0.0551024
0.296875 1.05597 0.0559658 0.0551024
0.3125 1.05783 0.0578257 0.0569224
0.3125 1.05783 0.0578257 0.0569224
0.328125 1.05957 0.0595708 0.0586323
0.328125 1.05957 0.0595708 0.0586323
0.34375 1.06119 0.0611913 0.0602218
0.34375 1.06119 0.0611913 0.0602218
0.359375 1.06268 0.0626791 0.0616822
0.359375 1.06268 0.0626791 0.0616822
0.375 1.06403 0.0640268 0.0630061
0.375 1.06403 0.0640268 0.0630061
0.390625 1.06523 0.0652287 0.0641872
0.390625 1.06523 0.0652287 0.0641872
0.40625 1.06628 0.0662796 0.0652203
0.40625 1.06628 0.0662796 0.0652203
0.421875 1.06718 0.0671754 0.0661011
0.421875 1.06718 0.0671754 0.0661011
0.4375 1.06791 0.0679126 0.0668262
0.4375 1.06791 0.0679126 0.0668262
0.453125 1.06849 0.0684887 0.0673928
0.453125 1.06849 0.0684887 0.0673928
0.46875 1.0689 0.0689016 0.067799
0.46875 1.0689 0.0689016 0.067799
0.484375 1.06915 0.0691499 0.0680432
0.484375 1.06915 0.0691499 0.0680432
0.5 1.06923 0.0692327 0.0681247
0.5 1.06923 0.0692327 0.0681247
0.515625 1.06915 0.0691499 0.0680432
0.515625 1.06915 0.0691499 0.0680432
0.53125 1.0689 0.0689016 0.067799
0.53125 1.0689 0.0689016 0.067799
0.546875 1.06849 0.0684887 0.0673928
0.546875 1.06849 0.0684887 0.0673928
0.5625 1.06791 0.0679126 0.0668262
0.5625 1.06791 0.0679126 0.0668262
0.578125 1.06718 0.0671754 0.0661011
0.578125 1.06718 0.0671754 0.0661011
0.59375 1.06628 0.0662796 0.0652203
0.59375 1.06628 0.0662796 0.0652203
0.609375 1.06523 0.0652287 0.0641872
0.609375 1.06523 0.0652287 0.0641872
0.625 1.06403 0.0640268 0.0630061
0.625 1.06403 0.0640268 0.0630061
0.640625 1.06268 0.0626791 0.0616822
0.640625 1.06268 0.0626791 0.0616822
0.65625 1.06119 0.0611913 0.0602218
0.65625 1.06119 0.0611913 0.0602218
0.671875 1.05957 0.0595708 0.0586323
0.671875 1.05957 0.0595708 0.0586323
0.6875 1.05783 0.0578257 0.0569224
0.6875 1.05783 0.0578257 0.0569224
0.703125 1.05597 0.0559658 0.0551024
0.703125 1.05597 0.0559658 0.0551024
0.71875 1.054 0.0540021 0.0531841
0.71875 1.054 0.0540021 0.0531841
0.734375 1.05195 0.0519474 0.051181
0.734375 1.05195 0.0519474 0.051181
0.75 1.04982 0.049816 0.0491085
0.75 1.04982 0.049816 0.0491085
0.765625 1.04762 0.0476241 0.0469841
0.765625 1.04762 0.0476241 0.0469841
0.78125 1.04539 0.0453898 0.044827
0.78125 1.04539 0.0453898 0.044827
0.796875 1.04313 0.0431326 0.0426584
0.796875 1.04313 0.0431326 0.0426584
0.8125 1.04087 0.0408743 0.0405013
0.8125 1.04087 0.0408743 0.0405013
0.828125 1.03864 0.038638 0.0383801
0.828125 1.03864 0.038638 0.0383801
0.84375 1.03645 0.0364482 0.0363206
0.84375 1.03645 0.0364482 0.0363206
0.859375 1.03433 0.0343311 0.0343494
0.859375 1.03433 0.0343311 0.0343494
0.875 1.03231 0.0323133 0.0324933
0.875 1.03231 0.0323133 0.0324933
0.890625 1.03042 0.0304228 0.030779
0.890625 1.03042 0.0304228 0.030779
0.90625 1.02869 0.0286878 0.0292323
0.90625 1.02869 0.0286878 0.0292323
0.921875 1.02714 0.0271372 0.0278774
0.921875 1.02714 0.0271372 0.0278774
0.9375 1.0258 0.0258003 0.026736
0.9375 1.0258 0.0258003 0.026736
0.953125 1.02471 0.0247081 0.0258274
0.953125 1.02471 0.0247081 0.0258274
0.96875 1.02389 0.0238944 0.0251668
0.96875 1.02389 0.0238944 0.0251668
0.984375 1.0234 0.0234007 0.0247658
0.984375 1.0234 0.0234007 0.0247658
1 1 0 0.0246313
