# x y topography analytical topography
0 1 0 0.0342624
0.015625 1.03011 0.0301055 0.0343302
0.015625 1.03011 0.0301055 0.0343302
0.03125 1.0305 0.0305043 0.0345327
0.03125 1.0305 0.0305043 0.0345327
0.046875 1.03113 0.0311303 0.0348676
0.046875 1.03113 0.0311303 0.0348676
0.0625 1.03195 0.0319468 0.0353313
0.0625 1.03195 0.0319468 0.0353313
0.078125 1.03293 0.0329264 0.0359186
0.078125 1.03293 0.0329264 0.0359186
0.09375 1.03405 0.0340465 0.0366228
0.09375 1.03405 0.0340465 0.0366228
0.109375 1.03529 0.0352873 0.0374363
0.109375 1.03529 0.0352873 0.0374363
0.125 1.03663 0.0366307 0.0383501
0.125 1.03663 0.0366307 0.0383501
0.140625 1.03806 0.0380597 0.0393543
0.140625 1.03806 0.0380597 0.0393543
0.15625 1.03956 0.0395579 0.0404382
0.15625 1.03956 0.0395579 0.0404382
0.171875 1.04111 0.0411098 0.0415903
0.171875 1.04111 0.0411098 0.0415903
0.1875 1.0427 0.0427002 0.0427985
0.1875 1.0427 0.0427002 0.0427985
0.203125 1.04431 0.0443145 0.0440504
0.203125 1.04431 0.0443145 0.0440504
0.21875 1.04594 0.0459382 0.0453331
0.21875 1.04594 0.0459382 0.0453331
0.234375 1.04756 0.0475578 0.0466339
0.234375 1.04756 0.0475578 0.0466339
0.25 1.04916 0.0491599 0.0479399
0.25 1.04916 0.0491599 0.0479399
0.265625 1.05073 0.0507319 0.0492385
0.265625 1.05073 0.0507319 0.0492385
0.28125 1.05226 0.0522615 0.0505173
0.28125 1.05226 0.0522615 0.0505173
0.296875 1.05374 0.0537374 0.0517643
0.296875 1.05374 0.0537374 0.0517643
0.3125 1.05515 0.0551486 0.052968
0.3125 1.05515 0.0551486 0.052968
0.328125 1.05649 0.0564851 0.0541176
0.328125 1.05649 0.0564851 0.0541176
0.34375 1.05774 0.0577373 0.0552028
0.34375 1.05774 0.0577373 0.0552028
0.359375 1.0589 0.0588967 0.0562141
0.359375 1.0589 0.0588967 0.0562141
0.375 1.05996 0.0599554 0.0571429
0.375 1.05996 0.0599554 0.0571429
0.390625 1.06091 0.0609062 0.0579812
0.390625 1.06091 0.0609062 0.0579812
0.40625 1.06174 0.061743 0.0587221
0.40625 1.06174 0.061743 0.0587221
0.421875 1.06246 0.0624603 0.0593595
0.421875 1.06246 0.0624603 0.0593595
0.4375 1.06305 0.0630535 0.0598881
0.4375 1.06305 0.0630535 0.0598881
0.453125 1.06352 0.0635188 0.0603037
0.453125 1.06352 0.0635188 0.0603037
0.46875 1.06385 0.0638532 0.0606029
0.46875 1.06385 0.0638532 0.0606029
0.484375 1.06405 0.0640547 0.0607834
0.484375 1.06405 0.0640547 0.0607834
0.5 1.06412 0.064122 0.0608437
0.5 1.06412 0.064122 0.0608437
0.515625 1.06405 0.0640547 0.0607834
0.515625 1.06405 0.0640547 0.0607834
0.53125 1.06385 0.0638532 0.0606029
0.53125 1.06385 0.0638532 0.0606029
0.546875 1.06352 0.0635188 0.0603037
0.546875 1.06352 0.0635188 0.0603037
0.5625 1.06305 0.0630535 0.0598881
0.5625 1.06305 0.0630535 0.0598881
0.578125 1.06246 0.0624603 0.0593595
0.578125 1.06246 0.0624603 0.0593595
0.59375 1.06174 0.061743 0.0587221
0.59375 1.06174 0.061743 0.0587221
0.609375 1.06091 0.0609062 0.0579812
0.609375 1.06091 0.0609062 0.0579812
0.625 1.05996 0.0599554 0.0571429
0.625 1.05996 0.0599554 0.0571429
0.640625 1.0589 0.0588967 0.0562141
0.640625 1.0589 0.0588967 0.0562141
0.65625 1.05774 0.0577373 0.0552028
0.65625 1.05774 0.0577373 0.0552028
0.671875 1.05649 0.0564851 0.0541176
0.671875 1.05649 0.0564851 0.0541176
0.6875 1.05515 0.0551486 0.052968
0.6875 1.05515 0.0551486 0.052968
0.703125 1.05374 0.0537374 0.0517643
0.703125 1.05374 0.0537374 0.0517643
0.71875 1.05226 0.0522615 0.0505173
0.71875 1.05226 0.0522615 0.0505173
0.734375 1.05073 0.0507319 0.0492385
0.734375 1.05073 0.0507319 0.0492385
0.75 1.04916 0.0491599 0.0479399
0.75 1.04916 0.0491599 0.0479399
0.765625 1.04756 0.0475578 0.0466339
0.765625 1.04756 0.0475578 0.0466339
0.78125 1.04594 0.0459382 0.0453331
0.78125 1.04594 0.0459382 0.0453331
0.796875 1.04431 0.0443145 0.0440504
0.796875 1.04431 0.0443145 0.0440504
0.8125 1.0427 0.0427002 0.0427985
0.8125 1.0427 0.0427002 0.0427985
0.828125 1.04111 0.0411098 0.0415903
0.828125 1.04111 0.0411098 0.0415903
0.84375 1.03956 0.0395579 0.0404382
0.84375 1.03956 0.0395579 0.0404382
0.859375 1.03806 0.0380597 0.0393543
0.859375 1.03806 0.0380597 0.0393543
0.875 1.03663 0.0366307 0.0383501
0.875 1.03663 0.0366307 0.0383501
0.890625 1.03529 0.0352873 0.0374363
0.890625 1.03529 0.0352873 0.0374363
0.90625 1.03405 0.0340465 0.0366228
0.90625 1.03405 0.0340465 0.0366228
0.921875 1.03293 0.0329264 0.0359186
0.921875 1.03293 0.0329264 0.0359186
0.9375 1.03195 0.0319468 0.0353313
0.9375 1.03195 0.0319468 0.0353313
0.953125 1.03113 0.0311303 0.0348676
0.953125 1.03113 0.0311303 0.0348676
0.96875 1.0305 0.0305043 0.0345327
0.96875 1.0305 0.0305043 0.0345327
0.984375 1.03011 0.0301055 0.0343302
0.984375 1.03011 0.0301055 0.0343302
1 1 0 0.0342624
