# x y topography analytical topography
0 1 0 0.0271652
0.015625 1.02527 0.0252699 0.027279
0.015625 1.02527 0.0252699 0.027279
0.03125 1.02573 0.0257326 0.0276185
0.03125 1.02573 0.0257326 0.0276185
0.046875 1.02649 0.0264852 0.0281786
0.046875 1.02649 0.0264852 0.0281786
0.0625 1.02749 0.0274883 0.0289509
0.0625 1.02749 0.0274883 0.0289509
0.078125 1.02871 0.0287104 0.0299241
0.078125 1.02871 0.0287104 0.0299241
0.09375 1.03012 0.0301243 0.0310838
0.09375 1.03012 0.0301243 0.0310838
0.109375 1.0317 0.0317041 0.0324135
0.109375 1.0317 0.0317041 0.0324135
0.125 1.03343 0.0334254 0.0338947
0.125 1.03343 0.0334254 0.0338947
0.140625 1.03526 0.0352641 0.0355073
0.140625 1.03526 0.0352641 0.0355073
0.15625 1.0372 0.0371966 0.0372301
0.15625 1.0372 0.0371966 0.0372301
0.171875 1.0392 0.0392001 0.0390414
0.171875 1.0392 0.0392001 0.0390414
0.1875 1.04125 0.0412522 0.0409191
0.1875 1.04125 0.0412522 0.0409191
0.203125 1.04333 0.0433314 0.0428413
0.203125 1.04333 0.0433314 0.0428413
0.21875 1.04542 0.0454172 0.0447867
0.21875 1.04542 0.0454172 0.0447867
0.234375 1.04749 0.0474902 0.0467347
0.234375 1.04749 0.0474902 0.0467347
0.25 1.04953 0.049532 0.0486658
0.25 1.04953 0.049532 0.0486658
0.265625 1.05153 0.0515256 0.0505616
0.265625 1.05153 0.0515256 0.0505616
0.28125 1.05346 0.0534554 0.0524052
0.28125 1.05346 0.0534554 0.0524052
0.296875 1.05531 0.055307 0.054181
0.296875 1.05531 0.055307 0.054181
0.3125 1.05707 0.0570675 0.0558749
0.3125 1.05707 0.0570675 0.0558749
0.328125 1.05873 0.0587251 0.0574743
0.328125 1.05873 0.0587251 0.0574743
0.34375 1.06027 0.0602697 0.0589679
0.34375 1.06027 0.0602697 0.0589679
0.359375 1.06169 0.061692 0.0603459
0.359375 1.06169 0.061692 0.0603459
0.375 1.06298 0.062984 0.0615996
0.375 1.06298 0.062984 0.0615996
0.390625 1.06414 0.064139 0.0627218
0.390625 1.06414 0.064139 0.0627218
0.40625 1.06515 0.065151 0.063706
0.40625 1.06515 0.065151 0.063706
0.421875 1.06602 0.0660153 0.0645472
0.421875 1.06602 0.0660153 0.0645472
0.4375 1.06673 0.0667276 0.065241
0.4375 1.06673 0.0667276 0.065241
0.453125 1.06728 0.0672849 0.065784
0.453125 1.06728 0.0672849 0.065784
0.46875 1.06768 0.0676846 0.0661737
0.46875 1.06768 0.0676846 0.0661737
0.484375 1.06793 0.0679252 0.0664082
0.484375 1.06793 0.0679252 0.0664082
0.5 1.06801 0.0680055 0.0664865
0.5 1.06801 0.0680055 0.0664865
0.515625 1.06793 0.0679252 0.0664082
0.515625 1.06793 0.0679252 0.0664082
0.53125 1.06768 0.0676846 0.0661737
0.53125 1.06768 0.0676846 0.0661737
0.546875 1.06728 0.0672849 0.065784
0.546875 1.06728 0.0672849 0.065784
0.5625 1.06673 0.0667276 0.065241
0.5625 1.06673 0.0667276 0.065241
0.578125 1.06602 0.0660153 0.0645472
0.578125 1.06602 0.0660153 0.0645472
0.59375 1.06515 0.065151 0.063706
0.59375 1.06515 0.065151 0.063706
0.609375 1.06414 0.064139 0.0627218
0.609375 1.06414 0.064139 0.0627218
0.625 1.06298 0.062984 0.0615996
0.625 1.06298 0.062984 0.0615996
0.640625 1.06169 0.061692 0.0603459
0.640625 1.06169 0.061692 0.0603459
0.65625 1.06027 0.0602697 0.0589679
0.65625 1.06027 0.0602697 0.0589679
0.671875 1.05873 0.0587251 0.0574743
0.671875 1.05873 0.0587251 0.0574743
0.6875 1.05707 0.0570675 0.0558749
0.6875 1.05707 0.0570675 0.0558749
0.703125 1.05531 0.055307 0.054181
0.703125 1.05531 0.055307 0.054181
0.71875 1.05346 0.0534554 0.0524052
0.71875 1.05346 0.0534554 0.0524052
0.734375 1.05153 0.0515256 0.0505616
0.734375 1.05153 0.0515256 0.0505616
0.75 1.04953 0.049532 0.0486658
0.75 1.04953 0.049532 0.0486658
0.765625 1.04749 0.0474902 0.0467347
0.765625 1.04749 0.0474902 0.0467347
0.78125 1.04542 0.0454172 0.0447867
0.78125 1.04542 0.0454172 0.0447867
0.796875 1.04333 0.0433314 0.0428413
0.796875 1.04333 0.0433314 0.0428413
0.8125 1.04125 0.0412522 0.0409191
0.8125 1.04125 0.0412522 0.0409191
0.828125 1.0392 0.0392001 0.0390414
0.828125 1.0392 0.0392001 0.0390414
0.84375 1.0372 0.0371966 0.0372301
0.84375 1.0372 0.0371966 0.0372301
0.859375 1.03526 0.0352641 0.0355073
0.859375 1.03526 0.0352641 0.0355073
0.875 1.03343 0.0334254 0.0338947
0.875 1.03343 0.0334254 0.0338947
0.890625 1.0317 0.0317041 0.0324135
0.890625 1.0317 0.0317041 0.0324135
0.90625 1.03012 0.0301243 0.0310838
0.90625 1.03012 0.0301243 0.0310838
0.921875 1.02871 0.0287104 0.0299241
0.921875 1.02871 0.0287104 0.0299241
0.9375 1.02749 0.0274883 0.0289509
0.9375 1.02749 0.0274883 0.0289509
0.953125 1.02649 0.0264852 0.0281786
0.953125 1.02649 0.0264852 0.0281786
0.96875 1.02573 0.0257326 0.0276185
0.96875 1.02573 0.0257326 0.0276185
0.984375 1.02527 0.0252699 0.027279
0.984375 1.02527 0.0252699 0.027279
1 1 0 0.0271652
