# x y topography analytical topography
0 1 0 0.0295308
0.015625 1.02695 0.0269502 0.0296276
0.015625 1.02695 0.0269502 0.0296276
0.03125 1.02739 0.0273884 0.0299168
0.03125 1.02739 0.0273884 0.0299168
0.046875 1.02809 0.0280928 0.0303943
0.046875 1.02809 0.0280928 0.0303943
0.0625 1.02902 0.029025 0.0310538
0.0625 1.02902 0.029025 0.0310538
0.078125 1.03016 0.0301553 0.0318867
0.078125 1.03016 0.0301553 0.0318867
0.09375 1.03146 0.0314586 0.0328819
0.09375 1.03146 0.0314586 0.0328819
0.109375 1.03291 0.0329118 0.0340266
0.109375 1.03291 0.0329118 0.0340266
0.125 1.03449 0.034493 0.0353063
0.125 1.03449 0.034493 0.0353063
0.140625 1.03618 0.0361812 0.0367051
0.140625 1.03618 0.0361812 0.0367051
0.15625 1.03796 0.037956 0.038206
0.15625 1.03796 0.037956 0.038206
0.171875 1.0398 0.0397974 0.0397911
0.171875 1.0398 0.0397974 0.0397911
0.1875 1.04169 0.0416859 0.0414424
0.1875 1.04169 0.0416859 0.0414424
0.203125 1.0436 0.0436027 0.0431412
0.203125 1.0436 0.0436027 0.0431412
0.21875 1.04553 0.0455296 0.0448694
0.21875 1.04553 0.0455296 0.0448694
0.234375 1.04745 0.0474491 0.0466089
0.234375 1.04745 0.0474491 0.0466089
0.25 1.04934 0.0493447 0.0483423
0.25 1.04934 0.0493447 0.0483423
0.265625 1.0512 0.0512006 0.0500527
0.265625 1.0512 0.0512006 0.0500527
0.28125 1.053 0.0530022 0.0517244
0.28125 1.053 0.0530022 0.0517244
0.296875 1.05474 0.0547357 0.0533426
0.296875 1.05474 0.0547357 0.0533426
0.3125 1.05639 0.0563885 0.0548933
0.3125 1.05639 0.0563885 0.0548933
0.328125 1.05795 0.0579492 0.056364
0.328125 1.05795 0.0579492 0.056364
0.34375 1.05941 0.0594072 0.0577432
0.34375 1.05941 0.0594072 0.0577432
0.359375 1.06075 0.0607532 0.0590206
0.359375 1.06075 0.0607532 0.0590206
0.375 1.06198 0.0619788 0.0601869
0.375 1.06198 0.0619788 0.0601869
0.390625 1.06308 0.0630767 0.0612341
0.390625 1.06308 0.0630767 0.0612341
0.40625 1.06404 0.0640406 0.0621552
0.40625 1.06404 0.0640406 0.0621552
0.421875 1.06487 0.064865 0.0629442
0.421875 1.06487 0.064865 0.0629442
0.4375 1.06555 0.0655456 0.0635964
0.4375 1.06555 0.0655456 0.0635964
0.453125 1.06608 0.0660785 0.0641077
0.453125 1.06608 0.0660785 0.0641077
0.46875 1.06646 0.0664612 0.064475
0.46875 1.06646 0.0664612 0.064475
0.484375 1.06669 0.0666916 0.0646962
0.484375 1.06669 0.0666916 0.0646962
0.5 1.06677 0.0667685 0.0647701
0.5 1.06677 0.0667685 0.0647701
0.515625 1.06669 0.0666916 0.0646962
0.515625 1.06669 0.0666916 0.0646962
0.53125 1.06646 0.0664612 0.064475
0.53125 1.06646 0.0664612 0.064475
0.546875 1.06608 0.0660785 0.0641077
0.546875 1.06608 0.0660785 0.0641077
0.5625 1.06555 0.0655456 0.0635964
0.5625 1.06555 0.0655456 0.0635964
0.578125 1.06487 0.064865 0.0629442
0.578125 1.06487 0.064865 0.0629442
0.59375 1.06404 0.0640406 0.0621552
0.59375 1.06404 0.0640406 0.0621552
0.609375 1.06308 0.0630767 0.0612341
0.609375 1.06308 0.0630767 0.0612341
0.625 1.06198 0.0619788 0.0601869
0.625 1.06198 0.0619788 0.0601869
0.640625 1.06075 0.0607532 0.0590206
0.640625 1.06075 0.0607532 0.0590206
0.65625 1.05941 0.0594072 0.0577432
0.65625 1.05941 0.0594072 0.0577432
0.671875 1.05795 0.0579492 0.056364
0.671875 1.05795 0.0579492 0.056364
0.6875 1.05639 0.0563885 0.0548933
0.6875 1.05639 0.0563885 0.0548933
0.703125 1.05474 0.0547357 0.0533426
0.703125 1.05474 0.0547357 0.0533426
0.71875 1.053 0.0530022 0.0517244
0.71875 1.053 0.0530022 0.0517244
0.734375 1.0512 0.0512006 0.0500527
0.734375 1.0512 0.0512006 0.0500527
0.75 1.04934 0.0493447 0.0483423
0.75 1.04934 0.0493447 0.0483423
0.765625 1.04745 0.0474491 0.0466089
0.765625 1.04745 0.0474491 0.0466089
0.78125 1.04553 0.0455296 0.0448694
0.78125 1.04553 0.0455296 0.0448694
0.796875 1.0436 0.0436027 0.0431412
0.796875 1.0436 0.0436027 0.0431412
0.8125 1.04169 0.0416859 0.0414424
0.8125 1.04169 0.0416859 0.0414424
0.828125 1.0398 0.0397974 0.0397911
0.828125 1.0398 0.0397974 0.0397911
0.84375 1.03796 0.037956 0.038206
0.84375 1.03796 0.037956 0.038206
0.859375 1.03618 0.0361812 0.0367051
0.859375 1.03618 0.0361812 0.0367051
0.875 1.03449 0.034493 0.0353063
0.875 1.03449 0.034493 0.0353063
0.890625 1.03291 0.0329118 0.0340266
0.890625 1.03291 0.0329118 0.0340266
0.90625 1.03146 0.0314586 0.0328819
0.90625 1.03146 0.0314586 0.0328819
0.921875 1.03016 0.0301553 0.0318867
0.921875 1.03016 0.0301553 0.0318867
0.9375 1.02902 0.029025 0.0310538
0.9375 1.02902 0.029025 0.0310538
0.953125 1.02809 0.0280928 0.0303943
0.953125 1.02809 0.0280928 0.0303943
0.96875 1.02739 0.0273884 0.0299168
0.96875 1.02739 0.0273884 0.0299168
0.984375 1.02695 0.0269502 0.0296276
0.984375 1.02695 0.0269502 0.0296276
1 1 0 0.0295308
