# x y topography analytical topography
0 1 0 0.0349373
0.015625 1.03053 0.0305311 0.0350013
0.015625 1.03053 0.0305311 0.0350013
0.03125 1.03093 0.030925 0.0351926
0.03125 1.03093 0.030925 0.0351926
0.046875 1.03154 0.0315415 0.035509
0.046875 1.03154 0.0315415 0.035509
0.0625 1.03234 0.0323437 0.0359472
0.0625 1.03234 0.0323437 0.0359472
0.078125 1.0333 0.0333046 0.0365022
0.078125 1.0333 0.0333046 0.0365022
0.09375 1.0344 0.0344019 0.037168
0.09375 1.0344 0.0344019 0.037168
0.109375 1.03562 0.0356161 0.0379375
0.109375 1.03562 0.0356161 0.0379375
0.125 1.03693 0.0369294 0.0388023
0.125 1.03693 0.0369294 0.0388023
0.140625 1.03833 0.0383253 0.0397532
0.140625 1.03833 0.0383253 0.0397532
0.15625 1.03979 0.039788 0.0407801
0.15625 1.03979 0.039788 0.0407801
0.171875 1.0413 0.0413022 0.0418723
0.171875 1.0413 0.0413022 0.0418723
0.1875 1.04285 0.0428534 0.0430186
0.1875 1.04285 0.0428534 0.0430186
0.203125 1.04443 0.0444272 0.044207
0.203125 1.04443 0.0444272 0.044207
0.21875 1.04601 0.04601 0.0454257
0.21875 1.04601 0.04601 0.0454257
0.234375 1.04759 0.0475884 0.0466625
0.234375 1.04759 0.0475884 0.0466625
0.25 1.04915 0.0491496 0.0479053
0.25 1.04915 0.0491496 0.0479053
0.265625 1.05068 0.0506814 0.0491419
0.265625 1.05068 0.0506814 0.0491419
0.28125 1.05217 0.052172 0.0503606
0.28125 1.05217 0.052172 0.0503606
0.296875 1.05361 0.0536103 0.05155
0.296875 1.05361 0.0536103 0.05155
0.3125 1.05499 0.0549857 0.052699
0.3125 1.05499 0.0549857 0.052699
0.328125 1.05629 0.0562883 0.053797
0.328125 1.05629 0.0562883 0.053797
0.34375 1.05751 0.057509 0.0548344
0.34375 1.05751 0.057509 0.0548344
0.359375 1.05864 0.0586394 0.0558017
0.359375 1.05864 0.0586394 0.0558017
0.375 1.05967 0.0596718 0.0566907
0.375 1.05967 0.0596718 0.0566907
0.390625 1.0606 0.0605992 0.0574935
0.390625 1.0606 0.0605992 0.0574935
0.40625 1.06142 0.0614154 0.0582034
0.40625 1.06142 0.0614154 0.0582034
0.421875 1.06212 0.0621152 0.0588144
0.421875 1.06212 0.0621152 0.0588144
0.4375 1.06269 0.0626939 0.0593213
0.4375 1.06269 0.0626939 0.0593213
0.453125 1.06315 0.0631479 0.0597199
0.453125 1.06315 0.0631479 0.0597199
0.46875 1.06347 0.0634743 0.060007
0.46875 1.06347 0.0634743 0.060007
0.484375 1.06367 0.0636709 0.0601802
0.484375 1.06367 0.0636709 0.0601802
0.5 1.06374 0.0637366 0.0602381
0.5 1.06374 0.0637366 0.0602381
0.515625 1.06367 0.0636709 0.0601802
0.515625 1.06367 0.0636709 0.0601802
0.53125 1.06347 0.0634743 0.060007
0.53125 1.06347 0.0634743 0.060007
0.546875 1.06315 0.0631479 0.0597199
0.546875 1.06315 0.0631479 0.0597199
0.5625 1.06269 0.0626939 0.0593213
0.5625 1.06269 0.0626939 0.0593213
0.578125 1.06212 0.0621152 0.0588144
0.578125 1.06212 0.0621152 0.0588144
0.59375 1.06142 0.0614154 0.0582034
0.59375 1.06142 0.0614154 0.0582034
0.609375 1.0606 0.0605992 0.0574935
0.609375 1.0606 0.0605992 0.0574935
0.625 1.05967 0.0596718 0.0566907
0.625 1.05967 0.0596718 0.0566907
0.640625 1.05864 0.0586394 0.0558017
0.640625 1.05864 0.0586394 0.0558017
0.65625 1.05751 0.057509 0.0548344
0.65625 1.05751 0.057509 0.0548344
0.671875 1.05629 0.0562883 0.053797
0.671875 1.05629 0.0562883 0.053797
0.6875 1.05499 0.0549857 0.052699
0.6875 1.05499 0.0549857 0.052699
0.703125 1.05361 0.0536103 0.05155
0.703125 1.05361 0.0536103 0.05155
0.71875 1.05217 0.052172 0.0503606
0.71875 1.05217 0.052172 0.0503606
0.734375 1.05068 0.0506814 0.0491419
0.734375 1.05068 0.0506814 0.0491419
0.75 1.04915 0.0491496 0.0479053
0.75 1.04915 0.0491496 0.0479053
0.765625 1.04759 0.0475884 0.0466625
0.765625 1.04759 0.0475884 0.0466625
0.78125 1.04601 0.04601 0.0454257
0.78125 1.04601 0.04601 0.0454257
0.796875 1.04443 0.0444272 0.044207
0.796875 1.04443 0.0444272 0.044207
0.8125 1.04285 0.0428534 0.0430186
0.8125 1.04285 0.0428534 0.0430186
0.828125 1.0413 0.0413022 0.0418723
0.828125 1.0413 0.0413022 0.0418723
0.84375 1.03979 0.039788 0.0407801
0.84375 1.03979 0.039788 0.0407801
0.859375 1.03833 0.0383253 0.0397532
0.859375 1.03833 0.0383253 0.0397532
0.875 1.03693 0.0369294 0.0388023
0.875 1.03693 0.0369294 0.0388023
0.890625 1.03562 0.0356161 0.0379375
0.890625 1.03562 0.0356161 0.0379375
0.90625 1.0344 0.0344019 0.037168
0.90625 1.0344 0.0344019 0.037168
0.921875 1.0333 0.0333046 0.0365022
0.921875 1.0333 0.0333046 0.0365022
0.9375 1.03234 0.0323437 0.0359472
0.9375 1.03234 0.0323437 0.0359472
0.953125 1.03154 0.0315415 0.035509
0.953125 1.03154 0.0315415 0.035509
0.96875 1.03093 0.030925 0.0351926
0.96875 1.03093 0.030925 0.0351926
0.984375 1.03053 0.0305311 0.0350013
0.984375 1.03053 0.0305311 0.0350013
1 1 0 0.0349373
