# x y topography analytical topography
0 1 0 0.0303971
0.015625 1.02755 0.0275491 0.0304882
0.015625 1.02755 0.0275491 0.0304882
0.03125 1.02798 0.0279793 0.0307602
0.03125 1.02798 0.0279793 0.0307602
0.046875 1.02867 0.0286677 0.0312096
0.046875 1.02867 0.0286677 0.0312096
0.0625 1.02958 0.0295763 0.0318307
0.0625 1.02958 0.0295763 0.0318307
0.078125 1.03068 0.0306761 0.0326155
0.078125 1.03068 0.0306761 0.0326155
0.09375 1.03194 0.0319424 0.0335541
0.09375 1.03194 0.0319424 0.0335541
0.109375 1.03335 0.0333529 0.0346347
0.109375 1.03335 0.0333529 0.0346347
0.125 1.03489 0.0348867 0.035844
0.125 1.03489 0.0348867 0.035844
0.140625 1.03652 0.0365235 0.0371675
0.140625 1.03652 0.0365235 0.0371675
0.15625 1.03824 0.038244 0.0385895
0.15625 1.03824 0.038244 0.0385895
0.171875 1.04003 0.0400289 0.0400934
0.171875 1.04003 0.0400289 0.0400934
0.1875 1.04186 0.0418599 0.0416625
0.1875 1.04186 0.0418599 0.0416625
0.203125 1.04372 0.0437189 0.0432793
0.203125 1.04372 0.0437189 0.0432793
0.21875 1.04559 0.0455885 0.0449267
0.21875 1.04559 0.0455885 0.0449267
0.234375 1.04745 0.0474521 0.0465876
0.234375 1.04745 0.0474521 0.0465876
0.25 1.04929 0.0492935 0.0482453
0.25 1.04929 0.0492935 0.0482453
0.265625 1.0511 0.0510978 0.0498839
0.265625 1.0511 0.0510978 0.0498839
0.28125 1.05285 0.0528505 0.0514881
0.28125 1.05285 0.0528505 0.0514881
0.296875 1.05454 0.0545384 0.0530433
0.296875 1.05454 0.0545384 0.0530433
0.3125 1.05615 0.0561491 0.0545361
0.3125 1.05615 0.0561491 0.0545361
0.328125 1.05767 0.0576711 0.0559539
0.328125 1.05767 0.0576711 0.0559539
0.34375 1.05909 0.0590942 0.0572854
0.34375 1.05909 0.0590942 0.0572854
0.359375 1.06041 0.060409 0.0585202
0.359375 1.06041 0.060409 0.0585202
0.375 1.06161 0.0616071 0.0596491
0.375 1.06161 0.0616071 0.0596491
0.390625 1.06268 0.062681 0.0606637
0.390625 1.06268 0.062681 0.0606637
0.40625 1.06362 0.0636244 0.0615571
0.40625 1.06362 0.0636244 0.0615571
0.421875 1.06443 0.0644318 0.0623231
0.421875 1.06443 0.0644318 0.0623231
0.4375 1.0651 0.0650986 0.0629567
0.4375 1.0651 0.0650986 0.0629567
0.453125 1.06562 0.0656209 0.0634537
0.453125 1.06562 0.0656209 0.0634537
0.46875 1.066 0.0659961 0.0638109
0.46875 1.066 0.0659961 0.0638109
0.484375 1.06622 0.066222 0.0640261
0.484375 1.06622 0.066222 0.0640261
0.5 1.0663 0.0662974 0.064098
0.5 1.0663 0.0662974 0.064098
0.515625 1.06622 0.066222 0.0640261
0.515625 1.06622 0.066222 0.0640261
0.53125 1.066 0.0659961 0.0638109
0.53125 1.066 0.0659961 0.0638109
0.546875 1.06562 0.0656209 0.0634537
0.546875 1.06562 0.0656209 0.0634537
0.5625 1.0651 0.0650986 0.0629567
0.5625 1.0651 0.0650986 0.0629567
0.578125 1.06443 0.0644318 0.0623231
0.578125 1.06443 0.0644318 0.0623231
0.59375 1.06362 0.0636244 0.0615571
0.59375 1.06362 0.0636244 0.0615571
0.609375 1.06268 0.062681 0.0606637
0.609375 1.06268 0.062681 0.0606637
0.625 1.06161 0.0616071 0.0596491
0.625 1.06161 0.0616071 0.0596491
0.640625 1.06041 0.060409 0.0585202
0.640625 1.06041 0.060409 0.0585202
0.65625 1.05909 0.0590942 0.0572854
0.65625 1.05909 0.0590942 0.0572854
0.671875 1.05767 0.0576711 0.0559539
0.671875 1.05767 0.0576711 0.0559539
0.6875 1.05615 0.0561491 0.0545361
0.6875 1.05615 0.0561491 0.0545361
0.703125 1.05454 0.0545384 0.0530433
0.703125 1.05454 0.0545384 0.0530433
0.71875 1.05285 0.0528505 0.0514881
0.71875 1.05285 0.0528505 0.0514881
0.734375 1.0511 0.0510978 0.0498839
0.734375 1.0511 0.0510978 0.0498839
0.75 1.04929 0.0492935 0.0482453
0.75 1.04929 0.0492935 0.0482453
0.765625 1.04745 0.0474521 0.0465876
0.765625 1.04745 0.0474521 0.0465876
0.78125 1.04559 0.0455885 0.0449267
0.78125 1.04559 0.0455885 0.0449267
0.796875 1.04372 0.0437189 0.0432793
0.796875 1.04372 0.0437189 0.0432793
0.8125 1.04186 0.0418599 0.0416625
0.8125 1.04186 0.0418599 0.0416625
0.828125 1.04003 0.0400289 0.0400934
0.828125 1.04003 0.0400289 0.0400934
0.84375 1.03824 0.038244 0.0385895
0.84375 1.03824 0.038244 0.0385895
0.859375 1.03652 0.0365235 0.0371675
0.859375 1.03652 0.0365235 0.0371675
0.875 1.03489 0.0348867 0.035844
0.875 1.03489 0.0348867 0.035844
0.890625 1.03335 0.0333529 0.0346347
0.890625 1.03335 0.0333529 0.0346347
0.90625 1.03194 0.0319424 0.0335541
0.90625 1.03194 0.0319424 0.0335541
0.921875 1.03068 0.0306761 0.0326155
0.921875 1.03068 0.0306761 0.0326155
0.9375 1.02958 0.0295763 0.0318307
0.9375 1.02958 0.0295763 0.0318307
0.953125 1.02867 0.0286677 0.0312096
0.953125 1.02867 0.0286677 0.0312096
0.96875 1.02798 0.0279793 0.0307602
0.96875 1.02798 0.0279793 0.0307602
0.984375 1.02755 0.0275491 0.0304882
0.984375 1.02755 0.0275491 0.0304882
1 1 0 0.0303971
