# x y topography analytical topography
0 1 0 0.0247686
0.015625 1.0235 0.0235037 0.0249018
0.015625 1.0235 0.0235037 0.0249018
0.03125 1.024 0.0239956 0.0252993
0.03125 1.024 0.0239956 0.0252993
0.046875 1.02481 0.0248057 0.025954
0.046875 1.02481 0.0248057 0.025954
0.0625 1.02589 0.0258927 0.0268548
0.0625 1.02589 0.0258927 0.0268548
0.078125 1.02722 0.0272228 0.0279865
0.078125 1.02722 0.0272228 0.0279865
0.09375 1.02877 0.0287655 0.0293303
0.09375 1.02877 0.0287655 0.0293303
0.109375 1.03049 0.0304915 0.0308647
0.109375 1.03049 0.0304915 0.0308647
0.125 1.03237 0.0323723 0.0325658
0.125 1.03237 0.0323723 0.0325658
0.140625 1.03438 0.0343798 0.0344083
0.140625 1.03438 0.0343798 0.0344083
0.15625 1.03649 0.0364866 0.0363658
0.15625 1.03649 0.0364866 0.0363658
0.171875 1.03867 0.0386659 0.0384118
0.171875 1.03867 0.0386659 0.0384118
0.1875 1.04089 0.0408921 0.0405198
0.1875 1.04089 0.0408921 0.0405198
0.203125 1.04314 0.0431406 0.0426644
0.203125 1.04314 0.0431406 0.0426644
0.21875 1.04539 0.0453885 0.0448213
0.21875 1.04539 0.0453885 0.0448213
0.234375 1.04761 0.0476143 0.0469676
0.234375 1.04761 0.0476143 0.0469676
0.25 1.0498 0.0497984 0.0490821
0.25 1.0498 0.0497984 0.0490821
0.265625 1.05192 0.0519226 0.0511456
0.265625 1.05192 0.0519226 0.0511456
0.28125 1.05397 0.053971 0.0531408
0.28125 1.05397 0.053971 0.0531408
0.296875 1.05593 0.0559291 0.0550522
0.296875 1.05593 0.0559291 0.0550522
0.3125 1.05778 0.0577841 0.0568662
0.3125 1.05778 0.0577841 0.0568662
0.328125 1.05952 0.0595249 0.0585708
0.328125 1.05952 0.0595249 0.0585708
0.34375 1.06114 0.0611418 0.0601558
0.34375 1.06114 0.0611418 0.0601558
0.359375 1.06263 0.0626265 0.0616124
0.359375 1.06263 0.0626265 0.0616124
0.375 1.06397 0.0639717 0.0629331
0.375 1.06397 0.0639717 0.0629331
0.390625 1.06517 0.0651713 0.0641115
0.390625 1.06517 0.0651713 0.0641115
0.40625 1.06622 0.0662205 0.0651424
0.40625 1.06622 0.0662205 0.0651424
0.421875 1.06711 0.0671148 0.0660214
0.421875 1.06711 0.0671148 0.0660214
0.4375 1.06785 0.0678509 0.0667451
0.4375 1.06785 0.0678509 0.0667451
0.453125 1.06843 0.0684261 0.0673107
0.453125 1.06843 0.0684261 0.0673107
0.46875 1.06884 0.0688384 0.0677161
0.46875 1.06884 0.0688384 0.0677161
0.484375 1.06909 0.0690864 0.0679599
0.484375 1.06909 0.0690864 0.0679599
0.5 1.06917 0.0691691 0.0680413
0.5 1.06917 0.0691691 0.0680413
0.515625 1.06909 0.0690864 0.0679599
0.515625 1.06909 0.0690864 0.0679599
0.53125 1.06884 0.0688384 0.0677161
0.53125 1.06884 0.0688384 0.0677161
0.546875 1.06843 0.0684261 0.0673107
0.546875 1.06843 0.0684261 0.0673107
0.5625 1.06785 0.0678509 0.0667451
0.5625 1.06785 0.0678509 0.0667451
0.578125 1.06711 0.0671148 0.0660214
0.578125 1.06711 0.0671148 0.0660214
0.59375 1.06622 0.0662205 0.0651424
0.59375 1.06622 0.0662205 0.0651424
0.609375 1.06517 0.0651713 0.0641115
0.609375 1.06517 0.0651713 0.0641115
0.625 1.06397 0.0639717 0.0629331
0.625 1.06397 0.0639717 0.0629331
0.640625 1.06263 0.0626265 0.0616124
0.640625 1.06263 0.0626265 0.0616124
0.65625 1.06114 0.0611418 0.0601558
0.65625 1.06114 0.0611418 0.0601558
0.671875 1.05952 0.0595249 0.0585708
0.671875 1.05952 0.0595249 0.0585708
0.6875 1.05778 0.0577841 0.0568662
0.6875 1.05778 0.0577841 0.0568662
0.703125 1.05593 0.0559291 0.0550522
0.703125 1.05593 0.0559291 0.0550522
0.71875 1.05397 0.053971 0.0531408
0.71875 1.05397 0.053971 0.0531408
0.734375 1.05192 0.0519226 0.0511456
0.734375 1.05192 0.0519226 0.0511456
0.75 1.0498 0.0497984 0.0490821
0.75 1.0498 0.0497984 0.0490821
0.765625 1.04761 0.0476143 0.0469676
0.765625 1.04761 0.0476143 0.0469676
0.78125 1.04539 0.0453885 0.0448213
0.78125 1.04539 0.0453885 0.0448213
0.796875 1.04314 0.0431406 0.0426644
0.796875 1.04314 0.0431406 0.0426644
0.8125 1.04089 0.0408921 0.0405198
0.8125 1.04089 0.0408921 0.0405198
0.828125 1.03867 0.0386659 0.0384118
0.828125 1.03867 0.0386659 0.0384118
0.84375 1.03649 0.0364866 0.0363658
0.84375 1.03649 0.0364866 0.0363658
0.859375 1.03438 0.0343798 0.0344083
0.859375 1.03438 0.0343798 0.0344083
0.875 1.03237 0.0323723 0.0325658
0.875 1.03237 0.0323723 0.0325658
0.890625 1.03049 0.0304915 0.0308647
0.890625 1.03049 0.0304915 0.0308647
0.90625 1.02877 0.0287655 0.0293303
0.90625 1.02877 0.0287655 0.0293303
0.921875 1.02722 0.0272228 0.0279865
0.921875 1.02722 0.0272228 0.0279865
0.9375 1.02589 0.0258927 0.0268548
0.9375 1.02589 0.0258927 0.0268548
0.953125 1.02481 0.0248057 0.025954
0.953125 1.02481 0.0248057 0.025954
0.96875 1.024 0.0239956 0.0252993
0.96875 1.024 0.0239956 0.0252993
0.984375 1.0235 0.0235037 0.0249018
0.984375 1.0235 0.0235037 0.0249018
1 1 0 0.0247686
