# x y topography analytical topography
0 1 0 0.0124262
0.015625 1.01351 0.0135068 0.0127517
0.015625 1.01351 0.0135068 0.0127517
0.03125 1.01432 0.0143166 0.0137094
0.03125 1.01432 0.0143166 0.0137094
0.046875 1.01573 0.0157346 0.0152457
0.046875 1.01573 0.0157346 0.0152457
0.0625 1.01767 0.0176688 0.0172799
0.0625 1.01767 0.0176688 0.0172799
0.078125 1.02002 0.0200199 0.0197154
0.078125 1.02002 0.0200199 0.0197154
0.09375 1.02269 0.0226868 0.0224511
0.09375 1.02269 0.0226868 0.0224511
0.109375 1.02557 0.0255739 0.0253915
0.109375 1.02557 0.0255739 0.0253915
0.125 1.0286 0.0285968 0.0284531
0.125 1.0286 0.0285968 0.0284531
0.140625 1.03169 0.0316857 0.031568
0.140625 1.03169 0.0316857 0.031568
0.15625 1.03479 0.0347859 0.0346841
0.15625 1.03479 0.0347859 0.0346841
0.171875 1.03786 0.0378564 0.0377629
0.171875 1.03786 0.0378564 0.0377629
0.1875 1.04087 0.0408677 0.040777
0.1875 1.04087 0.0408677 0.040777
0.203125 1.0438 0.0437983 0.0437072
0.203125 1.0438 0.0437983 0.0437072
0.21875 1.04663 0.046633 0.0465392
0.21875 1.04663 0.046633 0.0465392
0.234375 1.04936 0.0493602 0.0492627
0.234375 1.04936 0.0493602 0.0492627
0.25 1.05197 0.0519709 0.051869
0.25 1.05197 0.0519709 0.051869
0.265625 1.05446 0.0544575 0.0543512
0.265625 1.05446 0.0544575 0.0543512
0.28125 1.05681 0.0568134 0.0567026
0.28125 1.05681 0.0568134 0.0567026
0.296875 1.05903 0.0590326 0.0589176
0.296875 1.05903 0.0590326 0.0589176
0.3125 1.06111 0.0611097 0.0609907
0.3125 1.06111 0.0611097 0.0609907
0.328125 1.06304 0.0630396 0.0629169
0.328125 1.06304 0.0630396 0.0629169
0.34375 1.06482 0.0648177 0.0646914
0.34375 1.06482 0.0648177 0.0646914
0.359375 1.06644 0.0664396 0.0663102
0.359375 1.06644 0.0664396 0.0663102
0.375 1.0679 0.0679015 0.0677692
0.375 1.0679 0.0679015 0.0677692
0.390625 1.0692 0.0691997 0.069065
0.390625 1.0692 0.0691997 0.069065
0.40625 1.07033 0.0703313 0.0701943
0.40625 1.07033 0.0703313 0.0701943
0.421875 1.07129 0.0712934 0.0711546
0.421875 1.07129 0.0712934 0.0711546
0.4375 1.07208 0.0720838 0.0719434
0.4375 1.07208 0.0720838 0.0719434
0.453125 1.0727 0.0727005 0.0725589
0.453125 1.0727 0.0727005 0.0725589
0.46875 1.07314 0.0731421 0.0729996
0.46875 1.07314 0.0731421 0.0729996
0.484375 1.07341 0.0734075 0.0732645
0.484375 1.07341 0.0734075 0.0732645
0.5 1.0735 0.073496 0.0733529
0.5 1.0735 0.073496 0.0733529
0.515625 1.07341 0.0734075 0.0732645
0.515625 1.07341 0.0734075 0.0732645
0.53125 1.07314 0.0731421 0.0729996
0.53125 1.07314 0.0731421 0.0729996
0.546875 1.0727 0.0727005 0.0725589
0.546875 1.0727 0.0727005 0.0725589
0.5625 1.07208 0.0720838 0.0719434
0.5625 1.07208 0.0720838 0.0719434
0.578125 1.07129 0.0712934 0.0711546
0.578125 1.07129 0.0712934 0.0711546
0.59375 1.07033 0.0703313 0.0701943
0.59375 1.07033 0.0703313 0.0701943
0.609375 1.0692 0.0691997 0.069065
0.609375 1.0692 0.0691997 0.069065
0.625 1.0679 0.0679015 0.0677692
0.625 1.0679 0.0679015 0.0677692
0.640625 1.06644 0.0664396 0.0663102
0.640625 1.06644 0.0664396 0.0663102
0.65625 1.06482 0.0648177 0.0646914
0.65625 1.06482 0.0648177 0.0646914
0.671875 1.06304 0.0630396 0.0629169
0.671875 1.06304 0.0630396 0.0629169
0.6875 1.06111 0.0611097 0.0609907
0.6875 1.06111 0.0611097 0.0609907
0.703125 1.05903 0.0590326 0.0589176
0.703125 1.05903 0.0590326 0.0589176
0.71875 1.05681 0.0568134 0.0567026
0.71875 1.05681 0.0568134 0.0567026
0.734375 1.05446 0.0544575 0.0543512
0.734375 1.05446 0.0544575 0.0543512
0.75 1.05197 0.0519709 0.051869
0.75 1.05197 0.0519709 0.051869
0.765625 1.04936 0.0493602 0.0492627
0.765625 1.04936 0.0493602 0.0492627
0.78125 1.04663 0.046633 0.0465392
0.78125 1.04663 0.046633 0.0465392
0.796875 1.0438 0.0437983 0.0437072
0.796875 1.0438 0.0437983 0.0437072
0.8125 1.04087 0.0408677 0.040777
0.8125 1.04087 0.0408677 0.040777
0.828125 1.03786 0.0378564 0.0377629
0.828125 1.03786 0.0378564 0.0377629
0.84375 1.03479 0.0347859 0.0346841
0.84375 1.03479 0.0347859 0.0346841
0.859375 1.03169 0.0316857 0.031568
0.859375 1.03169 0.0316857 0.031568
0.875 1.0286 0.0285968 0.0284531
0.875 1.0286 0.0285968 0.0284531
0.890625 1.02557 0.0255739 0.0253915
0.890625 1.02557 0.0255739 0.0253915
0.90625 1.02269 0.0226868 0.0224511
0.90625 1.02269 0.0226868 0.0224511
0.921875 1.02002 0.0200199 0.0197154
0.921875 1.02002 0.0200199 0.0197154
0.9375 1.01767 0.0176688 0.0172799
0.9375 1.01767 0.0176688 0.0172799
0.953125 1.01573 0.0157346 0.0152457
0.953125 1.01573 0.0157346 0.0152457
0.96875 1.01432 0.0143166 0.0137094
0.96875 1.01432 0.0143166 0.0137094
0.984375 1.01351 0.0135068 0.0127517
0.984375 1.01351 0.0135068 0.0127517
1 1 0 0.0124262
