# x y topography analytical topography
0 1 0 0.0236341
0.015625 1.02265 0.0226463 0.0237776
0.015625 1.02265 0.0226463 0.0237776
0.03125 1.02315 0.0231539 0.0242056
0.03125 1.02315 0.0231539 0.0242056
0.046875 1.02399 0.0239949 0.0249099
0.046875 1.02399 0.0239949 0.0249099
0.0625 1.02513 0.0251269 0.0258777
0.0625 1.02513 0.0251269 0.0258777
0.078125 1.02651 0.0265146 0.0270915
0.078125 1.02651 0.0265146 0.0270915
0.09375 1.02813 0.0281253 0.0285297
0.09375 1.02813 0.0281253 0.0285297
0.109375 1.02993 0.0299277 0.030168
0.109375 1.02993 0.0299277 0.030168
0.125 1.03189 0.0318909 0.0319794
0.125 1.03189 0.0318909 0.0319794
0.140625 1.03398 0.0339846 0.0339355
0.140625 1.03398 0.0339846 0.0339355
0.15625 1.03618 0.0361789 0.0360072
0.15625 1.03618 0.0361789 0.0360072
0.171875 1.03845 0.0384451 0.0381654
0.171875 1.03845 0.0384451 0.0381654
0.1875 1.04076 0.0407558 0.0403817
0.1875 1.04076 0.0407558 0.0403817
0.203125 1.04309 0.0430851 0.0426287
0.203125 1.04309 0.0430851 0.0426287
0.21875 1.04541 0.0454086 0.044881
0.21875 1.04541 0.0454086 0.044881
0.234375 1.0477 0.0477043 0.0471147
0.234375 1.0477 0.0477043 0.0471147
0.25 1.04995 0.0499519 0.0493085
0.25 1.04995 0.0499519 0.0493085
0.265625 1.05213 0.0521333 0.0514428
0.265625 1.05213 0.0521333 0.0514428
0.28125 1.05423 0.0542324 0.0535006
0.28125 1.05423 0.0542324 0.0535006
0.296875 1.05623 0.056235 0.0554667
0.296875 1.05623 0.056235 0.0554667
0.3125 1.05813 0.0581287 0.0573282
0.3125 1.05813 0.0581287 0.0573282
0.328125 1.0599 0.0599028 0.0590736
0.328125 1.0599 0.0599028 0.0590736
0.34375 1.06155 0.0615482 0.0606934
0.34375 1.06155 0.0615482 0.0606934
0.359375 1.06306 0.0630569 0.0621794
0.359375 1.06306 0.0630569 0.0621794
0.375 1.06442 0.0644223 0.0635247
0.375 1.06442 0.0644223 0.0635247
0.390625 1.06564 0.0656387 0.0647236
0.390625 1.06564 0.0656387 0.0647236
0.40625 1.0667 0.0667016 0.0657714
0.40625 1.0667 0.0667016 0.0657714
0.421875 1.06761 0.067607 0.066664
0.421875 1.06761 0.067607 0.066664
0.4375 1.06835 0.0683518 0.0673984
0.4375 1.06835 0.0683518 0.0673984
0.453125 1.06893 0.0689335 0.067972
0.453125 1.06893 0.0689335 0.067972
0.46875 1.06935 0.0693504 0.068383
0.46875 1.06935 0.0693504 0.068383
0.484375 1.0696 0.069601 0.0686302
0.484375 1.0696 0.069601 0.0686302
0.5 1.06968 0.0696846 0.0687126
0.5 1.06968 0.0696846 0.0687126
0.515625 1.0696 0.069601 0.0686302
0.515625 1.0696 0.069601 0.0686302
0.53125 1.06935 0.0693504 0.068383
0.53125 1.06935 0.0693504 0.068383
0.546875 1.06893 0.0689335 0.067972
0.546875 1.06893 0.0689335 0.067972
0.5625 1.06835 0.0683518 0.0673984
0.5625 1.06835 0.0683518 0.0673984
0.578125 1.06761 0.067607 0.066664
0.578125 1.06761 0.067607 0.066664
0.59375 1.0667 0.0667016 0.0657714
0.59375 1.0667 0.0667016 0.0657714
0.609375 1.06564 0.0656387 0.0647236
0.609375 1.06564 0.0656387 0.0647236
0.625 1.06442 0.0644223 0.0635247
0.625 1.06442 0.0644223 0.0635247
0.640625 1.06306 0.0630569 0.0621794
0.640625 1.06306 0.0630569 0.0621794
0.65625 1.06155 0.0615482 0.0606934
0.65625 1.06155 0.0615482 0.0606934
0.671875 1.0599 0.0599028 0.0590736
0.671875 1.0599 0.0599028 0.0590736
0.6875 1.05813 0.0581287 0.0573282
0.6875 1.05813 0.0581287 0.0573282
0.703125 1.05623 0.056235 0.0554667
0.703125 1.05623 0.056235 0.0554667
0.71875 1.05423 0.0542324 0.0535006
0.71875 1.05423 0.0542324 0.0535006
0.734375 1.05213 0.0521333 0.0514428
0.734375 1.05213 0.0521333 0.0514428
0.75 1.04995 0.0499519 0.0493085
0.75 1.04995 0.0499519 0.0493085
0.765625 1.0477 0.0477043 0.0471147
0.765625 1.0477 0.0477043 0.0471147
0.78125 1.04541 0.0454086 0.044881
0.78125 1.04541 0.0454086 0.044881
0.796875 1.04309 0.0430851 0.0426287
0.796875 1.04309 0.0430851 0.0426287
0.8125 1.04076 0.0407558 0.0403817
0.8125 1.04076 0.0407558 0.0403817
0.828125 1.03845 0.0384451 0.0381654
0.828125 1.03845 0.0384451 0.0381654
0.84375 1.03618 0.0361789 0.0360072
0.84375 1.03618 0.0361789 0.0360072
0.859375 1.03398 0.0339846 0.0339355
0.859375 1.03398 0.0339846 0.0339355
0.875 1.03189 0.0318909 0.0319794
0.875 1.03189 0.0318909 0.0319794
0.890625 1.02993 0.0299277 0.030168
0.890625 1.02993 0.0299277 0.030168
0.90625 1.02813 0.0281253 0.0285297
0.90625 1.02813 0.0281253 0.0285297
0.921875 1.02651 0.0265146 0.0270915
0.921875 1.02651 0.0265146 0.0270915
0.9375 1.02513 0.0251269 0.0258777
0.9375 1.02513 0.0251269 0.0258777
0.953125 1.02399 0.0239949 0.0249099
0.953125 1.02399 0.0239949 0.0249099
0.96875 1.02315 0.0231539 0.0242056
0.96875 1.02315 0.0231539 0.0242056
0.984375 1.02265 0.0226463 0.0237776
0.984375 1.02265 0.0226463 0.0237776
1 1 0 0.0236341
