# x y topography analytical topography
0 1 0 0.0239257
0.015625 1.02287 0.022868 0.0240666
0.015625 1.02287 0.022868 0.0240666
0.03125 1.02337 0.0233714 0.0244865
0.03125 1.02337 0.0233714 0.0244865
0.046875 1.0242 0.0242042 0.0251777
0.046875 1.0242 0.0242042 0.0251777
0.0625 1.02532 0.0253243 0.0261279
0.0625 1.02532 0.0253243 0.0261279
0.078125 1.0267 0.0266967 0.02732
0.078125 1.0267 0.0266967 0.02732
0.09375 1.02829 0.0282895 0.0287335
0.09375 1.02829 0.0282895 0.0287335
0.109375 1.03007 0.0300718 0.0303446
0.109375 1.03007 0.0300718 0.0303446
0.125 1.03201 0.0320133 0.0321273
0.125 1.03201 0.0320133 0.0321273
0.140625 1.03408 0.0340844 0.0340539
0.140625 1.03408 0.0340844 0.0340539
0.15625 1.03626 0.036256 0.0360961
0.15625 1.03626 0.036256 0.0360961
0.171875 1.0385 0.0384997 0.0382254
0.171875 1.0385 0.0384997 0.0382254
0.1875 1.04079 0.0407886 0.0404139
0.1875 1.04079 0.0407886 0.0404139
0.203125 1.0431 0.0430971 0.0426349
0.203125 1.0431 0.0430971 0.0426349
0.21875 1.0454 0.0454013 0.044863
0.21875 1.0454 0.0454013 0.044863
0.234375 1.04768 0.0476792 0.0470747
0.234375 1.04768 0.0476792 0.0470747
0.25 1.04991 0.0499108 0.0492486
0.25 1.04991 0.0499108 0.0492486
0.265625 1.05208 0.0520778 0.0513653
0.265625 1.05208 0.0520778 0.0513653
0.28125 1.05416 0.0541643 0.0534076
0.28125 1.05416 0.0541643 0.0534076
0.296875 1.05616 0.0561558 0.0553603
0.296875 1.05616 0.0561558 0.0553603
0.3125 1.05804 0.05804 0.0572101
0.3125 1.05804 0.05804 0.0572101
0.328125 1.05981 0.059806 0.0589456
0.328125 1.05981 0.059806 0.0589456
0.34375 1.06144 0.0614443 0.0605569
0.34375 1.06144 0.0614443 0.0605569
0.359375 1.06295 0.0629472 0.0620358
0.359375 1.06295 0.0629472 0.0620358
0.375 1.06431 0.0643077 0.0633752
0.375 1.06431 0.0643077 0.0633752
0.390625 1.06552 0.0655201 0.0645692
0.390625 1.06552 0.0655201 0.0645692
0.40625 1.06658 0.0665796 0.0656129
0.40625 1.06658 0.0665796 0.0656129
0.421875 1.06748 0.0674823 0.0665022
0.421875 1.06748 0.0674823 0.0665022
0.4375 1.06823 0.068225 0.067234
0.4375 1.06823 0.068225 0.067234
0.453125 1.06881 0.0688052 0.0678057
0.453125 1.06881 0.0688052 0.0678057
0.46875 1.06922 0.069221 0.0682154
0.46875 1.06922 0.069221 0.0682154
0.484375 1.06947 0.0694709 0.0684618
0.484375 1.06947 0.0694709 0.0684618
0.5 1.06955 0.0695543 0.068544
0.5 1.06955 0.0695543 0.068544
0.515625 1.06947 0.0694709 0.0684618
0.515625 1.06947 0.0694709 0.0684618
0.53125 1.06922 0.069221 0.0682154
0.53125 1.06922 0.069221 0.0682154
0.546875 1.06881 0.0688052 0.0678057
0.546875 1.06881 0.0688052 0.0678057
0.5625 1.06823 0.068225 0.067234
0.5625 1.06823 0.068225 0.067234
0.578125 1.06748 0.0674823 0.0665022
0.578125 1.06748 0.0674823 0.0665022
0.59375 1.06658 0.0665796 0.0656129
0.59375 1.06658 0.0665796 0.0656129
0.609375 1.06552 0.0655201 0.0645692
0.609375 1.06552 0.0655201 0.0645692
0.625 1.06431 0.0643077 0.0633752
0.625 1.06431 0.0643077 0.0633752
0.640625 1.06295 0.0629472 0.0620358
0.640625 1.06295 0.0629472 0.0620358
0.65625 1.06144 0.0614443 0.0605569
0.65625 1.06144 0.0614443 0.0605569
0.671875 1.05981 0.059806 0.0589456
0.671875 1.05981 0.059806 0.0589456
0.6875 1.05804 0.05804 0.0572101
0.6875 1.05804 0.05804 0.0572101
0.703125 1.05616 0.0561558 0.0553603
0.703125 1.05616 0.0561558 0.0553603
0.71875 1.05416 0.0541643 0.0534076
0.71875 1.05416 0.0541643 0.0534076
0.734375 1.05208 0.0520778 0.0513653
0.734375 1.05208 0.0520778 0.0513653
0.75 1.04991 0.0499108 0.0492486
0.75 1.04991 0.0499108 0.0492486
0.765625 1.04768 0.0476792 0.0470747
0.765625 1.04768 0.0476792 0.0470747
0.78125 1.0454 0.0454013 0.044863
0.78125 1.0454 0.0454013 0.044863
0.796875 1.0431 0.0430971 0.0426349
0.796875 1.0431 0.0430971 0.0426349
0.8125 1.04079 0.0407886 0.0404139
0.8125 1.04079 0.0407886 0.0404139
0.828125 1.0385 0.0384997 0.0382254
0.828125 1.0385 0.0384997 0.0382254
0.84375 1.03626 0.036256 0.0360961
0.84375 1.03626 0.036256 0.0360961
0.859375 1.03408 0.0340844 0.0340539
0.859375 1.03408 0.0340844 0.0340539
0.875 1.03201 0.0320133 0.0321273
0.875 1.03201 0.0320133 0.0321273
0.890625 1.03007 0.0300718 0.0303446
0.890625 1.03007 0.0300718 0.0303446
0.90625 1.02829 0.0282895 0.0287335
0.90625 1.02829 0.0282895 0.0287335
0.921875 1.0267 0.0266967 0.02732
0.921875 1.0267 0.0266967 0.02732
0.9375 1.02532 0.0253243 0.0261279
0.9375 1.02532 0.0253243 0.0261279
0.953125 1.0242 0.0242042 0.0251777
0.953125 1.0242 0.0242042 0.0251777
0.96875 1.02337 0.0233714 0.0244865
0.96875 1.02337 0.0233714 0.0244865
0.984375 1.02287 0.022868 0.0240666
0.984375 1.02287 0.022868 0.0240666
1 1 0 0.0239257
