# x y topography analytical topography
0 1 0 0.0127562
0.015625 1.01379 0.0137919 0.0130723
0.015625 1.01379 0.0137919 0.0130723
0.03125 1.01459 0.0145854 0.0140033
0.03125 1.01459 0.0145854 0.0140033
0.046875 1.01597 0.0159734 0.0154992
0.046875 1.01597 0.0159734 0.0154992
0.0625 1.01787 0.0178679 0.0174849
0.0625 1.01787 0.0178679 0.0174849
0.078125 1.02017 0.0201749 0.0198696
0.078125 1.02017 0.0201749 0.0198696
0.09375 1.0228 0.022798 0.0225569
0.09375 1.0228 0.022798 0.0225569
0.109375 1.02565 0.0256453 0.0254549
0.109375 1.02565 0.0256453 0.0254549
0.125 1.02863 0.0286346 0.0284818
0.125 1.02863 0.0286346 0.0284818
0.140625 1.0317 0.0316968 0.0315698
0.140625 1.0317 0.0316968 0.0315698
0.15625 1.03478 0.0347767 0.034666
0.15625 1.03478 0.0347767 0.034666
0.171875 1.03783 0.0378325 0.0377305
0.171875 1.03783 0.0378325 0.0377305
0.1875 1.04083 0.0408332 0.0407345
0.1875 1.04083 0.0408332 0.0407345
0.203125 1.04376 0.0437563 0.0436573
0.203125 1.04376 0.0437563 0.0436573
0.21875 1.04659 0.0465854 0.0464838
0.21875 1.04659 0.0465854 0.0464838
0.234375 1.04931 0.0493083 0.0492028
0.234375 1.04931 0.0493083 0.0492028
0.25 1.05192 0.0519155 0.0518055
0.25 1.05192 0.0519155 0.0518055
0.265625 1.0544 0.054399 0.0542843
0.265625 1.0544 0.054399 0.0542843
0.28125 1.05675 0.0567522 0.0566328
0.28125 1.05675 0.0567522 0.0566328
0.296875 1.05897 0.058969 0.058845
0.296875 1.05897 0.058969 0.058845
0.3125 1.06104 0.0610438 0.0609155
0.3125 1.06104 0.0610438 0.0609155
0.328125 1.06297 0.0629716 0.0628393
0.328125 1.06297 0.0629716 0.0628393
0.34375 1.06475 0.0647478 0.0646117
0.34375 1.06475 0.0647478 0.0646117
0.359375 1.06637 0.0663679 0.0662284
0.359375 1.06637 0.0663679 0.0662284
0.375 1.06783 0.0678282 0.0676857
0.375 1.06783 0.0678282 0.0676857
0.390625 1.06913 0.0691251 0.0689798
0.390625 1.06913 0.0691251 0.0689798
0.40625 1.07026 0.0702554 0.0701078
0.40625 1.07026 0.0702554 0.0701078
0.421875 1.07122 0.0712165 0.0710668
0.421875 1.07122 0.0712165 0.0710668
0.4375 1.07201 0.072006 0.0718547
0.4375 1.07201 0.072006 0.0718547
0.453125 1.07262 0.0726221 0.0724695
0.453125 1.07262 0.0726221 0.0724695
0.46875 1.07306 0.0730632 0.0729096
0.46875 1.07306 0.0730632 0.0729096
0.484375 1.07333 0.0733283 0.0731742
0.484375 1.07333 0.0733283 0.0731742
0.5 1.07342 0.0734167 0.0732624
0.5 1.07342 0.0734167 0.0732624
0.515625 1.07333 0.0733283 0.0731742
0.515625 1.07333 0.0733283 0.0731742
0.53125 1.07306 0.0730632 0.0729096
0.53125 1.07306 0.0730632 0.0729096
0.546875 1.07262 0.0726221 0.0724695
0.546875 1.07262 0.0726221 0.0724695
0.5625 1.07201 0.072006 0.0718547
0.5625 1.07201 0.072006 0.0718547
0.578125 1.07122 0.0712165 0.0710668
0.578125 1.07122 0.0712165 0.0710668
0.59375 1.07026 0.0702554 0.0701078
0.59375 1.07026 0.0702554 0.0701078
0.609375 1.06913 0.0691251 0.0689798
0.609375 1.06913 0.0691251 0.0689798
0.625 1.06783 0.0678282 0.0676857
0.625 1.06783 0.0678282 0.0676857
0.640625 1.06637 0.0663679 0.0662284
0.640625 1.06637 0.0663679 0.0662284
0.65625 1.06475 0.0647478 0.0646117
0.65625 1.06475 0.0647478 0.0646117
0.671875 1.06297 0.0629716 0.0628393
0.671875 1.06297 0.0629716 0.0628393
0.6875 1.06104 0.0610438 0.0609155
0.6875 1.06104 0.0610438 0.0609155
0.703125 1.05897 0.058969 0.058845
0.703125 1.05897 0.058969 0.058845
0.71875 1.05675 0.0567522 0.0566328
0.71875 1.05675 0.0567522 0.0566328
0.734375 1.0544 0.054399 0.0542843
0.734375 1.0544 0.054399 0.0542843
0.75 1.05192 0.0519155 0.0518055
0.75 1.05192 0.0519155 0.0518055
0.765625 1.04931 0.0493083 0.0492028
0.765625 1.04931 0.0493083 0.0492028
0.78125 1.04659 0.0465854 0.0464838
0.78125 1.04659 0.0465854 0.0464838
0.796875 1.04376 0.0437563 0.0436573
0.796875 1.04376 0.0437563 0.0436573
0.8125 1.04083 0.0408332 0.0407345
0.8125 1.04083 0.0408332 0.0407345
0.828125 1.03783 0.0378325 0.0377305
0.828125 1.03783 0.0378325 0.0377305
0.84375 1.03478 0.0347767 0.034666
0.84375 1.03478 0.0347767 0.034666
0.859375 1.0317 0.0316968 0.0315698
0.859375 1.0317 0.0316968 0.0315698
0.875 1.02863 0.0286346 0.0284818
0.875 1.02863 0.0286346 0.0284818
0.890625 1.02565 0.0256453 0.0254549
0.890625 1.02565 0.0256453 0.0254549
0.90625 1.0228 0.022798 0.0225569
0.90625 1.0228 0.022798 0.0225569
0.921875 1.02017 0.0201749 0.0198696
0.921875 1.02017 0.0201749 0.0198696
0.9375 1.01787 0.0178679 0.0174849
0.9375 1.01787 0.0178679 0.0174849
0.953125 1.01597 0.0159734 0.0154992
0.953125 1.01597 0.0159734 0.0154992
0.96875 1.01459 0.0145854 0.0140033
0.96875 1.01459 0.0145854 0.0140033
0.984375 1.01379 0.0137919 0.0130723
0.984375 1.01379 0.0137919 0.0130723
1 1 0 0.0127562
