# x y topography analytical topography
0 1 0 0.0326315
0.015625 1.02905 0.0290508 0.0327086
0.015625 1.02905 0.0290508 0.0327086
0.03125 1.02946 0.029462 0.0329393
0.03125 1.02946 0.029462 0.0329393
0.046875 1.03011 0.0301127 0.0333207
0.046875 1.03011 0.0301127 0.0333207
0.0625 1.03097 0.0309658 0.0338483
0.0625 1.03097 0.0309658 0.0338483
0.078125 1.03199 0.0319932 0.0345159
0.078125 1.03199 0.0319932 0.0345159
0.09375 1.03317 0.0331715 0.0353157
0.09375 1.03317 0.0331715 0.0353157
0.109375 1.03448 0.0344801 0.0362385
0.109375 1.03448 0.0344801 0.0362385
0.125 1.0359 0.0358999 0.0372737
0.125 1.0359 0.0358999 0.0372737
0.140625 1.03741 0.0374125 0.0384096
0.140625 1.03741 0.0374125 0.0384096
0.15625 1.039 0.0390006 0.0396335
0.15625 1.039 0.0390006 0.0396335
0.171875 1.04065 0.0406472 0.0409321
0.171875 1.04065 0.0406472 0.0409321
0.1875 1.04234 0.0423359 0.0422913
0.1875 1.04234 0.0423359 0.0422913
0.203125 1.04405 0.0440506 0.0436968
0.203125 1.04405 0.0440506 0.0436968
0.21875 1.04578 0.045776 0.0451339
0.21875 1.04578 0.045776 0.0451339
0.234375 1.0475 0.047497 0.0465882
0.234375 1.0475 0.047497 0.0465882
0.25 1.0492 0.0491993 0.0480451
0.25 1.0492 0.0491993 0.0480451
0.265625 1.05087 0.0508691 0.0494905
0.265625 1.05087 0.0508691 0.0494905
0.28125 1.05249 0.0524934 0.0509108
0.28125 1.05249 0.0524934 0.0509108
0.296875 1.05406 0.0540599 0.0522928
0.296875 1.05406 0.0540599 0.0522928
0.3125 1.05556 0.0555569 0.053624
0.3125 1.05556 0.0555569 0.053624
0.328125 1.05697 0.0569738 0.0548927
0.328125 1.05697 0.0569738 0.0548927
0.34375 1.0583 0.0583005 0.056088
0.34375 1.0583 0.0583005 0.056088
0.359375 1.05953 0.0595281 0.0571999
0.359375 1.05953 0.0595281 0.0571999
0.375 1.06065 0.0606484 0.0582193
0.375 1.06065 0.0606484 0.0582193
0.390625 1.06165 0.061654 0.059138
0.390625 1.06165 0.061654 0.059138
0.40625 1.06254 0.0625384 0.0599487
0.40625 1.06254 0.0625384 0.0599487
0.421875 1.0633 0.0632962 0.0606453
0.421875 1.0633 0.0632962 0.0606453
0.4375 1.06392 0.0639225 0.0612224
0.4375 1.06392 0.0639225 0.0612224
0.453125 1.06441 0.0644136 0.0616757
0.453125 1.06441 0.0644136 0.0616757
0.46875 1.06477 0.0647665 0.0620019
0.46875 1.06477 0.0647665 0.0620019
0.484375 1.06498 0.0649791 0.0621985
0.484375 1.06498 0.0649791 0.0621985
0.5 1.06505 0.0650501 0.0622643
0.5 1.06505 0.0650501 0.0622643
0.515625 1.06498 0.0649791 0.0621985
0.515625 1.06498 0.0649791 0.0621985
0.53125 1.06477 0.0647665 0.0620019
0.53125 1.06477 0.0647665 0.0620019
0.546875 1.06441 0.0644136 0.0616757
0.546875 1.06441 0.0644136 0.0616757
0.5625 1.06392 0.0639225 0.0612224
0.5625 1.06392 0.0639225 0.0612224
0.578125 1.0633 0.0632962 0.0606453
0.578125 1.0633 0.0632962 0.0606453
0.59375 1.06254 0.0625384 0.0599487
0.59375 1.06254 0.0625384 0.0599487
0.609375 1.06165 0.061654 0.059138
0.609375 1.06165 0.061654 0.059138
0.625 1.06065 0.0606484 0.0582193
0.625 1.06065 0.0606484 0.0582193
0.640625 1.05953 0.0595281 0.0571999
0.640625 1.05953 0.0595281 0.0571999
0.65625 1.0583 0.0583005 0.056088
0.65625 1.0583 0.0583005 0.056088
0.671875 1.05697 0.0569738 0.0548927
0.671875 1.05697 0.0569738 0.0548927
0.6875 1.05556 0.0555569 0.053624
0.6875 1.05556 0.0555569 0.053624
0.703125 1.05406 0.0540599 0.0522928
0.703125 1.05406 0.0540599 0.0522928
0.71875 1.05249 0.0524934 0.0509108
0.71875 1.05249 0.0524934 0.0509108
0.734375 1.05087 0.0508691 0.0494905
0.734375 1.05087 0.0508691 0.0494905
0.75 1.0492 0.0491993 0.0480451
0.75 1.0492 0.0491993 0.0480451
0.765625 1.0475 0.047497 0.0465882
0.765625 1.0475 0.047497 0.0465882
0.78125 1.04578 0.045776 0.0451339
0.78125 1.04578 0.045776 0.0451339
0.796875 1.04405 0.0440506 0.0436968
0.796875 1.04405 0.0440506 0.0436968
0.8125 1.04234 0.0423359 0.0422913
0.8125 1.04234 0.0423359 0.0422913
0.828125 1.04065 0.0406472 0.0409321
0.828125 1.04065 0.0406472 0.0409321
0.84375 1.039 0.0390006 0.0396335
0.84375 1.039 0.0390006 0.0396335
0.859375 1.03741 0.0374125 0.0384096
0.859375 1.03741 0.0374125 0.0384096
0.875 1.0359 0.0358999 0.0372737
0.875 1.0359 0.0358999 0.0372737
0.890625 1.03448 0.0344801 0.0362385
0.890625 1.03448 0.0344801 0.0362385
0.90625 1.03317 0.0331715 0.0353157
0.90625 1.03317 0.0331715 0.0353157
0.921875 1.03199 0.0319932 0.0345159
0.921875 1.03199 0.0319932 0.0345159
0.9375 1.03097 0.0309658 0.0338483
0.9375 1.03097 0.0309658 0.0338483
0.953125 1.03011 0.0301127 0.0333207
0.953125 1.03011 0.0301127 0.0333207
0.96875 1.02946 0.029462 0.0329393
0.96875 1.02946 0.029462 0.0329393
0.984375 1.02905 0.0290508 0.0327086
0.984375 1.02905 0.0290508 0.0327086
1 1 0 0.0326315
