# x y topography analytical topography
0 1 0 0.0244928
0.015625 1.0233 0.0232965 0.0246285
0.015625 1.0233 0.0232965 0.0246285
0.03125 1.02379 0.0237921 0.0250331
0.03125 1.02379 0.0237921 0.0250331
0.046875 1.02461 0.0246094 0.0256996
0.046875 1.02461 0.0246094 0.0256996
0.0625 1.02571 0.025707 0.0266163
0.0625 1.02571 0.025707 0.0266163
0.078125 1.02705 0.0270507 0.0277675
0.078125 1.02705 0.0270507 0.0277675
0.09375 1.02861 0.0286095 0.0291338
0.09375 1.02861 0.0286095 0.0291338
0.109375 1.03035 0.0303537 0.030693
0.109375 1.03035 0.0303537 0.030693
0.125 1.03225 0.032254 0.0324205
0.125 1.03225 0.032254 0.0324205
0.140625 1.03428 0.0342821 0.0342904
0.140625 1.03428 0.0342821 0.0342904
0.15625 1.03641 0.0364099 0.0362755
0.15625 1.03641 0.0364099 0.0362755
0.171875 1.03861 0.0386101 0.0383487
0.171875 1.03861 0.0386101 0.0383487
0.1875 1.04086 0.0408568 0.0404831
0.1875 1.04086 0.0408568 0.0404831
0.203125 1.04312 0.0431249 0.0426528
0.203125 1.04312 0.0431249 0.0426528
0.21875 1.04539 0.0453913 0.0448332
0.21875 1.04539 0.0453913 0.0448332
0.234375 1.04763 0.0476343 0.0470012
0.234375 1.04763 0.0476343 0.0470012
0.25 1.04983 0.0498341 0.0491355
0.25 1.04983 0.0498341 0.0491355
0.265625 1.05197 0.0519726 0.0512168
0.265625 1.05197 0.0519726 0.0512168
0.28125 1.05403 0.0540336 0.0532278
0.28125 1.05403 0.0540336 0.0532278
0.296875 1.056 0.0560029 0.0551531
0.296875 1.056 0.0560029 0.0551531
0.3125 1.05787 0.0578677 0.0569791
0.3125 1.05787 0.0578677 0.0569791
0.328125 1.05962 0.059617 0.0586942
0.328125 1.05962 0.059617 0.0586942
0.34375 1.06124 0.0612412 0.0602882
0.34375 1.06124 0.0612412 0.0602882
0.359375 1.06273 0.062732 0.0617523
0.359375 1.06273 0.062732 0.0617523
0.375 1.06408 0.0640824 0.0630794
0.375 1.06408 0.0640824 0.0630794
0.390625 1.06529 0.0652864 0.0642631
0.390625 1.06529 0.0652864 0.0642631
0.40625 1.06634 0.066339 0.0652984
0.40625 1.06634 0.066339 0.0652984
0.421875 1.06724 0.0672362 0.0661809
0.421875 1.06724 0.0672362 0.0661809
0.4375 1.06797 0.0679746 0.0669074
0.4375 1.06797 0.0679746 0.0669074
0.453125 1.06855 0.0685515 0.0674751
0.453125 1.06855 0.0685515 0.0674751
0.46875 1.06896 0.068965 0.067882
0.46875 1.06896 0.068965 0.067882
0.484375 1.06921 0.0692136 0.0681266
0.484375 1.06921 0.0692136 0.0681266
0.5 1.0693 0.0692966 0.0682083
0.5 1.0693 0.0692966 0.0682083
0.515625 1.06921 0.0692136 0.0681266
0.515625 1.06921 0.0692136 0.0681266
0.53125 1.06896 0.068965 0.067882
0.53125 1.06896 0.068965 0.067882
0.546875 1.06855 0.0685515 0.0674751
0.546875 1.06855 0.0685515 0.0674751
0.5625 1.06797 0.0679746 0.0669074
0.5625 1.06797 0.0679746 0.0669074
0.578125 1.06724 0.0672362 0.0661809
0.578125 1.06724 0.0672362 0.0661809
0.59375 1.06634 0.066339 0.0652984
0.59375 1.06634 0.066339 0.0652984
0.609375 1.06529 0.0652864 0.0642631
0.609375 1.06529 0.0652864 0.0642631
0.625 1.06408 0.0640824 0.0630794
0.625 1.06408 0.0640824 0.0630794
0.640625 1.06273 0.062732 0.0617523
0.640625 1.06273 0.062732 0.0617523
0.65625 1.06124 0.0612412 0.0602882
0.65625 1.06124 0.0612412 0.0602882
0.671875 1.05962 0.059617 0.0586942
0.671875 1.05962 0.059617 0.0586942
0.6875 1.05787 0.0578677 0.0569791
0.6875 1.05787 0.0578677 0.0569791
0.703125 1.056 0.0560029 0.0551531
0.703125 1.056 0.0560029 0.0551531
0.71875 1.05403 0.0540336 0.0532278
0.71875 1.05403 0.0540336 0.0532278
0.734375 1.05197 0.0519726 0.0512168
0.734375 1.05197 0.0519726 0.0512168
0.75 1.04983 0.0498341 0.0491355
0.75 1.04983 0.0498341 0.0491355
0.765625 1.04763 0.0476343 0.0470012
0.765625 1.04763 0.0476343 0.0470012
0.78125 1.04539 0.0453913 0.0448332
0.78125 1.04539 0.0453913 0.0448332
0.796875 1.04312 0.0431249 0.0426528
0.796875 1.04312 0.0431249 0.0426528
0.8125 1.04086 0.0408568 0.0404831
0.8125 1.04086 0.0408568 0.0404831
0.828125 1.03861 0.0386101 0.0383487
0.828125 1.03861 0.0386101 0.0383487
0.84375 1.03641 0.0364099 0.0362755
0.84375 1.03641 0.0364099 0.0362755
0.859375 1.03428 0.0342821 0.0342904
0.859375 1.03428 0.0342821 0.0342904
0.875 1.03225 0.032254 0.0324205
0.875 1.03225 0.032254 0.0324205
0.890625 1.03035 0.0303537 0.030693
0.890625 1.03035 0.0303537 0.030693
0.90625 1.02861 0.0286095 0.0291338
0.90625 1.02861 0.0286095 0.0291338
0.921875 1.02705 0.0270507 0.0277675
0.921875 1.02705 0.0270507 0.0277675
0.9375 1.02571 0.025707 0.0266163
0.9375 1.02571 0.025707 0.0266163
0.953125 1.02461 0.0246094 0.0256996
0.953125 1.02461 0.0246094 0.0256996
0.96875 1.02379 0.0237921 0.0250331
0.96875 1.02379 0.0237921 0.0250331
0.984375 1.0233 0.0232965 0.0246285
0.984375 1.0233 0.0232965 0.0246285
1 1 0 0.0244928
