# x y topography analytical topography
0 1 0 0.0353243
0.015625 1.03077 0.0307722 0.0353862
0.015625 1.03077 0.0307722 0.0353862
0.03125 1.03116 0.0311634 0.0355711
0.03125 1.03116 0.0311634 0.0355711
0.046875 1.03177 0.0317744 0.035877
0.046875 1.03177 0.0317744 0.035877
0.0625 1.03257 0.0325687 0.0363007
0.0625 1.03257 0.0325687 0.0363007
0.078125 1.03352 0.0335192 0.0368375
0.078125 1.03352 0.0335192 0.0368375
0.09375 1.0346 0.0346037 0.0374816
0.09375 1.0346 0.0346037 0.0374816
0.109375 1.0358 0.035803 0.0382262
0.109375 1.0358 0.035803 0.0382262
0.125 1.0371 0.0370995 0.0390631
0.125 1.0371 0.0370995 0.0390631
0.140625 1.03848 0.0384769 0.0399837
0.140625 1.03848 0.0384769 0.0399837
0.15625 1.03992 0.0399195 0.0409782
0.15625 1.03992 0.0399195 0.0409782
0.171875 1.04141 0.0414125 0.0420363
0.171875 1.04141 0.0414125 0.0420363
0.1875 1.04294 0.0429415 0.0431471
0.1875 1.04294 0.0429415 0.0431471
0.203125 1.04449 0.0444925 0.0442993
0.203125 1.04449 0.0444925 0.0442993
0.21875 1.04605 0.0460521 0.0454812
0.21875 1.04605 0.0460521 0.0454812
0.234375 1.04761 0.0476071 0.0466813
0.234375 1.04761 0.0476071 0.0466813
0.25 1.04915 0.0491451 0.0478875
0.25 1.04915 0.0491451 0.0478875
0.265625 1.05065 0.050654 0.0490884
0.265625 1.05065 0.050654 0.0490884
0.28125 1.05212 0.0521223 0.0502723
0.28125 1.05212 0.0521223 0.0502723
0.296875 1.05354 0.053539 0.0514282
0.296875 1.05354 0.053539 0.0514282
0.3125 1.05489 0.0548938 0.0525453
0.3125 1.05489 0.0548938 0.0525453
0.328125 1.05618 0.056177 0.0536134
0.328125 1.05618 0.056177 0.0536134
0.34375 1.05738 0.0573796 0.0546227
0.34375 1.05738 0.0573796 0.0546227
0.359375 1.05849 0.0584932 0.0555643
0.359375 1.05849 0.0584932 0.0555643
0.375 1.05951 0.0595103 0.0564298
0.375 1.05951 0.0595103 0.0564298
0.390625 1.06042 0.060424 0.0572118
0.390625 1.06042 0.060424 0.0572118
0.40625 1.06123 0.0612283 0.0579034
0.40625 1.06123 0.0612283 0.0579034
0.421875 1.06192 0.0619179 0.0584987
0.421875 1.06192 0.0619179 0.0584987
0.4375 1.06249 0.0624882 0.0589928
0.4375 1.06249 0.0624882 0.0589928
0.453125 1.06294 0.0629356 0.0593814
0.453125 1.06294 0.0629356 0.0593814
0.46875 1.06326 0.0632573 0.0596613
0.46875 1.06326 0.0632573 0.0596613
0.484375 1.06345 0.0634511 0.0598301
0.484375 1.06345 0.0634511 0.0598301
0.5 1.06352 0.0635158 0.0598866
0.5 1.06352 0.0635158 0.0598866
0.515625 1.06345 0.0634511 0.0598301
0.515625 1.06345 0.0634511 0.0598301
0.53125 1.06326 0.0632573 0.0596613
0.53125 1.06326 0.0632573 0.0596613
0.546875 1.06294 0.0629356 0.0593814
0.546875 1.06294 0.0629356 0.0593814
0.5625 1.06249 0.0624882 0.0589928
0.5625 1.06249 0.0624882 0.0589928
0.578125 1.06192 0.0619179 0.0584987
0.578125 1.06192 0.0619179 0.0584987
0.59375 1.06123 0.0612283 0.0579034
0.59375 1.06123 0.0612283 0.0579034
0.609375 1.06042 0.060424 0.0572118
0.609375 1.06042 0.060424 0.0572118
0.625 1.05951 0.0595103 0.0564298
0.625 1.05951 0.0595103 0.0564298
0.640625 1.05849 0.0584932 0.0555643
0.640625 1.05849 0.0584932 0.0555643
0.65625 1.05738 0.0573796 0.0546227
0.65625 1.05738 0.0573796 0.0546227
0.671875 1.05618 0.056177 0.0536134
0.671875 1.05618 0.056177 0.0536134
0.6875 1.05489 0.0548938 0.0525453
0.6875 1.05489 0.0548938 0.0525453
0.703125 1.05354 0.053539 0.0514282
0.703125 1.05354 0.053539 0.0514282
0.71875 1.05212 0.0521223 0.0502723
0.71875 1.05212 0.0521223 0.0502723
0.734375 1.05065 0.050654 0.0490884
0.734375 1.05065 0.050654 0.0490884
0.75 1.04915 0.0491451 0.0478875
0.75 1.04915 0.0491451 0.0478875
0.765625 1.04761 0.0476071 0.0466813
0.765625 1.04761 0.0476071 0.0466813
0.78125 1.04605 0.0460521 0.0454812
0.78125 1.04605 0.0460521 0.0454812
0.796875 1.04449 0.0444925 0.0442993
0.796875 1.04449 0.0444925 0.0442993
0.8125 1.04294 0.0429415 0.0431471
0.8125 1.04294 0.0429415 0.0431471
0.828125 1.04141 0.0414125 0.0420363
0.828125 1.04141 0.0414125 0.0420363
0.84375 1.03992 0.0399195 0.0409782
0.84375 1.03992 0.0399195 0.0409782
0.859375 1.03848 0.0384769 0.0399837
0.859375 1.03848 0.0384769 0.0399837
0.875 1.0371 0.0370995 0.0390631
0.875 1.0371 0.0370995 0.0390631
0.890625 1.0358 0.035803 0.0382262
0.890625 1.0358 0.035803 0.0382262
0.90625 1.0346 0.0346037 0.0374816
0.90625 1.0346 0.0346037 0.0374816
0.921875 1.03352 0.0335192 0.0368375
0.921875 1.03352 0.0335192 0.0368375
0.9375 1.03257 0.0325687 0.0363007
0.9375 1.03257 0.0325687 0.0363007
0.953125 1.03177 0.0317744 0.035877
0.953125 1.03177 0.0317744 0.035877
0.96875 1.03116 0.0311634 0.0355711
0.96875 1.03116 0.0311634 0.0355711
0.984375 1.03077 0.0307722 0.0353862
0.984375 1.03077 0.0307722 0.0353862
1 1 0 0.0353243
