# x y topography analytical topography
0 1 0 0.0353875
0.015625 1.03081 0.0308114 0.035449
0.015625 1.03081 0.0308114 0.035449
0.03125 1.0312 0.0312021 0.0356329
0.03125 1.0312 0.0312021 0.0356329
0.046875 1.03181 0.0318123 0.0359372
0.046875 1.03181 0.0318123 0.0359372
0.0625 1.03261 0.0326053 0.0363585
0.0625 1.03261 0.0326053 0.0363585
0.078125 1.03355 0.0335541 0.0368924
0.078125 1.03355 0.0335541 0.0368924
0.09375 1.03464 0.0346365 0.037533
0.09375 1.03464 0.0346365 0.037533
0.109375 1.03583 0.0358334 0.0382734
0.109375 1.03583 0.0358334 0.0382734
0.125 1.03713 0.0371272 0.0391059
0.125 1.03713 0.0371272 0.0391059
0.140625 1.0385 0.0385015 0.0400215
0.140625 1.0385 0.0385015 0.0400215
0.15625 1.03994 0.039941 0.0410107
0.15625 1.03994 0.039941 0.0410107
0.171875 1.04143 0.0414305 0.0420633
0.171875 1.04143 0.0414305 0.0420633
0.1875 1.04296 0.0429559 0.0431683
0.1875 1.04296 0.0429559 0.0431683
0.203125 1.0445 0.0445032 0.0443145
0.203125 1.0445 0.0445032 0.0443145
0.21875 1.04606 0.046059 0.0454905
0.21875 1.04606 0.046059 0.0454905
0.234375 1.04761 0.0476102 0.0466845
0.234375 1.04761 0.0476102 0.0466845
0.25 1.04914 0.0491445 0.0478848
0.25 1.04914 0.0491445 0.0478848
0.265625 1.05065 0.0506496 0.0490798
0.265625 1.05065 0.0506496 0.0490798
0.28125 1.05211 0.0521143 0.050258
0.28125 1.05211 0.0521143 0.050258
0.296875 1.05353 0.0535275 0.0514084
0.296875 1.05353 0.0535275 0.0514084
0.3125 1.05488 0.0548789 0.0525203
0.3125 1.05488 0.0548789 0.0525203
0.328125 1.05616 0.0561589 0.0535834
0.328125 1.05616 0.0561589 0.0535834
0.34375 1.05736 0.0573585 0.0545881
0.34375 1.05736 0.0573585 0.0545881
0.359375 1.05847 0.0584694 0.0555254
0.359375 1.05847 0.0584694 0.0555254
0.375 1.05948 0.059484 0.0563871
0.375 1.05948 0.059484 0.0563871
0.390625 1.0604 0.0603955 0.0571656
0.390625 1.0604 0.0603955 0.0571656
0.40625 1.0612 0.0611978 0.0578542
0.40625 1.0612 0.0611978 0.0578542
0.421875 1.06189 0.0618857 0.0584469
0.421875 1.06189 0.0618857 0.0584469
0.4375 1.06245 0.0624546 0.0589389
0.4375 1.06245 0.0624546 0.0589389
0.453125 1.0629 0.062901 0.0593258
0.453125 1.0629 0.062901 0.0593258
0.46875 1.06322 0.0632218 0.0596045
0.46875 1.06322 0.0632218 0.0596045
0.484375 1.06342 0.0634152 0.0597727
0.484375 1.06342 0.0634152 0.0597727
0.5 1.06348 0.0634798 0.0598289
0.5 1.06348 0.0634798 0.0598289
0.515625 1.06342 0.0634152 0.0597727
0.515625 1.06342 0.0634152 0.0597727
0.53125 1.06322 0.0632218 0.0596045
0.53125 1.06322 0.0632218 0.0596045
0.546875 1.0629 0.062901 0.0593258
0.546875 1.0629 0.062901 0.0593258
0.5625 1.06245 0.0624546 0.0589389
0.5625 1.06245 0.0624546 0.0589389
0.578125 1.06189 0.0618857 0.0584469
0.578125 1.06189 0.0618857 0.0584469
0.59375 1.0612 0.0611978 0.0578542
0.59375 1.0612 0.0611978 0.0578542
0.609375 1.0604 0.0603955 0.0571656
0.609375 1.0604 0.0603955 0.0571656
0.625 1.05948 0.059484 0.0563871
0.625 1.05948 0.059484 0.0563871
0.640625 1.05847 0.0584694 0.0555254
0.640625 1.05847 0.0584694 0.0555254
0.65625 1.05736 0.0573585 0.0545881
0.65625 1.05736 0.0573585 0.0545881
0.671875 1.05616 0.0561589 0.0535834
0.671875 1.05616 0.0561589 0.0535834
0.6875 1.05488 0.0548789 0.0525203
0.6875 1.05488 0.0548789 0.0525203
0.703125 1.05353 0.0535275 0.0514084
0.703125 1.05353 0.0535275 0.0514084
0.71875 1.05211 0.0521143 0.050258
0.71875 1.05211 0.0521143 0.050258
0.734375 1.05065 0.0506496 0.0490798
0.734375 1.05065 0.0506496 0.0490798
0.75 1.04914 0.0491445 0.0478848
0.75 1.04914 0.0491445 0.0478848
0.765625 1.04761 0.0476102 0.0466845
0.765625 1.04761 0.0476102 0.0466845
0.78125 1.04606 0.046059 0.0454905
0.78125 1.04606 0.046059 0.0454905
0.796875 1.0445 0.0445032 0.0443145
0.796875 1.0445 0.0445032 0.0443145
0.8125 1.04296 0.0429559 0.0431683
0.8125 1.04296 0.0429559 0.0431683
0.828125 1.04143 0.0414305 0.0420633
0.828125 1.04143 0.0414305 0.0420633
0.84375 1.03994 0.039941 0.0410107
0.84375 1.03994 0.039941 0.0410107
0.859375 1.0385 0.0385015 0.0400215
0.859375 1.0385 0.0385015 0.0400215
0.875 1.03713 0.0371272 0.0391059
0.875 1.03713 0.0371272 0.0391059
0.890625 1.03583 0.0358334 0.0382734
0.890625 1.03583 0.0358334 0.0382734
0.90625 1.03464 0.0346365 0.037533
0.90625 1.03464 0.0346365 0.037533
0.921875 1.03355 0.0335541 0.0368924
0.921875 1.03355 0.0335541 0.0368924
0.9375 1.03261 0.0326053 0.0363585
0.9375 1.03261 0.0326053 0.0363585
0.953125 1.03181 0.0318123 0.0359372
0.953125 1.03181 0.0318123 0.0359372
0.96875 1.0312 0.0312021 0.0356329
0.96875 1.0312 0.0312021 0.0356329
0.984375 1.03081 0.0308114 0.035449
0.984375 1.03081 0.0308114 0.035449
1 1 0 0.0353875
