# x y topography analytical topography
0 1 0 0.0313006
0.015625 1.02816 0.0281639 0.0313859
0.015625 1.02816 0.0281639 0.0313859
0.03125 1.02859 0.0285861 0.0316408
0.03125 1.02859 0.0285861 0.0316408
0.046875 1.02926 0.0292587 0.032062
0.046875 1.02926 0.0292587 0.032062
0.0625 1.03014 0.0301441 0.0326443
0.0625 1.03014 0.0301441 0.0326443
0.078125 1.03121 0.0312135 0.0333806
0.078125 1.03121 0.0312135 0.0333806
0.09375 1.03244 0.032443 0.0342619
0.09375 1.03244 0.032443 0.0342619
0.109375 1.03381 0.033811 0.0352774
0.109375 1.03381 0.033811 0.0352774
0.125 1.0353 0.0352973 0.0364151
0.125 1.0353 0.0352973 0.0364151
0.140625 1.03688 0.0368825 0.0376617
0.140625 1.03688 0.0368825 0.0376617
0.15625 1.03855 0.0385481 0.0390026
0.15625 1.03855 0.0385481 0.0390026
0.171875 1.04028 0.0402759 0.0404229
0.171875 1.04028 0.0402759 0.0404229
0.1875 1.04205 0.0420482 0.0419067
0.1875 1.04205 0.0420482 0.0419067
0.203125 1.04385 0.043848 0.0434379
0.203125 1.04385 0.043848 0.0434379
0.21875 1.04566 0.0456587 0.0450006
0.21875 1.04566 0.0456587 0.0450006
0.234375 1.04746 0.0474642 0.0465785
0.234375 1.04746 0.0474642 0.0465785
0.25 1.04925 0.0492492 0.048156
0.25 1.04925 0.0492492 0.048156
0.265625 1.051 0.0509992 0.0497177
0.265625 1.051 0.0509992 0.0497177
0.28125 1.0527 0.0527003 0.0512491
0.28125 1.0527 0.0527003 0.0512491
0.296875 1.05434 0.0543397 0.052736
0.296875 1.05434 0.0543397 0.052736
0.3125 1.05591 0.0559051 0.0541655
0.3125 1.05591 0.0559051 0.0541655
0.328125 1.05739 0.0573855 0.0555252
0.328125 1.05739 0.0573855 0.0555252
0.34375 1.05877 0.0587707 0.0568038
0.34375 1.05877 0.0587707 0.0568038
0.359375 1.06005 0.0600512 0.0579911
0.359375 1.06005 0.0600512 0.0579911
0.375 1.06122 0.0612189 0.0590779
0.375 1.06122 0.0612189 0.0590779
0.390625 1.06227 0.0622663 0.0600558
0.390625 1.06227 0.0622663 0.0600558
0.40625 1.06319 0.0631869 0.0609177
0.40625 1.06319 0.0631869 0.0609177
0.421875 1.06398 0.0639751 0.0616573
0.421875 1.06398 0.0639751 0.0616573
0.4375 1.06463 0.0646263 0.0622695
0.4375 1.06463 0.0646263 0.0622695
0.453125 1.06514 0.0651367 0.0627499
0.453125 1.06514 0.0651367 0.0627499
0.46875 1.0655 0.0655033 0.0630955
0.46875 1.0655 0.0655033 0.0630955
0.484375 1.06572 0.0657241 0.0633037
0.484375 1.06572 0.0657241 0.0633037
0.5 1.0658 0.0657979 0.0633733
0.5 1.0658 0.0657979 0.0633733
0.515625 1.06572 0.0657241 0.0633037
0.515625 1.06572 0.0657241 0.0633037
0.53125 1.0655 0.0655033 0.0630955
0.53125 1.0655 0.0655033 0.0630955
0.546875 1.06514 0.0651367 0.0627499
0.546875 1.06514 0.0651367 0.0627499
0.5625 1.06463 0.0646263 0.0622695
0.5625 1.06463 0.0646263 0.0622695
0.578125 1.06398 0.0639751 0.0616573
0.578125 1.06398 0.0639751 0.0616573
0.59375 1.06319 0.0631869 0.0609177
0.59375 1.06319 0.0631869 0.0609177
0.609375 1.06227 0.0622663 0.0600558
0.609375 1.06227 0.0622663 0.0600558
0.625 1.06122 0.0612189 0.0590779
0.625 1.06122 0.0612189 0.0590779
0.640625 1.06005 0.0600512 0.0579911
0.640625 1.06005 0.0600512 0.0579911
0.65625 1.05877 0.0587707 0.0568038
0.65625 1.05877 0.0587707 0.0568038
0.671875 1.05739 0.0573855 0.0555252
0.671875 1.05739 0.0573855 0.0555252
0.6875 1.05591 0.0559051 0.0541655
0.6875 1.05591 0.0559051 0.0541655
0.703125 1.05434 0.0543397 0.052736
0.703125 1.05434 0.0543397 0.052736
0.71875 1.0527 0.0527003 0.0512491
0.71875 1.0527 0.0527003 0.0512491
0.734375 1.051 0.0509992 0.0497177
0.734375 1.051 0.0509992 0.0497177
0.75 1.04925 0.0492492 0.048156
0.75 1.04925 0.0492492 0.048156
0.765625 1.04746 0.0474642 0.0465785
0.765625 1.04746 0.0474642 0.0465785
0.78125 1.04566 0.0456587 0.0450006
0.78125 1.04566 0.0456587 0.0450006
0.796875 1.04385 0.043848 0.0434379
0.796875 1.04385 0.043848 0.0434379
0.8125 1.04205 0.0420482 0.0419067
0.8125 1.04205 0.0420482 0.0419067
0.828125 1.04028 0.0402759 0.0404229
0.828125 1.04028 0.0402759 0.0404229
0.84375 1.03855 0.0385481 0.0390026
0.84375 1.03855 0.0385481 0.0390026
0.859375 1.03688 0.0368825 0.0376617
0.859375 1.03688 0.0368825 0.0376617
0.875 1.0353 0.0352973 0.0364151
0.875 1.0353 0.0352973 0.0364151
0.890625 1.03381 0.033811 0.0352774
0.890625 1.03381 0.033811 0.0352774
0.90625 1.03244 0.032443 0.0342619
0.90625 1.03244 0.032443 0.0342619
0.921875 1.03121 0.0312135 0.0333806
0.921875 1.03121 0.0312135 0.0333806
0.9375 1.03014 0.0301441 0.0326443
0.9375 1.03014 0.0301441 0.0326443
0.953125 1.02926 0.0292587 0.032062
0.953125 1.02926 0.0292587 0.032062
0.96875 1.02859 0.0285861 0.0316408
0.96875 1.02859 0.0285861 0.0316408
0.984375 1.02816 0.0281639 0.0313859
0.984375 1.02816 0.0281639 0.0313859
1 1 0 0.0313006
