# x y topography analytical topography
0 1 0 0.024353
0.015625 1.02319 0.0231912 0.0244899
0.015625 1.02319 0.0231912 0.0244899
0.03125 1.02369 0.0236886 0.0248983
0.03125 1.02369 0.0236886 0.0248983
0.046875 1.02451 0.0245098 0.0255708
0.046875 1.02451 0.0245098 0.0255708
0.0625 1.02561 0.0256128 0.0264957
0.0625 1.02561 0.0256128 0.0264957
0.078125 1.02696 0.0269635 0.0276568
0.078125 1.02696 0.0269635 0.0276568
0.09375 1.02853 0.0285305 0.0290346
0.09375 1.02853 0.0285305 0.0290346
0.109375 1.03028 0.030284 0.0306065
0.109375 1.03028 0.030284 0.0306065
0.125 1.03219 0.0321944 0.0323475
0.125 1.03219 0.0321944 0.0323475
0.140625 1.03423 0.034233 0.0342313
0.140625 1.03423 0.034233 0.0342313
0.15625 1.03637 0.0363714 0.0362304
0.15625 1.03637 0.0363714 0.0362304
0.171875 1.03858 0.0385824 0.0383175
0.171875 1.03858 0.0385824 0.0383175
0.1875 1.04084 0.0408394 0.0404653
0.1875 1.04084 0.0408394 0.0404653
0.203125 1.04312 0.0431175 0.0426477
0.203125 1.04312 0.0431175 0.0426477
0.21875 1.04539 0.0453933 0.0448399
0.21875 1.04539 0.0453933 0.0448399
0.234375 1.04764 0.0476449 0.0470188
0.234375 1.04764 0.0476449 0.0470188
0.25 1.04985 0.0498526 0.049163
0.25 1.04985 0.0498526 0.049163
0.265625 1.052 0.0519982 0.0512531
0.265625 1.052 0.0519982 0.0512531
0.28125 1.05407 0.0540656 0.053272
0.28125 1.05407 0.0540656 0.053272
0.296875 1.05604 0.0560405 0.0552042
0.296875 1.05604 0.0560405 0.0552042
0.3125 1.05791 0.0579102 0.0570362
0.3125 1.05791 0.0579102 0.0570362
0.328125 1.05966 0.0596637 0.0587565
0.328125 1.05966 0.0596637 0.0587565
0.34375 1.06129 0.0612914 0.0603548
0.34375 1.06129 0.0612914 0.0603548
0.359375 1.06279 0.0627853 0.0618228
0.359375 1.06279 0.0627853 0.0618228
0.375 1.06414 0.0641382 0.0631529
0.375 1.06414 0.0641382 0.0631529
0.390625 1.06534 0.0653443 0.0643393
0.390625 1.06534 0.0653443 0.0643393
0.40625 1.0664 0.0663988 0.0653767
0.40625 1.0664 0.0663988 0.0653767
0.421875 1.0673 0.0672973 0.066261
0.421875 1.0673 0.0672973 0.066261
0.4375 1.06804 0.0680368 0.0669888
0.4375 1.06804 0.0680368 0.0669888
0.453125 1.06861 0.0686146 0.0675575
0.453125 1.06861 0.0686146 0.0675575
0.46875 1.06903 0.0690286 0.0679651
0.46875 1.06903 0.0690286 0.0679651
0.484375 1.06928 0.0692776 0.0682102
0.484375 1.06928 0.0692776 0.0682102
0.5 1.06936 0.0693607 0.068292
0.5 1.06936 0.0693607 0.068292
0.515625 1.06928 0.0692776 0.0682102
0.515625 1.06928 0.0692776 0.0682102
0.53125 1.06903 0.0690286 0.0679651
0.53125 1.06903 0.0690286 0.0679651
0.546875 1.06861 0.0686146 0.0675575
0.546875 1.06861 0.0686146 0.0675575
0.5625 1.06804 0.0680368 0.0669888
0.5625 1.06804 0.0680368 0.0669888
0.578125 1.0673 0.0672973 0.066261
0.578125 1.0673 0.0672973 0.066261
0.59375 1.0664 0.0663988 0.0653767
0.59375 1.0664 0.0663988 0.0653767
0.609375 1.06534 0.0653443 0.0643393
0.609375 1.06534 0.0653443 0.0643393
0.625 1.06414 0.0641382 0.0631529
0.625 1.06414 0.0641382 0.0631529
0.640625 1.06279 0.0627853 0.0618228
0.640625 1.06279 0.0627853 0.0618228
0.65625 1.06129 0.0612914 0.0603548
0.65625 1.06129 0.0612914 0.0603548
0.671875 1.05966 0.0596637 0.0587565
0.671875 1.05966 0.0596637 0.0587565
0.6875 1.05791 0.0579102 0.0570362
0.6875 1.05791 0.0579102 0.0570362
0.703125 1.05604 0.0560405 0.0552042
0.703125 1.05604 0.0560405 0.0552042
0.71875 1.05407 0.0540656 0.053272
0.71875 1.05407 0.0540656 0.053272
0.734375 1.052 0.0519982 0.0512531
0.734375 1.052 0.0519982 0.0512531
0.75 1.04985 0.0498526 0.049163
0.75 1.04985 0.0498526 0.049163
0.765625 1.04764 0.0476449 0.0470188
0.765625 1.04764 0.0476449 0.0470188
0.78125 1.04539 0.0453933 0.0448399
0.78125 1.04539 0.0453933 0.0448399
0.796875 1.04312 0.0431175 0.0426477
0.796875 1.04312 0.0431175 0.0426477
0.8125 1.04084 0.0408394 0.0404653
0.8125 1.04084 0.0408394 0.0404653
0.828125 1.03858 0.0385824 0.0383175
0.828125 1.03858 0.0385824 0.0383175
0.84375 1.03637 0.0363714 0.0362304
0.84375 1.03637 0.0363714 0.0362304
0.859375 1.03423 0.034233 0.0342313
0.859375 1.03423 0.034233 0.0342313
0.875 1.03219 0.0321944 0.0323475
0.875 1.03219 0.0321944 0.0323475
0.890625 1.03028 0.030284 0.0306065
0.890625 1.03028 0.030284 0.0306065
0.90625 1.02853 0.0285305 0.0290346
0.90625 1.02853 0.0285305 0.0290346
0.921875 1.02696 0.0269635 0.0276568
0.921875 1.02696 0.0269635 0.0276568
0.9375 1.02561 0.0256128 0.0264957
0.9375 1.02561 0.0256128 0.0264957
0.953125 1.02451 0.0245098 0.0255708
0.953125 1.02451 0.0245098 0.0255708
0.96875 1.02369 0.0236886 0.0248983
0.96875 1.02369 0.0236886 0.0248983
0.984375 1.02319 0.0231912 0.0244899
0.984375 1.02319 0.0231912 0.0244899
1 1 0 0.024353
