# x y topography analytical topography
0 1 0 0.0328667
0.015625 1.02921 0.0292051 0.0329425
0.015625 1.02921 0.0292051 0.0329425
0.03125 1.02961 0.0296144 0.033169
0.03125 1.02961 0.0296144 0.033169
0.046875 1.03026 0.0302615 0.0335435
0.046875 1.03026 0.0302615 0.0335435
0.0625 1.03111 0.0311091 0.0340617
0.0625 1.03111 0.0311091 0.0340617
0.078125 1.03213 0.0321293 0.0347174
0.078125 1.03213 0.0321293 0.0347174
0.09375 1.0333 0.033299 0.0355032
0.09375 1.0333 0.033299 0.0355032
0.109375 1.0346 0.0345975 0.0364099
0.109375 1.0346 0.0345975 0.0364099
0.125 1.03601 0.0360059 0.0374273
0.125 1.03601 0.0360059 0.0374273
0.140625 1.03751 0.0375061 0.038544
0.140625 1.03751 0.0375061 0.038544
0.15625 1.03908 0.0390809 0.0397475
0.15625 1.03908 0.0390809 0.0397475
0.171875 1.04071 0.0407136 0.0410248
0.171875 1.04071 0.0407136 0.0410248
0.1875 1.04239 0.0423878 0.0423621
0.1875 1.04239 0.0423878 0.0423621
0.203125 1.04409 0.0440878 0.0437454
0.203125 1.04409 0.0440878 0.0437454
0.21875 1.0458 0.0457983 0.0451603
0.21875 1.0458 0.0457983 0.0451603
0.234375 1.0475 0.0475045 0.0465926
0.234375 1.0475 0.0475045 0.0465926
0.25 1.04919 0.0491922 0.0480279
0.25 1.04919 0.0491922 0.0480279
0.265625 1.05085 0.0508479 0.0494525
0.265625 1.05085 0.0508479 0.0494525
0.28125 1.05246 0.0524586 0.0508527
0.28125 1.05246 0.0524586 0.0508527
0.296875 1.05401 0.054012 0.0522156
0.296875 1.05401 0.054012 0.0522156
0.3125 1.0555 0.0554968 0.0535289
0.3125 1.0555 0.0554968 0.0535289
0.328125 1.0569 0.0569022 0.0547809
0.328125 1.0569 0.0569022 0.0547809
0.34375 1.05822 0.0582184 0.0559609
0.34375 1.05822 0.0582184 0.0559609
0.359375 1.05944 0.0594363 0.0570588
0.359375 1.05944 0.0594363 0.0570588
0.375 1.06055 0.0605479 0.0580656
0.375 1.06055 0.0605479 0.0580656
0.390625 1.06155 0.0615458 0.0589732
0.390625 1.06155 0.0615458 0.0589732
0.40625 1.06242 0.0624236 0.0597744
0.40625 1.06242 0.0624236 0.0597744
0.421875 1.06318 0.0631757 0.0604628
0.421875 1.06318 0.0631757 0.0604628
0.4375 1.0638 0.0637974 0.0610333
0.4375 1.0638 0.0637974 0.0610333
0.453125 1.06428 0.064285 0.0614814
0.453125 1.06428 0.064285 0.0614814
0.46875 1.06464 0.0646353 0.0618039
0.46875 1.06464 0.0646353 0.0618039
0.484375 1.06485 0.0648464 0.0619984
0.484375 1.06485 0.0648464 0.0619984
0.5 1.06492 0.0649169 0.0620634
0.5 1.06492 0.0649169 0.0620634
0.515625 1.06485 0.0648464 0.0619984
0.515625 1.06485 0.0648464 0.0619984
0.53125 1.06464 0.0646353 0.0618039
0.53125 1.06464 0.0646353 0.0618039
0.546875 1.06428 0.064285 0.0614814
0.546875 1.06428 0.064285 0.0614814
0.5625 1.0638 0.0637974 0.0610333
0.5625 1.0638 0.0637974 0.0610333
0.578125 1.06318 0.0631757 0.0604628
0.578125 1.06318 0.0631757 0.0604628
0.59375 1.06242 0.0624236 0.0597744
0.59375 1.06242 0.0624236 0.0597744
0.609375 1.06155 0.0615458 0.0589732
0.609375 1.06155 0.0615458 0.0589732
0.625 1.06055 0.0605479 0.0580656
0.625 1.06055 0.0605479 0.0580656
0.640625 1.05944 0.0594363 0.0570588
0.640625 1.05944 0.0594363 0.0570588
0.65625 1.05822 0.0582184 0.0559609
0.65625 1.05822 0.0582184 0.0559609
0.671875 1.0569 0.0569022 0.0547809
0.671875 1.0569 0.0569022 0.0547809
0.6875 1.0555 0.0554968 0.0535289
0.6875 1.0555 0.0554968 0.0535289
0.703125 1.05401 0.054012 0.0522156
0.703125 1.05401 0.054012 0.0522156
0.71875 1.05246 0.0524586 0.0508527
0.71875 1.05246 0.0524586 0.0508527
0.734375 1.05085 0.0508479 0.0494525
0.734375 1.05085 0.0508479 0.0494525
0.75 1.04919 0.0491922 0.0480279
0.75 1.04919 0.0491922 0.0480279
0.765625 1.0475 0.0475045 0.0465926
0.765625 1.0475 0.0475045 0.0465926
0.78125 1.0458 0.0457983 0.0451603
0.78125 1.0458 0.0457983 0.0451603
0.796875 1.04409 0.0440878 0.0437454
0.796875 1.04409 0.0440878 0.0437454
0.8125 1.04239 0.0423878 0.0423621
0.8125 1.04239 0.0423878 0.0423621
0.828125 1.04071 0.0407136 0.0410248
0.828125 1.04071 0.0407136 0.0410248
0.84375 1.03908 0.0390809 0.0397475
0.84375 1.03908 0.0390809 0.0397475
0.859375 1.03751 0.0375061 0.038544
0.859375 1.03751 0.0375061 0.038544
0.875 1.03601 0.0360059 0.0374273
0.875 1.03601 0.0360059 0.0374273
0.890625 1.0346 0.0345975 0.0364099
0.890625 1.0346 0.0345975 0.0364099
0.90625 1.0333 0.033299 0.0355032
0.90625 1.0333 0.033299 0.0355032
0.921875 1.03213 0.0321293 0.0347174
0.921875 1.03213 0.0321293 0.0347174
0.9375 1.03111 0.0311091 0.0340617
0.9375 1.03111 0.0311091 0.0340617
0.953125 1.03026 0.0302615 0.0335435
0.953125 1.03026 0.0302615 0.0335435
0.96875 1.02961 0.0296144 0.033169
0.96875 1.02961 0.0296144 0.033169
0.984375 1.02921 0.0292051 0.0329425
0.984375 1.02921 0.0292051 0.0329425
1 1 0 0.0328667
