# x y topography analytical topography
0 1 0 0.0225669
0.015625 1.02183 0.0218276 0.0227209
0.015625 1.02183 0.0218276 0.0227209
0.03125 1.02235 0.0223514 0.0231797
0.03125 1.02235 0.0223514 0.0231797
0.046875 1.02322 0.0232242 0.0239341
0.046875 1.02322 0.0232242 0.0239341
0.0625 1.0244 0.0244021 0.0249692
0.0625 1.0244 0.0244021 0.0249692
0.078125 1.02585 0.0258482 0.026265
0.078125 1.02585 0.0258482 0.026265
0.09375 1.02753 0.0275277 0.027797
0.09375 1.02753 0.0275277 0.027797
0.109375 1.02941 0.0294068 0.0295375
0.109375 1.02941 0.0294068 0.0295375
0.125 1.03145 0.031452 0.0314564
0.125 1.03145 0.031452 0.0314564
0.140625 1.03363 0.0336303 0.0335222
0.140625 1.03363 0.0336303 0.0335222
0.15625 1.03591 0.0359099 0.0357028
0.15625 1.03591 0.0359099 0.0357028
0.171875 1.03826 0.0382597 0.0379667
0.171875 1.03826 0.0382597 0.0379667
0.1875 1.04065 0.0406505 0.0402834
0.1875 1.04065 0.0406505 0.0402834
0.203125 1.04306 0.0430551 0.0426241
0.203125 1.04306 0.0430551 0.0426241
0.21875 1.04545 0.0454484 0.0449623
0.21875 1.04545 0.0454484 0.0449623
0.234375 1.04781 0.0478074 0.0472737
0.234375 1.04781 0.0478074 0.0472737
0.25 1.05011 0.0501118 0.0495366
0.25 1.05011 0.0501118 0.0495366
0.265625 1.05234 0.0523433 0.0517318
0.265625 1.05234 0.0523433 0.0517318
0.28125 1.05449 0.0544863 0.0538426
0.28125 1.05449 0.0544863 0.0538426
0.296875 1.05653 0.0565268 0.0558544
0.296875 1.05653 0.0565268 0.0558544
0.3125 1.05845 0.058453 0.0577549
0.3125 1.05845 0.058453 0.0577549
0.328125 1.06025 0.0602548 0.0595335
0.328125 1.06025 0.0602548 0.0595335
0.34375 1.06192 0.0619235 0.0611814
0.34375 1.06192 0.0619235 0.0611814
0.359375 1.06345 0.0634518 0.0626909
0.359375 1.06345 0.0634518 0.0626909
0.375 1.06483 0.0648335 0.0640559
0.375 1.06483 0.0648335 0.0640559
0.390625 1.06606 0.0660634 0.0652711
0.390625 1.06606 0.0660634 0.0652711
0.40625 1.06714 0.0671373 0.0663322
0.40625 1.06714 0.0671373 0.0663322
0.421875 1.06805 0.0680516 0.0672356
0.421875 1.06805 0.0680516 0.0672356
0.4375 1.0688 0.0688033 0.0679784
0.4375 1.0688 0.0688033 0.0679784
0.453125 1.06939 0.0693903 0.0685584
0.453125 1.06939 0.0693903 0.0685584
0.46875 1.06981 0.0698108 0.0689739
0.46875 1.06981 0.0698108 0.0689739
0.484375 1.07006 0.0700636 0.0692237
0.484375 1.07006 0.0700636 0.0692237
0.5 1.07015 0.0701479 0.069307
0.5 1.07015 0.0701479 0.069307
0.515625 1.07006 0.0700636 0.0692237
0.515625 1.07006 0.0700636 0.0692237
0.53125 1.06981 0.0698108 0.0689739
0.53125 1.06981 0.0698108 0.0689739
0.546875 1.06939 0.0693903 0.0685584
0.546875 1.06939 0.0693903 0.0685584
0.5625 1.0688 0.0688033 0.0679784
0.5625 1.0688 0.0688033 0.0679784
0.578125 1.06805 0.0680516 0.0672356
0.578125 1.06805 0.0680516 0.0672356
0.59375 1.06714 0.0671373 0.0663322
0.59375 1.06714 0.0671373 0.0663322
0.609375 1.06606 0.0660634 0.0652711
0.609375 1.06606 0.0660634 0.0652711
0.625 1.06483 0.0648335 0.0640559
0.625 1.06483 0.0648335 0.0640559
0.640625 1.06345 0.0634518 0.0626909
0.640625 1.06345 0.0634518 0.0626909
0.65625 1.06192 0.0619235 0.0611814
0.65625 1.06192 0.0619235 0.0611814
0.671875 1.06025 0.0602548 0.0595335
0.671875 1.06025 0.0602548 0.0595335
0.6875 1.05845 0.058453 0.0577549
0.6875 1.05845 0.058453 0.0577549
0.703125 1.05653 0.0565268 0.0558544
0.703125 1.05653 0.0565268 0.0558544
0.71875 1.05449 0.0544863 0.0538426
0.71875 1.05449 0.0544863 0.0538426
0.734375 1.05234 0.0523433 0.0517318
0.734375 1.05234 0.0523433 0.0517318
0.75 1.05011 0.0501118 0.0495366
0.75 1.05011 0.0501118 0.0495366
0.765625 1.04781 0.0478074 0.0472737
0.765625 1.04781 0.0478074 0.0472737
0.78125 1.04545 0.0454484 0.0449623
0.78125 1.04545 0.0454484 0.0449623
0.796875 1.04306 0.0430551 0.0426241
0.796875 1.04306 0.0430551 0.0426241
0.8125 1.04065 0.0406505 0.0402834
0.8125 1.04065 0.0406505 0.0402834
0.828125 1.03826 0.0382597 0.0379667
0.828125 1.03826 0.0382597 0.0379667
0.84375 1.03591 0.0359099 0.0357028
0.84375 1.03591 0.0359099 0.0357028
0.859375 1.03363 0.0336303 0.0335222
0.859375 1.03363 0.0336303 0.0335222
0.875 1.03145 0.031452 0.0314564
0.875 1.03145 0.031452 0.0314564
0.890625 1.02941 0.0294068 0.0295375
0.890625 1.02941 0.0294068 0.0295375
0.90625 1.02753 0.0275277 0.027797
0.90625 1.02753 0.0275277 0.027797
0.921875 1.02585 0.0258482 0.026265
0.921875 1.02585 0.0258482 0.026265
0.9375 1.0244 0.0244021 0.0249692
0.9375 1.0244 0.0244021 0.0249692
0.953125 1.02322 0.0232242 0.0239341
0.953125 1.02322 0.0232242 0.0239341
0.96875 1.02235 0.0223514 0.0231797
0.96875 1.02235 0.0223514 0.0231797
0.984375 1.02183 0.0218276 0.0227209
0.984375 1.02183 0.0218276 0.0227209
1 1 0 0.0225669
