# x y topography
0 1 0
0.015625 1.01726 0.0172633
0.015625 1.01726 0.0172633
0.03125 1.01791 0.0179064
0.03125 1.01791 0.0179064
0.046875 1.01901 0.0190105
0.046875 1.01901 0.0190105
0.0625 1.02052 0.0205183
0.0625 1.02052 0.0205183
0.078125 1.02237 0.0223738
0.078125 1.02237 0.0223738
0.09375 1.02452 0.0245207
0.09375 1.02452 0.0245207
0.109375 1.0269 0.026902
0.109375 1.0269 0.026902
0.125 1.02946 0.0294622
0.125 1.02946 0.0294622
0.140625 1.03215 0.0321489
0.140625 1.03215 0.0321489
0.15625 1.03491 0.0349138
0.15625 1.03491 0.0349138
0.171875 1.03771 0.0377142
0.171875 1.03771 0.0377142
0.1875 1.04051 0.0405132
0.1875 1.04051 0.0405132
0.203125 1.04328 0.0432797
0.203125 1.04328 0.0432797
0.21875 1.04599 0.045988
0.21875 1.04599 0.045988
0.234375 1.04862 0.0486173
0.234375 1.04862 0.0486173
0.25 1.05115 0.0511508
0.25 1.05115 0.0511508
0.265625 1.05357 0.0535749
0.265625 1.05357 0.0535749
0.28125 1.05588 0.0558788
0.28125 1.05588 0.0558788
0.296875 1.05805 0.0580535
0.296875 1.05805 0.0580535
0.3125 1.06009 0.0600916
0.3125 1.06009 0.0600916
0.328125 1.06199 0.0619869
0.328125 1.06199 0.0619869
0.34375 1.06373 0.0637339
0.34375 1.06373 0.0637339
0.359375 1.06533 0.065328
0.359375 1.06533 0.065328
0.375 1.06677 0.066765
0.375 1.06677 0.066765
0.390625 1.06804 0.0680414
0.390625 1.06804 0.0680414
0.40625 1.06915 0.069154
0.40625 1.06915 0.069154
0.421875 1.0701 0.0700999
0.421875 1.0701 0.0700999
0.4375 1.07088 0.0708771
0.4375 1.07088 0.0708771
0.453125 1.07148 0.0714835
0.453125 1.07148 0.0714835
0.46875 1.07192 0.0719176
0.46875 1.07192 0.0719176
0.484375 1.07218 0.0721786
0.484375 1.07218 0.0721786
0.5 1.07227 0.0722656
0.5 1.07227 0.0722656
0.515625 1.07218 0.0721786
0.515625 1.07218 0.0721786
0.53125 1.07192 0.0719176
0.53125 1.07192 0.0719176
0.546875 1.07148 0.0714835
0.546875 1.07148 0.0714835
0.5625 1.07088 0.0708771
0.5625 1.07088 0.0708771
0.578125 1.0701 0.0700999
0.578125 1.0701 0.0700999
0.59375 1.06915 0.069154
0.59375 1.06915 0.069154
0.609375 1.06804 0.0680414
0.609375 1.06804 0.0680414
0.625 1.06677 0.066765
0.625 1.06677 0.066765
0.640625 1.06533 0.065328
0.640625 1.06533 0.065328
0.65625 1.06373 0.0637339
0.65625 1.06373 0.0637339
0.671875 1.06199 0.0619869
0.671875 1.06199 0.0619869
0.6875 1.06009 0.0600916
0.6875 1.06009 0.0600916
0.703125 1.05805 0.0580535
0.703125 1.05805 0.0580535
0.71875 1.05588 0.0558788
0.71875 1.05588 0.0558788
0.734375 1.05357 0.0535749
0.734375 1.05357 0.0535749
0.75 1.05115 0.0511508
0.75 1.05115 0.0511508
0.765625 1.04862 0.0486173
0.765625 1.04862 0.0486173
0.78125 1.04599 0.045988
0.78125 1.04599 0.045988
0.796875 1.04328 0.0432797
0.796875 1.04328 0.0432797
0.8125 1.04051 0.0405132
0.8125 1.04051 0.0405132
0.828125 1.03771 0.0377142
0.828125 1.03771 0.0377142
0.84375 1.03491 0.0349138
0.84375 1.03491 0.0349138
0.859375 1.03215 0.0321489
0.859375 1.03215 0.0321489
0.875 1.02946 0.0294622
0.875 1.02946 0.0294622
0.890625 1.0269 0.026902
0.890625 1.0269 0.026902
0.90625 1.02452 0.0245207
0.90625 1.02452 0.0245207
0.921875 1.02237 0.0223738
0.921875 1.02237 0.0223738
0.9375 1.02052 0.0205183
0.9375 1.02052 0.0205183
0.953125 1.01901 0.0190105
0.953125 1.01901 0.0190105
0.96875 1.01791 0.0179064
0.96875 1.01791 0.0179064
0.984375 1.01726 0.0172633
0.984375 1.01726 0.0172633
1 1 0
