# x y topography
0 1 0
0.015625 1.03348 0.0334757
0.015625 1.03348 0.0334757
0.03125 1.03384 0.0338381
0.03125 1.03384 0.0338381
0.046875 1.03439 0.034392
0.046875 1.03439 0.034392
0.0625 1.0351 0.0351014
0.0625 1.0351 0.0351014
0.078125 1.03594 0.0359403
0.078125 1.03594 0.0359403
0.09375 1.03689 0.036888
0.09375 1.03689 0.036888
0.109375 1.03793 0.0379269
0.109375 1.03793 0.0379269
0.125 1.03904 0.0390414
0.125 1.03904 0.0390414
0.140625 1.04022 0.0402173
0.140625 1.04022 0.0402173
0.15625 1.04144 0.0414415
0.15625 1.04144 0.0414415
0.171875 1.0427 0.0427015
0.171875 1.0427 0.0427015
0.1875 1.04399 0.0439857
0.1875 1.04399 0.0439857
0.203125 1.04528 0.0452828
0.203125 1.04528 0.0452828
0.21875 1.04658 0.0465821
0.21875 1.04658 0.0465821
0.234375 1.04787 0.0478734
0.234375 1.04787 0.0478734
0.25 1.04915 0.0491469
0.25 1.04915 0.0491469
0.265625 1.05039 0.0503931
0.265625 1.05039 0.0503931
0.28125 1.0516 0.0516032
0.28125 1.0516 0.0516032
0.296875 1.05277 0.0527687
0.296875 1.05277 0.0527687
0.3125 1.05388 0.0538815
0.3125 1.05388 0.0538815
0.328125 1.05493 0.0549341
0.328125 1.05493 0.0549341
0.34375 1.05592 0.0559196
0.34375 1.05592 0.0559196
0.359375 1.05683 0.0568314
0.359375 1.05683 0.0568314
0.375 1.05766 0.0576636
0.375 1.05766 0.0576636
0.390625 1.05841 0.0584109
0.390625 1.05841 0.0584109
0.40625 1.05907 0.0590683
0.40625 1.05907 0.0590683
0.421875 1.05963 0.0596318
0.421875 1.05963 0.0596318
0.4375 1.0601 0.0600977
0.4375 1.0601 0.0600977
0.453125 1.06046 0.0604632
0.453125 1.06046 0.0604632
0.46875 1.06073 0.0607259
0.46875 1.06073 0.0607259
0.484375 1.06088 0.0608842
0.484375 1.06088 0.0608842
0.5 1.06094 0.0609371
0.5 1.06094 0.0609371
0.515625 1.06088 0.0608842
0.515625 1.06088 0.0608842
0.53125 1.06073 0.0607259
0.53125 1.06073 0.0607259
0.546875 1.06046 0.0604632
0.546875 1.06046 0.0604632
0.5625 1.0601 0.0600977
0.5625 1.0601 0.0600977
0.578125 1.05963 0.0596318
0.578125 1.05963 0.0596318
0.59375 1.05907 0.0590683
0.59375 1.05907 0.0590683
0.609375 1.05841 0.0584109
0.609375 1.05841 0.0584109
0.625 1.05766 0.0576636
0.625 1.05766 0.0576636
0.640625 1.05683 0.0568314
0.640625 1.05683 0.0568314
0.65625 1.05592 0.0559196
0.65625 1.05592 0.0559196
0.671875 1.05493 0.0549341
0.671875 1.05493 0.0549341
0.6875 1.05388 0.0538815
0.6875 1.05388 0.0538815
0.703125 1.05277 0.0527687
0.703125 1.05277 0.0527687
0.71875 1.0516 0.0516032
0.71875 1.0516 0.0516032
0.734375 1.05039 0.0503931
0.734375 1.05039 0.0503931
0.75 1.04915 0.0491469
0.75 1.04915 0.0491469
0.765625 1.04787 0.0478734
0.765625 1.04787 0.0478734
0.78125 1.04658 0.0465821
0.78125 1.04658 0.0465821
0.796875 1.04528 0.0452828
0.796875 1.04528 0.0452828
0.8125 1.04399 0.0439857
0.8125 1.04399 0.0439857
0.828125 1.0427 0.0427015
0.828125 1.0427 0.0427015
0.84375 1.04144 0.0414415
0.84375 1.04144 0.0414415
0.859375 1.04022 0.0402173
0.859375 1.04022 0.0402173
0.875 1.03904 0.0390414
0.875 1.03904 0.0390414
0.890625 1.03793 0.0379269
0.890625 1.03793 0.0379269
0.90625 1.03689 0.036888
0.90625 1.03689 0.036888
0.921875 1.03594 0.0359403
0.921875 1.03594 0.0359403
0.9375 1.0351 0.0351014
0.9375 1.0351 0.0351014
0.953125 1.03439 0.034392
0.953125 1.03439 0.034392
0.96875 1.03384 0.0338381
0.96875 1.03384 0.0338381
0.984375 1.03348 0.0334757
0.984375 1.03348 0.0334757
1 1 0
