# x y topography
0 1 0
0.015625 1.03066 0.0306557
0.015625 1.03066 0.0306557
0.03125 1.03105 0.0310482
0.03125 1.03105 0.0310482
0.046875 1.03166 0.0316618
0.046875 1.03166 0.0316618
0.0625 1.03246 0.0324599
0.0625 1.03246 0.0324599
0.078125 1.03342 0.0334154
0.078125 1.03342 0.0334154
0.09375 1.03451 0.034506
0.09375 1.03451 0.034506
0.109375 1.03571 0.0357125
0.109375 1.03571 0.0357125
0.125 1.03702 0.0370171
0.125 1.03702 0.0370171
0.140625 1.0384 0.0384033
0.140625 1.0384 0.0384033
0.15625 1.03986 0.0398556
0.15625 1.03986 0.0398556
0.171875 1.04136 0.0413589
0.171875 1.04136 0.0413589
0.1875 1.0429 0.0428985
0.1875 1.0429 0.0428985
0.203125 1.04446 0.0444605
0.203125 1.04446 0.0444605
0.21875 1.04603 0.0460313
0.21875 1.04603 0.0460313
0.234375 1.0476 0.0475977
0.234375 1.0476 0.0475977
0.25 1.04915 0.0491469
0.25 1.04915 0.0491469
0.265625 1.05067 0.0506669
0.265625 1.05067 0.0506669
0.28125 1.05215 0.0521461
0.28125 1.05215 0.0521461
0.296875 1.05357 0.0535733
0.296875 1.05357 0.0535733
0.3125 1.05494 0.0549381
0.3125 1.05494 0.0549381
0.328125 1.05623 0.0562308
0.328125 1.05623 0.0562308
0.34375 1.05744 0.0574422
0.34375 1.05744 0.0574422
0.359375 1.05856 0.058564
0.359375 1.05856 0.058564
0.375 1.05959 0.0595886
0.375 1.05959 0.0595886
0.390625 1.06051 0.060509
0.390625 1.06051 0.060509
0.40625 1.06132 0.0613191
0.40625 1.06132 0.0613191
0.421875 1.06201 0.0620137
0.421875 1.06201 0.0620137
0.4375 1.06259 0.0625882
0.4375 1.06259 0.0625882
0.453125 1.06304 0.0630388
0.453125 1.06304 0.0630388
0.46875 1.06336 0.0633628
0.46875 1.06336 0.0633628
0.484375 1.06356 0.063558
0.484375 1.06356 0.063558
0.5 1.06362 0.0636232
0.5 1.06362 0.0636232
0.515625 1.06356 0.063558
0.515625 1.06356 0.063558
0.53125 1.06336 0.0633628
0.53125 1.06336 0.0633628
0.546875 1.06304 0.0630388
0.546875 1.06304 0.0630388
0.5625 1.06259 0.0625882
0.5625 1.06259 0.0625882
0.578125 1.06201 0.0620137
0.578125 1.06201 0.0620137
0.59375 1.06132 0.0613191
0.59375 1.06132 0.0613191
0.609375 1.06051 0.060509
0.609375 1.06051 0.060509
0.625 1.05959 0.0595886
0.625 1.05959 0.0595886
0.640625 1.05856 0.058564
0.640625 1.05856 0.058564
0.65625 1.05744 0.0574422
0.65625 1.05744 0.0574422
0.671875 1.05623 0.0562308
0.671875 1.05623 0.0562308
0.6875 1.05494 0.0549381
0.6875 1.05494 0.0549381
0.703125 1.05357 0.0535733
0.703125 1.05357 0.0535733
0.71875 1.05215 0.0521461
0.71875 1.05215 0.0521461
0.734375 1.05067 0.0506669
0.734375 1.05067 0.0506669
0.75 1.04915 0.0491469
0.75 1.04915 0.0491469
0.765625 1.0476 0.0475977
0.765625 1.0476 0.0475977
0.78125 1.04603 0.0460313
0.78125 1.04603 0.0460313
0.796875 1.04446 0.0444605
0.796875 1.04446 0.0444605
0.8125 1.0429 0.0428985
0.8125 1.0429 0.0428985
0.828125 1.04136 0.0413589
0.828125 1.04136 0.0413589
0.84375 1.03986 0.0398556
0.84375 1.03986 0.0398556
0.859375 1.0384 0.0384033
0.859375 1.0384 0.0384033
0.875 1.03702 0.0370171
0.875 1.03702 0.0370171
0.890625 1.03571 0.0357125
0.890625 1.03571 0.0357125
0.90625 1.03451 0.034506
0.90625 1.03451 0.034506
0.921875 1.03342 0.0334154
0.921875 1.03342 0.0334154
0.9375 1.03246 0.0324599
0.9375 1.03246 0.0324599
0.953125 1.03166 0.0316618
0.953125 1.03166 0.0316618
0.96875 1.03105 0.0310482
0.96875 1.03105 0.0310482
0.984375 1.03066 0.0306557
0.984375 1.03066 0.0306557
1 1 0
