# x y topography
0 1 0
0.015625 1.02762 0.0276163
0.015625 1.02762 0.0276163
0.03125 1.02805 0.0280456
0.03125 1.02805 0.0280456
0.046875 1.02873 0.0287322
0.046875 1.02873 0.0287322
0.0625 1.02964 0.0296382
0.0625 1.02964 0.0296382
0.078125 1.03073 0.0307345
0.078125 1.03073 0.0307345
0.09375 1.032 0.0319967
0.09375 1.032 0.0319967
0.109375 1.0334 0.0334024
0.109375 1.0334 0.0334024
0.125 1.03493 0.0349308
0.125 1.03493 0.0349308
0.140625 1.03656 0.0365619
0.140625 1.03656 0.0365619
0.15625 1.03828 0.0382762
0.15625 1.03828 0.0382762
0.171875 1.04005 0.0400548
0.171875 1.04005 0.0400548
0.1875 1.04188 0.0418793
0.1875 1.04188 0.0418793
0.203125 1.04373 0.0437319
0.203125 1.04373 0.0437319
0.21875 1.0456 0.0455951
0.21875 1.0456 0.0455951
0.234375 1.04745 0.0474523
0.234375 1.04745 0.0474523
0.25 1.04929 0.0492877
0.25 1.04929 0.0492877
0.265625 1.05109 0.0510862
0.265625 1.05109 0.0510862
0.28125 1.05283 0.0528334
0.28125 1.05283 0.0528334
0.296875 1.05452 0.0545162
0.296875 1.05452 0.0545162
0.3125 1.05612 0.0561222
0.3125 1.05612 0.0561222
0.328125 1.05764 0.0576399
0.328125 1.05764 0.0576399
0.34375 1.05906 0.0590591
0.34375 1.05906 0.0590591
0.359375 1.06037 0.0603704
0.359375 1.06037 0.0603704
0.375 1.06157 0.0615654
0.375 1.06157 0.0615654
0.390625 1.06264 0.0626367
0.390625 1.06264 0.0626367
0.40625 1.06358 0.0635778
0.40625 1.06358 0.0635778
0.421875 1.06438 0.0643833
0.421875 1.06438 0.0643833
0.4375 1.06505 0.0650485
0.4375 1.06505 0.0650485
0.453125 1.06557 0.0655697
0.453125 1.06557 0.0655697
0.46875 1.06594 0.0659441
0.46875 1.06594 0.0659441
0.484375 1.06617 0.0661695
0.484375 1.06617 0.0661695
0.5 1.06624 0.0662447
0.5 1.06624 0.0662447
0.515625 1.06617 0.0661695
0.515625 1.06617 0.0661695
0.53125 1.06594 0.0659441
0.53125 1.06594 0.0659441
0.546875 1.06557 0.0655697
0.546875 1.06557 0.0655697
0.5625 1.06505 0.0650485
0.5625 1.06505 0.0650485
0.578125 1.06438 0.0643833
0.578125 1.06438 0.0643833
0.59375 1.06358 0.0635778
0.59375 1.06358 0.0635778
0.609375 1.06264 0.0626367
0.609375 1.06264 0.0626367
0.625 1.06157 0.0615654
0.625 1.06157 0.0615654
0.640625 1.06037 0.0603704
0.640625 1.06037 0.0603704
0.65625 1.05906 0.0590591
0.65625 1.05906 0.0590591
0.671875 1.05764 0.0576399
0.671875 1.05764 0.0576399
0.6875 1.05612 0.0561222
0.6875 1.05612 0.0561222
0.703125 1.05452 0.0545162
0.703125 1.05452 0.0545162
0.71875 1.05283 0.0528334
0.71875 1.05283 0.0528334
0.734375 1.05109 0.0510862
0.734375 1.05109 0.0510862
0.75 1.04929 0.0492877
0.75 1.04929 0.0492877
0.765625 1.04745 0.0474523
0.765625 1.04745 0.0474523
0.78125 1.0456 0.0455951
0.78125 1.0456 0.0455951
0.796875 1.04373 0.0437319
0.796875 1.04373 0.0437319
0.8125 1.04188 0.0418793
0.8125 1.04188 0.0418793
0.828125 1.04005 0.0400548
0.828125 1.04005 0.0400548
0.84375 1.03828 0.0382762
0.84375 1.03828 0.0382762
0.859375 1.03656 0.0365619
0.859375 1.03656 0.0365619
0.875 1.03493 0.0349308
0.875 1.03493 0.0349308
0.890625 1.0334 0.0334024
0.890625 1.0334 0.0334024
0.90625 1.032 0.0319967
0.90625 1.032 0.0319967
0.921875 1.03073 0.0307345
0.921875 1.03073 0.0307345
0.9375 1.02964 0.0296382
0.9375 1.02964 0.0296382
0.953125 1.02873 0.0287322
0.953125 1.02873 0.0287322
0.96875 1.02805 0.0280456
0.96875 1.02805 0.0280456
0.984375 1.02762 0.0276163
0.984375 1.02762 0.0276163
1 1 0
