# x y topography
0 1 0
0.015625 1.03168 0.031676
0.015625 1.03168 0.031676
0.03125 1.03206 0.0320573
0.03125 1.03206 0.0320573
0.046875 1.03265 0.0326487
0.046875 1.03265 0.0326487
0.0625 1.03341 0.0334137
0.0625 1.03341 0.0334137
0.078125 1.03433 0.0343259
0.078125 1.03433 0.0343259
0.09375 1.03536 0.0353635
0.09375 1.03536 0.0353635
0.109375 1.03651 0.0365079
0.109375 1.03651 0.0365079
0.125 1.03774 0.0377422
0.125 1.03774 0.0377422
0.140625 1.03905 0.039051
0.140625 1.03905 0.039051
0.15625 1.04042 0.0404194
0.15625 1.04042 0.0404194
0.171875 1.04183 0.0418336
0.171875 1.04183 0.0418336
0.1875 1.04328 0.0432801
0.1875 1.04328 0.0432801
0.203125 1.04475 0.0447458
0.203125 1.04475 0.0447458
0.21875 1.04622 0.0462183
0.21875 1.04622 0.0462183
0.234375 1.04769 0.0476855
0.234375 1.04769 0.0476855
0.25 1.04914 0.0491358
0.25 1.04914 0.0491358
0.265625 1.05056 0.0505579
0.265625 1.05056 0.0505579
0.28125 1.05194 0.0519414
0.28125 1.05194 0.0519414
0.296875 1.05328 0.0532759
0.296875 1.05328 0.0532759
0.3125 1.05455 0.0545519
0.3125 1.05455 0.0545519
0.328125 1.05576 0.0557604
0.328125 1.05576 0.0557604
0.34375 1.05689 0.0568929
0.34375 1.05689 0.0568929
0.359375 1.05794 0.0579416
0.359375 1.05794 0.0579416
0.375 1.0589 0.0588996
0.375 1.0589 0.0588996
0.390625 1.05976 0.0597602
0.390625 1.05976 0.0597602
0.40625 1.06052 0.0605178
0.40625 1.06052 0.0605178
0.421875 1.06117 0.0611674
0.421875 1.06117 0.0611674
0.4375 1.0617 0.0617048
0.4375 1.0617 0.0617048
0.453125 1.06213 0.0621263
0.453125 1.06213 0.0621263
0.46875 1.06243 0.0624294
0.46875 1.06243 0.0624294
0.484375 1.06261 0.0626121
0.484375 1.06261 0.0626121
0.5 1.06267 0.0626731
0.5 1.06267 0.0626731
0.515625 1.06261 0.0626121
0.515625 1.06261 0.0626121
0.53125 1.06243 0.0624294
0.53125 1.06243 0.0624294
0.546875 1.06213 0.0621263
0.546875 1.06213 0.0621263
0.5625 1.0617 0.0617048
0.5625 1.0617 0.0617048
0.578125 1.06117 0.0611674
0.578125 1.06117 0.0611674
0.59375 1.06052 0.0605178
0.59375 1.06052 0.0605178
0.609375 1.05976 0.0597602
0.609375 1.05976 0.0597602
0.625 1.0589 0.0588996
0.625 1.0589 0.0588996
0.640625 1.05794 0.0579416
0.640625 1.05794 0.0579416
0.65625 1.05689 0.0568929
0.65625 1.05689 0.0568929
0.671875 1.05576 0.0557604
0.671875 1.05576 0.0557604
0.6875 1.05455 0.0545519
0.6875 1.05455 0.0545519
0.703125 1.05328 0.0532759
0.703125 1.05328 0.0532759
0.71875 1.05194 0.0519414
0.71875 1.05194 0.0519414
0.734375 1.05056 0.0505579
0.734375 1.05056 0.0505579
0.75 1.04914 0.0491358
0.75 1.04914 0.0491358
0.765625 1.04769 0.0476855
0.765625 1.04769 0.0476855
0.78125 1.04622 0.0462183
0.78125 1.04622 0.0462183
0.796875 1.04475 0.0447458
0.796875 1.04475 0.0447458
0.8125 1.04328 0.0432801
0.8125 1.04328 0.0432801
0.828125 1.04183 0.0418336
0.828125 1.04183 0.0418336
0.84375 1.04042 0.0404194
0.84375 1.04042 0.0404194
0.859375 1.03905 0.039051
0.859375 1.03905 0.039051
0.875 1.03774 0.0377422
0.875 1.03774 0.0377422
0.890625 1.03651 0.0365079
0.890625 1.03651 0.0365079
0.90625 1.03536 0.0353635
0.90625 1.03536 0.0353635
0.921875 1.03433 0.0343259
0.921875 1.03433 0.0343259
0.9375 1.03341 0.0334137
0.9375 1.03341 0.0334137
0.953125 1.03265 0.0326487
0.953125 1.03265 0.0326487
0.96875 1.03206 0.0320573
0.96875 1.03206 0.0320573
0.984375 1.03168 0.031676
0.984375 1.03168 0.031676
1 1 0
