# x y topography
0 1 0
0.015625 1.02941 0.0294085
0.015625 1.02941 0.0294085
0.03125 1.02982 0.0298154
0.03125 1.02982 0.0298154
0.046875 1.03046 0.0304576
0.046875 1.03046 0.0304576
0.0625 1.0313 0.031298
0.0625 1.0313 0.031298
0.078125 1.03231 0.0323089
0.078125 1.03231 0.0323089
0.09375 1.03347 0.0334671
0.09375 1.03347 0.0334671
0.109375 1.03475 0.0347524
0.109375 1.03475 0.0347524
0.125 1.03615 0.0361459
0.125 1.03615 0.0361459
0.140625 1.03763 0.0376298
0.140625 1.03763 0.0376298
0.15625 1.03919 0.0391871
0.15625 1.03919 0.0391871
0.171875 1.0408 0.0408013
0.171875 1.0408 0.0408013
0.1875 1.04246 0.0424565
0.1875 1.04246 0.0424565
0.203125 1.04414 0.0441371
0.203125 1.04414 0.0441371
0.21875 1.04583 0.045828
0.21875 1.04583 0.045828
0.234375 1.04751 0.0475147
0.234375 1.04751 0.0475147
0.25 1.04918 0.0491832
0.25 1.04918 0.0491832
0.265625 1.05082 0.0508202
0.265625 1.05082 0.0508202
0.28125 1.05241 0.0524128
0.28125 1.05241 0.0524128
0.296875 1.05395 0.0539491
0.296875 1.05395 0.0539491
0.3125 1.05542 0.0554176
0.3125 1.05542 0.0554176
0.328125 1.05681 0.0568078
0.328125 1.05681 0.0568078
0.34375 1.05811 0.05811
0.34375 1.05811 0.05811
0.359375 1.05932 0.0593152
0.359375 1.05932 0.0593152
0.375 1.06042 0.0604153
0.375 1.06042 0.0604153
0.390625 1.0614 0.061403
0.390625 1.0614 0.061403
0.40625 1.06227 0.0622719
0.40625 1.06227 0.0622719
0.421875 1.06302 0.0630165
0.421875 1.06302 0.0630165
0.4375 1.06363 0.0636321
0.4375 1.06363 0.0636321
0.453125 1.06411 0.0641148
0.453125 1.06411 0.0641148
0.46875 1.06446 0.0644618
0.46875 1.06446 0.0644618
0.484375 1.06467 0.0646708
0.484375 1.06467 0.0646708
0.5 1.06474 0.0647406
0.5 1.06474 0.0647406
0.515625 1.06467 0.0646708
0.515625 1.06467 0.0646708
0.53125 1.06446 0.0644618
0.53125 1.06446 0.0644618
0.546875 1.06411 0.0641148
0.546875 1.06411 0.0641148
0.5625 1.06363 0.0636321
0.5625 1.06363 0.0636321
0.578125 1.06302 0.0630165
0.578125 1.06302 0.0630165
0.59375 1.06227 0.0622719
0.59375 1.06227 0.0622719
0.609375 1.0614 0.061403
0.609375 1.0614 0.061403
0.625 1.06042 0.0604153
0.625 1.06042 0.0604153
0.640625 1.05932 0.0593152
0.640625 1.05932 0.0593152
0.65625 1.05811 0.05811
0.65625 1.05811 0.05811
0.671875 1.05681 0.0568078
0.671875 1.05681 0.0568078
0.6875 1.05542 0.0554176
0.6875 1.05542 0.0554176
0.703125 1.05395 0.0539491
0.703125 1.05395 0.0539491
0.71875 1.05241 0.0524128
0.71875 1.05241 0.0524128
0.734375 1.05082 0.0508202
0.734375 1.05082 0.0508202
0.75 1.04918 0.0491832
0.75 1.04918 0.0491832
0.765625 1.04751 0.0475147
0.765625 1.04751 0.0475147
0.78125 1.04583 0.045828
0.78125 1.04583 0.045828
0.796875 1.04414 0.0441371
0.796875 1.04414 0.0441371
0.8125 1.04246 0.0424565
0.8125 1.04246 0.0424565
0.828125 1.0408 0.0408013
0.828125 1.0408 0.0408013
0.84375 1.03919 0.0391871
0.84375 1.03919 0.0391871
0.859375 1.03763 0.0376298
0.859375 1.03763 0.0376298
0.875 1.03615 0.0361459
0.875 1.03615 0.0361459
0.890625 1.03475 0.0347524
0.890625 1.03475 0.0347524
0.90625 1.03347 0.0334671
0.90625 1.03347 0.0334671
0.921875 1.03231 0.0323089
0.921875 1.03231 0.0323089
0.9375 1.0313 0.031298
0.9375 1.0313 0.031298
0.953125 1.03046 0.0304576
0.953125 1.03046 0.0304576
0.96875 1.02982 0.0298154
0.96875 1.02982 0.0298154
0.984375 1.02941 0.0294085
0.984375 1.02941 0.0294085
1 1 0
