# x y topography
0 1 0
0.015625 1.03097 0.030968
0.015625 1.03097 0.030968
0.03125 1.03136 0.031357
0.03125 1.03136 0.031357
0.046875 1.03196 0.0319637
0.046875 1.03196 0.0319637
0.0625 1.03275 0.0327516
0.0625 1.03275 0.0327516
0.078125 1.03369 0.0336936
0.078125 1.03369 0.0336936
0.09375 1.03477 0.0347678
0.09375 1.03477 0.0347678
0.109375 1.03596 0.0359551
0.109375 1.03596 0.0359551
0.125 1.03724 0.0372379
0.125 1.03724 0.0372379
0.140625 1.0386 0.0386003
0.140625 1.0386 0.0386003
0.15625 1.04003 0.0400267
0.15625 1.04003 0.0400267
0.171875 1.0415 0.0415026
0.171875 1.0415 0.0415026
0.1875 1.04301 0.0430136
0.1875 1.04301 0.0430136
0.203125 1.04455 0.0445461
0.203125 1.04455 0.0445461
0.21875 1.04609 0.0460868
0.21875 1.04609 0.0460868
0.234375 1.04762 0.0476228
0.234375 1.04762 0.0476228
0.25 1.04914 0.0491419
0.25 1.04914 0.0491419
0.265625 1.05063 0.0506321
0.265625 1.05063 0.0506321
0.28125 1.05208 0.0520822
0.28125 1.05208 0.0520822
0.296875 1.05348 0.0534813
0.296875 1.05348 0.0534813
0.3125 1.05482 0.0548193
0.3125 1.05482 0.0548193
0.328125 1.05609 0.0560866
0.328125 1.05609 0.0560866
0.34375 1.05727 0.0572743
0.34375 1.05727 0.0572743
0.359375 1.05837 0.0583742
0.359375 1.05837 0.0583742
0.375 1.05938 0.0593788
0.375 1.05938 0.0593788
0.390625 1.06028 0.0602813
0.390625 1.06028 0.0602813
0.40625 1.06108 0.0610758
0.40625 1.06108 0.0610758
0.421875 1.06176 0.0617569
0.421875 1.06176 0.0617569
0.4375 1.06232 0.0623204
0.4375 1.06232 0.0623204
0.453125 1.06276 0.0627624
0.453125 1.06276 0.0627624
0.46875 1.06308 0.0630801
0.46875 1.06308 0.0630801
0.484375 1.06327 0.0632716
0.484375 1.06327 0.0632716
0.5 1.06334 0.0633356
0.5 1.06334 0.0633356
0.515625 1.06327 0.0632716
0.515625 1.06327 0.0632716
0.53125 1.06308 0.0630801
0.53125 1.06308 0.0630801
0.546875 1.06276 0.0627624
0.546875 1.06276 0.0627624
0.5625 1.06232 0.0623204
0.5625 1.06232 0.0623204
0.578125 1.06176 0.0617569
0.578125 1.06176 0.0617569
0.59375 1.06108 0.0610758
0.59375 1.06108 0.0610758
0.609375 1.06028 0.0602813
0.609375 1.06028 0.0602813
0.625 1.05938 0.0593788
0.625 1.05938 0.0593788
0.640625 1.05837 0.0583742
0.640625 1.05837 0.0583742
0.65625 1.05727 0.0572743
0.65625 1.05727 0.0572743
0.671875 1.05609 0.0560866
0.671875 1.05609 0.0560866
0.6875 1.05482 0.0548193
0.6875 1.05482 0.0548193
0.703125 1.05348 0.0534813
0.703125 1.05348 0.0534813
0.71875 1.05208 0.0520822
0.71875 1.05208 0.0520822
0.734375 1.05063 0.0506321
0.734375 1.05063 0.0506321
0.75 1.04914 0.0491419
0.75 1.04914 0.0491419
0.765625 1.04762 0.0476228
0.765625 1.04762 0.0476228
0.78125 1.04609 0.0460868
0.78125 1.04609 0.0460868
0.796875 1.04455 0.0445461
0.796875 1.04455 0.0445461
0.8125 1.04301 0.0430136
0.8125 1.04301 0.0430136
0.828125 1.0415 0.0415026
0.828125 1.0415 0.0415026
0.84375 1.04003 0.0400267
0.84375 1.04003 0.0400267
0.859375 1.0386 0.0386003
0.859375 1.0386 0.0386003
0.875 1.03724 0.0372379
0.875 1.03724 0.0372379
0.890625 1.03596 0.0359551
0.890625 1.03596 0.0359551
0.90625 1.03477 0.0347678
0.90625 1.03477 0.0347678
0.921875 1.03369 0.0336936
0.921875 1.03369 0.0336936
0.9375 1.03275 0.0327516
0.9375 1.03275 0.0327516
0.953125 1.03196 0.0319637
0.953125 1.03196 0.0319637
0.96875 1.03136 0.031357
0.96875 1.03136 0.031357
0.984375 1.03097 0.030968
0.984375 1.03097 0.030968
1 1 0
