# x y topography
0 1 0
0.015625 1.03364 0.0336389
0.015625 1.03364 0.0336389
0.03125 1.034 0.0339997
0.03125 1.034 0.0339997
0.046875 1.03455 0.0345502
0.046875 1.03455 0.0345502
0.0625 1.03525 0.0352547
0.0625 1.03525 0.0352547
0.078125 1.03609 0.0360871
0.078125 1.03609 0.0360871
0.09375 1.03703 0.0370268
0.09375 1.03703 0.0370268
0.109375 1.03806 0.0380563
0.109375 1.03806 0.0380563
0.125 1.03916 0.0391602
0.125 1.03916 0.0391602
0.140625 1.04032 0.0403242
0.140625 1.04032 0.0403242
0.15625 1.04154 0.0415355
0.15625 1.04154 0.0415355
0.171875 1.04278 0.0427817
0.171875 1.04278 0.0427817
0.1875 1.04405 0.0440512
0.1875 1.04405 0.0440512
0.203125 1.04533 0.0453331
0.203125 1.04533 0.0453331
0.21875 1.04662 0.0466167
0.21875 1.04662 0.0466167
0.234375 1.04789 0.047892
0.234375 1.04789 0.047892
0.25 1.04915 0.0491493
0.25 1.04915 0.0491493
0.265625 1.05038 0.0503795
0.265625 1.05038 0.0503795
0.28125 1.05157 0.0515736
0.28125 1.05157 0.0515736
0.296875 1.05272 0.0527235
0.296875 1.05272 0.0527235
0.3125 1.05382 0.0538212
0.3125 1.05382 0.0538212
0.328125 1.05486 0.0548594
0.328125 1.05486 0.0548594
0.34375 1.05583 0.0558312
0.34375 1.05583 0.0558312
0.359375 1.05673 0.0567302
0.359375 1.05673 0.0567302
0.375 1.05755 0.0575506
0.375 1.05755 0.0575506
0.390625 1.05829 0.0582871
0.390625 1.05829 0.0582871
0.40625 1.05894 0.0589351
0.40625 1.05894 0.0589351
0.421875 1.05949 0.0594905
0.421875 1.05949 0.0594905
0.4375 1.05995 0.0599497
0.4375 1.05995 0.0599497
0.453125 1.06031 0.0603098
0.453125 1.06031 0.0603098
0.46875 1.06057 0.0605687
0.46875 1.06057 0.0605687
0.484375 1.06072 0.0607247
0.484375 1.06072 0.0607247
0.5 1.06078 0.0607767
0.5 1.06078 0.0607767
0.515625 1.06072 0.0607247
0.515625 1.06072 0.0607247
0.53125 1.06057 0.0605687
0.53125 1.06057 0.0605687
0.546875 1.06031 0.0603098
0.546875 1.06031 0.0603098
0.5625 1.05995 0.0599497
0.5625 1.05995 0.0599497
0.578125 1.05949 0.0594905
0.578125 1.05949 0.0594905
0.59375 1.05894 0.0589351
0.59375 1.05894 0.0589351
0.609375 1.05829 0.0582871
0.609375 1.05829 0.0582871
0.625 1.05755 0.0575506
0.625 1.05755 0.0575506
0.640625 1.05673 0.0567302
0.640625 1.05673 0.0567302
0.65625 1.05583 0.0558312
0.65625 1.05583 0.0558312
0.671875 1.05486 0.0548594
0.671875 1.05486 0.0548594
0.6875 1.05382 0.0538212
0.6875 1.05382 0.0538212
0.703125 1.05272 0.0527235
0.703125 1.05272 0.0527235
0.71875 1.05157 0.0515736
0.71875 1.05157 0.0515736
0.734375 1.05038 0.0503795
0.734375 1.05038 0.0503795
0.75 1.04915 0.0491493
0.75 1.04915 0.0491493
0.765625 1.04789 0.047892
0.765625 1.04789 0.047892
0.78125 1.04662 0.0466167
0.78125 1.04662 0.0466167
0.796875 1.04533 0.0453331
0.796875 1.04533 0.0453331
0.8125 1.04405 0.0440512
0.8125 1.04405 0.0440512
0.828125 1.04278 0.0427817
0.828125 1.04278 0.0427817
0.84375 1.04154 0.0415355
0.84375 1.04154 0.0415355
0.859375 1.04032 0.0403242
0.859375 1.04032 0.0403242
0.875 1.03916 0.0391602
0.875 1.03916 0.0391602
0.890625 1.03806 0.0380563
0.890625 1.03806 0.0380563
0.90625 1.03703 0.0370268
0.90625 1.03703 0.0370268
0.921875 1.03609 0.0360871
0.921875 1.03609 0.0360871
0.9375 1.03525 0.0352547
0.9375 1.03525 0.0352547
0.953125 1.03455 0.0345502
0.953125 1.03455 0.0345502
0.96875 1.034 0.0339997
0.96875 1.034 0.0339997
0.984375 1.03364 0.0336389
0.984375 1.03364 0.0336389
1 1 0
