# x y topography
0 1 0
0.015625 1.02736 0.027358
0.015625 1.02736 0.027358
0.03125 1.02779 0.0277907
0.03125 1.02779 0.0277907
0.046875 1.02848 0.0284841
0.046875 1.02848 0.0284841
0.0625 1.0294 0.0294001
0.0625 1.0294 0.0294001
0.078125 1.03051 0.0305094
0.078125 1.03051 0.0305094
0.09375 1.03179 0.0317873
0.09375 1.03179 0.0317873
0.109375 1.03321 0.0332112
0.109375 1.03321 0.0332112
0.125 1.03476 0.0347599
0.125 1.03476 0.0347599
0.140625 1.03641 0.0364129
0.140625 1.03641 0.0364129
0.15625 1.03815 0.0381505
0.15625 1.03815 0.0381505
0.171875 1.03995 0.0399534
0.171875 1.03995 0.0399534
0.1875 1.0418 0.0418026
0.1875 1.0418 0.0418026
0.203125 1.04368 0.04368
0.203125 1.04368 0.04368
0.21875 1.04557 0.045568
0.21875 1.04557 0.045568
0.234375 1.04745 0.0474495
0.234375 1.04745 0.0474495
0.25 1.04931 0.0493084
0.25 1.04931 0.0493084
0.265625 1.05113 0.0511293
0.265625 1.05113 0.0511293
0.28125 1.0529 0.0528979
0.28125 1.0529 0.0528979
0.296875 1.0546 0.0546007
0.296875 1.0546 0.0546007
0.3125 1.05623 0.0562252
0.3125 1.05623 0.0562252
0.328125 1.05776 0.0577599
0.328125 1.05776 0.0577599
0.34375 1.05919 0.0591945
0.34375 1.05919 0.0591945
0.359375 1.06052 0.0605196
0.359375 1.06052 0.0605196
0.375 1.06173 0.0617269
0.375 1.06173 0.0617269
0.390625 1.06281 0.0628088
0.390625 1.06281 0.0628088
0.40625 1.06376 0.0637591
0.40625 1.06376 0.0637591
0.421875 1.06457 0.0645722
0.421875 1.06457 0.0645722
0.4375 1.06524 0.0652436
0.4375 1.06524 0.0652436
0.453125 1.06577 0.0657696
0.453125 1.06577 0.0657696
0.46875 1.06615 0.0661473
0.46875 1.06615 0.0661473
0.484375 1.06637 0.0663747
0.484375 1.06637 0.0663747
0.5 1.06645 0.0664506
0.5 1.06645 0.0664506
0.515625 1.06637 0.0663747
0.515625 1.06637 0.0663747
0.53125 1.06615 0.0661473
0.53125 1.06615 0.0661473
0.546875 1.06577 0.0657696
0.546875 1.06577 0.0657696
0.5625 1.06524 0.0652436
0.5625 1.06524 0.0652436
0.578125 1.06457 0.0645722
0.578125 1.06457 0.0645722
0.59375 1.06376 0.0637591
0.59375 1.06376 0.0637591
0.609375 1.06281 0.0628088
0.609375 1.06281 0.0628088
0.625 1.06173 0.0617269
0.625 1.06173 0.0617269
0.640625 1.06052 0.0605196
0.640625 1.06052 0.0605196
0.65625 1.05919 0.0591945
0.65625 1.05919 0.0591945
0.671875 1.05776 0.0577599
0.671875 1.05776 0.0577599
0.6875 1.05623 0.0562252
0.6875 1.05623 0.0562252
0.703125 1.0546 0.0546007
0.703125 1.0546 0.0546007
0.71875 1.0529 0.0528979
0.71875 1.0529 0.0528979
0.734375 1.05113 0.0511293
0.734375 1.05113 0.0511293
0.75 1.04931 0.0493084
0.75 1.04931 0.0493084
0.765625 1.04745 0.0474495
0.765625 1.04745 0.0474495
0.78125 1.04557 0.045568
0.78125 1.04557 0.045568
0.796875 1.04368 0.04368
0.796875 1.04368 0.04368
0.8125 1.0418 0.0418026
0.8125 1.0418 0.0418026
0.828125 1.03995 0.0399534
0.828125 1.03995 0.0399534
0.84375 1.03815 0.0381505
0.84375 1.03815 0.0381505
0.859375 1.03641 0.0364129
0.859375 1.03641 0.0364129
0.875 1.03476 0.0347599
0.875 1.03476 0.0347599
0.890625 1.03321 0.0332112
0.890625 1.03321 0.0332112
0.90625 1.03179 0.0317873
0.90625 1.03179 0.0317873
0.921875 1.03051 0.0305094
0.921875 1.03051 0.0305094
0.9375 1.0294 0.0294001
0.9375 1.0294 0.0294001
0.953125 1.02848 0.0284841
0.953125 1.02848 0.0284841
0.96875 1.02779 0.0277907
0.96875 1.02779 0.0277907
0.984375 1.02736 0.027358
0.984375 1.02736 0.027358
1 1 0
