# x y topography
0 1 0
0.015625 1.02592 0.025924
0.015625 1.02592 0.025924
0.03125 1.02638 0.0263769
0.03125 1.02638 0.0263769
0.046875 1.02711 0.02711
0.046875 1.02711 0.02711
0.0625 1.02808 0.0280844
0.0625 1.02808 0.0280844
0.078125 1.02927 0.0292696
0.078125 1.02927 0.0292696
0.09375 1.03064 0.030639
0.09375 1.03064 0.030639
0.109375 1.03217 0.0321681
0.109375 1.03217 0.0321681
0.125 1.03383 0.0338335
0.125 1.03383 0.0338335
0.140625 1.03561 0.0356123
0.140625 1.03561 0.0356123
0.15625 1.03748 0.0374824
0.15625 1.03748 0.0374824
0.171875 1.03942 0.039422
0.171875 1.03942 0.039422
0.1875 1.04141 0.0414101
0.1875 1.04141 0.0414101
0.203125 1.04343 0.0434261
0.203125 1.04343 0.0434261
0.21875 1.04545 0.0454505
0.21875 1.04545 0.0454505
0.234375 1.04746 0.0474645
0.234375 1.04746 0.0474645
0.25 1.04945 0.0494506
0.25 1.04945 0.0494506
0.265625 1.05139 0.0513921
0.265625 1.05139 0.0513921
0.28125 1.05327 0.0532738
0.28125 1.05327 0.0532738
0.296875 1.05508 0.0550814
0.296875 1.05508 0.0550814
0.3125 1.0568 0.0568021
0.3125 1.0568 0.0568021
0.328125 1.05842 0.0584242
0.328125 1.05842 0.0584242
0.34375 1.05994 0.0599373
0.34375 1.05994 0.0599373
0.359375 1.06133 0.0613321
0.359375 1.06133 0.0613321
0.375 1.0626 0.0626004
0.375 1.0626 0.0626004
0.390625 1.06374 0.0637351
0.390625 1.06374 0.0637351
0.40625 1.06473 0.0647301
0.40625 1.06473 0.0647301
0.421875 1.06558 0.0655804
0.421875 1.06558 0.0655804
0.4375 1.06628 0.0662816
0.4375 1.06628 0.0662816
0.453125 1.06683 0.0668304
0.453125 1.06683 0.0668304
0.46875 1.06722 0.0672243
0.46875 1.06722 0.0672243
0.484375 1.06746 0.0674613
0.484375 1.06746 0.0674613
0.5 1.06754 0.0675404
0.5 1.06754 0.0675404
0.515625 1.06746 0.0674613
0.515625 1.06746 0.0674613
0.53125 1.06722 0.0672243
0.53125 1.06722 0.0672243
0.546875 1.06683 0.0668304
0.546875 1.06683 0.0668304
0.5625 1.06628 0.0662816
0.5625 1.06628 0.0662816
0.578125 1.06558 0.0655804
0.578125 1.06558 0.0655804
0.59375 1.06473 0.0647301
0.59375 1.06473 0.0647301
0.609375 1.06374 0.0637351
0.609375 1.06374 0.0637351
0.625 1.0626 0.0626004
0.625 1.0626 0.0626004
0.640625 1.06133 0.0613321
0.640625 1.06133 0.0613321
0.65625 1.05994 0.0599373
0.65625 1.05994 0.0599373
0.671875 1.05842 0.0584242
0.671875 1.05842 0.0584242
0.6875 1.0568 0.0568021
0.6875 1.0568 0.0568021
0.703125 1.05508 0.0550814
0.703125 1.05508 0.0550814
0.71875 1.05327 0.0532738
0.71875 1.05327 0.0532738
0.734375 1.05139 0.0513921
0.734375 1.05139 0.0513921
0.75 1.04945 0.0494506
0.75 1.04945 0.0494506
0.765625 1.04746 0.0474645
0.765625 1.04746 0.0474645
0.78125 1.04545 0.0454505
0.78125 1.04545 0.0454505
0.796875 1.04343 0.0434261
0.796875 1.04343 0.0434261
0.8125 1.04141 0.0414101
0.8125 1.04141 0.0414101
0.828125 1.03942 0.039422
0.828125 1.03942 0.039422
0.84375 1.03748 0.0374824
0.84375 1.03748 0.0374824
0.859375 1.03561 0.0356123
0.859375 1.03561 0.0356123
0.875 1.03383 0.0338335
0.875 1.03383 0.0338335
0.890625 1.03217 0.0321681
0.890625 1.03217 0.0321681
0.90625 1.03064 0.030639
0.90625 1.03064 0.030639
0.921875 1.02927 0.0292696
0.921875 1.02927 0.0292696
0.9375 1.02808 0.0280844
0.9375 1.02808 0.0280844
0.953125 1.02711 0.02711
0.953125 1.02711 0.02711
0.96875 1.02638 0.0263769
0.96875 1.02638 0.0263769
0.984375 1.02592 0.025924
0.984375 1.02592 0.025924
1 1 0
