# x y topography
0 1 0
0.015625 1.02561 0.025605
0.015625 1.02561 0.025605
0.03125 1.02606 0.0260626
0.03125 1.02606 0.0260626
0.046875 1.02681 0.0268051
0.046875 1.02681 0.0268051
0.0625 1.02779 0.0277933
0.0625 1.02779 0.0277933
0.078125 1.029 0.0289962
0.078125 1.029 0.0289962
0.09375 1.03039 0.030387
0.09375 1.03039 0.030387
0.109375 1.03194 0.0319406
0.109375 1.03194 0.0319406
0.125 1.03363 0.0336329
0.125 1.03363 0.0336329
0.140625 1.03544 0.0354407
0.140625 1.03544 0.0354407
0.15625 1.03734 0.0373411
0.15625 1.03734 0.0373411
0.171875 1.03931 0.0393117
0.171875 1.03931 0.0393117
0.1875 1.04133 0.0413309
0.1875 1.04133 0.0413309
0.203125 1.04338 0.0433778
0.203125 1.04338 0.0433778
0.21875 1.04543 0.0454322
0.21875 1.04543 0.0454322
0.234375 1.04748 0.0474752
0.234375 1.04748 0.0474752
0.25 1.04949 0.0494887
0.25 1.04949 0.0494887
0.265625 1.05146 0.0514559
0.265625 1.05146 0.0514559
0.28125 1.05336 0.0533614
0.28125 1.05336 0.0533614
0.296875 1.05519 0.0551909
0.296875 1.05519 0.0551909
0.3125 1.05693 0.0569314
0.3125 1.05693 0.0569314
0.328125 1.05857 0.0585713
0.328125 1.05857 0.0585713
0.34375 1.0601 0.0601001
0.34375 1.0601 0.0601001
0.359375 1.06151 0.0615087
0.359375 1.06151 0.0615087
0.375 1.06279 0.062789
0.375 1.06279 0.062789
0.390625 1.06393 0.0639339
0.390625 1.06393 0.0639339
0.40625 1.06494 0.0649376
0.40625 1.06494 0.0649376
0.421875 1.06579 0.0657949
0.421875 1.06579 0.0657949
0.4375 1.0665 0.0665018
0.4375 1.0665 0.0665018
0.453125 1.06705 0.067055
0.453125 1.06705 0.067055
0.46875 1.06745 0.0674518
0.46875 1.06745 0.0674518
0.484375 1.06769 0.0676906
0.484375 1.06769 0.0676906
0.5 1.06777 0.0677704
0.5 1.06777 0.0677704
0.515625 1.06769 0.0676906
0.515625 1.06769 0.0676906
0.53125 1.06745 0.0674518
0.53125 1.06745 0.0674518
0.546875 1.06705 0.067055
0.546875 1.06705 0.067055
0.5625 1.0665 0.0665018
0.5625 1.0665 0.0665018
0.578125 1.06579 0.0657949
0.578125 1.06579 0.0657949
0.59375 1.06494 0.0649376
0.59375 1.06494 0.0649376
0.609375 1.06393 0.0639339
0.609375 1.06393 0.0639339
0.625 1.06279 0.062789
0.625 1.06279 0.062789
0.640625 1.06151 0.0615087
0.640625 1.06151 0.0615087
0.65625 1.0601 0.0601001
0.65625 1.0601 0.0601001
0.671875 1.05857 0.0585713
0.671875 1.05857 0.0585713
0.6875 1.05693 0.0569314
0.6875 1.05693 0.0569314
0.703125 1.05519 0.0551909
0.703125 1.05519 0.0551909
0.71875 1.05336 0.0533614
0.71875 1.05336 0.0533614
0.734375 1.05146 0.0514559
0.734375 1.05146 0.0514559
0.75 1.04949 0.0494887
0.75 1.04949 0.0494887
0.765625 1.04748 0.0474752
0.765625 1.04748 0.0474752
0.78125 1.04543 0.0454322
0.78125 1.04543 0.0454322
0.796875 1.04338 0.0433778
0.796875 1.04338 0.0433778
0.8125 1.04133 0.0413309
0.8125 1.04133 0.0413309
0.828125 1.03931 0.0393117
0.828125 1.03931 0.0393117
0.84375 1.03734 0.0373411
0.84375 1.03734 0.0373411
0.859375 1.03544 0.0354407
0.859375 1.03544 0.0354407
0.875 1.03363 0.0336329
0.875 1.03363 0.0336329
0.890625 1.03194 0.0319406
0.890625 1.03194 0.0319406
0.90625 1.03039 0.030387
0.90625 1.03039 0.030387
0.921875 1.029 0.0289962
0.921875 1.029 0.0289962
0.9375 1.02779 0.0277933
0.9375 1.02779 0.0277933
0.953125 1.02681 0.0268051
0.953125 1.02681 0.0268051
0.96875 1.02606 0.0260626
0.96875 1.02606 0.0260626
0.984375 1.02561 0.025605
0.984375 1.02561 0.025605
1 1 0
