# x y topography
0 1 0
0.015625 1.02207 0.0220735
0.015625 1.02207 0.0220735
0.03125 1.02259 0.0225922
0.03125 1.02259 0.0225922
0.046875 1.02346 0.023455
0.046875 1.02346 0.023455
0.0625 1.02462 0.0246186
0.0625 1.02462 0.0246186
0.078125 1.02605 0.0260465
0.078125 1.02605 0.0260465
0.09375 1.0277 0.0277047
0.09375 1.0277 0.0277047
0.109375 1.02956 0.0295601
0.109375 1.02956 0.0295601
0.125 1.03158 0.0315801
0.125 1.03158 0.0315801
0.140625 1.03373 0.0337326
0.140625 1.03373 0.0337326
0.15625 1.03599 0.0359862
0.15625 1.03599 0.0359862
0.171875 1.03831 0.0383109
0.171875 1.03831 0.0383109
0.1875 1.04068 0.0406779
0.1875 1.04068 0.0406779
0.203125 1.04306 0.0430602
0.203125 1.04306 0.0430602
0.21875 1.04543 0.045433
0.21875 1.04543 0.045433
0.234375 1.04777 0.0477736
0.234375 1.04777 0.0477736
0.25 1.05006 0.0500616
0.25 1.05006 0.0500616
0.265625 1.05228 0.0522789
0.265625 1.05228 0.0522789
0.28125 1.05441 0.0544095
0.28125 1.05441 0.0544095
0.296875 1.05644 0.0564394
0.296875 1.05644 0.0564394
0.3125 1.05836 0.0583567
0.3125 1.05836 0.0583567
0.328125 1.06015 0.0601508
0.328125 1.06015 0.0601508
0.34375 1.06181 0.0618131
0.34375 1.06181 0.0618131
0.359375 1.06334 0.0633361
0.359375 1.06334 0.0633361
0.375 1.06471 0.0647133
0.375 1.06471 0.0647133
0.390625 1.06594 0.0659396
0.390625 1.06594 0.0659396
0.40625 1.06701 0.0670105
0.40625 1.06701 0.0670105
0.421875 1.06792 0.0679224
0.421875 1.06792 0.0679224
0.4375 1.06867 0.0686722
0.4375 1.06867 0.0686722
0.453125 1.06926 0.0692578
0.453125 1.06926 0.0692578
0.46875 1.06968 0.0696773
0.46875 1.06968 0.0696773
0.484375 1.06993 0.0699295
0.484375 1.06993 0.0699295
0.5 1.07001 0.0700136
0.5 1.07001 0.0700136
0.515625 1.06993 0.0699295
0.515625 1.06993 0.0699295
0.53125 1.06968 0.0696773
0.53125 1.06968 0.0696773
0.546875 1.06926 0.0692578
0.546875 1.06926 0.0692578
0.5625 1.06867 0.0686722
0.5625 1.06867 0.0686722
0.578125 1.06792 0.0679224
0.578125 1.06792 0.0679224
0.59375 1.06701 0.0670105
0.59375 1.06701 0.0670105
0.609375 1.06594 0.0659396
0.609375 1.06594 0.0659396
0.625 1.06471 0.0647133
0.625 1.06471 0.0647133
0.640625 1.06334 0.0633361
0.640625 1.06334 0.0633361
0.65625 1.06181 0.0618131
0.65625 1.06181 0.0618131
0.671875 1.06015 0.0601508
0.671875 1.06015 0.0601508
0.6875 1.05836 0.0583567
0.6875 1.05836 0.0583567
0.703125 1.05644 0.0564394
0.703125 1.05644 0.0564394
0.71875 1.05441 0.0544095
0.71875 1.05441 0.0544095
0.734375 1.05228 0.0522789
0.734375 1.05228 0.0522789
0.75 1.05006 0.0500616
0.75 1.05006 0.0500616
0.765625 1.04777 0.0477736
0.765625 1.04777 0.0477736
0.78125 1.04543 0.045433
0.78125 1.04543 0.045433
0.796875 1.04306 0.0430602
0.796875 1.04306 0.0430602
0.8125 1.04068 0.0406779
0.8125 1.04068 0.0406779
0.828125 1.03831 0.0383109
0.828125 1.03831 0.0383109
0.84375 1.03599 0.0359862
0.84375 1.03599 0.0359862
0.859375 1.03373 0.0337326
0.859375 1.03373 0.0337326
0.875 1.03158 0.0315801
0.875 1.03158 0.0315801
0.890625 1.02956 0.0295601
0.890625 1.02956 0.0295601
0.90625 1.0277 0.0277047
0.90625 1.0277 0.0277047
0.921875 1.02605 0.0260465
0.921875 1.02605 0.0260465
0.9375 1.02462 0.0246186
0.9375 1.02462 0.0246186
0.953125 1.02346 0.023455
0.953125 1.02346 0.023455
0.96875 1.02259 0.0225922
0.96875 1.02259 0.0225922
0.984375 1.02207 0.0220735
0.984375 1.02207 0.0220735
1 1 0
