# x y topography
0 1 0
0.015625 1.01996 0.0199571
0.015625 1.01996 0.0199571
0.03125 1.02052 0.0205228
0.03125 1.02052 0.0205228
0.046875 1.02148 0.0214773
0.046875 1.02148 0.0214773
0.0625 1.02277 0.0227731
0.0625 1.02277 0.0227731
0.078125 1.02437 0.0243676
0.078125 1.02437 0.0243676
0.09375 1.02622 0.0262196
0.09375 1.02622 0.0262196
0.109375 1.02829 0.0282882
0.109375 1.02829 0.0282882
0.125 1.03053 0.0305326
0.125 1.03053 0.0305326
0.140625 1.03291 0.0329131
0.140625 1.03291 0.0329131
0.15625 1.03539 0.0353916
0.15625 1.03539 0.0353916
0.171875 1.03793 0.037932
0.171875 1.03793 0.037932
0.1875 1.0405 0.0405012
0.1875 1.0405 0.0405012
0.203125 1.04307 0.0430693
0.203125 1.04307 0.0430693
0.21875 1.04561 0.0456095
0.21875 1.04561 0.0456095
0.234375 1.0481 0.0480985
0.234375 1.0481 0.0480985
0.25 1.05052 0.0505162
0.25 1.05052 0.0505162
0.265625 1.05285 0.0528453
0.265625 1.05285 0.0528453
0.28125 1.05507 0.0550713
0.28125 1.05507 0.0550713
0.296875 1.05718 0.0571821
0.296875 1.05718 0.0571821
0.3125 1.05917 0.0591674
0.3125 1.05917 0.0591674
0.328125 1.06102 0.0610186
0.328125 1.06102 0.0610186
0.34375 1.06273 0.0627285
0.34375 1.06273 0.0627285
0.359375 1.06429 0.0642911
0.359375 1.06429 0.0642911
0.375 1.0657 0.0657014
0.375 1.0657 0.0657014
0.390625 1.06695 0.066955
0.390625 1.06695 0.066955
0.40625 1.06805 0.0680483
0.40625 1.06805 0.0680483
0.421875 1.06898 0.0689782
0.421875 1.06898 0.0689782
0.4375 1.06974 0.0697424
0.4375 1.06974 0.0697424
0.453125 1.07034 0.0703388
0.453125 1.07034 0.0703388
0.46875 1.07077 0.0707659
0.46875 1.07077 0.0707659
0.484375 1.07102 0.0710226
0.484375 1.07102 0.0710226
0.5 1.07111 0.0711082
0.5 1.07111 0.0711082
0.515625 1.07102 0.0710226
0.515625 1.07102 0.0710226
0.53125 1.07077 0.0707659
0.53125 1.07077 0.0707659
0.546875 1.07034 0.0703388
0.546875 1.07034 0.0703388
0.5625 1.06974 0.0697424
0.5625 1.06974 0.0697424
0.578125 1.06898 0.0689782
0.578125 1.06898 0.0689782
0.59375 1.06805 0.0680483
0.59375 1.06805 0.0680483
0.609375 1.06695 0.066955
0.609375 1.06695 0.066955
0.625 1.0657 0.0657014
0.625 1.0657 0.0657014
0.640625 1.06429 0.0642911
0.640625 1.06429 0.0642911
0.65625 1.06273 0.0627285
0.65625 1.06273 0.0627285
0.671875 1.06102 0.0610186
0.671875 1.06102 0.0610186
0.6875 1.05917 0.0591674
0.6875 1.05917 0.0591674
0.703125 1.05718 0.0571821
0.703125 1.05718 0.0571821
0.71875 1.05507 0.0550713
0.71875 1.05507 0.0550713
0.734375 1.05285 0.0528453
0.734375 1.05285 0.0528453
0.75 1.05052 0.0505162
0.75 1.05052 0.0505162
0.765625 1.0481 0.0480985
0.765625 1.0481 0.0480985
0.78125 1.04561 0.0456095
0.78125 1.04561 0.0456095
0.796875 1.04307 0.0430693
0.796875 1.04307 0.0430693
0.8125 1.0405 0.0405012
0.8125 1.0405 0.0405012
0.828125 1.03793 0.037932
0.828125 1.03793 0.037932
0.84375 1.03539 0.0353916
0.84375 1.03539 0.0353916
0.859375 1.03291 0.0329131
0.859375 1.03291 0.0329131
0.875 1.03053 0.0305326
0.875 1.03053 0.0305326
0.890625 1.02829 0.0282882
0.890625 1.02829 0.0282882
0.90625 1.02622 0.0262196
0.90625 1.02622 0.0262196
0.921875 1.02437 0.0243676
0.921875 1.02437 0.0243676
0.9375 1.02277 0.0227731
0.9375 1.02277 0.0227731
0.953125 1.02148 0.0214773
0.953125 1.02148 0.0214773
0.96875 1.02052 0.0205228
0.96875 1.02052 0.0205228
0.984375 1.01996 0.0199571
0.984375 1.01996 0.0199571
1 1 0
