# x y topography
0 1 0
0.015625 1.03174 0.0317416
0.015625 1.03174 0.0317416
0.03125 1.03212 0.0321221
0.03125 1.03212 0.0321221
0.046875 1.03271 0.0327121
0.046875 1.03271 0.0327121
0.0625 1.03348 0.0334751
0.0625 1.03348 0.0334751
0.078125 1.03438 0.0343845
0.078125 1.03438 0.0343845
0.09375 1.03542 0.0354188
0.09375 1.03542 0.0354188
0.109375 1.03656 0.0365592
0.109375 1.03656 0.0365592
0.125 1.03779 0.0377891
0.125 1.03779 0.0377891
0.140625 1.03909 0.039093
0.140625 1.03909 0.039093
0.15625 1.04046 0.0404561
0.15625 1.04046 0.0404561
0.171875 1.04186 0.0418646
0.171875 1.04186 0.0418646
0.1875 1.04331 0.0433051
0.1875 1.04331 0.0433051
0.203125 1.04476 0.0447647
0.203125 1.04476 0.0447647
0.21875 1.04623 0.0462308
0.21875 1.04623 0.0462308
0.234375 1.04769 0.0476917
0.234375 1.04769 0.0476917
0.25 1.04914 0.0491355
0.25 1.04914 0.0491355
0.265625 1.05055 0.0505514
0.265625 1.05055 0.0505514
0.28125 1.05193 0.0519286
0.28125 1.05193 0.0519286
0.296875 1.05326 0.0532571
0.296875 1.05326 0.0532571
0.3125 1.05453 0.0545273
0.3125 1.05453 0.0545273
0.328125 1.05573 0.0557302
0.328125 1.05573 0.0557302
0.34375 1.05686 0.0568575
0.34375 1.05686 0.0568575
0.359375 1.0579 0.0579015
0.359375 1.0579 0.0579015
0.375 1.05885 0.058855
0.375 1.05885 0.058855
0.390625 1.05971 0.0597116
0.390625 1.05971 0.0597116
0.40625 1.06047 0.0604657
0.40625 1.06047 0.0604657
0.421875 1.06111 0.0611124
0.421875 1.06111 0.0611124
0.4375 1.06165 0.0616472
0.4375 1.06165 0.0616472
0.453125 1.06207 0.0620669
0.453125 1.06207 0.0620669
0.46875 1.06237 0.0623685
0.46875 1.06237 0.0623685
0.484375 1.06255 0.0625503
0.484375 1.06255 0.0625503
0.5 1.06261 0.0626111
0.5 1.06261 0.0626111
0.515625 1.06255 0.0625503
0.515625 1.06255 0.0625503
0.53125 1.06237 0.0623685
0.53125 1.06237 0.0623685
0.546875 1.06207 0.0620669
0.546875 1.06207 0.0620669
0.5625 1.06165 0.0616472
0.5625 1.06165 0.0616472
0.578125 1.06111 0.0611124
0.578125 1.06111 0.0611124
0.59375 1.06047 0.0604657
0.59375 1.06047 0.0604657
0.609375 1.05971 0.0597116
0.609375 1.05971 0.0597116
0.625 1.05885 0.058855
0.625 1.05885 0.058855
0.640625 1.0579 0.0579015
0.640625 1.0579 0.0579015
0.65625 1.05686 0.0568575
0.65625 1.05686 0.0568575
0.671875 1.05573 0.0557302
0.671875 1.05573 0.0557302
0.6875 1.05453 0.0545273
0.6875 1.05453 0.0545273
0.703125 1.05326 0.0532571
0.703125 1.05326 0.0532571
0.71875 1.05193 0.0519286
0.71875 1.05193 0.0519286
0.734375 1.05055 0.0505514
0.734375 1.05055 0.0505514
0.75 1.04914 0.0491355
0.75 1.04914 0.0491355
0.765625 1.04769 0.0476917
0.765625 1.04769 0.0476917
0.78125 1.04623 0.0462308
0.78125 1.04623 0.0462308
0.796875 1.04476 0.0447647
0.796875 1.04476 0.0447647
0.8125 1.04331 0.0433051
0.8125 1.04331 0.0433051
0.828125 1.04186 0.0418646
0.828125 1.04186 0.0418646
0.84375 1.04046 0.0404561
0.84375 1.04046 0.0404561
0.859375 1.03909 0.039093
0.859375 1.03909 0.039093
0.875 1.03779 0.0377891
0.875 1.03779 0.0377891
0.890625 1.03656 0.0365592
0.890625 1.03656 0.0365592
0.90625 1.03542 0.0354188
0.90625 1.03542 0.0354188
0.921875 1.03438 0.0343845
0.921875 1.03438 0.0343845
0.9375 1.03348 0.0334751
0.9375 1.03348 0.0334751
0.953125 1.03271 0.0327121
0.953125 1.03271 0.0327121
0.96875 1.03212 0.0321221
0.96875 1.03212 0.0321221
0.984375 1.03174 0.0317416
0.984375 1.03174 0.0317416
1 1 0
