# x y z topography
0 0 100 0
45 0 100 0
0 95 100 0
45 95 100 0
45 0 100 0
90 0 100 0
45 95 100 0
90 95 104.022 4.0222
0 95 100 0
45 95 100 0
0 190 100 0
45 190 100 0
45 95 100 0
90 95 104.022 4.0222
45 190 100 0
90 190 104.022 4.0222
90 0 100 0
135 0 100 0
90 95 104.022 4.0222
135 95 104.022 4.0222
135 0 100 0
180 0 100 0
135 95 104.022 4.0222
180 95 104.022 4.0222
90 95 104.022 4.0222
135 95 104.022 4.0222
90 190 104.022 4.0222
135 190 104.022 4.0222
135 95 104.022 4.0222
180 95 104.022 4.0222
135 190 104.022 4.0222
180 190 104.022 4.0222
0 190 100 0
45 190 100 0
0 285 100 0
45 285 100 0
45 190 100 0
90 190 104.022 4.0222
45 285 100 0
90 285 104.054 4.05375
0 285 100 0
45 285 100 0
0 380 100 0
45 380 100 0
45 285 100 0
90 285 104.054 4.05375
45 380 100 0
90 380 104.085 4.08531
90 190 104.022 4.0222
135 190 104.022 4.0222
90 285 104.054 4.05375
135 285 104.054 4.05375
135 190 104.022 4.0222
180 190 104.022 4.0222
135 285 104.054 4.05375
180 285 104.054 4.05375
90 285 104.054 4.05375
135 285 104.054 4.05375
90 380 104.085 4.08531
135 380 104.085 4.08531
135 285 104.054 4.05375
180 285 104.054 4.05375
135 380 104.085 4.08531
180 380 104.085 4.08531
180 0 100 0
225 0 100 0
180 95 104.022 4.0222
225 95 104.022 4.0222
225 0 100 0
270 0 100 0
225 95 104.022 4.0222
270 95 104.022 4.0222
180 95 104.022 4.0222
225 95 104.022 4.0222
180 190 104.022 4.0222
225 190 104.022 4.0222
225 95 104.022 4.0222
270 95 104.022 4.0222
225 190 104.022 4.0222
270 190 104.054 4.05375
270 0 100 0
315 0 100 0
270 95 104.022 4.0222
315 95 104.022 4.0222
315 0 100 0
360 0 100 0
315 95 104.022 4.0222
360 95 104.022 4.0222
270 95 104.022 4.0222
315 95 104.022 4.0222
270 190 104.054 4.05375
315 190 104.054 4.05375
315 95 104.022 4.0222
360 95 104.022 4.0222
315 190 104.054 4.05375
360 190 104.054 4.05375
180 190 104.022 4.0222
225 190 104.022 4.0222
180 285 104.054 4.05375
225 285 104.054 4.05375
225 190 104.022 4.0222
270 190 104.054 4.05375
225 285 104.054 4.05375
270 285 104.054 4.05375
180 285 104.054 4.05375
225 285 104.054 4.05375
180 380 104.085 4.08531
225 380 104.085 4.08531
225 285 104.054 4.05375
270 285 104.054 4.05375
225 380 104.085 4.08531
270 380 104.085 4.08531
270 190 104.054 4.05375
315 190 104.054 4.05375
270 285 104.054 4.05375
315 285 104.054 4.05375
315 190 104.054 4.05375
360 190 104.054 4.05375
315 285 104.054 4.05375
360 285 104.054 4.05375
270 285 104.054 4.05375
315 285 104.054 4.05375
270 380 104.085 4.08531
315 380 104.085 4.08531
315 285 104.054 4.05375
360 285 104.054 4.05375
315 380 104.085 4.08531
360 380 104.085 4.08531
360 0 100 0
405 0 100 0
360 95 104.022 4.0222
405 95 104.022 4.0222
405 0 100 0
450 0 100 0
405 95 104.022 4.0222
450 95 100 0
360 95 104.022 4.0222
405 95 104.022 4.0222
360 190 104.054 4.05375
405 190 104.054 4.05375
405 95 104.022 4.0222
450 95 100 0
405 190 104.054 4.05375
450 190 100 0
450 0 100 0
495 0 100 0
450 95 100 0
495 95 104.022 4.0222
495 0 100 0
540 0 100 0
495 95 104.022 4.0222
540 95 104.022 4.0222
450 95 100 0
495 95 104.022 4.0222
450 190 100 0
495 190 104.054 4.05375
495 95 104.022 4.0222
540 95 104.022 4.0222
495 190 104.054 4.05375
540 190 104.054 4.05375
360 190 104.054 4.05375
405 190 104.054 4.05375
360 285 104.054 4.05375
405 285 104.054 4.05375
405 190 104.054 4.05375
450 190 100 0
405 285 104.054 4.05375
450 285 100 0
360 285 104.054 4.05375
405 285 104.054 4.05375
360 380 104.085 4.08531
405 380 104.085 4.08531
405 285 104.054 4.05375
450 285 100 0
405 380 104.085 4.08531
450 380 100 0
450 190 100 0
495 190 104.054 4.05375
450 285 100 0
495 285 104.085 4.08531
495 190 104.054 4.05375
540 190 104.054 4.05375
495 285 104.085 4.08531
540 285 104.085 4.08531
450 285 100 0
495 285 104.085 4.08531
450 380 100 0
495 380 104.085 4.08531
495 285 104.085 4.08531
540 285 104.085 4.08531
495 380 104.085 4.08531
540 380 104.085 4.08531
540 0 100 0
585 0 100 0
540 95 104.022 4.0222
585 95 104.022 4.0222
585 0 100 0
630 0 100 0
585 95 104.022 4.0222
630 95 104.022 4.0222
540 95 104.022 4.0222
585 95 104.022 4.0222
540 190 104.054 4.05375
585 190 104.054 4.05375
585 95 104.022 4.0222
630 95 104.022 4.0222
585 190 104.054 4.05375
630 190 104.054 4.05375
630 0 100 0
675 0 100 0
630 95 104.022 4.0222
675 95 104.022 4.0222
675 0 100 0
720 0 100 0
675 95 104.022 4.0222
720 95 104.022 4.0222
630 95 104.022 4.0222
675 95 104.022 4.0222
630 190 104.054 4.05375
675 190 104.054 4.05375
675 95 104.022 4.0222
720 95 104.022 4.0222
675 190 104.054 4.05375
720 190 104.054 4.05375
540 190 104.054 4.05375
585 190 104.054 4.05375
540 285 104.085 4.08531
585 285 104.085 4.08531
585 190 104.054 4.05375
630 190 104.054 4.05375
585 285 104.085 4.08531
630 285 104.085 4.08531
540 285 104.085 4.08531
585 285 104.085 4.08531
540 380 104.085 4.08531
585 380 104.085 4.08531
585 285 104.085 4.08531
630 285 104.085 4.08531
585 380 104.085 4.08531
630 380 104.085 4.08531
630 190 104.054 4.05375
675 190 104.054 4.05375
630 285 104.085 4.08531
675 285 104.085 4.08531
675 190 104.054 4.05375
720 190 104.054 4.05375
675 285 104.085 4.08531
720 285 104.085 4.08531
630 285 104.085 4.08531
675 285 104.085 4.08531
630 380 104.085 4.08531
675 380 104.117 4.11687
675 285 104.085 4.08531
720 285 104.085 4.08531
675 380 104.117 4.11687
720 380 104.117 4.11687
720 0 100 0
765 0 100 0
720 95 104.022 4.0222
765 95 104.022 4.0222
765 0 100 0
810 0 100 0
765 95 104.022 4.0222
810 95 104.022 4.0222
720 95 104.022 4.0222
765 95 104.022 4.0222
720 190 104.054 4.05375
765 190 104.054 4.05375
765 95 104.022 4.0222
810 95 104.022 4.0222
765 190 104.054 4.05375
810 190 104.054 4.05375
810 0 100 0
855 0 100 0
810 95 104.022 4.0222
855 95 100 0
855 0 100 0
900 0 100 0
855 95 100 0
900 95 100 0
810 95 104.022 4.0222
855 95 100 0
810 190 104.054 4.05375
855 190 100 0
855 95 100 0
900 95 100 0
855 190 100 0
900 190 100 0
720 190 104.054 4.05375
765 190 104.054 4.05375
720 285 104.085 4.08531
765 285 104.085 4.08531
765 190 104.054 4.05375
810 190 104.054 4.05375
765 285 104.085 4.08531
810 285 104.085 4.08531
720 285 104.085 4.08531
765 285 104.085 4.08531
720 380 104.117 4.11687
765 380 104.117 4.11687
765 285 104.085 4.08531
810 285 104.085 4.08531
765 380 104.117 4.11687
810 380 104.117 4.11687
810 190 104.054 4.05375
855 190 100 0
810 285 104.085 4.08531
855 285 100 0
855 190 100 0
900 190 100 0
855 285 100 0
900 285 100 0
810 285 104.085 4.08531
855 285 100 0
810 380 104.117 4.11687
855 380 100 0
855 285 100 0
900 285 100 0
855 380 100 0
900 380 100 0
0 380 100 0
45 380 100 0
0 475 100 0
45 475 100 0
45 380 100 0
90 380 104.085 4.08531
45 475 100 0
90 475 104.117 4.11687
0 475 100 0
45 475 100 0
0 570 100 0
45 570 100 0
45 475 100 0
90 475 104.117 4.11687
45 570 100 0
90 570 104.148 4.14842
90 380 104.085 4.08531
135 380 104.085 4.08531
90 475 104.117 4.11687
135 475 104.117 4.11687
135 380 104.085 4.08531
180 380 104.085 4.08531
135 475 104.117 4.11687
180 475 104.117 4.11687
90 475 104.117 4.11687
135 475 104.117 4.11687
90 570 104.148 4.14842
135 570 104.148 4.14842
135 475 104.117 4.11687
180 475 104.117 4.11687
135 570 104.148 4.14842
180 570 104.148 4.14842
0 570 100 0
45 570 100 0
0 665 100 0
45 665 100 0
45 570 100 0
90 570 104.148 4.14842
45 665 100 0
90 665 104.148 4.14842
0 665 100 0
45 665 100 0
0 760 100 0
45 760 100 0
45 665 100 0
90 665 104.148 4.14842
45 760 100 0
90 760 104.18 4.17998
90 570 104.148 4.14842
135 570 104.148 4.14842
90 665 104.148 4.14842
135 665 104.148 4.14842
135 570 104.148 4.14842
180 570 104.148 4.14842
135 665 104.148 4.14842
180 665 104.148 4.14842
90 665 104.148 4.14842
135 665 104.148 4.14842
90 760 104.18 4.17998
135 760 104.18 4.17998
135 665 104.148 4.14842
180 665 104.148 4.14842
135 760 104.18 4.17998
180 760 104.18 4.17998
180 380 104.085 4.08531
225 380 104.085 4.08531
180 475 104.117 4.11687
225 475 104.117 4.11687
225 380 104.085 4.08531
270 380 104.085 4.08531
225 475 104.117 4.11687
270 475 104.117 4.11687
180 475 104.117 4.11687
225 475 104.117 4.11687
180 570 104.148 4.14842
225 570 104.148 4.14842
225 475 104.117 4.11687
270 475 104.117 4.11687
225 570 104.148 4.14842
270 570 104.148 4.14842
270 380 104.085 4.08531
315 380 104.085 4.08531
270 475 104.117 4.11687
315 475 104.117 4.11687
315 380 104.085 4.08531
360 380 104.085 4.08531
315 475 104.117 4.11687
360 475 104.117 4.11687
270 475 104.117 4.11687
315 475 104.117 4.11687
270 570 104.148 4.14842
315 570 104.148 4.14842
315 475 104.117 4.11687
360 475 104.117 4.11687
315 570 104.148 4.14842
360 570 104.148 4.14842
180 570 104.148 4.14842
225 570 104.148 4.14842
180 665 104.148 4.14842
225 665 104.148 4.14842
225 570 104.148 4.14842
270 570 104.148 4.14842
225 665 104.148 4.14842
270 665 104.18 4.17998
180 665 104.148 4.14842
225 665 104.148 4.14842
180 760 104.18 4.17998
225 760 104.18 4.17998
225 665 104.148 4.14842
270 665 104.18 4.17998
225 760 104.18 4.17998
270 760 104.18 4.17998
270 570 104.148 4.14842
315 570 104.148 4.14842
270 665 104.18 4.17998
315 665 104.18 4.17998
315 570 104.148 4.14842
360 570 104.148 4.14842
315 665 104.18 4.17998
360 665 104.18 4.17998
270 665 104.18 4.17998
315 665 104.18 4.17998
270 760 104.18 4.17998
315 760 104.18 4.17998
315 665 104.18 4.17998
360 665 104.18 4.17998
315 760 104.18 4.17998
360 760 104.18 4.17998
360 380 104.085 4.08531
405 380 104.085 4.08531
360 475 104.117 4.11687
405 475 104.117 4.11687
405 380 104.085 4.08531
450 380 100 0
405 475 104.117 4.11687
450 475 100 0
360 475 104.117 4.11687
405 475 104.117 4.11687
360 570 104.148 4.14842
405 570 104.148 4.14842
405 475 104.117 4.11687
450 475 100 0
405 570 104.148 4.14842
450 570 100 0
450 380 100 0
495 380 104.085 4.08531
450 475 100 0
495 475 104.117 4.11687
495 380 104.085 4.08531
540 380 104.085 4.08531
495 475 104.117 4.11687
540 475 104.117 4.11687
450 475 100 0
495 475 104.117 4.11687
450 570 100 0
495 570 104.148 4.14842
495 475 104.117 4.11687
540 475 104.117 4.11687
495 570 104.148 4.14842
540 570 104.148 4.14842
360 570 104.148 4.14842
405 570 104.148 4.14842
360 665 104.18 4.17998
405 665 104.18 4.17998
405 570 104.148 4.14842
450 570 100 0
405 665 104.18 4.17998
450 665 100 0
360 665 104.18 4.17998
405 665 104.18 4.17998
360 760 104.18 4.17998
405 760 104.18 4.17998
405 665 104.18 4.17998
450 665 100 0
405 760 104.18 4.17998
450 760 100 0
450 570 100 0
495 570 104.148 4.14842
450 665 100 0
495 665 104.18 4.17998
495 570 104.148 4.14842
540 570 104.148 4.14842
495 665 104.18 4.17998
540 665 104.18 4.17998
450 665 100 0
495 665 104.18 4.17998
450 760 100 0
495 760 104.212 4.21154
495 665 104.18 4.17998
540 665 104.18 4.17998
495 760 104.212 4.21154
540 760 104.212 4.21154
540 380 104.085 4.08531
585 380 104.085 4.08531
540 475 104.117 4.11687
585 475 104.117 4.11687
585 380 104.085 4.08531
630 380 104.085 4.08531
585 475 104.117 4.11687
630 475 104.117 4.11687
540 475 104.117 4.11687
585 475 104.117 4.11687
540 570 104.148 4.14842
585 570 104.148 4.14842
585 475 104.117 4.11687
630 475 104.117 4.11687
585 570 104.148 4.14842
630 570 104.148 4.14842
630 380 104.085 4.08531
675 380 104.117 4.11687
630 475 104.117 4.11687
675 475 104.117 4.11687
675 380 104.117 4.11687
720 380 104.117 4.11687
675 475 104.117 4.11687
720 475 104.117 4.11687
630 475 104.117 4.11687
675 475 104.117 4.11687
630 570 104.148 4.14842
675 570 104.148 4.14842
675 475 104.117 4.11687
720 475 104.117 4.11687
675 570 104.148 4.14842
720 570 104.148 4.14842
540 570 104.148 4.14842
585 570 104.148 4.14842
540 665 104.18 4.17998
585 665 104.18 4.17998
585 570 104.148 4.14842
630 570 104.148 4.14842
585 665 104.18 4.17998
630 665 104.18 4.17998
540 665 104.18 4.17998
585 665 104.18 4.17998
540 760 104.212 4.21154
585 760 104.212 4.21154
585 665 104.18 4.17998
630 665 104.18 4.17998
585 760 104.212 4.21154
630 760 104.212 4.21154
630 570 104.148 4.14842
675 570 104.148 4.14842
630 665 104.18 4.17998
675 665 104.18 4.17998
675 570 104.148 4.14842
720 570 104.148 4.14842
675 665 104.18 4.17998
720 665 104.18 4.17998
630 665 104.18 4.17998
675 665 104.18 4.17998
630 760 104.212 4.21154
675 760 104.212 4.21154
675 665 104.18 4.17998
720 665 104.18 4.17998
675 760 104.212 4.21154
720 760 104.212 4.21154
720 380 104.117 4.11687
765 380 104.117 4.11687
720 475 104.117 4.11687
765 475 104.117 4.11687
765 380 104.117 4.11687
810 380 104.117 4.11687
765 475 104.117 4.11687
810 475 104.117 4.11687
720 475 104.117 4.11687
765 475 104.117 4.11687
720 570 104.148 4.14842
765 570 104.148 4.14842
765 475 104.117 4.11687
810 475 104.117 4.11687
765 570 104.148 4.14842
810 570 104.148 4.14842
810 380 104.117 4.11687
855 380 100 0
810 475 104.117 4.11687
855 475 100 0
855 380 100 0
900 380 100 0
855 475 100 0
900 475 100 0
810 475 104.117 4.11687
855 475 100 0
810 570 104.148 4.14842
855 570 100 0
855 475 100 0
900 475 100 0
855 570 100 0
900 570 100 0
720 570 104.148 4.14842
765 570 104.148 4.14842
720 665 104.18 4.17998
765 665 104.18 4.17998
765 570 104.148 4.14842
810 570 104.148 4.14842
765 665 104.18 4.17998
810 665 104.18 4.17998
720 665 104.18 4.17998
765 665 104.18 4.17998
720 760 104.212 4.21154
765 760 104.212 4.21154
765 665 104.18 4.17998
810 665 104.18 4.17998
765 760 104.212 4.21154
810 760 104.212 4.21154
810 570 104.148 4.14842
855 570 100 0
810 665 104.18 4.17998
855 665 100 0
855 570 100 0
900 570 100 0
855 665 100 0
900 665 100 0
810 665 104.18 4.17998
855 665 100 0
810 760 104.212 4.21154
855 760 100 0
855 665 100 0
900 665 100 0
855 760 100 0
900 760 100 0
0 760 100 0
45 760 100 0
0 855 100 0
45 855 100 0
45 760 100 0
90 760 104.18 4.17998
45 855 100 0
90 855 104.212 4.21154
0 855 100 0
45 855 100 0
0 950 100 0
45 950 100 0
45 855 100 0
90 855 104.212 4.21154
45 950 100 0
90 950 104.243 4.2431
90 760 104.18 4.17998
135 760 104.18 4.17998
90 855 104.212 4.21154
135 855 104.212 4.21154
135 760 104.18 4.17998
180 760 104.18 4.17998
135 855 104.212 4.21154
180 855 104.212 4.21154
90 855 104.212 4.21154
135 855 104.212 4.21154
90 950 104.243 4.2431
135 950 104.212 4.21154
135 855 104.212 4.21154
180 855 104.212 4.21154
135 950 104.212 4.21154
180 950 104.243 4.2431
0 950 100 0
45 950 100 0
0 1045 100 0
45 1045 100 0
45 950 100 0
90 950 104.243 4.2431
45 1045 100 0
90 1045 104.243 4.2431
0 1045 100 0
45 1045 100 0
0 1140 100 0
45 1140 100 0
45 1045 100 0
90 1045 104.243 4.2431
45 1140 100 0
90 1140 104.275 4.27465
90 950 104.243 4.2431
135 950 104.212 4.21154
90 1045 104.243 4.2431
135 1045 104.243 4.2431
135 950 104.212 4.21154
180 950 104.243 4.2431
135 1045 104.243 4.2431
180 1045 104.243 4.2431
90 1045 104.243 4.2431
135 1045 104.243 4.2431
90 1140 104.275 4.27465
135 1140 104.275 4.27465
135 1045 104.243 4.2431
180 1045 104.243 4.2431
135 1140 104.275 4.27465
180 1140 104.275 4.27465
180 760 104.18 4.17998
225 760 104.18 4.17998
180 855 104.212 4.21154
225 855 104.212 4.21154
225 760 104.18 4.17998
270 760 104.18 4.17998
225 855 104.212 4.21154
270 855 104.212 4.21154
180 855 104.212 4.21154
225 855 104.212 4.21154
180 950 104.243 4.2431
225 950 104.212 4.21154
225 855 104.212 4.21154
270 855 104.212 4.21154
225 950 104.212 4.21154
270 950 104.243 4.2431
270 760 104.18 4.17998
315 760 104.18 4.17998
270 855 104.212 4.21154
315 855 104.212 4.21154
315 760 104.18 4.17998
360 760 104.18 4.17998
315 855 104.212 4.21154
360 855 104.212 4.21154
270 855 104.212 4.21154
315 855 104.212 4.21154
270 950 104.243 4.2431
315 950 104.243 4.2431
315 855 104.212 4.21154
360 855 104.212 4.21154
315 950 104.243 4.2431
360 950 104.243 4.2431
180 950 104.243 4.2431
225 950 104.212 4.21154
180 1045 104.243 4.2431
225 1045 104.243 4.2431
225 950 104.212 4.21154
270 950 104.243 4.2431
225 1045 104.243 4.2431
270 1045 104.243 4.2431
180 1045 104.243 4.2431
225 1045 104.243 4.2431
180 1140 104.275 4.27465
225 1140 104.275 4.27465
225 1045 104.243 4.2431
270 1045 104.243 4.2431
225 1140 104.275 4.27465
270 1140 104.275 4.27465
270 950 104.243 4.2431
315 950 104.243 4.2431
270 1045 104.243 4.2431
315 1045 104.243 4.2431
315 950 104.243 4.2431
360 950 104.243 4.2431
315 1045 104.243 4.2431
360 1045 104.243 4.2431
270 1045 104.243 4.2431
315 1045 104.243 4.2431
270 1140 104.275 4.27465
315 1140 104.275 4.27465
315 1045 104.243 4.2431
360 1045 104.243 4.2431
315 1140 104.275 4.27465
360 1140 104.275 4.27465
360 760 104.18 4.17998
405 760 104.18 4.17998
360 855 104.212 4.21154
405 855 104.212 4.21154
405 760 104.18 4.17998
450 760 100 0
405 855 104.212 4.21154
450 855 100 0
360 855 104.212 4.21154
405 855 104.212 4.21154
360 950 104.243 4.2431
405 950 104.243 4.2431
405 855 104.212 4.21154
450 855 100 0
405 950 104.243 4.2431
450 950 100 0
450 760 100 0
495 760 104.212 4.21154
450 855 100 0
495 855 104.212 4.21154
495 760 104.212 4.21154
540 760 104.212 4.21154
495 855 104.212 4.21154
540 855 104.212 4.21154
450 855 100 0
495 855 104.212 4.21154
450 950 100 0
495 950 104.243 4.2431
495 855 104.212 4.21154
540 855 104.212 4.21154
495 950 104.243 4.2431
540 950 104.212 4.21154
360 950 104.243 4.2431
405 950 104.243 4.2431
360 1045 104.243 4.2431
405 1045 104.243 4.2431
405 950 104.243 4.2431
450 950 100 0
405 1045 104.243 4.2431
450 1045 100 0
360 1045 104.243 4.2431
405 1045 104.243 4.2431
360 1140 104.275 4.27465
405 1140 104.275 4.27465
405 1045 104.243 4.2431
450 1045 100 0
405 1140 104.275 4.27465
450 1140 100 0
450 950 100 0
495 950 104.243 4.2431
450 1045 100 0
495 1045 104.243 4.2431
495 950 104.243 4.2431
540 950 104.212 4.21154
495 1045 104.243 4.2431
540 1045 104.243 4.2431
450 1045 100 0
495 1045 104.243 4.2431
450 1140 100 0
495 1140 104.275 4.27465
495 1045 104.243 4.2431
540 1045 104.243 4.2431
495 1140 104.275 4.27465
540 1140 104.275 4.27465
540 760 104.212 4.21154
585 760 104.212 4.21154
540 855 104.212 4.21154
585 855 104.212 4.21154
585 760 104.212 4.21154
630 760 104.212 4.21154
585 855 104.212 4.21154
630 855 104.212 4.21154
540 855 104.212 4.21154
585 855 104.212 4.21154
540 950 104.212 4.21154
585 950 104.243 4.2431
585 855 104.212 4.21154
630 855 104.212 4.21154
585 950 104.243 4.2431
630 950 104.212 4.21154
630 760 104.212 4.21154
675 760 104.212 4.21154
630 855 104.212 4.21154
675 855 104.243 4.2431
675 760 104.212 4.21154
720 760 104.212 4.21154
675 855 104.243 4.2431
720 855 104.243 4.2431
630 855 104.212 4.21154
675 855 104.243 4.2431
630 950 104.212 4.21154
675 950 104.243 4.2431
675 855 104.243 4.2431
720 855 104.243 4.2431
675 950 104.243 4.2431
720 950 104.243 4.2431
540 950 104.212 4.21154
585 950 104.243 4.2431
540 1045 104.243 4.2431
585 1045 104.243 4.2431
585 950 104.243 4.2431
630 950 104.212 4.21154
585 1045 104.243 4.2431
630 1045 104.243 4.2431
540 1045 104.243 4.2431
585 1045 104.243 4.2431
540 1140 104.275 4.27465
585 1140 104.275 4.27465
585 1045 104.243 4.2431
630 1045 104.243 4.2431
585 1140 104.275 4.27465
630 1140 104.275 4.27465
630 950 104.212 4.21154
675 950 104.243 4.2431
630 1045 104.243 4.2431
675 1045 104.243 4.2431
675 950 104.243 4.2431
720 950 104.243 4.2431
675 1045 104.243 4.2431
720 1045 104.243 4.2431
630 1045 104.243 4.2431
675 1045 104.243 4.2431
630 1140 104.275 4.27465
675 1140 104.275 4.27465
675 1045 104.243 4.2431
720 1045 104.243 4.2431
675 1140 104.275 4.27465
720 1140 104.275 4.27465
720 760 104.212 4.21154
765 760 104.212 4.21154
720 855 104.243 4.2431
765 855 104.243 4.2431
765 760 104.212 4.21154
810 760 104.212 4.21154
765 855 104.243 4.2431
810 855 104.243 4.2431
720 855 104.243 4.2431
765 855 104.243 4.2431
720 950 104.243 4.2431
765 950 104.243 4.2431
765 855 104.243 4.2431
810 855 104.243 4.2431
765 950 104.243 4.2431
810 950 104.243 4.2431
810 760 104.212 4.21154
855 760 100 0
810 855 104.243 4.2431
855 855 100 0
855 760 100 0
900 760 100 0
855 855 100 0
900 855 100 0
810 855 104.243 4.2431
855 855 100 0
810 950 104.243 4.2431
855 950 100 0
855 855 100 0
900 855 100 0
855 950 100 0
900 950 100 0
720 950 104.243 4.2431
765 950 104.243 4.2431
720 1045 104.243 4.2431
765 1045 104.243 4.2431
765 950 104.243 4.2431
810 950 104.243 4.2431
765 1045 104.243 4.2431
810 1045 104.243 4.2431
720 1045 104.243 4.2431
765 1045 104.243 4.2431
720 1140 104.275 4.27465
765 1140 104.275 4.27465
765 1045 104.243 4.2431
810 1045 104.243 4.2431
765 1140 104.275 4.27465
810 1140 104.275 4.27465
810 950 104.243 4.2431
855 950 100 0
810 1045 104.243 4.2431
855 1045 100 0
855 950 100 0
900 950 100 0
855 1045 100 0
900 1045 100 0
810 1045 104.243 4.2431
855 1045 100 0
810 1140 104.275 4.27465
855 1140 100 0
855 1045 100 0
900 1045 100 0
855 1140 100 0
900 1140 100 0
0 1140 100 0
45 1140 100 0
0 1235 100 0
45 1235 100 0
45 1140 100 0
90 1140 104.275 4.27465
45 1235 100 0
90 1235 104.275 4.27465
0 1235 100 0
45 1235 100 0
0 1330 100 0
45 1330 100 0
45 1235 100 0
90 1235 104.275 4.27465
45 1330 100 0
90 1330 104.306 4.30621
90 1140 104.275 4.27465
135 1140 104.275 4.27465
90 1235 104.275 4.27465
135 1235 104.275 4.27465
135 1140 104.275 4.27465
180 1140 104.275 4.27465
135 1235 104.275 4.27465
180 1235 104.275 4.27465
90 1235 104.275 4.27465
135 1235 104.275 4.27465
90 1330 104.306 4.30621
135 1330 104.306 4.30621
135 1235 104.275 4.27465
180 1235 104.275 4.27465
135 1330 104.306 4.30621
180 1330 104.306 4.30621
0 1330 100 0
45 1330 100 0
0 1425 100 0
45 1425 100 0
45 1330 100 0
90 1330 104.306 4.30621
45 1425 100 0
90 1425 104.338 4.33777
0 1425 100 0
45 1425 100 0
0 1520 100 0
45 1520 100 0
45 1425 100 0
90 1425 104.338 4.33777
45 1520 100 0
90 1520 104.369 4.36932
90 1330 104.306 4.30621
135 1330 104.306 4.30621
90 1425 104.338 4.33777
135 1425 104.338 4.33777
135 1330 104.306 4.30621
180 1330 104.306 4.30621
135 1425 104.338 4.33777
180 1425 104.338 4.33777
90 1425 104.338 4.33777
135 1425 104.338 4.33777
90 1520 104.369 4.36932
135 1520 104.369 4.36932
135 1425 104.338 4.33777
180 1425 104.338 4.33777
135 1520 104.369 4.36932
180 1520 104.369 4.36932
180 1140 104.275 4.27465
225 1140 104.275 4.27465
180 1235 104.275 4.27465
225 1235 104.275 4.27465
225 1140 104.275 4.27465
270 1140 104.275 4.27465
225 1235 104.275 4.27465
270 1235 104.306 4.30621
180 1235 104.275 4.27465
225 1235 104.275 4.27465
180 1330 104.306 4.30621
225 1330 104.306 4.30621
225 1235 104.275 4.27465
270 1235 104.306 4.30621
225 1330 104.306 4.30621
270 1330 104.306 4.30621
270 1140 104.275 4.27465
315 1140 104.275 4.27465
270 1235 104.306 4.30621
315 1235 104.306 4.30621
315 1140 104.275 4.27465
360 1140 104.275 4.27465
315 1235 104.306 4.30621
360 1235 104.306 4.30621
270 1235 104.306 4.30621
315 1235 104.306 4.30621
270 1330 104.306 4.30621
315 1330 104.306 4.30621
315 1235 104.306 4.30621
360 1235 104.306 4.30621
315 1330 104.306 4.30621
360 1330 104.306 4.30621
180 1330 104.306 4.30621
225 1330 104.306 4.30621
180 1425 104.338 4.33777
225 1425 104.338 4.33777
225 1330 104.306 4.30621
270 1330 104.306 4.30621
225 1425 104.338 4.33777
270 1425 104.338 4.33777
180 1425 104.338 4.33777
225 1425 104.338 4.33777
180 1520 104.369 4.36932
225 1520 104.369 4.36932
225 1425 104.338 4.33777
270 1425 104.338 4.33777
225 1520 104.369 4.36932
270 1520 104.369 4.36932
270 1330 104.306 4.30621
315 1330 104.306 4.30621
270 1425 104.338 4.33777
315 1425 104.338 4.33777
315 1330 104.306 4.30621
360 1330 104.306 4.30621
315 1425 104.338 4.33777
360 1425 104.338 4.33777
270 1425 104.338 4.33777
315 1425 104.338 4.33777
270 1520 104.369 4.36932
315 1520 104.369 4.36932
315 1425 104.338 4.33777
360 1425 104.338 4.33777
315 1520 104.369 4.36932
360 1520 104.369 4.36932
360 1140 104.275 4.27465
405 1140 104.275 4.27465
360 1235 104.306 4.30621
405 1235 104.306 4.30621
405 1140 104.275 4.27465
450 1140 100 0
405 1235 104.306 4.30621
450 1235 100 0
360 1235 104.306 4.30621
405 1235 104.306 4.30621
360 1330 104.306 4.30621
405 1330 104.306 4.30621
405 1235 104.306 4.30621
450 1235 100 0
405 1330 104.306 4.30621
450 1330 100 0
450 1140 100 0
495 1140 104.275 4.27465
450 1235 100 0
495 1235 104.306 4.30621
495 1140 104.275 4.27465
540 1140 104.275 4.27465
495 1235 104.306 4.30621
540 1235 104.306 4.30621
450 1235 100 0
495 1235 104.306 4.30621
450 1330 100 0
495 1330 104.338 4.33777
495 1235 104.306 4.30621
540 1235 104.306 4.30621
495 1330 104.338 4.33777
540 1330 104.338 4.33777
360 1330 104.306 4.30621
405 1330 104.306 4.30621
360 1425 104.338 4.33777
405 1425 104.338 4.33777
405 1330 104.306 4.30621
450 1330 100 0
405 1425 104.338 4.33777
450 1425 100 0
360 1425 104.338 4.33777
405 1425 104.338 4.33777
360 1520 104.369 4.36932
405 1520 104.369 4.36932
405 1425 104.338 4.33777
450 1425 100 0
405 1520 104.369 4.36932
450 1520 100 0
450 1330 100 0
495 1330 104.338 4.33777
450 1425 100 0
495 1425 104.338 4.33777
495 1330 104.338 4.33777
540 1330 104.338 4.33777
495 1425 104.338 4.33777
540 1425 104.338 4.33777
450 1425 100 0
495 1425 104.338 4.33777
450 1520 100 0
495 1520 104.369 4.36932
495 1425 104.338 4.33777
540 1425 104.338 4.33777
495 1520 104.369 4.36932
540 1520 104.369 4.36932
540 1140 104.275 4.27465
585 1140 104.275 4.27465
540 1235 104.306 4.30621
585 1235 104.306 4.30621
585 1140 104.275 4.27465
630 1140 104.275 4.27465
585 1235 104.306 4.30621
630 1235 104.306 4.30621
540 1235 104.306 4.30621
585 1235 104.306 4.30621
540 1330 104.338 4.33777
585 1330 104.338 4.33777
585 1235 104.306 4.30621
630 1235 104.306 4.30621
585 1330 104.338 4.33777
630 1330 104.338 4.33777
630 1140 104.275 4.27465
675 1140 104.275 4.27465
630 1235 104.306 4.30621
675 1235 104.306 4.30621
675 1140 104.275 4.27465
720 1140 104.275 4.27465
675 1235 104.306 4.30621
720 1235 104.306 4.30621
630 1235 104.306 4.30621
675 1235 104.306 4.30621
630 1330 104.338 4.33777
675 1330 104.338 4.33777
675 1235 104.306 4.30621
720 1235 104.306 4.30621
675 1330 104.338 4.33777
720 1330 104.338 4.33777
540 1330 104.338 4.33777
585 1330 104.338 4.33777
540 1425 104.338 4.33777
585 1425 104.338 4.33777
585 1330 104.338 4.33777
630 1330 104.338 4.33777
585 1425 104.338 4.33777
630 1425 104.338 4.33777
540 1425 104.338 4.33777
585 1425 104.338 4.33777
540 1520 104.369 4.36932
585 1520 104.369 4.36932
585 1425 104.338 4.33777
630 1425 104.338 4.33777
585 1520 104.369 4.36932
630 1520 104.369 4.36932
630 1330 104.338 4.33777
675 1330 104.338 4.33777
630 1425 104.338 4.33777
675 1425 104.369 4.36932
675 1330 104.338 4.33777
720 1330 104.338 4.33777
675 1425 104.369 4.36932
720 1425 104.369 4.36932
630 1425 104.338 4.33777
675 1425 104.369 4.36932
630 1520 104.369 4.36932
675 1520 104.369 4.36932
675 1425 104.369 4.36932
720 1425 104.369 4.36932
675 1520 104.369 4.36932
720 1520 104.369 4.36932
720 1140 104.275 4.27465
765 1140 104.275 4.27465
720 1235 104.306 4.30621
765 1235 104.306 4.30621
765 1140 104.275 4.27465
810 1140 104.275 4.27465
765 1235 104.306 4.30621
810 1235 104.306 4.30621
720 1235 104.306 4.30621
765 1235 104.306 4.30621
720 1330 104.338 4.33777
765 1330 104.338 4.33777
765 1235 104.306 4.30621
810 1235 104.306 4.30621
765 1330 104.338 4.33777
810 1330 104.338 4.33777
810 1140 104.275 4.27465
855 1140 100 0
810 1235 104.306 4.30621
855 1235 100 0
855 1140 100 0
900 1140 100 0
855 1235 100 0
900 1235 100 0
810 1235 104.306 4.30621
855 1235 100 0
810 1330 104.338 4.33777
855 1330 100 0
855 1235 100 0
900 1235 100 0
855 1330 100 0
900 1330 100 0
720 1330 104.338 4.33777
765 1330 104.338 4.33777
720 1425 104.369 4.36932
765 1425 104.369 4.36932
765 1330 104.338 4.33777
810 1330 104.338 4.33777
765 1425 104.369 4.36932
810 1425 104.369 4.36932
720 1425 104.369 4.36932
765 1425 104.369 4.36932
720 1520 104.369 4.36932
765 1520 104.369 4.36932
765 1425 104.369 4.36932
810 1425 104.369 4.36932
765 1520 104.369 4.36932
810 1520 104.369 4.36932
810 1330 104.338 4.33777
855 1330 100 0
810 1425 104.369 4.36932
855 1425 100 0
855 1330 100 0
900 1330 100 0
855 1425 100 0
900 1425 100 0
810 1425 104.369 4.36932
855 1425 100 0
810 1520 104.369 4.36932
855 1520 100 0
855 1425 100 0
900 1425 100 0
855 1520 100 0
900 1520 100 0
0 1520 100 0
45 1520 100 0
0 1615 100 0
45 1615 100 0
45 1520 100 0
90 1520 104.369 4.36932
45 1615 100 0
90 1615 104.401 4.40088
0 1615 100 0
45 1615 100 0
0 1710 100 0
45 1710 100 0
45 1615 100 0
90 1615 104.401 4.40088
45 1710 100 0
90 1710 104.401 4.40088
90 1520 104.369 4.36932
135 1520 104.369 4.36932
90 1615 104.401 4.40088
135 1615 104.401 4.40088
135 1520 104.369 4.36932
180 1520 104.369 4.36932
135 1615 104.401 4.40088
180 1615 104.401 4.40088
90 1615 104.401 4.40088
135 1615 104.401 4.40088
90 1710 104.401 4.40088
135 1710 104.401 4.40088
135 1615 104.401 4.40088
180 1615 104.401 4.40088
135 1710 104.401 4.40088
180 1710 104.401 4.40088
0 1710 100 0
45 1710 100 0
0 1805 100 0
45 1805 100 0
45 1710 100 0
90 1710 104.401 4.40088
45 1805 100 0
90 1805 104.432 4.43244
0 1805 100 0
45 1805 100 0
0 1900 100 0
45 1900 100 0
45 1805 100 0
90 1805 104.432 4.43244
45 1900 100 0
90 1900 100 0
90 1710 104.401 4.40088
135 1710 104.401 4.40088
90 1805 104.432 4.43244
135 1805 104.432 4.43244
135 1710 104.401 4.40088
180 1710 104.401 4.40088
135 1805 104.432 4.43244
180 1805 104.432 4.43244
90 1805 104.432 4.43244
135 1805 104.432 4.43244
90 1900 100 0
135 1900 100 0
135 1805 104.432 4.43244
180 1805 104.432 4.43244
135 1900 100 0
180 1900 100 0
180 1520 104.369 4.36932
225 1520 104.369 4.36932
180 1615 104.401 4.40088
225 1615 104.401 4.40088
225 1520 104.369 4.36932
270 1520 104.369 4.36932
225 1615 104.401 4.40088
270 1615 104.401 4.40088
180 1615 104.401 4.40088
225 1615 104.401 4.40088
180 1710 104.401 4.40088
225 1710 104.401 4.40088
225 1615 104.401 4.40088
270 1615 104.401 4.40088
225 1710 104.401 4.40088
270 1710 104.432 4.43244
270 1520 104.369 4.36932
315 1520 104.369 4.36932
270 1615 104.401 4.40088
315 1615 104.401 4.40088
315 1520 104.369 4.36932
360 1520 104.369 4.36932
315 1615 104.401 4.40088
360 1615 104.401 4.40088
270 1615 104.401 4.40088
315 1615 104.401 4.40088
270 1710 104.432 4.43244
315 1710 104.432 4.43244
315 1615 104.401 4.40088
360 1615 104.401 4.40088
315 1710 104.432 4.43244
360 1710 104.432 4.43244
180 1710 104.401 4.40088
225 1710 104.401 4.40088
180 1805 104.432 4.43244
225 1805 104.432 4.43244
225 1710 104.401 4.40088
270 1710 104.432 4.43244
225 1805 104.432 4.43244
270 1805 104.432 4.43244
180 1805 104.432 4.43244
225 1805 104.432 4.43244
180 1900 100 0
225 1900 100 0
225 1805 104.432 4.43244
270 1805 104.432 4.43244
225 1900 100 0
270 1900 100 0
270 1710 104.432 4.43244
315 1710 104.432 4.43244
270 1805 104.432 4.43244
315 1805 104.432 4.43244
315 1710 104.432 4.43244
360 1710 104.432 4.43244
315 1805 104.432 4.43244
360 1805 104.432 4.43244
270 1805 104.432 4.43244
315 1805 104.432 4.43244
270 1900 100 0
315 1900 100 0
315 1805 104.432 4.43244
360 1805 104.432 4.43244
315 1900 100 0
360 1900 100 0
360 1520 104.369 4.36932
405 1520 104.369 4.36932
360 1615 104.401 4.40088
405 1615 104.401 4.40088
405 1520 104.369 4.36932
450 1520 100 0
405 1615 104.401 4.40088
450 1615 100 0
360 1615 104.401 4.40088
405 1615 104.401 4.40088
360 1710 104.432 4.43244
405 1710 104.432 4.43244
405 1615 104.401 4.40088
450 1615 100 0
405 1710 104.432 4.43244
450 1710 100 0
450 1520 100 0
495 1520 104.369 4.36932
450 1615 100 0
495 1615 104.401 4.40088
495 1520 104.369 4.36932
540 1520 104.369 4.36932
495 1615 104.401 4.40088
540 1615 104.401 4.40088
450 1615 100 0
495 1615 104.401 4.40088
450 1710 100 0
495 1710 104.432 4.43244
495 1615 104.401 4.40088
540 1615 104.401 4.40088
495 1710 104.432 4.43244
540 1710 104.432 4.43244
360 1710 104.432 4.43244
405 1710 104.432 4.43244
360 1805 104.432 4.43244
405 1805 104.432 4.43244
405 1710 104.432 4.43244
450 1710 100 0
405 1805 104.432 4.43244
450 1805 100 0
360 1805 104.432 4.43244
405 1805 104.432 4.43244
360 1900 100 0
405 1900 100 0
405 1805 104.432 4.43244
450 1805 100 0
405 1900 100 0
450 1900 100 0
450 1710 100 0
495 1710 104.432 4.43244
450 1805 100 0
495 1805 104.464 4.46399
495 1710 104.432 4.43244
540 1710 104.432 4.43244
495 1805 104.464 4.46399
540 1805 104.464 4.46399
450 1805 100 0
495 1805 104.464 4.46399
450 1900 100 0
495 1900 100 0
495 1805 104.464 4.46399
540 1805 104.464 4.46399
495 1900 100 0
540 1900 100 0
540 1520 104.369 4.36932
585 1520 104.369 4.36932
540 1615 104.401 4.40088
585 1615 104.401 4.40088
585 1520 104.369 4.36932
630 1520 104.369 4.36932
585 1615 104.401 4.40088
630 1615 104.401 4.40088
540 1615 104.401 4.40088
585 1615 104.401 4.40088
540 1710 104.432 4.43244
585 1710 104.432 4.43244
585 1615 104.401 4.40088
630 1615 104.401 4.40088
585 1710 104.432 4.43244
630 1710 104.432 4.43244
630 1520 104.369 4.36932
675 1520 104.369 4.36932
630 1615 104.401 4.40088
675 1615 104.401 4.40088
675 1520 104.369 4.36932
720 1520 104.369 4.36932
675 1615 104.401 4.40088
720 1615 104.401 4.40088
630 1615 104.401 4.40088
675 1615 104.401 4.40088
630 1710 104.432 4.43244
675 1710 104.432 4.43244
675 1615 104.401 4.40088
720 1615 104.401 4.40088
675 1710 104.432 4.43244
720 1710 104.432 4.43244
540 1710 104.432 4.43244
585 1710 104.432 4.43244
540 1805 104.464 4.46399
585 1805 104.464 4.46399
585 1710 104.432 4.43244
630 1710 104.432 4.43244
585 1805 104.464 4.46399
630 1805 104.464 4.46399
540 1805 104.464 4.46399
585 1805 104.464 4.46399
540 1900 100 0
585 1900 100 0
585 1805 104.464 4.46399
630 1805 104.464 4.46399
585 1900 100 0
630 1900 100 0
630 1710 104.432 4.43244
675 1710 104.432 4.43244
630 1805 104.464 4.46399
675 1805 104.464 4.46399
675 1710 104.432 4.43244
720 1710 104.432 4.43244
675 1805 104.464 4.46399
720 1805 104.464 4.46399
630 1805 104.464 4.46399
675 1805 104.464 4.46399
630 1900 100 0
675 1900 100 0
675 1805 104.464 4.46399
720 1805 104.464 4.46399
675 1900 100 0
720 1900 100 0
720 1520 104.369 4.36932
765 1520 104.369 4.36932
720 1615 104.401 4.40088
765 1615 104.401 4.40088
765 1520 104.369 4.36932
810 1520 104.369 4.36932
765 1615 104.401 4.40088
810 1615 104.401 4.40088
720 1615 104.401 4.40088
765 1615 104.401 4.40088
720 1710 104.432 4.43244
765 1710 104.432 4.43244
765 1615 104.401 4.40088
810 1615 104.401 4.40088
765 1710 104.432 4.43244
810 1710 104.432 4.43244
810 1520 104.369 4.36932
855 1520 100 0
810 1615 104.401 4.40088
855 1615 100 0
855 1520 100 0
900 1520 100 0
855 1615 100 0
900 1615 100 0
810 1615 104.401 4.40088
855 1615 100 0
810 1710 104.432 4.43244
855 1710 100 0
855 1615 100 0
900 1615 100 0
855 1710 100 0
900 1710 100 0
720 1710 104.432 4.43244
765 1710 104.432 4.43244
720 1805 104.464 4.46399
765 1805 104.464 4.46399
765 1710 104.432 4.43244
810 1710 104.432 4.43244
765 1805 104.464 4.46399
810 1805 104.464 4.46399
720 1805 104.464 4.46399
765 1805 104.464 4.46399
720 1900 100 0
765 1900 100 0
765 1805 104.464 4.46399
810 1805 104.464 4.46399
765 1900 100 0
810 1900 100 0
810 1710 104.432 4.43244
855 1710 100 0
810 1805 104.464 4.46399
855 1805 100 0
855 1710 100 0
900 1710 100 0
855 1805 100 0
900 1805 100 0
810 1805 104.464 4.46399
855 1805 100 0
810 1900 100 0
855 1900 100 0
855 1805 100 0
900 1805 100 0
855 1900 100 0
900 1900 100 0
