# x y topography
0 3.00346 0.00346302
0.046875 3.00481 0.004813
0.046875 3.00481 0.004813
0.09375 3.0076 0.00759985
0.09375 3.0076 0.00759985
0.140625 3.01102 0.0110219
0.140625 3.01102 0.0110219
0.1875 3.0146 0.0146027
0.1875 3.0146 0.0146027
0.234375 3.01818 0.0181819
0.234375 3.01818 0.0181819
0.28125 3.02172 0.0217212
0.28125 3.02172 0.0217212
0.328125 3.02521 0.0252085
0.328125 3.02521 0.0252085
0.375 3.02864 0.0286351
0.375 3.02864 0.0286351
0.421875 3.03199 0.0319928
0.421875 3.03199 0.0319928
0.46875 3.03527 0.0352733
0.46875 3.03527 0.0352733
0.515625 3.03847 0.0384689
0.515625 3.03847 0.0384689
0.5625 3.04157 0.0415718
0.5625 3.04157 0.0415718
0.609375 3.04457 0.0445745
0.609375 3.04457 0.0445745
0.65625 3.04747 0.0474699
0.65625 3.04747 0.0474699
0.703125 3.05025 0.0502509
0.703125 3.05025 0.0502509
0.75 3.05291 0.0529108
0.75 3.05291 0.0529108
0.796875 3.05544 0.0554433
0.796875 3.05544 0.0554433
0.84375 3.05784 0.0578422
0.84375 3.05784 0.0578422
0.890625 3.0601 0.0601018
0.890625 3.0601 0.0601018
0.9375 3.06222 0.0622166
0.9375 3.06222 0.0622166
0.984375 3.06418 0.0641814
0.984375 3.06418 0.0641814
1.03125 3.06599 0.0659917
1.03125 3.06599 0.0659917
1.07812 3.06764 0.067643
1.07812 3.06764 0.067643
1.125 3.06913 0.0691313
1.125 3.06913 0.0691313
1.17188 3.07045 0.0704531
1.17188 3.07045 0.0704531
1.21875 3.07161 0.0716052
1.21875 3.07161 0.0716052
1.26562 3.07258 0.0725847
1.26562 3.07258 0.0725847
1.3125 3.07339 0.0733894
1.3125 3.07339 0.0733894
1.35938 3.07402 0.0740173
1.35938 3.07402 0.0740173
1.40625 3.07447 0.0744669
1.40625 3.07447 0.0744669
1.45312 3.07474 0.0747371
1.45312 3.07474 0.0747371
1.5 3.07483 0.0748272
1.5 3.07483 0.0748272
1.54688 3.07474 0.0747371
1.54688 3.07474 0.0747371
1.59375 3.07447 0.0744669
1.59375 3.07447 0.0744669
1.64062 3.07402 0.0740173
1.64062 3.07402 0.0740173
1.6875 3.07339 0.0733894
1.6875 3.07339 0.0733894
1.73438 3.07258 0.0725847
1.73438 3.07258 0.0725847
1.78125 3.07161 0.0716052
1.78125 3.07161 0.0716052
1.82812 3.07045 0.0704531
1.82812 3.07045 0.0704531
1.875 3.06913 0.0691313
1.875 3.06913 0.0691313
1.92188 3.06764 0.067643
1.92188 3.06764 0.067643
1.96875 3.06599 0.0659917
1.96875 3.06599 0.0659917
2.01562 3.06418 0.0641814
2.01562 3.06418 0.0641814
2.0625 3.06222 0.0622166
2.0625 3.06222 0.0622166
2.10938 3.0601 0.0601018
2.10938 3.0601 0.0601018
2.15625 3.05784 0.0578422
2.15625 3.05784 0.0578422
2.20312 3.05544 0.0554433
2.20312 3.05544 0.0554433
2.25 3.05291 0.0529108
2.25 3.05291 0.0529108
2.29688 3.05025 0.0502509
2.29688 3.05025 0.0502509
2.34375 3.04747 0.0474699
2.34375 3.04747 0.0474699
2.39062 3.04457 0.0445745
2.39062 3.04457 0.0445745
2.4375 3.04157 0.0415718
2.4375 3.04157 0.0415718
2.48438 3.03847 0.0384689
2.48438 3.03847 0.0384689
2.53125 3.03527 0.0352733
2.53125 3.03527 0.0352733
2.57812 3.03199 0.0319928
2.57812 3.03199 0.0319928
2.625 3.02864 0.0286351
2.625 3.02864 0.0286351
2.67188 3.02521 0.0252085
2.67188 3.02521 0.0252085
2.71875 3.02172 0.0217212
2.71875 3.02172 0.0217212
2.76562 3.01818 0.0181819
2.76562 3.01818 0.0181819
2.8125 3.0146 0.0146027
2.8125 3.0146 0.0146027
2.85938 3.01102 0.0110219
2.85938 3.01102 0.0110219
2.90625 3.0076 0.00759985
2.90625 3.0076 0.00759985
2.95312 3.00481 0.004813
2.95312 3.00481 0.004813
3 3.00346 0.00346302
