# x y topography
0 3.00678 0.00677984
0.046875 3.00755 0.0075548
0.046875 3.00755 0.0075548
0.09375 3.00933 0.00932923
0.09375 3.00933 0.00932923
0.140625 3.01187 0.0118727
0.140625 3.01187 0.0118727
0.1875 3.01492 0.0149171
0.1875 3.01492 0.0149171
0.234375 3.01823 0.0182308
0.234375 3.01823 0.0182308
0.28125 3.02165 0.0216521
0.28125 3.02165 0.0216521
0.328125 3.02509 0.0250861
0.328125 3.02509 0.0250861
0.375 3.02848 0.0284837
0.375 3.02848 0.0284837
0.421875 3.03182 0.0318204
0.421875 3.03182 0.0318204
0.46875 3.03508 0.0350826
0.46875 3.03508 0.0350826
0.515625 3.03826 0.0382607
0.515625 3.03826 0.0382607
0.5625 3.04135 0.0413468
0.5625 3.04135 0.0413468
0.609375 3.04433 0.0443333
0.609375 3.04433 0.0443333
0.65625 3.04721 0.047213
0.65625 3.04721 0.047213
0.703125 3.04998 0.0499789
0.703125 3.04998 0.0499789
0.75 3.05262 0.0526245
0.75 3.05262 0.0526245
0.796875 3.05514 0.0551433
0.796875 3.05514 0.0551433
0.84375 3.05753 0.0575292
0.84375 3.05753 0.0575292
0.890625 3.05978 0.0597765
0.890625 3.05978 0.0597765
0.9375 3.06188 0.0618799
0.9375 3.06188 0.0618799
0.984375 3.06383 0.0638341
0.984375 3.06383 0.0638341
1.03125 3.06563 0.0656346
1.03125 3.06563 0.0656346
1.07812 3.06728 0.0672769
1.07812 3.06728 0.0672769
1.125 3.06876 0.0687572
1.125 3.06876 0.0687572
1.17188 3.07007 0.0700718
1.17188 3.07007 0.0700718
1.21875 3.07122 0.0712177
1.21875 3.07122 0.0712177
1.26562 3.07219 0.0721919
1.26562 3.07219 0.0721919
1.3125 3.07299 0.0729923
1.3125 3.07299 0.0729923
1.35938 3.07362 0.0736168
1.35938 3.07362 0.0736168
1.40625 3.07406 0.0740639
1.40625 3.07406 0.0740639
1.45312 3.07433 0.0743326
1.45312 3.07433 0.0743326
1.5 3.07442 0.0744223
1.5 3.07442 0.0744223
1.54688 3.07433 0.0743326
1.54688 3.07433 0.0743326
1.59375 3.07406 0.0740639
1.59375 3.07406 0.0740639
1.64062 3.07362 0.0736168
1.64062 3.07362 0.0736168
1.6875 3.07299 0.0729923
1.6875 3.07299 0.0729923
1.73438 3.07219 0.0721919
1.73438 3.07219 0.0721919
1.78125 3.07122 0.0712177
1.78125 3.07122 0.0712177
1.82812 3.07007 0.0700718
1.82812 3.07007 0.0700718
1.875 3.06876 0.0687572
1.875 3.06876 0.0687572
1.92188 3.06728 0.0672769
1.92188 3.06728 0.0672769
1.96875 3.06563 0.0656346
1.96875 3.06563 0.0656346
2.01562 3.06383 0.0638341
2.01562 3.06383 0.0638341
2.0625 3.06188 0.0618799
2.0625 3.06188 0.0618799
2.10938 3.05978 0.0597765
2.10938 3.05978 0.0597765
2.15625 3.05753 0.0575292
2.15625 3.05753 0.0575292
2.20312 3.05514 0.0551433
2.20312 3.05514 0.0551433
2.25 3.05262 0.0526245
2.25 3.05262 0.0526245
2.29688 3.04998 0.0499789
2.29688 3.04998 0.0499789
2.34375 3.04721 0.047213
2.34375 3.04721 0.047213
2.39062 3.04433 0.0443333
2.39062 3.04433 0.0443333
2.4375 3.04135 0.0413468
2.4375 3.04135 0.0413468
2.48438 3.03826 0.0382607
2.48438 3.03826 0.0382607
2.53125 3.03508 0.0350826
2.53125 3.03508 0.0350826
2.57812 3.03182 0.0318204
2.57812 3.03182 0.0318204
2.625 3.02848 0.0284837
2.625 3.02848 0.0284837
2.67188 3.02509 0.0250861
2.67188 3.02509 0.0250861
2.71875 3.02165 0.0216521
2.71875 3.02165 0.0216521
2.76562 3.01823 0.0182308
2.76562 3.01823 0.0182308
2.8125 3.01492 0.0149171
2.8125 3.01492 0.0149171
2.85938 3.01187 0.0118727
2.85938 3.01187 0.0118727
2.90625 3.00933 0.00932923
2.90625 3.00933 0.00932923
2.95312 3.00755 0.0075548
2.95312 3.00755 0.0075548
3 3.00678 0.00677984
