# x y topography
0 3.00296 0.00296187
0.046875 3.00448 0.00447717
0.046875 3.00448 0.00447717
0.09375 3.00748 0.00747643
0.09375 3.00748 0.00747643
0.140625 3.011 0.011
0.140625 3.011 0.011
0.1875 3.01461 0.014607
0.1875 3.01461 0.014607
0.234375 3.01819 0.0181914
0.234375 3.01819 0.0181914
0.28125 3.02173 0.021733
0.28125 3.02173 0.021733
0.328125 3.02522 0.0252222
0.328125 3.02522 0.0252222
0.375 3.02865 0.0286507
0.375 3.02865 0.0286507
0.421875 3.03201 0.0320101
0.421875 3.03201 0.0320101
0.46875 3.03529 0.0352925
0.46875 3.03529 0.0352925
0.515625 3.03849 0.0384898
0.515625 3.03849 0.0384898
0.5625 3.04159 0.0415943
0.5625 3.04159 0.0415943
0.609375 3.0446 0.0445987
0.609375 3.0446 0.0445987
0.65625 3.0475 0.0474957
0.65625 3.0475 0.0474957
0.703125 3.05028 0.0502782
0.703125 3.05028 0.0502782
0.75 3.05294 0.0529396
0.75 3.05294 0.0529396
0.796875 3.05547 0.0554734
0.796875 3.05547 0.0554734
0.84375 3.05787 0.0578736
0.84375 3.05787 0.0578736
0.890625 3.06013 0.0601344
0.890625 3.06013 0.0601344
0.9375 3.06225 0.0622503
0.9375 3.06225 0.0622503
0.984375 3.06422 0.0642163
0.984375 3.06422 0.0642163
1.03125 3.06603 0.0660275
1.03125 3.06603 0.0660275
1.07812 3.06768 0.0676797
1.07812 3.06768 0.0676797
1.125 3.06917 0.0691689
1.125 3.06917 0.0691689
1.17188 3.07049 0.0704914
1.17188 3.07049 0.0704914
1.21875 3.07164 0.0716441
1.21875 3.07164 0.0716441
1.26562 3.07262 0.0726241
1.26562 3.07262 0.0726241
1.3125 3.07343 0.0734293
1.3125 3.07343 0.0734293
1.35938 3.07406 0.0740575
1.35938 3.07406 0.0740575
1.40625 3.07451 0.0745073
1.40625 3.07451 0.0745073
1.45312 3.07478 0.0747777
1.45312 3.07478 0.0747777
1.5 3.07487 0.0748678
1.5 3.07487 0.0748678
1.54688 3.07478 0.0747777
1.54688 3.07478 0.0747777
1.59375 3.07451 0.0745073
1.59375 3.07451 0.0745073
1.64062 3.07406 0.0740575
1.64062 3.07406 0.0740575
1.6875 3.07343 0.0734293
1.6875 3.07343 0.0734293
1.73438 3.07262 0.0726241
1.73438 3.07262 0.0726241
1.78125 3.07164 0.0716441
1.78125 3.07164 0.0716441
1.82812 3.07049 0.0704914
1.82812 3.07049 0.0704914
1.875 3.06917 0.0691689
1.875 3.06917 0.0691689
1.92188 3.06768 0.0676797
1.92188 3.06768 0.0676797
1.96875 3.06603 0.0660275
1.96875 3.06603 0.0660275
2.01562 3.06422 0.0642163
2.01562 3.06422 0.0642163
2.0625 3.06225 0.0622503
2.0625 3.06225 0.0622503
2.10938 3.06013 0.0601344
2.10938 3.06013 0.0601344
2.15625 3.05787 0.0578736
2.15625 3.05787 0.0578736
2.20312 3.05547 0.0554734
2.20312 3.05547 0.0554734
2.25 3.05294 0.0529396
2.25 3.05294 0.0529396
2.29688 3.05028 0.0502782
2.29688 3.05028 0.0502782
2.34375 3.0475 0.0474957
2.34375 3.0475 0.0474957
2.39062 3.0446 0.0445987
2.39062 3.0446 0.0445987
2.4375 3.04159 0.0415943
2.4375 3.04159 0.0415943
2.48438 3.03849 0.0384898
2.48438 3.03849 0.0384898
2.53125 3.03529 0.0352925
2.53125 3.03529 0.0352925
2.57812 3.03201 0.0320101
2.57812 3.03201 0.0320101
2.625 3.02865 0.0286507
2.625 3.02865 0.0286507
2.67188 3.02522 0.0252222
2.67188 3.02522 0.0252222
2.71875 3.02173 0.021733
2.71875 3.02173 0.021733
2.76562 3.01819 0.0181914
2.76562 3.01819 0.0181914
2.8125 3.01461 0.014607
2.8125 3.01461 0.014607
2.85938 3.011 0.011
2.85938 3.011 0.011
2.90625 3.00748 0.00747643
2.90625 3.00748 0.00747643
2.95312 3.00448 0.00447717
2.95312 3.00448 0.00447717
3 3.00296 0.00296187
