# x y topography
0 3.01263 0.0126344
0.046875 3.01307 0.0130687
0.046875 3.01307 0.0130687
0.09375 3.01408 0.0140782
0.09375 3.01408 0.0140782
0.140625 3.01562 0.0156152
0.140625 3.01562 0.0156152
0.1875 3.01761 0.0176108
0.1875 3.01761 0.0176108
0.234375 3.01998 0.0199823
0.234375 3.01998 0.0199823
0.28125 3.02264 0.0226427
0.28125 3.02264 0.0226427
0.328125 3.02551 0.0255075
0.328125 3.02551 0.0255075
0.375 3.0285 0.028501
0.375 3.0285 0.028501
0.421875 3.03156 0.031559
0.421875 3.03156 0.031559
0.46875 3.03463 0.0346302
0.46875 3.03463 0.0346302
0.515625 3.03767 0.0376749
0.515625 3.03767 0.0376749
0.5625 3.04066 0.0406636
0.5625 3.04066 0.0406636
0.609375 3.04357 0.0435746
0.609375 3.04357 0.0435746
0.65625 3.04639 0.0463919
0.65625 3.04639 0.0463919
0.703125 3.0491 0.0491034
0.703125 3.0491 0.0491034
0.75 3.0517 0.0516997
0.75 3.0517 0.0516997
0.796875 3.05417 0.0541729
0.796875 3.05417 0.0541729
0.84375 3.05652 0.0565163
0.84375 3.05652 0.0565163
0.890625 3.05872 0.0587238
0.890625 3.05872 0.0587238
0.9375 3.06079 0.06079
0.9375 3.06079 0.06079
0.984375 3.06271 0.0627098
0.984375 3.06271 0.0627098
1.03125 3.06448 0.0644786
1.03125 3.06448 0.0644786
1.07812 3.06609 0.066092
1.07812 3.06609 0.066092
1.125 3.06755 0.0675462
1.125 3.06755 0.0675462
1.17188 3.06884 0.0688377
1.17188 3.06884 0.0688377
1.21875 3.06996 0.0699633
1.21875 3.06996 0.0699633
1.26562 3.07092 0.0709204
1.26562 3.07092 0.0709204
1.3125 3.07171 0.0717067
1.3125 3.07171 0.0717067
1.35938 3.07232 0.0723202
1.35938 3.07232 0.0723202
1.40625 3.07276 0.0727594
1.40625 3.07276 0.0727594
1.45312 3.07302 0.0730234
1.45312 3.07302 0.0730234
1.5 3.07311 0.0731115
1.5 3.07311 0.0731115
1.54688 3.07302 0.0730234
1.54688 3.07302 0.0730234
1.59375 3.07276 0.0727594
1.59375 3.07276 0.0727594
1.64062 3.07232 0.0723202
1.64062 3.07232 0.0723202
1.6875 3.07171 0.0717067
1.6875 3.07171 0.0717067
1.73438 3.07092 0.0709204
1.73438 3.07092 0.0709204
1.78125 3.06996 0.0699633
1.78125 3.06996 0.0699633
1.82812 3.06884 0.0688377
1.82812 3.06884 0.0688377
1.875 3.06755 0.0675462
1.875 3.06755 0.0675462
1.92188 3.06609 0.066092
1.92188 3.06609 0.066092
1.96875 3.06448 0.0644786
1.96875 3.06448 0.0644786
2.01562 3.06271 0.0627098
2.01562 3.06271 0.0627098
2.0625 3.06079 0.06079
2.0625 3.06079 0.06079
2.10938 3.05872 0.0587238
2.10938 3.05872 0.0587238
2.15625 3.05652 0.0565163
2.15625 3.05652 0.0565163
2.20312 3.05417 0.0541729
2.20312 3.05417 0.0541729
2.25 3.0517 0.0516997
2.25 3.0517 0.0516997
2.29688 3.0491 0.0491034
2.29688 3.0491 0.0491034
2.34375 3.04639 0.0463919
2.34375 3.04639 0.0463919
2.39062 3.04357 0.0435746
2.39062 3.04357 0.0435746
2.4375 3.04066 0.0406636
2.4375 3.04066 0.0406636
2.48438 3.03767 0.0376749
2.48438 3.03767 0.0376749
2.53125 3.03463 0.0346302
2.53125 3.03463 0.0346302
2.57812 3.03156 0.031559
2.57812 3.03156 0.031559
2.625 3.0285 0.028501
2.625 3.0285 0.028501
2.67188 3.02551 0.0255075
2.67188 3.02551 0.0255075
2.71875 3.02264 0.0226427
2.71875 3.02264 0.0226427
2.76562 3.01998 0.0199823
2.76562 3.01998 0.0199823
2.8125 3.01761 0.0176108
2.8125 3.01761 0.0176108
2.85938 3.01562 0.0156152
2.85938 3.01562 0.0156152
2.90625 3.01408 0.0140782
2.90625 3.01408 0.0140782
2.95312 3.01307 0.0130687
2.95312 3.01307 0.0130687
3 3.01263 0.0126344
