# x y topography
0 1 0
0.015625 1.03418 0.0341829
0.015625 1.03418 0.0341829
0.03125 1.03804 0.0380409
0.03125 1.03804 0.0380409
0.046875 1.04194 0.0419443
0.046875 1.04194 0.0419443
0.0625 1.04584 0.0458392
0.0625 1.04584 0.0458392
0.078125 1.04966 0.0496617
0.078125 1.04966 0.0496617
0.09375 1.05335 0.0533471
0.09375 1.05335 0.0533471
0.109375 1.05683 0.0568322
0.109375 1.05683 0.0568322
0.125 1.06006 0.0600556
0.125 1.06006 0.0600556
0.140625 1.06296 0.0629585
0.140625 1.06296 0.0629585
0.15625 1.06549 0.0654858
0.15625 1.06549 0.0654858
0.171875 1.06759 0.0675866
0.171875 1.06759 0.0675866
0.1875 1.06921 0.0692147
0.1875 1.06921 0.0692147
0.203125 1.07033 0.0703298
0.203125 1.07033 0.0703298
0.21875 1.0709 0.0708973
0.21875 1.0709 0.0708973
0.234375 1.07089 0.0708894
0.234375 1.07089 0.0708894
0.25 1.07028 0.070285
0.25 1.07028 0.070285
0.265625 1.06907 0.0690704
0.265625 1.06907 0.0690704
0.28125 1.06724 0.0672392
0.28125 1.06724 0.0672392
0.296875 1.06479 0.0647924
0.296875 1.06479 0.0647924
0.3125 1.06174 0.0617386
0.3125 1.06174 0.0617386
0.328125 1.05809 0.0580937
0.328125 1.05809 0.0580937
0.34375 1.05388 0.0538808
0.34375 1.05388 0.0538808
0.359375 1.04913 0.0491298
0.359375 1.04913 0.0491298
0.375 1.04388 0.0438772
0.375 1.04388 0.0438772
0.390625 1.03817 0.0381657
0.390625 1.03817 0.0381657
0.40625 1.03204 0.0320434
0.40625 1.03204 0.0320434
0.421875 1.02556 0.0255638
0.421875 1.02556 0.0255638
0.4375 1.01878 0.0187845
0.4375 1.01878 0.0187845
0.453125 1.01177 0.0117672
0.453125 1.01177 0.0117672
0.46875 1.00458 0.0045768
0.46875 1.00458 0.0045768
0.484375 0.997281 -0.00271936
0.484375 0.997281 -0.00271936
0.5 0.989948 -0.0100521
0.5 0.989948 -0.0100521
0.515625 0.99 -0.00999971
0.515625 0.99 -0.00999971
0.53125 0.990086 -0.00991353
0.53125 0.990086 -0.00991353
0.546875 0.990207 -0.00979309
0.546875 0.990207 -0.00979309
0.5625 0.990363 -0.00963744
0.5625 0.990363 -0.00963744
0.578125 0.990555 -0.00944516
0.578125 0.990555 -0.00944516
0.59375 0.990786 -0.0092143
0.59375 0.990786 -0.0092143
0.609375 0.991058 -0.00894236
0.609375 0.991058 -0.00894236
0.625 0.991374 -0.00862621
0.625 0.991374 -0.00862621
0.640625 0.991738 -0.00826212
0.640625 0.991738 -0.00826212
0.65625 0.992154 -0.00784563
0.65625 0.992154 -0.00784563
0.671875 0.992628 -0.00737158
0.671875 0.992628 -0.00737158
0.6875 0.993166 -0.00683407
0.6875 0.993166 -0.00683407
0.703125 0.993774 -0.00622642
0.703125 0.993774 -0.00622642
0.71875 0.994459 -0.00554119
0.71875 0.994459 -0.00554119
0.734375 0.99523 -0.00477023
0.734375 0.99523 -0.00477023
0.75 0.996095 -0.00390467
0.75 0.996095 -0.00390467
0.765625 0.997065 -0.00293506
0.765625 0.997065 -0.00293506
0.78125 0.998149 -0.00185143
0.78125 0.998149 -0.00185143
0.796875 0.999357 -0.00064345
0.796875 0.999357 -0.00064345
0.8125 1.0007 0.000699404
0.8125 1.0007 0.000699404
0.828125 1.00219 0.00218766
0.828125 1.00219 0.00218766
0.84375 1.00383 0.00383161
0.84375 1.00383 0.00383161
0.859375 1.00564 0.00564109
0.859375 1.00564 0.00564109
0.875 1.00763 0.00762521
0.875 1.00763 0.00762521
0.890625 1.00979 0.00979205
0.890625 1.00979 0.00979205
0.90625 1.01215 0.0121484
0.90625 1.01215 0.0121484
0.921875 1.0147 0.0146996
0.921875 1.0147 0.0146996
0.9375 1.01745 0.0174492
0.9375 1.01745 0.0174492
0.953125 1.0204 0.0203985
0.953125 1.0204 0.0203985
0.96875 1.02355 0.0235472
0.96875 1.02355 0.0235472
0.984375 1.0269 0.0268951
0.984375 1.0269 0.0268951
1 1 0
