# x y topography
0 1 0
0.015625 1.02892 0.0289173
0.015625 1.02892 0.0289173
0.03125 1.03284 0.0328431
0.03125 1.03284 0.0328431
0.046875 1.03689 0.0368901
0.046875 1.03689 0.0368901
0.0625 1.04101 0.0410052
0.0625 1.04101 0.0410052
0.078125 1.04512 0.0451185
0.078125 1.04512 0.0451185
0.09375 1.04916 0.0491576
0.09375 1.04916 0.0491576
0.109375 1.05305 0.0530499
0.109375 1.05305 0.0530499
0.125 1.05672 0.0567236
0.125 1.05672 0.0567236
0.140625 1.06011 0.0601091
0.140625 1.06011 0.0601091
0.15625 1.06314 0.0631405
0.15625 1.06314 0.0631405
0.171875 1.06576 0.0657562
0.171875 1.06576 0.0657562
0.1875 1.0679 0.0679003
0.1875 1.0679 0.0679003
0.203125 1.06952 0.0695234
0.203125 1.06952 0.0695234
0.21875 1.07058 0.0705835
0.21875 1.07058 0.0705835
0.234375 1.07105 0.0710462
0.234375 1.07105 0.0710462
0.25 1.07089 0.0708857
0.25 1.07089 0.0708857
0.265625 1.07008 0.0700844
0.265625 1.07008 0.0700844
0.28125 1.06863 0.0686338
0.28125 1.06863 0.0686338
0.296875 1.06653 0.0665335
0.296875 1.06653 0.0665335
0.3125 1.06379 0.0637919
0.3125 1.06379 0.0637919
0.328125 1.06043 0.0604254
0.328125 1.06043 0.0604254
0.34375 1.05646 0.0564583
0.34375 1.05646 0.0564583
0.359375 1.05192 0.051922
0.359375 1.05192 0.051922
0.375 1.04685 0.0468549
0.375 1.04685 0.0468549
0.390625 1.0413 0.0413017
0.390625 1.0413 0.0413017
0.40625 1.03531 0.0353125
0.40625 1.03531 0.0353125
0.421875 1.02894 0.0289424
0.421875 1.02894 0.0289424
0.4375 1.02225 0.022251
0.4375 1.02225 0.022251
0.453125 1.0153 0.0153014
0.453125 1.0153 0.0153014
0.46875 1.00816 0.00815965
0.46875 1.00816 0.00815965
0.484375 1.00089 0.00089401
0.484375 1.00089 0.00089401
0.5 0.993574 -0.00642573
0.5 0.993574 -0.00642573
0.515625 0.993622 -0.00637769
0.515625 0.993622 -0.00637769
0.53125 0.993687 -0.00631322
0.53125 0.993687 -0.00631322
0.546875 0.993768 -0.00623228
0.546875 0.993768 -0.00623228
0.5625 0.993865 -0.00613467
0.5625 0.993865 -0.00613467
0.578125 0.99398 -0.00602002
0.578125 0.99398 -0.00602002
0.59375 0.994112 -0.00588773
0.59375 0.994112 -0.00588773
0.609375 0.994263 -0.00573687
0.609375 0.994263 -0.00573687
0.625 0.994434 -0.00556614
0.625 0.994434 -0.00556614
0.640625 0.994626 -0.00537371
0.640625 0.994626 -0.00537371
0.65625 0.994843 -0.00515713
0.65625 0.994843 -0.00515713
0.671875 0.995087 -0.00491315
0.671875 0.995087 -0.00491315
0.6875 0.995362 -0.00463759
0.6875 0.995362 -0.00463759
0.703125 0.995675 -0.00432515
0.703125 0.995675 -0.00432515
0.71875 0.996031 -0.00396927
0.71875 0.996031 -0.00396927
0.734375 0.996438 -0.00356192
0.734375 0.996438 -0.00356192
0.75 0.996906 -0.00309355
0.75 0.996906 -0.00309355
0.765625 0.997447 -0.00255292
0.765625 0.997447 -0.00255292
0.78125 0.998073 -0.00192707
0.78125 0.998073 -0.00192707
0.796875 0.998799 -0.0012014
0.796875 0.998799 -0.0012014
0.8125 0.99964 -0.00035973
0.8125 0.99964 -0.00035973
0.828125 1.00062 0.000615487
0.828125 1.00062 0.000615487
0.84375 1.00174 0.00174284
0.84375 1.00174 0.00174284
0.859375 1.00304 0.00304155
0.859375 1.00304 0.00304155
0.875 1.00453 0.00453097
0.875 1.00453 0.00453097
0.890625 1.00623 0.00622997
0.890625 1.00623 0.00622997
0.90625 1.00816 0.0081563
0.90625 1.00816 0.0081563
0.921875 1.01033 0.0103259
0.921875 1.01033 0.0103259
0.9375 1.01275 0.0127521
0.9375 1.01275 0.0127521
0.953125 1.01545 0.0154451
0.953125 1.01545 0.0154451
0.96875 1.01841 0.0184117
0.96875 1.01841 0.0184117
0.984375 1.02166 0.0216582
0.984375 1.02166 0.0216582
1 1 0
