# x y topography
0 1 0
0.015625 1.03322 0.033217
0.015625 1.03322 0.033217
0.03125 1.03709 0.037086
0.03125 1.03709 0.037086
0.046875 1.04101 0.0410128
0.046875 1.04101 0.0410128
0.0625 1.04494 0.0449438
0.0625 1.04494 0.0449438
0.078125 1.04881 0.0488142
0.078125 1.04881 0.0488142
0.09375 1.05256 0.0525583
0.09375 1.05256 0.0525583
0.109375 1.05611 0.0561117
0.109375 1.05611 0.0561117
0.125 1.05941 0.0594114
0.125 1.05941 0.0594114
0.140625 1.0624 0.0623972
0.140625 1.0624 0.0623972
0.15625 1.06501 0.0650124
0.15625 1.06501 0.0650124
0.171875 1.0672 0.0672044
0.171875 1.0672 0.0672044
0.1875 1.06893 0.0689255
0.1875 1.06893 0.0689255
0.203125 1.07013 0.0701339
0.203125 1.07013 0.0701339
0.21875 1.07079 0.0707937
0.21875 1.07079 0.0707937
0.234375 1.07088 0.0708757
0.234375 1.07088 0.0708757
0.25 1.07036 0.070358
0.25 1.07036 0.070358
0.265625 1.06923 0.0692259
0.265625 1.06923 0.0692259
0.28125 1.06747 0.0674723
0.28125 1.06747 0.0674723
0.296875 1.0651 0.0650978
0.296875 1.0651 0.0650978
0.3125 1.06211 0.0621105
0.3125 1.06211 0.0621105
0.328125 1.05853 0.0585262
0.328125 1.05853 0.0585262
0.34375 1.05437 0.0543679
0.34375 1.05437 0.0543679
0.359375 1.04967 0.0496656
0.359375 1.04967 0.0496656
0.375 1.04446 0.0444559
0.375 1.04446 0.0444559
0.390625 1.03878 0.0387815
0.390625 1.03878 0.0387815
0.40625 1.03269 0.032691
0.40625 1.03269 0.032691
0.421875 1.02624 0.0262378
0.421875 1.02624 0.0262378
0.4375 1.01948 0.01948
0.4375 1.01948 0.01948
0.453125 1.01248 0.0124794
0.453125 1.01248 0.0124794
0.46875 1.0053 0.00530113
0.46875 1.0053 0.00530113
0.484375 0.998013 -0.0019874
0.484375 0.998013 -0.0019874
0.5 0.990683 -0.00931687
0.5 0.990683 -0.00931687
0.515625 0.990734 -0.00926558
0.515625 0.990734 -0.00926558
0.53125 0.990815 -0.00918484
0.53125 0.990815 -0.00918484
0.546875 0.990926 -0.00907424
0.546875 0.990926 -0.00907424
0.5625 0.991067 -0.00893298
0.5625 0.991067 -0.00893298
0.578125 0.99124 -0.00875977
0.578125 0.99124 -0.00875977
0.59375 0.991447 -0.00855288
0.59375 0.991447 -0.00855288
0.609375 0.99169 -0.00831001
0.609375 0.99169 -0.00831001
0.625 0.991972 -0.00802829
0.625 0.991972 -0.00802829
0.640625 0.992296 -0.00770417
0.640625 0.992296 -0.00770417
0.65625 0.992667 -0.00733342
0.65625 0.992667 -0.00733342
0.671875 0.993089 -0.00691102
0.671875 0.993089 -0.00691102
0.6875 0.993569 -0.00643113
0.6875 0.993569 -0.00643113
0.703125 0.994113 -0.00588708
0.703125 0.994113 -0.00588708
0.71875 0.994729 -0.00527129
0.71875 0.994729 -0.00527129
0.734375 0.995425 -0.00457532
0.734375 0.995425 -0.00457532
0.75 0.99621 -0.00378989
0.75 0.99621 -0.00378989
0.765625 0.997095 -0.00290495
0.765625 0.997095 -0.00290495
0.78125 0.99809 -0.00190976
0.78125 0.99809 -0.00190976
0.796875 0.999207 -0.000793029
0.796875 0.999207 -0.000793029
0.8125 1.00046 0.000456892
0.8125 1.00046 0.000456892
0.828125 1.00185 0.00185182
0.828125 1.00185 0.00185182
0.84375 1.0034 0.00340347
0.84375 1.0034 0.00340347
0.859375 1.00512 0.00512322
0.859375 1.00512 0.00512322
0.875 1.00702 0.00702174
0.875 1.00702 0.00702174
0.890625 1.00911 0.00910875
0.890625 1.00911 0.00910875
0.90625 1.01139 0.0113926
0.90625 1.01139 0.0113926
0.921875 1.01388 0.0138802
0.921875 1.01388 0.0138802
0.9375 1.01658 0.0165763
0.9375 1.01658 0.0165763
0.953125 1.01948 0.0194836
0.953125 1.01948 0.0194836
0.96875 1.0226 0.0226025
0.96875 1.0226 0.0226025
0.984375 1.02593 0.0259339
0.984375 1.02593 0.0259339
1 1 0
