# x y topography
0 1 0
0.015625 1.01462 0.0146188
0.015625 1.01462 0.0146188
0.03125 1.01903 0.0190265
0.03125 1.01903 0.0190265
0.046875 1.02404 0.0240446
0.046875 1.02404 0.0240446
0.0625 1.02953 0.0295348
0.0625 1.02953 0.0295348
0.078125 1.03528 0.0352789
0.078125 1.03528 0.0352789
0.09375 1.04106 0.0410559
0.09375 1.04106 0.0410559
0.109375 1.04667 0.0466711
0.109375 1.04667 0.0466711
0.125 1.05197 0.051968
0.125 1.05197 0.051968
0.140625 1.05683 0.0568293
0.140625 1.05683 0.0568293
0.15625 1.06117 0.0611697
0.15625 1.06117 0.0611697
0.171875 1.06493 0.0649275
0.171875 1.06493 0.0649275
0.1875 1.06806 0.0680571
0.1875 1.06806 0.0680571
0.203125 1.07052 0.0705245
0.203125 1.07052 0.0705245
0.21875 1.0723 0.0723044
0.21875 1.0723 0.0723044
0.234375 1.07338 0.0733791
0.234375 1.07338 0.0733791
0.25 1.07374 0.0737381
0.25 1.07374 0.0737381
0.265625 1.07338 0.0733778
0.265625 1.07338 0.0733778
0.28125 1.0723 0.0723018
0.28125 1.0723 0.0723018
0.296875 1.07052 0.0705204
0.296875 1.07052 0.0705204
0.3125 1.06805 0.0680508
0.3125 1.06805 0.0680508
0.328125 1.06492 0.0649169
0.328125 1.06492 0.0649169
0.34375 1.06115 0.0611489
0.34375 1.06115 0.0611489
0.359375 1.05678 0.0567833
0.359375 1.05678 0.0567833
0.375 1.05186 0.0518622
0.375 1.05186 0.0518622
0.390625 1.04643 0.0464332
0.390625 1.04643 0.0464332
0.40625 1.04055 0.0405488
0.40625 1.04055 0.0405488
0.421875 1.03427 0.0342657
0.421875 1.03427 0.0342657
0.4375 1.02764 0.0276448
0.4375 1.02764 0.0276448
0.453125 1.02075 0.0207501
0.453125 1.02075 0.0207501
0.46875 1.01365 0.0136481
0.46875 1.01365 0.0136481
0.484375 1.00641 0.00640757
0.484375 1.00641 0.00640757
0.5 0.999099 -0.000901469
0.5 0.999099 -0.000901469
0.515625 0.999143 -0.00085705
0.515625 0.999143 -0.00085705
0.53125 0.999189 -0.000810565
0.53125 0.999189 -0.000810565
0.546875 0.999238 -0.000762128
0.546875 0.999238 -0.000762128
0.5625 0.999288 -0.000711855
0.5625 0.999288 -0.000711855
0.578125 0.99934 -0.000659867
0.578125 0.99934 -0.000659867
0.59375 0.999394 -0.00060629
0.59375 0.999394 -0.00060629
0.609375 0.999449 -0.000551251
0.609375 0.999449 -0.000551251
0.625 0.999505 -0.000494885
0.625 0.999505 -0.000494885
0.640625 0.999563 -0.000437327
0.640625 0.999563 -0.000437327
0.65625 0.999621 -0.000378714
0.65625 0.999621 -0.000378714
0.671875 0.999681 -0.00031919
0.671875 0.999681 -0.00031919
0.6875 0.999741 -0.000258897
0.6875 0.999741 -0.000258897
0.703125 0.999802 -0.00019798
0.703125 0.999802 -0.00019798
0.71875 0.999863 -0.000136586
0.71875 0.999863 -0.000136586
0.734375 0.999925 -7.48622e-05
0.734375 0.999925 -7.48622e-05
0.75 0.999987 -1.29573e-05
0.75 0.999987 -1.29573e-05
0.765625 1.00005 4.89846e-05
0.765625 1.00005 4.89846e-05
0.78125 1.00011 0.000110834
0.78125 1.00011 0.000110834
0.796875 1.00017 0.00017252
0.796875 1.00017 0.00017252
0.8125 1.00023 0.000234163
0.8125 1.00023 0.000234163
0.828125 1.0003 0.000296456
0.828125 1.0003 0.000296456
0.84375 1.00036 0.000361616
0.84375 1.00036 0.000361616
0.859375 1.00044 0.000435467
0.859375 1.00044 0.000435467
0.875 1.00053 0.000531408
0.875 1.00053 0.000531408
0.890625 1.00068 0.000676874
0.890625 1.00068 0.000676874
0.90625 1.00092 0.000921967
0.90625 1.00092 0.000921967
0.921875 1.00135 0.00134818
0.921875 1.00135 0.00134818
0.9375 1.00207 0.00207284
0.9375 1.00207 0.00207284
0.953125 1.00324 0.00324403
0.953125 1.00324 0.00324403
0.96875 1.00502 0.00502289
0.96875 1.00502 0.00502289
0.984375 1.00757 0.00756515
0.984375 1.00757 0.00756515
1 1 0
