# x y topography
0 1 0
0.015625 1.01966 0.0196577
0.015625 1.01966 0.0196577
0.03125 1.0238 0.0237951
0.03125 1.0238 0.0237951
0.046875 1.02828 0.0282818
0.046875 1.02828 0.0282818
0.0625 1.03305 0.0330503
0.0625 1.03305 0.0330503
0.078125 1.03799 0.0379898
0.078125 1.03799 0.0379898
0.09375 1.04298 0.0429785
0.09375 1.04298 0.0429785
0.109375 1.04789 0.0478925
0.109375 1.04789 0.0478925
0.125 1.05261 0.0526113
0.125 1.05261 0.0526113
0.140625 1.05702 0.0570235
0.140625 1.05702 0.0570235
0.15625 1.06103 0.0610301
0.15625 1.06103 0.0610301
0.171875 1.06455 0.0645465
0.171875 1.06455 0.0645465
0.1875 1.0675 0.0675032
0.1875 1.0675 0.0675032
0.203125 1.06985 0.0698454
0.203125 1.06985 0.0698454
0.21875 1.07153 0.0715318
0.21875 1.07153 0.0715318
0.234375 1.07253 0.0725333
0.234375 1.07253 0.0725333
0.25 1.07283 0.0728321
0.25 1.07283 0.0728321
0.265625 1.07242 0.0724201
0.265625 1.07242 0.0724201
0.28125 1.0713 0.0712979
0.28125 1.0713 0.0712979
0.296875 1.06947 0.0694745
0.296875 1.06947 0.0694745
0.3125 1.06697 0.0669663
0.3125 1.06697 0.0669663
0.328125 1.0638 0.0637969
0.328125 1.0638 0.0637969
0.34375 1.06 0.0599963
0.34375 1.06 0.0599963
0.359375 1.0556 0.0556009
0.359375 1.0556 0.0556009
0.375 1.05065 0.0506529
0.375 1.05065 0.0506529
0.390625 1.0452 0.0452
0.390625 1.0452 0.0452
0.40625 1.03929 0.0392945
0.40625 1.03929 0.0392945
0.421875 1.03299 0.0329935
0.421875 1.03299 0.0329935
0.4375 1.02636 0.0263577
0.4375 1.02636 0.0263577
0.453125 1.01945 0.0194512
0.453125 1.01945 0.0194512
0.46875 1.01234 0.0123405
0.46875 1.01234 0.0123405
0.484375 1.00509 0.00509451
0.484375 1.00509 0.00509451
0.5 0.997783 -0.00221688
0.5 0.997783 -0.00221688
0.515625 0.997828 -0.00217164
0.515625 0.997828 -0.00217164
0.53125 0.997879 -0.00212117
0.53125 0.997879 -0.00212117
0.546875 0.997934 -0.00206559
0.546875 0.997934 -0.00206559
0.5625 0.997995 -0.00200504
0.5625 0.997995 -0.00200504
0.578125 0.99806 -0.00193965
0.578125 0.99806 -0.00193965
0.59375 0.99813 -0.00186959
0.59375 0.99813 -0.00186959
0.609375 0.998205 -0.00179503
0.609375 0.998205 -0.00179503
0.625 0.998284 -0.00171614
0.625 0.998284 -0.00171614
0.640625 0.998367 -0.0016331
0.640625 0.998367 -0.0016331
0.65625 0.998454 -0.0015461
0.65625 0.998454 -0.0015461
0.671875 0.998545 -0.00145533
0.671875 0.998545 -0.00145533
0.6875 0.998639 -0.00136091
0.6875 0.998639 -0.00136091
0.703125 0.998737 -0.00126293
0.703125 0.998737 -0.00126293
0.71875 0.998839 -0.00116129
0.71875 0.998839 -0.00116129
0.734375 0.998944 -0.0010556
0.734375 0.998944 -0.0010556
0.75 0.999055 -0.000944932
0.75 0.999055 -0.000944932
0.765625 0.999173 -0.000827399
0.765625 0.999173 -0.000827399
0.78125 0.9993 -0.000699579
0.78125 0.9993 -0.000699579
0.796875 0.999444 -0.000555653
0.796875 0.999444 -0.000555653
0.8125 0.999614 -0.000386281
0.8125 0.999614 -0.000386281
0.828125 0.999823 -0.00017721
0.828125 0.999823 -0.00017721
0.84375 1.00009 9.22454e-05
0.84375 1.00009 9.22454e-05
0.859375 1.00045 0.000450676
0.859375 1.00045 0.000450676
0.875 1.00094 0.000935661
0.875 1.00094 0.000935661
0.890625 1.00159 0.00159409
0.890625 1.00159 0.00159409
0.90625 1.00248 0.00248133
0.90625 1.00248 0.00248133
0.921875 1.00366 0.00365896
0.921875 1.00366 0.00365896
0.9375 1.00519 0.00519097
0.9375 1.00519 0.00519097
0.953125 1.00714 0.00713871
0.953125 1.00714 0.00713871
0.96875 1.00956 0.00955556
0.96875 1.00956 0.00955556
0.984375 1.01249 0.0124883
0.984375 1.01249 0.0124883
1 1 0
