# x y topography
0 1 0
0.015625 1.03371 0.0337086
0.015625 1.03371 0.0337086
0.03125 1.03757 0.0375719
0.03125 1.03757 0.0375719
0.046875 1.04149 0.0414866
0.046875 1.04149 0.0414866
0.0625 1.0454 0.0453991
0.0625 1.0454 0.0453991
0.078125 1.04924 0.0492448
0.078125 1.04924 0.0492448
0.09375 1.05296 0.0529588
0.09375 1.05296 0.0529588
0.109375 1.05648 0.0564771
0.109375 1.05648 0.0564771
0.125 1.05974 0.0597376
0.125 1.05974 0.0597376
0.140625 1.06268 0.062681
0.140625 1.06268 0.062681
0.15625 1.06525 0.0652512
0.15625 1.06525 0.0652512
0.171875 1.0674 0.0673966
0.171875 1.0674 0.0673966
0.1875 1.06907 0.0690703
0.1875 1.06907 0.0690703
0.203125 1.07023 0.0702312
0.203125 1.07023 0.0702312
0.21875 1.07084 0.070844
0.21875 1.07084 0.070844
0.234375 1.07088 0.0708804
0.234375 1.07088 0.0708804
0.25 1.07032 0.0703188
0.25 1.07032 0.0703188
0.265625 1.06915 0.069145
0.265625 1.06915 0.069145
0.28125 1.06735 0.0673523
0.28125 1.06735 0.0673523
0.296875 1.06494 0.0649414
0.296875 1.06494 0.0649414
0.3125 1.06192 0.0619208
0.3125 1.06192 0.0619208
0.328125 1.05831 0.0583061
0.328125 1.05831 0.0583061
0.34375 1.05412 0.0541205
0.34375 1.05412 0.0541205
0.359375 1.04939 0.049394
0.359375 1.04939 0.049394
0.375 1.04416 0.0441629
0.375 1.04416 0.0441629
0.390625 1.03847 0.0384701
0.390625 1.03847 0.0384701
0.40625 1.03236 0.0323639
0.40625 1.03236 0.0323639
0.421875 1.0259 0.0258976
0.421875 1.0259 0.0258976
0.4375 1.01913 0.0191292
0.4375 1.01913 0.0191292
0.453125 1.01212 0.0121204
0.453125 1.01212 0.0121204
0.46875 1.00494 0.00493612
0.46875 1.00494 0.00493612
0.484375 0.997644 -0.00235617
0.484375 0.997644 -0.00235617
0.5 0.990313 -0.00968723
0.5 0.990313 -0.00968723
0.515625 0.990365 -0.00963541
0.515625 0.990365 -0.00963541
0.53125 0.990448 -0.009552
0.53125 0.990448 -0.009552
0.546875 0.990563 -0.00943655
0.546875 0.990563 -0.00943655
0.5625 0.990712 -0.0092882
0.5625 0.990712 -0.0092882
0.578125 0.990894 -0.00910558
0.578125 0.990894 -0.00910558
0.59375 0.991113 -0.00888685
0.59375 0.991113 -0.00888685
0.609375 0.99137 -0.00862959
0.609375 0.99137 -0.00862959
0.625 0.991669 -0.0083308
0.625 0.991669 -0.0083308
0.640625 0.992013 -0.00798681
0.640625 0.992013 -0.00798681
0.65625 0.992407 -0.00759329
0.65625 0.992407 -0.00759329
0.671875 0.992855 -0.00714512
0.671875 0.992855 -0.00714512
0.6875 0.993364 -0.00663641
0.6875 0.993364 -0.00663641
0.703125 0.99394 -0.00606047
0.703125 0.99394 -0.00606047
0.71875 0.99459 -0.00540979
0.71875 0.99459 -0.00540979
0.734375 0.995324 -0.00467605
0.734375 0.995324 -0.00467605
0.75 0.99615 -0.00385018
0.75 0.99615 -0.00385018
0.765625 0.997078 -0.00292241
0.765625 0.997078 -0.00292241
0.78125 0.998118 -0.00188239
0.78125 0.998118 -0.00188239
0.796875 0.999281 -0.000719317
0.796875 0.999281 -0.000719317
0.8125 1.00058 0.000577892
0.8125 1.00058 0.000577892
0.828125 1.00202 0.00202039
0.828125 1.00202 0.00202039
0.84375 1.00362 0.00361917
0.84375 1.00362 0.00361917
0.859375 1.00538 0.0053848
0.859375 1.00538 0.0053848
0.875 1.00733 0.00732715
0.875 1.00733 0.00732715
0.890625 1.00946 0.00945508
0.890625 1.00946 0.00945508
0.90625 1.01178 0.0117762
0.90625 1.01178 0.0117762
0.921875 1.0143 0.0142964
0.921875 1.0143 0.0142964
0.9375 1.01702 0.01702
0.9375 1.01702 0.01702
0.953125 1.01995 0.0199489
0.953125 1.01995 0.0199489
0.96875 1.02308 0.0230832
0.96875 1.02308 0.0230832
0.984375 1.02642 0.026423
0.984375 1.02642 0.026423
1 1 0
