# x y topography
0 1 0
0.015625 1.02734 0.0273427
0.015625 1.02734 0.0273427
0.03125 1.03129 0.0312935
0.03125 1.03129 0.0312935
0.046875 1.03539 0.0353932
0.046875 1.03539 0.0353932
0.0625 1.03959 0.0395885
0.0625 1.03959 0.0395885
0.078125 1.04381 0.0438065
0.078125 1.04381 0.0438065
0.09375 1.04797 0.0479711
0.09375 1.04797 0.0479711
0.109375 1.05201 0.0520051
0.109375 1.05201 0.0520051
0.125 1.05583 0.0558321
0.125 1.05583 0.0558321
0.140625 1.05938 0.0593779
0.140625 1.05938 0.0593779
0.15625 1.06257 0.062572
0.15625 1.06257 0.062572
0.171875 1.06535 0.0653487
0.171875 1.06535 0.0653487
0.1875 1.06765 0.0676487
0.1875 1.06765 0.0676487
0.203125 1.06942 0.0694197
0.203125 1.06942 0.0694197
0.21875 1.07062 0.0706175
0.21875 1.07062 0.0706175
0.234375 1.07121 0.0712065
0.234375 1.07121 0.0712065
0.25 1.07116 0.0711599
0.25 1.07116 0.0711599
0.265625 1.07046 0.0704602
0.265625 1.07046 0.0704602
0.28125 1.0691 0.0690988
0.28125 1.0691 0.0690988
0.296875 1.06708 0.0670762
0.296875 1.06708 0.0670762
0.3125 1.0644 0.0644015
0.3125 1.0644 0.0644015
0.328125 1.06109 0.0610922
0.328125 1.06109 0.0610922
0.34375 1.05717 0.0571735
0.34375 1.05717 0.0571735
0.359375 1.05268 0.0526781
0.359375 1.05268 0.0526781
0.375 1.04765 0.0476451
0.375 1.04765 0.0476451
0.390625 1.04212 0.0421201
0.390625 1.04212 0.0421201
0.40625 1.03615 0.036154
0.40625 1.03615 0.036154
0.421875 1.0298 0.0298026
0.421875 1.0298 0.0298026
0.4375 1.02313 0.023126
0.4375 1.02313 0.023126
0.453125 1.01619 0.0161876
0.453125 1.01619 0.0161876
0.46875 1.00905 0.0090539
0.46875 1.00905 0.0090539
0.484375 1.00179 0.00179326
0.484375 1.00179 0.00179326
0.5 0.994476 -0.00552436
0.5 0.994476 -0.00552436
0.515625 0.994523 -0.00547703
0.515625 0.994523 -0.00547703
0.53125 0.994584 -0.00541611
0.53125 0.994584 -0.00541611
0.546875 0.994658 -0.00534166
0.546875 0.994658 -0.00534166
0.5625 0.994746 -0.00525365
0.5625 0.994746 -0.00525365
0.578125 0.994848 -0.00515196
0.578125 0.994848 -0.00515196
0.59375 0.994964 -0.00503635
0.59375 0.994964 -0.00503635
0.609375 0.995094 -0.00490635
0.609375 0.995094 -0.00490635
0.625 0.995239 -0.00476123
0.625 0.995239 -0.00476123
0.640625 0.9954 -0.00459986
0.640625 0.9954 -0.00459986
0.65625 0.995579 -0.00442061
0.65625 0.995579 -0.00442061
0.671875 0.995779 -0.00422114
0.671875 0.995779 -0.00422114
0.6875 0.996002 -0.00399828
0.6875 0.996002 -0.00399828
0.703125 0.996252 -0.00374777
0.703125 0.996252 -0.00374777
0.71875 0.996536 -0.00346408
0.71875 0.996536 -0.00346408
0.734375 0.99686 -0.00314013
0.734375 0.99686 -0.00314013
0.75 0.997233 -0.00276708
0.75 0.997233 -0.00276708
0.765625 0.997666 -0.00233417
0.765625 0.997666 -0.00233417
0.78125 0.998172 -0.00182849
0.78125 0.998172 -0.00182849
0.796875 0.998765 -0.00123497
0.796875 0.998765 -0.00123497
0.8125 0.999464 -0.000536341
0.8125 0.999464 -0.000536341
0.828125 1.00029 0.000286694
0.828125 1.00029 0.000286694
0.84375 1.00126 0.0012552
0.84375 1.00126 0.0012552
0.859375 1.00239 0.00239157
0.859375 1.00239 0.00239157
0.875 1.00372 0.00371896
0.875 1.00372 0.00371896
0.890625 1.00526 0.00526057
0.890625 1.00526 0.00526057
0.90625 1.00704 0.00703876
0.90625 1.00704 0.00703876
0.921875 1.00907 0.0090742
0.921875 1.00907 0.0090742
0.9375 1.01138 0.0113848
0.9375 1.01138 0.0113848
0.953125 1.01399 0.0139851
0.953125 1.01399 0.0139851
0.96875 1.01689 0.016885
0.96875 1.01689 0.016885
0.984375 1.02009 0.0200941
0.984375 1.02009 0.0200941
1 1 0
