# x y topography
0 1 0
0.015625 1.02141 0.0214061
0.015625 1.02141 0.0214061
0.03125 1.02549 0.0254872
0.03125 1.02549 0.0254872
0.046875 1.02986 0.0298584
0.046875 1.02986 0.0298584
0.0625 1.03446 0.0344592
0.0625 1.03446 0.0344592
0.078125 1.03919 0.0391934
0.078125 1.03919 0.0391934
0.09375 1.04396 0.0439561
0.09375 1.04396 0.0439561
0.109375 1.04864 0.0486395
0.109375 1.04864 0.0486395
0.125 1.05314 0.0531373
0.125 1.05314 0.0531373
0.140625 1.05735 0.0573482
0.140625 1.05735 0.0573482
0.15625 1.06118 0.0611795
0.15625 1.06118 0.0611795
0.171875 1.06455 0.0645488
0.171875 1.06455 0.0645488
0.1875 1.06739 0.0673861
0.1875 1.06739 0.0673861
0.203125 1.06963 0.0696335
0.203125 1.06963 0.0696335
0.21875 1.07125 0.071246
0.21875 1.07125 0.071246
0.234375 1.07219 0.0721902
0.234375 1.07219 0.0721902
0.25 1.07244 0.0724444
0.25 1.07244 0.0724444
0.265625 1.072 0.071997
0.265625 1.072 0.071997
0.28125 1.07085 0.0708462
0.28125 1.07085 0.0708462
0.296875 1.069 0.0689989
0.296875 1.069 0.0689989
0.3125 1.06647 0.0664703
0.3125 1.06647 0.0664703
0.328125 1.06328 0.063283
0.328125 1.06328 0.063283
0.34375 1.05947 0.0594665
0.34375 1.05947 0.0594665
0.359375 1.05506 0.055057
0.359375 1.05506 0.055057
0.375 1.0501 0.0500964
0.375 1.0501 0.0500964
0.390625 1.04463 0.0446323
0.390625 1.04463 0.0446323
0.40625 1.03872 0.0387172
0.40625 1.03872 0.0387172
0.421875 1.03241 0.0324079
0.421875 1.03241 0.0324079
0.4375 1.02577 0.0257652
0.4375 1.02577 0.0257652
0.453125 1.01885 0.0188532
0.453125 1.01885 0.0188532
0.46875 1.01174 0.0117386
0.46875 1.01174 0.0117386
0.484375 1.00449 0.00448998
0.484375 1.00449 0.00448998
0.5 0.997178 -0.00282249
0.5 0.997178 -0.00282249
0.515625 0.997223 -0.00277689
0.515625 0.997223 -0.00277689
0.53125 0.997275 -0.00272459
0.53125 0.997275 -0.00272459
0.546875 0.997334 -0.00266573
0.546875 0.997334 -0.00266573
0.5625 0.9974 -0.00260044
0.5625 0.9974 -0.00260044
0.578125 0.997471 -0.00252889
0.578125 0.997471 -0.00252889
0.59375 0.997549 -0.00245123
0.59375 0.997549 -0.00245123
0.609375 0.997632 -0.00236765
0.609375 0.997632 -0.00236765
0.625 0.997722 -0.00227832
0.625 0.997722 -0.00227832
0.640625 0.997817 -0.0021834
0.640625 0.997817 -0.0021834
0.65625 0.997917 -0.00208304
0.65625 0.997917 -0.00208304
0.671875 0.998023 -0.00197728
0.671875 0.998023 -0.00197728
0.6875 0.998134 -0.00186604
0.6875 0.998134 -0.00186604
0.703125 0.998251 -0.00174898
0.703125 0.998251 -0.00174898
0.71875 0.998375 -0.00162531
0.71875 0.998375 -0.00162531
0.734375 0.998506 -0.00149356
0.734375 0.998506 -0.00149356
0.75 0.998649 -0.00135119
0.75 0.998649 -0.00135119
0.765625 0.998806 -0.00119404
0.765625 0.998806 -0.00119404
0.78125 0.998984 -0.0010157
0.78125 0.998984 -0.0010157
0.796875 0.999193 -0.000806675
0.796875 0.999193 -0.000806675
0.8125 0.999447 -0.000553488
0.8125 0.999447 -0.000553488
0.828125 0.999762 -0.000237725
0.828125 0.999762 -0.000237725
0.84375 1.00016 0.000164785
0.84375 1.00016 0.000164785
0.859375 1.00068 0.000684523
0.859375 1.00068 0.000684523
0.875 1.00136 0.00135836
0.875 1.00136 0.00135836
0.890625 1.00223 0.00222898
0.890625 1.00223 0.00222898
0.90625 1.00334 0.00334351
0.90625 1.00334 0.00334351
0.921875 1.00475 0.00475132
0.921875 1.00475 0.00475132
0.9375 1.0065 0.00650109
0.9375 1.0065 0.00650109
0.953125 1.00864 0.00863729
0.953125 1.00864 0.00863729
0.96875 1.0112 0.011197
0.96875 1.0112 0.011197
0.984375 1.01421 0.0142127
0.984375 1.01421 0.0142127
1 1 0
