# x y topography
0 1 0
0.015625 1.03517 0.0351705
0.015625 1.03517 0.0351705
0.03125 1.03902 0.0390177
0.03125 1.03902 0.0390177
0.046875 1.0429 0.0428982
0.046875 1.0429 0.0428982
0.0625 1.04676 0.0467579
0.0625 1.04676 0.0467579
0.078125 1.05053 0.0505333
0.078125 1.05053 0.0505333
0.09375 1.05416 0.054161
0.09375 1.05416 0.054161
0.109375 1.05758 0.0575788
0.109375 1.05758 0.0575788
0.125 1.06073 0.0607265
0.125 1.06073 0.0607265
0.140625 1.06355 0.0635469
0.140625 1.06355 0.0635469
0.15625 1.06599 0.0659863
0.15625 1.06599 0.0659863
0.171875 1.068 0.0679953
0.171875 1.068 0.0679953
0.1875 1.06953 0.0695294
0.1875 1.06953 0.0695294
0.203125 1.07055 0.0705494
0.203125 1.07055 0.0705494
0.21875 1.07102 0.0710223
0.21875 1.07102 0.0710223
0.234375 1.07092 0.0709213
0.234375 1.07092 0.0709213
0.25 1.07023 0.0702267
0.25 1.07023 0.0702267
0.265625 1.06893 0.0689254
0.265625 1.06893 0.0689254
0.28125 1.06701 0.067012
0.28125 1.06701 0.067012
0.296875 1.06449 0.064488
0.296875 1.06449 0.064488
0.3125 1.06136 0.0613624
0.3125 1.06136 0.0613624
0.328125 1.05765 0.0576516
0.328125 1.05765 0.0576516
0.34375 1.05338 0.0533787
0.34375 1.05338 0.0533787
0.359375 1.04857 0.0485738
0.359375 1.04857 0.0485738
0.375 1.04327 0.0432734
0.375 1.04327 0.0432734
0.390625 1.03752 0.03752
0.390625 1.03752 0.03752
0.40625 1.03136 0.0313618
0.40625 1.03136 0.0313618
0.421875 1.02485 0.0248519
0.421875 1.02485 0.0248519
0.4375 1.01805 0.018048
0.4375 1.01805 0.018048
0.453125 1.01101 0.0110114
0.453125 1.01101 0.0110114
0.46875 1.00381 0.00380699
0.46875 1.00381 0.00380699
0.484375 0.996502 -0.00349803
0.484375 0.996502 -0.00349803
0.5 0.989165 -0.0108345
0.5 0.989165 -0.0108345
0.515625 0.989219 -0.0107809
0.515625 0.989219 -0.0107809
0.53125 0.989312 -0.0106884
0.53125 0.989312 -0.0106884
0.546875 0.989443 -0.0105565
0.546875 0.989443 -0.0105565
0.5625 0.989616 -0.0103842
0.5625 0.989616 -0.0103842
0.578125 0.98983 -0.01017
0.578125 0.98983 -0.01017
0.59375 0.990088 -0.0099117
0.59375 0.990088 -0.0099117
0.609375 0.990393 -0.00960667
0.609375 0.990393 -0.00960667
0.625 0.990748 -0.00925165
0.625 0.990748 -0.00925165
0.640625 0.991157 -0.00884274
0.640625 0.991157 -0.00884274
0.65625 0.991625 -0.00837539
0.65625 0.991625 -0.00837539
0.671875 0.992156 -0.00784442
0.671875 0.992156 -0.00784442
0.6875 0.992756 -0.00724393
0.6875 0.992756 -0.00724393
0.703125 0.993433 -0.0065674
0.703125 0.993433 -0.0065674
0.71875 0.994192 -0.00580765
0.71875 0.994192 -0.00580765
0.734375 0.995043 -0.00495688
0.734375 0.995043 -0.00495688
0.75 0.995993 -0.0040068
0.75 0.995993 -0.0040068
0.765625 0.997051 -0.00294861
0.765625 0.997051 -0.00294861
0.78125 0.998227 -0.0017732
0.78125 0.998227 -0.0017732
0.796875 0.999529 -0.000471261
0.796875 0.999529 -0.000471261
0.8125 1.00097 0.000966591
0.8125 1.00097 0.000966591
0.828125 1.00255 0.00254959
0.828125 1.00255 0.00254959
0.84375 1.00429 0.00428666
0.84375 1.00429 0.00428666
0.859375 1.00619 0.00618615
0.859375 1.00619 0.00618615
0.875 1.00826 0.00825565
0.875 1.00826 0.00825565
0.890625 1.0105 0.0105017
0.890625 1.0105 0.0105017
0.90625 1.01293 0.0129298
0.90625 1.01293 0.0129298
0.921875 1.01554 0.0155437
0.921875 1.01554 0.0155437
0.9375 1.01835 0.0183458
0.9375 1.01835 0.0183458
0.953125 1.02134 0.0213364
0.953125 1.02134 0.0213364
0.96875 1.02451 0.0245141
0.96875 1.02451 0.0245141
0.984375 1.02788 0.0278781
0.984375 1.02788 0.0278781
1 1 0
