# x y topography
0 1 0
0.015625 1.02919 0.029186
0.015625 1.02919 0.029186
0.03125 1.03311 0.0331077
0.03125 1.03311 0.0331077
0.046875 1.03715 0.0371463
0.046875 1.03715 0.0371463
0.0625 1.04125 0.0412485
0.0625 1.04125 0.0412485
0.078125 1.04534 0.045345
0.078125 1.04534 0.045345
0.09375 1.04936 0.0493637
0.09375 1.04936 0.0493637
0.109375 1.05323 0.0532329
0.109375 1.05323 0.0532329
0.125 1.05688 0.0568813
0.125 1.05688 0.0568813
0.140625 1.06024 0.0602403
0.140625 1.06024 0.0602403
0.15625 1.06324 0.0632445
0.15625 1.06324 0.0632445
0.171875 1.06583 0.0658329
0.171875 1.06583 0.0658329
0.1875 1.06795 0.0679504
0.1875 1.06795 0.0679504
0.203125 1.06955 0.0695479
0.203125 1.06955 0.0695479
0.21875 1.07058 0.0705838
0.21875 1.07058 0.0705838
0.234375 1.07102 0.0710241
0.234375 1.07102 0.0710241
0.25 1.07084 0.070843
0.25 1.07084 0.070843
0.265625 1.07002 0.0700232
0.265625 1.07002 0.0700232
0.28125 1.06856 0.068556
0.28125 1.06856 0.068556
0.296875 1.06644 0.0664412
0.296875 1.06644 0.0664412
0.3125 1.06369 0.0636869
0.3125 1.06369 0.0636869
0.328125 1.06031 0.0603094
0.328125 1.06031 0.0603094
0.34375 1.05633 0.0563329
0.34375 1.05633 0.0563329
0.359375 1.05179 0.0517886
0.359375 1.05179 0.0517886
0.375 1.04671 0.0467149
0.375 1.04671 0.0467149
0.390625 1.04116 0.0411561
0.390625 1.04116 0.0411561
0.40625 1.03516 0.0351622
0.40625 1.03516 0.0351622
0.421875 1.02879 0.0287884
0.421875 1.02879 0.0287884
0.4375 1.02209 0.0220941
0.4375 1.02209 0.0220941
0.453125 1.01514 0.0151423
0.453125 1.01514 0.0151423
0.46875 1.008 0.00799893
0.46875 1.008 0.00799893
0.484375 1.00073 0.000732301
0.484375 1.00073 0.000732301
0.5 0.993412 -0.00658786
0.5 0.993412 -0.00658786
0.515625 0.99346 -0.00653968
0.515625 0.99346 -0.00653968
0.53125 0.993525 -0.0064745
0.53125 0.993525 -0.0064745
0.546875 0.993608 -0.00639227
0.546875 0.993608 -0.00639227
0.5625 0.993707 -0.00629276
0.5625 0.993707 -0.00629276
0.578125 0.993824 -0.00617554
0.578125 0.993824 -0.00617554
0.59375 0.99396 -0.00603993
0.59375 0.99396 -0.00603993
0.609375 0.994115 -0.00588493
0.609375 0.994115 -0.00588493
0.625 0.994291 -0.00570912
0.625 0.994291 -0.00570912
0.640625 0.994489 -0.00551057
0.640625 0.994489 -0.00551057
0.65625 0.994713 -0.00528666
0.65625 0.994713 -0.00528666
0.671875 0.994966 -0.00503401
0.671875 0.994966 -0.00503401
0.6875 0.995252 -0.00474828
0.6875 0.995252 -0.00474828
0.703125 0.995576 -0.00442402
0.703125 0.995576 -0.00442402
0.71875 0.995945 -0.00405451
0.71875 0.995945 -0.00405451
0.734375 0.996368 -0.00363164
0.734375 0.996368 -0.00363164
0.75 0.996854 -0.00314574
0.75 0.996854 -0.00314574
0.765625 0.997414 -0.00258556
0.765625 0.997414 -0.00258556
0.78125 0.998062 -0.00193821
0.78125 0.998062 -0.00193821
0.796875 0.998811 -0.00118922
0.796875 0.998811 -0.00118922
0.8125 0.999677 -0.000322616
0.8125 0.999677 -0.000322616
0.828125 1.00068 0.000678793
0.828125 1.00068 0.000678793
0.84375 1.00183 0.00183316
0.84375 1.00183 0.00183316
0.859375 1.00316 0.00315919
0.859375 1.00316 0.00315919
0.875 1.00468 0.00467559
0.875 1.00468 0.00467559
0.890625 1.0064 0.00640058
0.890625 1.0064 0.00640058
0.90625 1.00835 0.00835118
0.90625 1.00835 0.00835118
0.921875 1.01054 0.0105426
0.921875 1.01054 0.0105426
0.9375 1.01299 0.0129875
0.9375 1.01299 0.0129875
0.953125 1.0157 0.0156955
0.953125 1.0157 0.0156955
0.96875 1.01867 0.0186727
0.96875 1.01867 0.0186727
0.984375 1.02193 0.0219251
0.984375 1.02193 0.0219251
1 1 0
