# x y topography
0 1 0
0.015625 1.03731 0.0373133
0.015625 1.03731 0.0373133
0.03125 1.04114 0.0411386
0.03125 1.04114 0.0411386
0.046875 1.04497 0.0449725
0.046875 1.04497 0.0449725
0.0625 1.04876 0.0487603
0.0625 1.04876 0.0487603
0.078125 1.05244 0.0524396
0.078125 1.05244 0.0524396
0.09375 1.05595 0.0559488
0.09375 1.05595 0.0559488
0.109375 1.05923 0.0592277
0.109375 1.05923 0.0592277
0.125 1.06222 0.0622187
0.125 1.06222 0.0622187
0.140625 1.06487 0.064867
0.140625 1.06487 0.064867
0.15625 1.06712 0.067122
0.15625 1.06712 0.067122
0.171875 1.06894 0.0689369
0.171875 1.06894 0.0689369
0.1875 1.07027 0.0702702
0.1875 1.07027 0.0702702
0.203125 1.07109 0.0710856
0.203125 1.07109 0.0710856
0.21875 1.07135 0.0713528
0.21875 1.07135 0.0713528
0.234375 1.07105 0.0710476
0.234375 1.07105 0.0710476
0.25 1.07015 0.0701524
0.25 1.07015 0.0701524
0.265625 1.06866 0.0686566
0.265625 1.06866 0.0686566
0.28125 1.06656 0.0665562
0.28125 1.06656 0.0665562
0.296875 1.06385 0.0638546
0.296875 1.06385 0.0638546
0.3125 1.06056 0.060562
0.3125 1.06056 0.060562
0.328125 1.0567 0.0566956
0.328125 1.0567 0.0566956
0.34375 1.05228 0.0522796
0.34375 1.05228 0.0522796
0.359375 1.04734 0.0473446
0.359375 1.04734 0.0473446
0.375 1.04193 0.0419273
0.375 1.04193 0.0419273
0.390625 1.03607 0.0360705
0.390625 1.03607 0.0360705
0.40625 1.02982 0.0298225
0.40625 1.02982 0.0298225
0.421875 1.02324 0.0232364
0.421875 1.02324 0.0232364
0.4375 1.01637 0.0163697
0.4375 1.01637 0.0163697
0.453125 1.00928 0.00928378
0.453125 1.00928 0.00928378
0.46875 1.00204 0.0020433
0.46875 1.00204 0.0020433
0.484375 0.994715 -0.00528463
0.484375 0.994715 -0.00528463
0.5 0.987369 -0.0126309
0.5 0.987369 -0.0126309
0.515625 0.987426 -0.012574
0.515625 0.987426 -0.012574
0.53125 0.987535 -0.0124652
0.53125 0.987535 -0.0124652
0.546875 0.987696 -0.0123038
0.546875 0.987696 -0.0123038
0.5625 0.987911 -0.0120888
0.5625 0.987911 -0.0120888
0.578125 0.988181 -0.0118186
0.578125 0.988181 -0.0118186
0.59375 0.988509 -0.0114908
0.59375 0.988509 -0.0114908
0.609375 0.988897 -0.0111027
0.609375 0.988897 -0.0111027
0.625 0.989349 -0.0106511
0.625 0.989349 -0.0106511
0.640625 0.989868 -0.010132
0.640625 0.989868 -0.010132
0.65625 0.990459 -0.00954113
0.65625 0.990459 -0.00954113
0.671875 0.991127 -0.00887344
0.671875 0.991127 -0.00887344
0.6875 0.991876 -0.00812358
0.6875 0.991876 -0.00812358
0.703125 0.992714 -0.00728566
0.703125 0.992714 -0.00728566
0.71875 0.993647 -0.00635341
0.71875 0.993647 -0.00635341
0.734375 0.99468 -0.00532021
0.734375 0.99468 -0.00532021
0.75 0.995821 -0.00417914
0.75 0.995821 -0.00417914
0.765625 0.997077 -0.00292315
0.765625 0.997077 -0.00292315
0.78125 0.998455 -0.00154508
0.78125 0.998455 -0.00154508
0.796875 0.999962 -3.78288e-05
0.796875 0.999962 -3.78288e-05
0.8125 1.00161 0.00160552
0.8125 1.00161 0.00160552
0.828125 1.00339 0.00339155
0.828125 1.00339 0.00339155
0.84375 1.00533 0.00532639
0.84375 1.00533 0.00532639
0.859375 1.00742 0.00741553
0.859375 1.00742 0.00741553
0.875 1.00966 0.00966364
0.875 1.00966 0.00966364
0.890625 1.01207 0.0120745
0.890625 1.01207 0.0120745
0.90625 1.01465 0.0146506
0.90625 1.01465 0.0146506
0.921875 1.01739 0.0173935
0.921875 1.01739 0.0173935
0.9375 1.0203 0.0203031
0.9375 1.0203 0.0203031
0.953125 1.02338 0.0233778
0.953125 1.02338 0.0233778
0.96875 1.02661 0.0266149
0.96875 1.02661 0.0266149
0.984375 1.03001 0.0300116
0.984375 1.03001 0.0300116
1 1 0
