# x y topography
0 1 0
0.015625 1.02704 0.0270369
0.015625 1.02704 0.0270369
0.03125 1.03099 0.0309929
0.03125 1.03099 0.0309929
0.046875 1.0351 0.0351036
0.046875 1.0351 0.0351036
0.0625 1.03932 0.0393154
0.0625 1.03932 0.0393154
0.078125 1.04356 0.043555
0.078125 1.04356 0.043555
0.09375 1.04775 0.0477452
0.09375 1.04775 0.0477452
0.109375 1.05181 0.0518081
0.109375 1.05181 0.0518081
0.125 1.05567 0.055666
0.125 1.05567 0.055666
0.140625 1.05924 0.0592439
0.140625 1.05924 0.0592439
0.15625 1.06247 0.0624702
0.15625 1.06247 0.0624702
0.171875 1.06528 0.0652784
0.171875 1.06528 0.0652784
0.1875 1.06761 0.0676084
0.1875 1.06761 0.0676084
0.203125 1.06941 0.0694075
0.203125 1.06941 0.0694075
0.21875 1.07063 0.0706312
0.21875 1.07063 0.0706312
0.234375 1.07124 0.0712435
0.234375 1.07124 0.0712435
0.25 1.07122 0.0712177
0.25 1.07122 0.0712177
0.265625 1.07054 0.0705361
0.265625 1.07054 0.0705361
0.28125 1.06919 0.0691905
0.28125 1.06919 0.0691905
0.296875 1.06718 0.0671814
0.296875 1.06718 0.0671814
0.3125 1.06452 0.0645183
0.3125 1.06452 0.0645183
0.328125 1.06122 0.0612187
0.328125 1.06122 0.0612187
0.34375 1.05731 0.0573081
0.34375 1.05731 0.0573081
0.359375 1.05282 0.0528195
0.359375 1.05282 0.0528195
0.375 1.04779 0.0477922
0.375 1.04779 0.0477922
0.390625 1.04227 0.0422718
0.390625 1.04227 0.0422718
0.40625 1.03631 0.0363096
0.40625 1.03631 0.0363096
0.421875 1.02996 0.0299613
0.421875 1.02996 0.0299613
0.4375 1.02329 0.0232871
0.4375 1.02329 0.0232871
0.453125 1.01635 0.0163506
0.453125 1.01635 0.0163506
0.46875 1.00922 0.00921824
0.46875 1.00922 0.00921824
0.484375 1.00196 0.00195843
0.484375 1.00196 0.00195843
0.5 0.994641 -0.00535883
0.5 0.994641 -0.00535883
0.515625 0.994688 -0.00531162
0.515625 0.994688 -0.00531162
0.53125 0.994749 -0.00525129
0.53125 0.994749 -0.00525129
0.546875 0.994822 -0.00517793
0.546875 0.994822 -0.00517793
0.5625 0.994908 -0.00509151
0.5625 0.994908 -0.00509151
0.578125 0.995008 -0.00499198
0.578125 0.995008 -0.00499198
0.59375 0.995121 -0.00487913
0.59375 0.995121 -0.00487913
0.609375 0.995247 -0.00475259
0.609375 0.995247 -0.00475259
0.625 0.995388 -0.00461171
0.625 0.995388 -0.00461171
0.640625 0.995545 -0.00445549
0.640625 0.995545 -0.00445549
0.65625 0.995718 -0.00428244
0.65625 0.995718 -0.00428244
0.671875 0.99591 -0.00409043
0.671875 0.99591 -0.00409043
0.6875 0.996124 -0.00387647
0.6875 0.996124 -0.00387647
0.703125 0.996363 -0.00363654
0.703125 0.996363 -0.00363654
0.71875 0.996635 -0.00336534
0.71875 0.996635 -0.00336534
0.734375 0.996944 -0.00305601
0.734375 0.996944 -0.00305601
0.75 0.9973 -0.00269993
0.75 0.9973 -0.00269993
0.765625 0.997714 -0.00228648
0.765625 0.997714 -0.00228648
0.78125 0.998197 -0.00180285
0.78125 0.998197 -0.00180285
0.796875 0.998766 -0.00123393
0.796875 0.998766 -0.00123393
0.8125 0.999438 -0.000562339
0.8125 0.999438 -0.000562339
0.828125 1.00023 0.000231528
0.828125 1.00023 0.000231528
0.84375 1.00117 0.00116918
0.84375 1.00117 0.00116918
0.859375 1.00227 0.00227364
0.859375 1.00227 0.00227364
0.875 1.00357 0.00356882
0.875 1.00357 0.00356882
0.890625 1.00508 0.00507883
0.890625 1.00508 0.00507883
0.90625 1.00683 0.00682702
0.90625 1.00683 0.00682702
0.921875 1.00884 0.00883508
0.921875 1.00884 0.00883508
0.9375 1.01112 0.011122
0.9375 1.01112 0.011122
0.953125 1.0137 0.013703
0.953125 1.0137 0.013703
0.96875 1.01659 0.0165892
0.96875 1.01659 0.0165892
0.984375 1.01979 0.0197906
0.984375 1.01979 0.0197906
1 1 0
