# x y z topography
0 0 1.00055 0.000548814
100 0 1.00072 0.000715189
0 100 1.00079 0.000791725
100 100 1.00092 0.000918166
100 0 1.00072 0.000715189
200 0 1.0006 0.000602763
100 100 1.00092 0.000918166
200 100 1.00102 0.00102015
200 0 1.0006 0.000602763
300 0 1.00054 0.000544883
200 100 1.00102 0.00102015
300 100 1.00111 0.00110666
300 0 1.00054 0.000544883
400 0 1.00042 0.000423655
300 100 1.00111 0.00110666
400 100 1.00115 0.00114867
0 100 1.00079 0.000791725
100 100 1.00092 0.000918166
0 200 1.00098 0.000978618
100 200 1.00113 0.00112629
100 100 1.00092 0.000918166
200 100 1.00102 0.00102015
100 200 1.00113 0.00112629
200 200 1.00142 0.00141664
200 100 1.00102 0.00102015
300 100 1.00111 0.00110666
200 200 1.00142 0.00141664
300 200 1.00266 0.00266338
300 100 1.00111 0.00110666
400 100 1.00115 0.00114867
300 200 1.00266 0.00266338
400 200 1.0028 0.00280421
0 200 1.00098 0.000978618
100 200 1.00113 0.00112629
0 300 1.00026 0.000264556
100 300 1.00215 0.00215073
100 200 1.00113 0.00112629
200 200 1.00142 0.00141664
100 300 1.00215 0.00215073
200 300 1.00278 0.00277966
200 200 1.00142 0.00141664
300 200 1.00266 0.00266338
200 300 1.00278 0.00277966
300 300 1.00322 0.00322135
0 300 1.00026 0.000264556
100 300 1.00215 0.00215073
0 400 1.00036 0.000359508
100 400 1.00337 0.00336578
100 300 1.00215 0.00215073
200 300 1.00278 0.00277966
100 400 1.00337 0.00336578
200 400 1.0042 0.00420491
400 0 1.00042 0.000423655
500 0 1.00065 0.000645894
400 100 1.00115 0.00114867
500 100 1.0012 0.00120224
500 0 1.00065 0.000645894
600 0 1.00044 0.000437587
500 100 1.0012 0.00120224
600 100 1.00113 0.00112953
400 100 1.00115 0.00114867
500 100 1.0012 0.00120224
400 200 1.0028 0.00280421
500 200 1.00282 0.00282445
500 100 1.0012 0.00120224
600 100 1.00113 0.00112953
500 200 1.00282 0.00282445
600 200 1.00269 0.00269264
300 200 1.00266 0.00266338
400 200 1.0028 0.00280421
300 300 1.00322 0.00322135
400 300 1.00346 0.00345859
200 300 1.00278 0.00277966
300 300 1.00322 0.00322135
200 400 1.0042 0.00420491
300 400 1.00481 0.00481467
300 300 1.00322 0.00322135
400 300 1.00346 0.00345859
300 400 1.00481 0.00481467
400 400 1.00514 0.005141
600 0 1.00044 0.000437587
700 0 1.00089 0.000891773
600 100 1.00113 0.00112953
700 100 1.00113 0.00112966
700 0 1.00089 0.000891773
800 0 1.00096 0.000963663
700 100 1.00113 0.00112966
800 100 1.00101 0.00100745
600 100 1.00113 0.00112953
700 100 1.00113 0.00112966
600 200 1.00269 0.00269264
700 200 1.00245 0.0024462
700 100 1.00113 0.00112966
800 100 1.00101 0.00100745
700 200 1.00245 0.0024462
800 200 1.00204 0.00204238
400 200 1.0028 0.00280421
500 200 1.00282 0.00282445
400 300 1.00346 0.00345859
500 300 1.00447 0.00447225
500 200 1.00282 0.00282445
600 200 1.00269 0.00269264
500 300 1.00447 0.00447225
600 300 1.00425 0.00425371
400 300 1.00346 0.00345859
500 300 1.00447 0.00447225
400 400 1.00514 0.005141
500 400 1.00515 0.0051503
600 200 1.00269 0.00269264
700 200 1.00245 0.0024462
600 300 1.00425 0.00425371
700 300 1.00383 0.00382942
700 200 1.00245 0.0024462
800 200 1.00204 0.00204238
700 300 1.00383 0.00382942
800 300 1.00325 0.00325128
500 300 1.00447 0.00447225
600 300 1.00425 0.00425371
500 400 1.00515 0.0051503
600 400 1.00484 0.00483534
600 300 1.00425 0.00425371
700 300 1.00383 0.00382942
600 400 1.00484 0.00483534
700 400 1.00522 0.00522312
700 300 1.00383 0.00382942
800 300 1.00325 0.00325128
700 400 1.00522 0.00522312
800 400 1.00437 0.00437285
0 400 1.00036 0.000359508
100 400 1.00337 0.00336578
0 500 1.00057 0.000570197
100 500 1.00465 0.00465123
100 400 1.00337 0.00336578
200 400 1.0042 0.00420491
100 500 1.00465 0.00465123
200 500 1.00568 0.00567855
200 400 1.0042 0.00420491
300 400 1.00481 0.00481467
200 500 1.00568 0.00567855
300 500 1.00645 0.00644758
300 400 1.00481 0.00481467
400 400 1.00514 0.005141
300 500 1.00645 0.00644758
400 500 1.00686 0.00685985
0 500 1.00057 0.000570197
100 500 1.00465 0.00465123
0 600 1.00016 0.00015897
100 600 1.00586 0.00585972
100 500 1.00465 0.00465123
200 500 1.00568 0.00567855
100 600 1.00586 0.00585972
200 600 1.00717 0.00716648
200 500 1.00568 0.00567855
300 500 1.00645 0.00644758
200 600 1.00717 0.00716648
300 600 1.00811 0.00810954
300 500 1.00645 0.00644758
400 500 1.00686 0.00685985
300 600 1.00811 0.00810954
400 600 1.00861 0.00861082
0 600 1.00016 0.00015897
100 600 1.00586 0.00585972
0 700 1.00098 0.000976459
100 700 1.00629 0.00629476
100 600 1.00586 0.00585972
200 600 1.00717 0.00716648
100 700 1.00629 0.00629476
200 700 1.00771 0.00770595
200 600 1.00717 0.00716648
300 600 1.00811 0.00810954
200 700 1.00771 0.00770595
300 700 1.0098 0.00979505
300 600 1.00811 0.00810954
400 600 1.00861 0.00861082
300 700 1.0098 0.00979505
400 700 1.01038 0.0103829
0 700 1.00098 0.000976459
100 700 1.00629 0.00629476
0 800 1.00032 0.000317983
100 800 1.00743 0.00743079
100 700 1.00629 0.00629476
200 700 1.00771 0.00770595
100 800 1.00743 0.00743079
200 800 1.00918 0.00918353
200 700 1.00771 0.00770595
300 700 1.0098 0.00979505
200 800 1.00918 0.00918353
300 800 1.01047 0.0104683
400 400 1.00514 0.005141
500 400 1.00515 0.0051503
400 500 1.00686 0.00685985
500 500 1.00686 0.00686465
500 400 1.00515 0.0051503
600 400 1.00484 0.00483534
500 500 1.00686 0.00686465
600 500 1.00645 0.0064516
600 400 1.00484 0.00483534
700 400 1.00522 0.00522312
600 500 1.00645 0.0064516
700 500 1.00565 0.00565256
700 400 1.00522 0.00522312
800 400 1.00437 0.00437285
700 500 1.00565 0.00565256
800 500 1.00454 0.00454259
400 500 1.00686 0.00685985
500 500 1.00686 0.00686465
400 600 1.00861 0.00861082
500 600 1.00861 0.00861351
500 500 1.00686 0.00686465
600 500 1.00645 0.0064516
500 600 1.00861 0.00861351
600 600 1.00811 0.00810597
300 700 1.0098 0.00979505
400 700 1.01038 0.0103829
300 800 1.01047 0.0104683
400 800 1.01115 0.0111543
600 500 1.00645 0.0064516
700 500 1.00565 0.00565256
600 600 1.00811 0.00810597
700 600 1.00713 0.00712594
700 500 1.00565 0.00565256
800 500 1.00454 0.00454259
700 600 1.00713 0.00712594
800 600 1.00575 0.00575484
400 600 1.00861 0.00861082
500 600 1.00861 0.00861351
400 700 1.01038 0.0103829
500 700 1.01039 0.0103869
500 600 1.00861 0.00861351
600 600 1.00811 0.00810597
500 700 1.01039 0.0103869
600 700 1.00979 0.00979375
600 600 1.00811 0.00810597
700 600 1.00713 0.00712594
600 700 1.00979 0.00979375
700 700 1.00865 0.00865448
400 700 1.01038 0.0103829
500 700 1.01039 0.0103869
400 800 1.01115 0.0111543
500 800 1.01216 0.0121644
500 700 1.01039 0.0103869
600 700 1.00979 0.00979375
500 800 1.01216 0.0121644
600 800 1.01149 0.0114931
800 0 1.00096 0.000963663
900 0 1.00038 0.000383442
800 100 1.00101 0.00100745
900 100 1.00087 0.000870012
800 100 1.00101 0.00100745
900 100 1.00087 0.000870012
800 200 1.00204 0.00204238
900 200 1.00041 0.000414662
800 200 1.00204 0.00204238
900 200 1.00041 0.000414662
800 300 1.00325 0.00325128
900 300 1.00068 0.00068182
800 300 1.00325 0.00325128
900 300 1.00068 0.00068182
800 400 1.00437 0.00437285
900 400 1.00036 0.000363711
700 600 1.00713 0.00712594
800 600 1.00575 0.00575484
700 700 1.00865 0.00865448
800 700 1.00707 0.00707179
600 700 1.00979 0.00979375
700 700 1.00865 0.00865448
600 800 1.01149 0.0114931
700 800 1.01022 0.0102184
700 700 1.00865 0.00865448
800 700 1.00707 0.00707179
700 800 1.01022 0.0102184
800 800 1.00854 0.00853727
800 400 1.00437 0.00437285
900 400 1.00036 0.000363711
800 500 1.00454 0.00454259
900 500 1.00024 0.000244426
800 500 1.00454 0.00454259
900 500 1.00024 0.000244426
800 600 1.00575 0.00575484
900 600 1.0001 9.60984e-05
800 600 1.00575 0.00575484
900 600 1.0001 9.60984e-05
800 700 1.00707 0.00707179
900 700 1.00012 0.000118728
800 700 1.00707 0.00707179
900 700 1.00012 0.000118728
800 800 1.00854 0.00853727
900 800 1.00093 0.000929296
0 800 1.00032 0.000317983
100 800 1.00743 0.00743079
0 900 1.00032 0.000318569
100 900 1.00868 0.00868034
100 800 1.00743 0.00743079
200 800 1.00918 0.00918353
100 900 1.00868 0.00868034
200 900 1.01067 0.0106703
0 900 1.00032 0.000318569
100 900 1.00868 0.00868034
0 1000 1.00068 0.000677817
100 1000 1.01001 0.0100128
200 800 1.00918 0.00918353
300 800 1.01047 0.0104683
200 900 1.01067 0.0106703
300 900 1.01213 0.0121275
300 800 1.01047 0.0104683
400 800 1.01115 0.0111543
300 900 1.01213 0.0121275
400 900 1.0129 0.0129049
100 900 1.00868 0.00868034
200 900 1.01067 0.0106703
100 1000 1.01001 0.0100128
200 1000 1.01215 0.0121521
200 900 1.01067 0.0106703
300 900 1.01213 0.0121275
200 1000 1.01215 0.0121521
300 1000 1.01375 0.0137494
300 900 1.01213 0.0121275
400 900 1.0129 0.0129049
300 1000 1.01375 0.0137494
400 1000 1.01461 0.0146054
0 1000 1.00068 0.000677817
100 1000 1.01001 0.0100128
0 1100 1.00045 0.000447125
100 1100 1.01121 0.011207
100 1000 1.01001 0.0100128
200 1000 1.01215 0.0121521
100 1100 1.01121 0.011207
200 1100 1.01355 0.0135547
200 1000 1.01215 0.0121521
300 1000 1.01375 0.0137494
200 1100 1.01355 0.0135547
300 1100 1.01528 0.015284
300 1000 1.01375 0.0137494
400 1000 1.01461 0.0146054
300 1100 1.01528 0.015284
400 1100 1.01621 0.016207
0 1100 1.00045 0.000447125
100 1100 1.01121 0.011207
0 1200 1.00073 0.000725254
100 1200 1.01143 0.0114311
100 1100 1.01121 0.011207
200 1100 1.01355 0.0135547
100 1200 1.01143 0.0114311
200 1200 1.01386 0.0138648
200 1100 1.01355 0.0135547
300 1100 1.01528 0.015284
200 1200 1.01386 0.0138648
300 1200 1.01668 0.0166772
300 1100 1.01528 0.015284
400 1100 1.01621 0.016207
300 1200 1.01668 0.0166772
400 1200 1.01764 0.0176447
400 800 1.01115 0.0111543
500 800 1.01216 0.0121644
400 900 1.0129 0.0129049
500 900 1.01292 0.0129185
500 800 1.01216 0.0121644
600 800 1.01149 0.0114931
500 900 1.01292 0.0129185
600 900 1.01216 0.0121617
600 800 1.01149 0.0114931
700 800 1.01022 0.0102184
600 900 1.01216 0.0121617
700 900 1.01171 0.0117059
700 800 1.01022 0.0102184
800 800 1.00854 0.00853727
700 900 1.01171 0.0117059
800 900 1.00967 0.00966728
400 900 1.0129 0.0129049
500 900 1.01292 0.0129185
400 1000 1.01461 0.0146054
500 1000 1.01462 0.0146206
500 900 1.01292 0.0129185
600 900 1.01216 0.0121617
500 1000 1.01462 0.0146206
600 1000 1.01379 0.0137909
600 900 1.01216 0.0121617
700 900 1.01171 0.0117059
600 1000 1.01379 0.0137909
700 1000 1.01221 0.0122146
700 900 1.01171 0.0117059
800 900 1.00967 0.00966728
700 1000 1.01221 0.0122146
800 1000 1.01012 0.0101166
400 1000 1.01461 0.0146054
500 1000 1.01462 0.0146206
400 1100 1.01621 0.016207
500 1100 1.01622 0.0162196
500 1000 1.01462 0.0146206
600 1000 1.01379 0.0137909
500 1100 1.01622 0.0162196
600 1100 1.01532 0.0153169
600 1000 1.01379 0.0137909
700 1000 1.01221 0.0122146
600 1100 1.01532 0.0153169
700 1100 1.0136 0.0135998
700 1000 1.01221 0.0122146
800 1000 1.01012 0.0101166
700 1100 1.0136 0.0135998
800 1100 1.01128 0.0112819
400 1100 1.01621 0.016207
500 1100 1.01622 0.0162196
400 1200 1.01764 0.0176447
500 1200 1.01765 0.0176516
500 1100 1.01622 0.0162196
600 1100 1.01532 0.0153169
500 1200 1.01765 0.0176516
600 1200 1.01669 0.0166885
600 1100 1.01532 0.0153169
700 1100 1.0136 0.0135998
600 1200 1.01669 0.0166885
700 1200 1.01485 0.0148508
700 1100 1.0136 0.0135998
800 1100 1.01128 0.0112819
700 1200 1.01485 0.0148508
800 1200 1.01232 0.0123206
0 1200 1.00073 0.000725254
100 1200 1.01143 0.0114311
0 1300 1.00062 0.000618015
100 1300 1.0125 0.0124952
100 1200 1.01143 0.0114311
200 1200 1.01386 0.0138648
100 1300 1.0125 0.0124952
200 1300 1.01499 0.0149924
200 1200 1.01386 0.0138648
300 1200 1.01668 0.0166772
200 1300 1.01499 0.0149924
300 1300 1.01684 0.0168436
0 1300 1.00062 0.000618015
100 1300 1.0125 0.0124952
0 1400 1.0009 0.000896547
100 1400 1.01346 0.0134613
100 1300 1.0125 0.0124952
200 1300 1.01499 0.0149924
100 1400 1.01346 0.0134613
200 1400 1.01588 0.0158764
300 1200 1.01668 0.0166772
400 1200 1.01764 0.0176447
300 1300 1.01684 0.0168436
400 1300 1.01783 0.0178291
200 1300 1.01499 0.0149924
300 1300 1.01684 0.0168436
200 1400 1.01588 0.0158764
300 1400 1.01769 0.0176888
300 1300 1.01684 0.0168436
400 1300 1.01783 0.0178291
300 1400 1.01769 0.0176888
400 1400 1.01865 0.0186527
0 1400 1.0009 0.000896547
100 1400 1.01346 0.0134613
0 1500 1.00015 0.000149448
100 1500 1.01407 0.0140673
100 1400 1.01346 0.0134613
200 1400 1.01588 0.0158764
100 1500 1.01407 0.0140673
200 1500 1.01641 0.016414
0 1500 1.00015 0.000149448
100 1500 1.01407 0.0140673
0 1600 1.0007 0.000697429
100 1600 1.01473 0.0147341
100 1500 1.01407 0.0140673
200 1500 1.01641 0.016414
100 1600 1.01473 0.0147341
200 1600 1.01665 0.0166453
400 1200 1.01764 0.0176447
500 1200 1.01765 0.0176516
400 1300 1.01783 0.0178291
500 1300 1.01883 0.0188311
500 1200 1.01765 0.0176516
600 1200 1.01669 0.0166885
500 1300 1.01883 0.0188311
600 1300 1.01784 0.0178422
400 1300 1.01783 0.0178291
500 1300 1.01883 0.0188311
400 1400 1.01865 0.0186527
500 1400 1.01865 0.0186493
200 1400 1.01588 0.0158764
300 1400 1.01769 0.0176888
200 1500 1.01641 0.016414
300 1500 1.01812 0.0181163
300 1400 1.01769 0.0176888
400 1400 1.01865 0.0186527
300 1500 1.01812 0.0181163
400 1500 1.01901 0.0190091
200 1500 1.01641 0.016414
300 1500 1.01812 0.0181163
200 1600 1.01665 0.0166453
300 1600 1.01808 0.0180836
300 1500 1.01812 0.0181163
400 1500 1.01901 0.0190091
300 1600 1.01808 0.0180836
400 1600 1.01883 0.0188336
600 1200 1.01669 0.0166885
700 1200 1.01485 0.0148508
600 1300 1.01784 0.0178422
700 1300 1.01597 0.0159666
700 1200 1.01485 0.0148508
800 1200 1.01232 0.0123206
700 1300 1.01597 0.0159666
800 1300 1.01341 0.0134122
500 1300 1.01883 0.0188311
600 1300 1.01784 0.0178422
500 1400 1.01865 0.0186493
600 1400 1.01768 0.0176753
600 1300 1.01784 0.0178422
700 1300 1.01597 0.0159666
600 1400 1.01768 0.0176753
700 1400 1.01685 0.0168481
700 1300 1.01597 0.0159666
800 1300 1.01341 0.0134122
700 1400 1.01685 0.0168481
800 1400 1.01444 0.0144369
400 1400 1.01865 0.0186527
500 1400 1.01865 0.0186493
400 1500 1.01901 0.0190091
500 1500 1.019 0.018996
500 1400 1.01865 0.0186493
600 1400 1.01768 0.0176753
500 1500 1.019 0.018996
600 1500 1.01808 0.0180758
600 1400 1.01768 0.0176753
700 1400 1.01685 0.0168481
600 1500 1.01808 0.0180758
700 1500 1.01634 0.0163425
700 1400 1.01685 0.0168481
800 1400 1.01444 0.0144369
700 1500 1.01634 0.0163425
800 1500 1.01396 0.0139644
400 1500 1.01901 0.0190091
500 1500 1.019 0.018996
400 1600 1.01883 0.0188336
500 1600 1.0188 0.0188048
500 1500 1.019 0.018996
600 1500 1.01808 0.0180758
500 1600 1.0188 0.0188048
600 1600 1.018 0.0180022
600 1500 1.01808 0.0180758
700 1500 1.01634 0.0163425
600 1600 1.018 0.0180022
700 1600 1.01651 0.016511
700 1500 1.01634 0.0163425
800 1500 1.01396 0.0139644
700 1600 1.01651 0.016511
800 1600 1.01449 0.0144854
800 800 1.00854 0.00853727
900 800 1.00093 0.000929296
800 900 1.00967 0.00966728
900 900 1 4.69548e-06
800 900 1.00967 0.00966728
900 900 1 4.69548e-06
800 1000 1.01012 0.0101166
900 1000 1.00095 0.000952749
800 1000 1.01012 0.0101166
900 1000 1.00095 0.000952749
800 1100 1.01128 0.0112819
900 1100 1.00069 0.000692532
800 1100 1.01128 0.0112819
900 1100 1.00069 0.000692532
800 1200 1.01232 0.0123206
900 1200 1.00029 0.000290078
800 1200 1.01232 0.0123206
900 1200 1.00029 0.000290078
800 1300 1.01341 0.0134122
900 1300 1.00043 0.000431418
800 1300 1.01341 0.0134122
900 1300 1.00043 0.000431418
800 1400 1.01444 0.0144369
900 1400 1.001 0.000998847
800 1400 1.01444 0.0144369
900 1400 1.001 0.000998847
800 1500 1.01396 0.0139644
900 1500 1.00007 6.9167e-05
800 1500 1.01396 0.0139644
900 1500 1.00007 6.9167e-05
800 1600 1.01449 0.0144854
900 1600 1.00017 0.00017163
0 1600 1.0007 0.000697429
100 1600 1.01473 0.0147341
0 1700 1.00052 0.000521037
100 1700 1.01406 0.0140634
100 1600 1.01473 0.0147341
200 1600 1.01665 0.0166453
100 1700 1.01406 0.0140634
200 1700 1.01549 0.0154868
0 1700 1.00052 0.000521037
100 1700 1.01406 0.0140634
0 1800 1.00016 0.000164694
100 1800 1.01416 0.014155
100 1700 1.01406 0.0140634
200 1700 1.01549 0.0154868
100 1800 1.01416 0.014155
200 1800 1.01499 0.014987
0 1800 1.00016 0.000164694
100 1800 1.01416 0.014155
0 1900 1.0004 0.000398221
100 1900 1.00021 0.000209844
100 1800 1.01416 0.014155
200 1800 1.01499 0.014987
100 1900 1.00021 0.000209844
200 1900 1.00019 0.000186193
200 1600 1.01665 0.0166453
300 1600 1.01808 0.0180836
200 1700 1.01549 0.0154868
300 1700 1.01759 0.0175865
300 1600 1.01808 0.0180836
400 1600 1.01883 0.0188336
300 1700 1.01759 0.0175865
400 1700 1.01813 0.018131
400 1600 1.01883 0.0188336
500 1600 1.0188 0.0188048
400 1700 1.01813 0.018131
500 1700 1.01808 0.018076
200 1700 1.01549 0.0154868
300 1700 1.01759 0.0175865
200 1800 1.01499 0.014987
300 1800 1.01576 0.0157564
300 1700 1.01759 0.0175865
400 1700 1.01813 0.018131
300 1800 1.01576 0.0157564
400 1800 1.01602 0.0160213
200 1800 1.01499 0.014987
300 1800 1.01576 0.0157564
200 1900 1.00019 0.000186193
300 1900 1.00094 0.000944372
300 1800 1.01576 0.0157564
400 1800 1.01602 0.0160213
300 1900 1.00094 0.000944372
400 1900 1.00074 0.000739551
500 1600 1.0188 0.0188048
600 1600 1.018 0.0180022
500 1700 1.01808 0.018076
600 1700 1.01745 0.0174501
600 1600 1.018 0.0180022
700 1600 1.01651 0.016511
600 1700 1.01745 0.0174501
700 1700 1.01633 0.0163344
700 1600 1.01651 0.016511
800 1600 1.01449 0.0144854
700 1700 1.01633 0.0163344
800 1700 1.01482 0.0148208
400 1700 1.01813 0.018131
500 1700 1.01808 0.018076
400 1800 1.01602 0.0160213
500 1800 1.01691 0.0169075
500 1700 1.01808 0.018076
600 1700 1.01745 0.0174501
500 1800 1.01691 0.0169075
600 1800 1.01649 0.0164889
400 1800 1.01602 0.0160213
500 1800 1.01691 0.0169075
400 1900 1.00074 0.000739551
500 1900 1.00049 0.000490459
500 1800 1.01691 0.0169075
600 1800 1.01649 0.0164889
500 1900 1.00049 0.000490459
600 1900 1.00023 0.000227415
800 1600 1.01449 0.0144854
900 1600 1.00017 0.00017163
800 1700 1.01482 0.0148208
900 1700 1.00003 3.18389e-05
600 1700 1.01745 0.0174501
700 1700 1.01633 0.0163344
600 1800 1.01649 0.0164889
700 1800 1.01588 0.0158787
700 1700 1.01633 0.0163344
800 1700 1.01482 0.0148208
700 1800 1.01588 0.0158787
800 1800 1.01507 0.0150672
800 1700 1.01482 0.0148208
900 1700 1.00003 3.18389e-05
800 1800 1.01507 0.0150672
900 1800 1.00031 0.000311945
600 1800 1.01649 0.0164889
700 1800 1.01588 0.0158787
600 1900 1.00023 0.000227415
700 1900 1.00025 0.000254356
700 1800 1.01588 0.0158787
800 1800 1.01507 0.0150672
700 1900 1.00025 0.000254356
800 1900 1.00006 5.80292e-05
800 1800 1.01507 0.0150672
900 1800 1.00031 0.000311945
800 1900 1.00006 5.80292e-05
900 1900 1.00043 0.000434417
