# x y z topography
0 0 1.00055 0.000548814
100 0 1.00072 0.000715189
0 100 1.00079 0.000791725
100 100 1.00369 0.00368915
100 0 1.00072 0.000715189
200 0 1.0006 0.000602763
100 100 1.00369 0.00368915
200 100 1.00533 0.00532845
200 0 1.0006 0.000602763
300 0 1.00054 0.000544883
200 100 1.00533 0.00532845
300 100 1.00224 0.0022405
300 0 1.00054 0.000544883
400 0 1.00042 0.000423655
300 100 1.00224 0.0022405
400 100 1.00306 0.00305721
0 100 1.00079 0.000791725
100 100 1.00369 0.00368915
0 200 1.00098 0.000978618
100 200 0.994639 -0.00536107
100 100 1.00369 0.00368915
200 100 1.00533 0.00532845
100 200 0.994639 -0.00536107
200 200 0.994569 -0.00543103
200 100 1.00533 0.00532845
300 100 1.00224 0.0022405
200 200 0.994569 -0.00543103
300 200 0.993064 -0.00693647
300 100 1.00224 0.0022405
400 100 1.00306 0.00305721
300 200 0.993064 -0.00693647
400 200 0.991123 -0.00887654
0 200 1.00098 0.000978618
100 200 0.994639 -0.00536107
0 300 1.00026 0.000264556
100 300 0.988902 -0.0110983
100 200 0.994639 -0.00536107
200 200 0.994569 -0.00543103
100 300 0.988902 -0.0110983
200 300 0.975851 -0.0241492
400 0 1.00042 0.000423655
500 0 1.00065 0.000645894
400 100 1.00306 0.00305721
500 100 1.0033 0.00330259
500 0 1.00065 0.000645894
600 0 1.00044 0.000437587
500 100 1.0033 0.00330259
600 100 1.0025 0.00249577
400 100 1.00306 0.00305721
500 100 1.0033 0.00330259
400 200 0.991123 -0.00887654
500 200 0.989999 -0.0100006
500 100 1.0033 0.00330259
600 100 1.0025 0.00249577
500 200 0.989999 -0.0100006
600 200 0.99141 -0.00859021
200 200 0.994569 -0.00543103
300 200 0.993064 -0.00693647
200 300 0.975851 -0.0241492
300 300 0.973052 -0.0269484
300 200 0.993064 -0.00693647
400 200 0.991123 -0.00887654
300 300 0.973052 -0.0269484
400 300 0.967851 -0.0321489
0 300 1.00026 0.000264556
100 300 0.988902 -0.0110983
0 400 1.00036 0.000359508
100 400 0.98054 -0.0194599
100 300 0.988902 -0.0110983
200 300 0.975851 -0.0241492
100 400 0.98054 -0.0194599
200 400 0.971129 -0.0288712
200 300 0.975851 -0.0241492
300 300 0.973052 -0.0269484
200 400 0.971129 -0.0288712
300 400 0.967283 -0.0327169
300 300 0.973052 -0.0269484
400 300 0.967851 -0.0321489
300 400 0.967283 -0.0327169
400 400 0.956006 -0.0439944
600 0 1.00044 0.000437587
700 0 1.00089 0.000891773
600 100 1.0025 0.00249577
700 100 1.00504 0.00503892
700 0 1.00089 0.000891773
800 0 1.00096 0.000963663
700 100 1.00504 0.00503892
800 100 1.00323 0.00323085
600 100 1.0025 0.00249577
700 100 1.00504 0.00503892
600 200 0.99141 -0.00859021
700 200 0.995009 -0.00499093
700 100 1.00504 0.00503892
800 100 1.00323 0.00323085
700 200 0.995009 -0.00499093
800 200 0.995418 -0.00458194
400 200 0.991123 -0.00887654
500 200 0.989999 -0.0100006
400 300 0.967851 -0.0321489
500 300 0.968092 -0.0319081
500 200 0.989999 -0.0100006
600 200 0.99141 -0.00859021
500 300 0.968092 -0.0319081
600 300 0.972929 -0.027071
600 200 0.99141 -0.00859021
700 200 0.995009 -0.00499093
600 300 0.972929 -0.027071
700 300 0.975964 -0.0240356
700 200 0.995009 -0.00499093
800 200 0.995418 -0.00458194
700 300 0.975964 -0.0240356
800 300 0.989795 -0.0102052
400 300 0.967851 -0.0321489
500 300 0.968092 -0.0319081
400 400 0.956006 -0.0439944
500 400 0.960136 -0.0398637
500 300 0.968092 -0.0319081
600 300 0.972929 -0.027071
500 400 0.960136 -0.0398637
600 400 0.970812 -0.0291884
600 300 0.972929 -0.027071
700 300 0.975964 -0.0240356
600 400 0.970812 -0.0291884
700 400 0.971025 -0.0289746
700 300 0.975964 -0.0240356
800 300 0.989795 -0.0102052
700 400 0.971025 -0.0289746
800 400 0.979518 -0.0204819
0 400 1.00036 0.000359508
100 400 0.98054 -0.0194599
0 500 1.00057 0.000570197
100 500 0.983294 -0.0167062
100 400 0.98054 -0.0194599
200 400 0.971129 -0.0288712
100 500 0.983294 -0.0167062
200 500 0.976386 -0.0236137
200 400 0.971129 -0.0288712
300 400 0.967283 -0.0327169
200 500 0.976386 -0.0236137
300 500 0.964711 -0.0352893
300 400 0.967283 -0.0327169
400 400 0.956006 -0.0439944
300 500 0.964711 -0.0352893
400 500 0.952171 -0.0478289
0 500 1.00057 0.000570197
100 500 0.983294 -0.0167062
0 600 1.00016 0.00015897
100 600 0.991627 -0.00837278
100 500 0.983294 -0.0167062
200 500 0.976386 -0.0236137
100 600 0.991627 -0.00837278
200 600 0.980991 -0.0190092
200 500 0.976386 -0.0236137
300 500 0.964711 -0.0352893
200 600 0.980991 -0.0190092
300 600 0.972078 -0.0279224
300 500 0.964711 -0.0352893
400 500 0.952171 -0.0478289
300 600 0.972078 -0.0279224
400 600 0.964575 -0.0354246
400 400 0.956006 -0.0439944
500 400 0.960136 -0.0398637
400 500 0.952171 -0.0478289
500 500 0.956207 -0.0437927
500 400 0.960136 -0.0398637
600 400 0.970812 -0.0291884
500 500 0.956207 -0.0437927
600 500 0.966513 -0.033487
0 600 1.00016 0.00015897
100 600 0.991627 -0.00837278
0 700 1.00098 0.000976459
100 700 0.983185 -0.0168147
100 600 0.991627 -0.00837278
200 600 0.980991 -0.0190092
100 700 0.983185 -0.0168147
200 700 0.967851 -0.0321493
200 600 0.980991 -0.0190092
300 600 0.972078 -0.0279224
200 700 0.967851 -0.0321493
300 700 0.957268 -0.0427317
300 600 0.972078 -0.0279224
400 600 0.964575 -0.0354246
300 700 0.957268 -0.0427317
400 700 0.951509 -0.0484914
0 700 1.00098 0.000976459
100 700 0.983185 -0.0168147
0 800 1.00032 0.000317983
100 800 0.989335 -0.0106647
100 700 0.983185 -0.0168147
200 700 0.967851 -0.0321493
100 800 0.989335 -0.0106647
200 800 0.976411 -0.0235895
200 700 0.967851 -0.0321493
300 700 0.957268 -0.0427317
200 800 0.976411 -0.0235895
300 800 0.964165 -0.035835
300 700 0.957268 -0.0427317
400 700 0.951509 -0.0484914
300 800 0.964165 -0.035835
400 800 0.95523 -0.0447698
600 400 0.970812 -0.0291884
700 400 0.971025 -0.0289746
600 500 0.966513 -0.033487
700 500 0.976536 -0.023464
700 400 0.971025 -0.0289746
800 400 0.979518 -0.0204819
700 500 0.976536 -0.023464
800 500 0.984344 -0.015656
400 500 0.952171 -0.0478289
500 500 0.956207 -0.0437927
400 600 0.964575 -0.0354246
500 600 0.96563 -0.0343702
500 500 0.956207 -0.0437927
600 500 0.966513 -0.033487
500 600 0.96563 -0.0343702
600 600 0.972751 -0.0272488
600 500 0.966513 -0.033487
700 500 0.976536 -0.023464
600 600 0.972751 -0.0272488
700 600 0.982522 -0.0174775
700 500 0.976536 -0.023464
800 500 0.984344 -0.015656
700 600 0.982522 -0.0174775
800 600 0.993307 -0.00669288
400 600 0.964575 -0.0354246
500 600 0.96563 -0.0343702
400 700 0.951509 -0.0484914
500 700 0.951313 -0.048687
500 600 0.96563 -0.0343702
600 600 0.972751 -0.0272488
500 700 0.951313 -0.048687
600 700 0.958325 -0.0416749
400 700 0.951509 -0.0484914
500 700 0.951313 -0.048687
400 800 0.95523 -0.0447698
500 800 0.95424 -0.0457603
500 700 0.951313 -0.048687
600 700 0.958325 -0.0416749
500 800 0.95424 -0.0457603
600 800 0.963788 -0.0362118
800 0 1.00096 0.000963663
900 0 1.00038 0.000383442
800 100 1.00323 0.00323085
900 100 1.00087 0.000870012
800 100 1.00323 0.00323085
900 100 1.00087 0.000870012
800 200 0.995418 -0.00458194
900 200 1.00041 0.000414662
800 200 0.995418 -0.00458194
900 200 1.00041 0.000414662
800 300 0.989795 -0.0102052
900 300 1.00068 0.00068182
800 300 0.989795 -0.0102052
900 300 1.00068 0.00068182
800 400 0.979518 -0.0204819
900 400 1.00036 0.000363711
800 400 0.979518 -0.0204819
900 400 1.00036 0.000363711
800 500 0.984344 -0.015656
900 500 1.00024 0.000244426
800 500 0.984344 -0.015656
900 500 1.00024 0.000244426
800 600 0.993307 -0.00669288
900 600 1.0001 9.60984e-05
600 600 0.972751 -0.0272488
700 600 0.982522 -0.0174775
600 700 0.958325 -0.0416749
700 700 0.967289 -0.0327113
700 600 0.982522 -0.0174775
800 600 0.993307 -0.00669288
700 700 0.967289 -0.0327113
800 700 0.97978 -0.0202204
600 700 0.958325 -0.0416749
700 700 0.967289 -0.0327113
600 800 0.963788 -0.0362118
700 800 0.975882 -0.0241181
700 700 0.967289 -0.0327113
800 700 0.97978 -0.0202204
700 800 0.975882 -0.0241181
800 800 0.987134 -0.012866
800 600 0.993307 -0.00669288
900 600 1.0001 9.60984e-05
800 700 0.97978 -0.0202204
900 700 1.00012 0.000118728
800 700 0.97978 -0.0202204
900 700 1.00012 0.000118728
800 800 0.987134 -0.012866
900 800 1.00093 0.000929296
0 800 1.00032 0.000317983
100 800 0.989335 -0.0106647
0 900 1.00032 0.000318569
100 900 0.986678 -0.0133222
100 800 0.989335 -0.0106647
200 800 0.976411 -0.0235895
100 900 0.986678 -0.0133222
200 900 0.986663 -0.0133372
200 800 0.976411 -0.0235895
300 800 0.964165 -0.035835
200 900 0.986663 -0.0133372
300 900 0.975573 -0.0244265
300 800 0.964165 -0.035835
400 800 0.95523 -0.0447698
300 900 0.975573 -0.0244265
400 900 0.966481 -0.0335188
0 900 1.00032 0.000318569
100 900 0.986678 -0.0133222
0 1000 1.00068 0.000677817
100 1000 0.987988 -0.0120118
100 900 0.986678 -0.0133222
200 900 0.986663 -0.0133372
100 1000 0.987988 -0.0120118
200 1000 0.985864 -0.0141361
200 900 0.986663 -0.0133372
300 900 0.975573 -0.0244265
200 1000 0.985864 -0.0141361
300 1000 0.979745 -0.0202553
300 900 0.975573 -0.0244265
400 900 0.966481 -0.0335188
300 1000 0.979745 -0.0202553
400 1000 0.969017 -0.0309833
400 800 0.95523 -0.0447698
500 800 0.95424 -0.0457603
400 900 0.966481 -0.0335188
500 900 0.965133 -0.0348667
500 800 0.95424 -0.0457603
600 800 0.963788 -0.0362118
500 900 0.965133 -0.0348667
600 900 0.971964 -0.0280365
0 1000 1.00068 0.000677817
100 1000 0.987988 -0.0120118
0 1100 1.00045 0.000447125
100 1100 0.994119 -0.00588092
100 1000 0.987988 -0.0120118
200 1000 0.985864 -0.0141361
100 1100 0.994119 -0.00588092
200 1100 0.980225 -0.0197749
200 1000 0.985864 -0.0141361
300 1000 0.979745 -0.0202553
200 1100 0.980225 -0.0197749
300 1100 0.974972 -0.0250285
300 1000 0.979745 -0.0202553
400 1000 0.969017 -0.0309833
300 1100 0.974972 -0.0250285
400 1100 0.968462 -0.0315384
0 1100 1.00045 0.000447125
100 1100 0.994119 -0.00588092
0 1200 1.00073 0.000725254
100 1200 0.988163 -0.0118366
100 1100 0.994119 -0.00588092
200 1100 0.980225 -0.0197749
100 1200 0.988163 -0.0118366
200 1200 0.973311 -0.0266893
200 1100 0.980225 -0.0197749
300 1100 0.974972 -0.0250285
200 1200 0.973311 -0.0266893
300 1200 0.965394 -0.0346064
300 1100 0.974972 -0.0250285
400 1100 0.968462 -0.0315384
300 1200 0.965394 -0.0346064
400 1200 0.96522 -0.0347805
600 800 0.963788 -0.0362118
700 800 0.975882 -0.0241181
600 900 0.971964 -0.0280365
700 900 0.987553 -0.0124465
700 800 0.975882 -0.0241181
800 800 0.987134 -0.012866
700 900 0.987553 -0.0124465
800 900 0.990406 -0.00959361
400 900 0.966481 -0.0335188
500 900 0.965133 -0.0348667
400 1000 0.969017 -0.0309833
500 1000 0.968363 -0.0316366
500 900 0.965133 -0.0348667
600 900 0.971964 -0.0280365
500 1000 0.968363 -0.0316366
600 1000 0.977861 -0.0221394
600 900 0.971964 -0.0280365
700 900 0.987553 -0.0124465
600 1000 0.977861 -0.0221394
700 1000 0.990816 -0.00918381
700 900 0.987553 -0.0124465
800 900 0.990406 -0.00959361
700 1000 0.990816 -0.00918381
800 1000 0.994348 -0.00565204
400 1000 0.969017 -0.0309833
500 1000 0.968363 -0.0316366
400 1100 0.968462 -0.0315384
500 1100 0.964722 -0.0352784
500 1000 0.968363 -0.0316366
600 1000 0.977861 -0.0221394
500 1100 0.964722 -0.0352784
600 1100 0.973008 -0.0269924
400 1100 0.968462 -0.0315384
500 1100 0.964722 -0.0352784
400 1200 0.96522 -0.0347805
500 1200 0.961809 -0.0381915
500 1100 0.964722 -0.0352784
600 1100 0.973008 -0.0269924
500 1200 0.961809 -0.0381915
600 1200 0.963783 -0.0362171
600 1000 0.977861 -0.0221394
700 1000 0.990816 -0.00918381
600 1100 0.973008 -0.0269924
700 1100 0.981509 -0.0184908
700 1000 0.990816 -0.00918381
800 1000 0.994348 -0.00565204
700 1100 0.981509 -0.0184908
800 1100 0.989367 -0.0106334
600 1100 0.973008 -0.0269924
700 1100 0.981509 -0.0184908
600 1200 0.963783 -0.0362171
700 1200 0.97331 -0.0266898
700 1100 0.981509 -0.0184908
800 1100 0.989367 -0.0106334
700 1200 0.97331 -0.0266898
800 1200 0.98439 -0.0156098
0 1200 1.00073 0.000725254
100 1200 0.988163 -0.0118366
0 1300 1.00062 0.000618015
100 1300 0.995137 -0.00486327
100 1200 0.988163 -0.0118366
200 1200 0.973311 -0.0266893
100 1300 0.995137 -0.00486327
200 1300 0.987262 -0.0127378
200 1200 0.973311 -0.0266893
300 1200 0.965394 -0.0346064
200 1300 0.987262 -0.0127378
300 1300 0.982537 -0.0174634
300 1200 0.965394 -0.0346064
400 1200 0.96522 -0.0347805
300 1300 0.982537 -0.0174634
400 1300 0.977967 -0.0220326
0 1300 1.00062 0.000618015
100 1300 0.995137 -0.00486327
0 1400 1.0009 0.000896547
100 1400 0.993361 -0.00663871
100 1300 0.995137 -0.00486327
200 1300 0.987262 -0.0127378
100 1400 0.993361 -0.00663871
200 1400 0.984774 -0.0152255
200 1300 0.987262 -0.0127378
300 1300 0.982537 -0.0174634
200 1400 0.984774 -0.0152255
300 1400 0.979091 -0.0209085
300 1300 0.982537 -0.0174634
400 1300 0.977967 -0.0220326
300 1400 0.979091 -0.0209085
400 1400 0.975515 -0.0244848
0 1400 1.0009 0.000896547
100 1400 0.993361 -0.00663871
0 1500 1.00015 0.000149448
100 1500 0.990444 -0.00955603
100 1400 0.993361 -0.00663871
200 1400 0.984774 -0.0152255
100 1500 0.990444 -0.00955603
200 1500 0.985028 -0.014972
200 1400 0.984774 -0.0152255
300 1400 0.979091 -0.0209085
200 1500 0.985028 -0.014972
300 1500 0.983265 -0.0167351
300 1400 0.979091 -0.0209085
400 1400 0.975515 -0.0244848
300 1500 0.983265 -0.0167351
400 1500 0.978876 -0.0211238
0 1500 1.00015 0.000149448
100 1500 0.990444 -0.00955603
0 1600 1.0007 0.000697429
100 1600 0.996805 -0.00319508
100 1500 0.990444 -0.00955603
200 1500 0.985028 -0.014972
100 1600 0.996805 -0.00319508
200 1600 0.987022 -0.0129781
200 1500 0.985028 -0.014972
300 1500 0.983265 -0.0167351
200 1600 0.987022 -0.0129781
300 1600 0.984212 -0.0157876
300 1500 0.983265 -0.0167351
400 1500 0.978876 -0.0211238
300 1600 0.984212 -0.0157876
400 1600 0.981587 -0.0184135
400 1200 0.96522 -0.0347805
500 1200 0.961809 -0.0381915
400 1300 0.977967 -0.0220326
500 1300 0.978081 -0.021919
500 1200 0.961809 -0.0381915
600 1200 0.963783 -0.0362171
500 1300 0.978081 -0.021919
600 1300 0.981792 -0.0182084
600 1200 0.963783 -0.0362171
700 1200 0.97331 -0.0266898
600 1300 0.981792 -0.0182084
700 1300 0.986876 -0.0131241
700 1200 0.97331 -0.0266898
800 1200 0.98439 -0.0156098
700 1300 0.986876 -0.0131241
800 1300 0.996436 -0.00356424
400 1300 0.977967 -0.0220326
500 1300 0.978081 -0.021919
400 1400 0.975515 -0.0244848
500 1400 0.971797 -0.0282033
500 1300 0.978081 -0.021919
600 1300 0.981792 -0.0182084
500 1400 0.971797 -0.0282033
600 1400 0.976687 -0.0233132
600 1300 0.981792 -0.0182084
700 1300 0.986876 -0.0131241
600 1400 0.976687 -0.0233132
700 1400 0.98371 -0.0162905
700 1300 0.986876 -0.0131241
800 1300 0.996436 -0.00356424
700 1400 0.98371 -0.0162905
800 1400 0.990161 -0.00983904
400 1400 0.975515 -0.0244848
500 1400 0.971797 -0.0282033
400 1500 0.978876 -0.0211238
500 1500 0.976873 -0.023127
500 1400 0.971797 -0.0282033
600 1400 0.976687 -0.0233132
500 1500 0.976873 -0.023127
600 1500 0.97746 -0.0225404
800 800 0.987134 -0.012866
900 800 1.00093 0.000929296
800 900 0.990406 -0.00959361
900 900 1 4.69548e-06
800 900 0.990406 -0.00959361
900 900 1 4.69548e-06
800 1000 0.994348 -0.00565204
900 1000 1.00095 0.000952749
800 1000 0.994348 -0.00565204
900 1000 1.00095 0.000952749
800 1100 0.989367 -0.0106334
900 1100 1.00069 0.000692532
800 1100 0.989367 -0.0106334
900 1100 1.00069 0.000692532
800 1200 0.98439 -0.0156098
900 1200 1.00029 0.000290078
600 1400 0.976687 -0.0233132
700 1400 0.98371 -0.0162905
600 1500 0.97746 -0.0225404
700 1500 0.977028 -0.0229717
700 1400 0.98371 -0.0162905
800 1400 0.990161 -0.00983904
700 1500 0.977028 -0.0229717
800 1500 0.985769 -0.0142308
400 1500 0.978876 -0.0211238
500 1500 0.976873 -0.023127
400 1600 0.981587 -0.0184135
500 1600 0.982145 -0.0178552
500 1500 0.976873 -0.023127
600 1500 0.97746 -0.0225404
500 1600 0.982145 -0.0178552
600 1600 0.98496 -0.0150401
600 1500 0.97746 -0.0225404
700 1500 0.977028 -0.0229717
600 1600 0.98496 -0.0150401
700 1600 0.986601 -0.0133987
700 1500 0.977028 -0.0229717
800 1500 0.985769 -0.0142308
700 1600 0.986601 -0.0133987
800 1600 0.996234 -0.0037659
800 1200 0.98439 -0.0156098
900 1200 1.00029 0.000290078
800 1300 0.996436 -0.00356424
900 1300 1.00043 0.000431418
800 1300 0.996436 -0.00356424
900 1300 1.00043 0.000431418
800 1400 0.990161 -0.00983904
900 1400 1.001 0.000998847
800 1400 0.990161 -0.00983904
900 1400 1.001 0.000998847
800 1500 0.985769 -0.0142308
900 1500 1.00007 6.9167e-05
800 1500 0.985769 -0.0142308
900 1500 1.00007 6.9167e-05
800 1600 0.996234 -0.0037659
900 1600 1.00017 0.00017163
0 1600 1.0007 0.000697429
100 1600 0.996805 -0.00319508
0 1700 1.00052 0.000521037
100 1700 1.00193 0.00192647
100 1600 0.996805 -0.00319508
200 1600 0.987022 -0.0129781
100 1700 1.00193 0.00192647
200 1700 1.00143 0.0014263
0 1700 1.00052 0.000521037
100 1700 1.00193 0.00192647
0 1800 1.00016 0.000164694
100 1800 1.00955 0.0095541
100 1700 1.00193 0.00192647
200 1700 1.00143 0.0014263
100 1800 1.00955 0.0095541
200 1800 1.01185 0.0118463
0 1800 1.00016 0.000164694
100 1800 1.00955 0.0095541
0 1900 1.0004 0.000398221
100 1900 1.00021 0.000209844
100 1800 1.00955 0.0095541
200 1800 1.01185 0.0118463
100 1900 1.00021 0.000209844
200 1900 1.00019 0.000186193
200 1600 0.987022 -0.0129781
300 1600 0.984212 -0.0157876
200 1700 1.00143 0.0014263
300 1700 0.998515 -0.00148548
300 1600 0.984212 -0.0157876
400 1600 0.981587 -0.0184135
300 1700 0.998515 -0.00148548
400 1700 0.995325 -0.00467474
400 1600 0.981587 -0.0184135
500 1600 0.982145 -0.0178552
400 1700 0.995325 -0.00467474
500 1700 0.997967 -0.00203286
500 1600 0.982145 -0.0178552
600 1600 0.98496 -0.0150401
500 1700 0.997967 -0.00203286
600 1700 1.0052 0.00519991
200 1700 1.00143 0.0014263
300 1700 0.998515 -0.00148548
200 1800 1.01185 0.0118463
300 1800 1.00842 0.00841578
300 1700 0.998515 -0.00148548
400 1700 0.995325 -0.00467474
300 1800 1.00842 0.00841578
400 1800 1.00939 0.00938536
400 1700 0.995325 -0.00467474
500 1700 0.997967 -0.00203286
400 1800 1.00939 0.00938536
500 1800 1.00975 0.00974684
500 1700 0.997967 -0.00203286
600 1700 1.0052 0.00519991
500 1800 1.00975 0.00974684
600 1800 1.00989 0.00988871
200 1800 1.01185 0.0118463
300 1800 1.00842 0.00841578
200 1900 1.00019 0.000186193
300 1900 1.00094 0.000944372
300 1800 1.00842 0.00841578
400 1800 1.00939 0.00938536
300 1900 1.00094 0.000944372
400 1900 1.00074 0.000739551
600 1600 0.98496 -0.0150401
700 1600 0.986601 -0.0133987
600 1700 1.0052 0.00519991
700 1700 1.00227 0.00227459
700 1600 0.986601 -0.0133987
800 1600 0.996234 -0.0037659
700 1700 1.00227 0.00227459
800 1700 0.999646 -0.000353697
800 1600 0.996234 -0.0037659
900 1600 1.00017 0.00017163
800 1700 0.999646 -0.000353697
900 1700 1.00003 3.18389e-05
600 1700 1.0052 0.00519991
700 1700 1.00227 0.00227459
600 1800 1.00989 0.00988871
700 1800 1.01179 0.0117913
700 1700 1.00227 0.00227459
800 1700 0.999646 -0.000353697
700 1800 1.01179 0.0117913
800 1800 1.0087 0.00869623
800 1700 0.999646 -0.000353697
900 1700 1.00003 3.18389e-05
800 1800 1.0087 0.00869623
900 1800 1.00031 0.000311945
400 1800 1.00939 0.00938536
500 1800 1.00975 0.00974684
400 1900 1.00074 0.000739551
500 1900 1.00049 0.000490459
500 1800 1.00975 0.00974684
600 1800 1.00989 0.00988871
500 1900 1.00049 0.000490459
600 1900 1.00023 0.000227415
600 1800 1.00989 0.00988871
700 1800 1.01179 0.0117913
600 1900 1.00023 0.000227415
700 1900 1.00025 0.000254356
700 1800 1.01179 0.0117913
800 1800 1.0087 0.00869623
700 1900 1.00025 0.000254356
800 1900 1.00006 5.80292e-05
800 1800 1.0087 0.00869623
900 1800 1.00031 0.000311945
800 1900 1.00006 5.80292e-05
900 1900 1.00043 0.000434417
