# x y z topography
0 0 100.001 0.000548814
225 0 100.001 0.000602763
0 475 100.001 0.000570197
225 475 100.003 0.00253269
225 0 100.001 0.000602763
450 0 100 0.000423655
225 475 100.003 0.00253269
450 475 100.003 0.00320305
450 0 100 0.000423655
675 0 100.001 0.000891773
450 475 100.003 0.00320305
675 475 100.003 0.00260377
675 0 100.001 0.000891773
900 0 100 0.000383442
675 475 100.003 0.00260377
900 475 100 0.000244426
0 475 100.001 0.000570197
225 475 100.003 0.00253269
0 950 100 0.000318569
225 950 100.005 0.00469325
225 475 100.003 0.00253269
450 475 100.003 0.00320305
225 950 100.005 0.00469325
450 950 100.006 0.0060257
450 475 100.003 0.00320305
675 475 100.003 0.00260377
450 950 100.006 0.0060257
675 950 100.005 0.00496192
675 475 100.003 0.00260377
900 475 100 0.000244426
675 950 100.005 0.00496192
900 950 100 4.69548e-06
0 950 100 0.000318569
225 950 100.005 0.00469325
0 1425 100.001 0.000896547
225 1425 100.007 0.00726907
225 950 100.005 0.00469325
450 950 100.006 0.0060257
225 1425 100.007 0.00726907
450 1425 100.009 0.00925466
450 950 100.006 0.0060257
675 950 100.005 0.00496192
450 1425 100.009 0.00925466
675 1425 100.007 0.00748884
675 950 100.005 0.00496192
900 950 100 4.69548e-06
675 1425 100.007 0.00748884
900 1425 100.001 0.000998847
0 1425 100.001 0.000896547
225 1425 100.007 0.00726907
0 1900 100 0.000398221
225 1900 100 0.000186193
225 1425 100.007 0.00726907
450 1425 100.009 0.00925466
225 1900 100 0.000186193
450 1900 100.001 0.000739551
450 1425 100.009 0.00925466
675 1425 100.007 0.00748884
450 1900 100.001 0.000739551
675 1900 100 0.000254356
675 1425 100.007 0.00748884
900 1425 100.001 0.000998847
675 1900 100 0.000254356
900 1900 100 0.000434417
