# x y z topography
0 0 1.00055 0.000548814
100 0 1.00072 0.000715189
0 100 1.00079 0.000791725
100 100 1.00082 0.000823011
100 0 1.00072 0.000715189
200 0 1.0006 0.000602763
100 100 1.00082 0.000823011
200 100 1.00084 0.00084
200 0 1.0006 0.000602763
300 0 1.00054 0.000544883
200 100 1.00084 0.00084
300 100 1.00087 0.00087158
300 0 1.00054 0.000544883
400 0 1.00042 0.000423655
300 100 1.00087 0.00087158
400 100 1.00089 0.000888961
0 100 1.00079 0.000791725
100 100 1.00082 0.000823011
0 200 1.00098 0.000978618
100 200 1.00097 0.000971923
100 100 1.00082 0.000823011
200 100 1.00084 0.00084
100 200 1.00097 0.000971923
200 200 1.00111 0.00111075
200 100 1.00084 0.00084
300 100 1.00087 0.00087158
200 200 1.00111 0.00111075
300 200 1.0013 0.00130096
300 100 1.00087 0.00087158
400 100 1.00089 0.000888961
300 200 1.0013 0.00130096
400 200 1.0014 0.00139686
0 200 1.00098 0.000978618
100 200 1.00097 0.000971923
0 300 1.00026 0.000264556
100 300 1.00105 0.00104573
100 200 1.00097 0.000971923
200 200 1.00111 0.00111075
100 300 1.00105 0.00104573
200 300 1.00147 0.00146975
400 0 1.00042 0.000423655
500 0 1.00065 0.000645894
400 100 1.00089 0.000888961
500 100 1.00096 0.000959682
500 0 1.00065 0.000645894
600 0 1.00044 0.000437587
500 100 1.00096 0.000959682
600 100 1.00094 0.000941217
400 100 1.00089 0.000888961
500 100 1.00096 0.000959682
400 200 1.0014 0.00139686
500 200 1.00146 0.00145819
500 100 1.00096 0.000959682
600 100 1.00094 0.000941217
500 200 1.00146 0.00145819
600 200 1.00144 0.00143742
200 200 1.00111 0.00111075
300 200 1.0013 0.00130096
200 300 1.00147 0.00146975
300 300 1.00173 0.00173258
300 200 1.0013 0.00130096
400 200 1.0014 0.00139686
300 300 1.00173 0.00173258
400 300 1.00189 0.00188693
0 300 1.00026 0.000264556
100 300 1.00105 0.00104573
0 400 1.00036 0.000359508
100 400 1.00135 0.00134826
100 300 1.00105 0.00104573
200 300 1.00147 0.00146975
100 400 1.00135 0.00134826
200 400 1.00195 0.00194929
200 300 1.00147 0.00146975
300 300 1.00173 0.00173258
200 400 1.00195 0.00194929
300 400 1.00231 0.00230877
300 300 1.00173 0.00173258
400 300 1.00189 0.00188693
300 400 1.00231 0.00230877
400 400 1.0025 0.00249668
600 0 1.00044 0.000437587
700 0 1.00089 0.000891773
600 100 1.00094 0.000941217
700 100 1.00102 0.00101707
700 0 1.00089 0.000891773
800 0 1.00096 0.000963663
700 100 1.00102 0.00101707
800 100 1.00096 0.000964656
600 100 1.00094 0.000941217
700 100 1.00102 0.00101707
600 200 1.00144 0.00143742
700 200 1.00134 0.00133904
700 100 1.00102 0.00101707
800 100 1.00096 0.000964656
700 200 1.00134 0.00133904
800 200 1.00105 0.00105324
400 200 1.0014 0.00139686
500 200 1.00146 0.00145819
400 300 1.00189 0.00188693
500 300 1.00201 0.00200841
500 200 1.00146 0.00145819
600 200 1.00144 0.00143742
500 300 1.00201 0.00200841
600 300 1.00196 0.00195945
600 200 1.00144 0.00143742
700 200 1.00134 0.00133904
600 300 1.00196 0.00195945
700 300 1.00176 0.00175928
700 200 1.00134 0.00133904
800 200 1.00105 0.00105324
700 300 1.00176 0.00175928
800 300 1.00134 0.00133927
400 300 1.00189 0.00188693
500 300 1.00201 0.00200841
400 400 1.0025 0.00249668
500 400 1.00255 0.00254927
500 300 1.00201 0.00200841
600 300 1.00196 0.00195945
500 400 1.00255 0.00254927
600 400 1.00244 0.00244297
600 300 1.00196 0.00195945
700 300 1.00176 0.00175928
600 400 1.00244 0.00244297
700 400 1.00218 0.00217513
700 300 1.00176 0.00175928
800 300 1.00134 0.00133927
700 400 1.00218 0.00217513
800 400 1.00153 0.00152736
0 400 1.00036 0.000359508
100 400 1.00135 0.00134826
0 500 1.00057 0.000570197
100 500 1.00173 0.00172902
100 400 1.00135 0.00134826
200 400 1.00195 0.00194929
100 500 1.00173 0.00172902
200 500 1.00249 0.00249472
200 400 1.00195 0.00194929
300 400 1.00231 0.00230877
200 500 1.00249 0.00249472
300 500 1.00296 0.00295616
300 400 1.00231 0.00230877
400 400 1.0025 0.00249668
300 500 1.00296 0.00295616
400 500 1.00318 0.00318214
0 500 1.00057 0.000570197
100 500 1.00173 0.00172902
0 600 1.00016 0.00015897
100 600 1.00201 0.00201463
100 500 1.00173 0.00172902
200 500 1.00249 0.00249472
100 600 1.00201 0.00201463
200 600 1.00303 0.00303388
200 500 1.00249 0.00249472
300 500 1.00296 0.00295616
200 600 1.00303 0.00303388
300 600 1.00362 0.00362426
300 500 1.00296 0.00295616
400 500 1.00318 0.00318214
300 600 1.00362 0.00362426
400 600 1.0039 0.00390465
400 400 1.0025 0.00249668
500 400 1.00255 0.00254927
400 500 1.00318 0.00318214
500 500 1.00321 0.00321277
500 400 1.00255 0.00254927
600 400 1.00244 0.00244297
500 500 1.00321 0.00321277
600 500 1.00303 0.00303132
0 600 1.00016 0.00015897
100 600 1.00201 0.00201463
0 700 1.00098 0.000976459
100 700 1.00245 0.00245176
100 600 1.00201 0.00201463
200 600 1.00303 0.00303388
100 700 1.00245 0.00245176
200 700 1.00354 0.00353931
200 600 1.00303 0.00303388
300 600 1.00362 0.00362426
200 700 1.00354 0.00353931
300 700 1.00428 0.00428055
300 600 1.00362 0.00362426
400 600 1.0039 0.00390465
300 700 1.00428 0.00428055
400 700 1.00462 0.00462287
0 700 1.00098 0.000976459
100 700 1.00245 0.00245176
0 800 1.00032 0.000317983
100 800 1.00266 0.00266015
100 700 1.00245 0.00245176
200 700 1.00354 0.00353931
100 800 1.00266 0.00266015
200 800 1.00405 0.00404836
200 700 1.00354 0.00353931
300 700 1.00428 0.00428055
200 800 1.00405 0.00404836
300 800 1.00487 0.00486616
300 700 1.00428 0.00428055
400 700 1.00462 0.00462287
300 800 1.00487 0.00486616
400 800 1.00527 0.00526739
600 400 1.00244 0.00244297
700 400 1.00218 0.00217513
600 500 1.00303 0.00303132
700 500 1.00257 0.00257044
700 400 1.00218 0.00217513
800 400 1.00153 0.00152736
700 500 1.00257 0.00257044
800 500 1.0017 0.00169868
400 500 1.00318 0.00318214
500 500 1.00321 0.00321277
400 600 1.0039 0.00390465
500 600 1.00393 0.00393243
500 500 1.00321 0.00321277
600 500 1.00303 0.00303132
500 600 1.00393 0.00393243
600 600 1.00369 0.00368999
600 500 1.00303 0.00303132
700 500 1.00257 0.00257044
600 600 1.00369 0.00368999
700 600 1.00309 0.00309299
700 500 1.00257 0.00257044
800 500 1.0017 0.00169868
700 600 1.00309 0.00309299
800 600 1.00199 0.00198673
400 600 1.0039 0.00390465
500 600 1.00393 0.00393243
400 700 1.00462 0.00462287
500 700 1.00467 0.00466821
500 600 1.00393 0.00393243
600 600 1.00369 0.00368999
500 700 1.00467 0.00466821
600 700 1.00439 0.004388
400 700 1.00462 0.00462287
500 700 1.00467 0.00466821
400 800 1.00527 0.00526739
500 800 1.00538 0.00538328
500 700 1.00467 0.00466821
600 700 1.00439 0.004388
500 800 1.00538 0.00538328
600 800 1.00508 0.00508047
800 0 1.00096 0.000963663
900 0 1.00038 0.000383442
800 100 1.00096 0.000964656
900 100 1.00087 0.000870012
800 100 1.00096 0.000964656
900 100 1.00087 0.000870012
800 200 1.00105 0.00105324
900 200 1.00041 0.000414662
800 200 1.00105 0.00105324
900 200 1.00041 0.000414662
800 300 1.00134 0.00133927
900 300 1.00068 0.00068182
800 300 1.00134 0.00133927
900 300 1.00068 0.00068182
800 400 1.00153 0.00152736
900 400 1.00036 0.000363711
800 400 1.00153 0.00152736
900 400 1.00036 0.000363711
800 500 1.0017 0.00169868
900 500 1.00024 0.000244426
800 500 1.0017 0.00169868
900 500 1.00024 0.000244426
800 600 1.00199 0.00198673
900 600 1.0001 9.60984e-05
600 600 1.00369 0.00368999
700 600 1.00309 0.00309299
600 700 1.00439 0.004388
700 700 1.00369 0.00369018
700 600 1.00309 0.00309299
800 600 1.00199 0.00198673
700 700 1.00369 0.00369018
800 700 1.0024 0.00239746
600 700 1.00439 0.004388
700 700 1.00369 0.00369018
600 800 1.00508 0.00508047
700 800 1.00432 0.00431793
700 700 1.00369 0.00369018
800 700 1.0024 0.00239746
700 800 1.00432 0.00431793
800 800 1.00296 0.00295663
800 600 1.00199 0.00198673
900 600 1.0001 9.60984e-05
800 700 1.0024 0.00239746
900 700 1.00012 0.000118728
800 700 1.0024 0.00239746
900 700 1.00012 0.000118728
800 800 1.00296 0.00295663
900 800 1.00093 0.000929296
0 800 1.00032 0.000317983
100 800 1.00266 0.00266015
0 900 1.00032 0.000318569
100 900 1.00301 0.00301243
100 800 1.00266 0.00266015
200 800 1.00405 0.00404836
100 900 1.00301 0.00301243
200 900 1.00462 0.00461585
200 800 1.00405 0.00404836
300 800 1.00487 0.00486616
200 900 1.00462 0.00461585
300 900 1.00554 0.00554142
300 800 1.00487 0.00486616
400 800 1.00527 0.00526739
300 900 1.00554 0.00554142
400 900 1.00598 0.00598168
0 900 1.00032 0.000318569
100 900 1.00301 0.00301243
0 1000 1.00068 0.000677817
100 1000 1.00347 0.00346866
100 900 1.00301 0.00301243
200 900 1.00462 0.00461585
100 1000 1.00347 0.00346866
200 1000 1.00522 0.00522265
200 900 1.00462 0.00461585
300 900 1.00554 0.00554142
200 1000 1.00522 0.00522265
300 1000 1.00625 0.00624932
300 900 1.00554 0.00554142
400 900 1.00598 0.00598168
300 1000 1.00625 0.00624932
400 1000 1.00673 0.00673068
400 800 1.00527 0.00526739
500 800 1.00538 0.00538328
400 900 1.00598 0.00598168
500 900 1.00604 0.00603668
500 800 1.00538 0.00538328
600 800 1.00508 0.00508047
500 900 1.00604 0.00603668
600 900 1.00568 0.00568451
0 1000 1.00068 0.000677817
100 1000 1.00347 0.00346866
0 1100 1.00045 0.000447125
100 1100 1.0038 0.00379826
100 1000 1.00347 0.00346866
200 1000 1.00522 0.00522265
100 1100 1.0038 0.00379826
200 1100 1.00579 0.00578638
200 1000 1.00522 0.00522265
300 1000 1.00625 0.00624932
200 1100 1.00579 0.00578638
300 1100 1.00694 0.006939
300 1000 1.00625 0.00624932
400 1000 1.00673 0.00673068
300 1100 1.00694 0.006939
400 1100 1.00747 0.00747455
0 1100 1.00045 0.000447125
100 1100 1.0038 0.00379826
0 1200 1.00073 0.000725254
100 1200 1.00413 0.00412836
100 1100 1.0038 0.00379826
200 1100 1.00579 0.00578638
100 1200 1.00413 0.00412836
200 1200 1.00626 0.00625839
200 1100 1.00579 0.00578638
300 1100 1.00694 0.006939
200 1200 1.00626 0.00625839
300 1200 1.00757 0.00756821
300 1100 1.00694 0.006939
400 1100 1.00747 0.00747455
300 1200 1.00757 0.00756821
400 1200 1.00816 0.00816172
600 800 1.00508 0.00508047
700 800 1.00432 0.00431793
600 900 1.00568 0.00568451
700 900 1.00485 0.00485405
700 800 1.00432 0.00431793
800 800 1.00296 0.00295663
700 900 1.00485 0.00485405
800 900 1.00317 0.00316818
400 900 1.00598 0.00598168
500 900 1.00604 0.00603668
400 1000 1.00673 0.00673068
500 1000 1.00677 0.00677119
500 900 1.00604 0.00603668
600 900 1.00568 0.00568451
500 1000 1.00677 0.00677119
600 1000 1.00636 0.0063606
600 900 1.00568 0.00568451
700 900 1.00485 0.00485405
600 1000 1.00636 0.0063606
700 1000 1.00539 0.0053854
700 900 1.00485 0.00485405
800 900 1.00317 0.00316818
700 1000 1.00539 0.0053854
800 1000 1.00365 0.00364977
400 1000 1.00673 0.00673068
500 1000 1.00677 0.00677119
400 1100 1.00747 0.00747455
500 1100 1.00751 0.00751349
500 1000 1.00677 0.00677119
600 1000 1.00636 0.0063606
500 1100 1.00751 0.00751349
600 1100 1.00704 0.00704419
400 1100 1.00747 0.00747455
500 1100 1.00751 0.00751349
400 1200 1.00816 0.00816172
500 1200 1.00821 0.00821287
500 1100 1.00751 0.00751349
600 1100 1.00704 0.00704419
500 1200 1.00821 0.00821287
600 1200 1.0077 0.00769568
600 1000 1.00636 0.0063606
700 1000 1.00539 0.0053854
600 1100 1.00704 0.00704419
700 1100 1.00593 0.00593453
700 1000 1.00539 0.0053854
800 1000 1.00365 0.00364977
700 1100 1.00593 0.00593453
800 1100 1.00395 0.00395235
600 1100 1.00704 0.00704419
700 1100 1.00593 0.00593453
600 1200 1.0077 0.00769568
700 1200 1.00646 0.00645514
700 1100 1.00593 0.00593453
800 1100 1.00395 0.00395235
700 1200 1.00646 0.00645514
800 1200 1.00419 0.00419209
0 1200 1.00073 0.000725254
100 1200 1.00413 0.00412836
0 1300 1.00062 0.000618015
100 1300 1.00443 0.0044283
100 1200 1.00413 0.00412836
200 1200 1.00626 0.00625839
100 1300 1.00443 0.0044283
200 1300 1.00673 0.00672587
200 1200 1.00626 0.00625839
300 1200 1.00757 0.00756821
200 1300 1.00673 0.00672587
300 1300 1.00806 0.00806446
300 1200 1.00757 0.00756821
400 1200 1.00816 0.00816172
300 1300 1.00806 0.00806446
400 1300 1.0087 0.00869617
0 1300 1.00062 0.000618015
100 1300 1.00443 0.0044283
0 1400 1.0009 0.000896547
100 1400 1.00472 0.00472399
100 1300 1.00443 0.0044283
200 1300 1.00673 0.00672587
100 1400 1.00472 0.00472399
200 1400 1.00712 0.00712037
200 1300 1.00673 0.00672587
300 1300 1.00806 0.00806446
200 1400 1.00712 0.00712037
300 1400 1.00851 0.00850954
300 1300 1.00806 0.00806446
400 1300 1.0087 0.00869617
300 1400 1.00851 0.00850954
400 1400 1.00915 0.00915098
0 1400 1.0009 0.000896547
100 1400 1.00472 0.00472399
0 1500 1.00015 0.000149448
100 1500 1.00472 0.00472034
100 1400 1.00472 0.00472399
200 1400 1.00712 0.00712037
100 1500 1.00472 0.00472034
200 1500 1.00729 0.00729404
200 1400 1.00712 0.00712037
300 1400 1.00851 0.00850954
200 1500 1.00729 0.00729404
300 1500 1.00872 0.0087249
300 1400 1.00851 0.00850954
400 1400 1.00915 0.00915098
300 1500 1.00872 0.0087249
400 1500 1.00936 0.00936297
0 1500 1.00015 0.000149448
100 1500 1.00472 0.00472034
0 1600 1.0007 0.000697429
100 1600 1.00475 0.00474651
100 1500 1.00472 0.00472034
200 1500 1.00729 0.00729404
100 1600 1.00475 0.00474651
200 1600 1.00714 0.00713807
200 1500 1.00729 0.00729404
300 1500 1.00872 0.0087249
200 1600 1.00714 0.00713807
300 1600 1.00849 0.00849341
300 1500 1.00872 0.0087249
400 1500 1.00936 0.00936297
300 1600 1.00849 0.00849341
400 1600 1.00909 0.00908769
400 1200 1.00816 0.00816172
500 1200 1.00821 0.00821287
400 1300 1.0087 0.00869617
500 1300 1.00881 0.00880838
500 1200 1.00821 0.00821287
600 1200 1.0077 0.00769568
500 1300 1.00881 0.00880838
600 1300 1.00826 0.0082638
600 1200 1.0077 0.00769568
700 1200 1.00646 0.00645514
600 1300 1.00826 0.0082638
700 1300 1.00695 0.00694739
700 1200 1.00646 0.00645514
800 1200 1.00419 0.00419209
700 1300 1.00695 0.00694739
800 1300 1.00454 0.00454356
400 1300 1.0087 0.00869617
500 1300 1.00881 0.00880838
400 1400 1.00915 0.00915098
500 1400 1.00919 0.0091943
500 1300 1.00881 0.00880838
600 1300 1.00826 0.0082638
500 1400 1.00919 0.0091943
600 1400 1.00862 0.00861825
600 1300 1.00826 0.0082638
700 1300 1.00695 0.00694739
600 1400 1.00862 0.00861825
700 1400 1.00731 0.00730966
700 1300 1.00695 0.00694739
800 1300 1.00454 0.00454356
700 1400 1.00731 0.00730966
800 1400 1.00488 0.00487816
400 1400 1.00915 0.00915098
500 1400 1.00919 0.0091943
400 1500 1.00936 0.00936297
500 1500 1.00938 0.00938
500 1400 1.00919 0.0091943
600 1400 1.00862 0.00861825
500 1500 1.00938 0.00938
600 1500 1.00877 0.00876633
800 800 1.00296 0.00295663
900 800 1.00093 0.000929296
800 900 1.00317 0.00316818
900 900 1 4.69548e-06
800 900 1.00317 0.00316818
900 900 1 4.69548e-06
800 1000 1.00365 0.00364977
900 1000 1.00095 0.000952749
800 1000 1.00365 0.00364977
900 1000 1.00095 0.000952749
800 1100 1.00395 0.00395235
900 1100 1.00069 0.000692532
800 1100 1.00395 0.00395235
900 1100 1.00069 0.000692532
800 1200 1.00419 0.00419209
900 1200 1.00029 0.000290078
600 1400 1.00862 0.00861825
700 1400 1.00731 0.00730966
600 1500 1.00877 0.00876633
700 1500 1.00734 0.00733613
700 1400 1.00731 0.00730966
800 1400 1.00488 0.00487816
700 1500 1.00734 0.00733613
800 1500 1.0047 0.00470323
400 1500 1.00936 0.00936297
500 1500 1.00938 0.00938
400 1600 1.00909 0.00908769
500 1600 1.00909 0.00908728
500 1500 1.00938 0.00938
600 1500 1.00877 0.00876633
500 1600 1.00909 0.00908728
600 1600 1.00849 0.0084889
600 1500 1.00877 0.00876633
700 1500 1.00734 0.00733613
600 1600 1.00849 0.0084889
700 1600 1.00711 0.00711052
700 1500 1.00734 0.00733613
800 1500 1.0047 0.00470323
700 1600 1.00711 0.00711052
800 1600 1.00458 0.0045786
800 1200 1.00419 0.00419209
900 1200 1.00029 0.000290078
800 1300 1.00454 0.00454356
900 1300 1.00043 0.000431418
800 1300 1.00454 0.00454356
900 1300 1.00043 0.000431418
800 1400 1.00488 0.00487816
900 1400 1.001 0.000998847
800 1400 1.00488 0.00487816
900 1400 1.001 0.000998847
800 1500 1.0047 0.00470323
900 1500 1.00007 6.9167e-05
800 1500 1.0047 0.00470323
900 1500 1.00007 6.9167e-05
800 1600 1.00458 0.0045786
900 1600 1.00017 0.00017163
0 1600 1.0007 0.000697429
100 1600 1.00475 0.00474651
0 1700 1.00052 0.000521037
100 1700 1.00418 0.00417516
100 1600 1.00475 0.00474651
200 1600 1.00714 0.00713807
100 1700 1.00418 0.00417516
200 1700 1.00622 0.0062247
0 1700 1.00052 0.000521037
100 1700 1.00418 0.00417516
0 1800 1.00016 0.000164694
100 1800 1.00292 0.00291754
100 1700 1.00418 0.00417516
200 1700 1.00622 0.0062247
100 1800 1.00292 0.00291754
200 1800 1.00425 0.00424724
0 1800 1.00016 0.000164694
100 1800 1.00292 0.00291754
0 1900 1.0004 0.000398221
100 1900 1.00021 0.000209844
100 1800 1.00292 0.00291754
200 1800 1.00425 0.00424724
100 1900 1.00021 0.000209844
200 1900 1.00019 0.000186193
200 1600 1.00714 0.00713807
300 1600 1.00849 0.00849341
200 1700 1.00622 0.0062247
300 1700 1.00745 0.00744906
300 1600 1.00849 0.00849341
400 1600 1.00909 0.00908769
300 1700 1.00745 0.00744906
400 1700 1.00794 0.00794179
400 1600 1.00909 0.00908769
500 1600 1.00909 0.00908728
400 1700 1.00794 0.00794179
500 1700 1.00793 0.00792599
500 1600 1.00909 0.00908728
600 1600 1.00849 0.0084889
500 1700 1.00793 0.00792599
600 1700 1.00741 0.00741401
200 1700 1.00622 0.0062247
300 1700 1.00745 0.00744906
200 1800 1.00425 0.00424724
300 1800 1.00512 0.00512114
300 1700 1.00745 0.00744906
400 1700 1.00794 0.00794179
300 1800 1.00512 0.00512114
400 1800 1.00539 0.00538999
400 1700 1.00794 0.00794179
500 1700 1.00793 0.00792599
400 1800 1.00539 0.00538999
500 1800 1.00537 0.00536629
500 1700 1.00793 0.00792599
600 1700 1.00741 0.00741401
500 1800 1.00537 0.00536629
600 1800 1.005 0.00499951
200 1800 1.00425 0.00424724
300 1800 1.00512 0.00512114
200 1900 1.00019 0.000186193
300 1900 1.00094 0.000944372
300 1800 1.00512 0.00512114
400 1800 1.00539 0.00538999
300 1900 1.00094 0.000944372
400 1900 1.00074 0.000739551
600 1600 1.00849 0.0084889
700 1600 1.00711 0.00711052
600 1700 1.00741 0.00741401
700 1700 1.00626 0.00626108
700 1600 1.00711 0.00711052
800 1600 1.00458 0.0045786
700 1700 1.00626 0.00626108
800 1700 1.00409 0.00408951
800 1600 1.00458 0.0045786
900 1600 1.00017 0.00017163
800 1700 1.00409 0.00408951
900 1700 1.00003 3.18389e-05
600 1700 1.00741 0.00741401
700 1700 1.00626 0.00626108
600 1800 1.005 0.00499951
700 1800 1.00431 0.00430772
700 1700 1.00626 0.00626108
800 1700 1.00409 0.00408951
700 1800 1.00431 0.00430772
800 1800 1.00297 0.00296736
800 1700 1.00409 0.00408951
900 1700 1.00003 3.18389e-05
800 1800 1.00297 0.00296736
900 1800 1.00031 0.000311945
400 1800 1.00539 0.00538999
500 1800 1.00537 0.00536629
400 1900 1.00074 0.000739551
500 1900 1.00049 0.000490459
500 1800 1.00537 0.00536629
600 1800 1.005 0.00499951
500 1900 1.00049 0.000490459
600 1900 1.00023 0.000227415
600 1800 1.005 0.00499951
700 1800 1.00431 0.00430772
600 1900 1.00023 0.000227415
700 1900 1.00025 0.000254356
700 1800 1.00431 0.00430772
800 1800 1.00297 0.00296736
700 1900 1.00025 0.000254356
800 1900 1.00006 5.80292e-05
800 1800 1.00297 0.00296736
900 1800 1.00031 0.000311945
800 1900 1.00006 5.80292e-05
900 1900 1.00043 0.000434417
