# x y z topography
0 0 5000 0.000548814
45 0 5000 0.000548814
0 95 5000 0.000791725
45 95 5000 0.000791725
45 0 5000 0.000548814
90 0 5000 0.000715189
45 95 5000 0.000791725
90 95 5000 0.000528895
0 95 5000 0.000791725
45 95 5000 0.000791725
0 190 5000 0.000978618
45 190 5000 0.000978618
45 95 5000 0.000791725
90 95 5000 0.000528895
45 190 5000 0.000978618
90 190 5000 0.000799159
90 0 5000 0.000715189
135 0 5000 0.000715189
90 95 5000 0.000528895
135 95 5000 0.000528895
135 0 5000 0.000715189
180 0 5000 0.000602763
135 95 5000 0.000528895
180 95 5000 0.000568045
90 95 5000 0.000528895
135 95 5000 0.000528895
90 190 5000 0.000799159
135 190 5000 0.000799159
135 95 5000 0.000528895
180 95 5000 0.000568045
135 190 5000 0.000799159
180 190 5000 0.000461479
0 190 5000 0.000978618
45 190 5000 0.000978618
0 285 5000 0.000264556
45 285 5000 0.000264556
45 190 5000 0.000978618
90 190 5000 0.000799159
45 285 5000 0.000264556
90 285 5000 0.000774234
0 285 5000 0.000264556
45 285 5000 0.000264556
0 380 5000 0.000359508
45 380 5000 0.000359508
45 285 5000 0.000264556
90 285 5000 0.000774234
45 380 5000 0.000359508
90 380 5000 0.000437032
90 190 5000 0.000799159
135 190 5000 0.000799159
90 285 5000 0.000774234
135 285 5000 0.000774234
135 190 5000 0.000799159
180 190 5000 0.000461479
135 285 5000 0.000774234
180 285 5000 0.00045615
90 285 5000 0.000774234
135 285 5000 0.000774234
90 380 5000 0.000437032
135 380 5000 0.000437032
135 285 5000 0.000774234
180 285 5000 0.00045615
135 380 5000 0.000437032
180 380 5000 0.000697631
180 0 5000 0.000602763
225 0 5000 0.000602763
180 95 5000 0.000568045
225 95 5000 0.000568045
225 0 5000 0.000602763
270 0 5000 0.000544883
225 95 5000 0.000568045
270 95 5000 0.000925597
180 95 5000 0.000568045
225 95 5000 0.000568045
180 190 5000 0.000461479
225 190 5000 0.000461479
225 95 5000 0.000568045
270 95 5000 0.000925597
225 190 5000 0.000461479
270 190 5000 0.000780529
270 0 5000 0.000544883
315 0 5000 0.000544883
270 95 5000 0.000925597
315 95 5000 0.000925597
315 0 5000 0.000544883
360 0 5000 0.000423655
315 95 5000 0.000925597
360 95 5000 7.10361e-05
270 95 5000 0.000925597
315 95 5000 0.000925597
270 190 5000 0.000780529
315 190 5000 0.000780529
315 95 5000 0.000925597
360 95 5000 7.10361e-05
315 190 5000 0.000780529
360 190 5000 0.000118274
180 190 5000 0.000461479
225 190 5000 0.000461479
180 285 5000 0.00045615
225 285 5000 0.00045615
225 190 5000 0.000461479
270 190 5000 0.000780529
225 285 5000 0.00045615
270 285 5000 0.000568434
180 285 5000 0.00045615
225 285 5000 0.00045615
180 380 5000 0.000697631
225 380 5000 0.000697631
225 285 5000 0.00045615
270 285 5000 0.000568434
225 380 5000 0.000697631
270 380 5000 6.02255e-05
270 190 5000 0.000780529
315 190 5000 0.000780529
270 285 5000 0.000568434
315 285 5000 0.000568434
315 190 5000 0.000780529
360 190 5000 0.000118274
315 285 5000 0.000568434
360 285 5000 1.87898e-05
270 285 5000 0.000568434
315 285 5000 0.000568434
270 380 5000 6.02255e-05
315 380 5000 6.02255e-05
315 285 5000 0.000568434
360 285 5000 1.87898e-05
315 380 5000 6.02255e-05
360 380 5000 0.000666767
360 0 5000 0.000423655
405 0 5000 0.000423655
360 95 5000 7.10361e-05
405 95 5000 7.10361e-05
405 0 5000 0.000423655
450 0 5000 0
405 95 5000 7.10361e-05
450 95 5000 0
360 95 5000 7.10361e-05
405 95 5000 7.10361e-05
360 190 5000 0.000118274
405 190 5000 0.000118274
405 95 5000 7.10361e-05
450 95 5000 0
405 190 5000 0.000118274
450 190 5000 0
450 0 5000 0
495 0 5000 0.000645894
450 95 5000 0
495 95 5000 8.71293e-05
495 0 5000 0.000645894
540 0 5000 0.000645894
495 95 5000 8.71293e-05
540 95 5000 8.71293e-05
450 95 5000 0
495 95 5000 8.71293e-05
450 190 5000 0
495 190 5000 0.000639921
495 95 5000 8.71293e-05
540 95 5000 8.71293e-05
495 190 5000 0.000639921
540 190 5000 0.000639921
360 190 5000 0.000118274
405 190 5000 0.000118274
360 285 5000 1.87898e-05
405 285 5000 1.87898e-05
405 190 5000 0.000118274
450 190 5000 0
405 285 5000 1.87898e-05
450 285 5000 0
360 285 5000 1.87898e-05
405 285 5000 1.87898e-05
360 380 5000 0.000666767
405 380 5000 0.000666767
405 285 5000 1.87898e-05
450 285 5000 0
405 380 5000 0.000666767
450 380 5000 0
450 190 5000 0
495 190 5000 0.000639921
450 285 5000 0
495 285 5000 0.000617635
495 190 5000 0.000639921
540 190 5000 0.000639921
495 285 5000 0.000617635
540 285 5000 0.000617635
450 285 5000 0
495 285 5000 0.000617635
450 380 5000 0
495 380 5000 0.000670638
495 285 5000 0.000617635
540 285 5000 0.000617635
495 380 5000 0.000670638
540 380 5000 0.000670638
540 0 5000 0.000645894
585 0 5000 0.000437587
540 95 5000 8.71293e-05
585 95 5000 2.02184e-05
585 0 5000 0.000437587
630 0 5000 0.000437587
585 95 5000 2.02184e-05
630 95 5000 2.02184e-05
540 95 5000 8.71293e-05
585 95 5000 2.02184e-05
540 190 5000 0.000639921
585 190 5000 0.000143353
585 95 5000 2.02184e-05
630 95 5000 2.02184e-05
585 190 5000 0.000143353
630 190 5000 0.000143353
630 0 5000 0.000437587
675 0 5000 0.000891773
630 95 5000 2.02184e-05
675 95 5000 0.00083262
675 0 5000 0.000891773
720 0 5000 0.000891773
675 95 5000 0.00083262
720 95 5000 0.00083262
630 95 5000 2.02184e-05
675 95 5000 0.00083262
630 190 5000 0.000143353
675 190 5000 0.000944669
675 95 5000 0.00083262
720 95 5000 0.00083262
675 190 5000 0.000944669
720 190 5000 0.000944669
540 190 5000 0.000639921
585 190 5000 0.000143353
540 285 5000 0.000617635
585 285 5000 0.000612096
585 190 5000 0.000143353
630 190 5000 0.000143353
585 285 5000 0.000612096
630 285 5000 0.000612096
540 285 5000 0.000617635
585 285 5000 0.000612096
540 380 5000 0.000670638
585 380 5000 0.000210383
585 285 5000 0.000612096
630 285 5000 0.000612096
585 380 5000 0.000210383
630 380 5000 0.000210383
630 190 5000 0.000143353
675 190 5000 0.000944669
630 285 5000 0.000612096
675 285 5000 0.000616934
675 190 5000 0.000944669
720 190 5000 0.000944669
675 285 5000 0.000616934
720 285 5000 0.000616934
630 285 5000 0.000612096
675 285 5000 0.000616934
630 380 5000 0.000210383
675 380 5000 0.000128926
675 285 5000 0.000616934
720 285 5000 0.000616934
675 380 5000 0.000128926
720 380 5000 0.000128926
720 0 5000 0.000891773
765 0 5000 0.000963663
720 95 5000 0.00083262
765 95 5000 0.000778157
765 0 5000 0.000963663
810 0 5000 0.000963663
765 95 5000 0.000778157
810 95 5000 0.000778157
720 95 5000 0.00083262
765 95 5000 0.000778157
720 190 5000 0.000944669
765 190 5000 0.000521848
765 95 5000 0.000778157
810 95 5000 0.000778157
765 190 5000 0.000521848
810 190 5000 0.000521848
810 0 5000 0.000963663
855 0 5000 0.000383442
810 95 5000 0.000778157
855 95 5000 0.000870012
855 0 5000 0.000383442
900 0 5000 0.000383442
855 95 5000 0.000870012
900 95 5000 0.000870012
810 95 5000 0.000778157
855 95 5000 0.000870012
810 190 5000 0.000521848
855 190 5000 0.000414662
855 95 5000 0.000870012
900 95 5000 0.000870012
855 190 5000 0.000414662
900 190 5000 0.000414662
720 190 5000 0.000944669
765 190 5000 0.000521848
720 285 5000 0.000616934
765 285 5000 0.000943748
765 190 5000 0.000521848
810 190 5000 0.000521848
765 285 5000 0.000943748
810 285 5000 0.000943748
720 285 5000 0.000616934
765 285 5000 0.000943748
720 380 5000 0.000128926
765 380 5000 0.000315428
765 285 5000 0.000943748
810 285 5000 0.000943748
765 380 5000 0.000315428
810 380 5000 0.000315428
810 190 5000 0.000521848
855 190 5000 0.000414662
810 285 5000 0.000943748
855 285 5000 0.00068182
855 190 5000 0.000414662
900 190 5000 0.000414662
855 285 5000 0.00068182
900 285 5000 0.00068182
810 285 5000 0.000943748
855 285 5000 0.00068182
810 380 5000 0.000315428
855 380 5000 0.000363711
855 285 5000 0.00068182
900 285 5000 0.00068182
855 380 5000 0.000363711
900 380 5000 0.000363711
0 380 5000 0.000359508
45 380 5000 0.000359508
0 475 5000 0.000570197
45 475 5000 0.000570197
45 380 5000 0.000359508
90 380 5000 0.000437032
45 475 5000 0.000570197
90 475 5000 0.000438602
0 475 5000 0.000570197
45 475 5000 0.000570197
0 570 5000 0.00015897
45 570 5000 0.00015897
45 475 5000 0.000570197
90 475 5000 0.000438602
45 570 5000 0.00015897
90 570 5000 0.000110375
90 380 5000 0.000437032
135 380 5000 0.000437032
90 475 5000 0.000438602
135 475 5000 0.000438602
135 380 5000 0.000437032
180 380 5000 0.000697631
135 475 5000 0.000438602
180 475 5000 0.000988374
90 475 5000 0.000438602
135 475 5000 0.000438602
90 570 5000 0.000110375
135 570 5000 0.000110375
135 475 5000 0.000438602
180 475 5000 0.000988374
135 570 5000 0.000110375
180 570 5000 0.00065633
0 570 5000 0.00015897
45 570 5000 0.00015897
0 665 5000 0.000976459
45 665 5000 0.000976459
45 570 5000 0.00015897
90 570 5000 0.000110375
45 665 5000 0.000976459
90 665 5000 0.000468651
0 665 5000 0.000976459
45 665 5000 0.000976459
0 760 5000 0.000317983
45 760 5000 0.000317983
45 665 5000 0.000976459
90 665 5000 0.000468651
45 760 5000 0.000317983
90 760 5000 0.000414263
90 570 5000 0.000110375
135 570 5000 0.000110375
90 665 5000 0.000468651
135 665 5000 0.000468651
135 570 5000 0.000110375
180 570 5000 0.00065633
135 665 5000 0.000468651
180 665 5000 0.000976761
90 665 5000 0.000468651
135 665 5000 0.000468651
90 760 5000 0.000414263
135 760 5000 0.000414263
135 665 5000 0.000468651
180 665 5000 0.000976761
135 760 5000 0.000414263
180 760 5000 6.41475e-05
180 380 5000 0.000697631
225 380 5000 0.000697631
180 475 5000 0.000988374
225 475 5000 0.000988374
225 380 5000 0.000697631
270 380 5000 6.02255e-05
225 475 5000 0.000988374
270 475 5000 0.000102045
180 475 5000 0.000988374
225 475 5000 0.000988374
180 570 5000 0.00065633
225 570 5000 0.00065633
225 475 5000 0.000988374
270 475 5000 0.000102045
225 570 5000 0.00065633
270 570 5000 0.000138183
270 380 5000 6.02255e-05
315 380 5000 6.02255e-05
270 475 5000 0.000102045
315 475 5000 0.000102045
315 380 5000 6.02255e-05
360 380 5000 0.000666767
315 475 5000 0.000102045
360 475 5000 0.000208877
270 475 5000 0.000102045
315 475 5000 0.000102045
270 570 5000 0.000138183
315 570 5000 0.000138183
315 475 5000 0.000102045
360 475 5000 0.000208877
315 570 5000 0.000138183
360 570 5000 0.000196582
180 570 5000 0.00065633
225 570 5000 0.00065633
180 665 5000 0.000976761
225 665 5000 0.000976761
225 570 5000 0.00065633
270 570 5000 0.000138183
225 665 5000 0.000976761
270 665 5000 0.000604846
180 665 5000 0.000976761
225 665 5000 0.000976761
180 760 5000 6.41475e-05
225 760 5000 6.41475e-05
225 665 5000 0.000976761
270 665 5000 0.000604846
225 760 5000 6.41475e-05
270 760 5000 0.000692472
270 570 5000 0.000138183
315 570 5000 0.000138183
270 665 5000 0.000604846
315 665 5000 0.000604846
315 570 5000 0.000138183
360 570 5000 0.000196582
315 665 5000 0.000604846
360 665 5000 0.000739264
270 665 5000 0.000604846
315 665 5000 0.000604846
270 760 5000 0.000692472
315 760 5000 0.000692472
315 665 5000 0.000604846
360 665 5000 0.000739264
315 760 5000 0.000692472
360 760 5000 0.000566601
360 380 5000 0.000666767
405 380 5000 0.000666767
360 475 5000 0.000208877
405 475 5000 0.000208877
405 380 5000 0.000666767
450 380 5000 0
405 475 5000 0.000208877
450 475 5000 0
360 475 5000 0.000208877
405 475 5000 0.000208877
360 570 5000 0.000196582
405 570 5000 0.000196582
405 475 5000 0.000208877
450 475 5000 0
405 570 5000 0.000196582
450 570 5000 0
450 380 5000 0
495 380 5000 0.000670638
450 475 5000 0
495 475 5000 0.00016131
495 380 5000 0.000670638
540 380 5000 0.000670638
495 475 5000 0.00016131
540 475 5000 0.00016131
450 475 5000 0
495 475 5000 0.00016131
450 570 5000 0
495 570 5000 0.000368725
495 475 5000 0.00016131
540 475 5000 0.00016131
495 570 5000 0.000368725
540 570 5000 0.000368725
360 570 5000 0.000196582
405 570 5000 0.000196582
360 665 5000 0.000739264
405 665 5000 0.000739264
405 570 5000 0.000196582
450 570 5000 0
405 665 5000 0.000739264
450 665 5000 0
360 665 5000 0.000739264
405 665 5000 0.000739264
360 760 5000 0.000566601
405 760 5000 0.000566601
405 665 5000 0.000739264
450 665 5000 0
405 760 5000 0.000566601
450 760 5000 0
450 570 5000 0
495 570 5000 0.000368725
450 665 5000 0
495 665 5000 3.91878e-05
495 570 5000 0.000368725
540 570 5000 0.000368725
495 665 5000 3.91878e-05
540 665 5000 3.91878e-05
450 665 5000 0
495 665 5000 3.91878e-05
450 760 5000 0
495 760 5000 0.000265389
495 665 5000 3.91878e-05
540 665 5000 3.91878e-05
495 760 5000 0.000265389
540 760 5000 0.000265389
540 380 5000 0.000670638
585 380 5000 0.000210383
540 475 5000 0.00016131
585 475 5000 0.000653108
585 380 5000 0.000210383
630 380 5000 0.000210383
585 475 5000 0.000653108
630 475 5000 0.000653108
540 475 5000 0.00016131
585 475 5000 0.000653108
540 570 5000 0.000368725
585 570 5000 0.000820993
585 475 5000 0.000653108
630 475 5000 0.000653108
585 570 5000 0.000820993
630 570 5000 0.000820993
630 380 5000 0.000210383
675 380 5000 0.000128926
630 475 5000 0.000653108
675 475 5000 0.000253292
675 380 5000 0.000128926
720 380 5000 0.000128926
675 475 5000 0.000253292
720 475 5000 0.000253292
630 475 5000 0.000653108
675 475 5000 0.000253292
630 570 5000 0.000820993
675 570 5000 9.71013e-05
675 475 5000 0.000253292
720 475 5000 0.000253292
675 570 5000 9.71013e-05
720 570 5000 9.71013e-05
540 570 5000 0.000368725
585 570 5000 0.000820993
540 665 5000 3.91878e-05
585 665 5000 0.000282807
585 570 5000 0.000820993
630 570 5000 0.000820993
585 665 5000 0.000282807
630 665 5000 0.000282807
540 665 5000 3.91878e-05
585 665 5000 0.000282807
540 760 5000 0.000265389
585 760 5000 0.000523248
585 665 5000 0.000282807
630 665 5000 0.000282807
585 760 5000 0.000523248
630 760 5000 0.000523248
630 570 5000 0.000820993
675 570 5000 9.71013e-05
630 665 5000 0.000282807
675 665 5000 0.000120197
675 570 5000 9.71013e-05
720 570 5000 9.71013e-05
675 665 5000 0.000120197
720 665 5000 0.000120197
630 665 5000 0.000282807
675 665 5000 0.000120197
630 760 5000 0.000523248
675 760 5000 9.39405e-05
675 665 5000 0.000120197
720 665 5000 0.000120197
675 760 5000 9.39405e-05
720 760 5000 9.39405e-05
720 380 5000 0.000128926
765 380 5000 0.000315428
720 475 5000 0.000253292
765 475 5000 0.000466311
765 380 5000 0.000315428
810 380 5000 0.000315428
765 475 5000 0.000466311
810 475 5000 0.000466311
720 475 5000 0.000253292
765 475 5000 0.000466311
720 570 5000 9.71013e-05
765 570 5000 0.000837945
765 475 5000 0.000466311
810 475 5000 0.000466311
765 570 5000 0.000837945
810 570 5000 0.000837945
810 380 5000 0.000315428
855 380 5000 0.000363711
810 475 5000 0.000466311
855 475 5000 0.000244426
855 380 5000 0.000363711
900 380 5000 0.000363711
855 475 5000 0.000244426
900 475 5000 0.000244426
810 475 5000 0.000466311
855 475 5000 0.000244426
810 570 5000 0.000837945
855 570 5000 9.60984e-05
855 475 5000 0.000244426
900 475 5000 0.000244426
855 570 5000 9.60984e-05
900 570 5000 9.60984e-05
720 570 5000 9.71013e-05
765 570 5000 0.000837945
720 665 5000 0.000120197
765 665 5000 0.00029614
765 570 5000 0.000837945
810 570 5000 0.000837945
765 665 5000 0.00029614
810 665 5000 0.00029614
720 665 5000 0.000120197
765 665 5000 0.00029614
720 760 5000 9.39405e-05
765 760 5000 0.000575946
765 665 5000 0.00029614
810 665 5000 0.00029614
765 760 5000 0.000575946
810 760 5000 0.000575946
810 570 5000 0.000837945
855 570 5000 9.60984e-05
810 665 5000 0.00029614
855 665 5000 0.000118728
855 570 5000 9.60984e-05
900 570 5000 9.60984e-05
855 665 5000 0.000118728
900 665 5000 0.000118728
810 665 5000 0.00029614
855 665 5000 0.000118728
810 760 5000 0.000575946
855 760 5000 0.000929296
855 665 5000 0.000118728
900 665 5000 0.000118728
855 760 5000 0.000929296
900 760 5000 0.000929296
0 760 5000 0.000317983
45 760 5000 0.000317983
0 855 5000 0.000318569
45 855 5000 0.000318569
45 760 5000 0.000317983
90 760 5000 0.000414263
45 855 5000 0.000318569
90 855 5000 0.00066741
0 855 5000 0.000318569
45 855 5000 0.000318569
0 950 5000 0.000318569
45 950 5000 0.000318569
45 855 5000 0.000318569
90 855 5000 0.00066741
45 950 5000 0.000318569
90 950 5000 0.000270008
90 760 5000 0.000414263
135 760 5000 0.000414263
90 855 5000 0.00066741
135 855 5000 0.00066741
135 760 5000 0.000414263
180 760 5000 6.41475e-05
135 855 5000 0.00066741
180 855 5000 0.000131798
90 855 5000 0.00066741
135 855 5000 0.00066741
90 950 5000 0.000270008
135 950 5000 0.000270008
135 855 5000 0.00066741
180 855 5000 0.000131798
135 950 5000 0.000270008
180 950 5000 0.000131798
0 950 5000 0.000318569
45 950 5000 0.000318569
0 1045 5000 0.000677817
45 1045 5000 0.000677817
45 950 5000 0.000318569
90 950 5000 0.000270008
45 1045 5000 0.000677817
90 1045 5000 0.000270008
0 1045 5000 0.000677817
45 1045 5000 0.000677817
0 1140 5000 0.000447125
45 1140 5000 0.000447125
45 1045 5000 0.000677817
90 1045 5000 0.000270008
45 1140 5000 0.000447125
90 1140 5000 0.000846409
90 950 5000 0.000270008
135 950 5000 0.000270008
90 1045 5000 0.000270008
135 1045 5000 0.000270008
135 950 5000 0.000270008
180 950 5000 0.000131798
135 1045 5000 0.000270008
180 1045 5000 0.000735194
90 1045 5000 0.000270008
135 1045 5000 0.000270008
90 1140 5000 0.000846409
135 1140 5000 0.000846409
135 1045 5000 0.000270008
180 1045 5000 0.000735194
135 1140 5000 0.000846409
180 1140 5000 0.000699479
180 760 5000 6.41475e-05
225 760 5000 6.41475e-05
180 855 5000 0.000131798
225 855 5000 0.000131798
225 760 5000 6.41475e-05
270 760 5000 0.000692472
225 855 5000 0.000131798
270 855 5000 0.000716327
180 855 5000 0.000131798
225 855 5000 0.000131798
180 950 5000 0.000131798
225 950 5000 0.000131798
225 855 5000 0.000131798
270 855 5000 0.000716327
225 950 5000 0.000131798
270 950 5000 0.000716327
270 760 5000 0.000692472
315 760 5000 0.000692472
270 855 5000 0.000716327
315 855 5000 0.000716327
315 760 5000 0.000692472
360 760 5000 0.000566601
315 855 5000 0.000716327
360 855 5000 0.000289406
270 855 5000 0.000716327
315 855 5000 0.000716327
270 950 5000 0.000716327
315 950 5000 0.000716327
315 855 5000 0.000716327
360 855 5000 0.000289406
315 950 5000 0.000716327
360 950 5000 0.000289406
180 950 5000 0.000131798
225 950 5000 0.000131798
180 1045 5000 0.000735194
225 1045 5000 0.000735194
225 950 5000 0.000131798
270 950 5000 0.000716327
225 1045 5000 0.000735194
270 1045 5000 0.000962189
180 1045 5000 0.000735194
225 1045 5000 0.000735194
180 1140 5000 0.000699479
225 1140 5000 0.000699479
225 1045 5000 0.000735194
270 1045 5000 0.000962189
225 1140 5000 0.000699479
270 1140 5000 0.000297437
270 950 5000 0.000716327
315 950 5000 0.000716327
270 1045 5000 0.000962189
315 1045 5000 0.000962189
315 950 5000 0.000716327
360 950 5000 0.000289406
315 1045 5000 0.000962189
360 1045 5000 0.000248753
270 1045 5000 0.000962189
315 1045 5000 0.000962189
270 1140 5000 0.000297437
315 1140 5000 0.000297437
315 1045 5000 0.000962189
360 1045 5000 0.000248753
315 1140 5000 0.000297437
360 1140 5000 0.000813798
360 760 5000 0.000566601
405 760 5000 0.000566601
360 855 5000 0.000289406
405 855 5000 0.000289406
405 760 5000 0.000566601
450 760 5000 0
405 855 5000 0.000289406
450 855 5000 0
360 855 5000 0.000289406
405 855 5000 0.000289406
360 950 5000 0.000289406
405 950 5000 0.000289406
405 855 5000 0.000289406
450 855 5000 0
405 950 5000 0.000289406
450 950 5000 0
450 760 5000 0
495 760 5000 0.000265389
450 855 5000 0
495 855 5000 0.000183191
495 760 5000 0.000265389
540 760 5000 0.000265389
495 855 5000 0.000183191
540 855 5000 0.000183191
450 855 5000 0
495 855 5000 0.000183191
450 950 5000 0
495 950 5000 0.000183191
495 855 5000 0.000183191
540 855 5000 0.000183191
495 950 5000 0.000183191
540 950 5000 0.000183191
360 950 5000 0.000289406
405 950 5000 0.000289406
360 1045 5000 0.000248753
405 1045 5000 0.000248753
405 950 5000 0.000289406
450 950 5000 0
405 1045 5000 0.000248753
450 1045 5000 0
360 1045 5000 0.000248753
405 1045 5000 0.000248753
360 1140 5000 0.000813798
405 1140 5000 0.000813798
405 1045 5000 0.000248753
450 1045 5000 0
405 1140 5000 0.000813798
450 1140 5000 0
450 950 5000 0
495 950 5000 0.000183191
450 1045 5000 0
495 1045 5000 0.000576157
495 950 5000 0.000183191
540 950 5000 0.000183191
495 1045 5000 0.000576157
540 1045 5000 0.000576157
450 1045 5000 0
495 1045 5000 0.000576157
450 1140 5000 0
495 1140 5000 0.000396506
495 1045 5000 0.000576157
540 1045 5000 0.000576157
495 1140 5000 0.000396506
540 1140 5000 0.000396506
540 760 5000 0.000265389
585 760 5000 0.000523248
540 855 5000 0.000183191
585 855 5000 0.000586513
585 760 5000 0.000523248
630 760 5000 0.000523248
585 855 5000 0.000586513
630 855 5000 0.000586513
540 855 5000 0.000183191
585 855 5000 0.000586513
540 950 5000 0.000183191
585 950 5000 0.000592042
585 855 5000 0.000586513
630 855 5000 0.000586513
585 950 5000 0.000592042
630 950 5000 0.000586513
630 760 5000 0.000523248
675 760 5000 9.39405e-05
630 855 5000 0.000586513
675 855 5000 2.01075e-05
675 760 5000 9.39405e-05
720 760 5000 9.39405e-05
675 855 5000 2.01075e-05
720 855 5000 2.01075e-05
630 855 5000 0.000586513
675 855 5000 2.01075e-05
630 950 5000 0.000586513
675 950 5000 2.01075e-05
675 855 5000 2.01075e-05
720 855 5000 2.01075e-05
675 950 5000 2.01075e-05
720 950 5000 2.01075e-05
540 950 5000 0.000183191
585 950 5000 0.000592042
540 1045 5000 0.000576157
585 1045 5000 0.000592042
585 950 5000 0.000592042
630 950 5000 0.000586513
585 1045 5000 0.000592042
630 1045 5000 0.000592042
540 1045 5000 0.000576157
585 1045 5000 0.000592042
540 1140 5000 0.000396506
585 1140 5000 0.000881103
585 1045 5000 0.000592042
630 1045 5000 0.000592042
585 1140 5000 0.000881103
630 1140 5000 0.000881103
630 950 5000 0.000586513
675 950 5000 2.01075e-05
630 1045 5000 0.000592042
675 1045 5000 0.000572252
675 950 5000 2.01075e-05
720 950 5000 2.01075e-05
675 1045 5000 0.000572252
720 1045 5000 0.000572252
630 1045 5000 0.000592042
675 1045 5000 0.000572252
630 1140 5000 0.000881103
675 1140 5000 0.000581273
675 1045 5000 0.000572252
720 1045 5000 0.000572252
675 1140 5000 0.000581273
720 1140 5000 0.000581273
720 760 5000 9.39405e-05
765 760 5000 0.000575946
720 855 5000 2.01075e-05
765 855 5000 0.00082894
765 760 5000 0.000575946
810 760 5000 0.000575946
765 855 5000 0.00082894
810 855 5000 0.00082894
720 855 5000 2.01075e-05
765 855 5000 0.00082894
720 950 5000 2.01075e-05
765 950 5000 0.00082894
765 855 5000 0.00082894
810 855 5000 0.00082894
765 950 5000 0.00082894
810 950 5000 0.000223082
810 760 5000 0.000575946
855 760 5000 0.000929296
810 855 5000 0.00082894
855 855 5000 4.69548e-06
855 760 5000 0.000929296
900 760 5000 0.000929296
855 855 5000 4.69548e-06
900 855 5000 4.69548e-06
810 855 5000 0.00082894
855 855 5000 4.69548e-06
810 950 5000 0.000223082
855 950 5000 4.69548e-06
855 855 5000 4.69548e-06
900 855 5000 4.69548e-06
855 950 5000 4.69548e-06
900 950 5000 4.69548e-06
720 950 5000 2.01075e-05
765 950 5000 0.00082894
720 1045 5000 0.000572252
765 1045 5000 0.000223082
765 950 5000 0.00082894
810 950 5000 0.000223082
765 1045 5000 0.000223082
810 1045 5000 0.000223082
720 1045 5000 0.000572252
765 1045 5000 0.000223082
720 1140 5000 0.000581273
765 1140 5000 0.000881735
765 1045 5000 0.000223082
810 1045 5000 0.000223082
765 1140 5000 0.000881735
810 1140 5000 0.000881735
810 950 5000 0.000223082
855 950 5000 4.69548e-06
810 1045 5000 0.000223082
855 1045 5000 0.000952749
855 950 5000 4.69548e-06
900 950 5000 4.69548e-06
855 1045 5000 0.000952749
900 1045 5000 0.000952749
810 1045 5000 0.000223082
855 1045 5000 0.000952749
810 1140 5000 0.000881735
855 1140 5000 0.000692532
855 1045 5000 0.000952749
900 1045 5000 0.000952749
855 1140 5000 0.000692532
900 1140 5000 0.000692532
0 1140 5000 0.000447125
45 1140 5000 0.000447125
0 1235 5000 0.000725254
45 1235 5000 0.000725254
45 1140 5000 0.000447125
90 1140 5000 0.000846409
45 1235 5000 0.000725254
90 1235 5000 0.000501324
0 1235 5000 0.000725254
45 1235 5000 0.000725254
0 1330 5000 0.000618015
45 1330 5000 0.000618015
45 1235 5000 0.000725254
90 1235 5000 0.000501324
45 1330 5000 0.000618015
90 1330 5000 0.000428769
90 1140 5000 0.000846409
135 1140 5000 0.000846409
90 1235 5000 0.000501324
135 1235 5000 0.000501324
135 1140 5000 0.000846409
180 1140 5000 0.000699479
135 1235 5000 0.000501324
180 1235 5000 0.000956084
90 1235 5000 0.000501324
135 1235 5000 0.000501324
90 1330 5000 0.000428769
135 1330 5000 0.000428769
135 1235 5000 0.000501324
180 1235 5000 0.000956084
135 1330 5000 0.000428769
180 1330 5000 0.000135474
0 1330 5000 0.000618015
45 1330 5000 0.000618015
0 1425 5000 0.000896547
45 1425 5000 0.000896547
45 1330 5000 0.000618015
90 1330 5000 0.000428769
45 1425 5000 0.000896547
90 1425 5000 0.000367562
0 1425 5000 0.000896547
45 1425 5000 0.000896547
0 1520 5000 0.000149448
45 1520 5000 0.000149448
45 1425 5000 0.000896547
90 1425 5000 0.000367562
45 1520 5000 0.000149448
90 1520 5000 0.000868126
90 1330 5000 0.000428769
135 1330 5000 0.000428769
90 1425 5000 0.000367562
135 1425 5000 0.000367562
135 1330 5000 0.000428769
180 1330 5000 0.000135474
135 1425 5000 0.000367562
180 1425 5000 0.000435865
90 1425 5000 0.000367562
135 1425 5000 0.000367562
90 1520 5000 0.000868126
135 1520 5000 0.000868126
135 1425 5000 0.000367562
180 1425 5000 0.000435865
135 1520 5000 0.000868126
180 1520 5000 0.000162493
180 1140 5000 0.000699479
225 1140 5000 0.000699479
180 1235 5000 0.000956084
225 1235 5000 0.000956084
225 1140 5000 0.000699479
270 1140 5000 0.000297437
225 1235 5000 0.000956084
270 1235 5000 0.00064399
180 1235 5000 0.000956084
225 1235 5000 0.000956084
180 1330 5000 0.000135474
225 1330 5000 0.000135474
225 1235 5000 0.000956084
270 1235 5000 0.00064399
225 1330 5000 0.000135474
270 1330 5000 0.000298282
270 1140 5000 0.000297437
315 1140 5000 0.000297437
270 1235 5000 0.00064399
315 1235 5000 0.00064399
315 1140 5000 0.000297437
360 1140 5000 0.000813798
315 1235 5000 0.00064399
360 1235 5000 0.000423855
270 1235 5000 0.00064399
315 1235 5000 0.00064399
270 1330 5000 0.000298282
315 1330 5000 0.000298282
315 1235 5000 0.00064399
360 1235 5000 0.000423855
315 1330 5000 0.000298282
360 1330 5000 0.000569965
180 1330 5000 0.000135474
225 1330 5000 0.000135474
180 1425 5000 0.000435865
225 1425 5000 0.000435865
225 1330 5000 0.000135474
270 1330 5000 0.000298282
225 1425 5000 0.000435865
270 1425 5000 0.000891923
180 1425 5000 0.000435865
225 1425 5000 0.000435865
180 1520 5000 0.000162493
225 1520 5000 0.000162493
225 1425 5000 0.000435865
270 1425 5000 0.000891923
225 1520 5000 0.000162493
270 1520 5000 0.00061556
270 1330 5000 0.000298282
315 1330 5000 0.000298282
270 1425 5000 0.000891923
315 1425 5000 0.000891923
315 1330 5000 0.000298282
360 1330 5000 0.000569965
315 1425 5000 0.000891923
360 1425 5000 0.000806194
270 1425 5000 0.000891923
315 1425 5000 0.000891923
270 1520 5000 0.00061556
315 1520 5000 0.00061556
315 1425 5000 0.000891923
360 1425 5000 0.000806194
315 1520 5000 0.00061556
360 1520 5000 0.00012382
360 1140 5000 0.000813798
405 1140 5000 0.000813798
360 1235 5000 0.000423855
405 1235 5000 0.000423855
405 1140 5000 0.000813798
450 1140 5000 0
405 1235 5000 0.000423855
450 1235 5000 0
360 1235 5000 0.000423855
405 1235 5000 0.000423855
360 1330 5000 0.000569965
405 1330 5000 0.000569965
405 1235 5000 0.000423855
450 1235 5000 0
405 1330 5000 0.000569965
450 1330 5000 0
450 1140 5000 0
495 1140 5000 0.000396506
450 1235 5000 0
495 1235 5000 0.000606393
495 1140 5000 0.000396506
540 1140 5000 0.000396506
495 1235 5000 0.000606393
540 1235 5000 0.000606393
450 1235 5000 0
495 1235 5000 0.000606393
450 1330 5000 0
495 1330 5000 0.000590873
495 1235 5000 0.000606393
540 1235 5000 0.000606393
495 1330 5000 0.000590873
540 1330 5000 0.000590873
360 1330 5000 0.000569965
405 1330 5000 0.000569965
360 1425 5000 0.000806194
405 1425 5000 0.000806194
405 1330 5000 0.000569965
450 1330 5000 0
405 1425 5000 0.000806194
450 1425 5000 0
360 1425 5000 0.000806194
405 1425 5000 0.000806194
360 1520 5000 0.00012382
405 1520 5000 0.00012382
405 1425 5000 0.000806194
450 1425 5000 0
405 1520 5000 0.00012382
450 1520 5000 0
450 1330 5000 0
495 1330 5000 0.000590873
450 1425 5000 0
495 1425 5000 0.000703889
495 1330 5000 0.000590873
540 1330 5000 0.000590873
495 1425 5000 0.000703889
540 1425 5000 0.000703889
450 1425 5000 0
495 1425 5000 0.000703889
450 1520 5000 0
495 1520 5000 0.000848008
495 1425 5000 0.000703889
540 1425 5000 0.000703889
495 1520 5000 0.000848008
540 1520 5000 0.000848008
540 1140 5000 0.000396506
585 1140 5000 0.000881103
540 1235 5000 0.000606393
585 1235 5000 1.91932e-05
585 1140 5000 0.000881103
630 1140 5000 0.000881103
585 1235 5000 1.91932e-05
630 1235 5000 1.91932e-05
540 1235 5000 0.000606393
585 1235 5000 1.91932e-05
540 1330 5000 0.000590873
585 1330 5000 0.000574325
585 1235 5000 1.91932e-05
630 1235 5000 1.91932e-05
585 1330 5000 0.000574325
630 1330 5000 0.000574325
630 1140 5000 0.000881103
675 1140 5000 0.000581273
630 1235 5000 1.91932e-05
675 1235 5000 0.000301575
675 1140 5000 0.000581273
720 1140 5000 0.000581273
675 1235 5000 0.000301575
720 1235 5000 0.000301575
630 1235 5000 1.91932e-05
675 1235 5000 0.000301575
630 1330 5000 0.000574325
675 1330 5000 0.000653201
675 1235 5000 0.000301575
720 1235 5000 0.000301575
675 1330 5000 0.000653201
720 1330 5000 0.000653201
540 1330 5000 0.000590873
585 1330 5000 0.000574325
540 1425 5000 0.000703889
585 1425 5000 0.000100227
585 1330 5000 0.000574325
630 1330 5000 0.000574325
585 1425 5000 0.000100227
630 1425 5000 0.000100227
540 1425 5000 0.000703889
585 1425 5000 0.000100227
540 1520 5000 0.000848008
585 1520 5000 0.000807319
585 1425 5000 0.000100227
630 1425 5000 0.000100227
585 1520 5000 0.000807319
630 1520 5000 0.000807319
630 1330 5000 0.000574325
675 1330 5000 0.000653201
630 1425 5000 0.000100227
675 1425 5000 0.000919483
675 1330 5000 0.000653201
720 1330 5000 0.000653201
675 1425 5000 0.000919483
720 1425 5000 0.000919483
630 1425 5000 0.000100227
675 1425 5000 0.000919483
630 1520 5000 0.000807319
675 1520 5000 0.000569101
675 1425 5000 0.000919483
720 1425 5000 0.000919483
675 1520 5000 0.000569101
720 1520 5000 0.000569101
720 1140 5000 0.000581273
765 1140 5000 0.000881735
720 1235 5000 0.000301575
765 1235 5000 0.000660174
765 1140 5000 0.000881735
810 1140 5000 0.000881735
765 1235 5000 0.000660174
810 1235 5000 0.000660174
720 1235 5000 0.000301575
765 1235 5000 0.000660174
720 1330 5000 0.000653201
765 1330 5000 0.000652103
765 1235 5000 0.000660174
810 1235 5000 0.000660174
765 1330 5000 0.000652103
810 1330 5000 0.000652103
810 1140 5000 0.000881735
855 1140 5000 0.000692532
810 1235 5000 0.000660174
855 1235 5000 0.000290078
855 1140 5000 0.000692532
900 1140 5000 0.000692532
855 1235 5000 0.000290078
900 1235 5000 0.000290078
810 1235 5000 0.000660174
855 1235 5000 0.000290078
810 1330 5000 0.000652103
855 1330 5000 0.000431418
855 1235 5000 0.000290078
900 1235 5000 0.000290078
855 1330 5000 0.000431418
900 1330 5000 0.000431418
720 1330 5000 0.000653201
765 1330 5000 0.000652103
720 1425 5000 0.000919483
765 1425 5000 0.000714241
765 1330 5000 0.000652103
810 1330 5000 0.000652103
765 1425 5000 0.000714241
810 1425 5000 0.000714241
720 1425 5000 0.000919483
765 1425 5000 0.000714241
720 1520 5000 0.000569101
765 1520 5000 0.000407183
765 1425 5000 0.000714241
810 1425 5000 0.000714241
765 1520 5000 0.000407183
810 1520 5000 0.000407183
810 1330 5000 0.000652103
855 1330 5000 0.000431418
810 1425 5000 0.000714241
855 1425 5000 0.000998847
855 1330 5000 0.000431418
900 1330 5000 0.000431418
855 1425 5000 0.000998847
900 1425 5000 0.000998847
810 1425 5000 0.000714241
855 1425 5000 0.000998847
810 1520 5000 0.000407183
855 1520 5000 6.9167e-05
855 1425 5000 0.000998847
900 1425 5000 0.000998847
855 1520 5000 6.9167e-05
900 1520 5000 6.9167e-05
0 1520 5000 0.000149448
45 1520 5000 0.000149448
0 1615 5000 0.000697429
45 1615 5000 0.000697429
45 1520 5000 0.000149448
90 1520 5000 0.000868126
45 1615 5000 0.000697429
90 1615 5000 0.000453543
0 1615 5000 0.000697429
45 1615 5000 0.000697429
0 1710 5000 0.000521037
45 1710 5000 0.000521037
45 1615 5000 0.000697429
90 1615 5000 0.000453543
45 1710 5000 0.000521037
90 1710 5000 5.4338e-05
90 1520 5000 0.000868126
135 1520 5000 0.000868126
90 1615 5000 0.000453543
135 1615 5000 0.000453543
135 1520 5000 0.000868126
180 1520 5000 0.000162493
135 1615 5000 0.000453543
180 1615 5000 0.000722056
90 1615 5000 0.000453543
135 1615 5000 0.000453543
90 1710 5000 5.4338e-05
135 1710 5000 5.4338e-05
135 1615 5000 0.000453543
180 1615 5000 0.000722056
135 1710 5000 5.4338e-05
180 1710 5000 0.000199997
0 1710 5000 0.000521037
45 1710 5000 0.000521037
0 1805 5000 0.000164694
45 1805 5000 0.000164694
45 1710 5000 0.000521037
90 1710 5000 5.4338e-05
45 1805 5000 0.000164694
90 1805 5000 0.000621478
0 1805 5000 0.000164694
45 1805 5000 0.000164694
0 1900 5000 0.000398221
45 1900 5000 0.000398221
45 1805 5000 0.000164694
90 1805 5000 0.000621478
45 1900 5000 0.000398221
90 1900 5000 0.000209844
90 1710 5000 5.4338e-05
135 1710 5000 5.4338e-05
90 1805 5000 0.000621478
135 1805 5000 0.000621478
135 1710 5000 5.4338e-05
180 1710 5000 0.000199997
135 1805 5000 0.000621478
180 1805 5000 0.000577229
90 1805 5000 0.000621478
135 1805 5000 0.000621478
90 1900 5000 0.000209844
135 1900 5000 0.000209844
135 1805 5000 0.000621478
180 1805 5000 0.000577229
135 1900 5000 0.000209844
180 1900 5000 0.000186193
180 1520 5000 0.000162493
225 1520 5000 0.000162493
180 1615 5000 0.000722056
225 1615 5000 0.000722056
225 1520 5000 0.000162493
270 1520 5000 0.00061556
225 1615 5000 0.000722056
270 1615 5000 0.000866382
180 1615 5000 0.000722056
225 1615 5000 0.000722056
180 1710 5000 0.000199997
225 1710 5000 0.000199997
225 1615 5000 0.000722056
270 1615 5000 0.000866382
225 1710 5000 0.000199997
270 1710 5000 1.85218e-05
270 1520 5000 0.00061556
315 1520 5000 0.00061556
270 1615 5000 0.000866382
315 1615 5000 0.000866382
315 1520 5000 0.00061556
360 1520 5000 0.00012382
315 1615 5000 0.000866382
360 1615 5000 0.000975522
270 1615 5000 0.000866382
315 1615 5000 0.000866382
270 1710 5000 1.85218e-05
315 1710 5000 1.85218e-05
315 1615 5000 0.000866382
360 1615 5000 0.000975522
315 1710 5000 1.85218e-05
360 1710 5000 0.000793698
180 1710 5000 0.000199997
225 1710 5000 0.000199997
180 1805 5000 0.000577229
225 1805 5000 0.000577229
225 1710 5000 0.000199997
270 1710 5000 1.85218e-05
225 1805 5000 0.000577229
270 1805 5000 0.000237893
180 1805 5000 0.000577229
225 1805 5000 0.000577229
180 1900 5000 0.000186193
225 1900 5000 0.000186193
225 1805 5000 0.000577229
270 1805 5000 0.000237893
225 1900 5000 0.000186193
270 1900 5000 0.000944372
270 1710 5000 1.85218e-05
315 1710 5000 1.85218e-05
270 1805 5000 0.000237893
315 1805 5000 0.000237893
315 1710 5000 1.85218e-05
360 1710 5000 0.000793698
315 1805 5000 0.000237893
360 1805 5000 0.000934214
270 1805 5000 0.000237893
315 1805 5000 0.000237893
270 1900 5000 0.000944372
315 1900 5000 0.000944372
315 1805 5000 0.000237893
360 1805 5000 0.000934214
315 1900 5000 0.000944372
360 1900 5000 0.000739551
360 1520 5000 0.00012382
405 1520 5000 0.00012382
360 1615 5000 0.000975522
405 1615 5000 0.000975522
405 1520 5000 0.00012382
450 1520 5000 0
405 1615 5000 0.000975522
450 1615 5000 0
360 1615 5000 0.000975522
405 1615 5000 0.000975522
360 1710 5000 0.000793698
405 1710 5000 0.000793698
405 1615 5000 0.000975522
450 1615 5000 0
405 1710 5000 0.000793698
450 1710 5000 0
450 1520 5000 0
495 1520 5000 0.000848008
450 1615 5000 0
495 1615 5000 0.000855803
495 1520 5000 0.000848008
540 1520 5000 0.000848008
495 1615 5000 0.000855803
540 1615 5000 0.000855803
450 1615 5000 0
495 1615 5000 0.000855803
450 1710 5000 0
495 1710 5000 0.000223925
495 1615 5000 0.000855803
540 1615 5000 0.000855803
495 1710 5000 0.000223925
540 1710 5000 0.000223925
360 1710 5000 0.000793698
405 1710 5000 0.000793698
360 1805 5000 0.000934214
405 1805 5000 0.000934214
405 1710 5000 0.000793698
450 1710 5000 0
405 1805 5000 0.000934214
450 1805 5000 0
360 1805 5000 0.000934214
405 1805 5000 0.000934214
360 1900 5000 0.000739551
405 1900 5000 0.000739551
405 1805 5000 0.000934214
450 1805 5000 0
405 1900 5000 0.000739551
450 1900 5000 0
450 1710 5000 0
495 1710 5000 0.000223925
450 1805 5000 0
495 1805 5000 0.000613966
495 1710 5000 0.000223925
540 1710 5000 0.000223925
495 1805 5000 0.000613966
540 1805 5000 0.000613966
450 1805 5000 0
495 1805 5000 0.000613966
450 1900 5000 0
495 1900 5000 0.000490459
495 1805 5000 0.000613966
540 1805 5000 0.000613966
495 1900 5000 0.000490459
540 1900 5000 0.000490459
540 1520 5000 0.000848008
585 1520 5000 0.000807319
540 1615 5000 0.000855803
585 1615 5000 1.17141e-05
585 1520 5000 0.000807319
630 1520 5000 0.000807319
585 1615 5000 1.17141e-05
630 1615 5000 1.17141e-05
540 1615 5000 0.000855803
585 1615 5000 1.17141e-05
540 1710 5000 0.000223925
585 1710 5000 0.000345352
585 1615 5000 1.17141e-05
630 1615 5000 1.17141e-05
585 1710 5000 0.000345352
630 1710 5000 0.000345352
630 1520 5000 0.000807319
675 1520 5000 0.000569101
630 1615 5000 1.17141e-05
675 1615 5000 0.000359978
675 1520 5000 0.000569101
720 1520 5000 0.000569101
675 1615 5000 0.000359978
720 1615 5000 0.000359978
630 1615 5000 1.17141e-05
675 1615 5000 0.000359978
630 1710 5000 0.000345352
675 1710 5000 0.000928081
675 1615 5000 0.000359978
720 1615 5000 0.000359978
675 1710 5000 0.000928081
720 1710 5000 0.000928081
540 1710 5000 0.000223925
585 1710 5000 0.000345352
540 1805 5000 0.000613966
585 1805 5000 0.000535633
585 1710 5000 0.000345352
630 1710 5000 0.000345352
585 1805 5000 0.000535633
630 1805 5000 0.000535633
540 1805 5000 0.000613966
585 1805 5000 0.000535633
540 1900 5000 0.000490459
585 1900 5000 0.000227415
585 1805 5000 0.000535633
630 1805 5000 0.000535633
585 1900 5000 0.000227415
630 1900 5000 0.000227415
630 1710 5000 0.000345352
675 1710 5000 0.000928081
630 1805 5000 0.000535633
675 1805 5000 0.00058991
675 1710 5000 0.000928081
720 1710 5000 0.000928081
675 1805 5000 0.00058991
720 1805 5000 0.00058991
630 1805 5000 0.000535633
675 1805 5000 0.00058991
630 1900 5000 0.000227415
675 1900 5000 0.000254356
675 1805 5000 0.00058991
720 1805 5000 0.00058991
675 1900 5000 0.000254356
720 1900 5000 0.000254356
720 1520 5000 0.000569101
765 1520 5000 0.000407183
720 1615 5000 0.000359978
765 1615 5000 0.000729991
765 1520 5000 0.000407183
810 1520 5000 0.000407183
765 1615 5000 0.000729991
810 1615 5000 0.000729991
720 1615 5000 0.000359978
765 1615 5000 0.000729991
720 1710 5000 0.000928081
765 1710 5000 0.000704414
765 1615 5000 0.000729991
810 1615 5000 0.000729991
765 1710 5000 0.000704414
810 1710 5000 0.000704414
810 1520 5000 0.000407183
855 1520 5000 6.9167e-05
810 1615 5000 0.000729991
855 1615 5000 0.00017163
855 1520 5000 6.9167e-05
900 1520 5000 6.9167e-05
855 1615 5000 0.00017163
900 1615 5000 0.00017163
810 1615 5000 0.000729991
855 1615 5000 0.00017163
810 1710 5000 0.000704414
855 1710 5000 3.18389e-05
855 1615 5000 0.00017163
900 1615 5000 0.00017163
855 1710 5000 3.18389e-05
900 1710 5000 3.18389e-05
720 1710 5000 0.000928081
765 1710 5000 0.000704414
720 1805 5000 0.00058991
765 1805 5000 0.000730122
765 1710 5000 0.000704414
810 1710 5000 0.000704414
765 1805 5000 0.000730122
810 1805 5000 0.000730122
720 1805 5000 0.00058991
765 1805 5000 0.000730122
720 1900 5000 0.000254356
765 1900 5000 5.80292e-05
765 1805 5000 0.000730122
810 1805 5000 0.000730122
765 1900 5000 5.80292e-05
810 1900 5000 5.80292e-05
810 1710 5000 0.000704414
855 1710 5000 3.18389e-05
810 1805 5000 0.000730122
855 1805 5000 0.000311945
855 1710 5000 3.18389e-05
900 1710 5000 3.18389e-05
855 1805 5000 0.000311945
900 1805 5000 0.000311945
810 1805 5000 0.000730122
855 1805 5000 0.000311945
810 1900 5000 5.80292e-05
855 1900 5000 0.000434417
855 1805 5000 0.000311945
900 1805 5000 0.000311945
855 1900 5000 0.000434417
900 1900 5000 0.000434417
