# x y topography
0 2.01768 0.0176822
0.03125 2.01803 0.0180324
0.03125 2.01803 0.0180324
0.0625 2.01877 0.0187666
0.0625 2.01877 0.0187666
0.09375 2.01987 0.0198664
0.09375 2.01987 0.0198664
0.125 2.0213 0.0213044
0.125 2.0213 0.0213044
0.15625 2.02305 0.0230456
0.15625 2.02305 0.0230456
0.1875 2.02505 0.0250498
0.1875 2.02505 0.0250498
0.21875 2.02727 0.0272731
0.21875 2.02727 0.0272731
0.25 2.02967 0.0296706
0.25 2.02967 0.0296706
0.28125 2.0322 0.032198
0.28125 2.0322 0.032198
0.3125 2.03481 0.034813
0.3125 2.03481 0.034813
0.34375 2.03748 0.0374765
0.34375 2.03748 0.0374765
0.375 2.04015 0.0401537
0.375 2.04015 0.0401537
0.40625 2.04281 0.0428137
0.40625 2.04281 0.0428137
0.4375 2.04543 0.0454302
0.4375 2.04543 0.0454302
0.46875 2.04798 0.0479811
0.46875 2.04798 0.0479811
0.5 2.05045 0.0504477
0.5 2.05045 0.0504477
0.53125 2.05281 0.0528148
0.53125 2.05281 0.0528148
0.5625 2.05507 0.0550696
0.5625 2.05507 0.0550696
0.59375 2.0572 0.057202
0.59375 2.0572 0.057202
0.625 2.0592 0.0592031
0.625 2.0592 0.0592031
0.65625 2.06107 0.0610658
0.65625 2.06107 0.0610658
0.6875 2.06278 0.062784
0.6875 2.06278 0.062784
0.71875 2.06435 0.0643527
0.71875 2.06435 0.0643527
0.75 2.06577 0.0657673
0.75 2.06577 0.0657673
0.78125 2.06702 0.067024
0.78125 2.06702 0.067024
0.8125 2.06812 0.0681196
0.8125 2.06812 0.0681196
0.84375 2.06905 0.0690512
0.84375 2.06905 0.0690512
0.875 2.06982 0.0698166
0.875 2.06982 0.0698166
0.90625 2.07041 0.0704139
0.90625 2.07041 0.0704139
0.9375 2.07084 0.0708416
0.9375 2.07084 0.0708416
0.96875 2.0711 0.0710986
0.96875 2.0711 0.0710986
1 2.07118 0.0711843
1 2.07118 0.0711843
1.03125 2.0711 0.0710986
1.03125 2.0711 0.0710986
1.0625 2.07084 0.0708416
1.0625 2.07084 0.0708416
1.09375 2.07041 0.0704139
1.09375 2.07041 0.0704139
1.125 2.06982 0.0698166
1.125 2.06982 0.0698166
1.15625 2.06905 0.0690512
1.15625 2.06905 0.0690512
1.1875 2.06812 0.0681196
1.1875 2.06812 0.0681196
1.21875 2.06702 0.067024
1.21875 2.06702 0.067024
1.25 2.06577 0.0657673
1.25 2.06577 0.0657673
1.28125 2.06435 0.0643527
1.28125 2.06435 0.0643527
1.3125 2.06278 0.062784
1.3125 2.06278 0.062784
1.34375 2.06107 0.0610658
1.34375 2.06107 0.0610658
1.375 2.0592 0.0592031
1.375 2.0592 0.0592031
1.40625 2.0572 0.057202
1.40625 2.0572 0.057202
1.4375 2.05507 0.0550696
1.4375 2.05507 0.0550696
1.46875 2.05281 0.0528148
1.46875 2.05281 0.0528148
1.5 2.05045 0.0504477
1.5 2.05045 0.0504477
1.53125 2.04798 0.0479811
1.53125 2.04798 0.0479811
1.5625 2.04543 0.0454302
1.5625 2.04543 0.0454302
1.59375 2.04281 0.0428137
1.59375 2.04281 0.0428137
1.625 2.04015 0.0401537
1.625 2.04015 0.0401537
1.65625 2.03748 0.0374765
1.65625 2.03748 0.0374765
1.6875 2.03481 0.034813
1.6875 2.03481 0.034813
1.71875 2.0322 0.032198
1.71875 2.0322 0.032198
1.75 2.02967 0.0296706
1.75 2.02967 0.0296706
1.78125 2.02727 0.0272731
1.78125 2.02727 0.0272731
1.8125 2.02505 0.0250498
1.8125 2.02505 0.0250498
1.84375 2.02305 0.0230456
1.84375 2.02305 0.0230456
1.875 2.0213 0.0213044
1.875 2.0213 0.0213044
1.90625 2.01987 0.0198664
1.90625 2.01987 0.0198664
1.9375 2.01877 0.0187666
1.9375 2.01877 0.0187666
1.96875 2.01803 0.0180324
1.96875 2.01803 0.0180324
2 2.01768 0.0176822
