# x y topography
0 2.01269 0.0126942
0.03125 2.01318 0.0131793
0.03125 2.01318 0.0131793
0.0625 2.01422 0.0142164
0.0625 2.01422 0.0142164
0.09375 2.01576 0.0157599
0.09375 2.01576 0.0157599
0.125 2.01774 0.017745
0.125 2.01774 0.017745
0.15625 2.02009 0.0200944
0.15625 2.02009 0.0200944
0.1875 2.02273 0.0227263
0.1875 2.02273 0.0227263
0.21875 2.02556 0.0255609
0.21875 2.02556 0.0255609
0.25 2.02853 0.0285258
0.25 2.02853 0.0285258
0.28125 2.03156 0.0315588
0.28125 2.03156 0.0315588
0.3125 2.03461 0.0346094
0.3125 2.03461 0.0346094
0.34375 2.03764 0.0376379
0.34375 2.03764 0.0376379
0.375 2.04061 0.040614
0.375 2.04061 0.040614
0.40625 2.04352 0.0435154
0.40625 2.04352 0.0435154
0.4375 2.04633 0.0463253
0.4375 2.04633 0.0463253
0.46875 2.04903 0.0490308
0.46875 2.04903 0.0490308
0.5 2.05162 0.0516221
0.5 2.05162 0.0516221
0.53125 2.05409 0.054091
0.53125 2.05409 0.054091
0.5625 2.05643 0.0564306
0.5625 2.05643 0.0564306
0.59375 2.05863 0.0586347
0.59375 2.05863 0.0586347
0.625 2.0607 0.0606977
0.625 2.0607 0.0606977
0.65625 2.06261 0.0626145
0.65625 2.06261 0.0626145
0.6875 2.06438 0.0643806
0.6875 2.06438 0.0643806
0.71875 2.06599 0.0659915
0.71875 2.06599 0.0659915
0.75 2.06744 0.0674435
0.75 2.06744 0.0674435
0.78125 2.06873 0.068733
0.78125 2.06873 0.068733
0.8125 2.06986 0.069857
0.8125 2.06986 0.069857
0.84375 2.07081 0.0708126
0.84375 2.07081 0.0708126
0.875 2.0716 0.0715977
0.875 2.0716 0.0715977
0.90625 2.07221 0.0722102
0.90625 2.07221 0.0722102
0.9375 2.07265 0.0726488
0.9375 2.07265 0.0726488
0.96875 2.07291 0.0729124
0.96875 2.07291 0.0729124
1 2.073 0.0730003
1 2.073 0.0730003
1.03125 2.07291 0.0729124
1.03125 2.07291 0.0729124
1.0625 2.07265 0.0726488
1.0625 2.07265 0.0726488
1.09375 2.07221 0.0722102
1.09375 2.07221 0.0722102
1.125 2.0716 0.0715977
1.125 2.0716 0.0715977
1.15625 2.07081 0.0708126
1.15625 2.07081 0.0708126
1.1875 2.06986 0.069857
1.1875 2.06986 0.069857
1.21875 2.06873 0.068733
1.21875 2.06873 0.068733
1.25 2.06744 0.0674435
1.25 2.06744 0.0674435
1.28125 2.06599 0.0659915
1.28125 2.06599 0.0659915
1.3125 2.06438 0.0643806
1.3125 2.06438 0.0643806
1.34375 2.06261 0.0626145
1.34375 2.06261 0.0626145
1.375 2.0607 0.0606977
1.375 2.0607 0.0606977
1.40625 2.05863 0.0586347
1.40625 2.05863 0.0586347
1.4375 2.05643 0.0564306
1.4375 2.05643 0.0564306
1.46875 2.05409 0.054091
1.46875 2.05409 0.054091
1.5 2.05162 0.0516221
1.5 2.05162 0.0516221
1.53125 2.04903 0.0490308
1.53125 2.04903 0.0490308
1.5625 2.04633 0.0463253
1.5625 2.04633 0.0463253
1.59375 2.04352 0.0435154
1.59375 2.04352 0.0435154
1.625 2.04061 0.040614
1.625 2.04061 0.040614
1.65625 2.03764 0.0376379
1.65625 2.03764 0.0376379
1.6875 2.03461 0.0346094
1.6875 2.03461 0.0346094
1.71875 2.03156 0.0315588
1.71875 2.03156 0.0315588
1.75 2.02853 0.0285258
1.75 2.02853 0.0285258
1.78125 2.02556 0.0255609
1.78125 2.02556 0.0255609
1.8125 2.02273 0.0227263
1.8125 2.02273 0.0227263
1.84375 2.02009 0.0200944
1.84375 2.02009 0.0200944
1.875 2.01774 0.017745
1.875 2.01774 0.017745
1.90625 2.01576 0.0157599
1.90625 2.01576 0.0157599
1.9375 2.01422 0.0142164
1.9375 2.01422 0.0142164
1.96875 2.01318 0.0131793
1.96875 2.01318 0.0131793
2 2.01269 0.0126942
