# x y topography
0 2.01574 0.0157436
0.03125 2.01614 0.0161376
0.03125 2.01614 0.0161376
0.0625 2.01697 0.016971
0.0625 2.01697 0.016971
0.09375 2.01822 0.0182184
0.09375 2.01822 0.0182184
0.125 2.01984 0.0198423
0.125 2.01984 0.0198423
0.15625 2.0218 0.0217961
0.15625 2.0218 0.0217961
0.1875 2.02403 0.0240271
0.1875 2.02403 0.0240271
0.21875 2.02648 0.0264797
0.21875 2.02648 0.0264797
0.25 2.0291 0.0290992
0.25 2.0291 0.0290992
0.28125 2.03183 0.0318332
0.28125 2.03183 0.0318332
0.3125 2.03463 0.0346343
0.3125 2.03463 0.0346343
0.34375 2.03746 0.0374608
0.34375 2.03746 0.0374608
0.375 2.04028 0.0402772
0.375 2.04028 0.0402772
0.40625 2.04305 0.0430538
0.40625 2.04305 0.0430538
0.4375 2.04577 0.0457665
0.4375 2.04577 0.0457665
0.46875 2.0484 0.0483958
0.46875 2.0484 0.0483958
0.5 2.05093 0.0509262
0.5 2.05093 0.0509262
0.53125 2.05335 0.0533452
0.53125 2.05335 0.0533452
0.5625 2.05564 0.0556426
0.5625 2.05564 0.0556426
0.59375 2.05781 0.0578103
0.59375 2.05781 0.0578103
0.625 2.05984 0.0598411
0.625 2.05984 0.0598411
0.65625 2.06173 0.0617293
0.65625 2.06173 0.0617293
0.6875 2.06347 0.0634694
0.6875 2.06347 0.0634694
0.71875 2.06506 0.0650572
0.71875 2.06506 0.0650572
0.75 2.06649 0.0664884
0.75 2.06649 0.0664884
0.78125 2.06776 0.0677595
0.78125 2.06776 0.0677595
0.8125 2.06887 0.0688675
0.8125 2.06887 0.0688675
0.84375 2.06981 0.0698095
0.84375 2.06981 0.0698095
0.875 2.07058 0.0705835
0.875 2.07058 0.0705835
0.90625 2.07119 0.0711873
0.90625 2.07119 0.0711873
0.9375 2.07162 0.0716197
0.9375 2.07162 0.0716197
0.96875 2.07188 0.0718796
0.96875 2.07188 0.0718796
1 2.07197 0.0719663
1 2.07197 0.0719663
1.03125 2.07188 0.0718796
1.03125 2.07188 0.0718796
1.0625 2.07162 0.0716197
1.0625 2.07162 0.0716197
1.09375 2.07119 0.0711873
1.09375 2.07119 0.0711873
1.125 2.07058 0.0705835
1.125 2.07058 0.0705835
1.15625 2.06981 0.0698095
1.15625 2.06981 0.0698095
1.1875 2.06887 0.0688675
1.1875 2.06887 0.0688675
1.21875 2.06776 0.0677595
1.21875 2.06776 0.0677595
1.25 2.06649 0.0664884
1.25 2.06649 0.0664884
1.28125 2.06506 0.0650572
1.28125 2.06506 0.0650572
1.3125 2.06347 0.0634694
1.3125 2.06347 0.0634694
1.34375 2.06173 0.0617293
1.34375 2.06173 0.0617293
1.375 2.05984 0.0598411
1.375 2.05984 0.0598411
1.40625 2.05781 0.0578103
1.40625 2.05781 0.0578103
1.4375 2.05564 0.0556426
1.4375 2.05564 0.0556426
1.46875 2.05335 0.0533452
1.46875 2.05335 0.0533452
1.5 2.05093 0.0509262
1.5 2.05093 0.0509262
1.53125 2.0484 0.0483958
1.53125 2.0484 0.0483958
1.5625 2.04577 0.0457665
1.5625 2.04577 0.0457665
1.59375 2.04305 0.0430538
1.59375 2.04305 0.0430538
1.625 2.04028 0.0402772
1.625 2.04028 0.0402772
1.65625 2.03746 0.0374608
1.65625 2.03746 0.0374608
1.6875 2.03463 0.0346343
1.6875 2.03463 0.0346343
1.71875 2.03183 0.0318332
1.71875 2.03183 0.0318332
1.75 2.0291 0.0290992
1.75 2.0291 0.0290992
1.78125 2.02648 0.0264797
1.78125 2.02648 0.0264797
1.8125 2.02403 0.0240271
1.8125 2.02403 0.0240271
1.84375 2.0218 0.0217961
1.84375 2.0218 0.0217961
1.875 2.01984 0.0198423
1.875 2.01984 0.0198423
1.90625 2.01822 0.0182184
1.90625 2.01822 0.0182184
1.9375 2.01697 0.016971
1.9375 2.01697 0.016971
1.96875 2.01614 0.0161376
1.96875 2.01614 0.0161376
2 2.01574 0.0157436
