# x y topography
0 2.00421 0.00421063
0.03125 2.00545 0.00544813
0.03125 2.00545 0.00544813
0.0625 2.00793 0.00793364
0.0625 2.00793 0.00793364
0.09375 2.01113 0.0111309
0.09375 2.01113 0.0111309
0.125 2.01461 0.0146145
0.125 2.01461 0.0146145
0.15625 2.01816 0.0181634
0.15625 2.01816 0.0181634
0.1875 2.02169 0.021693
0.1875 2.02169 0.021693
0.21875 2.02517 0.0251749
0.21875 2.02517 0.0251749
0.25 2.0286 0.0285969
0.25 2.0286 0.0285969
0.28125 2.03195 0.03195
0.28125 2.03195 0.03195
0.3125 2.03523 0.0352261
0.3125 2.03523 0.0352261
0.34375 2.03842 0.0384174
0.34375 2.03842 0.0384174
0.375 2.04152 0.0415162
0.375 2.04152 0.0415162
0.40625 2.04451 0.0445149
0.40625 2.04451 0.0445149
0.4375 2.04741 0.0474064
0.4375 2.04741 0.0474064
0.46875 2.05018 0.0501837
0.46875 2.05018 0.0501837
0.5 2.05284 0.0528401
0.5 2.05284 0.0528401
0.53125 2.05537 0.0553692
0.53125 2.05537 0.0553692
0.5625 2.05776 0.0577649
0.5625 2.05776 0.0577649
0.59375 2.06002 0.0600214
0.59375 2.06002 0.0600214
0.625 2.06213 0.0621334
0.625 2.06213 0.0621334
0.65625 2.0641 0.0640956
0.65625 2.0641 0.0640956
0.6875 2.0659 0.0659035
0.6875 2.0659 0.0659035
0.71875 2.06755 0.0675526
0.71875 2.06755 0.0675526
0.75 2.06904 0.0690389
0.75 2.06904 0.0690389
0.78125 2.07036 0.0703589
0.78125 2.07036 0.0703589
0.8125 2.07151 0.0715094
0.8125 2.07151 0.0715094
0.84375 2.07249 0.0724877
0.84375 2.07249 0.0724877
0.875 2.07329 0.0732913
0.875 2.07329 0.0732913
0.90625 2.07392 0.0739184
0.90625 2.07392 0.0739184
0.9375 2.07437 0.0743673
0.9375 2.07437 0.0743673
0.96875 2.07464 0.0746372
0.96875 2.07464 0.0746372
1 2.07473 0.0747272
1 2.07473 0.0747272
1.03125 2.07464 0.0746372
1.03125 2.07464 0.0746372
1.0625 2.07437 0.0743673
1.0625 2.07437 0.0743673
1.09375 2.07392 0.0739184
1.09375 2.07392 0.0739184
1.125 2.07329 0.0732913
1.125 2.07329 0.0732913
1.15625 2.07249 0.0724877
1.15625 2.07249 0.0724877
1.1875 2.07151 0.0715094
1.1875 2.07151 0.0715094
1.21875 2.07036 0.0703589
1.21875 2.07036 0.0703589
1.25 2.06904 0.0690389
1.25 2.06904 0.0690389
1.28125 2.06755 0.0675526
1.28125 2.06755 0.0675526
1.3125 2.0659 0.0659035
1.3125 2.0659 0.0659035
1.34375 2.0641 0.0640956
1.34375 2.0641 0.0640956
1.375 2.06213 0.0621334
1.375 2.06213 0.0621334
1.40625 2.06002 0.0600214
1.40625 2.06002 0.0600214
1.4375 2.05776 0.0577649
1.4375 2.05776 0.0577649
1.46875 2.05537 0.0553692
1.46875 2.05537 0.0553692
1.5 2.05284 0.0528401
1.5 2.05284 0.0528401
1.53125 2.05018 0.0501837
1.53125 2.05018 0.0501837
1.5625 2.04741 0.0474064
1.5625 2.04741 0.0474064
1.59375 2.04451 0.0445149
1.59375 2.04451 0.0445149
1.625 2.04152 0.0415162
1.625 2.04152 0.0415162
1.65625 2.03842 0.0384174
1.65625 2.03842 0.0384174
1.6875 2.03523 0.0352261
1.6875 2.03523 0.0352261
1.71875 2.03195 0.03195
1.71875 2.03195 0.03195
1.75 2.0286 0.0285969
1.75 2.0286 0.0285969
1.78125 2.02517 0.0251749
1.78125 2.02517 0.0251749
1.8125 2.02169 0.021693
1.8125 2.02169 0.021693
1.84375 2.01816 0.0181634
1.84375 2.01816 0.0181634
1.875 2.01461 0.0146145
1.875 2.01461 0.0146145
1.90625 2.01113 0.0111309
1.90625 2.01113 0.0111309
1.9375 2.00793 0.00793364
1.9375 2.00793 0.00793364
1.96875 2.00545 0.00544813
1.96875 2.00545 0.00544813
2 2.00421 0.00421063
