# x y topography
0 2.01491 0.0149085
0.03125 2.01532 0.0153242
0.03125 2.01532 0.0153242
0.0625 2.01621 0.0162067
0.0625 2.01621 0.0162067
0.09375 2.01753 0.0175263
0.09375 2.01753 0.0175263
0.125 2.01924 0.0192398
0.125 2.01924 0.0192398
0.15625 2.02129 0.0212941
0.15625 2.02129 0.0212941
0.1875 2.02363 0.0236297
0.1875 2.02363 0.0236297
0.21875 2.02619 0.0261852
0.21875 2.02619 0.0261852
0.25 2.0289 0.0289009
0.25 2.0289 0.0289009
0.28125 2.03172 0.0317215
0.28125 2.03172 0.0317215
0.3125 2.0346 0.0345977
0.3125 2.0346 0.0345977
0.34375 2.03749 0.0374873
0.34375 2.03749 0.0374873
0.375 2.04036 0.0403554
0.375 2.04036 0.0403554
0.40625 2.04317 0.0431736
0.40625 2.04317 0.0431736
0.4375 2.04592 0.0459194
0.4375 2.04592 0.0459194
0.46875 2.04857 0.048575
0.46875 2.04857 0.048575
0.5 2.05113 0.0511263
0.5 2.05113 0.0511263
0.53125 2.05356 0.0535622
0.53125 2.05356 0.0535622
0.5625 2.05587 0.0558736
0.5625 2.05587 0.0558736
0.59375 2.05805 0.0580531
0.59375 2.05805 0.0580531
0.625 2.06009 0.0600941
0.625 2.06009 0.0600941
0.65625 2.06199 0.0619911
0.65625 2.06199 0.0619911
0.6875 2.06374 0.0637392
0.6875 2.06374 0.0637392
0.71875 2.06533 0.0653339
0.71875 2.06533 0.0653339
0.75 2.06677 0.0667714
0.75 2.06677 0.0667714
0.78125 2.06805 0.068048
0.78125 2.06805 0.068048
0.8125 2.06916 0.0691607
0.8125 2.06916 0.0691607
0.84375 2.07011 0.0701068
0.84375 2.07011 0.0701068
0.875 2.07088 0.070884
0.875 2.07088 0.070884
0.90625 2.07149 0.0714905
0.90625 2.07149 0.0714905
0.9375 2.07192 0.0719247
0.9375 2.07192 0.0719247
0.96875 2.07219 0.0721857
0.96875 2.07219 0.0721857
1 2.07227 0.0722727
1 2.07227 0.0722727
1.03125 2.07219 0.0721857
1.03125 2.07219 0.0721857
1.0625 2.07192 0.0719247
1.0625 2.07192 0.0719247
1.09375 2.07149 0.0714905
1.09375 2.07149 0.0714905
1.125 2.07088 0.070884
1.125 2.07088 0.070884
1.15625 2.07011 0.0701068
1.15625 2.07011 0.0701068
1.1875 2.06916 0.0691607
1.1875 2.06916 0.0691607
1.21875 2.06805 0.068048
1.21875 2.06805 0.068048
1.25 2.06677 0.0667714
1.25 2.06677 0.0667714
1.28125 2.06533 0.0653339
1.28125 2.06533 0.0653339
1.3125 2.06374 0.0637392
1.3125 2.06374 0.0637392
1.34375 2.06199 0.0619911
1.34375 2.06199 0.0619911
1.375 2.06009 0.0600941
1.375 2.06009 0.0600941
1.40625 2.05805 0.0580531
1.40625 2.05805 0.0580531
1.4375 2.05587 0.0558736
1.4375 2.05587 0.0558736
1.46875 2.05356 0.0535622
1.46875 2.05356 0.0535622
1.5 2.05113 0.0511263
1.5 2.05113 0.0511263
1.53125 2.04857 0.048575
1.53125 2.04857 0.048575
1.5625 2.04592 0.0459194
1.5625 2.04592 0.0459194
1.59375 2.04317 0.0431736
1.59375 2.04317 0.0431736
1.625 2.04036 0.0403554
1.625 2.04036 0.0403554
1.65625 2.03749 0.0374873
1.65625 2.03749 0.0374873
1.6875 2.0346 0.0345977
1.6875 2.0346 0.0345977
1.71875 2.03172 0.0317215
1.71875 2.03172 0.0317215
1.75 2.0289 0.0289009
1.75 2.0289 0.0289009
1.78125 2.02619 0.0261852
1.78125 2.02619 0.0261852
1.8125 2.02363 0.0236297
1.8125 2.02363 0.0236297
1.84375 2.02129 0.0212941
1.84375 2.02129 0.0212941
1.875 2.01924 0.0192398
1.875 2.01924 0.0192398
1.90625 2.01753 0.0175263
1.90625 2.01753 0.0175263
1.9375 2.01621 0.0162067
1.9375 2.01621 0.0162067
1.96875 2.01532 0.0153242
1.96875 2.01532 0.0153242
2 2.01491 0.0149085
