# x y topography
0 2.0117 0.0116967
0.03125 2.01222 0.0122203
0.03125 2.01222 0.0122203
0.0625 2.01334 0.0133421
0.0625 2.01334 0.0133421
0.09375 2.01501 0.0150057
0.09375 2.01501 0.0150057
0.125 2.01713 0.0171318
0.125 2.01713 0.0171318
0.15625 2.01963 0.0196284
0.15625 2.01963 0.0196284
0.1875 2.0224 0.0224008
0.1875 2.0224 0.0224008
0.21875 2.02536 0.0253602
0.21875 2.02536 0.0253602
0.25 2.02843 0.0284293
0.25 2.02843 0.0284293
0.28125 2.03155 0.0315451
0.28125 2.03155 0.0315451
0.3125 2.03466 0.0346588
0.3125 2.03466 0.0346588
0.34375 2.03773 0.0377339
0.34375 2.03773 0.0377339
0.375 2.04074 0.0407442
0.375 2.04074 0.0407442
0.40625 2.04367 0.0436707
0.40625 2.04367 0.0436707
0.4375 2.0465 0.0464996
0.4375 2.0465 0.0464996
0.46875 2.04922 0.0492202
0.46875 2.04922 0.0492202
0.5 2.05182 0.0518241
0.5 2.05182 0.0518241
0.53125 2.0543 0.0543039
0.53125 2.0543 0.0543039
0.5625 2.05665 0.0566533
0.5625 2.05665 0.0566533
0.59375 2.05887 0.0588663
0.59375 2.05887 0.0588663
0.625 2.06094 0.0609376
0.625 2.06094 0.0609376
0.65625 2.06286 0.0628621
0.65625 2.06286 0.0628621
0.6875 2.06464 0.0646351
0.6875 2.06464 0.0646351
0.71875 2.06625 0.0662525
0.71875 2.06625 0.0662525
0.75 2.06771 0.0677102
0.75 2.06771 0.0677102
0.78125 2.069 0.0690048
0.78125 2.069 0.0690048
0.8125 2.07013 0.0701332
0.8125 2.07013 0.0701332
0.84375 2.07109 0.0710926
0.84375 2.07109 0.0710926
0.875 2.07188 0.0718808
0.875 2.07188 0.0718808
0.90625 2.0725 0.0724958
0.90625 2.0725 0.0724958
0.9375 2.07294 0.0729361
0.9375 2.07294 0.0729361
0.96875 2.0732 0.0732007
0.96875 2.0732 0.0732007
1 2.07329 0.073289
1 2.07329 0.073289
1.03125 2.0732 0.0732007
1.03125 2.0732 0.0732007
1.0625 2.07294 0.0729361
1.0625 2.07294 0.0729361
1.09375 2.0725 0.0724958
1.09375 2.0725 0.0724958
1.125 2.07188 0.0718808
1.125 2.07188 0.0718808
1.15625 2.07109 0.0710926
1.15625 2.07109 0.0710926
1.1875 2.07013 0.0701332
1.1875 2.07013 0.0701332
1.21875 2.069 0.0690048
1.21875 2.069 0.0690048
1.25 2.06771 0.0677102
1.25 2.06771 0.0677102
1.28125 2.06625 0.0662525
1.28125 2.06625 0.0662525
1.3125 2.06464 0.0646351
1.3125 2.06464 0.0646351
1.34375 2.06286 0.0628621
1.34375 2.06286 0.0628621
1.375 2.06094 0.0609376
1.375 2.06094 0.0609376
1.40625 2.05887 0.0588663
1.40625 2.05887 0.0588663
1.4375 2.05665 0.0566533
1.4375 2.05665 0.0566533
1.46875 2.0543 0.0543039
1.46875 2.0543 0.0543039
1.5 2.05182 0.0518241
1.5 2.05182 0.0518241
1.53125 2.04922 0.0492202
1.53125 2.04922 0.0492202
1.5625 2.0465 0.0464996
1.5625 2.0465 0.0464996
1.59375 2.04367 0.0436707
1.59375 2.04367 0.0436707
1.625 2.04074 0.0407442
1.625 2.04074 0.0407442
1.65625 2.03773 0.0377339
1.65625 2.03773 0.0377339
1.6875 2.03466 0.0346588
1.6875 2.03466 0.0346588
1.71875 2.03155 0.0315451
1.71875 2.03155 0.0315451
1.75 2.02843 0.0284293
1.75 2.02843 0.0284293
1.78125 2.02536 0.0253602
1.78125 2.02536 0.0253602
1.8125 2.0224 0.0224008
1.8125 2.0224 0.0224008
1.84375 2.01963 0.0196284
1.84375 2.01963 0.0196284
1.875 2.01713 0.0171318
1.875 2.01713 0.0171318
1.90625 2.01501 0.0150057
1.90625 2.01501 0.0150057
1.9375 2.01334 0.0133421
1.9375 2.01334 0.0133421
1.96875 2.01222 0.0122203
1.96875 2.01222 0.0122203
2 2.0117 0.0116967
