# x y topography
0 2.0082 0.00820159
0.03125 2.00892 0.00892089
0.03125 2.00892 0.00892089
0.0625 2.01046 0.0104596
0.0625 2.01046 0.0104596
0.09375 2.01268 0.0126803
0.09375 2.01268 0.0126803
0.125 2.01541 0.015409
0.125 2.01541 0.015409
0.15625 2.01847 0.0184727
0.15625 2.01847 0.0184727
0.1875 2.02172 0.0217248
0.1875 2.02172 0.0217248
0.21875 2.02506 0.025057
0.21875 2.02506 0.025057
0.25 2.0284 0.0283972
0.25 2.0284 0.0283972
0.28125 2.0317 0.0317012
0.28125 2.0317 0.0317012
0.3125 2.03494 0.0349425
0.3125 2.03494 0.0349425
0.34375 2.0381 0.0381049
0.34375 2.0381 0.0381049
0.375 2.04118 0.0411775
0.375 2.04118 0.0411775
0.40625 2.04415 0.0441515
0.40625 2.04415 0.0441515
0.4375 2.04702 0.0470193
0.4375 2.04702 0.0470193
0.46875 2.04977 0.0497739
0.46875 2.04977 0.0497739
0.5 2.05241 0.0524086
0.5 2.05241 0.0524086
0.53125 2.05492 0.0549171
0.53125 2.05492 0.0549171
0.5625 2.05729 0.0572932
0.5625 2.05729 0.0572932
0.59375 2.05953 0.0595313
0.59375 2.05953 0.0595313
0.625 2.06163 0.061626
0.625 2.06163 0.061626
0.65625 2.06357 0.0635723
0.65625 2.06357 0.0635723
0.6875 2.06537 0.0653653
0.6875 2.06537 0.0653653
0.71875 2.067 0.067001
0.71875 2.067 0.067001
0.75 2.06848 0.0684752
0.75 2.06848 0.0684752
0.78125 2.06978 0.0697844
0.78125 2.06978 0.0697844
0.8125 2.07093 0.0709255
0.8125 2.07093 0.0709255
0.84375 2.0719 0.0718958
0.84375 2.0719 0.0718958
0.875 2.07269 0.0726928
0.875 2.07269 0.0726928
0.90625 2.07331 0.0733148
0.90625 2.07331 0.0733148
0.9375 2.07376 0.0737601
0.9375 2.07376 0.0737601
0.96875 2.07403 0.0740277
0.96875 2.07403 0.0740277
1 2.07412 0.074117
1 2.07412 0.074117
1.03125 2.07403 0.0740277
1.03125 2.07403 0.0740277
1.0625 2.07376 0.0737601
1.0625 2.07376 0.0737601
1.09375 2.07331 0.0733148
1.09375 2.07331 0.0733148
1.125 2.07269 0.0726928
1.125 2.07269 0.0726928
1.15625 2.0719 0.0718958
1.15625 2.0719 0.0718958
1.1875 2.07093 0.0709255
1.1875 2.07093 0.0709255
1.21875 2.06978 0.0697844
1.21875 2.06978 0.0697844
1.25 2.06848 0.0684752
1.25 2.06848 0.0684752
1.28125 2.067 0.067001
1.28125 2.067 0.067001
1.3125 2.06537 0.0653653
1.3125 2.06537 0.0653653
1.34375 2.06357 0.0635723
1.34375 2.06357 0.0635723
1.375 2.06163 0.061626
1.375 2.06163 0.061626
1.40625 2.05953 0.0595313
1.40625 2.05953 0.0595313
1.4375 2.05729 0.0572932
1.4375 2.05729 0.0572932
1.46875 2.05492 0.0549171
1.46875 2.05492 0.0549171
1.5 2.05241 0.0524086
1.5 2.05241 0.0524086
1.53125 2.04977 0.0497739
1.53125 2.04977 0.0497739
1.5625 2.04702 0.0470193
1.5625 2.04702 0.0470193
1.59375 2.04415 0.0441515
1.59375 2.04415 0.0441515
1.625 2.04118 0.0411775
1.625 2.04118 0.0411775
1.65625 2.0381 0.0381049
1.65625 2.0381 0.0381049
1.6875 2.03494 0.0349425
1.6875 2.03494 0.0349425
1.71875 2.0317 0.0317012
1.71875 2.0317 0.0317012
1.75 2.0284 0.0283972
1.75 2.0284 0.0283972
1.78125 2.02506 0.025057
1.78125 2.02506 0.025057
1.8125 2.02172 0.0217248
1.8125 2.02172 0.0217248
1.84375 2.01847 0.0184727
1.84375 2.01847 0.0184727
1.875 2.01541 0.015409
1.875 2.01541 0.015409
1.90625 2.01268 0.0126803
1.90625 2.01268 0.0126803
1.9375 2.01046 0.0104596
1.9375 2.01046 0.0104596
1.96875 2.00892 0.00892089
1.96875 2.00892 0.00892089
2 2.0082 0.00820159
