# x y topography
0 2.0013 0.00130436
0.03125 2.00378 0.0037833
0.03125 2.00378 0.0037833
0.0625 2.00735 0.00735011
0.0625 2.00735 0.00735011
0.09375 2.011 0.0109981
0.09375 2.011 0.0109981
0.125 2.01462 0.0146229
0.125 2.01462 0.0146229
0.15625 2.01821 0.0182124
0.15625 2.01821 0.0182124
0.1875 2.02176 0.0217581
0.1875 2.02176 0.0217581
0.21875 2.02525 0.0252514
0.21875 2.02525 0.0252514
0.25 2.02868 0.0286838
0.25 2.02868 0.0286838
0.28125 2.03205 0.0320472
0.28125 2.03205 0.0320472
0.3125 2.03533 0.0353333
0.3125 2.03533 0.0353333
0.34375 2.03853 0.0385343
0.34375 2.03853 0.0385343
0.375 2.04164 0.0416425
0.375 2.04164 0.0416425
0.40625 2.04465 0.0446503
0.40625 2.04465 0.0446503
0.4375 2.04755 0.0475506
0.4375 2.04755 0.0475506
0.46875 2.05034 0.0503363
0.46875 2.05034 0.0503363
0.5 2.053 0.0530008
0.5 2.053 0.0530008
0.53125 2.05554 0.0555376
0.53125 2.05554 0.0555376
0.5625 2.05794 0.0579406
0.5625 2.05794 0.0579406
0.59375 2.0602 0.060204
0.59375 2.0602 0.060204
0.625 2.06232 0.0623224
0.625 2.06232 0.0623224
0.65625 2.06429 0.0642906
0.65625 2.06429 0.0642906
0.6875 2.0661 0.0661039
0.6875 2.0661 0.0661039
0.71875 2.06776 0.067758
0.71875 2.06776 0.067758
0.75 2.06925 0.0692489
0.75 2.06925 0.0692489
0.78125 2.07057 0.0705729
0.78125 2.07057 0.0705729
0.8125 2.07173 0.0717269
0.8125 2.07173 0.0717269
0.84375 2.07271 0.0727082
0.84375 2.07271 0.0727082
0.875 2.07351 0.0735142
0.875 2.07351 0.0735142
0.90625 2.07414 0.0741432
0.90625 2.07414 0.0741432
0.9375 2.07459 0.0745935
0.9375 2.07459 0.0745935
0.96875 2.07486 0.0748642
0.96875 2.07486 0.0748642
1 2.07495 0.0749545
1 2.07495 0.0749545
1.03125 2.07486 0.0748642
1.03125 2.07486 0.0748642
1.0625 2.07459 0.0745935
1.0625 2.07459 0.0745935
1.09375 2.07414 0.0741432
1.09375 2.07414 0.0741432
1.125 2.07351 0.0735142
1.125 2.07351 0.0735142
1.15625 2.07271 0.0727082
1.15625 2.07271 0.0727082
1.1875 2.07173 0.0717269
1.1875 2.07173 0.0717269
1.21875 2.07057 0.0705729
1.21875 2.07057 0.0705729
1.25 2.06925 0.0692489
1.25 2.06925 0.0692489
1.28125 2.06776 0.067758
1.28125 2.06776 0.067758
1.3125 2.0661 0.0661039
1.3125 2.0661 0.0661039
1.34375 2.06429 0.0642906
1.34375 2.06429 0.0642906
1.375 2.06232 0.0623224
1.375 2.06232 0.0623224
1.40625 2.0602 0.060204
1.40625 2.0602 0.060204
1.4375 2.05794 0.0579406
1.4375 2.05794 0.0579406
1.46875 2.05554 0.0555376
1.46875 2.05554 0.0555376
1.5 2.053 0.0530008
1.5 2.053 0.0530008
1.53125 2.05034 0.0503363
1.53125 2.05034 0.0503363
1.5625 2.04755 0.0475506
1.5625 2.04755 0.0475506
1.59375 2.04465 0.0446503
1.59375 2.04465 0.0446503
1.625 2.04164 0.0416425
1.625 2.04164 0.0416425
1.65625 2.03853 0.0385343
1.65625 2.03853 0.0385343
1.6875 2.03533 0.0353333
1.6875 2.03533 0.0353333
1.71875 2.03205 0.0320472
1.71875 2.03205 0.0320472
1.75 2.02868 0.0286838
1.75 2.02868 0.0286838
1.78125 2.02525 0.0252514
1.78125 2.02525 0.0252514
1.8125 2.02176 0.0217581
1.8125 2.02176 0.0217581
1.84375 2.01821 0.0182124
1.84375 2.01821 0.0182124
1.875 2.01462 0.0146229
1.875 2.01462 0.0146229
1.90625 2.011 0.0109981
1.90625 2.011 0.0109981
1.9375 2.00735 0.00735011
1.9375 2.00735 0.00735011
1.96875 2.00378 0.0037833
1.96875 2.00378 0.0037833
2 2.0013 0.00130436
