# x y topography
0 2.01851 0.0185128
0.03125 2.01885 0.0188465
0.03125 2.01885 0.0188465
0.0625 2.01954 0.0195433
0.0625 2.01954 0.0195433
0.09375 2.02059 0.0205871
0.09375 2.02059 0.0205871
0.125 2.02195 0.0219535
0.125 2.02195 0.0219535
0.15625 2.02361 0.0236117
0.15625 2.02361 0.0236117
0.1875 2.02553 0.0255254
0.1875 2.02553 0.0255254
0.21875 2.02766 0.0276551
0.21875 2.02766 0.0276551
0.25 2.02996 0.0299596
0.25 2.02996 0.0299596
0.28125 2.0324 0.0323978
0.28125 2.0324 0.0323978
0.3125 2.03493 0.0349298
0.3125 2.03493 0.0349298
0.34375 2.03752 0.0375183
0.34375 2.03752 0.0375183
0.375 2.04013 0.040129
0.375 2.04013 0.040129
0.40625 2.04273 0.0427315
0.40625 2.04273 0.0427315
0.4375 2.0453 0.0452991
0.4375 2.0453 0.0452991
0.46875 2.04781 0.0478089
0.46875 2.04781 0.0478089
0.5 2.05024 0.0502413
0.5 2.05024 0.0502413
0.53125 2.05258 0.0525801
0.53125 2.05258 0.0525801
0.5625 2.05481 0.0548116
0.5625 2.05481 0.0548116
0.59375 2.05692 0.0569245
0.59375 2.05692 0.0569245
0.625 2.05891 0.0589095
0.625 2.05891 0.0589095
0.65625 2.06076 0.0607587
0.65625 2.06076 0.0607587
0.6875 2.06247 0.0624654
0.6875 2.06247 0.0624654
0.71875 2.06402 0.0640243
0.71875 2.06402 0.0640243
0.75 2.06543 0.0654305
0.75 2.06543 0.0654305
0.78125 2.06668 0.0666801
0.78125 2.06668 0.0666801
0.8125 2.06777 0.0677696
0.8125 2.06777 0.0677696
0.84375 2.0687 0.0686962
0.84375 2.0687 0.0686962
0.875 2.06946 0.0694576
0.875 2.06946 0.0694576
0.90625 2.07005 0.0700517
0.90625 2.07005 0.0700517
0.9375 2.07048 0.0704771
0.9375 2.07048 0.0704771
0.96875 2.07073 0.0707328
0.96875 2.07073 0.0707328
1 2.07082 0.0708181
1 2.07082 0.0708181
1.03125 2.07073 0.0707328
1.03125 2.07073 0.0707328
1.0625 2.07048 0.0704771
1.0625 2.07048 0.0704771
1.09375 2.07005 0.0700517
1.09375 2.07005 0.0700517
1.125 2.06946 0.0694576
1.125 2.06946 0.0694576
1.15625 2.0687 0.0686962
1.15625 2.0687 0.0686962
1.1875 2.06777 0.0677696
1.1875 2.06777 0.0677696
1.21875 2.06668 0.0666801
1.21875 2.06668 0.0666801
1.25 2.06543 0.0654305
1.25 2.06543 0.0654305
1.28125 2.06402 0.0640243
1.28125 2.06402 0.0640243
1.3125 2.06247 0.0624654
1.3125 2.06247 0.0624654
1.34375 2.06076 0.0607587
1.34375 2.06076 0.0607587
1.375 2.05891 0.0589095
1.375 2.05891 0.0589095
1.40625 2.05692 0.0569245
1.40625 2.05692 0.0569245
1.4375 2.05481 0.0548116
1.4375 2.05481 0.0548116
1.46875 2.05258 0.0525801
1.46875 2.05258 0.0525801
1.5 2.05024 0.0502413
1.5 2.05024 0.0502413
1.53125 2.04781 0.0478089
1.53125 2.04781 0.0478089
1.5625 2.0453 0.0452991
1.5625 2.0453 0.0452991
1.59375 2.04273 0.0427315
1.59375 2.04273 0.0427315
1.625 2.04013 0.040129
1.625 2.04013 0.040129
1.65625 2.03752 0.0375183
1.65625 2.03752 0.0375183
1.6875 2.03493 0.0349298
1.6875 2.03493 0.0349298
1.71875 2.0324 0.0323978
1.71875 2.0324 0.0323978
1.75 2.02996 0.0299596
1.75 2.02996 0.0299596
1.78125 2.02766 0.0276551
1.78125 2.02766 0.0276551
1.8125 2.02553 0.0255254
1.8125 2.02553 0.0255254
1.84375 2.02361 0.0236117
1.84375 2.02361 0.0236117
1.875 2.02195 0.0219535
1.875 2.02195 0.0219535
1.90625 2.02059 0.0205871
1.90625 2.02059 0.0205871
1.9375 2.01954 0.0195433
1.9375 2.01954 0.0195433
1.96875 2.01885 0.0188465
1.96875 2.01885 0.0188465
2 2.01851 0.0185128
