# x y topography
0 2.01334 0.0133383
0.03125 2.0138 0.0138012
0.03125 2.0138 0.0138012
0.0625 2.01479 0.0147891
0.0625 2.01479 0.0147891
0.09375 2.01626 0.0162619
0.09375 2.01626 0.0162619
0.125 2.01816 0.0181625
0.125 2.01816 0.0181625
0.15625 2.02042 0.0204215
0.15625 2.02042 0.0204215
0.1875 2.02296 0.0229646
0.1875 2.02296 0.0229646
0.21875 2.02572 0.0257177
0.21875 2.02572 0.0257177
0.25 2.02861 0.028612
0.25 2.02861 0.028612
0.28125 2.03159 0.0315866
0.28125 2.03159 0.0315866
0.3125 2.03459 0.0345909
0.3125 2.03459 0.0345909
0.34375 2.03758 0.0375837
0.34375 2.03758 0.0375837
0.375 2.04053 0.040533
0.375 2.04053 0.040533
0.40625 2.04341 0.0434143
0.40625 2.04341 0.0434143
0.4375 2.04621 0.0462088
0.4375 2.04621 0.0462088
0.46875 2.0489 0.0489025
0.46875 2.0489 0.0489025
0.5 2.05148 0.0514841
0.5 2.05148 0.0514841
0.53125 2.05394 0.0539449
0.53125 2.05394 0.0539449
0.5625 2.05628 0.0562773
0.5625 2.05628 0.0562773
0.59375 2.05847 0.058475
0.59375 2.05847 0.058475
0.625 2.06053 0.0605322
0.625 2.06053 0.0605322
0.65625 2.06244 0.0624437
0.65625 2.06244 0.0624437
0.6875 2.0642 0.0642049
0.6875 2.0642 0.0642049
0.71875 2.06581 0.0658115
0.71875 2.06581 0.0658115
0.75 2.06726 0.0672595
0.75 2.06726 0.0672595
0.78125 2.06855 0.0685455
0.78125 2.06855 0.0685455
0.8125 2.06967 0.0696664
0.8125 2.06967 0.0696664
0.84375 2.07062 0.0706194
0.84375 2.07062 0.0706194
0.875 2.0714 0.0714023
0.875 2.0714 0.0714023
0.90625 2.07201 0.0720132
0.90625 2.07201 0.0720132
0.9375 2.07245 0.0724506
0.9375 2.07245 0.0724506
0.96875 2.07271 0.0727135
0.96875 2.07271 0.0727135
1 2.0728 0.0728012
1 2.0728 0.0728012
1.03125 2.07271 0.0727135
1.03125 2.07271 0.0727135
1.0625 2.07245 0.0724506
1.0625 2.07245 0.0724506
1.09375 2.07201 0.0720132
1.09375 2.07201 0.0720132
1.125 2.0714 0.0714023
1.125 2.0714 0.0714023
1.15625 2.07062 0.0706194
1.15625 2.07062 0.0706194
1.1875 2.06967 0.0696664
1.1875 2.06967 0.0696664
1.21875 2.06855 0.0685455
1.21875 2.06855 0.0685455
1.25 2.06726 0.0672595
1.25 2.06726 0.0672595
1.28125 2.06581 0.0658115
1.28125 2.06581 0.0658115
1.3125 2.0642 0.0642049
1.3125 2.0642 0.0642049
1.34375 2.06244 0.0624437
1.34375 2.06244 0.0624437
1.375 2.06053 0.0605322
1.375 2.06053 0.0605322
1.40625 2.05847 0.058475
1.40625 2.05847 0.058475
1.4375 2.05628 0.0562773
1.4375 2.05628 0.0562773
1.46875 2.05394 0.0539449
1.46875 2.05394 0.0539449
1.5 2.05148 0.0514841
1.5 2.05148 0.0514841
1.53125 2.0489 0.0489025
1.53125 2.0489 0.0489025
1.5625 2.04621 0.0462088
1.5625 2.04621 0.0462088
1.59375 2.04341 0.0434143
1.59375 2.04341 0.0434143
1.625 2.04053 0.040533
1.625 2.04053 0.040533
1.65625 2.03758 0.0375837
1.65625 2.03758 0.0375837
1.6875 2.03459 0.0345909
1.6875 2.03459 0.0345909
1.71875 2.03159 0.0315866
1.71875 2.03159 0.0315866
1.75 2.02861 0.028612
1.75 2.02861 0.028612
1.78125 2.02572 0.0257177
1.78125 2.02572 0.0257177
1.8125 2.02296 0.0229646
1.8125 2.02296 0.0229646
1.84375 2.02042 0.0204215
1.84375 2.02042 0.0204215
1.875 2.01816 0.0181625
1.875 2.01816 0.0181625
1.90625 2.01626 0.0162619
1.90625 2.01626 0.0162619
1.9375 2.01479 0.0147891
1.9375 2.01479 0.0147891
1.96875 2.0138 0.0138012
1.96875 2.0138 0.0138012
2 2.01334 0.0133383
