# x y topography
0 2.01388 0.0138836
0.03125 2.01433 0.0143292
0.03125 2.01433 0.0143292
0.0625 2.01528 0.0152782
0.0625 2.01528 0.0152782
0.09375 2.0167 0.016695
0.09375 2.0167 0.016695
0.125 2.01853 0.0185277
0.125 2.01853 0.0185277
0.15625 2.02071 0.0207132
0.15625 2.02071 0.0207132
0.1875 2.02318 0.0231827
0.1875 2.02318 0.0231827
0.21875 2.02587 0.0258668
0.21875 2.02587 0.0258668
0.25 2.0287 0.0286997
0.25 2.0287 0.0286997
0.28125 2.03162 0.0316225
0.28125 2.03162 0.0316225
0.3125 2.03458 0.0345845
0.3125 2.03458 0.0345845
0.34375 2.03754 0.037544
0.34375 2.03754 0.037544
0.375 2.04047 0.0404676
0.375 2.04047 0.0404676
0.40625 2.04333 0.0433292
0.40625 2.04333 0.0433292
0.4375 2.04611 0.0461087
0.4375 2.04611 0.0461087
0.46875 2.04879 0.0487907
0.46875 2.04879 0.0487907
0.5 2.05136 0.051363
0.5 2.05136 0.051363
0.53125 2.05382 0.053816
0.53125 2.05382 0.053816
0.5625 2.05614 0.0561418
0.5625 2.05614 0.0561418
0.59375 2.05833 0.0583337
0.59375 2.05833 0.0583337
0.625 2.06039 0.0603856
0.625 2.06039 0.0603856
0.65625 2.06229 0.0622924
0.65625 2.06229 0.0622924
0.6875 2.06405 0.0640492
0.6875 2.06405 0.0640492
0.71875 2.06565 0.0656519
0.71875 2.06565 0.0656519
0.75 2.0671 0.0670964
0.75 2.0671 0.0670964
0.78125 2.06838 0.0683792
0.78125 2.06838 0.0683792
0.8125 2.0695 0.0694974
0.8125 2.0695 0.0694974
0.84375 2.07045 0.0704481
0.84375 2.07045 0.0704481
0.875 2.07123 0.0712291
0.875 2.07123 0.0712291
0.90625 2.07184 0.0718385
0.90625 2.07184 0.0718385
0.9375 2.07227 0.0722749
0.9375 2.07227 0.0722749
0.96875 2.07254 0.0725371
0.96875 2.07254 0.0725371
1 2.07262 0.0726246
1 2.07262 0.0726246
1.03125 2.07254 0.0725371
1.03125 2.07254 0.0725371
1.0625 2.07227 0.0722749
1.0625 2.07227 0.0722749
1.09375 2.07184 0.0718385
1.09375 2.07184 0.0718385
1.125 2.07123 0.0712291
1.125 2.07123 0.0712291
1.15625 2.07045 0.0704481
1.15625 2.07045 0.0704481
1.1875 2.0695 0.0694974
1.1875 2.0695 0.0694974
1.21875 2.06838 0.0683792
1.21875 2.06838 0.0683792
1.25 2.0671 0.0670964
1.25 2.0671 0.0670964
1.28125 2.06565 0.0656519
1.28125 2.06565 0.0656519
1.3125 2.06405 0.0640492
1.3125 2.06405 0.0640492
1.34375 2.06229 0.0622924
1.34375 2.06229 0.0622924
1.375 2.06039 0.0603856
1.375 2.06039 0.0603856
1.40625 2.05833 0.0583337
1.40625 2.05833 0.0583337
1.4375 2.05614 0.0561418
1.4375 2.05614 0.0561418
1.46875 2.05382 0.053816
1.46875 2.05382 0.053816
1.5 2.05136 0.051363
1.5 2.05136 0.051363
1.53125 2.04879 0.0487907
1.53125 2.04879 0.0487907
1.5625 2.04611 0.0461087
1.5625 2.04611 0.0461087
1.59375 2.04333 0.0433292
1.59375 2.04333 0.0433292
1.625 2.04047 0.0404676
1.625 2.04047 0.0404676
1.65625 2.03754 0.037544
1.65625 2.03754 0.037544
1.6875 2.03458 0.0345845
1.6875 2.03458 0.0345845
1.71875 2.03162 0.0316225
1.71875 2.03162 0.0316225
1.75 2.0287 0.0286997
1.75 2.0287 0.0286997
1.78125 2.02587 0.0258668
1.78125 2.02587 0.0258668
1.8125 2.02318 0.0231827
1.8125 2.02318 0.0231827
1.84375 2.02071 0.0207132
1.84375 2.02071 0.0207132
1.875 2.01853 0.0185277
1.875 2.01853 0.0185277
1.90625 2.0167 0.016695
1.90625 2.0167 0.016695
1.9375 2.01528 0.0152782
1.9375 2.01528 0.0152782
1.96875 2.01433 0.0143292
1.96875 2.01433 0.0143292
2 2.01388 0.0138836
