# x y topography
0 2.01472 0.0147224
0.03125 2.01514 0.0151433
0.03125 2.01514 0.0151433
0.0625 2.01604 0.0160373
0.0625 2.01604 0.0160373
0.09375 2.01737 0.0173738
0.09375 2.01737 0.0173738
0.125 2.01911 0.0191082
0.125 2.01911 0.0191082
0.15625 2.02119 0.0211856
0.15625 2.02119 0.0211856
0.1875 2.02355 0.0235451
0.1875 2.02355 0.0235451
0.21875 2.02612 0.0261238
0.21875 2.02612 0.0261238
0.25 2.02886 0.0288609
0.25 2.02886 0.0288609
0.28125 2.0317 0.0317004
0.28125 2.0317 0.0317004
0.3125 2.03459 0.0345928
0.3125 2.03459 0.0345928
0.34375 2.0375 0.0374957
0.34375 2.0375 0.0374957
0.375 2.04037 0.0403746
0.375 2.04037 0.0403746
0.40625 2.0432 0.0432013
0.40625 2.0432 0.0432013
0.4375 2.04595 0.0459537
0.4375 2.04595 0.0459537
0.46875 2.04861 0.0486146
0.46875 2.04861 0.0486146
0.5 2.05117 0.05117
0.5 2.05117 0.05117
0.53125 2.05361 0.0536093
0.53125 2.05361 0.0536093
0.5625 2.05592 0.0559236
0.5625 2.05592 0.0559236
0.59375 2.05811 0.0581054
0.59375 2.05811 0.0581054
0.625 2.06015 0.0601486
0.625 2.06015 0.0601486
0.65625 2.06205 0.0620474
0.65625 2.06205 0.0620474
0.6875 2.0638 0.0637972
0.6875 2.0638 0.0637972
0.71875 2.06539 0.0653934
0.71875 2.06539 0.0653934
0.75 2.06683 0.0668322
0.75 2.06683 0.0668322
0.78125 2.06811 0.06811
0.78125 2.06811 0.06811
0.8125 2.06922 0.0692237
0.8125 2.06922 0.0692237
0.84375 2.07017 0.0701707
0.84375 2.07017 0.0701707
0.875 2.07095 0.0709486
0.875 2.07095 0.0709486
0.90625 2.07156 0.0715556
0.90625 2.07156 0.0715556
0.9375 2.07199 0.0719902
0.9375 2.07199 0.0719902
0.96875 2.07225 0.0722514
0.96875 2.07225 0.0722514
1 2.07234 0.0723386
1 2.07234 0.0723386
1.03125 2.07225 0.0722514
1.03125 2.07225 0.0722514
1.0625 2.07199 0.0719902
1.0625 2.07199 0.0719902
1.09375 2.07156 0.0715556
1.09375 2.07156 0.0715556
1.125 2.07095 0.0709486
1.125 2.07095 0.0709486
1.15625 2.07017 0.0701707
1.15625 2.07017 0.0701707
1.1875 2.06922 0.0692237
1.1875 2.06922 0.0692237
1.21875 2.06811 0.06811
1.21875 2.06811 0.06811
1.25 2.06683 0.0668322
1.25 2.06683 0.0668322
1.28125 2.06539 0.0653934
1.28125 2.06539 0.0653934
1.3125 2.0638 0.0637972
1.3125 2.0638 0.0637972
1.34375 2.06205 0.0620474
1.34375 2.06205 0.0620474
1.375 2.06015 0.0601486
1.375 2.06015 0.0601486
1.40625 2.05811 0.0581054
1.40625 2.05811 0.0581054
1.4375 2.05592 0.0559236
1.4375 2.05592 0.0559236
1.46875 2.05361 0.0536093
1.46875 2.05361 0.0536093
1.5 2.05117 0.05117
1.5 2.05117 0.05117
1.53125 2.04861 0.0486146
1.53125 2.04861 0.0486146
1.5625 2.04595 0.0459537
1.5625 2.04595 0.0459537
1.59375 2.0432 0.0432013
1.59375 2.0432 0.0432013
1.625 2.04037 0.0403746
1.625 2.04037 0.0403746
1.65625 2.0375 0.0374957
1.65625 2.0375 0.0374957
1.6875 2.03459 0.0345928
1.6875 2.03459 0.0345928
1.71875 2.0317 0.0317004
1.71875 2.0317 0.0317004
1.75 2.02886 0.0288609
1.75 2.02886 0.0288609
1.78125 2.02612 0.0261238
1.78125 2.02612 0.0261238
1.8125 2.02355 0.0235451
1.8125 2.02355 0.0235451
1.84375 2.02119 0.0211856
1.84375 2.02119 0.0211856
1.875 2.01911 0.0191082
1.875 2.01911 0.0191082
1.90625 2.01737 0.0173738
1.90625 2.01737 0.0173738
1.9375 2.01604 0.0160373
1.9375 2.01604 0.0160373
1.96875 2.01514 0.0151433
1.96875 2.01514 0.0151433
2 2.01472 0.0147224
