# x y topography
0 2.01447 0.0144701
0.03125 2.0149 0.0148982
0.03125 2.0149 0.0148982
0.0625 2.01581 0.0158082
0.0625 2.01581 0.0158082
0.09375 2.01717 0.0171681
0.09375 2.01717 0.0171681
0.125 2.01893 0.0189313
0.125 2.01893 0.0189313
0.15625 2.02104 0.0210406
0.15625 2.02104 0.0210406
0.1875 2.02343 0.0234327
0.1875 2.02343 0.0234327
0.21875 2.02604 0.026043
0.21875 2.02604 0.026043
0.25 2.02881 0.0288091
0.25 2.02881 0.0288091
0.28125 2.03167 0.0316741
0.28125 2.03167 0.0316741
0.3125 2.03459 0.0345879
0.3125 2.03459 0.0345879
0.34375 2.03751 0.0375085
0.34375 2.03751 0.0375085
0.375 2.0404 0.0404015
0.375 2.0404 0.0404015
0.40625 2.04324 0.0432393
0.40625 2.04324 0.0432393
0.4375 2.046 0.0460004
0.4375 2.046 0.0460004
0.46875 2.04867 0.048668
0.46875 2.04867 0.048668
0.5 2.05123 0.0512289
0.5 2.05123 0.0512289
0.53125 2.05367 0.0536725
0.53125 2.05367 0.0536725
0.5625 2.05599 0.0559905
0.5625 2.05599 0.0559905
0.59375 2.05818 0.0581755
0.59375 2.05818 0.0581755
0.625 2.06022 0.0602213
0.625 2.06022 0.0602213
0.65625 2.06212 0.0621227
0.65625 2.06212 0.0621227
0.6875 2.06387 0.0638746
0.6875 2.06387 0.0638746
0.71875 2.06547 0.0654728
0.71875 2.06547 0.0654728
0.75 2.06691 0.0669133
0.75 2.06691 0.0669133
0.78125 2.06819 0.0681927
0.78125 2.06819 0.0681927
0.8125 2.06931 0.0693078
0.8125 2.06931 0.0693078
0.84375 2.07026 0.0702559
0.84375 2.07026 0.0702559
0.875 2.07103 0.0710348
0.875 2.07103 0.0710348
0.90625 2.07164 0.0716425
0.90625 2.07164 0.0716425
0.9375 2.07208 0.0720777
0.9375 2.07208 0.0720777
0.96875 2.07234 0.0723392
0.96875 2.07234 0.0723392
1 2.07243 0.0724264
1 2.07243 0.0724264
1.03125 2.07234 0.0723392
1.03125 2.07234 0.0723392
1.0625 2.07208 0.0720777
1.0625 2.07208 0.0720777
1.09375 2.07164 0.0716425
1.09375 2.07164 0.0716425
1.125 2.07103 0.0710348
1.125 2.07103 0.0710348
1.15625 2.07026 0.0702559
1.15625 2.07026 0.0702559
1.1875 2.06931 0.0693078
1.1875 2.06931 0.0693078
1.21875 2.06819 0.0681927
1.21875 2.06819 0.0681927
1.25 2.06691 0.0669133
1.25 2.06691 0.0669133
1.28125 2.06547 0.0654728
1.28125 2.06547 0.0654728
1.3125 2.06387 0.0638746
1.3125 2.06387 0.0638746
1.34375 2.06212 0.0621227
1.34375 2.06212 0.0621227
1.375 2.06022 0.0602213
1.375 2.06022 0.0602213
1.40625 2.05818 0.0581755
1.40625 2.05818 0.0581755
1.4375 2.05599 0.0559905
1.4375 2.05599 0.0559905
1.46875 2.05367 0.0536725
1.46875 2.05367 0.0536725
1.5 2.05123 0.0512289
1.5 2.05123 0.0512289
1.53125 2.04867 0.048668
1.53125 2.04867 0.048668
1.5625 2.046 0.0460004
1.5625 2.046 0.0460004
1.59375 2.04324 0.0432393
1.59375 2.04324 0.0432393
1.625 2.0404 0.0404015
1.625 2.0404 0.0404015
1.65625 2.03751 0.0375085
1.65625 2.03751 0.0375085
1.6875 2.03459 0.0345879
1.6875 2.03459 0.0345879
1.71875 2.03167 0.0316741
1.71875 2.03167 0.0316741
1.75 2.02881 0.0288091
1.75 2.02881 0.0288091
1.78125 2.02604 0.026043
1.78125 2.02604 0.026043
1.8125 2.02343 0.0234327
1.8125 2.02343 0.0234327
1.84375 2.02104 0.0210406
1.84375 2.02104 0.0210406
1.875 2.01893 0.0189313
1.875 2.01893 0.0189313
1.90625 2.01717 0.0171681
1.90625 2.01717 0.0171681
1.9375 2.01581 0.0158082
1.9375 2.01581 0.0158082
1.96875 2.0149 0.0148982
1.96875 2.0149 0.0148982
2 2.01447 0.0144701
