# x y topography
0 2.00354 0.0035439
0.03125 2.00495 0.00494865
0.03125 2.00495 0.00494865
0.0625 2.00768 0.00767877
0.0625 2.00768 0.00767877
0.09375 2.01105 0.011045
0.09375 2.01105 0.011045
0.125 2.0146 0.0146024
0.125 2.0146 0.0146024
0.15625 2.01817 0.018175
0.15625 2.01817 0.018175
0.1875 2.02171 0.021712
0.1875 2.02171 0.021712
0.21875 2.0252 0.0251978
0.21875 2.0252 0.0251978
0.25 2.02862 0.0286229
0.25 2.02862 0.0286229
0.28125 2.03198 0.0319791
0.28125 2.03198 0.0319791
0.3125 2.03526 0.0352583
0.3125 2.03526 0.0352583
0.34375 2.03845 0.0384525
0.34375 2.03845 0.0384525
0.375 2.04155 0.041554
0.375 2.04155 0.041554
0.40625 2.04456 0.0445555
0.40625 2.04456 0.0445555
0.4375 2.04745 0.0474496
0.4375 2.04745 0.0474496
0.46875 2.05023 0.0502294
0.46875 2.05023 0.0502294
0.5 2.05289 0.0528883
0.5 2.05289 0.0528883
0.53125 2.05542 0.0554196
0.53125 2.05542 0.0554196
0.5625 2.05782 0.0578175
0.5625 2.05782 0.0578175
0.59375 2.06008 0.0600761
0.59375 2.06008 0.0600761
0.625 2.06219 0.06219
0.625 2.06219 0.06219
0.65625 2.06415 0.0641541
0.65625 2.06415 0.0641541
0.6875 2.06596 0.0659636
0.6875 2.06596 0.0659636
0.71875 2.06761 0.0676141
0.71875 2.06761 0.0676141
0.75 2.0691 0.0691018
0.75 2.0691 0.0691018
0.78125 2.07042 0.0704231
0.78125 2.07042 0.0704231
0.8125 2.07157 0.0715746
0.8125 2.07157 0.0715746
0.84375 2.07255 0.0725538
0.84375 2.07255 0.0725538
0.875 2.07336 0.0733581
0.875 2.07336 0.0733581
0.90625 2.07399 0.0739857
0.90625 2.07399 0.0739857
0.9375 2.07444 0.0744351
0.9375 2.07444 0.0744351
0.96875 2.07471 0.0747052
0.96875 2.07471 0.0747052
1 2.0748 0.0747953
1 2.0748 0.0747953
1.03125 2.07471 0.0747052
1.03125 2.07471 0.0747052
1.0625 2.07444 0.0744351
1.0625 2.07444 0.0744351
1.09375 2.07399 0.0739857
1.09375 2.07399 0.0739857
1.125 2.07336 0.0733581
1.125 2.07336 0.0733581
1.15625 2.07255 0.0725538
1.15625 2.07255 0.0725538
1.1875 2.07157 0.0715746
1.1875 2.07157 0.0715746
1.21875 2.07042 0.0704231
1.21875 2.07042 0.0704231
1.25 2.0691 0.0691018
1.25 2.0691 0.0691018
1.28125 2.06761 0.0676141
1.28125 2.06761 0.0676141
1.3125 2.06596 0.0659636
1.3125 2.06596 0.0659636
1.34375 2.06415 0.0641541
1.34375 2.06415 0.0641541
1.375 2.06219 0.06219
1.375 2.06219 0.06219
1.40625 2.06008 0.0600761
1.40625 2.06008 0.0600761
1.4375 2.05782 0.0578175
1.4375 2.05782 0.0578175
1.46875 2.05542 0.0554196
1.46875 2.05542 0.0554196
1.5 2.05289 0.0528883
1.5 2.05289 0.0528883
1.53125 2.05023 0.0502294
1.53125 2.05023 0.0502294
1.5625 2.04745 0.0474496
1.5625 2.04745 0.0474496
1.59375 2.04456 0.0445555
1.59375 2.04456 0.0445555
1.625 2.04155 0.041554
1.625 2.04155 0.041554
1.65625 2.03845 0.0384525
1.65625 2.03845 0.0384525
1.6875 2.03526 0.0352583
1.6875 2.03526 0.0352583
1.71875 2.03198 0.0319791
1.71875 2.03198 0.0319791
1.75 2.02862 0.0286229
1.75 2.02862 0.0286229
1.78125 2.0252 0.0251978
1.78125 2.0252 0.0251978
1.8125 2.02171 0.021712
1.8125 2.02171 0.021712
1.84375 2.01817 0.018175
1.84375 2.01817 0.018175
1.875 2.0146 0.0146024
1.875 2.0146 0.0146024
1.90625 2.01105 0.011045
1.90625 2.01105 0.011045
1.9375 2.00768 0.00767877
1.9375 2.00768 0.00767877
1.96875 2.00495 0.00494865
1.96875 2.00495 0.00494865
2 2.00354 0.0035439
