# x y topography
0 2.01485 0.0148467
0.03125 2.01526 0.0152642
0.03125 2.01526 0.0152642
0.0625 2.01615 0.0161504
0.0625 2.01615 0.0161504
0.09375 2.01748 0.0174756
0.09375 2.01748 0.0174756
0.125 2.0192 0.0191961
0.125 2.0192 0.0191961
0.15625 2.02126 0.021258
0.15625 2.02126 0.021258
0.1875 2.0236 0.0236014
0.1875 2.0236 0.0236014
0.21875 2.02616 0.0261646
0.21875 2.02616 0.0261646
0.25 2.02889 0.0288875
0.25 2.02889 0.0288875
0.28125 2.03171 0.0317144
0.28125 2.03171 0.0317144
0.3125 2.0346 0.0345959
0.3125 2.0346 0.0345959
0.34375 2.03749 0.03749
0.34375 2.03749 0.03749
0.375 2.04036 0.0403617
0.375 2.04036 0.0403617
0.40625 2.04318 0.0431828
0.40625 2.04318 0.0431828
0.4375 2.04593 0.0459308
0.4375 2.04593 0.0459308
0.46875 2.04859 0.0485881
0.46875 2.04859 0.0485881
0.5 2.05114 0.0511408
0.5 2.05114 0.0511408
0.53125 2.05358 0.0535779
0.53125 2.05358 0.0535779
0.5625 2.05589 0.0558903
0.5625 2.05589 0.0558903
0.59375 2.05807 0.0580705
0.59375 2.05807 0.0580705
0.625 2.06011 0.0601122
0.625 2.06011 0.0601122
0.65625 2.06201 0.0620099
0.65625 2.06201 0.0620099
0.6875 2.06376 0.0637585
0.6875 2.06376 0.0637585
0.71875 2.06535 0.0653537
0.71875 2.06535 0.0653537
0.75 2.06679 0.0667916
0.75 2.06679 0.0667916
0.78125 2.06807 0.0680686
0.78125 2.06807 0.0680686
0.8125 2.06918 0.0691817
0.8125 2.06918 0.0691817
0.84375 2.07013 0.0701281
0.84375 2.07013 0.0701281
0.875 2.07091 0.0709055
0.875 2.07091 0.0709055
0.90625 2.07151 0.0715122
0.90625 2.07151 0.0715122
0.9375 2.07195 0.0719465
0.9375 2.07195 0.0719465
0.96875 2.07221 0.0722076
0.96875 2.07221 0.0722076
1 2.07229 0.0722947
1 2.07229 0.0722947
1.03125 2.07221 0.0722076
1.03125 2.07221 0.0722076
1.0625 2.07195 0.0719465
1.0625 2.07195 0.0719465
1.09375 2.07151 0.0715122
1.09375 2.07151 0.0715122
1.125 2.07091 0.0709055
1.125 2.07091 0.0709055
1.15625 2.07013 0.0701281
1.15625 2.07013 0.0701281
1.1875 2.06918 0.0691817
1.1875 2.06918 0.0691817
1.21875 2.06807 0.0680686
1.21875 2.06807 0.0680686
1.25 2.06679 0.0667916
1.25 2.06679 0.0667916
1.28125 2.06535 0.0653537
1.28125 2.06535 0.0653537
1.3125 2.06376 0.0637585
1.3125 2.06376 0.0637585
1.34375 2.06201 0.0620099
1.34375 2.06201 0.0620099
1.375 2.06011 0.0601122
1.375 2.06011 0.0601122
1.40625 2.05807 0.0580705
1.40625 2.05807 0.0580705
1.4375 2.05589 0.0558903
1.4375 2.05589 0.0558903
1.46875 2.05358 0.0535779
1.46875 2.05358 0.0535779
1.5 2.05114 0.0511408
1.5 2.05114 0.0511408
1.53125 2.04859 0.0485881
1.53125 2.04859 0.0485881
1.5625 2.04593 0.0459308
1.5625 2.04593 0.0459308
1.59375 2.04318 0.0431828
1.59375 2.04318 0.0431828
1.625 2.04036 0.0403617
1.625 2.04036 0.0403617
1.65625 2.03749 0.03749
1.65625 2.03749 0.03749
1.6875 2.0346 0.0345959
1.6875 2.0346 0.0345959
1.71875 2.03171 0.0317144
1.71875 2.03171 0.0317144
1.75 2.02889 0.0288875
1.75 2.02889 0.0288875
1.78125 2.02616 0.0261646
1.78125 2.02616 0.0261646
1.8125 2.0236 0.0236014
1.8125 2.0236 0.0236014
1.84375 2.02126 0.021258
1.84375 2.02126 0.021258
1.875 2.0192 0.0191961
1.875 2.0192 0.0191961
1.90625 2.01748 0.0174756
1.90625 2.01748 0.0174756
1.9375 2.01615 0.0161504
1.9375 2.01615 0.0161504
1.96875 2.01526 0.0152642
1.96875 2.01526 0.0152642
2 2.01485 0.0148467
