# x y topography
0 2.01313 0.0131274
0.03125 2.0136 0.0135974
0.03125 2.0136 0.0135974
0.0625 2.0146 0.0146009
0.0625 2.0146 0.0146009
0.09375 2.0161 0.0160964
0.09375 2.0161 0.0160964
0.125 2.01802 0.018024
0.125 2.01802 0.018024
0.15625 2.02031 0.0203123
0.15625 2.02031 0.0203123
0.1875 2.02288 0.0228843
0.1875 2.02288 0.0228843
0.21875 2.02566 0.0256641
0.21875 2.02566 0.0256641
0.25 2.02858 0.0285817
0.25 2.02858 0.0285817
0.28125 2.03158 0.0315758
0.28125 2.03158 0.0315758
0.3125 2.0346 0.0345957
0.3125 2.0346 0.0345957
0.34375 2.0376 0.0376007
0.34375 2.0376 0.0376007
0.375 2.04056 0.0405592
0.375 2.04056 0.0405592
0.40625 2.04345 0.0434474
0.40625 2.04345 0.0434474
0.4375 2.04625 0.0462472
0.4375 2.04625 0.0462472
0.46875 2.04894 0.048945
0.46875 2.04894 0.048945
0.5 2.05153 0.0515299
0.5 2.05153 0.0515299
0.53125 2.05399 0.0539935
0.53125 2.05399 0.0539935
0.5625 2.05633 0.0563283
0.5625 2.05633 0.0563283
0.59375 2.05853 0.0585281
0.59375 2.05853 0.0585281
0.625 2.06059 0.0605873
0.625 2.06059 0.0605873
0.65625 2.0625 0.0625006
0.65625 2.0625 0.0625006
0.6875 2.06426 0.0642634
0.6875 2.06426 0.0642634
0.71875 2.06587 0.0658714
0.71875 2.06587 0.0658714
0.75 2.06732 0.0673208
0.75 2.06732 0.0673208
0.78125 2.06861 0.068608
0.78125 2.06861 0.068608
0.8125 2.06973 0.0697298
0.8125 2.06973 0.0697298
0.84375 2.07068 0.0706837
0.84375 2.07068 0.0706837
0.875 2.07147 0.0714674
0.875 2.07147 0.0714674
0.90625 2.07208 0.0720788
0.90625 2.07208 0.0720788
0.9375 2.07252 0.0725166
0.9375 2.07252 0.0725166
0.96875 2.07278 0.0727797
0.96875 2.07278 0.0727797
1 2.07287 0.0728675
1 2.07287 0.0728675
1.03125 2.07278 0.0727797
1.03125 2.07278 0.0727797
1.0625 2.07252 0.0725166
1.0625 2.07252 0.0725166
1.09375 2.07208 0.0720788
1.09375 2.07208 0.0720788
1.125 2.07147 0.0714674
1.125 2.07147 0.0714674
1.15625 2.07068 0.0706837
1.15625 2.07068 0.0706837
1.1875 2.06973 0.0697298
1.1875 2.06973 0.0697298
1.21875 2.06861 0.068608
1.21875 2.06861 0.068608
1.25 2.06732 0.0673208
1.25 2.06732 0.0673208
1.28125 2.06587 0.0658714
1.28125 2.06587 0.0658714
1.3125 2.06426 0.0642634
1.3125 2.06426 0.0642634
1.34375 2.0625 0.0625006
1.34375 2.0625 0.0625006
1.375 2.06059 0.0605873
1.375 2.06059 0.0605873
1.40625 2.05853 0.0585281
1.40625 2.05853 0.0585281
1.4375 2.05633 0.0563283
1.4375 2.05633 0.0563283
1.46875 2.05399 0.0539935
1.46875 2.05399 0.0539935
1.5 2.05153 0.0515299
1.5 2.05153 0.0515299
1.53125 2.04894 0.048945
1.53125 2.04894 0.048945
1.5625 2.04625 0.0462472
1.5625 2.04625 0.0462472
1.59375 2.04345 0.0434474
1.59375 2.04345 0.0434474
1.625 2.04056 0.0405592
1.625 2.04056 0.0405592
1.65625 2.0376 0.0376007
1.65625 2.0376 0.0376007
1.6875 2.0346 0.0345957
1.6875 2.0346 0.0345957
1.71875 2.03158 0.0315758
1.71875 2.03158 0.0315758
1.75 2.02858 0.0285817
1.75 2.02858 0.0285817
1.78125 2.02566 0.0256641
1.78125 2.02566 0.0256641
1.8125 2.02288 0.0228843
1.8125 2.02288 0.0228843
1.84375 2.02031 0.0203123
1.84375 2.02031 0.0203123
1.875 2.01802 0.018024
1.875 2.01802 0.018024
1.90625 2.0161 0.0160964
1.90625 2.0161 0.0160964
1.9375 2.0146 0.0146009
1.9375 2.0146 0.0146009
1.96875 2.0136 0.0135974
1.96875 2.0136 0.0135974
2 2.01313 0.0131274
