# x y topography
0 2.00854 0.00853769
0.03125 2.00923 0.00923229
0.03125 2.00923 0.00923229
0.0625 2.01072 0.0107199
0.0625 2.01072 0.0107199
0.09375 2.01288 0.0128755
0.09375 2.01288 0.0128755
0.125 2.01554 0.0155391
0.125 2.01554 0.0155391
0.15625 2.01855 0.0185471
0.15625 2.01855 0.0185471
0.1875 2.02176 0.0217576
0.1875 2.02176 0.0217576
0.21875 2.02506 0.0250617
0.21875 2.02506 0.0250617
0.25 2.02838 0.0283846
0.25 2.02838 0.0283846
0.28125 2.03168 0.0316781
0.28125 2.03168 0.0316781
0.3125 2.03491 0.034913
0.3125 2.03491 0.034913
0.34375 2.03807 0.0380711
0.34375 2.03807 0.0380711
0.375 2.04114 0.0411403
0.375 2.04114 0.0411403
0.40625 2.04411 0.0441114
0.40625 2.04411 0.0441114
0.4375 2.04698 0.0469765
0.4375 2.04698 0.0469765
0.46875 2.04973 0.0497286
0.46875 2.04973 0.0497286
0.5 2.05236 0.0523609
0.5 2.05236 0.0523609
0.53125 2.05487 0.0548671
0.53125 2.05487 0.0548671
0.5625 2.05724 0.057241
0.5625 2.05724 0.057241
0.59375 2.05948 0.0594771
0.59375 2.05948 0.0594771
0.625 2.06157 0.0615699
0.625 2.06157 0.0615699
0.65625 2.06351 0.0635144
0.65625 2.06351 0.0635144
0.6875 2.06531 0.0653058
0.6875 2.06531 0.0653058
0.71875 2.06694 0.06694
0.71875 2.06694 0.06694
0.75 2.06841 0.0684128
0.75 2.06841 0.0684128
0.78125 2.06972 0.0697209
0.78125 2.06972 0.0697209
0.8125 2.07086 0.0708609
0.8125 2.07086 0.0708609
0.84375 2.07183 0.0718303
0.84375 2.07183 0.0718303
0.875 2.07263 0.0726267
0.875 2.07263 0.0726267
0.90625 2.07325 0.073248
0.90625 2.07325 0.073248
0.9375 2.07369 0.0736929
0.9375 2.07369 0.0736929
0.96875 2.07396 0.0739603
0.96875 2.07396 0.0739603
1 2.07405 0.0740495
1 2.07405 0.0740495
1.03125 2.07396 0.0739603
1.03125 2.07396 0.0739603
1.0625 2.07369 0.0736929
1.0625 2.07369 0.0736929
1.09375 2.07325 0.073248
1.09375 2.07325 0.073248
1.125 2.07263 0.0726267
1.125 2.07263 0.0726267
1.15625 2.07183 0.0718303
1.15625 2.07183 0.0718303
1.1875 2.07086 0.0708609
1.1875 2.07086 0.0708609
1.21875 2.06972 0.0697209
1.21875 2.06972 0.0697209
1.25 2.06841 0.0684128
1.25 2.06841 0.0684128
1.28125 2.06694 0.06694
1.28125 2.06694 0.06694
1.3125 2.06531 0.0653058
1.3125 2.06531 0.0653058
1.34375 2.06351 0.0635144
1.34375 2.06351 0.0635144
1.375 2.06157 0.0615699
1.375 2.06157 0.0615699
1.40625 2.05948 0.0594771
1.40625 2.05948 0.0594771
1.4375 2.05724 0.057241
1.4375 2.05724 0.057241
1.46875 2.05487 0.0548671
1.46875 2.05487 0.0548671
1.5 2.05236 0.0523609
1.5 2.05236 0.0523609
1.53125 2.04973 0.0497286
1.53125 2.04973 0.0497286
1.5625 2.04698 0.0469765
1.5625 2.04698 0.0469765
1.59375 2.04411 0.0441114
1.59375 2.04411 0.0441114
1.625 2.04114 0.0411403
1.625 2.04114 0.0411403
1.65625 2.03807 0.0380711
1.65625 2.03807 0.0380711
1.6875 2.03491 0.034913
1.6875 2.03491 0.034913
1.71875 2.03168 0.0316781
1.71875 2.03168 0.0316781
1.75 2.02838 0.0283846
1.75 2.02838 0.0283846
1.78125 2.02506 0.0250617
1.78125 2.02506 0.0250617
1.8125 2.02176 0.0217576
1.8125 2.02176 0.0217576
1.84375 2.01855 0.0185471
1.84375 2.01855 0.0185471
1.875 2.01554 0.0155391
1.875 2.01554 0.0155391
1.90625 2.01288 0.0128755
1.90625 2.01288 0.0128755
1.9375 2.01072 0.0107199
1.9375 2.01072 0.0107199
1.96875 2.00923 0.00923229
1.96875 2.00923 0.00923229
2 2.00854 0.00853769
