# x y topography
0 2.01691 0.016907
0.03125 2.01727 0.0172737
0.03125 2.01727 0.0172737
0.0625 2.01805 0.0180453
0.0625 2.01805 0.0180453
0.09375 2.0192 0.0192011
0.09375 2.0192 0.0192011
0.125 2.02071 0.0207101
0.125 2.02071 0.0207101
0.15625 2.02253 0.022533
0.15625 2.02253 0.022533
0.1875 2.02463 0.0246252
0.1875 2.02463 0.0246252
0.21875 2.02694 0.0269385
0.21875 2.02694 0.0269385
0.25 2.02942 0.0294242
0.25 2.02942 0.0294242
0.28125 2.03203 0.0320347
0.28125 2.03203 0.0320347
0.3125 2.03473 0.0347257
0.3125 2.03473 0.0347257
0.34375 2.03746 0.0374568
0.34375 2.03746 0.0374568
0.375 2.04019 0.0401925
0.375 2.04019 0.0401925
0.40625 2.0429 0.0429023
0.40625 2.0429 0.0429023
0.4375 2.04556 0.0455604
0.4375 2.04556 0.0455604
0.46875 2.04815 0.0481456
0.46875 2.04815 0.0481456
0.5 2.05064 0.0506404
0.5 2.05064 0.0506404
0.53125 2.05303 0.0530305
0.53125 2.05303 0.0530305
0.5625 2.0553 0.0553043
0.5625 2.0553 0.0553043
0.59375 2.05745 0.0574523
0.59375 2.05745 0.0574523
0.625 2.05947 0.0594665
0.625 2.05947 0.0594665
0.65625 2.06134 0.0613403
0.65625 2.06134 0.0613403
0.6875 2.06307 0.063068
0.6875 2.06307 0.063068
0.71875 2.06464 0.0646448
0.71875 2.06464 0.0646448
0.75 2.06607 0.0660665
0.75 2.06607 0.0660665
0.78125 2.06733 0.0673293
0.78125 2.06733 0.0673293
0.8125 2.06843 0.0684301
0.8125 2.06843 0.0684301
0.84375 2.06937 0.0693661
0.84375 2.06937 0.0693661
0.875 2.07014 0.0701351
0.875 2.07014 0.0701351
0.90625 2.07074 0.0707351
0.90625 2.07074 0.0707351
0.9375 2.07116 0.0711647
0.9375 2.07116 0.0711647
0.96875 2.07142 0.0714229
0.96875 2.07142 0.0714229
1 2.07151 0.0715091
1 2.07151 0.0715091
1.03125 2.07142 0.0714229
1.03125 2.07142 0.0714229
1.0625 2.07116 0.0711647
1.0625 2.07116 0.0711647
1.09375 2.07074 0.0707351
1.09375 2.07074 0.0707351
1.125 2.07014 0.0701351
1.125 2.07014 0.0701351
1.15625 2.06937 0.0693661
1.15625 2.06937 0.0693661
1.1875 2.06843 0.0684301
1.1875 2.06843 0.0684301
1.21875 2.06733 0.0673293
1.21875 2.06733 0.0673293
1.25 2.06607 0.0660665
1.25 2.06607 0.0660665
1.28125 2.06464 0.0646448
1.28125 2.06464 0.0646448
1.3125 2.06307 0.063068
1.3125 2.06307 0.063068
1.34375 2.06134 0.0613403
1.34375 2.06134 0.0613403
1.375 2.05947 0.0594665
1.375 2.05947 0.0594665
1.40625 2.05745 0.0574523
1.40625 2.05745 0.0574523
1.4375 2.0553 0.0553043
1.4375 2.0553 0.0553043
1.46875 2.05303 0.0530305
1.46875 2.05303 0.0530305
1.5 2.05064 0.0506404
1.5 2.05064 0.0506404
1.53125 2.04815 0.0481456
1.53125 2.04815 0.0481456
1.5625 2.04556 0.0455604
1.5625 2.04556 0.0455604
1.59375 2.0429 0.0429023
1.59375 2.0429 0.0429023
1.625 2.04019 0.0401925
1.625 2.04019 0.0401925
1.65625 2.03746 0.0374568
1.65625 2.03746 0.0374568
1.6875 2.03473 0.0347257
1.6875 2.03473 0.0347257
1.71875 2.03203 0.0320347
1.71875 2.03203 0.0320347
1.75 2.02942 0.0294242
1.75 2.02942 0.0294242
1.78125 2.02694 0.0269385
1.78125 2.02694 0.0269385
1.8125 2.02463 0.0246252
1.8125 2.02463 0.0246252
1.84375 2.02253 0.022533
1.84375 2.02253 0.022533
1.875 2.02071 0.0207101
1.875 2.02071 0.0207101
1.90625 2.0192 0.0192011
1.90625 2.0192 0.0192011
1.9375 2.01805 0.0180453
1.9375 2.01805 0.0180453
1.96875 2.01727 0.0172737
1.96875 2.01727 0.0172737
2 2.01691 0.016907
