# x y topography
0 2.01284 0.0128403
0.03125 2.01332 0.0133203
0.03125 2.01332 0.0133203
0.0625 2.01435 0.0143458
0.0625 2.01435 0.0143458
0.09375 2.01587 0.0158729
0.09375 2.01587 0.0158729
0.125 2.01784 0.0178383
0.125 2.01784 0.0178383
0.15625 2.02017 0.0201669
0.15625 2.02017 0.0201669
0.1875 2.02278 0.0227785
0.1875 2.02278 0.0227785
0.21875 2.02559 0.0255946
0.21875 2.02559 0.0255946
0.25 2.02854 0.0285437
0.25 2.02854 0.0285437
0.28125 2.03156 0.0315638
0.28125 2.03156 0.0315638
0.3125 2.0346 0.0346042
0.3125 2.0346 0.0346042
0.34375 2.03762 0.037625
0.34375 2.03762 0.037625
0.375 2.0406 0.0405954
0.375 2.0406 0.0405954
0.40625 2.04349 0.0434925
0.40625 2.04349 0.0434925
0.4375 2.0463 0.0462991
0.4375 2.0463 0.0462991
0.46875 2.049 0.0490021
0.46875 2.049 0.0490021
0.5 2.05159 0.0515913
0.5 2.05159 0.0515913
0.53125 2.05406 0.0540585
0.53125 2.05406 0.0540585
0.5625 2.0564 0.0563965
0.5625 2.0564 0.0563965
0.59375 2.0586 0.0585991
0.59375 2.0586 0.0585991
0.625 2.06066 0.0606608
0.625 2.06066 0.0606608
0.65625 2.06258 0.0625765
0.65625 2.06258 0.0625765
0.6875 2.06434 0.0643415
0.6875 2.06434 0.0643415
0.71875 2.06595 0.0659515
0.71875 2.06595 0.0659515
0.75 2.0674 0.0674026
0.75 2.0674 0.0674026
0.78125 2.06869 0.0686913
0.78125 2.06869 0.0686913
0.8125 2.06981 0.0698146
0.8125 2.06981 0.0698146
0.84375 2.07077 0.0707696
0.84375 2.07077 0.0707696
0.875 2.07155 0.0715542
0.875 2.07155 0.0715542
0.90625 2.07217 0.0721664
0.90625 2.07217 0.0721664
0.9375 2.0726 0.0726047
0.9375 2.0726 0.0726047
0.96875 2.07287 0.0728681
0.96875 2.07287 0.0728681
1 2.07296 0.072956
1 2.07296 0.072956
1.03125 2.07287 0.0728681
1.03125 2.07287 0.0728681
1.0625 2.0726 0.0726047
1.0625 2.0726 0.0726047
1.09375 2.07217 0.0721664
1.09375 2.07217 0.0721664
1.125 2.07155 0.0715542
1.125 2.07155 0.0715542
1.15625 2.07077 0.0707696
1.15625 2.07077 0.0707696
1.1875 2.06981 0.0698146
1.1875 2.06981 0.0698146
1.21875 2.06869 0.0686913
1.21875 2.06869 0.0686913
1.25 2.0674 0.0674026
1.25 2.0674 0.0674026
1.28125 2.06595 0.0659515
1.28125 2.06595 0.0659515
1.3125 2.06434 0.0643415
1.3125 2.06434 0.0643415
1.34375 2.06258 0.0625765
1.34375 2.06258 0.0625765
1.375 2.06066 0.0606608
1.375 2.06066 0.0606608
1.40625 2.0586 0.0585991
1.40625 2.0586 0.0585991
1.4375 2.0564 0.0563965
1.4375 2.0564 0.0563965
1.46875 2.05406 0.0540585
1.46875 2.05406 0.0540585
1.5 2.05159 0.0515913
1.5 2.05159 0.0515913
1.53125 2.049 0.0490021
1.53125 2.049 0.0490021
1.5625 2.0463 0.0462991
1.5625 2.0463 0.0462991
1.59375 2.04349 0.0434925
1.59375 2.04349 0.0434925
1.625 2.0406 0.0405954
1.625 2.0406 0.0405954
1.65625 2.03762 0.037625
1.65625 2.03762 0.037625
1.6875 2.0346 0.0346042
1.6875 2.0346 0.0346042
1.71875 2.03156 0.0315638
1.71875 2.03156 0.0315638
1.75 2.02854 0.0285437
1.75 2.02854 0.0285437
1.78125 2.02559 0.0255946
1.78125 2.02559 0.0255946
1.8125 2.02278 0.0227785
1.8125 2.02278 0.0227785
1.84375 2.02017 0.0201669
1.84375 2.02017 0.0201669
1.875 2.01784 0.0178383
1.875 2.01784 0.0178383
1.90625 2.01587 0.0158729
1.90625 2.01587 0.0158729
1.9375 2.01435 0.0143458
1.9375 2.01435 0.0143458
1.96875 2.01332 0.0133203
1.96875 2.01332 0.0133203
2 2.01284 0.0128403
