# x y topography
0 2.01255 0.0125462
0.03125 2.01304 0.0130367
0.03125 2.01304 0.0130367
0.0625 2.01409 0.0140856
0.0625 2.01409 0.0140856
0.09375 2.01565 0.0156461
0.09375 2.01565 0.0156461
0.125 2.01765 0.0176513
0.125 2.01765 0.0176513
0.15625 2.02002 0.020022
0.15625 2.02002 0.020022
0.1875 2.02267 0.0226745
0.1875 2.02267 0.0226745
0.21875 2.02553 0.0255278
0.21875 2.02553 0.0255278
0.25 2.02851 0.0285086
0.25 2.02851 0.0285086
0.28125 2.03155 0.0315546
0.28125 2.03155 0.0315546
0.3125 2.03462 0.0346153
0.3125 2.03462 0.0346153
0.34375 2.03765 0.0376513
0.34375 2.03765 0.0376513
0.375 2.04063 0.0406331
0.375 2.04063 0.0406331
0.40625 2.04354 0.0435387
0.40625 2.04354 0.0435387
0.4375 2.04635 0.0463516
0.4375 2.04635 0.0463516
0.46875 2.04906 0.0490597
0.46875 2.04906 0.0490597
0.5 2.05165 0.051653
0.5 2.05165 0.051653
0.53125 2.05412 0.0541237
0.53125 2.05412 0.0541237
0.5625 2.05646 0.0564648
0.5625 2.05646 0.0564648
0.59375 2.05867 0.0586702
0.59375 2.05867 0.0586702
0.625 2.06073 0.0607345
0.625 2.06073 0.0607345
0.65625 2.06265 0.0626525
0.65625 2.06265 0.0626525
0.6875 2.06442 0.0644197
0.6875 2.06442 0.0644197
0.71875 2.06603 0.0660316
0.71875 2.06603 0.0660316
0.75 2.06748 0.0674845
0.75 2.06748 0.0674845
0.78125 2.06877 0.0687748
0.78125 2.06877 0.0687748
0.8125 2.0699 0.0698994
0.8125 2.0699 0.0698994
0.84375 2.07086 0.0708556
0.84375 2.07086 0.0708556
0.875 2.07164 0.0716411
0.875 2.07164 0.0716411
0.90625 2.07225 0.0722541
0.90625 2.07225 0.0722541
0.9375 2.07269 0.0726929
0.9375 2.07269 0.0726929
0.96875 2.07296 0.0729567
0.96875 2.07296 0.0729567
1 2.07304 0.0730447
1 2.07304 0.0730447
1.03125 2.07296 0.0729567
1.03125 2.07296 0.0729567
1.0625 2.07269 0.0726929
1.0625 2.07269 0.0726929
1.09375 2.07225 0.0722541
1.09375 2.07225 0.0722541
1.125 2.07164 0.0716411
1.125 2.07164 0.0716411
1.15625 2.07086 0.0708556
1.15625 2.07086 0.0708556
1.1875 2.0699 0.0698994
1.1875 2.0699 0.0698994
1.21875 2.06877 0.0687748
1.21875 2.06877 0.0687748
1.25 2.06748 0.0674845
1.25 2.06748 0.0674845
1.28125 2.06603 0.0660316
1.28125 2.06603 0.0660316
1.3125 2.06442 0.0644197
1.3125 2.06442 0.0644197
1.34375 2.06265 0.0626525
1.34375 2.06265 0.0626525
1.375 2.06073 0.0607345
1.375 2.06073 0.0607345
1.40625 2.05867 0.0586702
1.40625 2.05867 0.0586702
1.4375 2.05646 0.0564648
1.4375 2.05646 0.0564648
1.46875 2.05412 0.0541237
1.46875 2.05412 0.0541237
1.5 2.05165 0.051653
1.5 2.05165 0.051653
1.53125 2.04906 0.0490597
1.53125 2.04906 0.0490597
1.5625 2.04635 0.0463516
1.5625 2.04635 0.0463516
1.59375 2.04354 0.0435387
1.59375 2.04354 0.0435387
1.625 2.04063 0.0406331
1.625 2.04063 0.0406331
1.65625 2.03765 0.0376513
1.65625 2.03765 0.0376513
1.6875 2.03462 0.0346153
1.6875 2.03462 0.0346153
1.71875 2.03155 0.0315546
1.71875 2.03155 0.0315546
1.75 2.02851 0.0285086
1.75 2.02851 0.0285086
1.78125 2.02553 0.0255278
1.78125 2.02553 0.0255278
1.8125 2.02267 0.0226745
1.8125 2.02267 0.0226745
1.84375 2.02002 0.020022
1.84375 2.02002 0.020022
1.875 2.01765 0.0176513
1.875 2.01765 0.0176513
1.90625 2.01565 0.0156461
1.90625 2.01565 0.0156461
1.9375 2.01409 0.0140856
1.9375 2.01409 0.0140856
1.96875 2.01304 0.0130367
1.96875 2.01304 0.0130367
2 2.01255 0.0125462
