# x y topography
0 2.00987 0.00986587
0.03125 2.01048 0.0104772
0.03125 2.01048 0.0104772
0.0625 2.01179 0.0117889
0.0625 2.01179 0.0117889
0.09375 2.01371 0.0137136
0.09375 2.01371 0.0137136
0.125 2.01613 0.0161339
0.125 2.01613 0.0161339
0.15625 2.01892 0.0189212
0.15625 2.01892 0.0189212
0.1875 2.02195 0.0219536
0.1875 2.02195 0.0219536
0.21875 2.02513 0.0251273
0.21875 2.02513 0.0251273
0.25 2.02836 0.0283615
0.25 2.02836 0.0283615
0.28125 2.0316 0.0315978
0.28125 2.0316 0.0315978
0.3125 2.0348 0.0347961
0.3125 2.0348 0.0347961
0.34375 2.03793 0.0379301
0.34375 2.03793 0.0379301
0.375 2.04098 0.0409819
0.375 2.04098 0.0409819
0.40625 2.04394 0.043939
0.40625 2.04394 0.043939
0.4375 2.04679 0.046792
0.4375 2.04679 0.046792
0.46875 2.04953 0.0495329
0.46875 2.04953 0.0495329
0.5 2.05215 0.0521547
0.5 2.05215 0.0521547
0.53125 2.05465 0.0546509
0.53125 2.05465 0.0546509
0.5625 2.05702 0.0570155
0.5625 2.05702 0.0570155
0.59375 2.05924 0.0592428
0.59375 2.05924 0.0592428
0.625 2.06133 0.0613274
0.625 2.06133 0.0613274
0.65625 2.06326 0.0632642
0.65625 2.06326 0.0632642
0.6875 2.06505 0.0650486
0.6875 2.06505 0.0650486
0.71875 2.06668 0.0666762
0.71875 2.06668 0.0666762
0.75 2.06814 0.0681433
0.75 2.06814 0.0681433
0.78125 2.06945 0.0694462
0.78125 2.06945 0.0694462
0.8125 2.07058 0.0705818
0.8125 2.07058 0.0705818
0.84375 2.07155 0.0715474
0.84375 2.07155 0.0715474
0.875 2.07234 0.0723405
0.875 2.07234 0.0723405
0.90625 2.07296 0.0729595
0.90625 2.07296 0.0729595
0.9375 2.0734 0.0734026
0.9375 2.0734 0.0734026
0.96875 2.07367 0.0736689
0.96875 2.07367 0.0736689
1 2.07376 0.0737578
1 2.07376 0.0737578
1.03125 2.07367 0.0736689
1.03125 2.07367 0.0736689
1.0625 2.0734 0.0734026
1.0625 2.0734 0.0734026
1.09375 2.07296 0.0729595
1.09375 2.07296 0.0729595
1.125 2.07234 0.0723405
1.125 2.07234 0.0723405
1.15625 2.07155 0.0715474
1.15625 2.07155 0.0715474
1.1875 2.07058 0.0705818
1.1875 2.07058 0.0705818
1.21875 2.06945 0.0694462
1.21875 2.06945 0.0694462
1.25 2.06814 0.0681433
1.25 2.06814 0.0681433
1.28125 2.06668 0.0666762
1.28125 2.06668 0.0666762
1.3125 2.06505 0.0650486
1.3125 2.06505 0.0650486
1.34375 2.06326 0.0632642
1.34375 2.06326 0.0632642
1.375 2.06133 0.0613274
1.375 2.06133 0.0613274
1.40625 2.05924 0.0592428
1.40625 2.05924 0.0592428
1.4375 2.05702 0.0570155
1.4375 2.05702 0.0570155
1.46875 2.05465 0.0546509
1.46875 2.05465 0.0546509
1.5 2.05215 0.0521547
1.5 2.05215 0.0521547
1.53125 2.04953 0.0495329
1.53125 2.04953 0.0495329
1.5625 2.04679 0.046792
1.5625 2.04679 0.046792
1.59375 2.04394 0.043939
1.59375 2.04394 0.043939
1.625 2.04098 0.0409819
1.625 2.04098 0.0409819
1.65625 2.03793 0.0379301
1.65625 2.03793 0.0379301
1.6875 2.0348 0.0347961
1.6875 2.0348 0.0347961
1.71875 2.0316 0.0315978
1.71875 2.0316 0.0315978
1.75 2.02836 0.0283615
1.75 2.02836 0.0283615
1.78125 2.02513 0.0251273
1.78125 2.02513 0.0251273
1.8125 2.02195 0.0219536
1.8125 2.02195 0.0219536
1.84375 2.01892 0.0189212
1.84375 2.01892 0.0189212
1.875 2.01613 0.0161339
1.875 2.01613 0.0161339
1.90625 2.01371 0.0137136
1.90625 2.01371 0.0137136
1.9375 2.01179 0.0117889
1.9375 2.01179 0.0117889
1.96875 2.01048 0.0104772
1.96875 2.01048 0.0104772
2 2.00987 0.00986587
