# x y z topography
0 0 100.001 0.000548814
50 0 100.001 0.000548814
0 50 100.001 0.000548814
50 50 100.001 0.000548814
50 0 100.001 0.000548814
100 0 100.001 0.000715189
50 50 100.001 0.000548814
100 50 100.001 0.000715189
100 0 100.001 0.000715189
150 0 100.001 0.000715189
100 50 100.001 0.000715189
150 50 100.001 0.000715189
150 0 100.001 0.000715189
200 0 100.001 0.000602763
150 50 100.001 0.000715189
200 50 100.001 0.000602763
200 0 100.001 0.000602763
250 0 100.001 0.000602763
200 50 100.001 0.000602763
250 50 100.001 0.000602763
250 0 100.001 0.000602763
300 0 100.001 0.000544883
250 50 100.001 0.000602763
300 50 100.001 0.000544883
300 0 100.001 0.000544883
350 0 100.001 0.000544883
300 50 100.001 0.000544883
350 50 100.001 0.000544883
350 0 100.001 0.000544883
400 0 100 0.000423655
350 50 100.001 0.000544883
400 50 100 0.000423655
400 0 100 0.000423655
450 0 100 0.000423655
400 50 100 0.000423655
450 50 100 0.000423655
450 0 100 0.000423655
500 0 100.001 0.000645894
450 50 100 0.000423655
500 50 100.001 0.000645894
500 0 100.001 0.000645894
550 0 100.001 0.000645894
500 50 100.001 0.000645894
550 50 100.001 0.000645894
550 0 100.001 0.000645894
600 0 100 0.000437587
550 50 100.001 0.000645894
600 50 100 0.000437587
0 50 100.001 0.000548814
50 50 100.001 0.000548814
0 100 100.001 0.000791725
50 100 100.001 0.000791725
50 50 100.001 0.000548814
100 50 100.001 0.000715189
50 100 100.001 0.000791725
100 100 100.001 0.000528895
100 50 100.001 0.000715189
150 50 100.001 0.000715189
100 100 100.001 0.000528895
150 100 100.001 0.000528895
150 50 100.001 0.000715189
200 50 100.001 0.000602763
150 100 100.001 0.000528895
200 100 100.001 0.000568045
200 50 100.001 0.000602763
250 50 100.001 0.000602763
200 100 100.001 0.000568045
250 100 100.001 0.000568045
250 50 100.001 0.000602763
300 50 100.001 0.000544883
250 100 100.001 0.000568045
300 100 100.001 0.000925597
300 50 100.001 0.000544883
350 50 100.001 0.000544883
300 100 100.001 0.000925597
350 100 100.001 0.000925597
350 50 100.001 0.000544883
400 50 100 0.000423655
350 100 100.001 0.000925597
400 100 100 7.10361e-05
400 50 100 0.000423655
450 50 100 0.000423655
400 100 100 7.10361e-05
450 100 100 7.10361e-05
450 50 100 0.000423655
500 50 100.001 0.000645894
450 100 100 7.10361e-05
500 100 100 8.71293e-05
500 50 100.001 0.000645894
550 50 100.001 0.000645894
500 100 100 8.71293e-05
550 100 100 8.71293e-05
550 50 100.001 0.000645894
600 50 100 0.000437587
550 100 100 8.71293e-05
600 100 100 2.02184e-05
0 100 100.001 0.000791725
50 100 100.001 0.000791725
0 150 100.001 0.000791725
50 150 100.001 0.000791725
50 100 100.001 0.000791725
100 100 100.001 0.000528895
50 150 100.001 0.000791725
100 150 100.001 0.000528895
100 100 100.001 0.000528895
150 100 100.001 0.000528895
100 150 100.001 0.000528895
150 150 100.001 0.000528895
150 100 100.001 0.000528895
200 100 100.001 0.000568045
150 150 100.001 0.000528895
200 150 100.001 0.000568045
200 100 100.001 0.000568045
250 100 100.001 0.000568045
200 150 100.001 0.000568045
250 150 100.001 0.000568045
250 100 100.001 0.000568045
300 100 100.001 0.000925597
250 150 100.001 0.000568045
300 150 100.001 0.000925597
300 100 100.001 0.000925597
350 100 100.001 0.000925597
300 150 100.001 0.000925597
350 150 100.001 0.000925597
350 100 100.001 0.000925597
400 100 100 7.10361e-05
350 150 100.001 0.000925597
400 150 100 7.10361e-05
400 100 100 7.10361e-05
450 100 100 7.10361e-05
400 150 100 7.10361e-05
450 150 100 7.10361e-05
450 100 100 7.10361e-05
500 100 100 8.71293e-05
450 150 100 7.10361e-05
500 150 100 8.71293e-05
0 150 100.001 0.000791725
50 150 100.001 0.000791725
0 200 100.001 0.000978618
50 200 100.001 0.000978618
50 150 100.001 0.000791725
100 150 100.001 0.000528895
50 200 100.001 0.000978618
100 200 100.001 0.000799159
100 150 100.001 0.000528895
150 150 100.001 0.000528895
100 200 100.001 0.000799159
150 200 100.001 0.000799159
150 150 100.001 0.000528895
200 150 100.001 0.000568045
150 200 100.001 0.000799159
200 200 100 0.000461479
200 150 100.001 0.000568045
250 150 100.001 0.000568045
200 200 100 0.000461479
250 200 100 0.000461479
250 150 100.001 0.000568045
300 150 100.001 0.000925597
250 200 100 0.000461479
300 200 100.003 0.00278053
300 150 100.001 0.000925597
350 150 100.001 0.000925597
300 200 100.003 0.00278053
350 200 100.003 0.00278053
350 150 100.001 0.000925597
400 150 100 7.10361e-05
350 200 100.003 0.00278053
400 200 100.002 0.00211827
400 150 100 7.10361e-05
450 150 100 7.10361e-05
400 200 100.002 0.00211827
450 200 100.002 0.00211827
450 150 100 7.10361e-05
500 150 100 8.71293e-05
450 200 100.002 0.00211827
500 200 100.003 0.00263992
0 200 100.001 0.000978618
50 200 100.001 0.000978618
0 250 100.001 0.000978618
50 250 100.001 0.000978618
50 200 100.001 0.000978618
100 200 100.001 0.000799159
50 250 100.001 0.000978618
100 250 100.001 0.000799159
100 200 100.001 0.000799159
150 200 100.001 0.000799159
100 250 100.001 0.000799159
150 250 100.001 0.000799159
150 200 100.001 0.000799159
200 200 100 0.000461479
150 250 100.001 0.000799159
200 250 100 0.000461479
200 200 100 0.000461479
250 200 100 0.000461479
200 250 100 0.000461479
250 250 100 0.000461479
250 200 100 0.000461479
300 200 100.003 0.00278053
250 250 100 0.000461479
300 250 100.003 0.00278053
300 200 100.003 0.00278053
350 200 100.003 0.00278053
300 250 100.003 0.00278053
350 250 100.003 0.00278053
350 200 100.003 0.00278053
400 200 100.002 0.00211827
350 250 100.003 0.00278053
400 250 100.002 0.00211827
0 250 100.001 0.000978618
50 250 100.001 0.000978618
0 300 100 0.000264556
50 300 100 0.000264556
50 250 100.001 0.000978618
100 250 100.001 0.000799159
50 300 100 0.000264556
100 300 100.003 0.00277423
100 250 100.001 0.000799159
150 250 100.001 0.000799159
100 300 100.003 0.00277423
150 300 100.003 0.00277423
150 250 100.001 0.000799159
200 250 100 0.000461479
150 300 100.003 0.00277423
200 300 100.002 0.00245615
200 250 100 0.000461479
250 250 100 0.000461479
200 300 100.002 0.00245615
250 300 100.002 0.00245615
250 250 100 0.000461479
300 250 100.003 0.00278053
250 300 100.002 0.00245615
300 300 100.003 0.00256843
300 250 100.003 0.00278053
350 250 100.003 0.00278053
300 300 100.003 0.00256843
350 300 100.003 0.00256843
350 250 100.003 0.00278053
400 250 100.002 0.00211827
350 300 100.003 0.00256843
400 300 100.002 0.00201879
0 300 100 0.000264556
50 300 100 0.000264556
0 350 100 0.000264556
50 350 100 0.000264556
50 300 100 0.000264556
100 300 100.003 0.00277423
50 350 100 0.000264556
100 350 100.003 0.00277423
100 300 100.003 0.00277423
150 300 100.003 0.00277423
100 350 100.003 0.00277423
150 350 100.003 0.00277423
150 300 100.003 0.00277423
200 300 100.002 0.00245615
150 350 100.003 0.00277423
200 350 100.002 0.00245615
200 300 100.002 0.00245615
250 300 100.002 0.00245615
200 350 100.002 0.00245615
250 350 100.002 0.00245615
250 300 100.002 0.00245615
300 300 100.003 0.00256843
250 350 100.002 0.00245615
300 350 100.003 0.00256843
300 300 100.003 0.00256843
350 300 100.003 0.00256843
300 350 100.003 0.00256843
350 350 100.003 0.00256843
350 300 100.003 0.00256843
400 300 100.002 0.00201879
350 350 100.003 0.00256843
400 350 100.002 0.00201879
0 350 100 0.000264556
50 350 100 0.000264556
0 400 100 0.000359508
50 400 100 0.000359508
50 350 100 0.000264556
100 350 100.003 0.00277423
50 400 100 0.000359508
100 400 100.004 0.00443703
100 350 100.003 0.00277423
150 350 100.003 0.00277423
100 400 100.004 0.00443703
150 400 100.004 0.00443703
150 350 100.003 0.00277423
200 350 100.002 0.00245615
150 400 100.004 0.00443703
200 400 100.005 0.00469763
200 350 100.002 0.00245615
250 350 100.002 0.00245615
200 400 100.005 0.00469763
250 400 100.005 0.00469763
250 350 100.002 0.00245615
300 350 100.003 0.00256843
250 400 100.005 0.00469763
300 400 100.004 0.00406023
300 350 100.003 0.00256843
350 350 100.003 0.00256843
300 400 100.004 0.00406023
350 400 100.004 0.00406023
350 350 100.003 0.00256843
400 350 100.002 0.00201879
350 400 100.004 0.00406023
400 400 100.005 0.00466677
600 0 100 0.000437587
650 0 100 0.000437587
600 50 100 0.000437587
650 50 100 0.000437587
650 0 100 0.000437587
700 0 100.001 0.000891773
650 50 100 0.000437587
700 50 100.001 0.000891773
700 0 100.001 0.000891773
750 0 100.001 0.000891773
700 50 100.001 0.000891773
750 50 100.001 0.000891773
750 0 100.001 0.000891773
800 0 100.001 0.000963663
750 50 100.001 0.000891773
800 50 100.001 0.000963663
600 50 100 0.000437587
650 50 100 0.000437587
600 100 100 2.02184e-05
650 100 100 2.02184e-05
650 50 100 0.000437587
700 50 100.001 0.000891773
650 100 100 2.02184e-05
700 100 100.001 0.00083262
700 50 100.001 0.000891773
750 50 100.001 0.000891773
700 100 100.001 0.00083262
750 100 100.001 0.00083262
750 50 100.001 0.000891773
800 50 100.001 0.000963663
750 100 100.001 0.00083262
800 100 100.001 0.000778157
500 100 100 8.71293e-05
550 100 100 8.71293e-05
500 150 100 8.71293e-05
550 150 100 8.71293e-05
550 100 100 8.71293e-05
600 100 100 2.02184e-05
550 150 100 8.71293e-05
600 150 100 2.02184e-05
600 100 100 2.02184e-05
650 100 100 2.02184e-05
600 150 100 2.02184e-05
650 150 100 2.02184e-05
650 100 100 2.02184e-05
700 100 100.001 0.00083262
650 150 100 2.02184e-05
700 150 100.001 0.00083262
700 100 100.001 0.00083262
750 100 100.001 0.00083262
700 150 100.001 0.00083262
750 150 100.001 0.00083262
750 100 100.001 0.00083262
800 100 100.001 0.000778157
750 150 100.001 0.00083262
800 150 100.001 0.000778157
500 150 100 8.71293e-05
550 150 100 8.71293e-05
500 200 100.003 0.00263992
550 200 100.003 0.00263992
550 150 100 8.71293e-05
600 150 100 2.02184e-05
550 200 100.003 0.00263992
600 200 100.002 0.00214335
600 150 100 2.02184e-05
650 150 100 2.02184e-05
600 200 100.002 0.00214335
650 200 100.002 0.00214335
650 150 100 2.02184e-05
700 150 100.001 0.00083262
650 200 100.002 0.00214335
700 200 100.003 0.00294467
700 150 100.001 0.00083262
750 150 100.001 0.00083262
700 200 100.003 0.00294467
750 200 100.003 0.00294467
750 150 100.001 0.00083262
800 150 100.001 0.000778157
750 200 100.003 0.00294467
800 200 100.003 0.00252185
400 200 100.002 0.00211827
450 200 100.002 0.00211827
400 250 100.002 0.00211827
450 250 100.002 0.00211827
450 200 100.002 0.00211827
500 200 100.003 0.00263992
450 250 100.002 0.00211827
500 250 100.003 0.00263992
500 200 100.003 0.00263992
550 200 100.003 0.00263992
500 250 100.003 0.00263992
550 250 100.003 0.00263992
550 200 100.003 0.00263992
600 200 100.002 0.00214335
550 250 100.003 0.00263992
600 250 100.002 0.00214335
600 200 100.002 0.00214335
650 200 100.002 0.00214335
600 250 100.002 0.00214335
650 250 100.002 0.00214335
650 200 100.002 0.00214335
700 200 100.003 0.00294467
650 250 100.002 0.00214335
700 250 100.003 0.00294467
700 200 100.003 0.00294467
750 200 100.003 0.00294467
700 250 100.003 0.00294467
750 250 100.003 0.00294467
750 200 100.003 0.00294467
800 200 100.003 0.00252185
750 250 100.003 0.00294467
800 250 100.003 0.00252185
400 250 100.002 0.00211827
450 250 100.002 0.00211827
400 300 100.002 0.00201879
450 300 100.002 0.00201879
450 250 100.002 0.00211827
500 250 100.003 0.00263992
450 300 100.002 0.00201879
500 300 100.005 0.00461764
500 250 100.003 0.00263992
550 250 100.003 0.00263992
500 300 100.005 0.00461764
550 300 100.005 0.00461764
550 250 100.003 0.00263992
600 250 100.002 0.00214335
550 300 100.005 0.00461764
600 300 100.005 0.0046121
600 250 100.002 0.00214335
650 250 100.002 0.00214335
600 300 100.005 0.0046121
650 300 100.005 0.0046121
650 250 100.002 0.00214335
700 250 100.003 0.00294467
650 300 100.005 0.0046121
700 300 100.005 0.00461693
700 250 100.003 0.00294467
750 250 100.003 0.00294467
700 300 100.005 0.00461693
750 300 100.005 0.00461693
750 250 100.003 0.00294467
800 250 100.003 0.00252185
750 300 100.005 0.00461693
800 300 100.005 0.00494375
400 300 100.002 0.00201879
450 300 100.002 0.00201879
400 350 100.002 0.00201879
450 350 100.002 0.00201879
450 300 100.002 0.00201879
500 300 100.005 0.00461764
450 350 100.002 0.00201879
500 350 100.005 0.00461764
500 300 100.005 0.00461764
550 300 100.005 0.00461764
500 350 100.005 0.00461764
550 350 100.005 0.00461764
550 300 100.005 0.00461764
600 300 100.005 0.0046121
550 350 100.005 0.00461764
600 350 100.005 0.0046121
600 300 100.005 0.0046121
650 300 100.005 0.0046121
600 350 100.005 0.0046121
650 350 100.005 0.0046121
650 300 100.005 0.0046121
700 300 100.005 0.00461693
650 350 100.005 0.0046121
700 350 100.005 0.00461693
700 300 100.005 0.00461693
750 300 100.005 0.00461693
700 350 100.005 0.00461693
750 350 100.005 0.00461693
750 300 100.005 0.00461693
800 300 100.005 0.00494375
750 350 100.005 0.00461693
800 350 100.005 0.00494375
400 350 100.002 0.00201879
450 350 100.002 0.00201879
400 400 100.005 0.00466677
450 400 100.005 0.00466677
450 350 100.002 0.00201879
500 350 100.005 0.00461764
450 400 100.005 0.00466677
500 400 100.005 0.00467064
500 350 100.005 0.00461764
550 350 100.005 0.00461764
500 400 100.005 0.00467064
550 400 100.005 0.00467064
550 350 100.005 0.00461764
600 350 100.005 0.0046121
550 400 100.005 0.00467064
600 400 100.004 0.00421038
600 350 100.005 0.0046121
650 350 100.005 0.0046121
600 400 100.004 0.00421038
650 400 100.004 0.00421038
650 350 100.005 0.0046121
700 350 100.005 0.00461693
650 400 100.004 0.00421038
700 400 100.006 0.00612893
700 350 100.005 0.00461693
750 350 100.005 0.00461693
700 400 100.006 0.00612893
750 400 100.006 0.00612893
750 350 100.005 0.00461693
800 350 100.005 0.00494375
750 400 100.006 0.00612893
800 400 100.006 0.00631543
0 400 100 0.000359508
50 400 100 0.000359508
0 450 100 0.000359508
50 450 100 0.000359508
50 400 100 0.000359508
100 400 100.004 0.00443703
50 450 100 0.000359508
100 450 100.004 0.00443703
100 400 100.004 0.00443703
150 400 100.004 0.00443703
100 450 100.004 0.00443703
150 450 100.004 0.00443703
150 400 100.004 0.00443703
200 400 100.005 0.00469763
150 450 100.004 0.00443703
200 450 100.005 0.00469763
200 400 100.005 0.00469763
250 400 100.005 0.00469763
200 450 100.005 0.00469763
250 450 100.005 0.00469763
250 400 100.005 0.00469763
300 400 100.004 0.00406023
250 450 100.005 0.00469763
300 450 100.004 0.00406023
300 400 100.004 0.00406023
350 400 100.004 0.00406023
300 450 100.004 0.00406023
350 450 100.004 0.00406023
350 400 100.004 0.00406023
400 400 100.005 0.00466677
350 450 100.004 0.00406023
400 450 100.005 0.00466677
400 400 100.005 0.00466677
450 400 100.005 0.00466677
400 450 100.005 0.00466677
450 450 100.005 0.00466677
450 400 100.005 0.00466677
500 400 100.005 0.00467064
450 450 100.005 0.00466677
500 450 100.005 0.00467064
500 400 100.005 0.00467064
550 400 100.005 0.00467064
500 450 100.005 0.00467064
550 450 100.005 0.00467064
550 400 100.005 0.00467064
600 400 100.004 0.00421038
550 450 100.005 0.00467064
600 450 100.004 0.00421038
0 450 100 0.000359508
50 450 100 0.000359508
0 500 100.001 0.000570197
50 500 100.001 0.000570197
50 450 100 0.000359508
100 450 100.004 0.00443703
50 500 100.001 0.000570197
100 500 100.006 0.0064386
100 450 100.004 0.00443703
150 450 100.004 0.00443703
100 500 100.006 0.0064386
150 500 100.006 0.0064386
150 450 100.004 0.00443703
200 450 100.005 0.00469763
150 500 100.006 0.0064386
200 500 100.007 0.00698837
200 450 100.005 0.00469763
250 450 100.005 0.00469763
200 500 100.007 0.00698837
250 500 100.007 0.00698837
250 450 100.005 0.00469763
300 450 100.004 0.00406023
250 500 100.007 0.00698837
300 500 100.006 0.00610204
300 450 100.004 0.00406023
350 450 100.004 0.00406023
300 500 100.006 0.00610204
350 500 100.006 0.00610204
350 450 100.004 0.00406023
400 450 100.005 0.00466677
350 500 100.006 0.00610204
400 500 100.006 0.00620888
400 450 100.005 0.00466677
450 450 100.005 0.00466677
400 500 100.006 0.00620888
450 500 100.006 0.00620888
450 450 100.005 0.00466677
500 450 100.005 0.00467064
450 500 100.006 0.00620888
500 500 100.006 0.00616131
500 450 100.005 0.00467064
550 450 100.005 0.00467064
500 500 100.006 0.00616131
550 500 100.006 0.00616131
550 450 100.005 0.00467064
600 450 100.004 0.00421038
550 500 100.006 0.00616131
600 500 100.007 0.00665311
0 500 100.001 0.000570197
50 500 100.001 0.000570197
0 550 100.001 0.000570197
50 550 100.001 0.000570197
50 500 100.001 0.000570197
100 500 100.006 0.0064386
50 550 100.001 0.000570197
100 550 100.006 0.0064386
100 500 100.006 0.0064386
150 500 100.006 0.0064386
100 550 100.006 0.0064386
150 550 100.006 0.0064386
150 500 100.006 0.0064386
200 500 100.007 0.00698837
150 550 100.006 0.0064386
200 550 100.007 0.00698837
200 500 100.007 0.00698837
250 500 100.007 0.00698837
200 550 100.007 0.00698837
250 550 100.007 0.00698837
250 500 100.007 0.00698837
300 500 100.006 0.00610204
250 550 100.007 0.00698837
300 550 100.006 0.00610204
300 500 100.006 0.00610204
350 500 100.006 0.00610204
300 550 100.006 0.00610204
350 550 100.006 0.00610204
350 500 100.006 0.00610204
400 500 100.006 0.00620888
350 550 100.006 0.00610204
400 550 100.006 0.00620888
400 500 100.006 0.00620888
450 500 100.006 0.00620888
400 550 100.006 0.00620888
450 550 100.006 0.00620888
450 500 100.006 0.00620888
500 500 100.006 0.00616131
450 550 100.006 0.00620888
500 550 100.006 0.00616131
500 500 100.006 0.00616131
550 500 100.006 0.00616131
500 550 100.006 0.00616131
550 550 100.006 0.00616131
550 500 100.006 0.00616131
600 500 100.007 0.00665311
550 550 100.006 0.00616131
600 550 100.007 0.00665311
0 550 100.001 0.000570197
50 550 100.001 0.000570197
0 600 100 0.00015897
50 600 100 0.00015897
50 550 100.001 0.000570197
100 550 100.006 0.0064386
50 600 100 0.00015897
100 600 100.008 0.00811038
100 550 100.006 0.0064386
150 550 100.006 0.0064386
100 600 100.008 0.00811038
150 600 100.008 0.00811038
150 550 100.006 0.0064386
200 550 100.007 0.00698837
150 600 100.008 0.00811038
200 600 100.009 0.00865633
200 550 100.007 0.00698837
250 550 100.007 0.00698837
200 600 100.009 0.00865633
250 600 100.009 0.00865633
250 550 100.007 0.00698837
300 550 100.006 0.00610204
250 600 100.009 0.00865633
300 600 100.008 0.00813818
300 550 100.006 0.00610204
350 550 100.006 0.00610204
300 600 100.008 0.00813818
350 600 100.008 0.00813818
350 550 100.006 0.00610204
400 550 100.006 0.00620888
350 600 100.008 0.00813818
400 600 100.008 0.00819658
400 550 100.006 0.00620888
450 550 100.006 0.00620888
400 600 100.008 0.00819658
450 600 100.008 0.00819658
450 550 100.006 0.00620888
500 550 100.006 0.00616131
450 600 100.008 0.00819658
500 600 100.008 0.00836873
500 550 100.006 0.00616131
550 550 100.006 0.00616131
500 600 100.008 0.00836873
550 600 100.008 0.00836873
550 550 100.006 0.00616131
600 550 100.007 0.00665311
550 600 100.008 0.00836873
600 600 100.009 0.00882099
0 600 100 0.00015897
50 600 100 0.00015897
0 650 100 0.00015897
50 650 100 0.00015897
50 600 100 0.00015897
100 600 100.008 0.00811038
50 650 100 0.00015897
100 650 100.008 0.00811038
100 600 100.008 0.00811038
150 600 100.008 0.00811038
100 650 100.008 0.00811038
150 650 100.008 0.00811038
150 600 100.008 0.00811038
200 600 100.009 0.00865633
150 650 100.008 0.00811038
200 650 100.009 0.00865633
200 600 100.009 0.00865633
250 600 100.009 0.00865633
200 650 100.009 0.00865633
250 650 100.009 0.00865633
250 600 100.009 0.00865633
300 600 100.008 0.00813818
250 650 100.009 0.00865633
300 650 100.008 0.00813818
300 600 100.008 0.00813818
350 600 100.008 0.00813818
300 650 100.008 0.00813818
350 650 100.008 0.00813818
350 600 100.008 0.00813818
400 600 100.008 0.00819658
350 650 100.008 0.00813818
400 650 100.008 0.00819658
0 650 100 0.00015897
50 650 100 0.00015897
0 700 100.001 0.000976459
50 700 100.001 0.000976459
50 650 100 0.00015897
100 650 100.008 0.00811038
50 700 100.001 0.000976459
100 700 100.008 0.00846865
100 650 100.008 0.00811038
150 650 100.008 0.00811038
100 700 100.008 0.00846865
150 700 100.008 0.00846865
150 650 100.008 0.00811038
200 650 100.009 0.00865633
150 700 100.008 0.00846865
200 700 100.009 0.00897676
200 650 100.009 0.00865633
250 650 100.009 0.00865633
200 700 100.009 0.00897676
250 700 100.009 0.00897676
250 650 100.009 0.00865633
300 650 100.008 0.00813818
250 700 100.009 0.00897676
300 700 100.011 0.0106048
300 650 100.008 0.00813818
350 650 100.008 0.00813818
300 700 100.011 0.0106048
350 700 100.011 0.0106048
350 650 100.008 0.00813818
400 650 100.008 0.00819658
350 700 100.011 0.0106048
400 700 100.011 0.0107393
0 700 100.001 0.000976459
50 700 100.001 0.000976459
0 750 100.001 0.000976459
50 750 100.001 0.000976459
50 700 100.001 0.000976459
100 700 100.008 0.00846865
50 750 100.001 0.000976459
100 750 100.008 0.00846865
100 700 100.008 0.00846865
150 700 100.008 0.00846865
100 750 100.008 0.00846865
150 750 100.008 0.00846865
150 700 100.008 0.00846865
200 700 100.009 0.00897676
150 750 100.008 0.00846865
200 750 100.009 0.00897676
200 700 100.009 0.00897676
250 700 100.009 0.00897676
200 750 100.009 0.00897676
250 750 100.009 0.00897676
250 700 100.009 0.00897676
300 700 100.011 0.0106048
250 750 100.009 0.00897676
300 750 100.011 0.0106048
300 700 100.011 0.0106048
350 700 100.011 0.0106048
300 750 100.011 0.0106048
350 750 100.011 0.0106048
350 700 100.011 0.0106048
400 700 100.011 0.0107393
350 750 100.011 0.0106048
400 750 100.011 0.0107393
0 750 100.001 0.000976459
50 750 100.001 0.000976459
0 800 100 0.000317983
50 800 100 0.000317983
50 750 100.001 0.000976459
100 750 100.008 0.00846865
50 800 100 0.000317983
100 800 100.01 0.0104143
100 750 100.008 0.00846865
150 750 100.008 0.00846865
100 800 100.01 0.0104143
150 800 100.01 0.0104143
150 750 100.008 0.00846865
200 750 100.009 0.00897676
150 800 100.01 0.0104143
200 800 100.01 0.0100641
200 750 100.009 0.00897676
250 750 100.009 0.00897676
200 800 100.01 0.0100641
250 800 100.01 0.0100641
250 750 100.009 0.00897676
300 750 100.011 0.0106048
250 800 100.01 0.0100641
300 800 100.011 0.0106925
300 750 100.011 0.0106048
350 750 100.011 0.0106048
300 800 100.011 0.0106925
350 800 100.011 0.0106925
350 750 100.011 0.0106048
400 750 100.011 0.0107393
350 800 100.011 0.0106925
400 800 100.011 0.0105666
800 0 100.001 0.000963663
850 0 100.001 0.000963663
800 50 100.001 0.000963663
850 50 100.001 0.000963663
850 0 100.001 0.000963663
900 0 100 0.000383442
850 50 100.001 0.000963663
900 50 100 0.000383442
800 50 100.001 0.000963663
850 50 100.001 0.000963663
800 100 100.001 0.000778157
850 100 100.001 0.000778157
850 50 100.001 0.000963663
900 50 100 0.000383442
850 100 100.001 0.000778157
900 100 100.001 0.000870012
800 100 100.001 0.000778157
850 100 100.001 0.000778157
800 150 100.001 0.000778157
850 150 100.001 0.000778157
850 100 100.001 0.000778157
900 100 100.001 0.000870012
850 150 100.001 0.000778157
900 150 100.001 0.000870012
800 150 100.001 0.000778157
850 150 100.001 0.000778157
800 200 100.003 0.00252185
850 200 100.003 0.00252185
850 150 100.001 0.000778157
900 150 100.001 0.000870012
850 200 100.003 0.00252185
900 200 100 0.000414662
800 200 100.003 0.00252185
850 200 100.003 0.00252185
800 250 100.003 0.00252185
850 250 100.003 0.00252185
850 200 100.003 0.00252185
900 200 100 0.000414662
850 250 100.003 0.00252185
900 250 100 0.000414662
800 250 100.003 0.00252185
850 250 100.003 0.00252185
800 300 100.005 0.00494375
850 300 100.005 0.00494375
850 250 100.003 0.00252185
900 250 100 0.000414662
850 300 100.005 0.00494375
900 300 100.001 0.00068182
800 300 100.005 0.00494375
850 300 100.005 0.00494375
800 350 100.005 0.00494375
850 350 100.005 0.00494375
850 300 100.005 0.00494375
900 300 100.001 0.00068182
850 350 100.005 0.00494375
900 350 100.001 0.00068182
800 350 100.005 0.00494375
850 350 100.005 0.00494375
800 400 100.006 0.00631543
850 400 100.006 0.00631543
850 350 100.005 0.00494375
900 350 100.001 0.00068182
850 400 100.006 0.00631543
900 400 100 0.000363711
600 400 100.004 0.00421038
650 400 100.004 0.00421038
600 450 100.004 0.00421038
650 450 100.004 0.00421038
650 400 100.004 0.00421038
700 400 100.006 0.00612893
650 450 100.004 0.00421038
700 450 100.006 0.00612893
700 400 100.006 0.00612893
750 400 100.006 0.00612893
700 450 100.006 0.00612893
750 450 100.006 0.00612893
750 400 100.006 0.00612893
800 400 100.006 0.00631543
750 450 100.006 0.00612893
800 450 100.006 0.00631543
800 400 100.006 0.00631543
850 400 100.006 0.00631543
800 450 100.006 0.00631543
850 450 100.006 0.00631543
850 400 100.006 0.00631543
900 400 100 0.000363711
850 450 100.006 0.00631543
900 450 100 0.000363711
600 450 100.004 0.00421038
650 450 100.004 0.00421038
600 500 100.007 0.00665311
650 500 100.007 0.00665311
650 450 100.004 0.00421038
700 450 100.006 0.00612893
650 500 100.007 0.00665311
700 500 100.006 0.00625329
700 450 100.006 0.00612893
750 450 100.006 0.00612893
700 500 100.006 0.00625329
750 500 100.006 0.00625329
750 450 100.006 0.00612893
800 450 100.006 0.00631543
750 500 100.006 0.00625329
800 500 100.006 0.00646631
800 450 100.006 0.00631543
850 450 100.006 0.00631543
800 500 100.006 0.00646631
850 500 100.006 0.00646631
850 450 100.006 0.00631543
900 450 100 0.000363711
850 500 100.006 0.00646631
900 500 100 0.000244426
600 500 100.007 0.00665311
650 500 100.007 0.00665311
600 550 100.007 0.00665311
650 550 100.007 0.00665311
650 500 100.007 0.00665311
700 500 100.006 0.00625329
650 550 100.007 0.00665311
700 550 100.006 0.00625329
700 500 100.006 0.00625329
750 500 100.006 0.00625329
700 550 100.006 0.00625329
750 550 100.006 0.00625329
750 500 100.006 0.00625329
800 500 100.006 0.00646631
750 550 100.006 0.00625329
800 550 100.006 0.00646631
800 500 100.006 0.00646631
850 500 100.006 0.00646631
800 550 100.006 0.00646631
850 550 100.006 0.00646631
850 500 100.006 0.00646631
900 500 100 0.000244426
850 550 100.006 0.00646631
900 550 100 0.000244426
600 550 100.007 0.00665311
650 550 100.007 0.00665311
600 600 100.009 0.00882099
650 600 100.009 0.00882099
650 550 100.007 0.00665311
700 550 100.006 0.00625329
650 600 100.009 0.00882099
700 600 100.008 0.0080971
700 550 100.006 0.00625329
750 550 100.006 0.00625329
700 600 100.008 0.0080971
750 600 100.008 0.0080971
750 550 100.006 0.00625329
800 550 100.006 0.00646631
750 600 100.008 0.0080971
800 600 100.009 0.00883794
800 550 100.006 0.00646631
850 550 100.006 0.00646631
800 600 100.009 0.00883794
850 600 100.009 0.00883794
850 550 100.006 0.00646631
900 550 100 0.000244426
850 600 100.009 0.00883794
900 600 100 9.60984e-05
400 600 100.008 0.00819658
450 600 100.008 0.00819658
400 650 100.008 0.00819658
450 650 100.008 0.00819658
450 600 100.008 0.00819658
500 600 100.008 0.00836873
450 650 100.008 0.00819658
500 650 100.008 0.00836873
500 600 100.008 0.00836873
550 600 100.008 0.00836873
500 650 100.008 0.00836873
550 650 100.008 0.00836873
550 600 100.008 0.00836873
600 600 100.009 0.00882099
550 650 100.008 0.00836873
600 650 100.009 0.00882099
600 600 100.009 0.00882099
650 600 100.009 0.00882099
600 650 100.009 0.00882099
650 650 100.009 0.00882099
650 600 100.009 0.00882099
700 600 100.008 0.0080971
650 650 100.009 0.00882099
700 650 100.008 0.0080971
700 600 100.008 0.0080971
750 600 100.008 0.0080971
700 650 100.008 0.0080971
750 650 100.008 0.0080971
750 600 100.008 0.0080971
800 600 100.009 0.00883794
750 650 100.008 0.0080971
800 650 100.009 0.00883794
800 600 100.009 0.00883794
850 600 100.009 0.00883794
800 650 100.009 0.00883794
850 650 100.009 0.00883794
850 600 100.009 0.00883794
900 600 100 9.60984e-05
850 650 100.009 0.00883794
900 650 100 9.60984e-05
400 650 100.008 0.00819658
450 650 100.008 0.00819658
400 700 100.011 0.0107393
450 700 100.011 0.0107393
450 650 100.008 0.00819658
500 650 100.008 0.00836873
450 700 100.011 0.0107393
500 700 100.01 0.0100392
500 650 100.008 0.00836873
550 650 100.008 0.00836873
500 700 100.01 0.0100392
550 700 100.01 0.0100392
550 650 100.008 0.00836873
600 650 100.009 0.00882099
550 700 100.01 0.0100392
600 700 100.01 0.0102828
600 650 100.009 0.00882099
650 650 100.009 0.00882099
600 700 100.01 0.0102828
650 700 100.01 0.0102828
650 650 100.009 0.00882099
700 650 100.008 0.0080971
650 700 100.01 0.0102828
700 700 100.01 0.0101202
700 650 100.008 0.0080971
750 650 100.008 0.0080971
700 700 100.01 0.0101202
750 700 100.01 0.0101202
750 650 100.008 0.0080971
800 650 100.009 0.00883794
750 700 100.01 0.0101202
800 700 100.01 0.0102961
800 650 100.009 0.00883794
850 650 100.009 0.00883794
800 700 100.01 0.0102961
850 700 100.01 0.0102961
850 650 100.009 0.00883794
900 650 100 9.60984e-05
850 700 100.01 0.0102961
900 700 100 0.000118728
400 700 100.011 0.0107393
450 700 100.011 0.0107393
400 750 100.011 0.0107393
450 750 100.011 0.0107393
450 700 100.011 0.0107393
500 700 100.01 0.0100392
450 750 100.011 0.0107393
500 750 100.01 0.0100392
500 700 100.01 0.0100392
550 700 100.01 0.0100392
500 750 100.01 0.0100392
550 750 100.01 0.0100392
550 700 100.01 0.0100392
600 700 100.01 0.0102828
550 750 100.01 0.0100392
600 750 100.01 0.0102828
600 700 100.01 0.0102828
650 700 100.01 0.0102828
600 750 100.01 0.0102828
650 750 100.01 0.0102828
650 700 100.01 0.0102828
700 700 100.01 0.0101202
650 750 100.01 0.0102828
700 750 100.01 0.0101202
700 700 100.01 0.0101202
750 700 100.01 0.0101202
700 750 100.01 0.0101202
750 750 100.01 0.0101202
750 700 100.01 0.0101202
800 700 100.01 0.0102961
750 750 100.01 0.0101202
800 750 100.01 0.0102961
800 700 100.01 0.0102961
850 700 100.01 0.0102961
800 750 100.01 0.0102961
850 750 100.01 0.0102961
850 700 100.01 0.0102961
900 700 100 0.000118728
850 750 100.01 0.0102961
900 750 100 0.000118728
400 750 100.011 0.0107393
450 750 100.011 0.0107393
400 800 100.011 0.0105666
450 800 100.011 0.0105666
450 750 100.011 0.0107393
500 750 100.01 0.0100392
450 800 100.011 0.0105666
500 800 100.012 0.0122654
500 750 100.01 0.0100392
550 750 100.01 0.0100392
500 800 100.012 0.0122654
550 800 100.012 0.0122654
550 750 100.01 0.0100392
600 750 100.01 0.0102828
550 800 100.012 0.0122654
600 800 100.013 0.0125232
600 750 100.01 0.0102828
650 750 100.01 0.0102828
600 800 100.013 0.0125232
650 800 100.013 0.0125232
650 750 100.01 0.0102828
700 750 100.01 0.0101202
650 800 100.013 0.0125232
700 800 100.012 0.0120939
700 750 100.01 0.0101202
750 750 100.01 0.0101202
700 800 100.012 0.0120939
750 800 100.012 0.0120939
750 750 100.01 0.0101202
800 750 100.01 0.0102961
750 800 100.012 0.0120939
800 800 100.013 0.0125759
800 750 100.01 0.0102961
850 750 100.01 0.0102961
800 800 100.013 0.0125759
850 800 100.013 0.0125759
850 750 100.01 0.0102961
900 750 100 0.000118728
850 800 100.013 0.0125759
900 800 100.001 0.000929296
0 800 100 0.000317983
50 800 100 0.000317983
0 850 100 0.000317983
50 850 100 0.000317983
50 800 100 0.000317983
100 800 100.01 0.0104143
50 850 100 0.000317983
100 850 100.01 0.0104143
100 800 100.01 0.0104143
150 800 100.01 0.0104143
100 850 100.01 0.0104143
150 850 100.01 0.0104143
150 800 100.01 0.0104143
200 800 100.01 0.0100641
150 850 100.01 0.0104143
200 850 100.01 0.0100641
200 800 100.01 0.0100641
250 800 100.01 0.0100641
200 850 100.01 0.0100641
250 850 100.01 0.0100641
250 800 100.01 0.0100641
300 800 100.011 0.0106925
250 850 100.01 0.0100641
300 850 100.011 0.0106925
300 800 100.011 0.0106925
350 800 100.011 0.0106925
300 850 100.011 0.0106925
350 850 100.011 0.0106925
350 800 100.011 0.0106925
400 800 100.011 0.0105666
350 850 100.011 0.0106925
400 850 100.011 0.0105666
400 800 100.011 0.0105666
450 800 100.011 0.0105666
400 850 100.011 0.0105666
450 850 100.011 0.0105666
450 800 100.011 0.0105666
500 800 100.012 0.0122654
450 850 100.011 0.0105666
500 850 100.012 0.0122654
500 800 100.012 0.0122654
550 800 100.012 0.0122654
500 850 100.012 0.0122654
550 850 100.012 0.0122654
550 800 100.012 0.0122654
600 800 100.013 0.0125232
550 850 100.012 0.0122654
600 850 100.013 0.0125232
600 800 100.013 0.0125232
650 800 100.013 0.0125232
600 850 100.013 0.0125232
650 850 100.013 0.0125232
650 800 100.013 0.0125232
700 800 100.012 0.0120939
650 850 100.013 0.0125232
700 850 100.012 0.0120939
700 800 100.012 0.0120939
750 800 100.012 0.0120939
700 850 100.012 0.0120939
750 850 100.012 0.0120939
750 800 100.012 0.0120939
800 800 100.013 0.0125759
750 850 100.012 0.0120939
800 850 100.013 0.0125759
0 850 100 0.000317983
50 850 100 0.000317983
0 900 100 0.000318569
50 900 100 0.000318569
50 850 100 0.000317983
100 850 100.01 0.0104143
50 900 100 0.000318569
100 900 100.013 0.0126674
100 850 100.01 0.0104143
150 850 100.01 0.0104143
100 900 100.013 0.0126674
150 900 100.013 0.0126674
150 850 100.01 0.0104143
200 850 100.01 0.0100641
150 900 100.013 0.0126674
200 900 100.012 0.0121318
200 850 100.01 0.0100641
250 850 100.01 0.0100641
200 900 100.012 0.0121318
250 900 100.012 0.0121318
250 850 100.01 0.0100641
300 850 100.011 0.0106925
250 900 100.012 0.0121318
300 900 100.013 0.0127163
300 850 100.011 0.0106925
350 850 100.011 0.0106925
300 900 100.013 0.0127163
350 900 100.013 0.0127163
350 850 100.011 0.0106925
400 850 100.011 0.0105666
350 900 100.013 0.0127163
400 900 100.012 0.0122894
400 850 100.011 0.0105666
450 850 100.011 0.0105666
400 900 100.012 0.0122894
450 900 100.012 0.0122894
450 850 100.011 0.0105666
500 850 100.012 0.0122654
450 900 100.012 0.0122894
500 900 100.012 0.0121832
500 850 100.012 0.0122654
550 850 100.012 0.0122654
500 900 100.012 0.0121832
550 900 100.012 0.0121832
550 850 100.012 0.0122654
600 850 100.013 0.0125232
550 900 100.012 0.0121832
600 900 100.013 0.0125865
600 850 100.013 0.0125232
650 850 100.013 0.0125232
600 900 100.013 0.0125865
650 900 100.013 0.0125865
650 850 100.013 0.0125232
700 850 100.012 0.0120939
650 900 100.013 0.0125865
700 900 100.014 0.0140201
700 850 100.012 0.0120939
750 850 100.012 0.0120939
700 900 100.014 0.0140201
750 900 100.014 0.0140201
750 850 100.012 0.0120939
800 850 100.013 0.0125759
750 900 100.014 0.0140201
800 900 100.015 0.0148289
0 900 100 0.000318569
50 900 100 0.000318569
0 950 100 0.000318569
50 950 100 0.000318569
50 900 100 0.000318569
100 900 100.013 0.0126674
50 950 100 0.000318569
100 950 100.013 0.0126674
100 900 100.013 0.0126674
150 900 100.013 0.0126674
100 950 100.013 0.0126674
150 950 100.013 0.0126674
150 900 100.013 0.0126674
200 900 100.012 0.0121318
150 950 100.013 0.0126674
200 950 100.012 0.0121318
200 900 100.012 0.0121318
250 900 100.012 0.0121318
200 950 100.012 0.0121318
250 950 100.012 0.0121318
250 900 100.012 0.0121318
300 900 100.013 0.0127163
250 950 100.012 0.0121318
300 950 100.013 0.0127163
300 900 100.013 0.0127163
350 900 100.013 0.0127163
300 950 100.013 0.0127163
350 950 100.013 0.0127163
350 900 100.013 0.0127163
400 900 100.012 0.0122894
350 950 100.013 0.0127163
400 950 100.012 0.0122894
400 900 100.012 0.0122894
450 900 100.012 0.0122894
400 950 100.012 0.0122894
450 950 100.012 0.0122894
450 900 100.012 0.0122894
500 900 100.012 0.0121832
450 950 100.012 0.0122894
500 950 100.012 0.0121832
500 900 100.012 0.0121832
550 900 100.012 0.0121832
500 950 100.012 0.0121832
550 950 100.012 0.0121832
550 900 100.012 0.0121832
600 900 100.013 0.0125865
550 950 100.012 0.0121832
600 950 100.013 0.0125865
600 900 100.013 0.0125865
650 900 100.013 0.0125865
600 950 100.013 0.0125865
650 950 100.013 0.0125865
650 900 100.013 0.0125865
700 900 100.014 0.0140201
650 950 100.013 0.0125865
700 950 100.014 0.0140201
700 900 100.014 0.0140201
750 900 100.014 0.0140201
700 950 100.014 0.0140201
750 950 100.014 0.0140201
750 900 100.014 0.0140201
800 900 100.015 0.0148289
750 950 100.014 0.0140201
800 950 100.015 0.0148289
0 950 100 0.000318569
50 950 100 0.000318569
0 1000 100.001 0.000677817
50 1000 100.001 0.000677817
50 950 100 0.000318569
100 950 100.013 0.0126674
50 1000 100.001 0.000677817
100 1000 100.014 0.01427
100 950 100.013 0.0126674
150 950 100.013 0.0126674
100 1000 100.014 0.01427
150 1000 100.014 0.01427
150 950 100.013 0.0126674
200 950 100.012 0.0121318
150 1000 100.014 0.01427
200 1000 100.015 0.0147352
200 950 100.012 0.0121318
250 950 100.012 0.0121318
200 1000 100.015 0.0147352
250 1000 100.015 0.0147352
250 950 100.012 0.0121318
300 950 100.013 0.0127163
250 1000 100.015 0.0147352
300 1000 100.015 0.0149622
300 950 100.013 0.0127163
350 950 100.013 0.0127163
300 1000 100.015 0.0149622
350 1000 100.015 0.0149622
350 950 100.013 0.0127163
400 950 100.012 0.0122894
350 1000 100.015 0.0149622
400 1000 100.014 0.0142488
400 950 100.012 0.0122894
450 950 100.012 0.0122894
400 1000 100.014 0.0142488
450 1000 100.014 0.0142488
450 950 100.012 0.0122894
500 950 100.012 0.0121832
450 1000 100.014 0.0142488
500 1000 100.015 0.0145762
500 950 100.012 0.0121832
550 950 100.012 0.0121832
500 1000 100.015 0.0145762
550 1000 100.015 0.0145762
550 950 100.012 0.0121832
600 950 100.013 0.0125865
550 1000 100.015 0.0145762
600 1000 100.015 0.014592
600 950 100.013 0.0125865
650 950 100.013 0.0125865
600 1000 100.015 0.014592
650 1000 100.015 0.014592
650 950 100.013 0.0125865
700 950 100.014 0.0140201
650 1000 100.015 0.014592
700 1000 100.015 0.0145723
700 950 100.014 0.0140201
750 950 100.014 0.0140201
700 1000 100.015 0.0145723
750 1000 100.015 0.0145723
750 950 100.014 0.0140201
800 950 100.015 0.0148289
750 1000 100.015 0.0145723
800 1000 100.014 0.0142231
0 1000 100.001 0.000677817
50 1000 100.001 0.000677817
0 1050 100.001 0.000677817
50 1050 100.001 0.000677817
50 1000 100.001 0.000677817
100 1000 100.014 0.01427
50 1050 100.001 0.000677817
100 1050 100.014 0.01427
100 1000 100.014 0.01427
150 1000 100.014 0.01427
100 1050 100.014 0.01427
150 1050 100.014 0.01427
150 1000 100.014 0.01427
200 1000 100.015 0.0147352
150 1050 100.014 0.01427
200 1050 100.015 0.0147352
200 1000 100.015 0.0147352
250 1000 100.015 0.0147352
200 1050 100.015 0.0147352
250 1050 100.015 0.0147352
250 1000 100.015 0.0147352
300 1000 100.015 0.0149622
250 1050 100.015 0.0147352
300 1050 100.015 0.0149622
300 1000 100.015 0.0149622
350 1000 100.015 0.0149622
300 1050 100.015 0.0149622
350 1050 100.015 0.0149622
350 1000 100.015 0.0149622
400 1000 100.014 0.0142488
350 1050 100.015 0.0149622
400 1050 100.014 0.0142488
400 1000 100.014 0.0142488
450 1000 100.014 0.0142488
400 1050 100.014 0.0142488
450 1050 100.014 0.0142488
450 1000 100.014 0.0142488
500 1000 100.015 0.0145762
450 1050 100.014 0.0142488
500 1050 100.015 0.0145762
500 1000 100.015 0.0145762
550 1000 100.015 0.0145762
500 1050 100.015 0.0145762
550 1050 100.015 0.0145762
550 1000 100.015 0.0145762
600 1000 100.015 0.014592
550 1050 100.015 0.0145762
600 1050 100.015 0.014592
600 1000 100.015 0.014592
650 1000 100.015 0.014592
600 1050 100.015 0.014592
650 1050 100.015 0.014592
650 1000 100.015 0.014592
700 1000 100.015 0.0145723
650 1050 100.015 0.014592
700 1050 100.015 0.0145723
700 1000 100.015 0.0145723
750 1000 100.015 0.0145723
700 1050 100.015 0.0145723
750 1050 100.015 0.0145723
750 1000 100.015 0.0145723
800 1000 100.014 0.0142231
750 1050 100.015 0.0145723
800 1050 100.014 0.0142231
0 1050 100.001 0.000677817
50 1050 100.001 0.000677817
0 1100 100 0.000447125
50 1100 100 0.000447125
50 1050 100.001 0.000677817
100 1050 100.014 0.01427
50 1100 100 0.000447125
100 1100 100.017 0.0168464
100 1050 100.014 0.01427
150 1050 100.014 0.01427
100 1100 100.017 0.0168464
150 1100 100.017 0.0168464
150 1050 100.014 0.01427
200 1050 100.015 0.0147352
150 1100 100.017 0.0168464
200 1100 100.017 0.0166995
200 1050 100.015 0.0147352
250 1050 100.015 0.0147352
200 1100 100.017 0.0166995
250 1100 100.017 0.0166995
250 1050 100.015 0.0147352
300 1050 100.015 0.0149622
250 1100 100.017 0.0166995
300 1100 100.016 0.0162974
300 1050 100.015 0.0149622
350 1050 100.015 0.0149622
300 1100 100.016 0.0162974
350 1100 100.016 0.0162974
350 1050 100.015 0.0149622
400 1050 100.014 0.0142488
350 1100 100.016 0.0162974
400 1100 100.017 0.0168138
400 1050 100.014 0.0142488
450 1050 100.014 0.0142488
400 1100 100.017 0.0168138
450 1100 100.017 0.0168138
450 1050 100.014 0.0142488
500 1050 100.015 0.0145762
450 1100 100.017 0.0168138
500 1100 100.016 0.0163965
500 1050 100.015 0.0145762
550 1050 100.015 0.0145762
500 1100 100.016 0.0163965
550 1100 100.016 0.0163965
550 1050 100.015 0.0145762
600 1050 100.015 0.014592
550 1100 100.016 0.0163965
600 1100 100.017 0.0168811
600 1050 100.015 0.014592
650 1050 100.015 0.014592
600 1100 100.017 0.0168811
650 1100 100.017 0.0168811
650 1050 100.015 0.014592
700 1050 100.015 0.0145723
650 1100 100.017 0.0168811
700 1100 100.017 0.0165813
700 1050 100.015 0.0145723
750 1050 100.015 0.0145723
700 1100 100.017 0.0165813
750 1100 100.017 0.0165813
750 1050 100.015 0.0145723
800 1050 100.014 0.0142231
750 1100 100.017 0.0165813
800 1100 100.017 0.0168817
0 1100 100 0.000447125
50 1100 100 0.000447125
0 1150 100 0.000447125
50 1150 100 0.000447125
50 1100 100 0.000447125
100 1100 100.017 0.0168464
50 1150 100 0.000447125
100 1150 100.017 0.0168464
100 1100 100.017 0.0168464
150 1100 100.017 0.0168464
100 1150 100.017 0.0168464
150 1150 100.017 0.0168464
150 1100 100.017 0.0168464
200 1100 100.017 0.0166995
150 1150 100.017 0.0168464
200 1150 100.017 0.0166995
200 1100 100.017 0.0166995
250 1100 100.017 0.0166995
200 1150 100.017 0.0166995
250 1150 100.017 0.0166995
250 1100 100.017 0.0166995
300 1100 100.016 0.0162974
250 1150 100.017 0.0166995
300 1150 100.016 0.0162974
300 1100 100.016 0.0162974
350 1100 100.016 0.0162974
300 1150 100.016 0.0162974
350 1150 100.016 0.0162974
350 1100 100.016 0.0162974
400 1100 100.017 0.0168138
350 1150 100.016 0.0162974
400 1150 100.017 0.0168138
400 1100 100.017 0.0168138
450 1100 100.017 0.0168138
400 1150 100.017 0.0168138
450 1150 100.017 0.0168138
450 1100 100.017 0.0168138
500 1100 100.016 0.0163965
450 1150 100.017 0.0168138
500 1150 100.016 0.0163965
500 1100 100.016 0.0163965
550 1100 100.016 0.0163965
500 1150 100.016 0.0163965
550 1150 100.016 0.0163965
550 1100 100.016 0.0163965
600 1100 100.017 0.0168811
550 1150 100.016 0.0163965
600 1150 100.017 0.0168811
600 1100 100.017 0.0168811
650 1100 100.017 0.0168811
600 1150 100.017 0.0168811
650 1150 100.017 0.0168811
650 1100 100.017 0.0168811
700 1100 100.017 0.0165813
650 1150 100.017 0.0168811
700 1150 100.017 0.0165813
700 1100 100.017 0.0165813
750 1100 100.017 0.0165813
700 1150 100.017 0.0165813
750 1150 100.017 0.0165813
750 1100 100.017 0.0165813
800 1100 100.017 0.0168817
750 1150 100.017 0.0165813
800 1150 100.017 0.0168817
0 1150 100 0.000447125
50 1150 100 0.000447125
0 1200 100.001 0.000725254
50 1200 100.001 0.000725254
50 1150 100 0.000447125
100 1150 100.017 0.0168464
50 1200 100.001 0.000725254
100 1200 100.017 0.0165013
100 1150 100.017 0.0168464
150 1150 100.017 0.0168464
100 1200 100.017 0.0165013
150 1200 100.017 0.0165013
150 1150 100.017 0.0168464
200 1150 100.017 0.0166995
150 1200 100.017 0.0165013
200 1200 100.017 0.0169561
200 1150 100.017 0.0166995
250 1150 100.017 0.0166995
200 1200 100.017 0.0169561
250 1200 100.017 0.0169561
250 1150 100.017 0.0166995
300 1150 100.016 0.0162974
250 1200 100.017 0.0169561
300 1200 100.019 0.018644
300 1150 100.016 0.0162974
350 1150 100.016 0.0162974
300 1200 100.019 0.018644
350 1200 100.019 0.018644
350 1150 100.016 0.0162974
400 1150 100.017 0.0168138
350 1200 100.019 0.018644
400 1200 100.018 0.0184239
400 1150 100.017 0.0168138
450 1150 100.017 0.0168138
400 1200 100.018 0.0184239
450 1200 100.018 0.0184239
450 1150 100.017 0.0168138
500 1150 100.016 0.0163965
450 1200 100.018 0.0184239
500 1200 100.019 0.0186064
500 1150 100.016 0.0163965
550 1150 100.016 0.0163965
500 1200 100.019 0.0186064
550 1200 100.019 0.0186064
550 1150 100.016 0.0163965
600 1150 100.017 0.0168811
550 1200 100.019 0.0186064
600 1200 100.018 0.0180192
600 1150 100.017 0.0168811
650 1150 100.017 0.0168811
600 1200 100.018 0.0180192
650 1200 100.018 0.0180192
650 1150 100.017 0.0168811
700 1150 100.017 0.0165813
650 1200 100.018 0.0180192
700 1200 100.018 0.0183016
700 1150 100.017 0.0165813
750 1150 100.017 0.0165813
700 1200 100.018 0.0183016
750 1200 100.018 0.0183016
750 1150 100.017 0.0165813
800 1150 100.017 0.0168817
750 1200 100.018 0.0183016
800 1200 100.019 0.0186602
0 1200 100.001 0.000725254
50 1200 100.001 0.000725254
0 1250 100.001 0.000725254
50 1250 100.001 0.000725254
50 1200 100.001 0.000725254
100 1200 100.017 0.0165013
50 1250 100.001 0.000725254
100 1250 100.017 0.0165013
100 1200 100.017 0.0165013
150 1200 100.017 0.0165013
100 1250 100.017 0.0165013
150 1250 100.017 0.0165013
150 1200 100.017 0.0165013
200 1200 100.017 0.0169561
150 1250 100.017 0.0165013
200 1250 100.017 0.0169561
0 1250 100.001 0.000725254
50 1250 100.001 0.000725254
0 1300 100.001 0.000618015
50 1300 100.001 0.000618015
50 1250 100.001 0.000725254
100 1250 100.017 0.0165013
50 1300 100.001 0.000618015
100 1300 100.018 0.0184288
100 1250 100.017 0.0165013
150 1250 100.017 0.0165013
100 1300 100.018 0.0184288
150 1300 100.018 0.0184288
150 1250 100.017 0.0165013
200 1250 100.017 0.0169561
150 1300 100.018 0.0184288
200 1300 100.018 0.0181355
0 1300 100.001 0.000618015
50 1300 100.001 0.000618015
0 1350 100.001 0.000618015
50 1350 100.001 0.000618015
50 1300 100.001 0.000618015
100 1300 100.018 0.0184288
50 1350 100.001 0.000618015
100 1350 100.018 0.0184288
100 1300 100.018 0.0184288
150 1300 100.018 0.0184288
100 1350 100.018 0.0184288
150 1350 100.018 0.0184288
150 1300 100.018 0.0184288
200 1300 100.018 0.0181355
150 1350 100.018 0.0184288
200 1350 100.018 0.0181355
0 1350 100.001 0.000618015
50 1350 100.001 0.000618015
0 1400 100.001 0.000896547
50 1400 100.001 0.000896547
50 1350 100.001 0.000618015
100 1350 100.018 0.0184288
50 1400 100.001 0.000896547
100 1400 100.02 0.0203676
100 1350 100.018 0.0184288
150 1350 100.018 0.0184288
100 1400 100.02 0.0203676
150 1400 100.02 0.0203676
150 1350 100.018 0.0184288
200 1350 100.018 0.0181355
150 1400 100.02 0.0203676
200 1400 100.02 0.0204359
800 800 100.013 0.0125759
850 800 100.013 0.0125759
800 850 100.013 0.0125759
850 850 100.013 0.0125759
850 800 100.013 0.0125759
900 800 100.001 0.000929296
850 850 100.013 0.0125759
900 850 100.001 0.000929296
800 850 100.013 0.0125759
850 850 100.013 0.0125759
800 900 100.015 0.0148289
850 900 100.015 0.0148289
850 850 100.013 0.0125759
900 850 100.001 0.000929296
850 900 100.015 0.0148289
900 900 100 4.69548e-06
800 900 100.015 0.0148289
850 900 100.015 0.0148289
800 950 100.015 0.0148289
850 950 100.015 0.0148289
850 900 100.015 0.0148289
900 900 100 4.69548e-06
850 950 100.015 0.0148289
900 950 100 4.69548e-06
800 950 100.015 0.0148289
850 950 100.015 0.0148289
800 1000 100.014 0.0142231
850 1000 100.014 0.0142231
850 950 100.015 0.0148289
900 950 100 4.69548e-06
850 1000 100.014 0.0142231
900 1000 100.001 0.000952749
800 1000 100.014 0.0142231
850 1000 100.014 0.0142231
800 1050 100.014 0.0142231
850 1050 100.014 0.0142231
850 1000 100.014 0.0142231
900 1000 100.001 0.000952749
850 1050 100.014 0.0142231
900 1050 100.001 0.000952749
800 1050 100.014 0.0142231
850 1050 100.014 0.0142231
800 1100 100.017 0.0168817
850 1100 100.017 0.0168817
850 1050 100.014 0.0142231
900 1050 100.001 0.000952749
850 1100 100.017 0.0168817
900 1100 100.001 0.000692532
800 1100 100.017 0.0168817
850 1100 100.017 0.0168817
800 1150 100.017 0.0168817
850 1150 100.017 0.0168817
850 1100 100.017 0.0168817
900 1100 100.001 0.000692532
850 1150 100.017 0.0168817
900 1150 100.001 0.000692532
800 1150 100.017 0.0168817
850 1150 100.017 0.0168817
800 1200 100.019 0.0186602
850 1200 100.019 0.0186602
850 1150 100.017 0.0168817
900 1150 100.001 0.000692532
850 1200 100.019 0.0186602
900 1200 100 0.000290078
200 1200 100.017 0.0169561
250 1200 100.017 0.0169561
200 1250 100.017 0.0169561
250 1250 100.017 0.0169561
250 1200 100.017 0.0169561
300 1200 100.019 0.018644
250 1250 100.017 0.0169561
300 1250 100.019 0.018644
300 1200 100.019 0.018644
350 1200 100.019 0.018644
300 1250 100.019 0.018644
350 1250 100.019 0.018644
350 1200 100.019 0.018644
400 1200 100.018 0.0184239
350 1250 100.019 0.018644
400 1250 100.018 0.0184239
400 1200 100.018 0.0184239
450 1200 100.018 0.0184239
400 1250 100.018 0.0184239
450 1250 100.018 0.0184239
450 1200 100.018 0.0184239
500 1200 100.019 0.0186064
450 1250 100.018 0.0184239
500 1250 100.019 0.0186064
500 1200 100.019 0.0186064
550 1200 100.019 0.0186064
500 1250 100.019 0.0186064
550 1250 100.019 0.0186064
550 1200 100.019 0.0186064
600 1200 100.018 0.0180192
550 1250 100.019 0.0186064
600 1250 100.018 0.0180192
600 1200 100.018 0.0180192
650 1200 100.018 0.0180192
600 1250 100.018 0.0180192
650 1250 100.018 0.0180192
650 1200 100.018 0.0180192
700 1200 100.018 0.0183016
650 1250 100.018 0.0180192
700 1250 100.018 0.0183016
700 1200 100.018 0.0183016
750 1200 100.018 0.0183016
700 1250 100.018 0.0183016
750 1250 100.018 0.0183016
750 1200 100.018 0.0183016
800 1200 100.019 0.0186602
750 1250 100.018 0.0183016
800 1250 100.019 0.0186602
800 1200 100.019 0.0186602
850 1200 100.019 0.0186602
800 1250 100.019 0.0186602
850 1250 100.019 0.0186602
850 1200 100.019 0.0186602
900 1200 100 0.000290078
850 1250 100.019 0.0186602
900 1250 100 0.000290078
200 1250 100.017 0.0169561
250 1250 100.017 0.0169561
200 1300 100.018 0.0181355
250 1300 100.018 0.0181355
250 1250 100.017 0.0169561
300 1250 100.019 0.018644
250 1300 100.018 0.0181355
300 1300 100.018 0.0182983
300 1250 100.019 0.018644
350 1250 100.019 0.018644
300 1300 100.018 0.0182983
350 1300 100.018 0.0182983
350 1250 100.019 0.018644
400 1250 100.018 0.0184239
350 1300 100.018 0.0182983
400 1300 100.019 0.01857
400 1250 100.018 0.0184239
450 1250 100.018 0.0184239
400 1300 100.019 0.01857
450 1300 100.019 0.01857
450 1250 100.018 0.0184239
500 1250 100.019 0.0186064
450 1300 100.019 0.01857
500 1300 100.021 0.0205909
500 1250 100.019 0.0186064
550 1250 100.019 0.0186064
500 1300 100.021 0.0205909
550 1300 100.021 0.0205909
550 1250 100.019 0.0186064
600 1250 100.018 0.0180192
550 1300 100.021 0.0205909
600 1300 100.021 0.0205743
600 1250 100.018 0.0180192
650 1250 100.018 0.0180192
600 1300 100.021 0.0205743
650 1300 100.021 0.0205743
650 1250 100.018 0.0180192
700 1250 100.018 0.0183016
650 1300 100.021 0.0205743
700 1300 100.021 0.0206532
700 1250 100.018 0.0183016
750 1250 100.018 0.0183016
700 1300 100.021 0.0206532
750 1300 100.021 0.0206532
750 1250 100.018 0.0183016
800 1250 100.019 0.0186602
750 1300 100.021 0.0206532
800 1300 100.021 0.0206521
800 1250 100.019 0.0186602
850 1250 100.019 0.0186602
800 1300 100.021 0.0206521
850 1300 100.021 0.0206521
850 1250 100.019 0.0186602
900 1250 100 0.000290078
850 1300 100.021 0.0206521
900 1300 100 0.000431418
200 1300 100.018 0.0181355
250 1300 100.018 0.0181355
200 1350 100.018 0.0181355
250 1350 100.018 0.0181355
250 1300 100.018 0.0181355
300 1300 100.018 0.0182983
250 1350 100.018 0.0181355
300 1350 100.018 0.0182983
300 1300 100.018 0.0182983
350 1300 100.018 0.0182983
300 1350 100.018 0.0182983
350 1350 100.018 0.0182983
350 1300 100.018 0.0182983
400 1300 100.019 0.01857
350 1350 100.018 0.0182983
400 1350 100.019 0.01857
400 1300 100.019 0.01857
450 1300 100.019 0.01857
400 1350 100.019 0.01857
450 1350 100.019 0.01857
450 1300 100.019 0.01857
500 1300 100.021 0.0205909
450 1350 100.019 0.01857
500 1350 100.021 0.0205909
500 1300 100.021 0.0205909
550 1300 100.021 0.0205909
500 1350 100.021 0.0205909
550 1350 100.021 0.0205909
550 1300 100.021 0.0205909
600 1300 100.021 0.0205743
550 1350 100.021 0.0205909
600 1350 100.021 0.0205743
600 1300 100.021 0.0205743
650 1300 100.021 0.0205743
600 1350 100.021 0.0205743
650 1350 100.021 0.0205743
650 1300 100.021 0.0205743
700 1300 100.021 0.0206532
650 1350 100.021 0.0205743
700 1350 100.021 0.0206532
700 1300 100.021 0.0206532
750 1300 100.021 0.0206532
700 1350 100.021 0.0206532
750 1350 100.021 0.0206532
750 1300 100.021 0.0206532
800 1300 100.021 0.0206521
750 1350 100.021 0.0206532
800 1350 100.021 0.0206521
800 1300 100.021 0.0206521
850 1300 100.021 0.0206521
800 1350 100.021 0.0206521
850 1350 100.021 0.0206521
850 1300 100.021 0.0206521
900 1300 100 0.000431418
850 1350 100.021 0.0206521
900 1350 100 0.000431418
200 1350 100.018 0.0181355
250 1350 100.018 0.0181355
200 1400 100.02 0.0204359
250 1400 100.02 0.0204359
250 1350 100.018 0.0181355
300 1350 100.018 0.0182983
250 1400 100.02 0.0204359
300 1400 100.021 0.0208919
300 1350 100.018 0.0182983
350 1350 100.018 0.0182983
300 1400 100.021 0.0208919
350 1400 100.021 0.0208919
350 1350 100.018 0.0182983
400 1350 100.019 0.01857
350 1400 100.021 0.0208919
400 1400 100.021 0.0208062
400 1350 100.019 0.01857
450 1350 100.019 0.01857
400 1400 100.021 0.0208062
450 1400 100.021 0.0208062
450 1350 100.019 0.01857
500 1350 100.021 0.0205909
450 1400 100.021 0.0208062
500 1400 100.021 0.0207039
500 1350 100.021 0.0205909
550 1350 100.021 0.0205909
500 1400 100.021 0.0207039
550 1400 100.021 0.0207039
550 1350 100.021 0.0205909
600 1350 100.021 0.0205743
550 1400 100.021 0.0207039
600 1400 100.02 0.0201002
600 1350 100.021 0.0205743
650 1350 100.021 0.0205743
600 1400 100.02 0.0201002
650 1400 100.02 0.0201002
650 1350 100.021 0.0205743
700 1350 100.021 0.0206532
650 1400 100.02 0.0201002
700 1400 100.023 0.0229195
700 1350 100.021 0.0206532
750 1350 100.021 0.0206532
700 1400 100.023 0.0229195
750 1400 100.023 0.0229195
750 1350 100.021 0.0206532
800 1350 100.021 0.0206521
750 1400 100.023 0.0229195
800 1400 100.023 0.0227142
800 1350 100.021 0.0206521
850 1350 100.021 0.0206521
800 1400 100.023 0.0227142
850 1400 100.023 0.0227142
850 1350 100.021 0.0206521
900 1350 100 0.000431418
850 1400 100.023 0.0227142
900 1400 100.001 0.000998847
0 1400 100.001 0.000896547
50 1400 100.001 0.000896547
0 1450 100.001 0.000896547
50 1450 100.001 0.000896547
50 1400 100.001 0.000896547
100 1400 100.02 0.0203676
50 1450 100.001 0.000896547
100 1450 100.02 0.0203676
100 1400 100.02 0.0203676
150 1400 100.02 0.0203676
100 1450 100.02 0.0203676
150 1450 100.02 0.0203676
150 1400 100.02 0.0203676
200 1400 100.02 0.0204359
150 1450 100.02 0.0203676
200 1450 100.02 0.0204359
200 1400 100.02 0.0204359
250 1400 100.02 0.0204359
200 1450 100.02 0.0204359
250 1450 100.02 0.0204359
250 1400 100.02 0.0204359
300 1400 100.021 0.0208919
250 1450 100.02 0.0204359
300 1450 100.021 0.0208919
300 1400 100.021 0.0208919
350 1400 100.021 0.0208919
300 1450 100.021 0.0208919
350 1450 100.021 0.0208919
350 1400 100.021 0.0208919
400 1400 100.021 0.0208062
350 1450 100.021 0.0208919
400 1450 100.021 0.0208062
400 1400 100.021 0.0208062
450 1400 100.021 0.0208062
400 1450 100.021 0.0208062
450 1450 100.021 0.0208062
450 1400 100.021 0.0208062
500 1400 100.021 0.0207039
450 1450 100.021 0.0208062
500 1450 100.021 0.0207039
500 1400 100.021 0.0207039
550 1400 100.021 0.0207039
500 1450 100.021 0.0207039
550 1450 100.021 0.0207039
550 1400 100.021 0.0207039
600 1400 100.02 0.0201002
550 1450 100.021 0.0207039
600 1450 100.02 0.0201002
600 1400 100.02 0.0201002
650 1400 100.02 0.0201002
600 1450 100.02 0.0201002
650 1450 100.02 0.0201002
650 1400 100.02 0.0201002
700 1400 100.023 0.0229195
650 1450 100.02 0.0201002
700 1450 100.023 0.0229195
700 1400 100.023 0.0229195
750 1400 100.023 0.0229195
700 1450 100.023 0.0229195
750 1450 100.023 0.0229195
750 1400 100.023 0.0229195
800 1400 100.023 0.0227142
750 1450 100.023 0.0229195
800 1450 100.023 0.0227142
0 1450 100.001 0.000896547
50 1450 100.001 0.000896547
0 1500 100 0.000149448
50 1500 100 0.000149448
50 1450 100.001 0.000896547
100 1450 100.02 0.0203676
50 1500 100 0.000149448
100 1500 100.023 0.0228681
100 1450 100.02 0.0203676
150 1450 100.02 0.0203676
100 1500 100.023 0.0228681
150 1500 100.023 0.0228681
150 1450 100.02 0.0203676
200 1450 100.02 0.0204359
150 1500 100.023 0.0228681
200 1500 100.022 0.0221625
200 1450 100.02 0.0204359
250 1450 100.02 0.0204359
200 1500 100.022 0.0221625
250 1500 100.022 0.0221625
250 1450 100.02 0.0204359
300 1450 100.021 0.0208919
250 1500 100.022 0.0221625
300 1500 100.023 0.0226156
300 1450 100.021 0.0208919
350 1450 100.021 0.0208919
300 1500 100.023 0.0226156
350 1500 100.023 0.0226156
350 1450 100.021 0.0208919
400 1450 100.021 0.0208062
350 1500 100.023 0.0226156
400 1500 100.022 0.0221238
400 1450 100.021 0.0208062
450 1450 100.021 0.0208062
400 1500 100.022 0.0221238
450 1500 100.022 0.0221238
450 1450 100.021 0.0208062
500 1450 100.021 0.0207039
450 1500 100.022 0.0221238
500 1500 100.023 0.022848
500 1450 100.021 0.0207039
550 1450 100.021 0.0207039
500 1500 100.023 0.022848
550 1500 100.023 0.022848
550 1450 100.021 0.0207039
600 1450 100.02 0.0201002
550 1500 100.023 0.022848
600 1500 100.023 0.0228073
600 1450 100.02 0.0201002
650 1450 100.02 0.0201002
600 1500 100.023 0.0228073
650 1500 100.023 0.0228073
650 1450 100.02 0.0201002
700 1450 100.023 0.0229195
650 1500 100.023 0.0228073
700 1500 100.023 0.0225691
700 1450 100.023 0.0229195
750 1450 100.023 0.0229195
700 1500 100.023 0.0225691
750 1500 100.023 0.0225691
750 1450 100.023 0.0229195
800 1450 100.023 0.0227142
750 1500 100.023 0.0225691
800 1500 100.022 0.0224072
0 1500 100 0.000149448
50 1500 100 0.000149448
0 1550 100 0.000149448
50 1550 100 0.000149448
50 1500 100 0.000149448
100 1500 100.023 0.0228681
50 1550 100 0.000149448
100 1550 100.023 0.0228681
100 1500 100.023 0.0228681
150 1500 100.023 0.0228681
100 1550 100.023 0.0228681
150 1550 100.023 0.0228681
150 1500 100.023 0.0228681
200 1500 100.022 0.0221625
150 1550 100.023 0.0228681
200 1550 100.022 0.0221625
200 1500 100.022 0.0221625
250 1500 100.022 0.0221625
200 1550 100.022 0.0221625
250 1550 100.022 0.0221625
250 1500 100.022 0.0221625
300 1500 100.023 0.0226156
250 1550 100.022 0.0221625
300 1550 100.023 0.0226156
300 1500 100.023 0.0226156
350 1500 100.023 0.0226156
300 1550 100.023 0.0226156
350 1550 100.023 0.0226156
350 1500 100.023 0.0226156
400 1500 100.022 0.0221238
350 1550 100.023 0.0226156
400 1550 100.022 0.0221238
400 1500 100.022 0.0221238
450 1500 100.022 0.0221238
400 1550 100.022 0.0221238
450 1550 100.022 0.0221238
450 1500 100.022 0.0221238
500 1500 100.023 0.022848
450 1550 100.022 0.0221238
500 1550 100.023 0.022848
500 1500 100.023 0.022848
550 1500 100.023 0.022848
500 1550 100.023 0.022848
550 1550 100.023 0.022848
550 1500 100.023 0.022848
600 1500 100.023 0.0228073
550 1550 100.023 0.022848
600 1550 100.023 0.0228073
600 1500 100.023 0.0228073
650 1500 100.023 0.0228073
600 1550 100.023 0.0228073
650 1550 100.023 0.0228073
650 1500 100.023 0.0228073
700 1500 100.023 0.0225691
650 1550 100.023 0.0228073
700 1550 100.023 0.0225691
700 1500 100.023 0.0225691
750 1500 100.023 0.0225691
700 1550 100.023 0.0225691
750 1550 100.023 0.0225691
750 1500 100.023 0.0225691
800 1500 100.022 0.0224072
750 1550 100.023 0.0225691
800 1550 100.022 0.0224072
0 1550 100 0.000149448
50 1550 100 0.000149448
0 1600 100.001 0.000697429
50 1600 100.001 0.000697429
50 1550 100 0.000149448
100 1550 100.023 0.0228681
50 1600 100.001 0.000697429
100 1600 100.024 0.0244535
100 1550 100.023 0.0228681
150 1550 100.023 0.0228681
100 1600 100.024 0.0244535
150 1600 100.024 0.0244535
150 1550 100.023 0.0228681
200 1550 100.022 0.0221625
150 1600 100.024 0.0244535
200 1600 100.025 0.0247221
200 1550 100.022 0.0221625
250 1550 100.022 0.0221625
200 1600 100.025 0.0247221
250 1600 100.025 0.0247221
250 1550 100.022 0.0221625
300 1550 100.023 0.0226156
250 1600 100.025 0.0247221
300 1600 100.025 0.0248664
300 1550 100.023 0.0226156
350 1550 100.023 0.0226156
300 1600 100.025 0.0248664
350 1600 100.025 0.0248664
350 1550 100.023 0.0226156
400 1550 100.022 0.0221238
350 1600 100.025 0.0248664
400 1600 100.025 0.0249755
400 1550 100.022 0.0221238
450 1550 100.022 0.0221238
400 1600 100.025 0.0249755
450 1600 100.025 0.0249755
450 1550 100.022 0.0221238
500 1550 100.023 0.022848
450 1600 100.025 0.0249755
500 1600 100.025 0.0248558
500 1550 100.023 0.022848
550 1550 100.023 0.022848
500 1600 100.025 0.0248558
550 1600 100.025 0.0248558
550 1550 100.023 0.022848
600 1550 100.023 0.0228073
550 1600 100.025 0.0248558
600 1600 100.024 0.0240117
600 1550 100.023 0.0228073
650 1550 100.023 0.0228073
600 1600 100.024 0.0240117
650 1600 100.024 0.0240117
650 1550 100.023 0.0228073
700 1550 100.023 0.0225691
650 1600 100.024 0.0240117
700 1600 100.024 0.02436
700 1550 100.023 0.0225691
750 1550 100.023 0.0225691
700 1600 100.024 0.02436
750 1600 100.024 0.02436
750 1550 100.023 0.0225691
800 1550 100.022 0.0224072
750 1600 100.024 0.02436
800 1600 100.025 0.02473
800 1400 100.023 0.0227142
850 1400 100.023 0.0227142
800 1450 100.023 0.0227142
850 1450 100.023 0.0227142
850 1400 100.023 0.0227142
900 1400 100.001 0.000998847
850 1450 100.023 0.0227142
900 1450 100.001 0.000998847
800 1450 100.023 0.0227142
850 1450 100.023 0.0227142
800 1500 100.022 0.0224072
850 1500 100.022 0.0224072
850 1450 100.023 0.0227142
900 1450 100.001 0.000998847
850 1500 100.022 0.0224072
900 1500 100 6.9167e-05
800 1500 100.022 0.0224072
850 1500 100.022 0.0224072
800 1550 100.022 0.0224072
850 1550 100.022 0.0224072
850 1500 100.022 0.0224072
900 1500 100 6.9167e-05
850 1550 100.022 0.0224072
900 1550 100 6.9167e-05
800 1550 100.022 0.0224072
850 1550 100.022 0.0224072
800 1600 100.025 0.02473
850 1600 100.025 0.02473
850 1550 100.022 0.0224072
900 1550 100 6.9167e-05
850 1600 100.025 0.02473
900 1600 100 0.00017163
0 1600 100.001 0.000697429
50 1600 100.001 0.000697429
0 1650 100.001 0.000697429
50 1650 100.001 0.000697429
50 1600 100.001 0.000697429
100 1600 100.024 0.0244535
50 1650 100.001 0.000697429
100 1650 100.024 0.0244535
100 1600 100.024 0.0244535
150 1600 100.024 0.0244535
100 1650 100.024 0.0244535
150 1650 100.024 0.0244535
150 1600 100.024 0.0244535
200 1600 100.025 0.0247221
150 1650 100.024 0.0244535
200 1650 100.025 0.0247221
200 1600 100.025 0.0247221
250 1600 100.025 0.0247221
200 1650 100.025 0.0247221
250 1650 100.025 0.0247221
250 1600 100.025 0.0247221
300 1600 100.025 0.0248664
250 1650 100.025 0.0247221
300 1650 100.025 0.0248664
300 1600 100.025 0.0248664
350 1600 100.025 0.0248664
300 1650 100.025 0.0248664
350 1650 100.025 0.0248664
350 1600 100.025 0.0248664
400 1600 100.025 0.0249755
350 1650 100.025 0.0248664
400 1650 100.025 0.0249755
400 1600 100.025 0.0249755
450 1600 100.025 0.0249755
400 1650 100.025 0.0249755
450 1650 100.025 0.0249755
450 1600 100.025 0.0249755
500 1600 100.025 0.0248558
450 1650 100.025 0.0249755
500 1650 100.025 0.0248558
500 1600 100.025 0.0248558
550 1600 100.025 0.0248558
500 1650 100.025 0.0248558
550 1650 100.025 0.0248558
550 1600 100.025 0.0248558
600 1600 100.024 0.0240117
550 1650 100.025 0.0248558
600 1650 100.024 0.0240117
600 1600 100.024 0.0240117
650 1600 100.024 0.0240117
600 1650 100.024 0.0240117
650 1650 100.024 0.0240117
650 1600 100.024 0.0240117
700 1600 100.024 0.02436
650 1650 100.024 0.0240117
700 1650 100.024 0.02436
700 1600 100.024 0.02436
750 1600 100.024 0.02436
700 1650 100.024 0.02436
750 1650 100.024 0.02436
750 1600 100.024 0.02436
800 1600 100.025 0.02473
750 1650 100.024 0.02436
800 1650 100.025 0.02473
800 1600 100.025 0.02473
850 1600 100.025 0.02473
800 1650 100.025 0.02473
850 1650 100.025 0.02473
850 1600 100.025 0.02473
900 1600 100 0.00017163
850 1650 100.025 0.02473
900 1650 100 0.00017163
0 1650 100.001 0.000697429
50 1650 100.001 0.000697429
0 1700 100.001 0.000521037
50 1700 100.001 0.000521037
50 1650 100.001 0.000697429
100 1650 100.024 0.0244535
50 1700 100.001 0.000521037
100 1700 100.024 0.0240543
100 1650 100.024 0.0244535
150 1650 100.024 0.0244535
100 1700 100.024 0.0240543
150 1700 100.024 0.0240543
150 1650 100.024 0.0244535
200 1650 100.025 0.0247221
150 1700 100.024 0.0240543
200 1700 100.024 0.0242
200 1650 100.025 0.0247221
250 1650 100.025 0.0247221
200 1700 100.024 0.0242
250 1700 100.024 0.0242
250 1650 100.025 0.0247221
300 1650 100.025 0.0248664
250 1700 100.024 0.0242
300 1700 100.026 0.0260185
300 1650 100.025 0.0248664
350 1650 100.025 0.0248664
300 1700 100.026 0.0260185
350 1700 100.026 0.0260185
350 1650 100.025 0.0248664
400 1650 100.025 0.0249755
350 1700 100.026 0.0260185
400 1700 100.027 0.0267937
400 1650 100.025 0.0249755
450 1650 100.025 0.0249755
400 1700 100.027 0.0267937
450 1700 100.027 0.0267937
450 1650 100.025 0.0249755
500 1650 100.025 0.0248558
450 1700 100.027 0.0267937
500 1700 100.026 0.0262239
500 1650 100.025 0.0248558
550 1650 100.025 0.0248558
500 1700 100.026 0.0262239
550 1700 100.026 0.0262239
550 1650 100.025 0.0248558
600 1650 100.024 0.0240117
550 1700 100.026 0.0262239
600 1700 100.026 0.0263454
600 1650 100.024 0.0240117
650 1650 100.024 0.0240117
600 1700 100.026 0.0263454
650 1700 100.026 0.0263454
650 1650 100.024 0.0240117
700 1650 100.024 0.02436
650 1700 100.026 0.0263454
700 1700 100.027 0.0269281
700 1650 100.024 0.02436
750 1650 100.024 0.02436
700 1700 100.027 0.0269281
750 1700 100.027 0.0269281
750 1650 100.024 0.02436
800 1650 100.025 0.02473
750 1700 100.027 0.0269281
800 1700 100.027 0.0267044
800 1650 100.025 0.02473
850 1650 100.025 0.02473
800 1700 100.027 0.0267044
850 1700 100.027 0.0267044
850 1650 100.025 0.02473
900 1650 100 0.00017163
850 1700 100.027 0.0267044
900 1700 100 3.18389e-05
0 1700 100.001 0.000521037
50 1700 100.001 0.000521037
0 1750 100.001 0.000521037
50 1750 100.001 0.000521037
50 1700 100.001 0.000521037
100 1700 100.024 0.0240543
50 1750 100.001 0.000521037
100 1750 100.024 0.0240543
100 1700 100.024 0.0240543
150 1700 100.024 0.0240543
100 1750 100.024 0.0240543
150 1750 100.024 0.0240543
150 1700 100.024 0.0240543
200 1700 100.024 0.0242
150 1750 100.024 0.0240543
200 1750 100.024 0.0242
200 1700 100.024 0.0242
250 1700 100.024 0.0242
200 1750 100.024 0.0242
250 1750 100.024 0.0242
250 1700 100.024 0.0242
300 1700 100.026 0.0260185
250 1750 100.024 0.0242
300 1750 100.026 0.0260185
300 1700 100.026 0.0260185
350 1700 100.026 0.0260185
300 1750 100.026 0.0260185
350 1750 100.026 0.0260185
350 1700 100.026 0.0260185
400 1700 100.027 0.0267937
350 1750 100.026 0.0260185
400 1750 100.027 0.0267937
400 1700 100.027 0.0267937
450 1700 100.027 0.0267937
400 1750 100.027 0.0267937
450 1750 100.027 0.0267937
450 1700 100.027 0.0267937
500 1700 100.026 0.0262239
450 1750 100.027 0.0267937
500 1750 100.026 0.0262239
500 1700 100.026 0.0262239
550 1700 100.026 0.0262239
500 1750 100.026 0.0262239
550 1750 100.026 0.0262239
550 1700 100.026 0.0262239
600 1700 100.026 0.0263454
550 1750 100.026 0.0262239
600 1750 100.026 0.0263454
600 1700 100.026 0.0263454
650 1700 100.026 0.0263454
600 1750 100.026 0.0263454
650 1750 100.026 0.0263454
650 1700 100.026 0.0263454
700 1700 100.027 0.0269281
650 1750 100.026 0.0263454
700 1750 100.027 0.0269281
700 1700 100.027 0.0269281
750 1700 100.027 0.0269281
700 1750 100.027 0.0269281
750 1750 100.027 0.0269281
750 1700 100.027 0.0269281
800 1700 100.027 0.0267044
750 1750 100.027 0.0269281
800 1750 100.027 0.0267044
800 1700 100.027 0.0267044
850 1700 100.027 0.0267044
800 1750 100.027 0.0267044
850 1750 100.027 0.0267044
850 1700 100.027 0.0267044
900 1700 100 3.18389e-05
850 1750 100.027 0.0267044
900 1750 100 3.18389e-05
0 1750 100.001 0.000521037
50 1750 100.001 0.000521037
0 1800 100 0.000164694
50 1800 100 0.000164694
50 1750 100.001 0.000521037
100 1750 100.024 0.0240543
50 1800 100 0.000164694
100 1800 100.027 0.0266215
100 1750 100.024 0.0240543
150 1750 100.024 0.0240543
100 1800 100.027 0.0266215
150 1800 100.027 0.0266215
150 1750 100.024 0.0240543
200 1750 100.024 0.0242
150 1800 100.027 0.0266215
200 1800 100.027 0.0265772
200 1750 100.024 0.0242
250 1750 100.024 0.0242
200 1800 100.027 0.0265772
250 1800 100.027 0.0265772
250 1750 100.024 0.0242
300 1750 100.026 0.0260185
250 1800 100.027 0.0265772
300 1800 100.026 0.0262379
300 1750 100.026 0.0260185
350 1750 100.026 0.0260185
300 1800 100.026 0.0262379
350 1800 100.026 0.0262379
350 1750 100.026 0.0260185
400 1750 100.027 0.0267937
350 1800 100.026 0.0262379
400 1800 100.027 0.0269342
400 1750 100.027 0.0267937
450 1750 100.027 0.0267937
400 1800 100.027 0.0269342
450 1800 100.027 0.0269342
450 1750 100.027 0.0267937
500 1750 100.026 0.0262239
450 1800 100.027 0.0269342
500 1800 100.029 0.028614
500 1750 100.026 0.0262239
550 1750 100.026 0.0262239
500 1800 100.029 0.028614
550 1800 100.029 0.028614
550 1750 100.026 0.0262239
600 1750 100.026 0.0263454
550 1800 100.029 0.028614
600 1800 100.029 0.0285356
600 1750 100.026 0.0263454
650 1750 100.026 0.0263454
600 1800 100.029 0.0285356
650 1800 100.029 0.0285356
650 1750 100.026 0.0263454
700 1750 100.027 0.0269281
650 1800 100.029 0.0285356
700 1800 100.029 0.0285899
700 1750 100.027 0.0269281
750 1750 100.027 0.0269281
700 1800 100.029 0.0285899
750 1800 100.029 0.0285899
750 1750 100.027 0.0269281
800 1750 100.027 0.0267044
750 1800 100.029 0.0285899
800 1800 100.029 0.0287301
800 1750 100.027 0.0267044
850 1750 100.027 0.0267044
800 1800 100.029 0.0287301
850 1800 100.029 0.0287301
850 1750 100.027 0.0267044
900 1750 100 3.18389e-05
850 1800 100.029 0.0287301
900 1800 100 0.000311945
0 1800 100 0.000164694
50 1800 100 0.000164694
0 1850 100 0.000164694
50 1850 100 0.000164694
50 1800 100 0.000164694
100 1800 100.027 0.0266215
50 1850 100 0.000164694
100 1850 100.027 0.0266215
100 1800 100.027 0.0266215
150 1800 100.027 0.0266215
100 1850 100.027 0.0266215
150 1850 100.027 0.0266215
150 1800 100.027 0.0266215
200 1800 100.027 0.0265772
150 1850 100.027 0.0266215
200 1850 100.027 0.0265772
200 1800 100.027 0.0265772
250 1800 100.027 0.0265772
200 1850 100.027 0.0265772
250 1850 100.027 0.0265772
250 1800 100.027 0.0265772
300 1800 100.026 0.0262379
250 1850 100.027 0.0265772
300 1850 100.026 0.0262379
300 1800 100.026 0.0262379
350 1800 100.026 0.0262379
300 1850 100.026 0.0262379
350 1850 100.026 0.0262379
350 1800 100.026 0.0262379
400 1800 100.027 0.0269342
350 1850 100.026 0.0262379
400 1850 100.027 0.0269342
400 1800 100.027 0.0269342
450 1800 100.027 0.0269342
400 1850 100.027 0.0269342
450 1850 100.027 0.0269342
450 1800 100.027 0.0269342
500 1800 100.029 0.028614
450 1850 100.027 0.0269342
500 1850 100.029 0.028614
500 1800 100.029 0.028614
550 1800 100.029 0.028614
500 1850 100.029 0.028614
550 1850 100.029 0.028614
550 1800 100.029 0.028614
600 1800 100.029 0.0285356
550 1850 100.029 0.028614
600 1850 100.029 0.0285356
600 1800 100.029 0.0285356
650 1800 100.029 0.0285356
600 1850 100.029 0.0285356
650 1850 100.029 0.0285356
650 1800 100.029 0.0285356
700 1800 100.029 0.0285899
650 1850 100.029 0.0285356
700 1850 100.029 0.0285899
700 1800 100.029 0.0285899
750 1800 100.029 0.0285899
700 1850 100.029 0.0285899
750 1850 100.029 0.0285899
750 1800 100.029 0.0285899
800 1800 100.029 0.0287301
750 1850 100.029 0.0285899
800 1850 100.029 0.0287301
800 1800 100.029 0.0287301
850 1800 100.029 0.0287301
800 1850 100.029 0.0287301
850 1850 100.029 0.0287301
850 1800 100.029 0.0287301
900 1800 100 0.000311945
850 1850 100.029 0.0287301
900 1850 100 0.000311945
0 1850 100 0.000164694
50 1850 100 0.000164694
0 1900 100 0.000398221
50 1900 100 0.000398221
50 1850 100 0.000164694
100 1850 100.027 0.0266215
50 1900 100 0.000398221
100 1900 100 0.000209844
100 1850 100.027 0.0266215
150 1850 100.027 0.0266215
100 1900 100 0.000209844
150 1900 100 0.000209844
150 1850 100.027 0.0266215
200 1850 100.027 0.0265772
150 1900 100 0.000209844
200 1900 100 0.000186193
200 1850 100.027 0.0265772
250 1850 100.027 0.0265772
200 1900 100 0.000186193
250 1900 100 0.000186193
250 1850 100.027 0.0265772
300 1850 100.026 0.0262379
250 1900 100 0.000186193
300 1900 100.001 0.000944372
300 1850 100.026 0.0262379
350 1850 100.026 0.0262379
300 1900 100.001 0.000944372
350 1900 100.001 0.000944372
350 1850 100.026 0.0262379
400 1850 100.027 0.0269342
350 1900 100.001 0.000944372
400 1900 100.001 0.000739551
400 1850 100.027 0.0269342
450 1850 100.027 0.0269342
400 1900 100.001 0.000739551
450 1900 100.001 0.000739551
450 1850 100.027 0.0269342
500 1850 100.029 0.028614
450 1900 100.001 0.000739551
500 1900 100 0.000490459
500 1850 100.029 0.028614
550 1850 100.029 0.028614
500 1900 100 0.000490459
550 1900 100 0.000490459
550 1850 100.029 0.028614
600 1850 100.029 0.0285356
550 1900 100 0.000490459
600 1900 100 0.000227415
600 1850 100.029 0.0285356
650 1850 100.029 0.0285356
600 1900 100 0.000227415
650 1900 100 0.000227415
650 1850 100.029 0.0285356
700 1850 100.029 0.0285899
650 1900 100 0.000227415
700 1900 100 0.000254356
700 1850 100.029 0.0285899
750 1850 100.029 0.0285899
700 1900 100 0.000254356
750 1900 100 0.000254356
750 1850 100.029 0.0285899
800 1850 100.029 0.0287301
750 1900 100 0.000254356
800 1900 100 5.80292e-05
800 1850 100.029 0.0287301
850 1850 100.029 0.0287301
800 1900 100 5.80292e-05
850 1900 100 5.80292e-05
850 1850 100.029 0.0287301
900 1850 100 0.000311945
850 1900 100 5.80292e-05
900 1900 100 0.000434417
