# x y topography analytical topography
0 1 0 0.034469
0.015625 1.03471 0.0347064 0.0345356
0.015625 1.03471 0.0347064 0.0345356
0.03125 1.03506 0.0350563 0.0347346
0.03125 1.03506 0.0350563 0.0347346
0.046875 1.03559 0.0355854 0.0350639
0.046875 1.03559 0.0355854 0.0350639
0.0625 1.03626 0.0362579 0.0355197
0.0625 1.03626 0.0362579 0.0355197
0.078125 1.03705 0.0370483 0.036097
0.078125 1.03705 0.0370483 0.036097
0.09375 1.03794 0.0379363 0.0367894
0.09375 1.03794 0.0379363 0.0367894
0.109375 1.0389 0.038905 0.0375893
0.109375 1.0389 0.038905 0.0375893
0.125 1.03994 0.0399395 0.0384881
0.125 1.03994 0.0399395 0.0384881
0.140625 1.04103 0.0410265 0.0394759
0.140625 1.04103 0.0410265 0.0394759
0.15625 1.04215 0.0421537 0.0405424
0.15625 1.04215 0.0421537 0.0405424
0.171875 1.04331 0.0433098 0.0416761
0.171875 1.04331 0.0433098 0.0416761
0.1875 1.04448 0.0444841 0.0428653
0.1875 1.04448 0.0444841 0.0428653
0.203125 1.04567 0.0456665 0.0440977
0.203125 1.04567 0.0456665 0.0440977
0.21875 1.04685 0.0468475 0.0453609
0.21875 1.04685 0.0468475 0.0453609
0.234375 1.04802 0.0480181 0.0466421
0.234375 1.04802 0.0480181 0.0466421
0.25 1.04917 0.0491696 0.0479288
0.25 1.04917 0.0491696 0.0479288
0.265625 1.05029 0.0502939 0.0492085
0.265625 1.05029 0.0502939 0.0492085
0.28125 1.05138 0.0513832 0.050469
0.28125 1.05138 0.0513832 0.050469
0.296875 1.05243 0.0524304 0.0516984
0.296875 1.05243 0.0524304 0.0516984
0.3125 1.05343 0.0534284 0.0528855
0.3125 1.05343 0.0534284 0.0528855
0.328125 1.05437 0.054371 0.0540195
0.328125 1.05437 0.054371 0.0540195
0.34375 1.05525 0.0552521 0.0550901
0.34375 1.05525 0.0552521 0.0550901
0.359375 1.05607 0.0560663 0.0560882
0.359375 1.05607 0.0560663 0.0560882
0.375 1.05681 0.0568086 0.0570049
0.375 1.05681 0.0568086 0.0570049
0.390625 1.05747 0.0574743 0.0578325
0.390625 1.05747 0.0574743 0.0578325
0.40625 1.05806 0.0580596 0.058564
0.40625 1.05806 0.0580596 0.058564
0.421875 1.05856 0.0585608 0.0591934
0.421875 1.05856 0.0585608 0.0591934
0.4375 1.05897 0.058975 0.0597155
0.4375 1.05897 0.058975 0.0597155
0.453125 1.0593 0.0592997 0.0601259
0.453125 1.0593 0.0592997 0.0601259
0.46875 1.05953 0.059533 0.0604215
0.46875 1.05953 0.059533 0.0604215
0.484375 1.05967 0.0596736 0.0605998
0.484375 1.05967 0.0596736 0.0605998
0.5 1.05972 0.0597205 0.0606594
0.5 1.05972 0.0597205 0.0606594
0.515625 1.05967 0.0596736 0.0605998
0.515625 1.05967 0.0596736 0.0605998
0.53125 1.05953 0.059533 0.0604215
0.53125 1.05953 0.059533 0.0604215
0.546875 1.0593 0.0592997 0.0601259
0.546875 1.0593 0.0592997 0.0601259
0.5625 1.05897 0.058975 0.0597155
0.5625 1.05897 0.058975 0.0597155
0.578125 1.05856 0.0585608 0.0591934
0.578125 1.05856 0.0585608 0.0591934
0.59375 1.05806 0.0580596 0.058564
0.59375 1.05806 0.0580596 0.058564
0.609375 1.05747 0.0574743 0.0578325
0.609375 1.05747 0.0574743 0.0578325
0.625 1.05681 0.0568086 0.0570049
0.625 1.05681 0.0568086 0.0570049
0.640625 1.05607 0.0560663 0.0560882
0.640625 1.05607 0.0560663 0.0560882
0.65625 1.05525 0.0552521 0.0550901
0.65625 1.05525 0.0552521 0.0550901
0.671875 1.05437 0.054371 0.0540195
0.671875 1.05437 0.054371 0.0540195
0.6875 1.05343 0.0534284 0.0528855
0.6875 1.05343 0.0534284 0.0528855
0.703125 1.05243 0.0524304 0.0516984
0.703125 1.05243 0.0524304 0.0516984
0.71875 1.05138 0.0513832 0.050469
0.71875 1.05138 0.0513832 0.050469
0.734375 1.05029 0.0502939 0.0492085
0.734375 1.05029 0.0502939 0.0492085
0.75 1.04917 0.0491696 0.0479288
0.75 1.04917 0.0491696 0.0479288
0.765625 1.04802 0.0480181 0.0466421
0.765625 1.04802 0.0480181 0.0466421
0.78125 1.04685 0.0468475 0.0453609
0.78125 1.04685 0.0468475 0.0453609
0.796875 1.04567 0.0456665 0.0440977
0.796875 1.04567 0.0456665 0.0440977
0.8125 1.04448 0.0444841 0.0428653
0.8125 1.04448 0.0444841 0.0428653
0.828125 1.04331 0.0433098 0.0416761
0.828125 1.04331 0.0433098 0.0416761
0.84375 1.04215 0.0421537 0.0405424
0.84375 1.04215 0.0421537 0.0405424
0.859375 1.04103 0.0410265 0.0394759
0.859375 1.04103 0.0410265 0.0394759
0.875 1.03994 0.0399395 0.0384881
0.875 1.03994 0.0399395 0.0384881
0.890625 1.0389 0.038905 0.0375893
0.890625 1.0389 0.038905 0.0375893
0.90625 1.03794 0.0379363 0.0367894
0.90625 1.03794 0.0379363 0.0367894
0.921875 1.03705 0.0370483 0.036097
0.921875 1.03705 0.0370483 0.036097
0.9375 1.03626 0.0362579 0.0355197
0.9375 1.03626 0.0362579 0.0355197
0.953125 1.03559 0.0355854 0.0350639
0.953125 1.03559 0.0355854 0.0350639
0.96875 1.03506 0.0350563 0.0347346
0.96875 1.03506 0.0350563 0.0347346
0.984375 1.03471 0.0347064 0.0345356
0.984375 1.03471 0.0347064 0.0345356
1 1 0 0.034469
