# x y topography analytical topography
0 1 0 0.0320655
0.015625 1.03368 0.0336784 0.0321461
0.015625 1.03368 0.0336784 0.0321461
0.03125 1.03404 0.0340387 0.0323869
0.03125 1.03404 0.0340387 0.0323869
0.046875 1.03459 0.0345885 0.032785
0.046875 1.03459 0.0345885 0.032785
0.0625 1.03529 0.0352918 0.0333356
0.0625 1.03529 0.0352918 0.0333356
0.078125 1.03612 0.0361226 0.034032
0.078125 1.03612 0.0361226 0.034032
0.09375 1.03706 0.0370604 0.0348661
0.09375 1.03706 0.0370604 0.0348661
0.109375 1.03809 0.0380877 0.0358279
0.109375 1.03809 0.0380877 0.0358279
0.125 1.03919 0.0391889 0.0369062
0.125 1.03919 0.0391889 0.0369062
0.140625 1.04035 0.0403501 0.0380888
0.140625 1.04035 0.0403501 0.0380888
0.15625 1.04156 0.0415582 0.0393622
0.15625 1.04156 0.0415582 0.0393622
0.171875 1.0428 0.0428011 0.0407123
0.171875 1.0428 0.0428011 0.0407123
0.1875 1.04407 0.0440671 0.0421243
0.1875 1.04407 0.0440671 0.0421243
0.203125 1.04535 0.0453453 0.0435832
0.203125 1.04535 0.0453453 0.0435832
0.21875 1.04663 0.0466251 0.0450738
0.21875 1.04663 0.0466251 0.0450738
0.234375 1.0479 0.0478966 0.0465808
0.234375 1.0479 0.0478966 0.0465808
0.25 1.04915 0.04915 0.0480893
0.25 1.04915 0.04915 0.0480893
0.265625 1.05038 0.0503762 0.0495847
0.265625 1.05038 0.0503762 0.0495847
0.28125 1.05157 0.0515665 0.0510527
0.28125 1.05157 0.0515665 0.0510527
0.296875 1.05271 0.0527126 0.0524799
0.296875 1.05271 0.0527126 0.0524799
0.3125 1.05381 0.0538066 0.0538536
0.3125 1.05381 0.0538066 0.0538536
0.328125 1.05484 0.0548413 0.0551617
0.328125 1.05484 0.0548413 0.0551617
0.34375 1.05581 0.0558097 0.0563932
0.34375 1.05581 0.0558097 0.0563932
0.359375 1.05671 0.0567056 0.057538
0.359375 1.05671 0.0567056 0.057538
0.375 1.05752 0.0575232 0.0585868
0.375 1.05752 0.0575232 0.0585868
0.390625 1.05826 0.0582572 0.0595314
0.390625 1.05826 0.0582572 0.0595314
0.40625 1.0589 0.0589029 0.0603645
0.40625 1.0589 0.0589029 0.0603645
0.421875 1.05946 0.0594562 0.06108
0.421875 1.05946 0.0594562 0.06108
0.4375 1.05991 0.0599138 0.0616725
0.4375 1.05991 0.0599138 0.0616725
0.453125 1.06027 0.0602727 0.0621378
0.453125 1.06027 0.0602727 0.0621378
0.46875 1.06053 0.0605306 0.0624725
0.46875 1.06053 0.0605306 0.0624725
0.484375 1.06069 0.060686 0.0626743
0.484375 1.06069 0.060686 0.0626743
0.5 1.06074 0.0607379 0.0627417
0.5 1.06074 0.0607379 0.0627417
0.515625 1.06069 0.060686 0.0626743
0.515625 1.06069 0.060686 0.0626743
0.53125 1.06053 0.0605306 0.0624725
0.53125 1.06053 0.0605306 0.0624725
0.546875 1.06027 0.0602727 0.0621378
0.546875 1.06027 0.0602727 0.0621378
0.5625 1.05991 0.0599138 0.0616725
0.5625 1.05991 0.0599138 0.0616725
0.578125 1.05946 0.0594562 0.06108
0.578125 1.05946 0.0594562 0.06108
0.59375 1.0589 0.0589029 0.0603645
0.59375 1.0589 0.0589029 0.0603645
0.609375 1.05826 0.0582572 0.0595314
0.609375 1.05826 0.0582572 0.0595314
0.625 1.05752 0.0575232 0.0585868
0.625 1.05752 0.0575232 0.0585868
0.640625 1.05671 0.0567056 0.057538
0.640625 1.05671 0.0567056 0.057538
0.65625 1.05581 0.0558097 0.0563932
0.65625 1.05581 0.0558097 0.0563932
0.671875 1.05484 0.0548413 0.0551617
0.671875 1.05484 0.0548413 0.0551617
0.6875 1.05381 0.0538066 0.0538536
0.6875 1.05381 0.0538066 0.0538536
0.703125 1.05271 0.0527126 0.0524799
0.703125 1.05271 0.0527126 0.0524799
0.71875 1.05157 0.0515665 0.0510527
0.71875 1.05157 0.0515665 0.0510527
0.734375 1.05038 0.0503762 0.0495847
0.734375 1.05038 0.0503762 0.0495847
0.75 1.04915 0.04915 0.0480893
0.75 1.04915 0.04915 0.0480893
0.765625 1.0479 0.0478966 0.0465808
0.765625 1.0479 0.0478966 0.0465808
0.78125 1.04663 0.0466251 0.0450738
0.78125 1.04663 0.0466251 0.0450738
0.796875 1.04535 0.0453453 0.0435832
0.796875 1.04535 0.0453453 0.0435832
0.8125 1.04407 0.0440671 0.0421243
0.8125 1.04407 0.0440671 0.0421243
0.828125 1.0428 0.0428011 0.0407123
0.828125 1.0428 0.0428011 0.0407123
0.84375 1.04156 0.0415582 0.0393622
0.84375 1.04156 0.0415582 0.0393622
0.859375 1.04035 0.0403501 0.0380888
0.859375 1.04035 0.0403501 0.0380888
0.875 1.03919 0.0391889 0.0369062
0.875 1.03919 0.0391889 0.0369062
0.890625 1.03809 0.0380877 0.0358279
0.890625 1.03809 0.0380877 0.0358279
0.90625 1.03706 0.0370604 0.0348661
0.90625 1.03706 0.0370604 0.0348661
0.921875 1.03612 0.0361226 0.034032
0.921875 1.03612 0.0361226 0.034032
0.9375 1.03529 0.0352918 0.0333356
0.9375 1.03529 0.0352918 0.0333356
0.953125 1.03459 0.0345885 0.032785
0.953125 1.03459 0.0345885 0.032785
0.96875 1.03404 0.0340387 0.0323869
0.96875 1.03404 0.0340387 0.0323869
0.984375 1.03368 0.0336784 0.0321461
0.984375 1.03368 0.0336784 0.0321461
1 1 0 0.0320655
