# x y topography analytical topography
0 1 0 0.0341928
0.015625 1.0346 0.0345998 0.0342609
0.015625 1.0346 0.0345998 0.0342609
0.03125 1.03495 0.0349508 0.0344646
0.03125 1.03495 0.0349508 0.0344646
0.046875 1.03548 0.035482 0.0348015
0.046875 1.03548 0.035482 0.0348015
0.0625 1.03616 0.0361577 0.0352678
0.0625 1.03616 0.0361577 0.0352678
0.078125 1.03695 0.0369523 0.0358584
0.078125 1.03695 0.0369523 0.0358584
0.09375 1.03785 0.0378454 0.0365667
0.09375 1.03785 0.0378454 0.0365667
0.109375 1.03882 0.0388201 0.0373847
0.109375 1.03882 0.0388201 0.0373847
0.125 1.03986 0.0398615 0.0383036
0.125 1.03986 0.0398615 0.0383036
0.140625 1.04096 0.0409562 0.0393134
0.140625 1.04096 0.0409562 0.0393134
0.15625 1.04209 0.0420918 0.0404032
0.15625 1.04209 0.0420918 0.0404032
0.171875 1.04326 0.0432568 0.0415615
0.171875 1.04326 0.0432568 0.0415615
0.1875 1.04444 0.0444406 0.0427761
0.1875 1.04444 0.0444406 0.0427761
0.203125 1.04563 0.0456329 0.0440345
0.203125 1.04563 0.0456329 0.0440345
0.21875 1.04682 0.0468242 0.0453239
0.21875 1.04682 0.0468242 0.0453239
0.234375 1.04801 0.0480052 0.0466312
0.234375 1.04801 0.0480052 0.0466312
0.25 1.04917 0.0491673 0.0479438
0.25 1.04917 0.0491673 0.0479438
0.265625 1.0503 0.0503022 0.0492487
0.265625 1.0503 0.0503022 0.0492487
0.28125 1.0514 0.051402 0.0505336
0.28125 1.0514 0.051402 0.0505336
0.296875 1.05246 0.0524595 0.0517865
0.296875 1.05246 0.0524595 0.0517865
0.3125 1.05347 0.0534675 0.0529958
0.3125 1.05347 0.0534675 0.0529958
0.328125 1.05442 0.0544197 0.0541507
0.328125 1.05442 0.0544197 0.0541507
0.34375 1.05531 0.0553099 0.0552407
0.34375 1.05531 0.0553099 0.0552407
0.359375 1.05613 0.0561327 0.0562565
0.359375 1.05613 0.0561327 0.0562565
0.375 1.05688 0.0568828 0.0571893
0.375 1.05688 0.0568828 0.0571893
0.390625 1.05756 0.0575557 0.0580313
0.390625 1.05756 0.0575557 0.0580313
0.40625 1.05815 0.0581472 0.0587753
0.40625 1.05815 0.0581472 0.0587753
0.421875 1.05865 0.0586539 0.0594153
0.421875 1.05865 0.0586539 0.0594153
0.4375 1.05907 0.0590727 0.0599461
0.4375 1.05907 0.0590727 0.0599461
0.453125 1.0594 0.059401 0.0603634
0.453125 1.0594 0.059401 0.0603634
0.46875 1.05964 0.0596369 0.0606638
0.46875 1.05964 0.0596369 0.0606638
0.484375 1.05978 0.059779 0.0608451
0.484375 1.05978 0.059779 0.0608451
0.5 1.05983 0.0598265 0.0609056
0.5 1.05983 0.0598265 0.0609056
0.515625 1.05978 0.059779 0.0608451
0.515625 1.05978 0.059779 0.0608451
0.53125 1.05964 0.0596369 0.0606638
0.53125 1.05964 0.0596369 0.0606638
0.546875 1.0594 0.059401 0.0603634
0.546875 1.0594 0.059401 0.0603634
0.5625 1.05907 0.0590727 0.0599461
0.5625 1.05907 0.0590727 0.0599461
0.578125 1.05865 0.0586539 0.0594153
0.578125 1.05865 0.0586539 0.0594153
0.59375 1.05815 0.0581472 0.0587753
0.59375 1.05815 0.0581472 0.0587753
0.609375 1.05756 0.0575557 0.0580313
0.609375 1.05756 0.0575557 0.0580313
0.625 1.05688 0.0568828 0.0571893
0.625 1.05688 0.0568828 0.0571893
0.640625 1.05613 0.0561327 0.0562565
0.640625 1.05613 0.0561327 0.0562565
0.65625 1.05531 0.0553099 0.0552407
0.65625 1.05531 0.0553099 0.0552407
0.671875 1.05442 0.0544197 0.0541507
0.671875 1.05442 0.0544197 0.0541507
0.6875 1.05347 0.0534675 0.0529958
0.6875 1.05347 0.0534675 0.0529958
0.703125 1.05246 0.0524595 0.0517865
0.703125 1.05246 0.0524595 0.0517865
0.71875 1.0514 0.051402 0.0505336
0.71875 1.0514 0.051402 0.0505336
0.734375 1.0503 0.0503022 0.0492487
0.734375 1.0503 0.0503022 0.0492487
0.75 1.04917 0.0491673 0.0479438
0.75 1.04917 0.0491673 0.0479438
0.765625 1.04801 0.0480052 0.0466312
0.765625 1.04801 0.0480052 0.0466312
0.78125 1.04682 0.0468242 0.0453239
0.78125 1.04682 0.0468242 0.0453239
0.796875 1.04563 0.0456329 0.0440345
0.796875 1.04563 0.0456329 0.0440345
0.8125 1.04444 0.0444406 0.0427761
0.8125 1.04444 0.0444406 0.0427761
0.828125 1.04326 0.0432568 0.0415615
0.828125 1.04326 0.0432568 0.0415615
0.84375 1.04209 0.0420918 0.0404032
0.84375 1.04209 0.0420918 0.0404032
0.859375 1.04096 0.0409562 0.0393134
0.859375 1.04096 0.0409562 0.0393134
0.875 1.03986 0.0398615 0.0383036
0.875 1.03986 0.0398615 0.0383036
0.890625 1.03882 0.0388201 0.0373847
0.890625 1.03882 0.0388201 0.0373847
0.90625 1.03785 0.0378454 0.0365667
0.90625 1.03785 0.0378454 0.0365667
0.921875 1.03695 0.0369523 0.0358584
0.921875 1.03695 0.0369523 0.0358584
0.9375 1.03616 0.0361577 0.0352678
0.9375 1.03616 0.0361577 0.0352678
0.953125 1.03548 0.035482 0.0348015
0.953125 1.03548 0.035482 0.0348015
0.96875 1.03495 0.0349508 0.0344646
0.96875 1.03495 0.0349508 0.0344646
0.984375 1.0346 0.0345998 0.0342609
0.984375 1.0346 0.0345998 0.0342609
1 1 0 0.0341928
