# x y topography analytical topography
0 1 0 0.0334735
0.015625 1.03431 0.0343082 0.0335458
0.015625 1.03431 0.0343082 0.0335458
0.03125 1.03466 0.0346622 0.0337617
0.03125 1.03466 0.0346622 0.0337617
0.046875 1.0352 0.0351992 0.0341188
0.046875 1.0352 0.0351992 0.0341188
0.0625 1.03588 0.0358836 0.034613
0.0625 1.03588 0.0358836 0.034613
0.078125 1.03669 0.0366896 0.0352386
0.078125 1.03669 0.0366896 0.0352386
0.09375 1.0376 0.0375968 0.0359886
0.09375 1.0376 0.0375968 0.0359886
0.109375 1.03859 0.0385881 0.0368544
0.109375 1.03859 0.0385881 0.0368544
0.125 1.03965 0.0396484 0.0378263
0.125 1.03965 0.0396484 0.0378263
0.140625 1.04076 0.040764 0.0388938
0.140625 1.04076 0.040764 0.0388938
0.15625 1.04192 0.0419225 0.040045
0.15625 1.04192 0.0419225 0.040045
0.171875 1.04311 0.0431121 0.0412676
0.171875 1.04311 0.0431121 0.0412676
0.1875 1.04432 0.0443219 0.0425486
0.1875 1.04432 0.0443219 0.0425486
0.203125 1.04554 0.0455414 0.0438747
0.203125 1.04554 0.0455414 0.0438747
0.21875 1.04676 0.0467607 0.0452322
0.21875 1.04676 0.0467607 0.0452322
0.234375 1.04797 0.0479703 0.0466074
0.234375 1.04797 0.0479703 0.0466074
0.25 1.04916 0.0491613 0.0479868
0.25 1.04916 0.0491613 0.0479868
0.265625 1.05033 0.0503252 0.049357
0.265625 1.05033 0.0503252 0.049357
0.28125 1.05145 0.0514537 0.0507049
0.28125 1.05145 0.0514537 0.0507049
0.296875 1.05254 0.0525393 0.052018
0.296875 1.05254 0.0525393 0.052018
0.3125 1.05357 0.0535747 0.0532842
0.3125 1.05357 0.0535747 0.0532842
0.328125 1.05455 0.0545531 0.0544924
0.328125 1.05455 0.0545531 0.0544924
0.34375 1.05547 0.0554682 0.0556319
0.34375 1.05547 0.0554682 0.0556319
0.359375 1.05631 0.0563142 0.056693
0.359375 1.05631 0.0563142 0.056693
0.375 1.05709 0.0570858 0.0576666
0.375 1.05709 0.0570858 0.0576666
0.390625 1.05778 0.0577781 0.0585448
0.390625 1.05778 0.0577781 0.0585448
0.40625 1.05839 0.058387 0.0593205
0.40625 1.05839 0.058387 0.0593205
0.421875 1.05891 0.0589085 0.0599873
0.421875 1.05891 0.0589085 0.0599873
0.4375 1.05934 0.0593396 0.0605401
0.4375 1.05934 0.0593396 0.0605401
0.453125 1.05968 0.0596777 0.0609745
0.453125 1.05968 0.0596777 0.0609745
0.46875 1.05992 0.0599206 0.0612872
0.46875 1.05992 0.0599206 0.0612872
0.484375 1.06007 0.060067 0.0614758
0.484375 1.06007 0.060067 0.0614758
0.5 1.06012 0.0601159 0.0615388
0.5 1.06012 0.0601159 0.0615388
0.515625 1.06007 0.060067 0.0614758
0.515625 1.06007 0.060067 0.0614758
0.53125 1.05992 0.0599206 0.0612872
0.53125 1.05992 0.0599206 0.0612872
0.546875 1.05968 0.0596777 0.0609745
0.546875 1.05968 0.0596777 0.0609745
0.5625 1.05934 0.0593396 0.0605401
0.5625 1.05934 0.0593396 0.0605401
0.578125 1.05891 0.0589085 0.0599873
0.578125 1.05891 0.0589085 0.0599873
0.59375 1.05839 0.058387 0.0593205
0.59375 1.05839 0.058387 0.0593205
0.609375 1.05778 0.0577781 0.0585448
0.609375 1.05778 0.0577781 0.0585448
0.625 1.05709 0.0570858 0.0576666
0.625 1.05709 0.0570858 0.0576666
0.640625 1.05631 0.0563142 0.056693
0.640625 1.05631 0.0563142 0.056693
0.65625 1.05547 0.0554682 0.0556319
0.65625 1.05547 0.0554682 0.0556319
0.671875 1.05455 0.0545531 0.0544924
0.671875 1.05455 0.0545531 0.0544924
0.6875 1.05357 0.0535747 0.0532842
0.6875 1.05357 0.0535747 0.0532842
0.703125 1.05254 0.0525393 0.052018
0.703125 1.05254 0.0525393 0.052018
0.71875 1.05145 0.0514537 0.0507049
0.71875 1.05145 0.0514537 0.0507049
0.734375 1.05033 0.0503252 0.049357
0.734375 1.05033 0.0503252 0.049357
0.75 1.04916 0.0491613 0.0479868
0.75 1.04916 0.0491613 0.0479868
0.765625 1.04797 0.0479703 0.0466074
0.765625 1.04797 0.0479703 0.0466074
0.78125 1.04676 0.0467607 0.0452322
0.78125 1.04676 0.0467607 0.0452322
0.796875 1.04554 0.0455414 0.0438747
0.796875 1.04554 0.0455414 0.0438747
0.8125 1.04432 0.0443219 0.0425486
0.8125 1.04432 0.0443219 0.0425486
0.828125 1.04311 0.0431121 0.0412676
0.828125 1.04311 0.0431121 0.0412676
0.84375 1.04192 0.0419225 0.040045
0.84375 1.04192 0.0419225 0.040045
0.859375 1.04076 0.040764 0.0388938
0.859375 1.04076 0.040764 0.0388938
0.875 1.03965 0.0396484 0.0378263
0.875 1.03965 0.0396484 0.0378263
0.890625 1.03859 0.0385881 0.0368544
0.890625 1.03859 0.0385881 0.0368544
0.90625 1.0376 0.0375968 0.0359886
0.90625 1.0376 0.0375968 0.0359886
0.921875 1.03669 0.0366896 0.0352386
0.921875 1.03669 0.0366896 0.0352386
0.9375 1.03588 0.0358836 0.034613
0.9375 1.03588 0.0358836 0.034613
0.953125 1.0352 0.0351992 0.0341188
0.953125 1.0352 0.0351992 0.0341188
0.96875 1.03466 0.0346622 0.0337617
0.96875 1.03466 0.0346622 0.0337617
0.984375 1.03431 0.0343082 0.0335458
0.984375 1.03431 0.0343082 0.0335458
1 1 0 0.0334735
