# x y topography analytical topography
0 1 0 0.0316459
0.015625 1.03348 0.0334757 0.0317291
0.015625 1.03348 0.0334757 0.0317291
0.03125 1.03384 0.0338381 0.0319776
0.03125 1.03384 0.0338381 0.0319776
0.046875 1.03439 0.034392 0.0323883
0.046875 1.03439 0.034392 0.0323883
0.0625 1.0351 0.0351014 0.0329562
0.0625 1.0351 0.0351014 0.0329562
0.078125 1.03594 0.0359403 0.0336743
0.078125 1.03594 0.0359403 0.0336743
0.09375 1.03689 0.036888 0.0345341
0.09375 1.03689 0.036888 0.0345341
0.109375 1.03793 0.0379269 0.0355253
0.109375 1.03793 0.0379269 0.0355253
0.125 1.03904 0.0390414 0.036636
0.125 1.03904 0.0390414 0.036636
0.140625 1.04022 0.0402173 0.0378536
0.140625 1.04022 0.0402173 0.0378536
0.15625 1.04144 0.0414415 0.0391639
0.15625 1.04144 0.0414415 0.0391639
0.171875 1.0427 0.0427015 0.0405524
0.171875 1.0427 0.0427015 0.0405524
0.1875 1.04399 0.0439857 0.0420037
0.1875 1.04399 0.0439857 0.0420037
0.203125 1.04528 0.0452828 0.0435023
0.203125 1.04528 0.0452828 0.0435023
0.21875 1.04658 0.0465821 0.0450324
0.21875 1.04658 0.0465821 0.0450324
0.234375 1.04787 0.0478734 0.0465784
0.234375 1.04787 0.0478734 0.0465784
0.25 1.04915 0.0491469 0.0481249
0.25 1.04915 0.0491469 0.0481249
0.265625 1.05039 0.0503931 0.0496568
0.265625 1.05039 0.0503931 0.0496568
0.28125 1.0516 0.0516032 0.0511598
0.28125 1.0516 0.0516032 0.0511598
0.296875 1.05277 0.0527687 0.05262
0.296875 1.05277 0.0527687 0.05262
0.3125 1.05388 0.0538815 0.0540244
0.3125 1.05388 0.0538815 0.0540244
0.328125 1.05493 0.0549341 0.0553611
0.328125 1.05493 0.0549341 0.0553611
0.34375 1.05592 0.0559196 0.0566187
0.34375 1.05592 0.0559196 0.0566187
0.359375 1.05683 0.0568314 0.0577871
0.359375 1.05683 0.0568314 0.0577871
0.375 1.05766 0.0576636 0.058857
0.375 1.05766 0.0576636 0.058857
0.390625 1.05841 0.0584109 0.0598201
0.390625 1.05841 0.0584109 0.0598201
0.40625 1.05907 0.0590683 0.0606692
0.40625 1.05907 0.0590683 0.0606692
0.421875 1.05963 0.0596318 0.0613982
0.421875 1.05963 0.0596318 0.0613982
0.4375 1.0601 0.0600977 0.0620016
0.4375 1.0601 0.0600977 0.0620016
0.453125 1.06046 0.0604632 0.0624754
0.453125 1.06046 0.0604632 0.0624754
0.46875 1.06073 0.0607259 0.0628161
0.46875 1.06073 0.0607259 0.0628161
0.484375 1.06088 0.0608842 0.0630215
0.484375 1.06088 0.0608842 0.0630215
0.5 1.06094 0.0609371 0.0630901
0.5 1.06094 0.0609371 0.0630901
0.515625 1.06088 0.0608842 0.0630215
0.515625 1.06088 0.0608842 0.0630215
0.53125 1.06073 0.0607259 0.0628161
0.53125 1.06073 0.0607259 0.0628161
0.546875 1.06046 0.0604632 0.0624754
0.546875 1.06046 0.0604632 0.0624754
0.5625 1.0601 0.0600977 0.0620016
0.5625 1.0601 0.0600977 0.0620016
0.578125 1.05963 0.0596318 0.0613982
0.578125 1.05963 0.0596318 0.0613982
0.59375 1.05907 0.0590683 0.0606692
0.59375 1.05907 0.0590683 0.0606692
0.609375 1.05841 0.0584109 0.0598201
0.609375 1.05841 0.0584109 0.0598201
0.625 1.05766 0.0576636 0.058857
0.625 1.05766 0.0576636 0.058857
0.640625 1.05683 0.0568314 0.0577871
0.640625 1.05683 0.0568314 0.0577871
0.65625 1.05592 0.0559196 0.0566187
0.65625 1.05592 0.0559196 0.0566187
0.671875 1.05493 0.0549341 0.0553611
0.671875 1.05493 0.0549341 0.0553611
0.6875 1.05388 0.0538815 0.0540244
0.6875 1.05388 0.0538815 0.0540244
0.703125 1.05277 0.0527687 0.05262
0.703125 1.05277 0.0527687 0.05262
0.71875 1.0516 0.0516032 0.0511598
0.71875 1.0516 0.0516032 0.0511598
0.734375 1.05039 0.0503931 0.0496568
0.734375 1.05039 0.0503931 0.0496568
0.75 1.04915 0.0491469 0.0481249
0.75 1.04915 0.0491469 0.0481249
0.765625 1.04787 0.0478734 0.0465784
0.765625 1.04787 0.0478734 0.0465784
0.78125 1.04658 0.0465821 0.0450324
0.78125 1.04658 0.0465821 0.0450324
0.796875 1.04528 0.0452828 0.0435023
0.796875 1.04528 0.0452828 0.0435023
0.8125 1.04399 0.0439857 0.0420037
0.8125 1.04399 0.0439857 0.0420037
0.828125 1.0427 0.0427015 0.0405524
0.828125 1.0427 0.0427015 0.0405524
0.84375 1.04144 0.0414415 0.0391639
0.84375 1.04144 0.0414415 0.0391639
0.859375 1.04022 0.0402173 0.0378536
0.859375 1.04022 0.0402173 0.0378536
0.875 1.03904 0.0390414 0.036636
0.875 1.03904 0.0390414 0.036636
0.890625 1.03793 0.0379269 0.0355253
0.890625 1.03793 0.0379269 0.0355253
0.90625 1.03689 0.036888 0.0345341
0.90625 1.03689 0.036888 0.0345341
0.921875 1.03594 0.0359403 0.0336743
0.921875 1.03594 0.0359403 0.0336743
0.9375 1.0351 0.0351014 0.0329562
0.9375 1.0351 0.0351014 0.0329562
0.953125 1.03439 0.034392 0.0323883
0.953125 1.03439 0.034392 0.0323883
0.96875 1.03384 0.0338381 0.0319776
0.96875 1.03384 0.0338381 0.0319776
0.984375 1.03348 0.0334757 0.0317291
0.984375 1.03348 0.0334757 0.0317291
1 1 0 0.0316459
