# x y topography analytical topography
0 1 0 0.0356369
0.015625 1.03512 0.0351237 0.0356971
0.015625 1.03512 0.0351237 0.0356971
0.03125 1.03547 0.0354695 0.035877
0.03125 1.03547 0.0354695 0.035877
0.046875 1.03599 0.0359902 0.0361745
0.046875 1.03599 0.0359902 0.0361745
0.0625 1.03665 0.0366504 0.0365867
0.0625 1.03665 0.0366504 0.0365867
0.078125 1.03742 0.0374245 0.0371089
0.078125 1.03742 0.0374245 0.0371089
0.09375 1.03829 0.0382924 0.0377356
0.09375 1.03829 0.0382924 0.0377356
0.109375 1.03924 0.0392375 0.0384601
0.109375 1.03924 0.0392375 0.0384601
0.125 1.04025 0.0402451 0.0392747
0.125 1.04025 0.0402451 0.0392747
0.140625 1.0413 0.0413021 0.0401709
0.140625 1.0413 0.0413021 0.0401709
0.15625 1.0424 0.0423967 0.0411393
0.15625 1.0424 0.0423967 0.0411393
0.171875 1.04352 0.0435177 0.0421699
0.171875 1.04352 0.0435177 0.0421699
0.1875 1.04465 0.0446548 0.0432522
0.1875 1.04465 0.0446548 0.0432522
0.203125 1.0458 0.0457984 0.0443751
0.203125 1.0458 0.0457984 0.0443751
0.21875 1.04694 0.0469393 0.0455273
0.21875 1.04694 0.0469393 0.0455273
0.234375 1.04807 0.0480688 0.0466976
0.234375 1.04807 0.0480688 0.0466976
0.25 1.04918 0.0491789 0.0478743
0.25 1.04918 0.0491789 0.0478743
0.265625 1.05026 0.0502616 0.0490461
0.265625 1.05026 0.0502616 0.0490461
0.28125 1.05131 0.0513098 0.0502018
0.28125 1.05131 0.0513098 0.0502018
0.296875 1.05232 0.0523165 0.0513304
0.296875 1.05232 0.0523165 0.0513304
0.3125 1.05328 0.0532753 0.0524215
0.3125 1.05328 0.0532753 0.0524215
0.328125 1.05418 0.0541802 0.053465
0.328125 1.05418 0.0541802 0.053465
0.34375 1.05503 0.0550255 0.0544515
0.34375 1.05503 0.0550255 0.0544515
0.359375 1.05581 0.0558062 0.0553719
0.359375 1.05581 0.0558062 0.0553719
0.375 1.05652 0.0565175 0.0562183
0.375 1.05652 0.0565175 0.0562183
0.390625 1.05716 0.0571552 0.056983
0.390625 1.05716 0.0571552 0.056983
0.40625 1.05772 0.0577156 0.0576596
0.40625 1.05772 0.0577156 0.0576596
0.421875 1.0582 0.0581953 0.0582421
0.421875 1.0582 0.0581953 0.0582421
0.4375 1.05859 0.0585917 0.0587256
0.4375 1.05859 0.0585917 0.0587256
0.453125 1.0589 0.0589023 0.0591059
0.453125 1.0589 0.0589023 0.0591059
0.46875 1.05913 0.0591255 0.0593799
0.46875 1.05913 0.0591255 0.0593799
0.484375 1.05926 0.0592599 0.0595452
0.484375 1.05926 0.0592599 0.0595452
0.5 1.0593 0.0593048 0.0596004
0.5 1.0593 0.0593048 0.0596004
0.515625 1.05926 0.0592599 0.0595452
0.515625 1.05926 0.0592599 0.0595452
0.53125 1.05913 0.0591255 0.0593799
0.53125 1.05913 0.0591255 0.0593799
0.546875 1.0589 0.0589023 0.0591059
0.546875 1.0589 0.0589023 0.0591059
0.5625 1.05859 0.0585917 0.0587256
0.5625 1.05859 0.0585917 0.0587256
0.578125 1.0582 0.0581953 0.0582421
0.578125 1.0582 0.0581953 0.0582421
0.59375 1.05772 0.0577156 0.0576596
0.59375 1.05772 0.0577156 0.0576596
0.609375 1.05716 0.0571552 0.056983
0.609375 1.05716 0.0571552 0.056983
0.625 1.05652 0.0565175 0.0562183
0.625 1.05652 0.0565175 0.0562183
0.640625 1.05581 0.0558062 0.0553719
0.640625 1.05581 0.0558062 0.0553719
0.65625 1.05503 0.0550255 0.0544515
0.65625 1.05503 0.0550255 0.0544515
0.671875 1.05418 0.0541802 0.053465
0.671875 1.05418 0.0541802 0.053465
0.6875 1.05328 0.0532753 0.0524215
0.6875 1.05328 0.0532753 0.0524215
0.703125 1.05232 0.0523165 0.0513304
0.703125 1.05232 0.0523165 0.0513304
0.71875 1.05131 0.0513098 0.0502018
0.71875 1.05131 0.0513098 0.0502018
0.734375 1.05026 0.0502616 0.0490461
0.734375 1.05026 0.0502616 0.0490461
0.75 1.04918 0.0491789 0.0478743
0.75 1.04918 0.0491789 0.0478743
0.765625 1.04807 0.0480688 0.0466976
0.765625 1.04807 0.0480688 0.0466976
0.78125 1.04694 0.0469393 0.0455273
0.78125 1.04694 0.0469393 0.0455273
0.796875 1.0458 0.0457984 0.0443751
0.796875 1.0458 0.0457984 0.0443751
0.8125 1.04465 0.0446548 0.0432522
0.8125 1.04465 0.0446548 0.0432522
0.828125 1.04352 0.0435177 0.0421699
0.828125 1.04352 0.0435177 0.0421699
0.84375 1.0424 0.0423967 0.0411393
0.84375 1.0424 0.0423967 0.0411393
0.859375 1.0413 0.0413021 0.0401709
0.859375 1.0413 0.0413021 0.0401709
0.875 1.04025 0.0402451 0.0392747
0.875 1.04025 0.0402451 0.0392747
0.890625 1.03924 0.0392375 0.0384601
0.890625 1.03924 0.0392375 0.0384601
0.90625 1.03829 0.0382924 0.0377356
0.90625 1.03829 0.0382924 0.0377356
0.921875 1.03742 0.0374245 0.0371089
0.921875 1.03742 0.0374245 0.0371089
0.9375 1.03665 0.0366504 0.0365867
0.9375 1.03665 0.0366504 0.0365867
0.953125 1.03599 0.0359902 0.0361745
0.953125 1.03599 0.0359902 0.0361745
0.96875 1.03547 0.0354695 0.035877
0.96875 1.03547 0.0354695 0.035877
0.984375 1.03512 0.0351237 0.0356971
0.984375 1.03512 0.0351237 0.0356971
1 1 0 0.0356369
