# x y topography analytical topography
0 1 0 0.0350027
0.015625 1.0349 0.0349037 0.0350664
0.015625 1.0349 0.0349037 0.0350664
0.03125 1.03525 0.0352517 0.0352566
0.03125 1.03525 0.0352517 0.0352566
0.046875 1.03578 0.0357768 0.0355712
0.046875 1.03578 0.0357768 0.0355712
0.0625 1.03644 0.0364435 0.0360069
0.0625 1.03644 0.0364435 0.0360069
0.078125 1.03723 0.0372262 0.0365588
0.078125 1.03723 0.0372262 0.0365588
0.09375 1.0381 0.0381047 0.037221
0.09375 1.0381 0.0381047 0.037221
0.109375 1.03906 0.0390622 0.0379862
0.109375 1.03906 0.0390622 0.0379862
0.125 1.04008 0.040084 0.0388463
0.125 1.04008 0.040084 0.0388463
0.140625 1.04116 0.0411568 0.0397921
0.140625 1.04116 0.0411568 0.0397921
0.15625 1.04227 0.0422685 0.0408135
0.15625 1.04227 0.0422685 0.0408135
0.171875 1.04341 0.043408 0.0418999
0.171875 1.04341 0.043408 0.0418999
0.1875 1.04456 0.0445647 0.0430402
0.1875 1.04456 0.0445647 0.0430402
0.203125 1.04573 0.0457288 0.0442225
0.203125 1.04573 0.0457288 0.0442225
0.21875 1.04689 0.0468908 0.045435
0.21875 1.04689 0.0468908 0.045435
0.234375 1.04804 0.048042 0.0466656
0.234375 1.04804 0.048042 0.0466656
0.25 1.04917 0.0491739 0.0479022
0.25 1.04917 0.0491739 0.0479022
0.265625 1.05028 0.0502786 0.0491328
0.265625 1.05028 0.0502786 0.0491328
0.28125 1.05135 0.0513484 0.0503456
0.28125 1.05135 0.0513484 0.0503456
0.296875 1.05238 0.0523765 0.0515294
0.296875 1.05238 0.0523765 0.0515294
0.3125 1.05336 0.053356 0.052673
0.3125 1.05336 0.053356 0.052673
0.328125 1.05428 0.0542808 0.053766
0.328125 1.05428 0.0542808 0.053766
0.34375 1.05514 0.055145 0.0547986
0.34375 1.05514 0.055145 0.0547986
0.359375 1.05594 0.0559433 0.0557617
0.359375 1.05594 0.0559433 0.0557617
0.375 1.05667 0.0566709 0.0566467
0.375 1.05667 0.0566709 0.0566467
0.390625 1.05732 0.0573235 0.057446
0.390625 1.05732 0.0573235 0.057446
0.40625 1.0579 0.057897 0.0581528
0.40625 1.0579 0.057897 0.0581528
0.421875 1.05839 0.058388 0.0587612
0.421875 1.05839 0.058388 0.0587612
0.4375 1.05879 0.0587938 0.0592659
0.4375 1.05879 0.0587938 0.0592659
0.453125 1.05911 0.0591119 0.0596629
0.453125 1.05911 0.0591119 0.0596629
0.46875 1.05934 0.0593404 0.0599487
0.46875 1.05934 0.0593404 0.0599487
0.484375 1.05948 0.0594781 0.0601212
0.484375 1.05948 0.0594781 0.0601212
0.5 1.05952 0.0595241 0.0601789
0.5 1.05952 0.0595241 0.0601789
0.515625 1.05948 0.0594781 0.0601212
0.515625 1.05948 0.0594781 0.0601212
0.53125 1.05934 0.0593404 0.0599487
0.53125 1.05934 0.0593404 0.0599487
0.546875 1.05911 0.0591119 0.0596629
0.546875 1.05911 0.0591119 0.0596629
0.5625 1.05879 0.0587938 0.0592659
0.5625 1.05879 0.0587938 0.0592659
0.578125 1.05839 0.058388 0.0587612
0.578125 1.05839 0.058388 0.0587612
0.59375 1.0579 0.057897 0.0581528
0.59375 1.0579 0.057897 0.0581528
0.609375 1.05732 0.0573235 0.057446
0.609375 1.05732 0.0573235 0.057446
0.625 1.05667 0.0566709 0.0566467
0.625 1.05667 0.0566709 0.0566467
0.640625 1.05594 0.0559433 0.0557617
0.640625 1.05594 0.0559433 0.0557617
0.65625 1.05514 0.055145 0.0547986
0.65625 1.05514 0.055145 0.0547986
0.671875 1.05428 0.0542808 0.053766
0.671875 1.05428 0.0542808 0.053766
0.6875 1.05336 0.053356 0.052673
0.6875 1.05336 0.053356 0.052673
0.703125 1.05238 0.0523765 0.0515294
0.703125 1.05238 0.0523765 0.0515294
0.71875 1.05135 0.0513484 0.0503456
0.71875 1.05135 0.0513484 0.0503456
0.734375 1.05028 0.0502786 0.0491328
0.734375 1.05028 0.0502786 0.0491328
0.75 1.04917 0.0491739 0.0479022
0.75 1.04917 0.0491739 0.0479022
0.765625 1.04804 0.048042 0.0466656
0.765625 1.04804 0.048042 0.0466656
0.78125 1.04689 0.0468908 0.045435
0.78125 1.04689 0.0468908 0.045435
0.796875 1.04573 0.0457288 0.0442225
0.796875 1.04573 0.0457288 0.0442225
0.8125 1.04456 0.0445647 0.0430402
0.8125 1.04456 0.0445647 0.0430402
0.828125 1.04341 0.043408 0.0418999
0.828125 1.04341 0.043408 0.0418999
0.84375 1.04227 0.0422685 0.0408135
0.84375 1.04227 0.0422685 0.0408135
0.859375 1.04116 0.0411568 0.0397921
0.859375 1.04116 0.0411568 0.0397921
0.875 1.04008 0.040084 0.0388463
0.875 1.04008 0.040084 0.0388463
0.890625 1.03906 0.0390622 0.0379862
0.890625 1.03906 0.0390622 0.0379862
0.90625 1.0381 0.0381047 0.037221
0.90625 1.0381 0.0381047 0.037221
0.921875 1.03723 0.0372262 0.0365588
0.921875 1.03723 0.0372262 0.0365588
0.9375 1.03644 0.0364435 0.0360069
0.9375 1.03644 0.0364435 0.0360069
0.953125 1.03578 0.0357768 0.0355712
0.953125 1.03578 0.0357768 0.0355712
0.96875 1.03525 0.0352517 0.0352566
0.96875 1.03525 0.0352517 0.0352566
0.984375 1.0349 0.0349037 0.0350664
0.984375 1.0349 0.0349037 0.0350664
1 1 0 0.0350027
