# x y topography analytical topography
0 1 0 0.02923
0.015625 1.03218 0.0321762 0.0293288
0.015625 1.03218 0.0321762 0.0293288
0.03125 1.03255 0.0325521 0.029624
0.03125 1.03255 0.0325521 0.029624
0.046875 1.03313 0.0331328 0.0301116
0.046875 1.03313 0.0331328 0.0301116
0.0625 1.03388 0.0338822 0.0307848
0.0625 1.03388 0.0338822 0.0307848
0.078125 1.03477 0.0347736 0.0316347
0.078125 1.03477 0.0347736 0.0316347
0.09375 1.03579 0.0357858 0.03265
0.09375 1.03579 0.0357858 0.03265
0.109375 1.0369 0.0369004 0.0338175
0.109375 1.0369 0.0369004 0.0338175
0.125 1.0381 0.038101 0.035122
0.125 1.0381 0.038101 0.035122
0.140625 1.03937 0.0393724 0.0365473
0.140625 1.03937 0.0393724 0.0365473
0.15625 1.0407 0.0407004 0.0380759
0.15625 1.0407 0.0407004 0.0380759
0.171875 1.04207 0.0420714 0.0396894
0.171875 1.04207 0.0420714 0.0396894
0.1875 1.04347 0.0434725 0.0413693
0.1875 1.04347 0.0434725 0.0413693
0.203125 1.04489 0.0448912 0.0430967
0.203125 1.04489 0.0448912 0.0430967
0.21875 1.04632 0.0463156 0.0448528
0.21875 1.04632 0.0463156 0.0448528
0.234375 1.04773 0.047734 0.0466194
0.234375 1.04773 0.047734 0.0466194
0.25 1.04914 0.0491354 0.0483786
0.25 1.04914 0.0491354 0.0483786
0.265625 1.05051 0.050509 0.0501135
0.265625 1.05051 0.050509 0.0501135
0.28125 1.05184 0.0518448 0.0518082
0.28125 1.05184 0.0518448 0.0518082
0.296875 1.05313 0.053133 0.0534475
0.296875 1.05313 0.053133 0.0534475
0.3125 1.05436 0.0543644 0.0550178
0.3125 1.05436 0.0543644 0.0550178
0.328125 1.05553 0.0555303 0.0565062
0.328125 1.05553 0.0555303 0.0565062
0.34375 1.05662 0.0566229 0.0579012
0.34375 1.05662 0.0566229 0.0579012
0.359375 1.05763 0.0576345 0.0591926
0.359375 1.05763 0.0576345 0.0591926
0.375 1.05856 0.0585584 0.0603713
0.375 1.05856 0.0585584 0.0603713
0.390625 1.05939 0.0593884 0.0614291
0.390625 1.05939 0.0593884 0.0614291
0.40625 1.06012 0.060119 0.0623592
0.40625 1.06012 0.060119 0.0623592
0.421875 1.06075 0.0607455 0.0631558
0.421875 1.06075 0.0607455 0.0631558
0.4375 1.06126 0.0612636 0.063814
0.4375 1.06126 0.0612636 0.063814
0.453125 1.06167 0.0616702 0.0643299
0.453125 1.06167 0.0616702 0.0643299
0.46875 1.06196 0.0619624 0.0647005
0.46875 1.06196 0.0619624 0.0647005
0.484375 1.06214 0.0621385 0.0649237
0.484375 1.06214 0.0621385 0.0649237
0.5 1.0622 0.0621974 0.0649982
0.5 1.0622 0.0621974 0.0649982
0.515625 1.06214 0.0621385 0.0649237
0.515625 1.06214 0.0621385 0.0649237
0.53125 1.06196 0.0619624 0.0647005
0.53125 1.06196 0.0619624 0.0647005
0.546875 1.06167 0.0616702 0.0643299
0.546875 1.06167 0.0616702 0.0643299
0.5625 1.06126 0.0612636 0.063814
0.5625 1.06126 0.0612636 0.063814
0.578125 1.06075 0.0607455 0.0631558
0.578125 1.06075 0.0607455 0.0631558
0.59375 1.06012 0.060119 0.0623592
0.59375 1.06012 0.060119 0.0623592
0.609375 1.05939 0.0593884 0.0614291
0.609375 1.05939 0.0593884 0.0614291
0.625 1.05856 0.0585584 0.0603713
0.625 1.05856 0.0585584 0.0603713
0.640625 1.05763 0.0576345 0.0591926
0.640625 1.05763 0.0576345 0.0591926
0.65625 1.05662 0.0566229 0.0579012
0.65625 1.05662 0.0566229 0.0579012
0.671875 1.05553 0.0555303 0.0565062
0.671875 1.05553 0.0555303 0.0565062
0.6875 1.05436 0.0543644 0.0550178
0.6875 1.05436 0.0543644 0.0550178
0.703125 1.05313 0.053133 0.0534475
0.703125 1.05313 0.053133 0.0534475
0.71875 1.05184 0.0518448 0.0518082
0.71875 1.05184 0.0518448 0.0518082
0.734375 1.05051 0.050509 0.0501135
0.734375 1.05051 0.050509 0.0501135
0.75 1.04914 0.0491354 0.0483786
0.75 1.04914 0.0491354 0.0483786
0.765625 1.04773 0.047734 0.0466194
0.765625 1.04773 0.047734 0.0466194
0.78125 1.04632 0.0463156 0.0448528
0.78125 1.04632 0.0463156 0.0448528
0.796875 1.04489 0.0448912 0.0430967
0.796875 1.04489 0.0448912 0.0430967
0.8125 1.04347 0.0434725 0.0413693
0.8125 1.04347 0.0434725 0.0413693
0.828125 1.04207 0.0420714 0.0396894
0.828125 1.04207 0.0420714 0.0396894
0.84375 1.0407 0.0407004 0.0380759
0.84375 1.0407 0.0407004 0.0380759
0.859375 1.03937 0.0393724 0.0365473
0.859375 1.03937 0.0393724 0.0365473
0.875 1.0381 0.038101 0.035122
0.875 1.0381 0.038101 0.035122
0.890625 1.0369 0.0369004 0.0338175
0.890625 1.0369 0.0369004 0.0338175
0.90625 1.03579 0.0357858 0.03265
0.90625 1.03579 0.0357858 0.03265
0.921875 1.03477 0.0347736 0.0316347
0.921875 1.03477 0.0347736 0.0316347
0.9375 1.03388 0.0338822 0.0307848
0.9375 1.03388 0.0338822 0.0307848
0.953125 1.03313 0.0331328 0.0301116
0.953125 1.03313 0.0331328 0.0301116
0.96875 1.03255 0.0325521 0.029624
0.96875 1.03255 0.0325521 0.029624
0.984375 1.03218 0.0321762 0.0293288
0.984375 1.03218 0.0321762 0.0293288
1 1 0 0.02923
