# x y topography analytical topography
0 1 0 0.0303034
0.015625 1.03278 0.0327812 0.0303951
0.015625 1.03278 0.0327812 0.0303951
0.03125 1.03315 0.0331507 0.0306689
0.03125 1.03315 0.0331507 0.0306689
0.046875 1.03372 0.0337188 0.0311214
0.046875 1.03372 0.0337188 0.0311214
0.0625 1.03445 0.0344494 0.0317466
0.0625 1.03445 0.0344494 0.0317466
0.078125 1.03532 0.0353162 0.0325365
0.078125 1.03532 0.0353162 0.0325365
0.09375 1.0363 0.0362981 0.0334811
0.09375 1.0363 0.0362981 0.0334811
0.109375 1.03738 0.0373772 0.0345685
0.109375 1.03738 0.0373772 0.0345685
0.125 1.03854 0.0385375 0.0357854
0.125 1.03854 0.0385375 0.0357854
0.140625 1.03976 0.0397642 0.0371169
0.140625 1.03976 0.0397642 0.0371169
0.15625 1.04104 0.0410436 0.0385474
0.15625 1.04104 0.0410436 0.0385474
0.171875 1.04236 0.0423628 0.0400601
0.171875 1.04236 0.0423628 0.0400601
0.1875 1.04371 0.0437093 0.041638
0.1875 1.04371 0.0437093 0.041638
0.203125 1.04507 0.0450713 0.0432637
0.203125 1.04507 0.0450713 0.0432637
0.21875 1.04644 0.0464375 0.0449198
0.21875 1.04644 0.0464375 0.0449198
0.234375 1.0478 0.0477968 0.0465893
0.234375 1.0478 0.0477968 0.0465893
0.25 1.04914 0.0491387 0.0482553
0.25 1.04914 0.0491387 0.0482553
0.265625 1.05045 0.0504533 0.0499017
0.265625 1.05045 0.0504533 0.0499017
0.28125 1.05173 0.0517308 0.0515133
0.28125 1.05173 0.0517308 0.0515133
0.296875 1.05296 0.0529622 0.0530754
0.296875 1.05296 0.0529622 0.0530754
0.3125 1.05414 0.0541388 0.0545746
0.3125 1.05414 0.0541388 0.0545746
0.328125 1.05525 0.0552525 0.0559983
0.328125 1.05525 0.0552525 0.0559983
0.34375 1.0563 0.0562957 0.0573351
0.34375 1.0563 0.0562957 0.0573351
0.359375 1.05726 0.0572614 0.0585747
0.359375 1.05726 0.0572614 0.0585747
0.375 1.05814 0.0581432 0.0597077
0.375 1.05814 0.0581432 0.0597077
0.390625 1.05894 0.0589352 0.060726
0.390625 1.05894 0.0589352 0.060726
0.40625 1.05963 0.0596322 0.0616225
0.40625 1.05963 0.0596322 0.0616225
0.421875 1.06023 0.0602298 0.0623911
0.421875 1.06023 0.0602298 0.0623911
0.4375 1.06072 0.060724 0.0630268
0.4375 1.06072 0.060724 0.0630268
0.453125 1.06111 0.0611117 0.0635254
0.453125 1.06111 0.0611117 0.0635254
0.46875 1.06139 0.0613905 0.0638837
0.46875 1.06139 0.0613905 0.0638837
0.484375 1.06156 0.0615584 0.0640996
0.484375 1.06156 0.0615584 0.0640996
0.5 1.06161 0.0616145 0.0641717
0.5 1.06161 0.0616145 0.0641717
0.515625 1.06156 0.0615584 0.0640996
0.515625 1.06156 0.0615584 0.0640996
0.53125 1.06139 0.0613905 0.0638837
0.53125 1.06139 0.0613905 0.0638837
0.546875 1.06111 0.0611117 0.0635254
0.546875 1.06111 0.0611117 0.0635254
0.5625 1.06072 0.060724 0.0630268
0.5625 1.06072 0.060724 0.0630268
0.578125 1.06023 0.0602298 0.0623911
0.578125 1.06023 0.0602298 0.0623911
0.59375 1.05963 0.0596322 0.0616225
0.59375 1.05963 0.0596322 0.0616225
0.609375 1.05894 0.0589352 0.060726
0.609375 1.05894 0.0589352 0.060726
0.625 1.05814 0.0581432 0.0597077
0.625 1.05814 0.0581432 0.0597077
0.640625 1.05726 0.0572614 0.0585747
0.640625 1.05726 0.0572614 0.0585747
0.65625 1.0563 0.0562957 0.0573351
0.65625 1.0563 0.0562957 0.0573351
0.671875 1.05525 0.0552525 0.0559983
0.671875 1.05525 0.0552525 0.0559983
0.6875 1.05414 0.0541388 0.0545746
0.6875 1.05414 0.0541388 0.0545746
0.703125 1.05296 0.0529622 0.0530754
0.703125 1.05296 0.0529622 0.0530754
0.71875 1.05173 0.0517308 0.0515133
0.71875 1.05173 0.0517308 0.0515133
0.734375 1.05045 0.0504533 0.0499017
0.734375 1.05045 0.0504533 0.0499017
0.75 1.04914 0.0491387 0.0482553
0.75 1.04914 0.0491387 0.0482553
0.765625 1.0478 0.0477968 0.0465893
0.765625 1.0478 0.0477968 0.0465893
0.78125 1.04644 0.0464375 0.0449198
0.78125 1.04644 0.0464375 0.0449198
0.796875 1.04507 0.0450713 0.0432637
0.796875 1.04507 0.0450713 0.0432637
0.8125 1.04371 0.0437093 0.041638
0.8125 1.04371 0.0437093 0.041638
0.828125 1.04236 0.0423628 0.0400601
0.828125 1.04236 0.0423628 0.0400601
0.84375 1.04104 0.0410436 0.0385474
0.84375 1.04104 0.0410436 0.0385474
0.859375 1.03976 0.0397642 0.0371169
0.859375 1.03976 0.0397642 0.0371169
0.875 1.03854 0.0385375 0.0357854
0.875 1.03854 0.0385375 0.0357854
0.890625 1.03738 0.0373772 0.0345685
0.890625 1.03738 0.0373772 0.0345685
0.90625 1.0363 0.0362981 0.0334811
0.90625 1.0363 0.0362981 0.0334811
0.921875 1.03532 0.0353162 0.0325365
0.921875 1.03532 0.0353162 0.0325365
0.9375 1.03445 0.0344494 0.0317466
0.9375 1.03445 0.0344494 0.0317466
0.953125 1.03372 0.0337188 0.0311214
0.953125 1.03372 0.0337188 0.0311214
0.96875 1.03315 0.0331507 0.0306689
0.96875 1.03315 0.0331507 0.0306689
0.984375 1.03278 0.0327812 0.0303951
0.984375 1.03278 0.0327812 0.0303951
1 1 0 0.0303034
