# x y topography analytical topography
0 1 0 0.0158852
0.015625 1.02133 0.021332 0.0161303
0.015625 1.02133 0.021332 0.0161303
0.03125 1.02187 0.0218661 0.0168565
0.03125 1.02187 0.0218661 0.0168565
0.046875 1.02276 0.022759 0.0180373
0.046875 1.02276 0.022759 0.0180373
0.0625 1.02397 0.0239661 0.0196316
0.0625 1.02397 0.0239661 0.0196316
0.078125 1.02545 0.0254492 0.0215864
0.078125 1.02545 0.0254492 0.0215864
0.09375 1.02717 0.027172 0.0238417
0.09375 1.02717 0.027172 0.0238417
0.109375 1.0291 0.029099 0.0263347
0.109375 1.0291 0.029099 0.0263347
0.125 1.0312 0.0311951 0.0290033
0.125 1.0312 0.0311951 0.0290033
0.140625 1.03343 0.0334258 0.0317895
0.140625 1.03343 0.0334258 0.0317895
0.15625 1.03576 0.0357574 0.0346416
0.15625 1.03576 0.0357574 0.0346416
0.171875 1.03816 0.0381579 0.0375149
0.171875 1.03816 0.0381579 0.0375149
0.1875 1.0406 0.0405969 0.0403724
0.1875 1.0406 0.0405969 0.0403724
0.203125 1.04305 0.0430464 0.0431839
0.203125 1.04305 0.0430464 0.0431839
0.21875 1.04548 0.0454806 0.0459257
0.21875 1.04548 0.0454806 0.0459257
0.234375 1.04788 0.0478764 0.048579
0.234375 1.04788 0.0478764 0.048579
0.25 1.05021 0.0502134 0.0511291
0.25 1.05021 0.0502134 0.0511291
0.265625 1.05247 0.0524735 0.0535644
0.265625 1.05247 0.0524735 0.0535644
0.28125 1.05464 0.0546412 0.0558756
0.28125 1.05464 0.0546412 0.0558756
0.296875 1.0567 0.0567028 0.0580549
0.296875 1.0567 0.0567028 0.0580549
0.3125 1.05865 0.0586469 0.0600959
0.3125 1.05865 0.0586469 0.0600959
0.328125 1.06046 0.0604638 0.061993
0.328125 1.06046 0.0604638 0.061993
0.34375 1.06215 0.0621452 0.0637411
0.34375 1.06215 0.0621452 0.0637411
0.359375 1.06368 0.0636841 0.0653359
0.359375 1.06368 0.0636841 0.0653359
0.375 1.06507 0.0650746 0.0667734
0.375 1.06507 0.0650746 0.0667734
0.390625 1.06631 0.0663118 0.06805
0.390625 1.06631 0.0663118 0.06805
0.40625 1.06739 0.0673916 0.0691628
0.40625 1.06739 0.0673916 0.0691628
0.421875 1.06831 0.0683106 0.0701089
0.421875 1.06831 0.0683106 0.0701089
0.4375 1.06907 0.0690661 0.0708862
0.4375 1.06907 0.0690661 0.0708862
0.453125 1.06966 0.0696559 0.0714926
0.453125 1.06966 0.0696559 0.0714926
0.46875 1.07008 0.0700784 0.0719269
0.46875 1.07008 0.0700784 0.0719269
0.484375 1.07033 0.0703323 0.0721879
0.484375 1.07033 0.0703323 0.0721879
0.5 1.07042 0.070417 0.0722749
0.5 1.07042 0.070417 0.0722749
0.515625 1.07033 0.0703323 0.0721879
0.515625 1.07033 0.0703323 0.0721879
0.53125 1.07008 0.0700784 0.0719269
0.53125 1.07008 0.0700784 0.0719269
0.546875 1.06966 0.0696559 0.0714926
0.546875 1.06966 0.0696559 0.0714926
0.5625 1.06907 0.0690661 0.0708862
0.5625 1.06907 0.0690661 0.0708862
0.578125 1.06831 0.0683106 0.0701089
0.578125 1.06831 0.0683106 0.0701089
0.59375 1.06739 0.0673916 0.0691628
0.59375 1.06739 0.0673916 0.0691628
0.609375 1.06631 0.0663118 0.06805
0.609375 1.06631 0.0663118 0.06805
0.625 1.06507 0.0650746 0.0667734
0.625 1.06507 0.0650746 0.0667734
0.640625 1.06368 0.0636841 0.0653359
0.640625 1.06368 0.0636841 0.0653359
0.65625 1.06215 0.0621452 0.0637411
0.65625 1.06215 0.0621452 0.0637411
0.671875 1.06046 0.0604638 0.061993
0.671875 1.06046 0.0604638 0.061993
0.6875 1.05865 0.0586469 0.0600959
0.6875 1.05865 0.0586469 0.0600959
0.703125 1.0567 0.0567028 0.0580549
0.703125 1.0567 0.0567028 0.0580549
0.71875 1.05464 0.0546412 0.0558756
0.71875 1.05464 0.0546412 0.0558756
0.734375 1.05247 0.0524735 0.0535644
0.734375 1.05247 0.0524735 0.0535644
0.75 1.05021 0.0502134 0.0511291
0.75 1.05021 0.0502134 0.0511291
0.765625 1.04788 0.0478764 0.048579
0.765625 1.04788 0.0478764 0.048579
0.78125 1.04548 0.0454806 0.0459257
0.78125 1.04548 0.0454806 0.0459257
0.796875 1.04305 0.0430464 0.0431839
0.796875 1.04305 0.0430464 0.0431839
0.8125 1.0406 0.0405969 0.0403724
0.8125 1.0406 0.0405969 0.0403724
0.828125 1.03816 0.0381579 0.0375149
0.828125 1.03816 0.0381579 0.0375149
0.84375 1.03576 0.0357574 0.0346416
0.84375 1.03576 0.0357574 0.0346416
0.859375 1.03343 0.0334258 0.0317895
0.859375 1.03343 0.0334258 0.0317895
0.875 1.0312 0.0311951 0.0290033
0.875 1.0312 0.0311951 0.0290033
0.890625 1.0291 0.029099 0.0263347
0.890625 1.0291 0.029099 0.0263347
0.90625 1.02717 0.027172 0.0238417
0.90625 1.02717 0.027172 0.0238417
0.921875 1.02545 0.0254492 0.0215864
0.921875 1.02545 0.0254492 0.0215864
0.9375 1.02397 0.0239661 0.0196316
0.9375 1.02397 0.0239661 0.0196316
0.953125 1.02276 0.022759 0.0180373
0.953125 1.02276 0.022759 0.0180373
0.96875 1.02187 0.0218661 0.0168565
0.96875 1.02187 0.0218661 0.0168565
0.984375 1.02133 0.021332 0.0161303
0.984375 1.02133 0.021332 0.0161303
1 1 0 0.0158852
