# x y topography analytical topography
0 1 0 0.0289227
0.015625 1.03199 0.031995 0.0290237
0.015625 1.03199 0.031995 0.0290237
0.03125 1.03237 0.0323728 0.0293252
0.03125 1.03237 0.0323728 0.0293252
0.046875 1.03296 0.0329574 0.0298231
0.046875 1.03296 0.0329574 0.0298231
0.0625 1.03371 0.0337124 0.0305105
0.0625 1.03371 0.0337124 0.0305105
0.078125 1.03461 0.0346113 0.0313781
0.078125 1.03461 0.0346113 0.0313781
0.09375 1.03563 0.0356327 0.0324141
0.09375 1.03563 0.0356327 0.0324141
0.109375 1.03676 0.036758 0.033605
0.109375 1.03676 0.036758 0.033605
0.125 1.03797 0.0379708 0.0349351
0.125 1.03797 0.0379708 0.0349351
0.140625 1.03926 0.0392557 0.0363877
0.140625 1.03926 0.0392557 0.0363877
0.15625 1.0406 0.0405983 0.0379447
0.15625 1.0406 0.0405983 0.0379447
0.171875 1.04198 0.0419849 0.0395874
0.171875 1.04198 0.0419849 0.0395874
0.1875 1.0434 0.0434024 0.0412966
0.1875 1.0434 0.0434024 0.0412966
0.203125 1.04484 0.0448382 0.043053
0.203125 1.04484 0.0448382 0.043053
0.21875 1.04628 0.04628 0.0448376
0.21875 1.04628 0.04628 0.0448376
0.234375 1.04772 0.0477161 0.0466316
0.234375 1.04772 0.0477161 0.0466316
0.25 1.04914 0.0491352 0.0484171
0.25 1.04914 0.0491352 0.0484171
0.265625 1.05053 0.0505264 0.0501768
0.265625 1.05053 0.0505264 0.0501768
0.28125 1.05188 0.0518795 0.0518946
0.28125 1.05188 0.0518795 0.0518946
0.296875 1.05318 0.0531845 0.0535553
0.296875 1.05318 0.0531845 0.0535553
0.3125 1.05443 0.0544322 0.055145
0.3125 1.05443 0.0544322 0.055145
0.328125 1.05561 0.0556136 0.0566511
0.328125 1.05561 0.0556136 0.0566511
0.34375 1.05672 0.0567207 0.058062
0.34375 1.05672 0.0567207 0.058062
0.359375 1.05775 0.0577459 0.0593674
0.359375 1.05775 0.0577459 0.0593674
0.375 1.05868 0.0586822 0.0605582
0.375 1.05868 0.0586822 0.0605582
0.390625 1.05952 0.0595234 0.0616266
0.390625 1.05952 0.0595234 0.0616266
0.40625 1.06026 0.0602639 0.0625657
0.40625 1.06026 0.0602639 0.0625657
0.421875 1.0609 0.0608988 0.0633697
0.421875 1.0609 0.0608988 0.0633697
0.4375 1.06142 0.061424 0.0640338
0.4375 1.06142 0.061424 0.0640338
0.453125 1.06184 0.061836 0.0645542
0.453125 1.06184 0.061836 0.0645542
0.46875 1.06213 0.0621323 0.064928
0.46875 1.06213 0.0621323 0.064928
0.484375 1.06231 0.0623108 0.0651531
0.484375 1.06231 0.0623108 0.0651531
0.5 1.06237 0.0623704 0.0652283
0.5 1.06237 0.0623704 0.0652283
0.515625 1.06231 0.0623108 0.0651531
0.515625 1.06231 0.0623108 0.0651531
0.53125 1.06213 0.0621323 0.064928
0.53125 1.06213 0.0621323 0.064928
0.546875 1.06184 0.061836 0.0645542
0.546875 1.06184 0.061836 0.0645542
0.5625 1.06142 0.061424 0.0640338
0.5625 1.06142 0.061424 0.0640338
0.578125 1.0609 0.0608988 0.0633697
0.578125 1.0609 0.0608988 0.0633697
0.59375 1.06026 0.0602639 0.0625657
0.59375 1.06026 0.0602639 0.0625657
0.609375 1.05952 0.0595234 0.0616266
0.609375 1.05952 0.0595234 0.0616266
0.625 1.05868 0.0586822 0.0605582
0.625 1.05868 0.0586822 0.0605582
0.640625 1.05775 0.0577459 0.0593674
0.640625 1.05775 0.0577459 0.0593674
0.65625 1.05672 0.0567207 0.058062
0.65625 1.05672 0.0567207 0.058062
0.671875 1.05561 0.0556136 0.0566511
0.671875 1.05561 0.0556136 0.0566511
0.6875 1.05443 0.0544322 0.055145
0.6875 1.05443 0.0544322 0.055145
0.703125 1.05318 0.0531845 0.0535553
0.703125 1.05318 0.0531845 0.0535553
0.71875 1.05188 0.0518795 0.0518946
0.71875 1.05188 0.0518795 0.0518946
0.734375 1.05053 0.0505264 0.0501768
0.734375 1.05053 0.0505264 0.0501768
0.75 1.04914 0.0491352 0.0484171
0.75 1.04914 0.0491352 0.0484171
0.765625 1.04772 0.0477161 0.0466316
0.765625 1.04772 0.0477161 0.0466316
0.78125 1.04628 0.04628 0.0448376
0.78125 1.04628 0.04628 0.0448376
0.796875 1.04484 0.0448382 0.043053
0.796875 1.04484 0.0448382 0.043053
0.8125 1.0434 0.0434024 0.0412966
0.8125 1.0434 0.0434024 0.0412966
0.828125 1.04198 0.0419849 0.0395874
0.828125 1.04198 0.0419849 0.0395874
0.84375 1.0406 0.0405983 0.0379447
0.84375 1.0406 0.0405983 0.0379447
0.859375 1.03926 0.0392557 0.0363877
0.859375 1.03926 0.0392557 0.0363877
0.875 1.03797 0.0379708 0.0349351
0.875 1.03797 0.0379708 0.0349351
0.890625 1.03676 0.036758 0.033605
0.890625 1.03676 0.036758 0.033605
0.90625 1.03563 0.0356327 0.0324141
0.90625 1.03563 0.0356327 0.0324141
0.921875 1.03461 0.0346113 0.0313781
0.921875 1.03461 0.0346113 0.0313781
0.9375 1.03371 0.0337124 0.0305105
0.9375 1.03371 0.0337124 0.0305105
0.953125 1.03296 0.0329574 0.0298231
0.953125 1.03296 0.0329574 0.0298231
0.96875 1.03237 0.0323728 0.0293252
0.96875 1.03237 0.0323728 0.0293252
0.984375 1.03199 0.031995 0.0290237
0.984375 1.03199 0.031995 0.0290237
1 1 0 0.0289227
