# x y topography analytical topography
0 1 0 0.0258243
0.015625 1.02997 0.0299746 0.0259486
0.015625 1.02997 0.0299746 0.0259486
0.03125 1.03037 0.0303748 0.0263196
0.03125 1.03037 0.0303748 0.0263196
0.046875 1.031 0.0310039 0.0269311
0.046875 1.031 0.0310039 0.0269311
0.0625 1.03182 0.0318248 0.0277733
0.0625 1.03182 0.0318248 0.0277733
0.078125 1.03281 0.0328101 0.0288328
0.078125 1.03281 0.0328101 0.0288328
0.09375 1.03394 0.0339373 0.0300931
0.09375 1.03394 0.0339373 0.0300931
0.109375 1.03519 0.0351863 0.031535
0.109375 1.03519 0.0351863 0.031535
0.125 1.03654 0.036539 0.0331371
0.125 1.03654 0.036539 0.0331371
0.140625 1.03798 0.0379782 0.0348766
0.140625 1.03798 0.0379782 0.0348766
0.15625 1.03949 0.0394874 0.0367296
0.15625 1.03949 0.0394874 0.0367296
0.171875 1.04105 0.0410509 0.0386716
0.171875 1.04105 0.0410509 0.0386716
0.1875 1.04265 0.0426535 0.0406783
0.1875 1.04265 0.0426535 0.0406783
0.203125 1.04428 0.0442801 0.0427257
0.203125 1.04428 0.0442801 0.0427257
0.21875 1.04592 0.0459165 0.0447909
0.21875 1.04592 0.0459165 0.0447909
0.234375 1.04755 0.0475487 0.0468518
0.234375 1.04755 0.0475487 0.0468518
0.25 1.04916 0.0491634 0.0488879
0.25 1.04916 0.0491634 0.0488879
0.265625 1.05075 0.0507477 0.0508804
0.265625 1.05075 0.0507477 0.0508804
0.28125 1.05229 0.0522893 0.0528119
0.28125 1.05229 0.0522893 0.0528119
0.296875 1.05378 0.0537767 0.0546668
0.296875 1.05378 0.0537767 0.0546668
0.3125 1.0552 0.0551989 0.0564312
0.3125 1.0552 0.0551989 0.0564312
0.328125 1.05655 0.0565456 0.0580926
0.328125 1.05655 0.0565456 0.0580926
0.34375 1.05781 0.0578075 0.0596404
0.34375 1.05781 0.0578075 0.0596404
0.359375 1.05898 0.0589757 0.0610652
0.359375 1.05898 0.0589757 0.0610652
0.375 1.06004 0.0600424 0.062359
0.375 1.06004 0.0600424 0.062359
0.390625 1.061 0.0610004 0.0635149
0.390625 1.061 0.0610004 0.0635149
0.40625 1.06184 0.0618435 0.0645273
0.40625 1.06184 0.0618435 0.0645273
0.421875 1.06257 0.0625661 0.0653913
0.421875 1.06257 0.0625661 0.0653913
0.4375 1.06316 0.0631636 0.0661032
0.4375 1.06316 0.0631636 0.0661032
0.453125 1.06363 0.0636323 0.0666599
0.453125 1.06363 0.0636323 0.0666599
0.46875 1.06397 0.0639692 0.0670591
0.46875 1.06397 0.0639692 0.0670591
0.484375 1.06417 0.0641722 0.0672993
0.484375 1.06417 0.0641722 0.0672993
0.5 1.06424 0.06424 0.0673794
0.5 1.06424 0.06424 0.0673794
0.515625 1.06417 0.0641722 0.0672993
0.515625 1.06417 0.0641722 0.0672993
0.53125 1.06397 0.0639692 0.0670591
0.53125 1.06397 0.0639692 0.0670591
0.546875 1.06363 0.0636323 0.0666599
0.546875 1.06363 0.0636323 0.0666599
0.5625 1.06316 0.0631636 0.0661032
0.5625 1.06316 0.0631636 0.0661032
0.578125 1.06257 0.0625661 0.0653913
0.578125 1.06257 0.0625661 0.0653913
0.59375 1.06184 0.0618435 0.0645273
0.59375 1.06184 0.0618435 0.0645273
0.609375 1.061 0.0610004 0.0635149
0.609375 1.061 0.0610004 0.0635149
0.625 1.06004 0.0600424 0.062359
0.625 1.06004 0.0600424 0.062359
0.640625 1.05898 0.0589757 0.0610652
0.640625 1.05898 0.0589757 0.0610652
0.65625 1.05781 0.0578075 0.0596404
0.65625 1.05781 0.0578075 0.0596404
0.671875 1.05655 0.0565456 0.0580926
0.671875 1.05655 0.0565456 0.0580926
0.6875 1.0552 0.0551989 0.0564312
0.6875 1.0552 0.0551989 0.0564312
0.703125 1.05378 0.0537767 0.0546668
0.703125 1.05378 0.0537767 0.0546668
0.71875 1.05229 0.0522893 0.0528119
0.71875 1.05229 0.0522893 0.0528119
0.734375 1.05075 0.0507477 0.0508804
0.734375 1.05075 0.0507477 0.0508804
0.75 1.04916 0.0491634 0.0488879
0.75 1.04916 0.0491634 0.0488879
0.765625 1.04755 0.0475487 0.0468518
0.765625 1.04755 0.0475487 0.0468518
0.78125 1.04592 0.0459165 0.0447909
0.78125 1.04592 0.0459165 0.0447909
0.796875 1.04428 0.0442801 0.0427257
0.796875 1.04428 0.0442801 0.0427257
0.8125 1.04265 0.0426535 0.0406783
0.8125 1.04265 0.0426535 0.0406783
0.828125 1.04105 0.0410509 0.0386716
0.828125 1.04105 0.0410509 0.0386716
0.84375 1.03949 0.0394874 0.0367296
0.84375 1.03949 0.0394874 0.0367296
0.859375 1.03798 0.0379782 0.0348766
0.859375 1.03798 0.0379782 0.0348766
0.875 1.03654 0.036539 0.0331371
0.875 1.03654 0.036539 0.0331371
0.890625 1.03519 0.0351863 0.031535
0.890625 1.03519 0.0351863 0.031535
0.90625 1.03394 0.0339373 0.0300931
0.90625 1.03394 0.0339373 0.0300931
0.921875 1.03281 0.0328101 0.0288328
0.921875 1.03281 0.0328101 0.0288328
0.9375 1.03182 0.0318248 0.0277733
0.9375 1.03182 0.0318248 0.0277733
0.953125 1.031 0.0310039 0.0269311
0.953125 1.031 0.0310039 0.0269311
0.96875 1.03037 0.0303748 0.0263196
0.96875 1.03037 0.0303748 0.0263196
0.984375 1.02997 0.0299746 0.0259486
0.984375 1.02997 0.0299746 0.0259486
1 1 0 0.0258243
