# x y topography analytical topography
0 1 0 0.0163793
0.015625 1.02183 0.0218325 0.0166155
0.015625 1.02183 0.0218325 0.0166155
0.03125 1.02236 0.0223561 0.0173156
0.03125 1.02236 0.0223561 0.0173156
0.046875 1.02323 0.0232285 0.0184557
0.046875 1.02323 0.0232285 0.0184557
0.0625 1.02441 0.0244059 0.0199976
0.0625 1.02441 0.0244059 0.0199976
0.078125 1.02585 0.0258514 0.0218928
0.078125 1.02585 0.0258514 0.0218928
0.09375 1.02753 0.0275302 0.0240854
0.09375 1.02753 0.0275302 0.0240854
0.109375 1.02941 0.0294085 0.0265162
0.109375 1.02941 0.0294085 0.0265162
0.125 1.03145 0.031453 0.0291264
0.125 1.03145 0.031453 0.0291264
0.140625 1.03363 0.0336306 0.03186
0.140625 1.03363 0.0336306 0.03186
0.15625 1.03591 0.0359096 0.0346666
0.15625 1.03591 0.0359096 0.0346666
0.171875 1.03826 0.0382589 0.0375017
0.171875 1.03826 0.0382589 0.0375017
0.1875 1.04065 0.0406493 0.0403281
0.1875 1.04065 0.0406493 0.0403281
0.203125 1.04305 0.0430536 0.0431147
0.203125 1.04305 0.0430536 0.0431147
0.21875 1.04545 0.0454467 0.0458369
0.21875 1.04545 0.0454467 0.0458369
0.234375 1.04781 0.0478056 0.0484747
0.234375 1.04781 0.0478056 0.0484747
0.25 1.05011 0.05011 0.0510126
0.25 1.05011 0.05011 0.0510126
0.265625 1.05234 0.0523416 0.053438
0.265625 1.05234 0.0523416 0.053438
0.28125 1.05448 0.0544846 0.0557411
0.28125 1.05448 0.0544846 0.0557411
0.296875 1.05653 0.0565252 0.0579137
0.296875 1.05653 0.0565252 0.0579137
0.3125 1.05845 0.0584516 0.0599488
0.3125 1.05845 0.0584516 0.0599488
0.328125 1.06025 0.0602535 0.0618407
0.328125 1.06025 0.0602535 0.0618407
0.34375 1.06192 0.0619223 0.0635843
0.34375 1.06192 0.0619223 0.0635843
0.359375 1.06345 0.0634507 0.065175
0.359375 1.06345 0.0634507 0.065175
0.375 1.06483 0.0648325 0.0666089
0.375 1.06483 0.0648325 0.0666089
0.390625 1.06606 0.0660625 0.0678824
0.390625 1.06606 0.0660625 0.0678824
0.40625 1.06714 0.0671364 0.0689924
0.40625 1.06714 0.0671364 0.0689924
0.421875 1.06805 0.0680507 0.0699362
0.421875 1.06805 0.0680507 0.0699362
0.4375 1.0688 0.0688025 0.0707115
0.4375 1.0688 0.0688025 0.0707115
0.453125 1.06939 0.0693895 0.0713165
0.453125 1.06939 0.0693895 0.0713165
0.46875 1.06981 0.06981 0.0717496
0.46875 1.06981 0.06981 0.0717496
0.484375 1.07006 0.0700628 0.07201
0.484375 1.07006 0.0700628 0.07201
0.5 1.07015 0.0701472 0.0720968
0.5 1.07015 0.0701472 0.0720968
0.515625 1.07006 0.0700628 0.07201
0.515625 1.07006 0.0700628 0.07201
0.53125 1.06981 0.06981 0.0717496
0.53125 1.06981 0.06981 0.0717496
0.546875 1.06939 0.0693895 0.0713165
0.546875 1.06939 0.0693895 0.0713165
0.5625 1.0688 0.0688025 0.0707115
0.5625 1.0688 0.0688025 0.0707115
0.578125 1.06805 0.0680507 0.0699362
0.578125 1.06805 0.0680507 0.0699362
0.59375 1.06714 0.0671364 0.0689924
0.59375 1.06714 0.0671364 0.0689924
0.609375 1.06606 0.0660625 0.0678824
0.609375 1.06606 0.0660625 0.0678824
0.625 1.06483 0.0648325 0.0666089
0.625 1.06483 0.0648325 0.0666089
0.640625 1.06345 0.0634507 0.065175
0.640625 1.06345 0.0634507 0.065175
0.65625 1.06192 0.0619223 0.0635843
0.65625 1.06192 0.0619223 0.0635843
0.671875 1.06025 0.0602535 0.0618407
0.671875 1.06025 0.0602535 0.0618407
0.6875 1.05845 0.0584516 0.0599488
0.6875 1.05845 0.0584516 0.0599488
0.703125 1.05653 0.0565252 0.0579137
0.703125 1.05653 0.0565252 0.0579137
0.71875 1.05448 0.0544846 0.0557411
0.71875 1.05448 0.0544846 0.0557411
0.734375 1.05234 0.0523416 0.053438
0.734375 1.05234 0.0523416 0.053438
0.75 1.05011 0.05011 0.0510126
0.75 1.05011 0.05011 0.0510126
0.765625 1.04781 0.0478056 0.0484747
0.765625 1.04781 0.0478056 0.0484747
0.78125 1.04545 0.0454467 0.0458369
0.78125 1.04545 0.0454467 0.0458369
0.796875 1.04305 0.0430536 0.0431147
0.796875 1.04305 0.0430536 0.0431147
0.8125 1.04065 0.0406493 0.0403281
0.8125 1.04065 0.0406493 0.0403281
0.828125 1.03826 0.0382589 0.0375017
0.828125 1.03826 0.0382589 0.0375017
0.84375 1.03591 0.0359096 0.0346666
0.84375 1.03591 0.0359096 0.0346666
0.859375 1.03363 0.0336306 0.03186
0.859375 1.03363 0.0336306 0.03186
0.875 1.03145 0.031453 0.0291264
0.875 1.03145 0.031453 0.0291264
0.890625 1.02941 0.0294085 0.0265162
0.890625 1.02941 0.0294085 0.0265162
0.90625 1.02753 0.0275302 0.0240854
0.90625 1.02753 0.0275302 0.0240854
0.921875 1.02585 0.0258514 0.0218928
0.921875 1.02585 0.0258514 0.0218928
0.9375 1.02441 0.0244059 0.0199976
0.9375 1.02441 0.0244059 0.0199976
0.953125 1.02323 0.0232285 0.0184557
0.953125 1.02323 0.0232285 0.0184557
0.96875 1.02236 0.0223561 0.0173156
0.96875 1.02236 0.0223561 0.0173156
0.984375 1.02183 0.0218325 0.0166155
0.984375 1.02183 0.0218325 0.0166155
1 1 0 0.0163793
