# x y topography analytical topography
0 1 0 0.0219216
0.015625 1.02695 0.0269538 0.0220822
0.015625 1.02695 0.0269538 0.0220822
0.03125 1.02739 0.027392 0.0225609
0.03125 1.02739 0.027392 0.0225609
0.046875 1.0281 0.0280962 0.0233474
0.046875 1.0281 0.0280962 0.0233474
0.0625 1.02903 0.0290281 0.0244254
0.0625 1.02903 0.0290281 0.0244254
0.078125 1.03016 0.0301582 0.0257733
0.078125 1.03016 0.0301582 0.0257733
0.09375 1.03146 0.0314612 0.0273645
0.09375 1.03146 0.0314612 0.0273645
0.109375 1.03291 0.032914 0.0291691
0.109375 1.03291 0.032914 0.0291691
0.125 1.03449 0.0344948 0.0311549
0.125 1.03449 0.0344948 0.0311549
0.140625 1.03618 0.0361826 0.0332881
0.140625 1.03618 0.0361826 0.0332881
0.15625 1.03796 0.037957 0.0355351
0.15625 1.03796 0.037957 0.0355351
0.171875 1.0398 0.039798 0.0378627
0.171875 1.0398 0.039798 0.0378627
0.1875 1.04169 0.0416861 0.0402392
0.1875 1.04169 0.0416861 0.0402392
0.203125 1.0436 0.0436026 0.0426351
0.203125 1.0436 0.0436026 0.0426351
0.21875 1.04553 0.0455292 0.0450231
0.21875 1.04553 0.0455292 0.0450231
0.234375 1.04745 0.0474484 0.047379
0.234375 1.04745 0.0474484 0.047379
0.25 1.04934 0.0493437 0.0496809
0.25 1.04934 0.0493437 0.0496809
0.265625 1.0512 0.0511994 0.05191
0.265625 1.0512 0.0511994 0.05191
0.28125 1.053 0.0530008 0.05405
0.28125 1.053 0.0530008 0.05405
0.296875 1.05473 0.0547342 0.0560866
0.296875 1.05473 0.0547342 0.0560866
0.3125 1.05639 0.0563869 0.0580082
0.3125 1.05639 0.0563869 0.0580082
0.328125 1.05795 0.0579475 0.0598046
0.328125 1.05795 0.0579475 0.0598046
0.34375 1.05941 0.0594055 0.0614673
0.34375 1.05941 0.0594055 0.0614673
0.359375 1.06075 0.0607515 0.0629893
0.359375 1.06075 0.0607515 0.0629893
0.375 1.06198 0.0619771 0.0643647
0.375 1.06198 0.0619771 0.0643647
0.390625 1.06308 0.063075 0.0655885
0.390625 1.06308 0.063075 0.0655885
0.40625 1.06404 0.064039 0.0666566
0.40625 1.06404 0.064039 0.0666566
0.421875 1.06486 0.0648634 0.0675657
0.421875 1.06486 0.0648634 0.0675657
0.4375 1.06554 0.065544 0.0683131
0.4375 1.06554 0.065544 0.0683131
0.453125 1.06608 0.066077 0.0688965
0.453125 1.06608 0.066077 0.0688965
0.46875 1.06646 0.0664597 0.0693144
0.46875 1.06646 0.0664597 0.0693144
0.484375 1.06669 0.0666901 0.0695656
0.484375 1.06669 0.0666901 0.0695656
0.5 1.06677 0.066767 0.0696494
0.5 1.06677 0.066767 0.0696494
0.515625 1.06669 0.0666901 0.0695656
0.515625 1.06669 0.0666901 0.0695656
0.53125 1.06646 0.0664597 0.0693144
0.53125 1.06646 0.0664597 0.0693144
0.546875 1.06608 0.066077 0.0688965
0.546875 1.06608 0.066077 0.0688965
0.5625 1.06554 0.065544 0.0683131
0.5625 1.06554 0.065544 0.0683131
0.578125 1.06486 0.0648634 0.0675657
0.578125 1.06486 0.0648634 0.0675657
0.59375 1.06404 0.064039 0.0666566
0.59375 1.06404 0.064039 0.0666566
0.609375 1.06308 0.063075 0.0655885
0.609375 1.06308 0.063075 0.0655885
0.625 1.06198 0.0619771 0.0643647
0.625 1.06198 0.0619771 0.0643647
0.640625 1.06075 0.0607515 0.0629893
0.640625 1.06075 0.0607515 0.0629893
0.65625 1.05941 0.0594055 0.0614673
0.65625 1.05941 0.0594055 0.0614673
0.671875 1.05795 0.0579475 0.0598046
0.671875 1.05795 0.0579475 0.0598046
0.6875 1.05639 0.0563869 0.0580082
0.6875 1.05639 0.0563869 0.0580082
0.703125 1.05473 0.0547342 0.0560866
0.703125 1.05473 0.0547342 0.0560866
0.71875 1.053 0.0530008 0.05405
0.71875 1.053 0.0530008 0.05405
0.734375 1.0512 0.0511994 0.05191
0.734375 1.0512 0.0511994 0.05191
0.75 1.04934 0.0493437 0.0496809
0.75 1.04934 0.0493437 0.0496809
0.765625 1.04745 0.0474484 0.047379
0.765625 1.04745 0.0474484 0.047379
0.78125 1.04553 0.0455292 0.0450231
0.78125 1.04553 0.0455292 0.0450231
0.796875 1.0436 0.0436026 0.0426351
0.796875 1.0436 0.0436026 0.0426351
0.8125 1.04169 0.0416861 0.0402392
0.8125 1.04169 0.0416861 0.0402392
0.828125 1.0398 0.039798 0.0378627
0.828125 1.0398 0.039798 0.0378627
0.84375 1.03796 0.037957 0.0355351
0.84375 1.03796 0.037957 0.0355351
0.859375 1.03618 0.0361826 0.0332881
0.859375 1.03618 0.0361826 0.0332881
0.875 1.03449 0.0344948 0.0311549
0.875 1.03449 0.0344948 0.0311549
0.890625 1.03291 0.032914 0.0291691
0.890625 1.03291 0.032914 0.0291691
0.90625 1.03146 0.0314612 0.0273645
0.90625 1.03146 0.0314612 0.0273645
0.921875 1.03016 0.0301582 0.0257733
0.921875 1.03016 0.0301582 0.0257733
0.9375 1.02903 0.0290281 0.0244254
0.9375 1.02903 0.0290281 0.0244254
0.953125 1.0281 0.0280962 0.0233474
0.953125 1.0281 0.0280962 0.0233474
0.96875 1.02739 0.027392 0.0225609
0.96875 1.02739 0.027392 0.0225609
0.984375 1.02695 0.0269538 0.0220822
0.984375 1.02695 0.0269538 0.0220822
1 1 0 0.0219216
