# x y topography analytical topography
0 1 0 0.0306744
0.015625 1.03298 0.03298 0.0307637
0.015625 1.03298 0.03298 0.0307637
0.03125 1.03335 0.0333475 0.0310303
0.03125 1.03335 0.0333475 0.0310303
0.046875 1.03391 0.0339115 0.031471
0.046875 1.03391 0.0339115 0.031471
0.0625 1.03464 0.034636 0.0320801
0.0625 1.03464 0.034636 0.0320801
0.078125 1.03549 0.0354948 0.0328498
0.078125 1.03549 0.0354948 0.0328498
0.09375 1.03647 0.0364668 0.0337706
0.09375 1.03647 0.0364668 0.0337706
0.109375 1.03753 0.0375344 0.034831
0.109375 1.03753 0.0375344 0.034831
0.125 1.03868 0.0386815 0.0360182
0.125 1.03868 0.0386815 0.0360182
0.140625 1.03989 0.0398936 0.0373179
0.140625 1.03989 0.0398936 0.0373179
0.15625 1.04116 0.0411572 0.0387149
0.15625 1.04116 0.0411572 0.0387149
0.171875 1.04246 0.0424594 0.0401931
0.171875 1.04246 0.0424594 0.0401931
0.1875 1.04379 0.043788 0.0417359
0.1875 1.04379 0.043788 0.0417359
0.203125 1.04513 0.0451314 0.0433264
0.203125 1.04513 0.0451314 0.0433264
0.21875 1.04648 0.0464784 0.0449478
0.21875 1.04648 0.0464784 0.0449478
0.234375 1.04782 0.0478183 0.0465834
0.234375 1.04782 0.0478183 0.0465834
0.25 1.04914 0.0491406 0.0482166
0.25 1.04914 0.0491406 0.0482166
0.265625 1.05044 0.0504357 0.0498319
0.265625 1.05044 0.0504357 0.0498319
0.28125 1.05169 0.051694 0.0514139
0.28125 1.05169 0.051694 0.0514139
0.296875 1.05291 0.0529066 0.0529484
0.296875 1.05291 0.0529066 0.0529484
0.3125 1.05407 0.054065 0.0544221
0.3125 1.05407 0.054065 0.0544221
0.328125 1.05516 0.0551613 0.0558224
0.328125 1.05516 0.0551613 0.0558224
0.34375 1.05619 0.0561881 0.057138
0.34375 1.05619 0.0561881 0.057138
0.359375 1.05714 0.0571385 0.0583586
0.359375 1.05714 0.0571385 0.0583586
0.375 1.05801 0.0580061 0.0594748
0.375 1.05801 0.0580061 0.0594748
0.390625 1.05879 0.0587854 0.0604785
0.390625 1.05879 0.0587854 0.0604785
0.40625 1.05947 0.0594712 0.0613625
0.40625 1.05947 0.0594712 0.0613625
0.421875 1.06006 0.0600591 0.0621207
0.421875 1.06006 0.0600591 0.0621207
0.4375 1.06055 0.0605454 0.0627479
0.4375 1.06055 0.0605454 0.0627479
0.453125 1.06093 0.0609268 0.06324
0.453125 1.06093 0.0609268 0.06324
0.46875 1.0612 0.061201 0.0635937
0.46875 1.0612 0.061201 0.0635937
0.484375 1.06137 0.0613662 0.0638069
0.484375 1.06137 0.0613662 0.0638069
0.5 1.06142 0.0614214 0.0638781
0.5 1.06142 0.0614214 0.0638781
0.515625 1.06137 0.0613662 0.0638069
0.515625 1.06137 0.0613662 0.0638069
0.53125 1.0612 0.061201 0.0635937
0.53125 1.0612 0.061201 0.0635937
0.546875 1.06093 0.0609268 0.06324
0.546875 1.06093 0.0609268 0.06324
0.5625 1.06055 0.0605454 0.0627479
0.5625 1.06055 0.0605454 0.0627479
0.578125 1.06006 0.0600591 0.0621207
0.578125 1.06006 0.0600591 0.0621207
0.59375 1.05947 0.0594712 0.0613625
0.59375 1.05947 0.0594712 0.0613625
0.609375 1.05879 0.0587854 0.0604785
0.609375 1.05879 0.0587854 0.0604785
0.625 1.05801 0.0580061 0.0594748
0.625 1.05801 0.0580061 0.0594748
0.640625 1.05714 0.0571385 0.0583586
0.640625 1.05714 0.0571385 0.0583586
0.65625 1.05619 0.0561881 0.057138
0.65625 1.05619 0.0561881 0.057138
0.671875 1.05516 0.0551613 0.0558224
0.671875 1.05516 0.0551613 0.0558224
0.6875 1.05407 0.054065 0.0544221
0.6875 1.05407 0.054065 0.0544221
0.703125 1.05291 0.0529066 0.0529484
0.703125 1.05291 0.0529066 0.0529484
0.71875 1.05169 0.051694 0.0514139
0.71875 1.05169 0.051694 0.0514139
0.734375 1.05044 0.0504357 0.0498319
0.734375 1.05044 0.0504357 0.0498319
0.75 1.04914 0.0491406 0.0482166
0.75 1.04914 0.0491406 0.0482166
0.765625 1.04782 0.0478183 0.0465834
0.765625 1.04782 0.0478183 0.0465834
0.78125 1.04648 0.0464784 0.0449478
0.78125 1.04648 0.0464784 0.0449478
0.796875 1.04513 0.0451314 0.0433264
0.796875 1.04513 0.0451314 0.0433264
0.8125 1.04379 0.043788 0.0417359
0.8125 1.04379 0.043788 0.0417359
0.828125 1.04246 0.0424594 0.0401931
0.828125 1.04246 0.0424594 0.0401931
0.84375 1.04116 0.0411572 0.0387149
0.84375 1.04116 0.0411572 0.0387149
0.859375 1.03989 0.0398936 0.0373179
0.859375 1.03989 0.0398936 0.0373179
0.875 1.03868 0.0386815 0.0360182
0.875 1.03868 0.0386815 0.0360182
0.890625 1.03753 0.0375344 0.034831
0.890625 1.03753 0.0375344 0.034831
0.90625 1.03647 0.0364668 0.0337706
0.90625 1.03647 0.0364668 0.0337706
0.921875 1.03549 0.0354948 0.0328498
0.921875 1.03549 0.0354948 0.0328498
0.9375 1.03464 0.034636 0.0320801
0.9375 1.03464 0.034636 0.0320801
0.953125 1.03391 0.0339115 0.031471
0.953125 1.03391 0.0339115 0.031471
0.96875 1.03335 0.0333475 0.0310303
0.96875 1.03335 0.0333475 0.0310303
0.984375 1.03298 0.03298 0.0307637
0.984375 1.03298 0.03298 0.0307637
1 1 0 0.0306744
