# x y topography analytical topography
0 1 0 0.0239257
0.015625 1.02857 0.0285689 0.0240666
0.015625 1.02857 0.0285689 0.0240666
0.03125 1.02899 0.028986 0.0244865
0.03125 1.02899 0.028986 0.0244865
0.046875 1.02965 0.0296485 0.0251777
0.046875 1.02965 0.0296485 0.0251777
0.0625 1.03052 0.0305188 0.0261279
0.0625 1.03052 0.0305188 0.0261279
0.078125 1.03157 0.0315688 0.02732
0.078125 1.03157 0.0315688 0.02732
0.09375 1.03277 0.0327746 0.0287335
0.09375 1.03277 0.0327746 0.0287335
0.109375 1.03412 0.0341151 0.0303446
0.109375 1.03412 0.0341151 0.0303446
0.125 1.03557 0.0355707 0.0321273
0.125 1.03557 0.0355707 0.0321273
0.140625 1.03712 0.0371224 0.0340539
0.140625 1.03712 0.0371224 0.0340539
0.15625 1.03875 0.0387523 0.0360961
0.15625 1.03875 0.0387523 0.0360961
0.171875 1.04044 0.0404428 0.0382254
0.171875 1.04044 0.0404428 0.0382254
0.1875 1.04218 0.0421768 0.0404139
0.1875 1.04218 0.0421768 0.0404139
0.203125 1.04394 0.0439377 0.0426349
0.203125 1.04394 0.0439377 0.0426349
0.21875 1.04571 0.0457094 0.044863
0.21875 1.04571 0.0457094 0.044863
0.234375 1.04748 0.0474765 0.0470747
0.234375 1.04748 0.0474765 0.0470747
0.25 1.04922 0.0492239 0.0492486
0.25 1.04922 0.0492239 0.0492486
0.265625 1.05094 0.0509377 0.0513653
0.265625 1.05094 0.0509377 0.0513653
0.28125 1.0526 0.0526041 0.0534076
0.28125 1.0526 0.0526041 0.0534076
0.296875 1.05421 0.0542107 0.0553603
0.296875 1.05421 0.0542107 0.0553603
0.3125 1.05575 0.0557454 0.0572101
0.3125 1.05575 0.0557454 0.0572101
0.328125 1.0572 0.0571974 0.0589456
0.328125 1.0572 0.0571974 0.0589456
0.34375 1.05856 0.0585565 0.0605569
0.34375 1.05856 0.0585565 0.0605569
0.359375 1.05981 0.0598136 0.0620358
0.359375 1.05981 0.0598136 0.0620358
0.375 1.06096 0.0609602 0.0633752
0.375 1.06096 0.0609602 0.0633752
0.390625 1.06199 0.0619891 0.0645692
0.390625 1.06199 0.0619891 0.0645692
0.40625 1.06289 0.0628938 0.0656129
0.40625 1.06289 0.0628938 0.0656129
0.421875 1.06367 0.0636686 0.0665022
0.421875 1.06367 0.0636686 0.0665022
0.4375 1.06431 0.0643089 0.067234
0.4375 1.06431 0.0643089 0.067234
0.453125 1.06481 0.0648108 0.0678057
0.453125 1.06481 0.0648108 0.0678057
0.46875 1.06517 0.0651714 0.0682154
0.46875 1.06517 0.0651714 0.0682154
0.484375 1.06539 0.0653887 0.0684618
0.484375 1.06539 0.0653887 0.0684618
0.5 1.06546 0.0654612 0.068544
0.5 1.06546 0.0654612 0.068544
0.515625 1.06539 0.0653887 0.0684618
0.515625 1.06539 0.0653887 0.0684618
0.53125 1.06517 0.0651714 0.0682154
0.53125 1.06517 0.0651714 0.0682154
0.546875 1.06481 0.0648108 0.0678057
0.546875 1.06481 0.0648108 0.0678057
0.5625 1.06431 0.0643089 0.067234
0.5625 1.06431 0.0643089 0.067234
0.578125 1.06367 0.0636686 0.0665022
0.578125 1.06367 0.0636686 0.0665022
0.59375 1.06289 0.0628938 0.0656129
0.59375 1.06289 0.0628938 0.0656129
0.609375 1.06199 0.0619891 0.0645692
0.609375 1.06199 0.0619891 0.0645692
0.625 1.06096 0.0609602 0.0633752
0.625 1.06096 0.0609602 0.0633752
0.640625 1.05981 0.0598136 0.0620358
0.640625 1.05981 0.0598136 0.0620358
0.65625 1.05856 0.0585565 0.0605569
0.65625 1.05856 0.0585565 0.0605569
0.671875 1.0572 0.0571974 0.0589456
0.671875 1.0572 0.0571974 0.0589456
0.6875 1.05575 0.0557454 0.0572101
0.6875 1.05575 0.0557454 0.0572101
0.703125 1.05421 0.0542107 0.0553603
0.703125 1.05421 0.0542107 0.0553603
0.71875 1.0526 0.0526041 0.0534076
0.71875 1.0526 0.0526041 0.0534076
0.734375 1.05094 0.0509377 0.0513653
0.734375 1.05094 0.0509377 0.0513653
0.75 1.04922 0.0492239 0.0492486
0.75 1.04922 0.0492239 0.0492486
0.765625 1.04748 0.0474765 0.0470747
0.765625 1.04748 0.0474765 0.0470747
0.78125 1.04571 0.0457094 0.044863
0.78125 1.04571 0.0457094 0.044863
0.796875 1.04394 0.0439377 0.0426349
0.796875 1.04394 0.0439377 0.0426349
0.8125 1.04218 0.0421768 0.0404139
0.8125 1.04218 0.0421768 0.0404139
0.828125 1.04044 0.0404428 0.0382254
0.828125 1.04044 0.0404428 0.0382254
0.84375 1.03875 0.0387523 0.0360961
0.84375 1.03875 0.0387523 0.0360961
0.859375 1.03712 0.0371224 0.0340539
0.859375 1.03712 0.0371224 0.0340539
0.875 1.03557 0.0355707 0.0321273
0.875 1.03557 0.0355707 0.0321273
0.890625 1.03412 0.0341151 0.0303446
0.890625 1.03412 0.0341151 0.0303446
0.90625 1.03277 0.0327746 0.0287335
0.90625 1.03277 0.0327746 0.0287335
0.921875 1.03157 0.0315688 0.02732
0.921875 1.03157 0.0315688 0.02732
0.9375 1.03052 0.0305188 0.0261279
0.9375 1.03052 0.0305188 0.0261279
0.953125 1.02965 0.0296485 0.0251777
0.953125 1.02965 0.0296485 0.0251777
0.96875 1.02899 0.028986 0.0244865
0.96875 1.02899 0.028986 0.0244865
0.984375 1.02857 0.0285689 0.0240666
0.984375 1.02857 0.0285689 0.0240666
1 1 0 0.0239257
