# x y topography analytical topography
0 1 0 0.0298255
0.015625 1.03252 0.0325172 0.0299203
0.015625 1.03252 0.0325172 0.0299203
0.03125 1.03289 0.0328895 0.0302036
0.03125 1.03289 0.0328895 0.0302036
0.046875 1.03346 0.0334631 0.0306714
0.046875 1.03346 0.0334631 0.0306714
0.0625 1.0342 0.0342018 0.0313177
0.0625 1.0342 0.0342018 0.0313177
0.078125 1.03508 0.0350793 0.0321341
0.078125 1.03508 0.0350793 0.0321341
0.09375 1.03607 0.0360744 0.0331098
0.09375 1.03607 0.0360744 0.0331098
0.109375 1.03717 0.037169 0.0342325
0.109375 1.03717 0.037169 0.0342325
0.125 1.03835 0.0383468 0.0354881
0.125 1.03835 0.0383468 0.0354881
0.140625 1.03959 0.0395929 0.0368611
0.140625 1.03959 0.0395929 0.0368611
0.15625 1.04089 0.0408935 0.038335
0.15625 1.04089 0.0408935 0.038335
0.171875 1.04224 0.0422352 0.0398924
0.171875 1.04224 0.0422352 0.0398924
0.1875 1.04361 0.0436055 0.0415156
0.1875 1.04361 0.0436055 0.0415156
0.203125 1.04499 0.0449923 0.0431866
0.203125 1.04499 0.0449923 0.0431866
0.21875 1.04638 0.0463838 0.0448874
0.21875 1.04638 0.0463838 0.0448874
0.234375 1.04777 0.0477689 0.0466002
0.234375 1.04777 0.0477689 0.0466002
0.25 1.04914 0.0491368 0.048308
0.25 1.04914 0.0491368 0.048308
0.265625 1.05048 0.0504772 0.0499942
0.265625 1.05048 0.0504772 0.0499942
0.28125 1.05178 0.0517802 0.0516432
0.28125 1.05178 0.0517802 0.0516432
0.296875 1.05304 0.0530365 0.0532402
0.296875 1.05304 0.0530365 0.0532402
0.3125 1.05424 0.0542371 0.0547716
0.3125 1.05424 0.0542371 0.0547716
0.328125 1.05537 0.0553737 0.0562247
0.328125 1.05537 0.0553737 0.0562247
0.34375 1.05644 0.0564385 0.057588
0.34375 1.05644 0.0564385 0.057588
0.359375 1.05742 0.0574244 0.0588512
0.359375 1.05742 0.0574244 0.0588512
0.375 1.05832 0.0583246 0.0600051
0.375 1.05832 0.0583246 0.0600051
0.390625 1.05913 0.0591333 0.0610415
0.390625 1.05913 0.0591333 0.0610415
0.40625 1.05985 0.0598451 0.0619534
0.40625 1.05985 0.0598451 0.0619534
0.421875 1.06046 0.0604554 0.0627349
0.421875 1.06046 0.0604554 0.0627349
0.4375 1.06096 0.0609602 0.063381
0.4375 1.06096 0.0609602 0.063381
0.453125 1.06136 0.0613562 0.0638875
0.453125 1.06136 0.0613562 0.0638875
0.46875 1.06164 0.0616409 0.0642515
0.46875 1.06164 0.0616409 0.0642515
0.484375 1.06181 0.0618124 0.0644708
0.484375 1.06181 0.0618124 0.0644708
0.5 1.06187 0.0618697 0.064544
0.5 1.06187 0.0618697 0.064544
0.515625 1.06181 0.0618124 0.0644708
0.515625 1.06181 0.0618124 0.0644708
0.53125 1.06164 0.0616409 0.0642515
0.53125 1.06164 0.0616409 0.0642515
0.546875 1.06136 0.0613562 0.0638875
0.546875 1.06136 0.0613562 0.0638875
0.5625 1.06096 0.0609602 0.063381
0.5625 1.06096 0.0609602 0.063381
0.578125 1.06046 0.0604554 0.0627349
0.578125 1.06046 0.0604554 0.0627349
0.59375 1.05985 0.0598451 0.0619534
0.59375 1.05985 0.0598451 0.0619534
0.609375 1.05913 0.0591333 0.0610415
0.609375 1.05913 0.0591333 0.0610415
0.625 1.05832 0.0583246 0.0600051
0.625 1.05832 0.0583246 0.0600051
0.640625 1.05742 0.0574244 0.0588512
0.640625 1.05742 0.0574244 0.0588512
0.65625 1.05644 0.0564385 0.057588
0.65625 1.05644 0.0564385 0.057588
0.671875 1.05537 0.0553737 0.0562247
0.671875 1.05537 0.0553737 0.0562247
0.6875 1.05424 0.0542371 0.0547716
0.6875 1.05424 0.0542371 0.0547716
0.703125 1.05304 0.0530365 0.0532402
0.703125 1.05304 0.0530365 0.0532402
0.71875 1.05178 0.0517802 0.0516432
0.71875 1.05178 0.0517802 0.0516432
0.734375 1.05048 0.0504772 0.0499942
0.734375 1.05048 0.0504772 0.0499942
0.75 1.04914 0.0491368 0.048308
0.75 1.04914 0.0491368 0.048308
0.765625 1.04777 0.0477689 0.0466002
0.765625 1.04777 0.0477689 0.0466002
0.78125 1.04638 0.0463838 0.0448874
0.78125 1.04638 0.0463838 0.0448874
0.796875 1.04499 0.0449923 0.0431866
0.796875 1.04499 0.0449923 0.0431866
0.8125 1.04361 0.0436055 0.0415156
0.8125 1.04361 0.0436055 0.0415156
0.828125 1.04224 0.0422352 0.0398924
0.828125 1.04224 0.0422352 0.0398924
0.84375 1.04089 0.0408935 0.038335
0.84375 1.04089 0.0408935 0.038335
0.859375 1.03959 0.0395929 0.0368611
0.859375 1.03959 0.0395929 0.0368611
0.875 1.03835 0.0383468 0.0354881
0.875 1.03835 0.0383468 0.0354881
0.890625 1.03717 0.037169 0.0342325
0.890625 1.03717 0.037169 0.0342325
0.90625 1.03607 0.0360744 0.0331098
0.90625 1.03607 0.0360744 0.0331098
0.921875 1.03508 0.0350793 0.0321341
0.921875 1.03508 0.0350793 0.0321341
0.9375 1.0342 0.0342018 0.0313177
0.9375 1.0342 0.0342018 0.0313177
0.953125 1.03346 0.0334631 0.0306714
0.953125 1.03346 0.0334631 0.0306714
0.96875 1.03289 0.0328895 0.0302036
0.96875 1.03289 0.0328895 0.0302036
0.984375 1.03252 0.0325172 0.0299203
0.984375 1.03252 0.0325172 0.0299203
1 1 0 0.0298255
