# x y topography analytical topography
0 1 0 0.0294312
0.015625 1.03229 0.0322929 0.0295287
0.015625 1.03229 0.0322929 0.0295287
0.03125 1.03267 0.0326676 0.0298198
0.03125 1.03267 0.0326676 0.0298198
0.046875 1.03325 0.0332459 0.0303007
0.046875 1.03325 0.0332459 0.0303007
0.0625 1.03399 0.0339916 0.0309648
0.0625 1.03399 0.0339916 0.0309648
0.078125 1.03488 0.0348782 0.0318032
0.078125 1.03488 0.0348782 0.0318032
0.09375 1.03588 0.0358845 0.0328051
0.09375 1.03588 0.0358845 0.0328051
0.109375 1.03699 0.0369923 0.0339573
0.109375 1.03699 0.0369923 0.0339573
0.125 1.03819 0.0381851 0.0352452
0.125 1.03819 0.0381851 0.0352452
0.140625 1.03945 0.0394478 0.0366527
0.140625 1.03945 0.0394478 0.0366527
0.15625 1.04077 0.0407664 0.0381627
0.15625 1.04077 0.0407664 0.0381627
0.171875 1.04213 0.0421274 0.0397573
0.171875 1.04213 0.0421274 0.0397573
0.1875 1.04352 0.0435179 0.041418
0.1875 1.04352 0.0435179 0.041418
0.203125 1.04493 0.0449257 0.0431263
0.203125 1.04493 0.0449257 0.0431263
0.21875 1.04634 0.0463388 0.0448637
0.21875 1.04634 0.0463388 0.0448637
0.234375 1.04775 0.0477458 0.0466122
0.234375 1.04775 0.0477458 0.0466122
0.25 1.04914 0.0491357 0.0483541
0.25 1.04914 0.0491357 0.0483541
0.265625 1.0505 0.050498 0.0500727
0.265625 1.0505 0.050498 0.0500727
0.28125 1.05182 0.0518226 0.0517521
0.28125 1.05182 0.0518226 0.0517521
0.296875 1.0531 0.0530999 0.0533772
0.296875 1.0531 0.0530999 0.0533772
0.3125 1.05432 0.0543207 0.0549345
0.3125 1.05432 0.0543207 0.0549345
0.328125 1.05548 0.0554767 0.0564111
0.328125 1.05548 0.0554767 0.0564111
0.34375 1.05656 0.0565598 0.0577956
0.34375 1.05656 0.0565598 0.0577956
0.359375 1.05756 0.0575626 0.0590776
0.359375 1.05756 0.0575626 0.0590776
0.375 1.05848 0.0584785 0.060248
0.375 1.05848 0.0584785 0.060248
0.390625 1.0593 0.0593012 0.0612988
0.390625 1.0593 0.0593012 0.0612988
0.40625 1.06003 0.0600254 0.0622229
0.40625 1.06003 0.0600254 0.0622229
0.421875 1.06065 0.0606464 0.0630145
0.421875 1.06065 0.0606464 0.0630145
0.4375 1.06116 0.06116 0.0636687
0.4375 1.06116 0.06116 0.0636687
0.453125 1.06156 0.0615629 0.0641815
0.453125 1.06156 0.0615629 0.0641815
0.46875 1.06185 0.0618526 0.0645499
0.46875 1.06185 0.0618526 0.0645499
0.484375 1.06203 0.0620272 0.0647718
0.484375 1.06203 0.0620272 0.0647718
0.5 1.06209 0.0620855 0.0648459
0.5 1.06209 0.0620855 0.0648459
0.515625 1.06203 0.0620272 0.0647718
0.515625 1.06203 0.0620272 0.0647718
0.53125 1.06185 0.0618526 0.0645499
0.53125 1.06185 0.0618526 0.0645499
0.546875 1.06156 0.0615629 0.0641815
0.546875 1.06156 0.0615629 0.0641815
0.5625 1.06116 0.06116 0.0636687
0.5625 1.06116 0.06116 0.0636687
0.578125 1.06065 0.0606464 0.0630145
0.578125 1.06065 0.0606464 0.0630145
0.59375 1.06003 0.0600254 0.0622229
0.59375 1.06003 0.0600254 0.0622229
0.609375 1.0593 0.0593012 0.0612988
0.609375 1.0593 0.0593012 0.0612988
0.625 1.05848 0.0584785 0.060248
0.625 1.05848 0.0584785 0.060248
0.640625 1.05756 0.0575626 0.0590776
0.640625 1.05756 0.0575626 0.0590776
0.65625 1.05656 0.0565598 0.0577956
0.65625 1.05656 0.0565598 0.0577956
0.671875 1.05548 0.0554767 0.0564111
0.671875 1.05548 0.0554767 0.0564111
0.6875 1.05432 0.0543207 0.0549345
0.6875 1.05432 0.0543207 0.0549345
0.703125 1.0531 0.0530999 0.0533772
0.703125 1.0531 0.0530999 0.0533772
0.71875 1.05182 0.0518226 0.0517521
0.71875 1.05182 0.0518226 0.0517521
0.734375 1.0505 0.050498 0.0500727
0.734375 1.0505 0.050498 0.0500727
0.75 1.04914 0.0491357 0.0483541
0.75 1.04914 0.0491357 0.0483541
0.765625 1.04775 0.0477458 0.0466122
0.765625 1.04775 0.0477458 0.0466122
0.78125 1.04634 0.0463388 0.0448637
0.78125 1.04634 0.0463388 0.0448637
0.796875 1.04493 0.0449257 0.0431263
0.796875 1.04493 0.0449257 0.0431263
0.8125 1.04352 0.0435179 0.041418
0.8125 1.04352 0.0435179 0.041418
0.828125 1.04213 0.0421274 0.0397573
0.828125 1.04213 0.0421274 0.0397573
0.84375 1.04077 0.0407664 0.0381627
0.84375 1.04077 0.0407664 0.0381627
0.859375 1.03945 0.0394478 0.0366527
0.859375 1.03945 0.0394478 0.0366527
0.875 1.03819 0.0381851 0.0352452
0.875 1.03819 0.0381851 0.0352452
0.890625 1.03699 0.0369923 0.0339573
0.890625 1.03699 0.0369923 0.0339573
0.90625 1.03588 0.0358845 0.0328051
0.90625 1.03588 0.0358845 0.0328051
0.921875 1.03488 0.0348782 0.0318032
0.921875 1.03488 0.0348782 0.0318032
0.9375 1.03399 0.0339916 0.0309648
0.9375 1.03399 0.0339916 0.0309648
0.953125 1.03325 0.0332459 0.0303007
0.953125 1.03325 0.0332459 0.0303007
0.96875 1.03267 0.0326676 0.0298198
0.96875 1.03267 0.0326676 0.0298198
0.984375 1.03229 0.0322929 0.0295287
0.984375 1.03229 0.0322929 0.0295287
1 1 0 0.0294312
