# x y topography analytical topography
0 1 0 0.0276246
0.015625 1.03119 0.0311909 0.0277349
0.015625 1.03119 0.0311909 0.0277349
0.03125 1.03158 0.0315774 0.0280641
0.03125 1.03158 0.0315774 0.0280641
0.046875 1.03218 0.0321793 0.0286075
0.046875 1.03218 0.0321793 0.0286075
0.0625 1.03296 0.0329599 0.0293569
0.0625 1.03296 0.0329599 0.0293569
0.078125 1.03389 0.0338924 0.0303016
0.078125 1.03389 0.0338924 0.0303016
0.09375 1.03496 0.034955 0.0314282
0.09375 1.03496 0.034955 0.0314282
0.109375 1.03613 0.0361287 0.0327208
0.109375 1.03613 0.0361287 0.0327208
0.125 1.0374 0.0373962 0.0341617
0.125 1.0374 0.0373962 0.0341617
0.140625 1.03874 0.0387416 0.0357318
0.140625 1.03874 0.0387416 0.0357318
0.15625 1.04015 0.0401497 0.0374108
0.15625 1.04015 0.0401497 0.0374108
0.171875 1.04161 0.041606 0.0391777
0.171875 1.04161 0.041606 0.0391777
0.1875 1.0431 0.0430967 0.0410112
0.1875 1.0431 0.0430967 0.0410112
0.203125 1.04461 0.0446081 0.0428902
0.203125 1.04461 0.0446081 0.0428902
0.21875 1.04613 0.0461273 0.044794
0.21875 1.04613 0.0461273 0.044794
0.234375 1.04764 0.0476417 0.0467023
0.234375 1.04764 0.0476417 0.0467023
0.25 1.04914 0.0491392 0.0485961
0.25 1.04914 0.0491392 0.0485961
0.265625 1.05061 0.0506081 0.0504573
0.265625 1.05061 0.0506081 0.0504573
0.28125 1.05204 0.0520373 0.0522691
0.28125 1.05204 0.0520373 0.0522691
0.296875 1.05342 0.0534162 0.054016
0.296875 1.05342 0.0534162 0.054016
0.3125 1.05473 0.0547349 0.055684
0.3125 1.05473 0.0547349 0.055684
0.328125 1.05598 0.0559838 0.0572603
0.328125 1.05598 0.0559838 0.0572603
0.34375 1.05715 0.0571543 0.0587335
0.34375 1.05715 0.0571543 0.0587335
0.359375 1.05824 0.0582384 0.0600938
0.359375 1.05824 0.0582384 0.0600938
0.375 1.05923 0.0592285 0.0613322
0.375 1.05923 0.0592285 0.0613322
0.390625 1.06012 0.060118 0.0624414
0.390625 1.06012 0.060118 0.0624414
0.40625 1.0609 0.060901 0.0634148
0.40625 1.0609 0.060901 0.0634148
0.421875 1.06157 0.0615724 0.0642471
0.421875 1.06157 0.0615724 0.0642471
0.4375 1.06213 0.0621278 0.0649338
0.4375 1.06213 0.0621278 0.0649338
0.453125 1.06256 0.0625635 0.0654715
0.453125 1.06256 0.0625635 0.0654715
0.46875 1.06288 0.0628767 0.0658574
0.46875 1.06288 0.0628767 0.0658574
0.484375 1.06307 0.0630655 0.0660897
0.484375 1.06307 0.0630655 0.0660897
0.5 1.06313 0.0631285 0.0661672
0.5 1.06313 0.0631285 0.0661672
0.515625 1.06307 0.0630655 0.0660897
0.515625 1.06307 0.0630655 0.0660897
0.53125 1.06288 0.0628767 0.0658574
0.53125 1.06288 0.0628767 0.0658574
0.546875 1.06256 0.0625635 0.0654715
0.546875 1.06256 0.0625635 0.0654715
0.5625 1.06213 0.0621278 0.0649338
0.5625 1.06213 0.0621278 0.0649338
0.578125 1.06157 0.0615724 0.0642471
0.578125 1.06157 0.0615724 0.0642471
0.59375 1.0609 0.060901 0.0634148
0.59375 1.0609 0.060901 0.0634148
0.609375 1.06012 0.060118 0.0624414
0.609375 1.06012 0.060118 0.0624414
0.625 1.05923 0.0592285 0.0613322
0.625 1.05923 0.0592285 0.0613322
0.640625 1.05824 0.0582384 0.0600938
0.640625 1.05824 0.0582384 0.0600938
0.65625 1.05715 0.0571543 0.0587335
0.65625 1.05715 0.0571543 0.0587335
0.671875 1.05598 0.0559838 0.0572603
0.671875 1.05598 0.0559838 0.0572603
0.6875 1.05473 0.0547349 0.055684
0.6875 1.05473 0.0547349 0.055684
0.703125 1.05342 0.0534162 0.054016
0.703125 1.05342 0.0534162 0.054016
0.71875 1.05204 0.0520373 0.0522691
0.71875 1.05204 0.0520373 0.0522691
0.734375 1.05061 0.0506081 0.0504573
0.734375 1.05061 0.0506081 0.0504573
0.75 1.04914 0.0491392 0.0485961
0.75 1.04914 0.0491392 0.0485961
0.765625 1.04764 0.0476417 0.0467023
0.765625 1.04764 0.0476417 0.0467023
0.78125 1.04613 0.0461273 0.044794
0.78125 1.04613 0.0461273 0.044794
0.796875 1.04461 0.0446081 0.0428902
0.796875 1.04461 0.0446081 0.0428902
0.8125 1.0431 0.0430967 0.0410112
0.8125 1.0431 0.0430967 0.0410112
0.828125 1.04161 0.041606 0.0391777
0.828125 1.04161 0.041606 0.0391777
0.84375 1.04015 0.0401497 0.0374108
0.84375 1.04015 0.0401497 0.0374108
0.859375 1.03874 0.0387416 0.0357318
0.859375 1.03874 0.0387416 0.0357318
0.875 1.0374 0.0373962 0.0341617
0.875 1.0374 0.0373962 0.0341617
0.890625 1.03613 0.0361287 0.0327208
0.890625 1.03613 0.0361287 0.0327208
0.90625 1.03496 0.034955 0.0314282
0.90625 1.03496 0.034955 0.0314282
0.921875 1.03389 0.0338924 0.0303016
0.921875 1.03389 0.0338924 0.0303016
0.9375 1.03296 0.0329599 0.0293569
0.9375 1.03296 0.0329599 0.0293569
0.953125 1.03218 0.0321793 0.0286075
0.953125 1.03218 0.0321793 0.0286075
0.96875 1.03158 0.0315774 0.0280641
0.96875 1.03158 0.0315774 0.0280641
0.984375 1.03119 0.0311909 0.0277349
0.984375 1.03119 0.0311909 0.0277349
1 1 0 0.0276246
