# x y topography analytical topography
0 1 0 0.0198
0.015625 1.0251 0.0251034 0.0199852
0.015625 1.0251 0.0251034 0.0199852
0.03125 1.02557 0.0255687 0.0205363
0.03125 1.02557 0.0255687 0.0205363
0.046875 1.02633 0.0263263 0.0214395
0.046875 1.02633 0.0263263 0.0214395
0.0625 1.02734 0.0273367 0.0226727
0.0625 1.02734 0.0273367 0.0226727
0.078125 1.02857 0.0285684 0.0242069
0.078125 1.02857 0.0285684 0.0242069
0.09375 1.02999 0.0299936 0.0260074
0.09375 1.02999 0.0299936 0.0260074
0.109375 1.03159 0.0315865 0.0280355
0.109375 1.03159 0.0315865 0.0280355
0.125 1.03332 0.0333221 0.0302506
0.125 1.03332 0.0333221 0.0302506
0.140625 1.03518 0.0351761 0.0326113
0.140625 1.03518 0.0351761 0.0326113
0.15625 1.03712 0.0371246 0.0350775
0.15625 1.03712 0.0371246 0.0350775
0.171875 1.03914 0.0391443 0.0376108
0.171875 1.03914 0.0391443 0.0376108
0.1875 1.04121 0.0412127 0.0401762
0.1875 1.04121 0.0412127 0.0401762
0.203125 1.04331 0.0433081 0.042742
0.203125 1.04331 0.0433081 0.042742
0.21875 1.04541 0.0454095 0.0452802
0.21875 1.04541 0.0454095 0.0452802
0.234375 1.0475 0.0474974 0.0477666
0.234375 1.0475 0.0474974 0.0477666
0.25 1.04955 0.0495533 0.0501806
0.25 1.04955 0.0495533 0.0501806
0.265625 1.05156 0.0515601 0.052505
0.265625 1.05156 0.0515601 0.052505
0.28125 1.0535 0.053502 0.0547253
0.28125 1.0535 0.053502 0.0547253
0.296875 1.05536 0.0553646 0.0568293
0.296875 1.05536 0.0553646 0.0568293
0.3125 1.05714 0.0571351 0.0588072
0.3125 1.05714 0.0571351 0.0588072
0.328125 1.0588 0.0588016 0.0606507
0.328125 1.0588 0.0588016 0.0606507
0.34375 1.06035 0.060354 0.0623528
0.34375 1.06035 0.060354 0.0623528
0.359375 1.06178 0.0617831 0.0639079
0.359375 1.06178 0.0617831 0.0639079
0.375 1.06308 0.0630811 0.0653109
0.375 1.06308 0.0630811 0.0653109
0.390625 1.06424 0.0642411 0.0665578
0.390625 1.06424 0.0642411 0.0665578
0.40625 1.06526 0.0652574 0.0676451
0.40625 1.06526 0.0652574 0.0676451
0.421875 1.06613 0.066125 0.0685699
0.421875 1.06613 0.066125 0.0685699
0.4375 1.06684 0.0668401 0.0693298
0.4375 1.06684 0.0668401 0.0693298
0.453125 1.0674 0.0673995 0.0699227
0.453125 1.0674 0.0673995 0.0699227
0.46875 1.0678 0.0678007 0.0703474
0.46875 1.0678 0.0678007 0.0703474
0.484375 1.06804 0.0680421 0.0706025
0.484375 1.06804 0.0680421 0.0706025
0.5 1.06812 0.0681227 0.0706877
0.5 1.06812 0.0681227 0.0706877
0.515625 1.06804 0.0680421 0.0706025
0.515625 1.06804 0.0680421 0.0706025
0.53125 1.0678 0.0678007 0.0703474
0.53125 1.0678 0.0678007 0.0703474
0.546875 1.0674 0.0673995 0.0699227
0.546875 1.0674 0.0673995 0.0699227
0.5625 1.06684 0.0668401 0.0693298
0.5625 1.06684 0.0668401 0.0693298
0.578125 1.06613 0.066125 0.0685699
0.578125 1.06613 0.066125 0.0685699
0.59375 1.06526 0.0652574 0.0676451
0.59375 1.06526 0.0652574 0.0676451
0.609375 1.06424 0.0642411 0.0665578
0.609375 1.06424 0.0642411 0.0665578
0.625 1.06308 0.0630811 0.0653109
0.625 1.06308 0.0630811 0.0653109
0.640625 1.06178 0.0617831 0.0639079
0.640625 1.06178 0.0617831 0.0639079
0.65625 1.06035 0.060354 0.0623528
0.65625 1.06035 0.060354 0.0623528
0.671875 1.0588 0.0588016 0.0606507
0.671875 1.0588 0.0588016 0.0606507
0.6875 1.05714 0.0571351 0.0588072
0.6875 1.05714 0.0571351 0.0588072
0.703125 1.05536 0.0553646 0.0568293
0.703125 1.05536 0.0553646 0.0568293
0.71875 1.0535 0.053502 0.0547253
0.71875 1.0535 0.053502 0.0547253
0.734375 1.05156 0.0515601 0.052505
0.734375 1.05156 0.0515601 0.052505
0.75 1.04955 0.0495533 0.0501806
0.75 1.04955 0.0495533 0.0501806
0.765625 1.0475 0.0474974 0.0477666
0.765625 1.0475 0.0474974 0.0477666
0.78125 1.04541 0.0454095 0.0452802
0.78125 1.04541 0.0454095 0.0452802
0.796875 1.04331 0.0433081 0.042742
0.796875 1.04331 0.0433081 0.042742
0.8125 1.04121 0.0412127 0.0401762
0.8125 1.04121 0.0412127 0.0401762
0.828125 1.03914 0.0391443 0.0376108
0.828125 1.03914 0.0391443 0.0376108
0.84375 1.03712 0.0371246 0.0350775
0.84375 1.03712 0.0371246 0.0350775
0.859375 1.03518 0.0351761 0.0326113
0.859375 1.03518 0.0351761 0.0326113
0.875 1.03332 0.0333221 0.0302506
0.875 1.03332 0.0333221 0.0302506
0.890625 1.03159 0.0315865 0.0280355
0.890625 1.03159 0.0315865 0.0280355
0.90625 1.02999 0.0299936 0.0260074
0.90625 1.02999 0.0299936 0.0260074
0.921875 1.02857 0.0285684 0.0242069
0.921875 1.02857 0.0285684 0.0242069
0.9375 1.02734 0.0273367 0.0226727
0.9375 1.02734 0.0273367 0.0226727
0.953125 1.02633 0.0263263 0.0214395
0.953125 1.02633 0.0263263 0.0214395
0.96875 1.02557 0.0255687 0.0205363
0.96875 1.02557 0.0255687 0.0205363
0.984375 1.0251 0.0251034 0.0199852
0.984375 1.0251 0.0251034 0.0199852
1 1 0 0.0198
