# x y topography analytical topography
0 1 0 0.00885177
0.015625 1.01352 0.0135156 0.00932049
0.015625 1.01352 0.0135156 0.00932049
0.03125 1.01432 0.0143241 0.0106758
0.03125 1.01432 0.0143241 0.0106758
0.046875 1.01574 0.0157399 0.01278
0.046875 1.01574 0.0157399 0.01278
0.0625 1.01767 0.0176715 0.015447
0.0625 1.01767 0.0176715 0.015447
0.078125 1.02002 0.0200201 0.0184856
0.078125 1.02002 0.0200201 0.0184856
0.09375 1.02269 0.0226851 0.0217326
0.09375 1.02269 0.0226851 0.0217326
0.109375 1.02557 0.0255711 0.025068
0.109375 1.02557 0.0255711 0.025068
0.125 1.02859 0.0285936 0.0284135
0.125 1.02859 0.0285936 0.0284135
0.140625 1.03168 0.0316826 0.0317222
0.140625 1.03168 0.0316826 0.0317222
0.15625 1.03478 0.0347833 0.0349673
0.15625 1.03478 0.0347833 0.0349673
0.171875 1.03785 0.0378544 0.0381327
0.171875 1.03785 0.0378544 0.0381327
0.1875 1.04087 0.0408662 0.0412079
0.1875 1.04087 0.0408662 0.0412079
0.203125 1.0438 0.0437973 0.0441842
0.203125 1.0438 0.0437973 0.0441842
0.21875 1.04663 0.0466323 0.0470541
0.21875 1.04663 0.0466323 0.0470541
0.234375 1.04936 0.0493598 0.0498108
0.234375 1.04936 0.0493598 0.0498108
0.25 1.05197 0.0519706 0.0524474
0.25 1.05197 0.0519706 0.0524474
0.265625 1.05446 0.0544572 0.0549577
0.265625 1.05446 0.0544572 0.0549577
0.28125 1.05681 0.0568131 0.0573356
0.28125 1.05681 0.0568131 0.0573356
0.296875 1.05903 0.0590324 0.0595754
0.296875 1.05903 0.0590324 0.0595754
0.3125 1.06111 0.0611095 0.0616716
0.3125 1.06111 0.0611095 0.0616716
0.328125 1.06304 0.0630394 0.0636193
0.328125 1.06304 0.0630394 0.0636193
0.34375 1.06482 0.0648174 0.0654137
0.34375 1.06482 0.0648174 0.0654137
0.359375 1.06644 0.0664393 0.0670506
0.359375 1.06644 0.0664393 0.0670506
0.375 1.0679 0.0679012 0.0685259
0.375 1.0679 0.0679012 0.0685259
0.390625 1.0692 0.0691994 0.0698361
0.390625 1.0692 0.0691994 0.0698361
0.40625 1.07033 0.070331 0.070978
0.40625 1.07033 0.070331 0.070978
0.421875 1.07129 0.0712931 0.071949
0.421875 1.07129 0.0712931 0.071949
0.4375 1.07208 0.0720835 0.0727467
0.4375 1.07208 0.0720835 0.0727467
0.453125 1.0727 0.0727002 0.0733691
0.453125 1.0727 0.0727002 0.0733691
0.46875 1.07314 0.0731418 0.0738147
0.46875 1.07314 0.0731418 0.0738147
0.484375 1.07341 0.0734072 0.0740825
0.484375 1.07341 0.0734072 0.0740825
0.5 1.0735 0.0734957 0.0741719
0.5 1.0735 0.0734957 0.0741719
0.515625 1.07341 0.0734072 0.0740825
0.515625 1.07341 0.0734072 0.0740825
0.53125 1.07314 0.0731418 0.0738147
0.53125 1.07314 0.0731418 0.0738147
0.546875 1.0727 0.0727002 0.0733691
0.546875 1.0727 0.0727002 0.0733691
0.5625 1.07208 0.0720835 0.0727467
0.5625 1.07208 0.0720835 0.0727467
0.578125 1.07129 0.0712931 0.071949
0.578125 1.07129 0.0712931 0.071949
0.59375 1.07033 0.070331 0.070978
0.59375 1.07033 0.070331 0.070978
0.609375 1.0692 0.0691994 0.0698361
0.609375 1.0692 0.0691994 0.0698361
0.625 1.0679 0.0679012 0.0685259
0.625 1.0679 0.0679012 0.0685259
0.640625 1.06644 0.0664393 0.0670506
0.640625 1.06644 0.0664393 0.0670506
0.65625 1.06482 0.0648174 0.0654137
0.65625 1.06482 0.0648174 0.0654137
0.671875 1.06304 0.0630394 0.0636193
0.671875 1.06304 0.0630394 0.0636193
0.6875 1.06111 0.0611095 0.0616716
0.6875 1.06111 0.0611095 0.0616716
0.703125 1.05903 0.0590324 0.0595754
0.703125 1.05903 0.0590324 0.0595754
0.71875 1.05681 0.0568131 0.0573356
0.71875 1.05681 0.0568131 0.0573356
0.734375 1.05446 0.0544572 0.0549577
0.734375 1.05446 0.0544572 0.0549577
0.75 1.05197 0.0519706 0.0524474
0.75 1.05197 0.0519706 0.0524474
0.765625 1.04936 0.0493598 0.0498108
0.765625 1.04936 0.0493598 0.0498108
0.78125 1.04663 0.0466323 0.0470541
0.78125 1.04663 0.0466323 0.0470541
0.796875 1.0438 0.0437973 0.0441842
0.796875 1.0438 0.0437973 0.0441842
0.8125 1.04087 0.0408662 0.0412079
0.8125 1.04087 0.0408662 0.0412079
0.828125 1.03785 0.0378544 0.0381327
0.828125 1.03785 0.0378544 0.0381327
0.84375 1.03478 0.0347833 0.0349673
0.84375 1.03478 0.0347833 0.0349673
0.859375 1.03168 0.0316826 0.0317222
0.859375 1.03168 0.0316826 0.0317222
0.875 1.02859 0.0285936 0.0284135
0.875 1.02859 0.0285936 0.0284135
0.890625 1.02557 0.0255711 0.025068
0.890625 1.02557 0.0255711 0.025068
0.90625 1.02269 0.0226851 0.0217326
0.90625 1.02269 0.0226851 0.0217326
0.921875 1.02002 0.0200201 0.0184856
0.921875 1.02002 0.0200201 0.0184856
0.9375 1.01767 0.0176715 0.015447
0.9375 1.01767 0.0176715 0.015447
0.953125 1.01574 0.0157399 0.01278
0.953125 1.01574 0.0157399 0.01278
0.96875 1.01432 0.0143241 0.0106758
0.96875 1.01432 0.0143241 0.0106758
0.984375 1.01352 0.0135156 0.00932049
0.984375 1.01352 0.0135156 0.00932049
1 1 0 0.00885177
