# x y topography analytical topography
0 1 0 0.0303971
0.015625 1.03283 0.0328319 0.0304882
0.015625 1.03283 0.0328319 0.0304882
0.03125 1.0332 0.0332009 0.0307602
0.03125 1.0332 0.0332009 0.0307602
0.046875 1.03377 0.033768 0.0312096
0.046875 1.03377 0.033768 0.0312096
0.0625 1.0345 0.034497 0.0318307
0.0625 1.0345 0.034497 0.0318307
0.078125 1.03536 0.0353617 0.0326155
0.078125 1.03536 0.0353617 0.0326155
0.09375 1.03634 0.0363411 0.0335541
0.09375 1.03634 0.0363411 0.0335541
0.109375 1.03742 0.0374173 0.0346347
0.109375 1.03742 0.0374173 0.0346347
0.125 1.03857 0.0385742 0.035844
0.125 1.03857 0.0385742 0.035844
0.140625 1.0398 0.0397972 0.0371675
0.140625 1.0398 0.0397972 0.0371675
0.15625 1.04107 0.0410726 0.0385895
0.15625 1.04107 0.0410726 0.0385895
0.171875 1.04239 0.0423874 0.0400934
0.171875 1.04239 0.0423874 0.0400934
0.1875 1.04373 0.0437294 0.0416625
0.1875 1.04373 0.0437294 0.0416625
0.203125 1.04509 0.0450866 0.0432793
0.203125 1.04509 0.0450866 0.0432793
0.21875 1.04645 0.0464479 0.0449267
0.21875 1.04645 0.0464479 0.0449267
0.234375 1.0478 0.0478022 0.0465876
0.234375 1.0478 0.0478022 0.0465876
0.25 1.04914 0.0491392 0.0482453
0.25 1.04914 0.0491392 0.0482453
0.265625 1.05045 0.0504488 0.0498839
0.265625 1.05045 0.0504488 0.0498839
0.28125 1.05172 0.0517214 0.0514881
0.28125 1.05172 0.0517214 0.0514881
0.296875 1.05295 0.052948 0.0530433
0.296875 1.05295 0.052948 0.0530433
0.3125 1.05412 0.05412 0.0545361
0.3125 1.05412 0.05412 0.0545361
0.328125 1.05523 0.0552293 0.0559539
0.328125 1.05523 0.0552293 0.0559539
0.34375 1.05627 0.0562683 0.0572854
0.34375 1.05627 0.0562683 0.0572854
0.359375 1.05723 0.0572301 0.0585202
0.359375 1.05723 0.0572301 0.0585202
0.375 1.05811 0.0581082 0.0596491
0.375 1.05811 0.0581082 0.0596491
0.390625 1.0589 0.058897 0.0606637
0.390625 1.0589 0.058897 0.0606637
0.40625 1.05959 0.0595912 0.0615571
0.40625 1.05959 0.0595912 0.0615571
0.421875 1.06019 0.0601863 0.0623231
0.421875 1.06019 0.0601863 0.0623231
0.4375 1.06068 0.0606785 0.0629567
0.4375 1.06068 0.0606785 0.0629567
0.453125 1.06106 0.0610646 0.0634537
0.453125 1.06106 0.0610646 0.0634537
0.46875 1.06134 0.0613422 0.0638109
0.46875 1.06134 0.0613422 0.0638109
0.484375 1.06151 0.0615095 0.0640261
0.484375 1.06151 0.0615095 0.0640261
0.5 1.06157 0.0615654 0.064098
0.5 1.06157 0.0615654 0.064098
0.515625 1.06151 0.0615095 0.0640261
0.515625 1.06151 0.0615095 0.0640261
0.53125 1.06134 0.0613422 0.0638109
0.53125 1.06134 0.0613422 0.0638109
0.546875 1.06106 0.0610646 0.0634537
0.546875 1.06106 0.0610646 0.0634537
0.5625 1.06068 0.0606785 0.0629567
0.5625 1.06068 0.0606785 0.0629567
0.578125 1.06019 0.0601863 0.0623231
0.578125 1.06019 0.0601863 0.0623231
0.59375 1.05959 0.0595912 0.0615571
0.59375 1.05959 0.0595912 0.0615571
0.609375 1.0589 0.058897 0.0606637
0.609375 1.0589 0.058897 0.0606637
0.625 1.05811 0.0581082 0.0596491
0.625 1.05811 0.0581082 0.0596491
0.640625 1.05723 0.0572301 0.0585202
0.640625 1.05723 0.0572301 0.0585202
0.65625 1.05627 0.0562683 0.0572854
0.65625 1.05627 0.0562683 0.0572854
0.671875 1.05523 0.0552293 0.0559539
0.671875 1.05523 0.0552293 0.0559539
0.6875 1.05412 0.05412 0.0545361
0.6875 1.05412 0.05412 0.0545361
0.703125 1.05295 0.052948 0.0530433
0.703125 1.05295 0.052948 0.0530433
0.71875 1.05172 0.0517214 0.0514881
0.71875 1.05172 0.0517214 0.0514881
0.734375 1.05045 0.0504488 0.0498839
0.734375 1.05045 0.0504488 0.0498839
0.75 1.04914 0.0491392 0.0482453
0.75 1.04914 0.0491392 0.0482453
0.765625 1.0478 0.0478022 0.0465876
0.765625 1.0478 0.0478022 0.0465876
0.78125 1.04645 0.0464479 0.0449267
0.78125 1.04645 0.0464479 0.0449267
0.796875 1.04509 0.0450866 0.0432793
0.796875 1.04509 0.0450866 0.0432793
0.8125 1.04373 0.0437294 0.0416625
0.8125 1.04373 0.0437294 0.0416625
0.828125 1.04239 0.0423874 0.0400934
0.828125 1.04239 0.0423874 0.0400934
0.84375 1.04107 0.0410726 0.0385895
0.84375 1.04107 0.0410726 0.0385895
0.859375 1.0398 0.0397972 0.0371675
0.859375 1.0398 0.0397972 0.0371675
0.875 1.03857 0.0385742 0.035844
0.875 1.03857 0.0385742 0.035844
0.890625 1.03742 0.0374173 0.0346347
0.890625 1.03742 0.0374173 0.0346347
0.90625 1.03634 0.0363411 0.0335541
0.90625 1.03634 0.0363411 0.0335541
0.921875 1.03536 0.0353617 0.0326155
0.921875 1.03536 0.0353617 0.0326155
0.9375 1.0345 0.034497 0.0318307
0.9375 1.0345 0.034497 0.0318307
0.953125 1.03377 0.033768 0.0312096
0.953125 1.03377 0.033768 0.0312096
0.96875 1.0332 0.0332009 0.0307602
0.96875 1.0332 0.0332009 0.0307602
0.984375 1.03283 0.0328319 0.0304882
0.984375 1.03283 0.0328319 0.0304882
1 1 0 0.0303971
