# x y topography analytical topography
0 1 0 0.0353875
0.015625 1.03504 0.0350391 0.035449
0.015625 1.03504 0.0350391 0.035449
0.03125 1.03539 0.0353857 0.0356329
0.03125 1.03539 0.0353857 0.0356329
0.046875 1.03591 0.0359081 0.0359372
0.046875 1.03591 0.0359081 0.0359372
0.0625 1.03657 0.0365708 0.0363585
0.0625 1.03657 0.0365708 0.0363585
0.078125 1.03735 0.0373482 0.0368924
0.078125 1.03735 0.0373482 0.0368924
0.09375 1.03822 0.0382202 0.037533
0.09375 1.03822 0.0382202 0.037533
0.109375 1.03917 0.0391701 0.0382734
0.109375 1.03917 0.0391701 0.0382734
0.125 1.04018 0.0401831 0.0391059
0.125 1.04018 0.0401831 0.0391059
0.140625 1.04125 0.0412462 0.0400215
0.140625 1.04125 0.0412462 0.0400215
0.15625 1.04235 0.0423474 0.0410107
0.15625 1.04235 0.0423474 0.0410107
0.171875 1.04348 0.0434755 0.0420633
0.171875 1.04348 0.0434755 0.0420633
0.1875 1.04462 0.0446201 0.0431683
0.1875 1.04462 0.0446201 0.0431683
0.203125 1.04577 0.0457716 0.0443145
0.203125 1.04577 0.0457716 0.0443145
0.21875 1.04692 0.0469206 0.0454905
0.21875 1.04692 0.0469206 0.0454905
0.234375 1.04806 0.0480585 0.0466845
0.234375 1.04806 0.0480585 0.0466845
0.25 1.04918 0.0491769 0.0478848
0.25 1.04918 0.0491769 0.0478848
0.265625 1.05027 0.0502681 0.0490798
0.265625 1.05027 0.0502681 0.0490798
0.28125 1.05132 0.0513247 0.050258
0.28125 1.05132 0.0513247 0.050258
0.296875 1.05234 0.0523396 0.0514084
0.296875 1.05234 0.0523396 0.0514084
0.3125 1.05331 0.0533064 0.0525203
0.3125 1.05331 0.0533064 0.0525203
0.328125 1.05422 0.0542189 0.0535834
0.328125 1.05422 0.0542189 0.0535834
0.34375 1.05507 0.0550715 0.0545881
0.34375 1.05507 0.0550715 0.0545881
0.359375 1.05586 0.055859 0.0555254
0.359375 1.05586 0.055859 0.0555254
0.375 1.05658 0.0565765 0.0563871
0.375 1.05658 0.0565765 0.0563871
0.390625 1.05722 0.0572199 0.0571656
0.390625 1.05722 0.0572199 0.0571656
0.40625 1.05779 0.0577854 0.0578542
0.40625 1.05779 0.0577854 0.0578542
0.421875 1.05827 0.0582695 0.0584469
0.421875 1.05827 0.0582695 0.0584469
0.4375 1.05867 0.0586695 0.0589389
0.4375 1.05867 0.0586695 0.0589389
0.453125 1.05898 0.058983 0.0593258
0.453125 1.05898 0.058983 0.0593258
0.46875 1.05921 0.0592082 0.0596045
0.46875 1.05921 0.0592082 0.0596045
0.484375 1.05934 0.0593439 0.0597727
0.484375 1.05934 0.0593439 0.0597727
0.5 1.05939 0.0593892 0.0598289
0.5 1.05939 0.0593892 0.0598289
0.515625 1.05934 0.0593439 0.0597727
0.515625 1.05934 0.0593439 0.0597727
0.53125 1.05921 0.0592082 0.0596045
0.53125 1.05921 0.0592082 0.0596045
0.546875 1.05898 0.058983 0.0593258
0.546875 1.05898 0.058983 0.0593258
0.5625 1.05867 0.0586695 0.0589389
0.5625 1.05867 0.0586695 0.0589389
0.578125 1.05827 0.0582695 0.0584469
0.578125 1.05827 0.0582695 0.0584469
0.59375 1.05779 0.0577854 0.0578542
0.59375 1.05779 0.0577854 0.0578542
0.609375 1.05722 0.0572199 0.0571656
0.609375 1.05722 0.0572199 0.0571656
0.625 1.05658 0.0565765 0.0563871
0.625 1.05658 0.0565765 0.0563871
0.640625 1.05586 0.055859 0.0555254
0.640625 1.05586 0.055859 0.0555254
0.65625 1.05507 0.0550715 0.0545881
0.65625 1.05507 0.0550715 0.0545881
0.671875 1.05422 0.0542189 0.0535834
0.671875 1.05422 0.0542189 0.0535834
0.6875 1.05331 0.0533064 0.0525203
0.6875 1.05331 0.0533064 0.0525203
0.703125 1.05234 0.0523396 0.0514084
0.703125 1.05234 0.0523396 0.0514084
0.71875 1.05132 0.0513247 0.050258
0.71875 1.05132 0.0513247 0.050258
0.734375 1.05027 0.0502681 0.0490798
0.734375 1.05027 0.0502681 0.0490798
0.75 1.04918 0.0491769 0.0478848
0.75 1.04918 0.0491769 0.0478848
0.765625 1.04806 0.0480585 0.0466845
0.765625 1.04806 0.0480585 0.0466845
0.78125 1.04692 0.0469206 0.0454905
0.78125 1.04692 0.0469206 0.0454905
0.796875 1.04577 0.0457716 0.0443145
0.796875 1.04577 0.0457716 0.0443145
0.8125 1.04462 0.0446201 0.0431683
0.8125 1.04462 0.0446201 0.0431683
0.828125 1.04348 0.0434755 0.0420633
0.828125 1.04348 0.0434755 0.0420633
0.84375 1.04235 0.0423474 0.0410107
0.84375 1.04235 0.0423474 0.0410107
0.859375 1.04125 0.0412462 0.0400215
0.859375 1.04125 0.0412462 0.0400215
0.875 1.04018 0.0401831 0.0391059
0.875 1.04018 0.0401831 0.0391059
0.890625 1.03917 0.0391701 0.0382734
0.890625 1.03917 0.0391701 0.0382734
0.90625 1.03822 0.0382202 0.037533
0.90625 1.03822 0.0382202 0.037533
0.921875 1.03735 0.0373482 0.0368924
0.921875 1.03735 0.0373482 0.0368924
0.9375 1.03657 0.0365708 0.0363585
0.9375 1.03657 0.0365708 0.0363585
0.953125 1.03591 0.0359081 0.0359372
0.953125 1.03591 0.0359081 0.0359372
0.96875 1.03539 0.0353857 0.0356329
0.96875 1.03539 0.0353857 0.0356329
0.984375 1.03504 0.0350391 0.035449
0.984375 1.03504 0.0350391 0.035449
1 1 0 0.0353875
