# x y topography analytical topography
0 1 0 0.0224081
0.015625 1.02736 0.027358 0.0225637
0.015625 1.02736 0.027358 0.0225637
0.03125 1.02779 0.0277907 0.0230273
0.03125 1.02779 0.0277907 0.0230273
0.046875 1.02848 0.0284841 0.0237895
0.046875 1.02848 0.0284841 0.0237895
0.0625 1.0294 0.0294001 0.024835
0.0625 1.0294 0.0294001 0.024835
0.078125 1.03051 0.0305094 0.0261434
0.078125 1.03051 0.0305094 0.0261434
0.09375 1.03179 0.0317873 0.0276898
0.09375 1.03179 0.0317873 0.0276898
0.109375 1.03321 0.0332112 0.0294459
0.109375 1.03321 0.0332112 0.0294459
0.125 1.03476 0.0347599 0.0313812
0.125 1.03476 0.0347599 0.0313812
0.140625 1.03641 0.0364129 0.0334635
0.140625 1.03641 0.0364129 0.0334635
0.15625 1.03815 0.0381505 0.0356604
0.15625 1.03815 0.0381505 0.0356604
0.171875 1.03995 0.0399534 0.03794
0.171875 1.03995 0.0399534 0.03794
0.1875 1.0418 0.0418026 0.0402714
0.1875 1.0418 0.0418026 0.0402714
0.203125 1.04368 0.04368 0.0426259
0.203125 1.04368 0.04368 0.0426259
0.21875 1.04557 0.045568 0.0449765
0.21875 1.04557 0.045568 0.0449765
0.234375 1.04745 0.0474495 0.047299
0.234375 1.04745 0.0474495 0.047299
0.25 1.04931 0.0493084 0.0495717
0.25 1.04931 0.0493084 0.0495717
0.265625 1.05113 0.0511293 0.0517755
0.265625 1.05113 0.0511293 0.0517755
0.28125 1.0529 0.0528979 0.0538936
0.28125 1.0529 0.0528979 0.0538936
0.296875 1.0546 0.0546007 0.0559117
0.296875 1.0546 0.0546007 0.0559117
0.3125 1.05623 0.0562252 0.0578176
0.3125 1.05623 0.0562252 0.0578176
0.328125 1.05776 0.0577599 0.0596007
0.328125 1.05776 0.0577599 0.0596007
0.34375 1.05919 0.0591945 0.0612524
0.34375 1.05919 0.0591945 0.0612524
0.359375 1.06052 0.0605196 0.0627651
0.359375 1.06052 0.0605196 0.0627651
0.375 1.06173 0.0617269 0.0641328
0.375 1.06173 0.0617269 0.0641328
0.390625 1.06281 0.0628088 0.0653502
0.390625 1.06281 0.0628088 0.0653502
0.40625 1.06376 0.0637591 0.066413
0.40625 1.06376 0.0637591 0.066413
0.421875 1.06457 0.0645722 0.0673179
0.421875 1.06457 0.0645722 0.0673179
0.4375 1.06524 0.0652436 0.0680619
0.4375 1.06524 0.0652436 0.0680619
0.453125 1.06577 0.0657696 0.0686428
0.453125 1.06577 0.0657696 0.0686428
0.46875 1.06615 0.0661473 0.0690589
0.46875 1.06615 0.0661473 0.0690589
0.484375 1.06637 0.0663747 0.069309
0.484375 1.06637 0.0663747 0.069309
0.5 1.06645 0.0664506 0.0693924
0.5 1.06645 0.0664506 0.0693924
0.515625 1.06637 0.0663747 0.069309
0.515625 1.06637 0.0663747 0.069309
0.53125 1.06615 0.0661473 0.0690589
0.53125 1.06615 0.0661473 0.0690589
0.546875 1.06577 0.0657696 0.0686428
0.546875 1.06577 0.0657696 0.0686428
0.5625 1.06524 0.0652436 0.0680619
0.5625 1.06524 0.0652436 0.0680619
0.578125 1.06457 0.0645722 0.0673179
0.578125 1.06457 0.0645722 0.0673179
0.59375 1.06376 0.0637591 0.066413
0.59375 1.06376 0.0637591 0.066413
0.609375 1.06281 0.0628088 0.0653502
0.609375 1.06281 0.0628088 0.0653502
0.625 1.06173 0.0617269 0.0641328
0.625 1.06173 0.0617269 0.0641328
0.640625 1.06052 0.0605196 0.0627651
0.640625 1.06052 0.0605196 0.0627651
0.65625 1.05919 0.0591945 0.0612524
0.65625 1.05919 0.0591945 0.0612524
0.671875 1.05776 0.0577599 0.0596007
0.671875 1.05776 0.0577599 0.0596007
0.6875 1.05623 0.0562252 0.0578176
0.6875 1.05623 0.0562252 0.0578176
0.703125 1.0546 0.0546007 0.0559117
0.703125 1.0546 0.0546007 0.0559117
0.71875 1.0529 0.0528979 0.0538936
0.71875 1.0529 0.0528979 0.0538936
0.734375 1.05113 0.0511293 0.0517755
0.734375 1.05113 0.0511293 0.0517755
0.75 1.04931 0.0493084 0.0495717
0.75 1.04931 0.0493084 0.0495717
0.765625 1.04745 0.0474495 0.047299
0.765625 1.04745 0.0474495 0.047299
0.78125 1.04557 0.045568 0.0449765
0.78125 1.04557 0.045568 0.0449765
0.796875 1.04368 0.04368 0.0426259
0.796875 1.04368 0.04368 0.0426259
0.8125 1.0418 0.0418026 0.0402714
0.8125 1.0418 0.0418026 0.0402714
0.828125 1.03995 0.0399534 0.03794
0.828125 1.03995 0.0399534 0.03794
0.84375 1.03815 0.0381505 0.0356604
0.84375 1.03815 0.0381505 0.0356604
0.859375 1.03641 0.0364129 0.0334635
0.859375 1.03641 0.0364129 0.0334635
0.875 1.03476 0.0347599 0.0313812
0.875 1.03476 0.0347599 0.0313812
0.890625 1.03321 0.0332112 0.0294459
0.890625 1.03321 0.0332112 0.0294459
0.90625 1.03179 0.0317873 0.0276898
0.90625 1.03179 0.0317873 0.0276898
0.921875 1.03051 0.0305094 0.0261434
0.921875 1.03051 0.0305094 0.0261434
0.9375 1.0294 0.0294001 0.024835
0.9375 1.0294 0.0294001 0.024835
0.953125 1.02848 0.0284841 0.0237895
0.953125 1.02848 0.0284841 0.0237895
0.96875 1.02779 0.0277907 0.0230273
0.96875 1.02779 0.0277907 0.0230273
0.984375 1.02736 0.027358 0.0225637
0.984375 1.02736 0.027358 0.0225637
1 1 0 0.0224081
