# x y topography analytical topography
0 1 0 0.0117347
0.015625 1.01687 0.0168683 0.0120816
0.015625 1.01687 0.0168683 0.0120816
0.03125 1.01753 0.017525 0.0130997
0.03125 1.01753 0.017525 0.0130997
0.046875 1.01866 0.0186552 0.014726
0.046875 1.01866 0.0186552 0.014726
0.0625 1.0202 0.0201994 0.0168668
0.0625 1.0202 0.0201994 0.0168668
0.078125 1.0221 0.0220989 0.0194122
0.078125 1.0221 0.0220989 0.0194122
0.09375 1.02429 0.0242942 0.0222501
0.09375 1.02429 0.0242942 0.0222501
0.109375 1.02673 0.0267254 0.0252777
0.109375 1.02673 0.0267254 0.0252777
0.125 1.02933 0.0293343 0.0284086
0.125 1.02933 0.0293343 0.0284086
0.140625 1.03207 0.0320662 0.0315756
0.140625 1.03207 0.0320662 0.0315756
0.15625 1.03487 0.0348715 0.0347289
0.15625 1.03487 0.0348715 0.0347289
0.171875 1.03771 0.0377069 0.0378338
0.171875 1.03771 0.0377069 0.0378338
0.1875 1.04054 0.0405353 0.0408662
0.1875 1.04054 0.0405353 0.0408662
0.203125 1.04333 0.0433258 0.0438095
0.203125 1.04333 0.0433258 0.0438095
0.21875 1.04605 0.0460535 0.0466516
0.21875 1.04605 0.0460535 0.0466516
0.234375 1.0487 0.0486982 0.0493832
0.234375 1.0487 0.0486982 0.0493832
0.25 1.05124 0.0512439 0.0519967
0.25 1.05124 0.0512439 0.0519967
0.265625 1.05368 0.0536778 0.0544852
0.265625 1.05368 0.0536778 0.0544852
0.28125 1.05599 0.0559895 0.0568426
0.28125 1.05599 0.0559895 0.0568426
0.296875 1.05817 0.0581707 0.0590631
0.296875 1.05817 0.0581707 0.0590631
0.3125 1.06021 0.0602143 0.0611414
0.3125 1.06021 0.0602143 0.0611414
0.328125 1.06211 0.0621142 0.0630723
0.328125 1.06211 0.0621142 0.0630723
0.34375 1.06387 0.0638653 0.0648513
0.34375 1.06387 0.0638653 0.0648513
0.359375 1.06546 0.0654629 0.066474
0.359375 1.06546 0.0654629 0.066474
0.375 1.0669 0.066903 0.0679366
0.375 1.0669 0.066903 0.0679366
0.390625 1.06818 0.0681821 0.0692356
0.390625 1.06818 0.0681821 0.0692356
0.40625 1.0693 0.069297 0.0703677
0.40625 1.0693 0.069297 0.0703677
0.421875 1.07024 0.0702449 0.0713304
0.421875 1.07024 0.0702449 0.0713304
0.4375 1.07102 0.0710237 0.0721211
0.4375 1.07102 0.0710237 0.0721211
0.453125 1.07163 0.0716313 0.0727382
0.453125 1.07163 0.0716313 0.0727382
0.46875 1.07207 0.0720664 0.07318
0.46875 1.07207 0.0720664 0.07318
0.484375 1.07233 0.0723279 0.0734455
0.484375 1.07233 0.0723279 0.0734455
0.5 1.07242 0.0724151 0.0735341
0.5 1.07242 0.0724151 0.0735341
0.515625 1.07233 0.0723279 0.0734455
0.515625 1.07233 0.0723279 0.0734455
0.53125 1.07207 0.0720664 0.07318
0.53125 1.07207 0.0720664 0.07318
0.546875 1.07163 0.0716313 0.0727382
0.546875 1.07163 0.0716313 0.0727382
0.5625 1.07102 0.0710237 0.0721211
0.5625 1.07102 0.0710237 0.0721211
0.578125 1.07024 0.0702449 0.0713304
0.578125 1.07024 0.0702449 0.0713304
0.59375 1.0693 0.069297 0.0703677
0.59375 1.0693 0.069297 0.0703677
0.609375 1.06818 0.0681821 0.0692356
0.609375 1.06818 0.0681821 0.0692356
0.625 1.0669 0.066903 0.0679366
0.625 1.0669 0.066903 0.0679366
0.640625 1.06546 0.0654629 0.066474
0.640625 1.06546 0.0654629 0.066474
0.65625 1.06387 0.0638653 0.0648513
0.65625 1.06387 0.0638653 0.0648513
0.671875 1.06211 0.0621142 0.0630723
0.671875 1.06211 0.0621142 0.0630723
0.6875 1.06021 0.0602143 0.0611414
0.6875 1.06021 0.0602143 0.0611414
0.703125 1.05817 0.0581707 0.0590631
0.703125 1.05817 0.0581707 0.0590631
0.71875 1.05599 0.0559895 0.0568426
0.71875 1.05599 0.0559895 0.0568426
0.734375 1.05368 0.0536778 0.0544852
0.734375 1.05368 0.0536778 0.0544852
0.75 1.05124 0.0512439 0.0519967
0.75 1.05124 0.0512439 0.0519967
0.765625 1.0487 0.0486982 0.0493832
0.765625 1.0487 0.0486982 0.0493832
0.78125 1.04605 0.0460535 0.0466516
0.78125 1.04605 0.0460535 0.0466516
0.796875 1.04333 0.0433258 0.0438095
0.796875 1.04333 0.0433258 0.0438095
0.8125 1.04054 0.0405353 0.0408662
0.8125 1.04054 0.0405353 0.0408662
0.828125 1.03771 0.0377069 0.0378338
0.828125 1.03771 0.0377069 0.0378338
0.84375 1.03487 0.0348715 0.0347289
0.84375 1.03487 0.0348715 0.0347289
0.859375 1.03207 0.0320662 0.0315756
0.859375 1.03207 0.0320662 0.0315756
0.875 1.02933 0.0293343 0.0284086
0.875 1.02933 0.0293343 0.0284086
0.890625 1.02673 0.0267254 0.0252777
0.890625 1.02673 0.0267254 0.0252777
0.90625 1.02429 0.0242942 0.0222501
0.90625 1.02429 0.0242942 0.0222501
0.921875 1.0221 0.0220989 0.0194122
0.921875 1.0221 0.0220989 0.0194122
0.9375 1.0202 0.0201994 0.0168668
0.9375 1.0202 0.0201994 0.0168668
0.953125 1.01866 0.0186552 0.014726
0.953125 1.01866 0.0186552 0.014726
0.96875 1.01753 0.017525 0.0130997
0.96875 1.01753 0.017525 0.0130997
0.984375 1.01687 0.0168683 0.0120816
0.984375 1.01687 0.0168683 0.0120816
1 1 0 0.0117347
