# x y topography analytical topography
0 1 0 0.0151071
0.015625 1.02053 0.0205301 0.0153673
0.015625 1.02053 0.0205301 0.0153673
0.03125 1.02108 0.0210821 0.0161375
0.03125 1.02108 0.0210821 0.0161375
0.046875 1.02201 0.02201 0.017387
0.046875 1.02201 0.02201 0.017387
0.0625 1.02327 0.0232675 0.0190682
0.0625 1.02327 0.0232675 0.0190682
0.078125 1.02481 0.024814 0.0211213
0.078125 1.02481 0.024814 0.0211213
0.09375 1.02661 0.0266106 0.0234787
0.09375 1.02661 0.0266106 0.0234787
0.109375 1.02862 0.0286187 0.0260711
0.109375 1.02862 0.0286187 0.0260711
0.125 1.0308 0.0308002 0.0288315
0.125 1.0308 0.0308002 0.0288315
0.140625 1.03312 0.0331175 0.0316987
0.140625 1.03312 0.0331175 0.0316987
0.15625 1.03553 0.0355345 0.0346193
0.15625 1.03553 0.0355345 0.0346193
0.171875 1.03802 0.0380168 0.0375488
0.171875 1.03802 0.0380168 0.0375488
0.1875 1.04053 0.0405325 0.0404511
0.1875 1.04053 0.0405325 0.0404511
0.203125 1.04305 0.0430522 0.0432978
0.203125 1.04305 0.0430522 0.0432978
0.21875 1.04555 0.0455496 0.0460669
0.21875 1.04555 0.0455496 0.0460669
0.234375 1.048 0.0480014 0.0487414
0.234375 1.048 0.0480014 0.0487414
0.25 1.05039 0.0503871 0.0513082
0.25 1.05039 0.0503871 0.0513082
0.265625 1.05269 0.0526891 0.0537571
0.265625 1.05269 0.0526891 0.0537571
0.28125 1.05489 0.0548924 0.0560795
0.28125 1.05489 0.0548924 0.0560795
0.296875 1.05698 0.0569842 0.0582684
0.296875 1.05698 0.0569842 0.0582684
0.3125 1.05895 0.0589537 0.0603179
0.3125 1.05895 0.0589537 0.0603179
0.328125 1.06079 0.0607918 0.0622224
0.328125 1.06079 0.0607918 0.0622224
0.34375 1.06249 0.0624908 0.0639773
0.34375 1.06249 0.0624908 0.0639773
0.359375 1.06404 0.0640443 0.0655781
0.359375 1.06404 0.0640443 0.0655781
0.375 1.06545 0.065447 0.0670209
0.375 1.06545 0.065447 0.0670209
0.390625 1.06669 0.0666943 0.0683024
0.390625 1.06669 0.0666943 0.0683024
0.40625 1.06778 0.0677824 0.0694192
0.40625 1.06778 0.0677824 0.0694192
0.421875 1.06871 0.0687081 0.0703689
0.421875 1.06871 0.0687081 0.0703689
0.4375 1.06947 0.0694689 0.071149
0.4375 1.06947 0.0694689 0.071149
0.453125 1.07006 0.0700627 0.0717577
0.453125 1.07006 0.0700627 0.0717577
0.46875 1.07049 0.070488 0.0721936
0.46875 1.07049 0.070488 0.0721936
0.484375 1.07074 0.0707436 0.0724555
0.484375 1.07074 0.0707436 0.0724555
0.5 1.07083 0.0708289 0.0725429
0.5 1.07083 0.0708289 0.0725429
0.515625 1.07074 0.0707436 0.0724555
0.515625 1.07074 0.0707436 0.0724555
0.53125 1.07049 0.070488 0.0721936
0.53125 1.07049 0.070488 0.0721936
0.546875 1.07006 0.0700627 0.0717577
0.546875 1.07006 0.0700627 0.0717577
0.5625 1.06947 0.0694689 0.071149
0.5625 1.06947 0.0694689 0.071149
0.578125 1.06871 0.0687081 0.0703689
0.578125 1.06871 0.0687081 0.0703689
0.59375 1.06778 0.0677824 0.0694192
0.59375 1.06778 0.0677824 0.0694192
0.609375 1.06669 0.0666943 0.0683024
0.609375 1.06669 0.0666943 0.0683024
0.625 1.06545 0.065447 0.0670209
0.625 1.06545 0.065447 0.0670209
0.640625 1.06404 0.0640443 0.0655781
0.640625 1.06404 0.0640443 0.0655781
0.65625 1.06249 0.0624908 0.0639773
0.65625 1.06249 0.0624908 0.0639773
0.671875 1.06079 0.0607918 0.0622224
0.671875 1.06079 0.0607918 0.0622224
0.6875 1.05895 0.0589537 0.0603179
0.6875 1.05895 0.0589537 0.0603179
0.703125 1.05698 0.0569842 0.0582684
0.703125 1.05698 0.0569842 0.0582684
0.71875 1.05489 0.0548924 0.0560795
0.71875 1.05489 0.0548924 0.0560795
0.734375 1.05269 0.0526891 0.0537571
0.734375 1.05269 0.0526891 0.0537571
0.75 1.05039 0.0503871 0.0513082
0.75 1.05039 0.0503871 0.0513082
0.765625 1.048 0.0480014 0.0487414
0.765625 1.048 0.0480014 0.0487414
0.78125 1.04555 0.0455496 0.0460669
0.78125 1.04555 0.0455496 0.0460669
0.796875 1.04305 0.0430522 0.0432978
0.796875 1.04305 0.0430522 0.0432978
0.8125 1.04053 0.0405325 0.0404511
0.8125 1.04053 0.0405325 0.0404511
0.828125 1.03802 0.0380168 0.0375488
0.828125 1.03802 0.0380168 0.0375488
0.84375 1.03553 0.0355345 0.0346193
0.84375 1.03553 0.0355345 0.0346193
0.859375 1.03312 0.0331175 0.0316987
0.859375 1.03312 0.0331175 0.0316987
0.875 1.0308 0.0308002 0.0288315
0.875 1.0308 0.0308002 0.0288315
0.890625 1.02862 0.0286187 0.0260711
0.890625 1.02862 0.0286187 0.0260711
0.90625 1.02661 0.0266106 0.0234787
0.90625 1.02661 0.0266106 0.0234787
0.921875 1.02481 0.024814 0.0211213
0.921875 1.02481 0.024814 0.0211213
0.9375 1.02327 0.0232675 0.0190682
0.9375 1.02327 0.0232675 0.0190682
0.953125 1.02201 0.02201 0.017387
0.953125 1.02201 0.02201 0.017387
0.96875 1.02108 0.0210821 0.0161375
0.96875 1.02108 0.0210821 0.0161375
0.984375 1.02053 0.0205301 0.0153673
0.984375 1.02053 0.0205301 0.0153673
1 1 0 0.0151071
