# x y topography analytical topography
0 1 0 0.0305826
0.015625 1.03293 0.0329313 0.0306724
0.015625 1.03293 0.0329313 0.0306724
0.03125 1.0333 0.0332993 0.0309409
0.03125 1.0333 0.0332993 0.0309409
0.046875 1.03386 0.0338643 0.0313845
0.046875 1.03386 0.0338643 0.0313845
0.0625 1.03459 0.0345903 0.0319975
0.0625 1.03459 0.0345903 0.0319975
0.078125 1.03545 0.035451 0.0327722
0.078125 1.03545 0.035451 0.0327722
0.09375 1.03643 0.0364255 0.0336988
0.09375 1.03643 0.0364255 0.0336988
0.109375 1.0375 0.0374959 0.0347659
0.109375 1.0375 0.0374959 0.0347659
0.125 1.03865 0.0386462 0.0359604
0.125 1.03865 0.0386462 0.0359604
0.140625 1.03986 0.0398619 0.037268
0.140625 1.03986 0.0398619 0.037268
0.15625 1.04113 0.0411293 0.0386732
0.15625 1.04113 0.0411293 0.0386732
0.171875 1.04244 0.0424357 0.0401599
0.171875 1.04244 0.0424357 0.0401599
0.1875 1.04377 0.0437687 0.0417114
0.1875 1.04377 0.0437687 0.0417114
0.203125 1.04512 0.0451167 0.0433107
0.203125 1.04512 0.0451167 0.0433107
0.21875 1.04647 0.0464684 0.0449407
0.21875 1.04647 0.0464684 0.0449407
0.234375 1.04781 0.047813 0.0465846
0.234375 1.04781 0.047813 0.0465846
0.25 1.04914 0.0491401 0.048226
0.25 1.04914 0.0491401 0.048226
0.265625 1.05044 0.05044 0.049849
0.265625 1.05044 0.05044 0.049849
0.28125 1.0517 0.051703 0.0514384
0.28125 1.0517 0.051703 0.0514384
0.296875 1.05292 0.0529202 0.0529798
0.296875 1.05292 0.0529202 0.0529798
0.3125 1.05408 0.0540831 0.0544598
0.3125 1.05408 0.0540831 0.0544598
0.328125 1.05518 0.0551837 0.055866
0.328125 1.05518 0.0551837 0.055866
0.34375 1.05621 0.0562145 0.0571869
0.34375 1.05621 0.0562145 0.0571869
0.359375 1.05717 0.0571686 0.0584122
0.359375 1.05717 0.0571686 0.0584122
0.375 1.05804 0.0580397 0.0595326
0.375 1.05804 0.0580397 0.0595326
0.390625 1.05882 0.0588221 0.06054
0.390625 1.05882 0.0588221 0.06054
0.40625 1.05951 0.0595107 0.0614271
0.40625 1.05951 0.0595107 0.0614271
0.421875 1.0601 0.060101 0.0621879
0.421875 1.0601 0.060101 0.0621879
0.4375 1.06059 0.0605892 0.0628172
0.4375 1.06059 0.0605892 0.0628172
0.453125 1.06097 0.0609722 0.063311
0.453125 1.06097 0.0609722 0.063311
0.46875 1.06125 0.0612475 0.0636659
0.46875 1.06125 0.0612475 0.0636659
0.484375 1.06141 0.0614134 0.0638797
0.484375 1.06141 0.0614134 0.0638797
0.5 1.06147 0.0614688 0.0639511
0.5 1.06147 0.0614688 0.0639511
0.515625 1.06141 0.0614134 0.0638797
0.515625 1.06141 0.0614134 0.0638797
0.53125 1.06125 0.0612475 0.0636659
0.53125 1.06125 0.0612475 0.0636659
0.546875 1.06097 0.0609722 0.063311
0.546875 1.06097 0.0609722 0.063311
0.5625 1.06059 0.0605892 0.0628172
0.5625 1.06059 0.0605892 0.0628172
0.578125 1.0601 0.060101 0.0621879
0.578125 1.0601 0.060101 0.0621879
0.59375 1.05951 0.0595107 0.0614271
0.59375 1.05951 0.0595107 0.0614271
0.609375 1.05882 0.0588221 0.06054
0.609375 1.05882 0.0588221 0.06054
0.625 1.05804 0.0580397 0.0595326
0.625 1.05804 0.0580397 0.0595326
0.640625 1.05717 0.0571686 0.0584122
0.640625 1.05717 0.0571686 0.0584122
0.65625 1.05621 0.0562145 0.0571869
0.65625 1.05621 0.0562145 0.0571869
0.671875 1.05518 0.0551837 0.055866
0.671875 1.05518 0.0551837 0.055866
0.6875 1.05408 0.0540831 0.0544598
0.6875 1.05408 0.0540831 0.0544598
0.703125 1.05292 0.0529202 0.0529798
0.703125 1.05292 0.0529202 0.0529798
0.71875 1.0517 0.051703 0.0514384
0.71875 1.0517 0.051703 0.0514384
0.734375 1.05044 0.05044 0.049849
0.734375 1.05044 0.05044 0.049849
0.75 1.04914 0.0491401 0.048226
0.75 1.04914 0.0491401 0.048226
0.765625 1.04781 0.047813 0.0465846
0.765625 1.04781 0.047813 0.0465846
0.78125 1.04647 0.0464684 0.0449407
0.78125 1.04647 0.0464684 0.0449407
0.796875 1.04512 0.0451167 0.0433107
0.796875 1.04512 0.0451167 0.0433107
0.8125 1.04377 0.0437687 0.0417114
0.8125 1.04377 0.0437687 0.0417114
0.828125 1.04244 0.0424357 0.0401599
0.828125 1.04244 0.0424357 0.0401599
0.84375 1.04113 0.0411293 0.0386732
0.84375 1.04113 0.0411293 0.0386732
0.859375 1.03986 0.0398619 0.037268
0.859375 1.03986 0.0398619 0.037268
0.875 1.03865 0.0386462 0.0359604
0.875 1.03865 0.0386462 0.0359604
0.890625 1.0375 0.0374959 0.0347659
0.890625 1.0375 0.0374959 0.0347659
0.90625 1.03643 0.0364255 0.0336988
0.90625 1.03643 0.0364255 0.0336988
0.921875 1.03545 0.035451 0.0327722
0.921875 1.03545 0.035451 0.0327722
0.9375 1.03459 0.0345903 0.0319975
0.9375 1.03459 0.0345903 0.0319975
0.953125 1.03386 0.0338643 0.0313845
0.953125 1.03386 0.0338643 0.0313845
0.96875 1.0333 0.0332993 0.0309409
0.96875 1.0333 0.0332993 0.0309409
0.984375 1.03293 0.0329313 0.0306724
0.984375 1.03293 0.0329313 0.0306724
1 1 0 0.0305826
