# x y topography analytical topography
0 1 0 0.0263258
0.015625 1.03032 0.030325 0.0264461
0.015625 1.03032 0.030325 0.0264461
0.03125 1.03072 0.0307212 0.026805
0.03125 1.03072 0.0307212 0.026805
0.046875 1.03134 0.0313423 0.0273969
0.046875 1.03134 0.0313423 0.0273969
0.0625 1.03215 0.0321514 0.0282124
0.0625 1.03215 0.0321514 0.0282124
0.078125 1.03312 0.0331213 0.0292389
0.078125 1.03312 0.0331213 0.0292389
0.09375 1.03423 0.0342295 0.0304609
0.09375 1.03423 0.0342295 0.0304609
0.109375 1.03546 0.0354565 0.0318602
0.109375 1.03546 0.0354565 0.0318602
0.125 1.03678 0.0367843 0.0334165
0.125 1.03678 0.0367843 0.0334165
0.140625 1.0382 0.0381961 0.035108
0.140625 1.0382 0.0381961 0.035108
0.15625 1.03968 0.039676 0.036912
0.15625 1.03968 0.039676 0.036912
0.171875 1.04121 0.0412084 0.0388049
0.171875 1.04121 0.0412084 0.0388049
0.1875 1.04278 0.0427785 0.0407633
0.1875 1.04278 0.0427785 0.0407633
0.203125 1.04437 0.0443719 0.0427641
0.203125 1.04437 0.0443719 0.0427641
0.21875 1.04597 0.0459745 0.0447848
0.21875 1.04597 0.0459745 0.0447848
0.234375 1.04757 0.0475729 0.046804
0.234375 1.04757 0.0475729 0.046804
0.25 1.04915 0.049154 0.0488016
0.25 1.04915 0.049154 0.0488016
0.265625 1.05071 0.0507053 0.0507587
0.265625 1.05071 0.0507053 0.0507587
0.28125 1.05221 0.0522149 0.0526582
0.28125 1.05221 0.0522149 0.0526582
0.296875 1.05367 0.0536715 0.0544845
0.296875 1.05367 0.0536715 0.0544845
0.3125 1.05506 0.0550644 0.0562234
0.3125 1.05506 0.0550644 0.0562234
0.328125 1.05638 0.0563835 0.0578626
0.328125 1.05638 0.0563835 0.0578626
0.34375 1.05762 0.0576197 0.0593911
0.34375 1.05762 0.0576197 0.0593911
0.359375 1.05876 0.0587643 0.0607992
0.359375 1.05876 0.0587643 0.0607992
0.375 1.05981 0.0598096 0.0620788
0.375 1.05981 0.0598096 0.0620788
0.390625 1.06075 0.0607485 0.0632228
0.390625 1.06075 0.0607485 0.0632228
0.40625 1.06157 0.0615749 0.0642253
0.40625 1.06157 0.0615749 0.0642253
0.421875 1.06228 0.0622833 0.0650813
0.421875 1.06228 0.0622833 0.0650813
0.4375 1.06287 0.0628691 0.0657868
0.4375 1.06287 0.0628691 0.0657868
0.453125 1.06333 0.0633287 0.0663387
0.453125 1.06333 0.0633287 0.0663387
0.46875 1.06366 0.063659 0.0667346
0.46875 1.06366 0.063659 0.0667346
0.484375 1.06386 0.0638581 0.0669728
0.484375 1.06386 0.0638581 0.0669728
0.5 1.06392 0.0639246 0.0670523
0.5 1.06392 0.0639246 0.0670523
0.515625 1.06386 0.0638581 0.0669728
0.515625 1.06386 0.0638581 0.0669728
0.53125 1.06366 0.063659 0.0667346
0.53125 1.06366 0.063659 0.0667346
0.546875 1.06333 0.0633287 0.0663387
0.546875 1.06333 0.0633287 0.0663387
0.5625 1.06287 0.0628691 0.0657868
0.5625 1.06287 0.0628691 0.0657868
0.578125 1.06228 0.0622833 0.0650813
0.578125 1.06228 0.0622833 0.0650813
0.59375 1.06157 0.0615749 0.0642253
0.59375 1.06157 0.0615749 0.0642253
0.609375 1.06075 0.0607485 0.0632228
0.609375 1.06075 0.0607485 0.0632228
0.625 1.05981 0.0598096 0.0620788
0.625 1.05981 0.0598096 0.0620788
0.640625 1.05876 0.0587643 0.0607992
0.640625 1.05876 0.0587643 0.0607992
0.65625 1.05762 0.0576197 0.0593911
0.65625 1.05762 0.0576197 0.0593911
0.671875 1.05638 0.0563835 0.0578626
0.671875 1.05638 0.0563835 0.0578626
0.6875 1.05506 0.0550644 0.0562234
0.6875 1.05506 0.0550644 0.0562234
0.703125 1.05367 0.0536715 0.0544845
0.703125 1.05367 0.0536715 0.0544845
0.71875 1.05221 0.0522149 0.0526582
0.71875 1.05221 0.0522149 0.0526582
0.734375 1.05071 0.0507053 0.0507587
0.734375 1.05071 0.0507053 0.0507587
0.75 1.04915 0.049154 0.0488016
0.75 1.04915 0.049154 0.0488016
0.765625 1.04757 0.0475729 0.046804
0.765625 1.04757 0.0475729 0.046804
0.78125 1.04597 0.0459745 0.0447848
0.78125 1.04597 0.0459745 0.0447848
0.796875 1.04437 0.0443719 0.0427641
0.796875 1.04437 0.0443719 0.0427641
0.8125 1.04278 0.0427785 0.0407633
0.8125 1.04278 0.0427785 0.0407633
0.828125 1.04121 0.0412084 0.0388049
0.828125 1.04121 0.0412084 0.0388049
0.84375 1.03968 0.039676 0.036912
0.84375 1.03968 0.039676 0.036912
0.859375 1.0382 0.0381961 0.035108
0.859375 1.0382 0.0381961 0.035108
0.875 1.03678 0.0367843 0.0334165
0.875 1.03678 0.0367843 0.0334165
0.890625 1.03546 0.0354565 0.0318602
0.890625 1.03546 0.0354565 0.0318602
0.90625 1.03423 0.0342295 0.0304609
0.90625 1.03423 0.0342295 0.0304609
0.921875 1.03312 0.0331213 0.0292389
0.921875 1.03312 0.0331213 0.0292389
0.9375 1.03215 0.0321514 0.0282124
0.9375 1.03215 0.0321514 0.0282124
0.953125 1.03134 0.0313423 0.0273969
0.953125 1.03134 0.0313423 0.0273969
0.96875 1.03072 0.0307212 0.026805
0.96875 1.03072 0.0307212 0.026805
0.984375 1.03032 0.030325 0.0264461
0.984375 1.03032 0.030325 0.0264461
1 1 0 0.0263258
