# x y topography
0 1.01812 0.0181166
0.015625 1.01858 0.0185758
0.015625 1.01858 0.0185758
0.03125 1.01938 0.0193757
0.03125 1.01938 0.0193757
0.046875 1.0205 0.0204999
0.046875 1.0205 0.0204999
0.0625 1.02192 0.0219249
0.0625 1.02192 0.0219249
0.078125 1.02362 0.0236216
0.078125 1.02362 0.0236216
0.09375 1.02556 0.025556
0.09375 1.02556 0.025556
0.109375 1.02769 0.0276916
0.109375 1.02769 0.0276916
0.125 1.02999 0.0299904
0.125 1.02999 0.0299904
0.140625 1.03241 0.032414
0.140625 1.03241 0.032414
0.15625 1.03493 0.0349256
0.15625 1.03493 0.0349256
0.171875 1.03749 0.0374902
0.171875 1.03749 0.0374902
0.1875 1.04008 0.0400756
0.1875 1.04008 0.0400756
0.203125 1.04265 0.042653
0.203125 1.04265 0.042653
0.21875 1.0452 0.0451966
0.21875 1.0452 0.0451966
0.234375 1.04768 0.0476842
0.234375 1.04768 0.0476842
0.25 1.0501 0.0500968
0.25 1.0501 0.0500968
0.265625 1.05242 0.052418
0.265625 1.05242 0.052418
0.28125 1.05463 0.0546342
0.28125 1.05463 0.0546342
0.296875 1.05673 0.056734
0.296875 1.05673 0.056734
0.3125 1.05871 0.0587076
0.3125 1.05871 0.0587076
0.328125 1.06055 0.060547
0.328125 1.06055 0.060547
0.34375 1.06225 0.0622455
0.34375 1.06225 0.0622455
0.359375 1.0638 0.0637972
0.359375 1.0638 0.0637972
0.375 1.0652 0.0651973
0.375 1.0652 0.0651973
0.390625 1.06644 0.0664417
0.390625 1.06644 0.0664417
0.40625 1.06753 0.0675269
0.40625 1.06753 0.0675269
0.421875 1.06845 0.0684499
0.421875 1.06845 0.0684499
0.4375 1.06921 0.0692083
0.4375 1.06921 0.0692083
0.453125 1.0698 0.0698002
0.453125 1.0698 0.0698002
0.46875 1.07022 0.070224
0.46875 1.07022 0.070224
0.484375 1.07048 0.0704787
0.484375 1.07048 0.0704787
0.5 1.07056 0.0705637
0.5 1.07056 0.0705637
0.515625 1.07048 0.0704787
0.515625 1.07048 0.0704787
0.53125 1.07022 0.070224
0.53125 1.07022 0.070224
0.546875 1.0698 0.0698002
0.546875 1.0698 0.0698002
0.5625 1.06921 0.0692083
0.5625 1.06921 0.0692083
0.578125 1.06845 0.0684499
0.578125 1.06845 0.0684499
0.59375 1.06753 0.0675269
0.59375 1.06753 0.0675269
0.609375 1.06644 0.0664417
0.609375 1.06644 0.0664417
0.625 1.0652 0.0651973
0.625 1.0652 0.0651973
0.640625 1.0638 0.0637972
0.640625 1.0638 0.0637972
0.65625 1.06225 0.0622455
0.65625 1.06225 0.0622455
0.671875 1.06055 0.060547
0.671875 1.06055 0.060547
0.6875 1.05871 0.0587076
0.6875 1.05871 0.0587076
0.703125 1.05673 0.056734
0.703125 1.05673 0.056734
0.71875 1.05463 0.0546342
0.71875 1.05463 0.0546342
0.734375 1.05242 0.052418
0.734375 1.05242 0.052418
0.75 1.0501 0.0500968
0.75 1.0501 0.0500968
0.765625 1.04768 0.0476842
0.765625 1.04768 0.0476842
0.78125 1.0452 0.0451966
0.78125 1.0452 0.0451966
0.796875 1.04265 0.042653
0.796875 1.04265 0.042653
0.8125 1.04008 0.0400756
0.8125 1.04008 0.0400756
0.828125 1.03749 0.0374902
0.828125 1.03749 0.0374902
0.84375 1.03493 0.0349256
0.84375 1.03493 0.0349256
0.859375 1.03241 0.032414
0.859375 1.03241 0.032414
0.875 1.02999 0.0299904
0.875 1.02999 0.0299904
0.890625 1.02769 0.0276916
0.890625 1.02769 0.0276916
0.90625 1.02556 0.025556
0.90625 1.02556 0.025556
0.921875 1.02362 0.0236216
0.921875 1.02362 0.0236216
0.9375 1.02192 0.0219249
0.9375 1.02192 0.0219249
0.953125 1.0205 0.0204999
0.953125 1.0205 0.0204999
0.96875 1.01938 0.0193757
0.96875 1.01938 0.0193757
0.984375 1.01858 0.0185758
0.984375 1.01858 0.0185758
1 1.01812 0.0181166
