# x y topography
0 1.0311 0.0311019
0.015625 1.03135 0.0313545
0.015625 1.03135 0.0313545
0.03125 1.03175 0.0317478
0.03125 1.03175 0.0317478
0.046875 1.03228 0.0322786
0.046875 1.03228 0.0322786
0.0625 1.03294 0.0329417
0.0625 1.03294 0.0329417
0.078125 1.03373 0.0337307
0.078125 1.03373 0.0337307
0.09375 1.03464 0.0346378
0.09375 1.03464 0.0346378
0.109375 1.03565 0.0356539
0.109375 1.03565 0.0356539
0.125 1.03677 0.0367689
0.125 1.03677 0.0367689
0.140625 1.03797 0.0379716
0.140625 1.03797 0.0379716
0.15625 1.03925 0.0392502
0.15625 1.03925 0.0392502
0.171875 1.04059 0.0405919
0.171875 1.04059 0.0405919
0.1875 1.04198 0.0419839
0.1875 1.04198 0.0419839
0.203125 1.04341 0.0434127
0.203125 1.04341 0.0434127
0.21875 1.04486 0.0448648
0.21875 1.04486 0.0448648
0.234375 1.04633 0.0463267
0.234375 1.04633 0.0463267
0.25 1.04779 0.0477851
0.25 1.04779 0.0477851
0.265625 1.04923 0.0492268
0.265625 1.04923 0.0492268
0.28125 1.05064 0.0506392
0.28125 1.05064 0.0506392
0.296875 1.05201 0.0520101
0.296875 1.05201 0.0520101
0.3125 1.05333 0.0533279
0.3125 1.05333 0.0533279
0.328125 1.05458 0.0545816
0.328125 1.05458 0.0545816
0.34375 1.05576 0.0557611
0.34375 1.05576 0.0557611
0.359375 1.05686 0.056857
0.359375 1.05686 0.056857
0.375 1.05786 0.0578608
0.375 1.05786 0.0578608
0.390625 1.05876 0.0587646
0.390625 1.05876 0.0587646
0.40625 1.05956 0.0595618
0.40625 1.05956 0.0595618
0.421875 1.06025 0.0602463
0.421875 1.06025 0.0602463
0.4375 1.06081 0.0608133
0.4375 1.06081 0.0608133
0.453125 1.06126 0.0612585
0.453125 1.06126 0.0612585
0.46875 1.06158 0.0615788
0.46875 1.06158 0.0615788
0.484375 1.06177 0.0617718
0.484375 1.06177 0.0617718
0.5 1.06184 0.0618363
0.5 1.06184 0.0618363
0.515625 1.06177 0.0617718
0.515625 1.06177 0.0617718
0.53125 1.06158 0.0615788
0.53125 1.06158 0.0615788
0.546875 1.06126 0.0612585
0.546875 1.06126 0.0612585
0.5625 1.06081 0.0608133
0.5625 1.06081 0.0608133
0.578125 1.06025 0.0602463
0.578125 1.06025 0.0602463
0.59375 1.05956 0.0595618
0.59375 1.05956 0.0595618
0.609375 1.05876 0.0587646
0.609375 1.05876 0.0587646
0.625 1.05786 0.0578608
0.625 1.05786 0.0578608
0.640625 1.05686 0.056857
0.640625 1.05686 0.056857
0.65625 1.05576 0.0557611
0.65625 1.05576 0.0557611
0.671875 1.05458 0.0545816
0.671875 1.05458 0.0545816
0.6875 1.05333 0.0533279
0.6875 1.05333 0.0533279
0.703125 1.05201 0.0520101
0.703125 1.05201 0.0520101
0.71875 1.05064 0.0506392
0.71875 1.05064 0.0506392
0.734375 1.04923 0.0492268
0.734375 1.04923 0.0492268
0.75 1.04779 0.0477851
0.75 1.04779 0.0477851
0.765625 1.04633 0.0463267
0.765625 1.04633 0.0463267
0.78125 1.04486 0.0448648
0.78125 1.04486 0.0448648
0.796875 1.04341 0.0434127
0.796875 1.04341 0.0434127
0.8125 1.04198 0.0419839
0.8125 1.04198 0.0419839
0.828125 1.04059 0.0405919
0.828125 1.04059 0.0405919
0.84375 1.03925 0.0392502
0.84375 1.03925 0.0392502
0.859375 1.03797 0.0379716
0.859375 1.03797 0.0379716
0.875 1.03677 0.0367689
0.875 1.03677 0.0367689
0.890625 1.03565 0.0356539
0.890625 1.03565 0.0356539
0.90625 1.03464 0.0346378
0.90625 1.03464 0.0346378
0.921875 1.03373 0.0337307
0.921875 1.03373 0.0337307
0.9375 1.03294 0.0329417
0.9375 1.03294 0.0329417
0.953125 1.03228 0.0322786
0.953125 1.03228 0.0322786
0.96875 1.03175 0.0317478
0.96875 1.03175 0.0317478
0.984375 1.03135 0.0313545
0.984375 1.03135 0.0313545
1 1.0311 0.0311019
