# x y topography
0 1.01641 0.0164094
0.015625 1.01691 0.0169124
0.015625 1.01691 0.0169124
0.03125 1.0178 0.0177975
0.03125 1.0178 0.0177975
0.046875 1.01904 0.0190432
0.046875 1.01904 0.0190432
0.0625 1.02062 0.0206193
0.0625 1.02062 0.0206193
0.078125 1.02249 0.0224885
0.078125 1.02249 0.0224885
0.09375 1.02461 0.0246087
0.09375 1.02461 0.0246087
0.109375 1.02694 0.0269351
0.109375 1.02694 0.0269351
0.125 1.02942 0.0294221
0.125 1.02942 0.0294221
0.140625 1.03203 0.0320257
0.140625 1.03203 0.0320257
0.15625 1.0347 0.0347042
0.15625 1.0347 0.0347042
0.171875 1.03742 0.0374197
0.171875 1.03742 0.0374197
0.1875 1.04014 0.0401386
0.1875 1.04014 0.0401386
0.203125 1.04283 0.0428317
0.203125 1.04283 0.0428317
0.21875 1.04547 0.0454742
0.21875 1.04547 0.0454742
0.234375 1.04805 0.0480452
0.234375 1.04805 0.0480452
0.25 1.05053 0.0505274
0.25 1.05053 0.0505274
0.265625 1.05291 0.0529066
0.265625 1.05291 0.0529066
0.28125 1.05517 0.0551709
0.28125 1.05517 0.0551709
0.296875 1.05731 0.0573108
0.296875 1.05731 0.0573108
0.3125 1.05932 0.059318
0.3125 1.05932 0.059318
0.328125 1.06119 0.0611857
0.328125 1.06119 0.0611857
0.34375 1.06291 0.0629082
0.34375 1.06291 0.0629082
0.359375 1.06448 0.0644805
0.359375 1.06448 0.0644805
0.375 1.0659 0.0658982
0.375 1.0659 0.0658982
0.390625 1.06716 0.0671576
0.390625 1.06716 0.0671576
0.40625 1.06826 0.0682554
0.40625 1.06826 0.0682554
0.421875 1.06919 0.069189
0.421875 1.06919 0.069189
0.4375 1.06996 0.0699559
0.4375 1.06996 0.0699559
0.453125 1.07055 0.0705544
0.453125 1.07055 0.0705544
0.46875 1.07098 0.0709829
0.46875 1.07098 0.0709829
0.484375 1.07124 0.0712405
0.484375 1.07124 0.0712405
0.5 1.07133 0.0713264
0.5 1.07133 0.0713264
0.515625 1.07124 0.0712405
0.515625 1.07124 0.0712405
0.53125 1.07098 0.0709829
0.53125 1.07098 0.0709829
0.546875 1.07055 0.0705544
0.546875 1.07055 0.0705544
0.5625 1.06996 0.0699559
0.5625 1.06996 0.0699559
0.578125 1.06919 0.069189
0.578125 1.06919 0.069189
0.59375 1.06826 0.0682554
0.59375 1.06826 0.0682554
0.609375 1.06716 0.0671576
0.609375 1.06716 0.0671576
0.625 1.0659 0.0658982
0.625 1.0659 0.0658982
0.640625 1.06448 0.0644805
0.640625 1.06448 0.0644805
0.65625 1.06291 0.0629082
0.65625 1.06291 0.0629082
0.671875 1.06119 0.0611857
0.671875 1.06119 0.0611857
0.6875 1.05932 0.059318
0.6875 1.05932 0.059318
0.703125 1.05731 0.0573108
0.703125 1.05731 0.0573108
0.71875 1.05517 0.0551709
0.71875 1.05517 0.0551709
0.734375 1.05291 0.0529066
0.734375 1.05291 0.0529066
0.75 1.05053 0.0505274
0.75 1.05053 0.0505274
0.765625 1.04805 0.0480452
0.765625 1.04805 0.0480452
0.78125 1.04547 0.0454742
0.78125 1.04547 0.0454742
0.796875 1.04283 0.0428317
0.796875 1.04283 0.0428317
0.8125 1.04014 0.0401386
0.8125 1.04014 0.0401386
0.828125 1.03742 0.0374197
0.828125 1.03742 0.0374197
0.84375 1.0347 0.0347042
0.84375 1.0347 0.0347042
0.859375 1.03203 0.0320257
0.859375 1.03203 0.0320257
0.875 1.02942 0.0294221
0.875 1.02942 0.0294221
0.890625 1.02694 0.0269351
0.890625 1.02694 0.0269351
0.90625 1.02461 0.0246087
0.90625 1.02461 0.0246087
0.921875 1.02249 0.0224885
0.921875 1.02249 0.0224885
0.9375 1.02062 0.0206193
0.9375 1.02062 0.0206193
0.953125 1.01904 0.0190432
0.953125 1.01904 0.0190432
0.96875 1.0178 0.0177975
0.96875 1.0178 0.0177975
0.984375 1.01691 0.0169124
0.984375 1.01691 0.0169124
1 1.01641 0.0164094
