# x y topography
0 1.00257 0.00256678
0.015625 1.0045 0.00450011
0.015625 1.0045 0.00450011
0.03125 1.00754 0.00754134
0.03125 1.00754 0.00754134
0.046875 1.01102 0.0110195
0.046875 1.01102 0.0110195
0.0625 1.0146 0.0146033
0.0625 1.0146 0.0146033
0.078125 1.01818 0.0181808
0.078125 1.01818 0.0181808
0.09375 1.02172 0.0217194
0.09375 1.02172 0.0217194
0.109375 1.02521 0.0252063
0.109375 1.02521 0.0252063
0.125 1.02863 0.0286326
0.125 1.02863 0.0286326
0.140625 1.03199 0.03199
0.140625 1.03199 0.03199
0.15625 1.03527 0.0352702
0.15625 1.03527 0.0352702
0.171875 1.03847 0.0384655
0.171875 1.03847 0.0384655
0.1875 1.04157 0.0415682
0.1875 1.04157 0.0415682
0.203125 1.04457 0.0445706
0.203125 1.04457 0.0445706
0.21875 1.04747 0.0474658
0.21875 1.04747 0.0474658
0.234375 1.05025 0.0502465
0.234375 1.05025 0.0502465
0.25 1.05291 0.0529062
0.25 1.05291 0.0529062
0.265625 1.05544 0.0554385
0.265625 1.05544 0.0554385
0.28125 1.05784 0.0578372
0.28125 1.05784 0.0578372
0.296875 1.0601 0.0600966
0.296875 1.0601 0.0600966
0.3125 1.06221 0.0622112
0.3125 1.06221 0.0622112
0.328125 1.06418 0.0641759
0.328125 1.06418 0.0641759
0.34375 1.06599 0.065986
0.34375 1.06599 0.065986
0.359375 1.06764 0.0676371
0.359375 1.06764 0.0676371
0.375 1.06913 0.0691253
0.375 1.06913 0.0691253
0.390625 1.07045 0.070447
0.390625 1.07045 0.070447
0.40625 1.0716 0.071599
0.40625 1.0716 0.071599
0.421875 1.07258 0.0725784
0.421875 1.07258 0.0725784
0.4375 1.07338 0.0733831
0.4375 1.07338 0.0733831
0.453125 1.07401 0.0740109
0.453125 1.07401 0.0740109
0.46875 1.07446 0.0744604
0.46875 1.07446 0.0744604
0.484375 1.07473 0.0747306
0.484375 1.07473 0.0747306
0.5 1.07482 0.0748207
0.5 1.07482 0.0748207
0.515625 1.07473 0.0747306
0.515625 1.07473 0.0747306
0.53125 1.07446 0.0744604
0.53125 1.07446 0.0744604
0.546875 1.07401 0.0740109
0.546875 1.07401 0.0740109
0.5625 1.07338 0.0733831
0.5625 1.07338 0.0733831
0.578125 1.07258 0.0725784
0.578125 1.07258 0.0725784
0.59375 1.0716 0.071599
0.59375 1.0716 0.071599
0.609375 1.07045 0.070447
0.609375 1.07045 0.070447
0.625 1.06913 0.0691253
0.625 1.06913 0.0691253
0.640625 1.06764 0.0676371
0.640625 1.06764 0.0676371
0.65625 1.06599 0.065986
0.65625 1.06599 0.065986
0.671875 1.06418 0.0641759
0.671875 1.06418 0.0641759
0.6875 1.06221 0.0622112
0.6875 1.06221 0.0622112
0.703125 1.0601 0.0600966
0.703125 1.0601 0.0600966
0.71875 1.05784 0.0578372
0.71875 1.05784 0.0578372
0.734375 1.05544 0.0554385
0.734375 1.05544 0.0554385
0.75 1.05291 0.0529062
0.75 1.05291 0.0529062
0.765625 1.05025 0.0502465
0.765625 1.05025 0.0502465
0.78125 1.04747 0.0474658
0.78125 1.04747 0.0474658
0.796875 1.04457 0.0445706
0.796875 1.04457 0.0445706
0.8125 1.04157 0.0415682
0.8125 1.04157 0.0415682
0.828125 1.03847 0.0384655
0.828125 1.03847 0.0384655
0.84375 1.03527 0.0352702
0.84375 1.03527 0.0352702
0.859375 1.03199 0.03199
0.859375 1.03199 0.03199
0.875 1.02863 0.0286326
0.875 1.02863 0.0286326
0.890625 1.02521 0.0252063
0.890625 1.02521 0.0252063
0.90625 1.02172 0.0217194
0.90625 1.02172 0.0217194
0.921875 1.01818 0.0181808
0.921875 1.01818 0.0181808
0.9375 1.0146 0.0146033
0.9375 1.0146 0.0146033
0.953125 1.01102 0.0110195
0.953125 1.01102 0.0110195
0.96875 1.00754 0.00754134
0.96875 1.00754 0.00754134
0.984375 1.0045 0.00450011
0.984375 1.0045 0.00450011
1 1.00257 0.00256678
