# x y topography
0 1.01738 0.0173827
0.015625 1.01786 0.0178599
0.015625 1.01786 0.0178599
0.03125 1.01869 0.0186948
0.03125 1.01869 0.0186948
0.046875 1.01987 0.0198692
0.046875 1.01987 0.0198692
0.0625 1.02136 0.0213569
0.0625 1.02136 0.0213569
0.078125 1.02313 0.0231255
0.078125 1.02313 0.0231255
0.09375 1.02514 0.0251379
0.09375 1.02514 0.0251379
0.109375 1.02735 0.0273541
0.109375 1.02735 0.0273541
0.125 1.02973 0.0297331
0.125 1.02973 0.0297331
0.140625 1.03223 0.0322341
0.140625 1.03223 0.0322341
0.15625 1.03482 0.0348182
0.15625 1.03482 0.0348182
0.171875 1.03745 0.037449
0.171875 1.03745 0.037449
0.1875 1.04009 0.0400936
0.1875 1.04009 0.0400936
0.203125 1.04272 0.0427228
0.203125 1.04272 0.0427228
0.21875 1.04531 0.0453112
0.21875 1.04531 0.0453112
0.234375 1.04784 0.0478369
0.234375 1.04784 0.0478369
0.25 1.05028 0.0502815
0.25 1.05028 0.0502815
0.265625 1.05263 0.0526296
0.265625 1.05263 0.0526296
0.28125 1.05487 0.0548682
0.28125 1.05487 0.0548682
0.296875 1.05699 0.0569866
0.296875 1.05699 0.0569866
0.3125 1.05898 0.0589759
0.3125 1.05898 0.0589759
0.328125 1.06083 0.0608284
0.328125 1.06083 0.0608284
0.34375 1.06254 0.062538
0.34375 1.06254 0.062538
0.359375 1.0641 0.0640992
0.359375 1.0641 0.0640992
0.375 1.06551 0.0655073
0.375 1.06551 0.0655073
0.390625 1.06676 0.0667585
0.390625 1.06676 0.0667585
0.40625 1.06785 0.0678495
0.40625 1.06785 0.0678495
0.421875 1.06878 0.0687772
0.421875 1.06878 0.0687772
0.4375 1.06954 0.0695395
0.4375 1.06954 0.0695395
0.453125 1.07013 0.0701343
0.453125 1.07013 0.0701343
0.46875 1.07056 0.0705602
0.46875 1.07056 0.0705602
0.484375 1.07082 0.0708162
0.484375 1.07082 0.0708162
0.5 1.0709 0.0709016
0.5 1.0709 0.0709016
0.515625 1.07082 0.0708162
0.515625 1.07082 0.0708162
0.53125 1.07056 0.0705602
0.53125 1.07056 0.0705602
0.546875 1.07013 0.0701343
0.546875 1.07013 0.0701343
0.5625 1.06954 0.0695395
0.5625 1.06954 0.0695395
0.578125 1.06878 0.0687772
0.578125 1.06878 0.0687772
0.59375 1.06785 0.0678495
0.59375 1.06785 0.0678495
0.609375 1.06676 0.0667585
0.609375 1.06676 0.0667585
0.625 1.06551 0.0655073
0.625 1.06551 0.0655073
0.640625 1.0641 0.0640992
0.640625 1.0641 0.0640992
0.65625 1.06254 0.062538
0.65625 1.06254 0.062538
0.671875 1.06083 0.0608284
0.671875 1.06083 0.0608284
0.6875 1.05898 0.0589759
0.6875 1.05898 0.0589759
0.703125 1.05699 0.0569866
0.703125 1.05699 0.0569866
0.71875 1.05487 0.0548682
0.71875 1.05487 0.0548682
0.734375 1.05263 0.0526296
0.734375 1.05263 0.0526296
0.75 1.05028 0.0502815
0.75 1.05028 0.0502815
0.765625 1.04784 0.0478369
0.765625 1.04784 0.0478369
0.78125 1.04531 0.0453112
0.78125 1.04531 0.0453112
0.796875 1.04272 0.0427228
0.796875 1.04272 0.0427228
0.8125 1.04009 0.0400936
0.8125 1.04009 0.0400936
0.828125 1.03745 0.037449
0.828125 1.03745 0.037449
0.84375 1.03482 0.0348182
0.84375 1.03482 0.0348182
0.859375 1.03223 0.0322341
0.859375 1.03223 0.0322341
0.875 1.02973 0.0297331
0.875 1.02973 0.0297331
0.890625 1.02735 0.0273541
0.890625 1.02735 0.0273541
0.90625 1.02514 0.0251379
0.90625 1.02514 0.0251379
0.921875 1.02313 0.0231255
0.921875 1.02313 0.0231255
0.9375 1.02136 0.0213569
0.9375 1.02136 0.0213569
0.953125 1.01987 0.0198692
0.953125 1.01987 0.0198692
0.96875 1.01869 0.0186948
0.96875 1.01869 0.0186948
0.984375 1.01786 0.0178599
0.984375 1.01786 0.0178599
1 1.01738 0.0173827
