# x y topography
0 1.02601 0.0260065
0.015625 1.02632 0.026323
0.015625 1.02632 0.026323
0.03125 1.02684 0.0268428
0.03125 1.02684 0.0268428
0.046875 1.02756 0.0275601
0.046875 1.02756 0.0275601
0.0625 1.02847 0.0284661
0.0625 1.02847 0.0284661
0.078125 1.02955 0.0295497
0.078125 1.02955 0.0295497
0.09375 1.0308 0.0307975
0.09375 1.0308 0.0307975
0.109375 1.03219 0.0321941
0.109375 1.03219 0.0321941
0.125 1.03372 0.0337226
0.125 1.03372 0.0337226
0.140625 1.03536 0.0353649
0.140625 1.03536 0.0353649
0.15625 1.0371 0.0371018
0.15625 1.0371 0.0371018
0.171875 1.03891 0.0389138
0.171875 1.03891 0.0389138
0.1875 1.04078 0.0407811
0.1875 1.04078 0.0407811
0.203125 1.04268 0.042684
0.203125 1.04268 0.042684
0.21875 1.0446 0.0446032
0.21875 1.0446 0.0446032
0.234375 1.04652 0.0465201
0.234375 1.04652 0.0465201
0.25 1.04842 0.0484167
0.25 1.04842 0.0484167
0.265625 1.05028 0.0502765
0.265625 1.05028 0.0502765
0.28125 1.05208 0.0520835
0.28125 1.05208 0.0520835
0.296875 1.05382 0.0538233
0.296875 1.05382 0.0538233
0.3125 1.05548 0.0554826
0.3125 1.05548 0.0554826
0.328125 1.05705 0.0570494
0.328125 1.05705 0.0570494
0.34375 1.05851 0.0585129
0.34375 1.05851 0.0585129
0.359375 1.05986 0.0598636
0.359375 1.05986 0.0598636
0.375 1.06109 0.0610929
0.375 1.06109 0.0610929
0.390625 1.06219 0.0621937
0.390625 1.06219 0.0621937
0.40625 1.06316 0.0631596
0.40625 1.06316 0.0631596
0.421875 1.06399 0.0639854
0.421875 1.06399 0.0639854
0.4375 1.06467 0.0646668
0.4375 1.06467 0.0646668
0.453125 1.0652 0.0652003
0.453125 1.0652 0.0652003
0.46875 1.06558 0.0655832
0.46875 1.06558 0.0655832
0.484375 1.06581 0.0658137
0.484375 1.06581 0.0658137
0.5 1.06589 0.0658906
0.5 1.06589 0.0658906
0.515625 1.06581 0.0658137
0.515625 1.06581 0.0658137
0.53125 1.06558 0.0655832
0.53125 1.06558 0.0655832
0.546875 1.0652 0.0652003
0.546875 1.0652 0.0652003
0.5625 1.06467 0.0646668
0.5625 1.06467 0.0646668
0.578125 1.06399 0.0639854
0.578125 1.06399 0.0639854
0.59375 1.06316 0.0631596
0.59375 1.06316 0.0631596
0.609375 1.06219 0.0621937
0.609375 1.06219 0.0621937
0.625 1.06109 0.0610929
0.625 1.06109 0.0610929
0.640625 1.05986 0.0598636
0.640625 1.05986 0.0598636
0.65625 1.05851 0.0585129
0.65625 1.05851 0.0585129
0.671875 1.05705 0.0570494
0.671875 1.05705 0.0570494
0.6875 1.05548 0.0554826
0.6875 1.05548 0.0554826
0.703125 1.05382 0.0538233
0.703125 1.05382 0.0538233
0.71875 1.05208 0.0520835
0.71875 1.05208 0.0520835
0.734375 1.05028 0.0502765
0.734375 1.05028 0.0502765
0.75 1.04842 0.0484167
0.75 1.04842 0.0484167
0.765625 1.04652 0.0465201
0.765625 1.04652 0.0465201
0.78125 1.0446 0.0446032
0.78125 1.0446 0.0446032
0.796875 1.04268 0.042684
0.796875 1.04268 0.042684
0.8125 1.04078 0.0407811
0.8125 1.04078 0.0407811
0.828125 1.03891 0.0389138
0.828125 1.03891 0.0389138
0.84375 1.0371 0.0371018
0.84375 1.0371 0.0371018
0.859375 1.03536 0.0353649
0.859375 1.03536 0.0353649
0.875 1.03372 0.0337226
0.875 1.03372 0.0337226
0.890625 1.03219 0.0321941
0.890625 1.03219 0.0321941
0.90625 1.0308 0.0307975
0.90625 1.0308 0.0307975
0.921875 1.02955 0.0295497
0.921875 1.02955 0.0295497
0.9375 1.02847 0.0284661
0.9375 1.02847 0.0284661
0.953125 1.02756 0.0275601
0.953125 1.02756 0.0275601
0.96875 1.02684 0.0268428
0.96875 1.02684 0.0268428
0.984375 1.02632 0.026323
0.984375 1.02632 0.026323
1 1.02601 0.0260065
