# x y topography
0 1.00824 0.00823833
0.015625 1.00913 0.00913018
0.015625 1.00913 0.00913018
0.03125 1.01074 0.0107387
0.03125 1.01074 0.0107387
0.046875 1.01295 0.0129487
0.046875 1.01295 0.0129487
0.0625 1.01562 0.0156188
0.0625 1.01562 0.0156188
0.078125 1.01861 0.0186066
0.078125 1.01861 0.0186066
0.09375 1.02179 0.0217874
0.09375 1.02179 0.0217874
0.109375 1.02506 0.0250629
0.109375 1.02506 0.0250629
0.125 1.02836 0.0283628
0.125 1.02836 0.0283628
0.140625 1.03164 0.0316397
0.140625 1.03164 0.0316397
0.15625 1.03486 0.0348629
0.15625 1.03486 0.0348629
0.171875 1.03801 0.0380127
0.171875 1.03801 0.0380127
0.1875 1.04108 0.0410755
0.1875 1.04108 0.0410755
0.203125 1.04404 0.0440412
0.203125 1.04404 0.0440412
0.21875 1.0469 0.0469014
0.21875 1.0469 0.0469014
0.234375 1.04965 0.049649
0.234375 1.04965 0.049649
0.25 1.05228 0.0522771
0.25 1.05228 0.0522771
0.265625 1.05478 0.0547792
0.265625 1.05478 0.0547792
0.28125 1.05715 0.0571494
0.28125 1.05715 0.0571494
0.296875 1.05938 0.0593819
0.296875 1.05938 0.0593819
0.3125 1.06147 0.0614713
0.3125 1.06147 0.0614713
0.328125 1.06341 0.0634126
0.328125 1.06341 0.0634126
0.34375 1.0652 0.0652012
0.34375 1.0652 0.0652012
0.359375 1.06683 0.0668327
0.359375 1.06683 0.0668327
0.375 1.0683 0.0683032
0.375 1.0683 0.0683032
0.390625 1.06961 0.0696092
0.390625 1.06961 0.0696092
0.40625 1.07075 0.0707475
0.40625 1.07075 0.0707475
0.421875 1.07172 0.0717153
0.421875 1.07172 0.0717153
0.4375 1.07251 0.0725103
0.4375 1.07251 0.0725103
0.453125 1.07313 0.0731307
0.453125 1.07313 0.0731307
0.46875 1.07357 0.0735749
0.46875 1.07357 0.0735749
0.484375 1.07384 0.0738418
0.484375 1.07384 0.0738418
0.5 1.07393 0.0739309
0.5 1.07393 0.0739309
0.515625 1.07384 0.0738418
0.515625 1.07384 0.0738418
0.53125 1.07357 0.0735749
0.53125 1.07357 0.0735749
0.546875 1.07313 0.0731307
0.546875 1.07313 0.0731307
0.5625 1.07251 0.0725103
0.5625 1.07251 0.0725103
0.578125 1.07172 0.0717153
0.578125 1.07172 0.0717153
0.59375 1.07075 0.0707475
0.59375 1.07075 0.0707475
0.609375 1.06961 0.0696092
0.609375 1.06961 0.0696092
0.625 1.0683 0.0683032
0.625 1.0683 0.0683032
0.640625 1.06683 0.0668327
0.640625 1.06683 0.0668327
0.65625 1.0652 0.0652012
0.65625 1.0652 0.0652012
0.671875 1.06341 0.0634126
0.671875 1.06341 0.0634126
0.6875 1.06147 0.0614713
0.6875 1.06147 0.0614713
0.703125 1.05938 0.0593819
0.703125 1.05938 0.0593819
0.71875 1.05715 0.0571494
0.71875 1.05715 0.0571494
0.734375 1.05478 0.0547792
0.734375 1.05478 0.0547792
0.75 1.05228 0.0522771
0.75 1.05228 0.0522771
0.765625 1.04965 0.049649
0.765625 1.04965 0.049649
0.78125 1.0469 0.0469014
0.78125 1.0469 0.0469014
0.796875 1.04404 0.0440412
0.796875 1.04404 0.0440412
0.8125 1.04108 0.0410755
0.8125 1.04108 0.0410755
0.828125 1.03801 0.0380127
0.828125 1.03801 0.0380127
0.84375 1.03486 0.0348629
0.84375 1.03486 0.0348629
0.859375 1.03164 0.0316397
0.859375 1.03164 0.0316397
0.875 1.02836 0.0283628
0.875 1.02836 0.0283628
0.890625 1.02506 0.0250629
0.890625 1.02506 0.0250629
0.90625 1.02179 0.0217874
0.90625 1.02179 0.0217874
0.921875 1.01861 0.0186066
0.921875 1.01861 0.0186066
0.9375 1.01562 0.0156188
0.9375 1.01562 0.0156188
0.953125 1.01295 0.0129487
0.953125 1.01295 0.0129487
0.96875 1.01074 0.0107387
0.96875 1.01074 0.0107387
0.984375 1.00913 0.00913018
0.984375 1.00913 0.00913018
1 1.00824 0.00823833
