# x y topography
0 1.02348 0.023475
0.015625 1.02383 0.0238296
0.015625 1.02383 0.0238296
0.03125 1.02442 0.0244246
0.03125 1.02442 0.0244246
0.046875 1.02525 0.025252
0.046875 1.02525 0.025252
0.0625 1.0263 0.0263003
0.0625 1.0263 0.0263003
0.078125 1.02755 0.0275544
0.078125 1.02755 0.0275544
0.09375 1.029 0.0289966
0.09375 1.029 0.0289966
0.109375 1.03061 0.030607
0.109375 1.03061 0.030607
0.125 1.03236 0.0323635
0.125 1.03236 0.0323635
0.140625 1.03424 0.0342432
0.140625 1.03424 0.0342432
0.15625 1.03622 0.0362221
0.15625 1.03622 0.0362221
0.171875 1.03828 0.0382762
0.171875 1.03828 0.0382762
0.1875 1.04038 0.0403817
0.1875 1.04038 0.0403817
0.203125 1.04252 0.0425155
0.203125 1.04252 0.0425155
0.21875 1.04466 0.0446553
0.21875 1.04466 0.0446553
0.234375 1.04678 0.0467803
0.234375 1.04678 0.0467803
0.25 1.04887 0.0488709
0.25 1.04887 0.0488709
0.265625 1.05091 0.0509094
0.265625 1.05091 0.0509094
0.28125 1.05288 0.0528795
0.28125 1.05288 0.0528795
0.296875 1.05477 0.0547664
0.296875 1.05477 0.0547664
0.3125 1.05656 0.0565573
0.3125 1.05656 0.0565573
0.328125 1.05824 0.0582406
0.328125 1.05824 0.0582406
0.34375 1.05981 0.0598062
0.34375 1.05981 0.0598062
0.359375 1.06125 0.0612455
0.359375 1.06125 0.0612455
0.375 1.06255 0.062551
0.375 1.06255 0.062551
0.390625 1.06372 0.0637164
0.390625 1.06372 0.0637164
0.40625 1.06474 0.0647362
0.40625 1.06474 0.0647362
0.421875 1.06561 0.0656061
0.421875 1.06561 0.0656061
0.4375 1.06632 0.0663225
0.4375 1.06632 0.0663225
0.453125 1.06688 0.0668826
0.453125 1.06688 0.0668826
0.46875 1.06728 0.0672841
0.46875 1.06728 0.0672841
0.484375 1.06753 0.0675256
0.484375 1.06753 0.0675256
0.5 1.06761 0.0676062
0.5 1.06761 0.0676062
0.515625 1.06753 0.0675256
0.515625 1.06753 0.0675256
0.53125 1.06728 0.0672841
0.53125 1.06728 0.0672841
0.546875 1.06688 0.0668826
0.546875 1.06688 0.0668826
0.5625 1.06632 0.0663225
0.5625 1.06632 0.0663225
0.578125 1.06561 0.0656061
0.578125 1.06561 0.0656061
0.59375 1.06474 0.0647362
0.59375 1.06474 0.0647362
0.609375 1.06372 0.0637164
0.609375 1.06372 0.0637164
0.625 1.06255 0.062551
0.625 1.06255 0.062551
0.640625 1.06125 0.0612455
0.640625 1.06125 0.0612455
0.65625 1.05981 0.0598062
0.65625 1.05981 0.0598062
0.671875 1.05824 0.0582406
0.671875 1.05824 0.0582406
0.6875 1.05656 0.0565573
0.6875 1.05656 0.0565573
0.703125 1.05477 0.0547664
0.703125 1.05477 0.0547664
0.71875 1.05288 0.0528795
0.71875 1.05288 0.0528795
0.734375 1.05091 0.0509094
0.734375 1.05091 0.0509094
0.75 1.04887 0.0488709
0.75 1.04887 0.0488709
0.765625 1.04678 0.0467803
0.765625 1.04678 0.0467803
0.78125 1.04466 0.0446553
0.78125 1.04466 0.0446553
0.796875 1.04252 0.0425155
0.796875 1.04252 0.0425155
0.8125 1.04038 0.0403817
0.8125 1.04038 0.0403817
0.828125 1.03828 0.0382762
0.828125 1.03828 0.0382762
0.84375 1.03622 0.0362221
0.84375 1.03622 0.0362221
0.859375 1.03424 0.0342432
0.859375 1.03424 0.0342432
0.875 1.03236 0.0323635
0.875 1.03236 0.0323635
0.890625 1.03061 0.030607
0.890625 1.03061 0.030607
0.90625 1.029 0.0289966
0.90625 1.029 0.0289966
0.921875 1.02755 0.0275544
0.921875 1.02755 0.0275544
0.9375 1.0263 0.0263003
0.9375 1.0263 0.0263003
0.953125 1.02525 0.025252
0.953125 1.02525 0.025252
0.96875 1.02442 0.0244246
0.96875 1.02442 0.0244246
0.984375 1.02383 0.0238296
0.984375 1.02383 0.0238296
1 1.02348 0.023475
