# x y topography
0 1.02309 0.0230942
0.015625 1.02346 0.023455
0.015625 1.02346 0.023455
0.03125 1.02406 0.0240623
0.03125 1.02406 0.0240623
0.046875 1.02491 0.0249077
0.046875 1.02491 0.0249077
0.0625 1.02598 0.0259789
0.0625 1.02598 0.0259789
0.078125 1.02726 0.0272605
0.078125 1.02726 0.0272605
0.09375 1.02873 0.0287338
0.09375 1.02873 0.0287338
0.109375 1.03038 0.0303781
0.109375 1.03038 0.0303781
0.125 1.03217 0.0321704
0.125 1.03217 0.0321704
0.140625 1.03409 0.034087
0.140625 1.03409 0.034087
0.15625 1.0361 0.0361031
0.15625 1.0361 0.0361031
0.171875 1.03819 0.0381939
0.171875 1.03819 0.0381939
0.1875 1.04034 0.040335
0.1875 1.04034 0.040335
0.203125 1.0425 0.0425028
0.203125 1.0425 0.0425028
0.21875 1.04467 0.0446746
0.21875 1.04467 0.0446746
0.234375 1.04683 0.0468293
0.234375 1.04683 0.0468293
0.25 1.04895 0.0489472
0.25 1.04895 0.0489472
0.265625 1.05101 0.0510104
0.265625 1.05101 0.0510104
0.28125 1.053 0.0530026
0.28125 1.053 0.0530026
0.296875 1.05491 0.0549093
0.296875 1.05491 0.0549093
0.3125 1.05672 0.0567174
0.3125 1.05672 0.0567174
0.328125 1.05842 0.0584158
0.328125 1.05842 0.0584158
0.34375 1.05999 0.0599944
0.34375 1.05999 0.0599944
0.359375 1.06144 0.0614449
0.359375 1.06144 0.0614449
0.375 1.06276 0.0627598
0.375 1.06276 0.0627598
0.390625 1.06393 0.0639331
0.390625 1.06393 0.0639331
0.40625 1.06496 0.0649595
0.40625 1.06496 0.0649595
0.421875 1.06583 0.0658348
0.421875 1.06583 0.0658348
0.4375 1.06656 0.0665554
0.4375 1.06656 0.0665554
0.453125 1.06712 0.0671186
0.453125 1.06712 0.0671186
0.46875 1.06752 0.0675224
0.46875 1.06752 0.0675224
0.484375 1.06777 0.0677652
0.484375 1.06777 0.0677652
0.5 1.06785 0.0678462
0.5 1.06785 0.0678462
0.515625 1.06777 0.0677652
0.515625 1.06777 0.0677652
0.53125 1.06752 0.0675224
0.53125 1.06752 0.0675224
0.546875 1.06712 0.0671186
0.546875 1.06712 0.0671186
0.5625 1.06656 0.0665554
0.5625 1.06656 0.0665554
0.578125 1.06583 0.0658348
0.578125 1.06583 0.0658348
0.59375 1.06496 0.0649595
0.59375 1.06496 0.0649595
0.609375 1.06393 0.0639331
0.609375 1.06393 0.0639331
0.625 1.06276 0.0627598
0.625 1.06276 0.0627598
0.640625 1.06144 0.0614449
0.640625 1.06144 0.0614449
0.65625 1.05999 0.0599944
0.65625 1.05999 0.0599944
0.671875 1.05842 0.0584158
0.671875 1.05842 0.0584158
0.6875 1.05672 0.0567174
0.6875 1.05672 0.0567174
0.703125 1.05491 0.0549093
0.703125 1.05491 0.0549093
0.71875 1.053 0.0530026
0.71875 1.053 0.0530026
0.734375 1.05101 0.0510104
0.734375 1.05101 0.0510104
0.75 1.04895 0.0489472
0.75 1.04895 0.0489472
0.765625 1.04683 0.0468293
0.765625 1.04683 0.0468293
0.78125 1.04467 0.0446746
0.78125 1.04467 0.0446746
0.796875 1.0425 0.0425028
0.796875 1.0425 0.0425028
0.8125 1.04034 0.040335
0.8125 1.04034 0.040335
0.828125 1.03819 0.0381939
0.828125 1.03819 0.0381939
0.84375 1.0361 0.0361031
0.84375 1.0361 0.0361031
0.859375 1.03409 0.034087
0.859375 1.03409 0.034087
0.875 1.03217 0.0321704
0.875 1.03217 0.0321704
0.890625 1.03038 0.0303781
0.890625 1.03038 0.0303781
0.90625 1.02873 0.0287338
0.90625 1.02873 0.0287338
0.921875 1.02726 0.0272605
0.921875 1.02726 0.0272605
0.9375 1.02598 0.0259789
0.9375 1.02598 0.0259789
0.953125 1.02491 0.0249077
0.953125 1.02491 0.0249077
0.96875 1.02406 0.0240623
0.96875 1.02406 0.0240623
0.984375 1.02346 0.023455
0.984375 1.02346 0.023455
1 1.02309 0.0230942
