# x y topography
0 1.00343 0.00342669
0.015625 1.00507 0.00506683
0.015625 1.00507 0.00506683
0.03125 1.0078 0.0077992
0.03125 1.0078 0.0077992
0.046875 1.0111 0.0110992
0.046875 1.0111 0.0110992
0.0625 1.01461 0.014611
0.0625 1.01461 0.014611
0.078125 1.01816 0.0181646
0.078125 1.01816 0.0181646
0.09375 1.02169 0.0216944
0.09375 1.02169 0.0216944
0.109375 1.02518 0.0251764
0.109375 1.02518 0.0251764
0.125 1.0286 0.0285984
0.125 1.0286 0.0285984
0.140625 1.03195 0.0319517
0.140625 1.03195 0.0319517
0.15625 1.03523 0.0352281
0.15625 1.03523 0.0352281
0.171875 1.03842 0.0384195
0.171875 1.03842 0.0384195
0.1875 1.04152 0.0415185
0.1875 1.04152 0.0415185
0.203125 1.04452 0.0445173
0.203125 1.04452 0.0445173
0.21875 1.04741 0.047409
0.21875 1.04741 0.047409
0.234375 1.05019 0.0501864
0.234375 1.05019 0.0501864
0.25 1.05284 0.052843
0.25 1.05284 0.052843
0.265625 1.05537 0.0553722
0.265625 1.05537 0.0553722
0.28125 1.05777 0.057768
0.28125 1.05777 0.057768
0.296875 1.06002 0.0600247
0.296875 1.06002 0.0600247
0.3125 1.06214 0.0621368
0.3125 1.06214 0.0621368
0.328125 1.0641 0.0640991
0.328125 1.0641 0.0640991
0.34375 1.06591 0.0659071
0.34375 1.06591 0.0659071
0.359375 1.06756 0.0675562
0.359375 1.06756 0.0675562
0.375 1.06904 0.0690427
0.375 1.06904 0.0690427
0.390625 1.07036 0.0703628
0.390625 1.07036 0.0703628
0.40625 1.07151 0.0715133
0.40625 1.07151 0.0715133
0.421875 1.07249 0.0724916
0.421875 1.07249 0.0724916
0.4375 1.0733 0.0732953
0.4375 1.0733 0.0732953
0.453125 1.07392 0.0739224
0.453125 1.07392 0.0739224
0.46875 1.07437 0.0743714
0.46875 1.07437 0.0743714
0.484375 1.07464 0.0746412
0.484375 1.07464 0.0746412
0.5 1.07473 0.0747312
0.5 1.07473 0.0747312
0.515625 1.07464 0.0746412
0.515625 1.07464 0.0746412
0.53125 1.07437 0.0743714
0.53125 1.07437 0.0743714
0.546875 1.07392 0.0739224
0.546875 1.07392 0.0739224
0.5625 1.0733 0.0732953
0.5625 1.0733 0.0732953
0.578125 1.07249 0.0724916
0.578125 1.07249 0.0724916
0.59375 1.07151 0.0715133
0.59375 1.07151 0.0715133
0.609375 1.07036 0.0703628
0.609375 1.07036 0.0703628
0.625 1.06904 0.0690427
0.625 1.06904 0.0690427
0.640625 1.06756 0.0675562
0.640625 1.06756 0.0675562
0.65625 1.06591 0.0659071
0.65625 1.06591 0.0659071
0.671875 1.0641 0.0640991
0.671875 1.0641 0.0640991
0.6875 1.06214 0.0621368
0.6875 1.06214 0.0621368
0.703125 1.06002 0.0600247
0.703125 1.06002 0.0600247
0.71875 1.05777 0.057768
0.71875 1.05777 0.057768
0.734375 1.05537 0.0553722
0.734375 1.05537 0.0553722
0.75 1.05284 0.052843
0.75 1.05284 0.052843
0.765625 1.05019 0.0501864
0.765625 1.05019 0.0501864
0.78125 1.04741 0.047409
0.78125 1.04741 0.047409
0.796875 1.04452 0.0445173
0.796875 1.04452 0.0445173
0.8125 1.04152 0.0415185
0.8125 1.04152 0.0415185
0.828125 1.03842 0.0384195
0.828125 1.03842 0.0384195
0.84375 1.03523 0.0352281
0.84375 1.03523 0.0352281
0.859375 1.03195 0.0319517
0.859375 1.03195 0.0319517
0.875 1.0286 0.0285984
0.875 1.0286 0.0285984
0.890625 1.02518 0.0251764
0.890625 1.02518 0.0251764
0.90625 1.02169 0.0216944
0.90625 1.02169 0.0216944
0.921875 1.01816 0.0181646
0.921875 1.01816 0.0181646
0.9375 1.01461 0.014611
0.9375 1.01461 0.014611
0.953125 1.0111 0.0110992
0.953125 1.0111 0.0110992
0.96875 1.0078 0.0077992
0.96875 1.0078 0.0077992
0.984375 1.00507 0.00506683
0.984375 1.00507 0.00506683
1 1.00343 0.00342669
