# x y topography
0 1.0316 0.0316033
0.015625 1.03185 0.0318503
0.015625 1.03185 0.0318503
0.03125 1.03223 0.0322325
0.03125 1.03223 0.0322325
0.046875 1.03275 0.0327467
0.046875 1.03275 0.0327467
0.0625 1.03339 0.0333882
0.0625 1.03339 0.0333882
0.078125 1.03415 0.0341509
0.078125 1.03415 0.0341509
0.09375 1.03503 0.0350272
0.09375 1.03503 0.0350272
0.109375 1.03601 0.0360087
0.109375 1.03601 0.0360087
0.125 1.03709 0.0370857
0.125 1.03709 0.0370857
0.140625 1.03825 0.0382475
0.140625 1.03825 0.0382475
0.15625 1.03948 0.0394829
0.15625 1.03948 0.0394829
0.171875 1.04078 0.0407797
0.171875 1.04078 0.0407797
0.1875 1.04213 0.0421256
0.1875 1.04213 0.0421256
0.203125 1.04351 0.0435077
0.203125 1.04351 0.0435077
0.21875 1.04491 0.044913
0.21875 1.04491 0.044913
0.234375 1.04633 0.0463286
0.234375 1.04633 0.0463286
0.25 1.04774 0.0477415
0.25 1.04774 0.0477415
0.265625 1.04914 0.0491391
0.265625 1.04914 0.0491391
0.28125 1.05051 0.050509
0.28125 1.05051 0.050509
0.296875 1.05184 0.0518394
0.296875 1.05184 0.0518394
0.3125 1.05312 0.053119
0.3125 1.05312 0.053119
0.328125 1.05434 0.054337
0.328125 1.05434 0.054337
0.34375 1.05548 0.0554836
0.34375 1.05548 0.0554836
0.359375 1.05655 0.0565495
0.359375 1.05655 0.0565495
0.375 1.05753 0.0575261
0.375 1.05753 0.0575261
0.390625 1.05841 0.058406
0.390625 1.05841 0.058406
0.40625 1.05918 0.0591823
0.40625 1.05918 0.0591823
0.421875 1.05985 0.0598492
0.421875 1.05985 0.0598492
0.4375 1.0604 0.0604016
0.4375 1.0604 0.0604016
0.453125 1.06084 0.0608356
0.453125 1.06084 0.0608356
0.46875 1.06115 0.0611478
0.46875 1.06115 0.0611478
0.484375 1.06134 0.061336
0.484375 1.06134 0.061336
0.5 1.0614 0.0613989
0.5 1.0614 0.0613989
0.515625 1.06134 0.061336
0.515625 1.06134 0.061336
0.53125 1.06115 0.0611478
0.53125 1.06115 0.0611478
0.546875 1.06084 0.0608356
0.546875 1.06084 0.0608356
0.5625 1.0604 0.0604016
0.5625 1.0604 0.0604016
0.578125 1.05985 0.0598492
0.578125 1.05985 0.0598492
0.59375 1.05918 0.0591823
0.59375 1.05918 0.0591823
0.609375 1.05841 0.058406
0.609375 1.05841 0.058406
0.625 1.05753 0.0575261
0.625 1.05753 0.0575261
0.640625 1.05655 0.0565495
0.640625 1.05655 0.0565495
0.65625 1.05548 0.0554836
0.65625 1.05548 0.0554836
0.671875 1.05434 0.054337
0.671875 1.05434 0.054337
0.6875 1.05312 0.053119
0.6875 1.05312 0.053119
0.703125 1.05184 0.0518394
0.703125 1.05184 0.0518394
0.71875 1.05051 0.050509
0.71875 1.05051 0.050509
0.734375 1.04914 0.0491391
0.734375 1.04914 0.0491391
0.75 1.04774 0.0477415
0.75 1.04774 0.0477415
0.765625 1.04633 0.0463286
0.765625 1.04633 0.0463286
0.78125 1.04491 0.044913
0.78125 1.04491 0.044913
0.796875 1.04351 0.0435077
0.796875 1.04351 0.0435077
0.8125 1.04213 0.0421256
0.8125 1.04213 0.0421256
0.828125 1.04078 0.0407797
0.828125 1.04078 0.0407797
0.84375 1.03948 0.0394829
0.84375 1.03948 0.0394829
0.859375 1.03825 0.0382475
0.859375 1.03825 0.0382475
0.875 1.03709 0.0370857
0.875 1.03709 0.0370857
0.890625 1.03601 0.0360087
0.890625 1.03601 0.0360087
0.90625 1.03503 0.0350272
0.90625 1.03503 0.0350272
0.921875 1.03415 0.0341509
0.921875 1.03415 0.0341509
0.9375 1.03339 0.0333882
0.9375 1.03339 0.0333882
0.953125 1.03275 0.0327467
0.953125 1.03275 0.0327467
0.96875 1.03223 0.0322325
0.96875 1.03223 0.0322325
0.984375 1.03185 0.0318503
0.984375 1.03185 0.0318503
1 1.0316 0.0316033
