# x y topography
0 1.02536 0.0253576
0.015625 1.02568 0.0256833
0.015625 1.02568 0.0256833
0.03125 1.02622 0.0262215
0.03125 1.02622 0.0262215
0.046875 1.02697 0.0269656
0.046875 1.02697 0.0269656
0.0625 1.02791 0.0279065
0.0625 1.02791 0.0279065
0.078125 1.02903 0.0290319
0.078125 1.02903 0.0290319
0.09375 1.03033 0.0303277
0.09375 1.03033 0.0303277
0.109375 1.03178 0.0317772
0.109375 1.03178 0.0317772
0.125 1.03336 0.0333626
0.125 1.03336 0.0333626
0.140625 1.03506 0.0350644
0.140625 1.03506 0.0350644
0.15625 1.03686 0.0368625
0.15625 1.03686 0.0368625
0.171875 1.03874 0.0387362
0.171875 1.03874 0.0387362
0.1875 1.04066 0.0406646
0.1875 1.04066 0.0406646
0.203125 1.04263 0.0426272
0.203125 1.04263 0.0426272
0.21875 1.0446 0.0446041
0.21875 1.0446 0.0446041
0.234375 1.04658 0.0465758
0.234375 1.04658 0.0465758
0.25 1.04852 0.0485241
0.25 1.04852 0.0485241
0.265625 1.05043 0.0504319
0.265625 1.05043 0.0504319
0.28125 1.05228 0.0522832
0.28125 1.05228 0.0522832
0.296875 1.05406 0.0540633
0.296875 1.05406 0.0540633
0.3125 1.05576 0.055759
0.3125 1.05576 0.055759
0.328125 1.05736 0.0573584
0.328125 1.05736 0.0573584
0.34375 1.05885 0.0588506
0.34375 1.05885 0.0588506
0.359375 1.06023 0.0602265
0.359375 1.06023 0.0602265
0.375 1.06148 0.0614776
0.375 1.06148 0.0614776
0.390625 1.0626 0.062597
0.390625 1.0626 0.062597
0.40625 1.06358 0.0635785
0.40625 1.06358 0.0635785
0.421875 1.06442 0.0644172
0.421875 1.06442 0.0644172
0.4375 1.06511 0.0651088
0.4375 1.06511 0.0651088
0.453125 1.06565 0.0656501
0.453125 1.06565 0.0656501
0.46875 1.06604 0.0660384
0.46875 1.06604 0.0660384
0.484375 1.06627 0.0662722
0.484375 1.06627 0.0662722
0.5 1.06635 0.0663502
0.5 1.06635 0.0663502
0.515625 1.06627 0.0662722
0.515625 1.06627 0.0662722
0.53125 1.06604 0.0660384
0.53125 1.06604 0.0660384
0.546875 1.06565 0.0656501
0.546875 1.06565 0.0656501
0.5625 1.06511 0.0651088
0.5625 1.06511 0.0651088
0.578125 1.06442 0.0644172
0.578125 1.06442 0.0644172
0.59375 1.06358 0.0635785
0.59375 1.06358 0.0635785
0.609375 1.0626 0.062597
0.609375 1.0626 0.062597
0.625 1.06148 0.0614776
0.625 1.06148 0.0614776
0.640625 1.06023 0.0602265
0.640625 1.06023 0.0602265
0.65625 1.05885 0.0588506
0.65625 1.05885 0.0588506
0.671875 1.05736 0.0573584
0.671875 1.05736 0.0573584
0.6875 1.05576 0.055759
0.6875 1.05576 0.055759
0.703125 1.05406 0.0540633
0.703125 1.05406 0.0540633
0.71875 1.05228 0.0522832
0.71875 1.05228 0.0522832
0.734375 1.05043 0.0504319
0.734375 1.05043 0.0504319
0.75 1.04852 0.0485241
0.75 1.04852 0.0485241
0.765625 1.04658 0.0465758
0.765625 1.04658 0.0465758
0.78125 1.0446 0.0446041
0.78125 1.0446 0.0446041
0.796875 1.04263 0.0426272
0.796875 1.04263 0.0426272
0.8125 1.04066 0.0406646
0.8125 1.04066 0.0406646
0.828125 1.03874 0.0387362
0.828125 1.03874 0.0387362
0.84375 1.03686 0.0368625
0.84375 1.03686 0.0368625
0.859375 1.03506 0.0350644
0.859375 1.03506 0.0350644
0.875 1.03336 0.0333626
0.875 1.03336 0.0333626
0.890625 1.03178 0.0317772
0.890625 1.03178 0.0317772
0.90625 1.03033 0.0303277
0.90625 1.03033 0.0303277
0.921875 1.02903 0.0290319
0.921875 1.02903 0.0290319
0.9375 1.02791 0.0279065
0.9375 1.02791 0.0279065
0.953125 1.02697 0.0269656
0.953125 1.02697 0.0269656
0.96875 1.02622 0.0262215
0.96875 1.02622 0.0262215
0.984375 1.02568 0.0256833
0.984375 1.02568 0.0256833
1 1.02536 0.0253576
