# x y topography
0 1.02161 0.0216101
0.015625 1.022 0.0219967
0.015625 1.022 0.0219967
0.03125 1.02265 0.0226546
0.03125 1.02265 0.0226546
0.046875 1.02357 0.0235738
0.046875 1.02357 0.0235738
0.0625 1.02474 0.0247395
0.0625 1.02474 0.0247395
0.078125 1.02613 0.0261332
0.078125 1.02613 0.0261332
0.09375 1.02773 0.0277329
0.09375 1.02773 0.0277329
0.109375 1.02951 0.029514
0.109375 1.02951 0.029514
0.125 1.03145 0.0314499
0.125 1.03145 0.0314499
0.140625 1.03351 0.0335131
0.140625 1.03351 0.0335131
0.15625 1.03568 0.0356756
0.15625 1.03568 0.0356756
0.171875 1.03791 0.0379097
0.171875 1.03791 0.0379097
0.1875 1.04019 0.0401884
0.1875 1.04019 0.0401884
0.203125 1.04249 0.0424861
0.203125 1.04249 0.0424861
0.21875 1.04478 0.0447789
0.21875 1.04478 0.0447789
0.234375 1.04704 0.0470445
0.234375 1.04704 0.0470445
0.25 1.04926 0.049263
0.25 1.04926 0.049263
0.265625 1.05142 0.0514163
0.265625 1.05142 0.0514163
0.28125 1.05349 0.0534883
0.28125 1.05349 0.0534883
0.296875 1.05547 0.055465
0.296875 1.05547 0.055465
0.3125 1.05733 0.0573342
0.3125 1.05733 0.0573342
0.328125 1.05909 0.0590852
0.328125 1.05909 0.0590852
0.34375 1.06071 0.060709
0.34375 1.06071 0.060709
0.359375 1.0622 0.0621978
0.359375 1.0622 0.0621978
0.375 1.06355 0.0635451
0.375 1.06355 0.0635451
0.390625 1.06475 0.0647454
0.390625 1.06475 0.0647454
0.40625 1.06579 0.0657941
0.40625 1.06579 0.0657941
0.421875 1.06669 0.0666874
0.421875 1.06669 0.0666874
0.4375 1.06742 0.0674222
0.4375 1.06742 0.0674222
0.453125 1.068 0.0679961
0.453125 1.068 0.0679961
0.46875 1.06841 0.0684073
0.46875 1.06841 0.0684073
0.484375 1.06865 0.0686546
0.484375 1.06865 0.0686546
0.5 1.06874 0.0687371
0.5 1.06874 0.0687371
0.515625 1.06865 0.0686546
0.515625 1.06865 0.0686546
0.53125 1.06841 0.0684073
0.53125 1.06841 0.0684073
0.546875 1.068 0.0679961
0.546875 1.068 0.0679961
0.5625 1.06742 0.0674222
0.5625 1.06742 0.0674222
0.578125 1.06669 0.0666874
0.578125 1.06669 0.0666874
0.59375 1.06579 0.0657941
0.59375 1.06579 0.0657941
0.609375 1.06475 0.0647454
0.609375 1.06475 0.0647454
0.625 1.06355 0.0635451
0.625 1.06355 0.0635451
0.640625 1.0622 0.0621978
0.640625 1.0622 0.0621978
0.65625 1.06071 0.060709
0.65625 1.06071 0.060709
0.671875 1.05909 0.0590852
0.671875 1.05909 0.0590852
0.6875 1.05733 0.0573342
0.6875 1.05733 0.0573342
0.703125 1.05547 0.055465
0.703125 1.05547 0.055465
0.71875 1.05349 0.0534883
0.71875 1.05349 0.0534883
0.734375 1.05142 0.0514163
0.734375 1.05142 0.0514163
0.75 1.04926 0.049263
0.75 1.04926 0.049263
0.765625 1.04704 0.0470445
0.765625 1.04704 0.0470445
0.78125 1.04478 0.0447789
0.78125 1.04478 0.0447789
0.796875 1.04249 0.0424861
0.796875 1.04249 0.0424861
0.8125 1.04019 0.0401884
0.8125 1.04019 0.0401884
0.828125 1.03791 0.0379097
0.828125 1.03791 0.0379097
0.84375 1.03568 0.0356756
0.84375 1.03568 0.0356756
0.859375 1.03351 0.0335131
0.859375 1.03351 0.0335131
0.875 1.03145 0.0314499
0.875 1.03145 0.0314499
0.890625 1.02951 0.029514
0.890625 1.02951 0.029514
0.90625 1.02773 0.0277329
0.90625 1.02773 0.0277329
0.921875 1.02613 0.0261332
0.921875 1.02613 0.0261332
0.9375 1.02474 0.0247395
0.9375 1.02474 0.0247395
0.953125 1.02357 0.0235738
0.953125 1.02357 0.0235738
0.96875 1.02265 0.0226546
0.96875 1.02265 0.0226546
0.984375 1.022 0.0219967
0.984375 1.022 0.0219967
1 1.02161 0.0216101
