# x y topography
0 1.03035 0.0303493
0.015625 1.03061 0.0306105
0.015625 1.03061 0.0306105
0.03125 1.03102 0.031021
0.03125 1.03102 0.031021
0.046875 1.03158 0.031577
0.046875 1.03158 0.031577
0.0625 1.03227 0.0322732
0.0625 1.03227 0.0322732
0.078125 1.0331 0.0331025
0.078125 1.0331 0.0331025
0.09375 1.03406 0.0340565
0.09375 1.03406 0.0340565
0.109375 1.03513 0.0351254
0.109375 1.03513 0.0351254
0.125 1.0363 0.0362983
0.125 1.0363 0.0362983
0.140625 1.03756 0.0375631
0.140625 1.03756 0.0375631
0.15625 1.03891 0.038907
0.15625 1.03891 0.038907
0.171875 1.04032 0.0403167
0.171875 1.04032 0.0403167
0.1875 1.04178 0.0417781
0.1875 1.04178 0.0417781
0.203125 1.04328 0.043277
0.203125 1.04328 0.043277
0.21875 1.0448 0.0447991
0.21875 1.0448 0.0447991
0.234375 1.04633 0.0463303
0.234375 1.04633 0.0463303
0.25 1.04786 0.0478562
0.25 1.04786 0.0478562
0.265625 1.04936 0.0493634
0.265625 1.04936 0.0493634
0.28125 1.05084 0.0508386
0.28125 1.05084 0.0508386
0.296875 1.05227 0.052269
0.296875 1.05227 0.052269
0.3125 1.05364 0.0536427
0.3125 1.05364 0.0536427
0.328125 1.05495 0.0549485
0.328125 1.05495 0.0549485
0.34375 1.05618 0.0561759
0.34375 1.05618 0.0561759
0.359375 1.05732 0.0573154
0.359375 1.05732 0.0573154
0.375 1.05836 0.0583583
0.375 1.05836 0.0583583
0.390625 1.0593 0.0592967
0.390625 1.0593 0.0592967
0.40625 1.06012 0.0601238
0.40625 1.06012 0.0601238
0.421875 1.06083 0.0608337
0.421875 1.06083 0.0608337
0.4375 1.06142 0.0614214
0.4375 1.06142 0.0614214
0.453125 1.06188 0.0618827
0.453125 1.06188 0.0618827
0.46875 1.06221 0.0622144
0.46875 1.06221 0.0622144
0.484375 1.06241 0.0624144
0.484375 1.06241 0.0624144
0.5 1.06248 0.0624812
0.5 1.06248 0.0624812
0.515625 1.06241 0.0624144
0.515625 1.06241 0.0624144
0.53125 1.06221 0.0622144
0.53125 1.06221 0.0622144
0.546875 1.06188 0.0618827
0.546875 1.06188 0.0618827
0.5625 1.06142 0.0614214
0.5625 1.06142 0.0614214
0.578125 1.06083 0.0608337
0.578125 1.06083 0.0608337
0.59375 1.06012 0.0601238
0.59375 1.06012 0.0601238
0.609375 1.0593 0.0592967
0.609375 1.0593 0.0592967
0.625 1.05836 0.0583583
0.625 1.05836 0.0583583
0.640625 1.05732 0.0573154
0.640625 1.05732 0.0573154
0.65625 1.05618 0.0561759
0.65625 1.05618 0.0561759
0.671875 1.05495 0.0549485
0.671875 1.05495 0.0549485
0.6875 1.05364 0.0536427
0.6875 1.05364 0.0536427
0.703125 1.05227 0.052269
0.703125 1.05227 0.052269
0.71875 1.05084 0.0508386
0.71875 1.05084 0.0508386
0.734375 1.04936 0.0493634
0.734375 1.04936 0.0493634
0.75 1.04786 0.0478562
0.75 1.04786 0.0478562
0.765625 1.04633 0.0463303
0.765625 1.04633 0.0463303
0.78125 1.0448 0.0447991
0.78125 1.0448 0.0447991
0.796875 1.04328 0.043277
0.796875 1.04328 0.043277
0.8125 1.04178 0.0417781
0.8125 1.04178 0.0417781
0.828125 1.04032 0.0403167
0.828125 1.04032 0.0403167
0.84375 1.03891 0.038907
0.84375 1.03891 0.038907
0.859375 1.03756 0.0375631
0.859375 1.03756 0.0375631
0.875 1.0363 0.0362983
0.875 1.0363 0.0362983
0.890625 1.03513 0.0351254
0.890625 1.03513 0.0351254
0.90625 1.03406 0.0340565
0.90625 1.03406 0.0340565
0.921875 1.0331 0.0331025
0.921875 1.0331 0.0331025
0.9375 1.03227 0.0322732
0.9375 1.03227 0.0322732
0.953125 1.03158 0.031577
0.953125 1.03158 0.031577
0.96875 1.03102 0.031021
0.96875 1.03102 0.031021
0.984375 1.03061 0.0306105
0.984375 1.03061 0.0306105
1 1.03035 0.0303493
