# x y topography
0 1.01133 0.0113258
0.015625 1.01202 0.012018
0.015625 1.01202 0.012018
0.03125 1.01326 0.013263
0.03125 1.01326 0.013263
0.046875 1.01501 0.0150061
0.046875 1.01501 0.0150061
0.0625 1.01717 0.0171738
0.0625 1.01717 0.0171738
0.078125 1.01968 0.0196827
0.078125 1.01968 0.0196827
0.09375 1.02245 0.0224476
0.09375 1.02245 0.0224476
0.109375 1.02539 0.0253881
0.109375 1.02539 0.0253881
0.125 1.02843 0.0284338
0.125 1.02843 0.0284338
0.140625 1.03153 0.0315263
0.140625 1.03153 0.0315263
0.15625 1.03462 0.034619
0.15625 1.03462 0.034619
0.171875 1.03768 0.0376768
0.171875 1.03768 0.0376768
0.1875 1.04067 0.0406731
0.1875 1.04067 0.0406731
0.203125 1.04359 0.0435885
0.203125 1.04359 0.0435885
0.21875 1.04641 0.0464085
0.21875 1.04641 0.0464085
0.234375 1.04912 0.0491218
0.234375 1.04912 0.0491218
0.25 1.05172 0.0517193
0.25 1.05172 0.0517193
0.265625 1.05419 0.0541936
0.265625 1.05419 0.0541936
0.28125 1.05654 0.0565379
0.28125 1.05654 0.0565379
0.296875 1.05875 0.0587463
0.296875 1.05875 0.0587463
0.3125 1.06081 0.0608132
0.3125 1.06081 0.0608132
0.328125 1.06273 0.0627338
0.328125 1.06273 0.0627338
0.34375 1.0645 0.0645032
0.34375 1.0645 0.0645032
0.359375 1.06612 0.0661172
0.359375 1.06612 0.0661172
0.375 1.06757 0.067572
0.375 1.06757 0.067572
0.390625 1.06886 0.068864
0.390625 1.06886 0.068864
0.40625 1.06999 0.06999
0.40625 1.06999 0.06999
0.421875 1.07095 0.0709475
0.421875 1.07095 0.0709475
0.4375 1.07173 0.071734
0.4375 1.07173 0.071734
0.453125 1.07235 0.0723478
0.453125 1.07235 0.0723478
0.46875 1.07279 0.0727872
0.46875 1.07279 0.0727872
0.484375 1.07305 0.0730513
0.484375 1.07305 0.0730513
0.5 1.07314 0.0731394
0.5 1.07314 0.0731394
0.515625 1.07305 0.0730513
0.515625 1.07305 0.0730513
0.53125 1.07279 0.0727872
0.53125 1.07279 0.0727872
0.546875 1.07235 0.0723478
0.546875 1.07235 0.0723478
0.5625 1.07173 0.071734
0.5625 1.07173 0.071734
0.578125 1.07095 0.0709475
0.578125 1.07095 0.0709475
0.59375 1.06999 0.06999
0.59375 1.06999 0.06999
0.609375 1.06886 0.068864
0.609375 1.06886 0.068864
0.625 1.06757 0.067572
0.625 1.06757 0.067572
0.640625 1.06612 0.0661172
0.640625 1.06612 0.0661172
0.65625 1.0645 0.0645032
0.65625 1.0645 0.0645032
0.671875 1.06273 0.0627338
0.671875 1.06273 0.0627338
0.6875 1.06081 0.0608132
0.6875 1.06081 0.0608132
0.703125 1.05875 0.0587463
0.703125 1.05875 0.0587463
0.71875 1.05654 0.0565379
0.71875 1.05654 0.0565379
0.734375 1.05419 0.0541936
0.734375 1.05419 0.0541936
0.75 1.05172 0.0517193
0.75 1.05172 0.0517193
0.765625 1.04912 0.0491218
0.765625 1.04912 0.0491218
0.78125 1.04641 0.0464085
0.78125 1.04641 0.0464085
0.796875 1.04359 0.0435885
0.796875 1.04359 0.0435885
0.8125 1.04067 0.0406731
0.8125 1.04067 0.0406731
0.828125 1.03768 0.0376768
0.828125 1.03768 0.0376768
0.84375 1.03462 0.034619
0.84375 1.03462 0.034619
0.859375 1.03153 0.0315263
0.859375 1.03153 0.0315263
0.875 1.02843 0.0284338
0.875 1.02843 0.0284338
0.890625 1.02539 0.0253881
0.890625 1.02539 0.0253881
0.90625 1.02245 0.0224476
0.90625 1.02245 0.0224476
0.921875 1.01968 0.0196827
0.921875 1.01968 0.0196827
0.9375 1.01717 0.0171738
0.9375 1.01717 0.0171738
0.953125 1.01501 0.0150061
0.953125 1.01501 0.0150061
0.96875 1.01326 0.013263
0.96875 1.01326 0.013263
0.984375 1.01202 0.012018
0.984375 1.01202 0.012018
1 1.01133 0.0113258
