# x y topography
0 1.02888 0.0288754
0.015625 1.02915 0.0291542
0.015625 1.02915 0.0291542
0.03125 1.0296 0.0295995
0.03125 1.0296 0.0295995
0.046875 1.03021 0.0302071
0.046875 1.03021 0.0302071
0.0625 1.03097 0.0309706
0.0625 1.03097 0.0309706
0.078125 1.03188 0.0318817
0.078125 1.03188 0.0318817
0.09375 1.03293 0.0329307
0.09375 1.03293 0.0329307
0.109375 1.03411 0.0341061
0.109375 1.03411 0.0341061
0.125 1.0354 0.0353952
0.125 1.0354 0.0353952
0.140625 1.03678 0.0367843
0.140625 1.03678 0.0367843
0.15625 1.03826 0.0382585
0.15625 1.03826 0.0382585
0.171875 1.0398 0.0398027
0.171875 1.0398 0.0398027
0.1875 1.0414 0.0414009
0.1875 1.0414 0.0414009
0.203125 1.04304 0.0430373
0.203125 1.04304 0.0430373
0.21875 1.0447 0.0446958
0.21875 1.0447 0.0446958
0.234375 1.04636 0.0463607
0.234375 1.04636 0.0463607
0.25 1.04802 0.0480167
0.25 1.04802 0.0480167
0.265625 1.04965 0.0496487
0.265625 1.04965 0.0496487
0.28125 1.05124 0.0512427
0.28125 1.05124 0.0512427
0.296875 1.05279 0.0527851
0.296875 1.05279 0.0527851
0.3125 1.05426 0.0542634
0.3125 1.05426 0.0542634
0.328125 1.05567 0.0556657
0.328125 1.05567 0.0556657
0.34375 1.05698 0.0569813
0.34375 1.05698 0.0569813
0.359375 1.0582 0.0582005
0.359375 1.0582 0.0582005
0.375 1.05931 0.0593144
0.375 1.05931 0.0593144
0.390625 1.06032 0.0603152
0.390625 1.06032 0.0603152
0.40625 1.0612 0.0611961
0.40625 1.0612 0.0611961
0.421875 1.06195 0.0619513
0.421875 1.06195 0.0619513
0.4375 1.06258 0.0625757
0.4375 1.06258 0.0625757
0.453125 1.06307 0.0630655
0.453125 1.06307 0.0630655
0.46875 1.06342 0.0634175
0.46875 1.06342 0.0634175
0.484375 1.06363 0.0636296
0.484375 1.06363 0.0636296
0.5 1.0637 0.0637005
0.5 1.0637 0.0637005
0.515625 1.06363 0.0636296
0.515625 1.06363 0.0636296
0.53125 1.06342 0.0634175
0.53125 1.06342 0.0634175
0.546875 1.06307 0.0630655
0.546875 1.06307 0.0630655
0.5625 1.06258 0.0625757
0.5625 1.06258 0.0625757
0.578125 1.06195 0.0619513
0.578125 1.06195 0.0619513
0.59375 1.0612 0.0611961
0.59375 1.0612 0.0611961
0.609375 1.06032 0.0603152
0.609375 1.06032 0.0603152
0.625 1.05931 0.0593144
0.625 1.05931 0.0593144
0.640625 1.0582 0.0582005
0.640625 1.0582 0.0582005
0.65625 1.05698 0.0569813
0.65625 1.05698 0.0569813
0.671875 1.05567 0.0556657
0.671875 1.05567 0.0556657
0.6875 1.05426 0.0542634
0.6875 1.05426 0.0542634
0.703125 1.05279 0.0527851
0.703125 1.05279 0.0527851
0.71875 1.05124 0.0512427
0.71875 1.05124 0.0512427
0.734375 1.04965 0.0496487
0.734375 1.04965 0.0496487
0.75 1.04802 0.0480167
0.75 1.04802 0.0480167
0.765625 1.04636 0.0463607
0.765625 1.04636 0.0463607
0.78125 1.0447 0.0446958
0.78125 1.0447 0.0446958
0.796875 1.04304 0.0430373
0.796875 1.04304 0.0430373
0.8125 1.0414 0.0414009
0.8125 1.0414 0.0414009
0.828125 1.0398 0.0398027
0.828125 1.0398 0.0398027
0.84375 1.03826 0.0382585
0.84375 1.03826 0.0382585
0.859375 1.03678 0.0367843
0.859375 1.03678 0.0367843
0.875 1.0354 0.0353952
0.875 1.0354 0.0353952
0.890625 1.03411 0.0341061
0.890625 1.03411 0.0341061
0.90625 1.03293 0.0329307
0.90625 1.03293 0.0329307
0.921875 1.03188 0.0318817
0.921875 1.03188 0.0318817
0.9375 1.03097 0.0309706
0.9375 1.03097 0.0309706
0.953125 1.03021 0.0302071
0.953125 1.03021 0.0302071
0.96875 1.0296 0.0295995
0.96875 1.0296 0.0295995
0.984375 1.02915 0.0291542
0.984375 1.02915 0.0291542
1 1.02888 0.0288754
