# x y topography
0 1.02073 0.020735
0.015625 1.02114 0.021138
0.015625 1.02114 0.021138
0.03125 1.02183 0.0218281
0.03125 1.02183 0.0218281
0.046875 1.02279 0.0227941
0.046875 1.02279 0.0227941
0.0625 1.02402 0.0240196
0.0625 1.02402 0.0240196
0.078125 1.02548 0.0254836
0.078125 1.02548 0.0254836
0.09375 1.02716 0.0271619
0.09375 1.02716 0.0271619
0.109375 1.02903 0.0290274
0.109375 1.02903 0.0290274
0.125 1.03105 0.031051
0.125 1.03105 0.031051
0.140625 1.0332 0.0332027
0.140625 1.0332 0.0332027
0.15625 1.03545 0.0354525
0.15625 1.03545 0.0354525
0.171875 1.03777 0.0377707
0.171875 1.03777 0.0377707
0.1875 1.04013 0.0401291
0.1875 1.04013 0.0401291
0.203125 1.0425 0.042501
0.203125 1.0425 0.042501
0.21875 1.04486 0.0448616
0.21875 1.04486 0.0448616
0.234375 1.04719 0.0471886
0.234375 1.04719 0.0471886
0.25 1.04946 0.0494617
0.25 1.04946 0.0494617
0.265625 1.05166 0.0516631
0.265625 1.05166 0.0516631
0.28125 1.05378 0.0537771
0.28125 1.05378 0.0537771
0.296875 1.05579 0.0557902
0.296875 1.05579 0.0557902
0.3125 1.05769 0.0576905
0.3125 1.05769 0.0576905
0.328125 1.05947 0.0594681
0.328125 1.05947 0.0594681
0.34375 1.06111 0.0611145
0.34375 1.06111 0.0611145
0.359375 1.06262 0.0626224
0.359375 1.06262 0.0626224
0.375 1.06399 0.0639857
0.375 1.06399 0.0639857
0.390625 1.0652 0.0651993
0.390625 1.0652 0.0651993
0.40625 1.06626 0.0662589
0.40625 1.06626 0.0662589
0.421875 1.06716 0.0671611
0.421875 1.06716 0.0671611
0.4375 1.0679 0.0679029
0.4375 1.0679 0.0679029
0.453125 1.06848 0.0684821
0.453125 1.06848 0.0684821
0.46875 1.0689 0.068897
0.46875 1.0689 0.068897
0.484375 1.06915 0.0691464
0.484375 1.06915 0.0691464
0.5 1.06923 0.0692297
0.5 1.06923 0.0692297
0.515625 1.06915 0.0691464
0.515625 1.06915 0.0691464
0.53125 1.0689 0.068897
0.53125 1.0689 0.068897
0.546875 1.06848 0.0684821
0.546875 1.06848 0.0684821
0.5625 1.0679 0.0679029
0.5625 1.0679 0.0679029
0.578125 1.06716 0.0671611
0.578125 1.06716 0.0671611
0.59375 1.06626 0.0662589
0.59375 1.06626 0.0662589
0.609375 1.0652 0.0651993
0.609375 1.0652 0.0651993
0.625 1.06399 0.0639857
0.625 1.06399 0.0639857
0.640625 1.06262 0.0626224
0.640625 1.06262 0.0626224
0.65625 1.06111 0.0611145
0.65625 1.06111 0.0611145
0.671875 1.05947 0.0594681
0.671875 1.05947 0.0594681
0.6875 1.05769 0.0576905
0.6875 1.05769 0.0576905
0.703125 1.05579 0.0557902
0.703125 1.05579 0.0557902
0.71875 1.05378 0.0537771
0.71875 1.05378 0.0537771
0.734375 1.05166 0.0516631
0.734375 1.05166 0.0516631
0.75 1.04946 0.0494617
0.75 1.04946 0.0494617
0.765625 1.04719 0.0471886
0.765625 1.04719 0.0471886
0.78125 1.04486 0.0448616
0.78125 1.04486 0.0448616
0.796875 1.0425 0.042501
0.796875 1.0425 0.042501
0.8125 1.04013 0.0401291
0.8125 1.04013 0.0401291
0.828125 1.03777 0.0377707
0.828125 1.03777 0.0377707
0.84375 1.03545 0.0354525
0.84375 1.03545 0.0354525
0.859375 1.0332 0.0332027
0.859375 1.0332 0.0332027
0.875 1.03105 0.031051
0.875 1.03105 0.031051
0.890625 1.02903 0.0290274
0.890625 1.02903 0.0290274
0.90625 1.02716 0.0271619
0.90625 1.02716 0.0271619
0.921875 1.02548 0.0254836
0.921875 1.02548 0.0254836
0.9375 1.02402 0.0240196
0.9375 1.02402 0.0240196
0.953125 1.02279 0.0227941
0.953125 1.02279 0.0227941
0.96875 1.02183 0.0218281
0.96875 1.02183 0.0218281
0.984375 1.02114 0.021138
0.984375 1.02114 0.021138
1 1.02073 0.020735
