# x y topography
0 1.02513 0.0251348
0.015625 1.02546 0.0254638
0.015625 1.02546 0.0254638
0.03125 1.02601 0.0260084
0.03125 1.02601 0.0260084
0.046875 1.02676 0.026762
0.046875 1.02676 0.026762
0.0625 1.02771 0.027715
0.0625 1.02771 0.027715
0.078125 1.02886 0.0288551
0.078125 1.02886 0.0288551
0.09375 1.03017 0.0301676
0.09375 1.03017 0.0301676
0.109375 1.03164 0.0316356
0.109375 1.03164 0.0316356
0.125 1.03324 0.0332408
0.125 1.03324 0.0332408
0.140625 1.03496 0.0349633
0.140625 1.03496 0.0349633
0.15625 1.03678 0.0367825
0.15625 1.03678 0.0367825
0.171875 1.03868 0.0386773
0.171875 1.03868 0.0386773
0.1875 1.04063 0.0406268
0.1875 1.04063 0.0406268
0.203125 1.04261 0.0426099
0.203125 1.04261 0.0426099
0.21875 1.04461 0.0446063
0.21875 1.04461 0.0446063
0.234375 1.0466 0.0465967
0.234375 1.0466 0.0465967
0.25 1.04856 0.0485625
0.25 1.04856 0.0485625
0.265625 1.05049 0.0504864
0.265625 1.05049 0.0504864
0.28125 1.05235 0.0523525
0.28125 1.05235 0.0523525
0.296875 1.05415 0.0541461
0.296875 1.05415 0.0541461
0.3125 1.05585 0.0558539
0.3125 1.05585 0.0558539
0.328125 1.05746 0.0574639
0.328125 1.05746 0.0574639
0.34375 1.05897 0.0589657
0.34375 1.05897 0.0589657
0.359375 1.06035 0.0603497
0.359375 1.06035 0.0603497
0.375 1.06161 0.061608
0.375 1.06161 0.061608
0.390625 1.06273 0.0627334
0.390625 1.06273 0.0627334
0.40625 1.06372 0.06372
0.40625 1.06372 0.06372
0.421875 1.06456 0.0645629
0.421875 1.06456 0.0645629
0.4375 1.06526 0.0652578
0.4375 1.06526 0.0652578
0.453125 1.0658 0.0658016
0.453125 1.0658 0.0658016
0.46875 1.06619 0.0661917
0.46875 1.06619 0.0661917
0.484375 1.06643 0.0664265
0.484375 1.06643 0.0664265
0.5 1.0665 0.0665048
0.5 1.0665 0.0665048
0.515625 1.06643 0.0664265
0.515625 1.06643 0.0664265
0.53125 1.06619 0.0661917
0.53125 1.06619 0.0661917
0.546875 1.0658 0.0658016
0.546875 1.0658 0.0658016
0.5625 1.06526 0.0652578
0.5625 1.06526 0.0652578
0.578125 1.06456 0.0645629
0.578125 1.06456 0.0645629
0.59375 1.06372 0.06372
0.59375 1.06372 0.06372
0.609375 1.06273 0.0627334
0.609375 1.06273 0.0627334
0.625 1.06161 0.061608
0.625 1.06161 0.061608
0.640625 1.06035 0.0603497
0.640625 1.06035 0.0603497
0.65625 1.05897 0.0589657
0.65625 1.05897 0.0589657
0.671875 1.05746 0.0574639
0.671875 1.05746 0.0574639
0.6875 1.05585 0.0558539
0.6875 1.05585 0.0558539
0.703125 1.05415 0.0541461
0.703125 1.05415 0.0541461
0.71875 1.05235 0.0523525
0.71875 1.05235 0.0523525
0.734375 1.05049 0.0504864
0.734375 1.05049 0.0504864
0.75 1.04856 0.0485625
0.75 1.04856 0.0485625
0.765625 1.0466 0.0465967
0.765625 1.0466 0.0465967
0.78125 1.04461 0.0446063
0.78125 1.04461 0.0446063
0.796875 1.04261 0.0426099
0.796875 1.04261 0.0426099
0.8125 1.04063 0.0406268
0.8125 1.04063 0.0406268
0.828125 1.03868 0.0386773
0.828125 1.03868 0.0386773
0.84375 1.03678 0.0367825
0.84375 1.03678 0.0367825
0.859375 1.03496 0.0349633
0.859375 1.03496 0.0349633
0.875 1.03324 0.0332408
0.875 1.03324 0.0332408
0.890625 1.03164 0.0316356
0.890625 1.03164 0.0316356
0.90625 1.03017 0.0301676
0.90625 1.03017 0.0301676
0.921875 1.02886 0.0288551
0.921875 1.02886 0.0288551
0.9375 1.02771 0.027715
0.9375 1.02771 0.027715
0.953125 1.02676 0.026762
0.953125 1.02676 0.026762
0.96875 1.02601 0.0260084
0.96875 1.02601 0.0260084
0.984375 1.02546 0.0254638
0.984375 1.02546 0.0254638
1 1.02513 0.0251348
