# x y topography
0 3.00471 0.00471043
0.046875 3.0056 0.00559606
0.046875 3.0056 0.00559606
0.09375 3.00795 0.00794724
0.09375 3.00795 0.00794724
0.140625 3.01113 0.011126
0.140625 3.01113 0.011126
0.1875 3.01462 0.0146174
0.1875 3.01462 0.0146174
0.234375 3.01817 0.0181719
0.234375 3.01817 0.0181719
0.28125 3.0217 0.0217043
0.28125 3.0217 0.0217043
0.328125 3.02519 0.0251882
0.328125 3.02519 0.0251882
0.375 3.02861 0.0286119
0.375 3.02861 0.0286119
0.421875 3.03197 0.0319667
0.421875 3.03197 0.0319667
0.46875 3.03524 0.0352446
0.46875 3.03524 0.0352446
0.515625 3.03844 0.0384375
0.515625 3.03844 0.0384375
0.5625 3.04154 0.0415378
0.5625 3.04154 0.0415378
0.609375 3.04454 0.044538
0.609375 3.04454 0.044538
0.65625 3.04743 0.0474309
0.65625 3.04743 0.0474309
0.703125 3.05021 0.0502095
0.703125 3.05021 0.0502095
0.75 3.05287 0.0528671
0.75 3.05287 0.0528671
0.796875 3.0554 0.0553974
0.796875 3.0554 0.0553974
0.84375 3.05779 0.0577942
0.84375 3.05779 0.0577942
0.890625 3.06005 0.0600518
0.890625 3.06005 0.0600518
0.9375 3.06216 0.0621647
0.9375 3.06216 0.0621647
0.984375 3.06413 0.0641278
0.984375 3.06413 0.0641278
1.03125 3.06594 0.0659365
1.03125 3.06594 0.0659365
1.07812 3.06759 0.0675863
1.07812 3.06759 0.0675863
1.125 3.06907 0.0690733
1.125 3.06907 0.0690733
1.17188 3.07039 0.0703938
1.17188 3.07039 0.0703938
1.21875 3.07154 0.0715449
1.21875 3.07154 0.0715449
1.26562 3.07252 0.0725235
1.26562 3.07252 0.0725235
1.3125 3.07333 0.0733275
1.3125 3.07333 0.0733275
1.35938 3.07395 0.0739548
1.35938 3.07395 0.0739548
1.40625 3.0744 0.0744039
1.40625 3.0744 0.0744039
1.45312 3.07467 0.0746739
1.45312 3.07467 0.0746739
1.5 3.07476 0.0747639
1.5 3.07476 0.0747639
1.54688 3.07467 0.0746739
1.54688 3.07467 0.0746739
1.59375 3.0744 0.0744039
1.59375 3.0744 0.0744039
1.64062 3.07395 0.0739548
1.64062 3.07395 0.0739548
1.6875 3.07333 0.0733275
1.6875 3.07333 0.0733275
1.73438 3.07252 0.0725235
1.73438 3.07252 0.0725235
1.78125 3.07154 0.0715449
1.78125 3.07154 0.0715449
1.82812 3.07039 0.0703938
1.82812 3.07039 0.0703938
1.875 3.06907 0.0690733
1.875 3.06907 0.0690733
1.92188 3.06759 0.0675863
1.92188 3.06759 0.0675863
1.96875 3.06594 0.0659365
1.96875 3.06594 0.0659365
2.01562 3.06413 0.0641278
2.01562 3.06413 0.0641278
2.0625 3.06216 0.0621647
2.0625 3.06216 0.0621647
2.10938 3.06005 0.0600518
2.10938 3.06005 0.0600518
2.15625 3.05779 0.0577942
2.15625 3.05779 0.0577942
2.20312 3.0554 0.0553974
2.20312 3.0554 0.0553974
2.25 3.05287 0.0528671
2.25 3.05287 0.0528671
2.29688 3.05021 0.0502095
2.29688 3.05021 0.0502095
2.34375 3.04743 0.0474309
2.34375 3.04743 0.0474309
2.39062 3.04454 0.044538
2.39062 3.04454 0.044538
2.4375 3.04154 0.0415378
2.4375 3.04154 0.0415378
2.48438 3.03844 0.0384375
2.48438 3.03844 0.0384375
2.53125 3.03524 0.0352446
2.53125 3.03524 0.0352446
2.57812 3.03197 0.0319667
2.57812 3.03197 0.0319667
2.625 3.02861 0.0286119
2.625 3.02861 0.0286119
2.67188 3.02519 0.0251882
2.67188 3.02519 0.0251882
2.71875 3.0217 0.0217043
2.71875 3.0217 0.0217043
2.76562 3.01817 0.0181719
2.76562 3.01817 0.0181719
2.8125 3.01462 0.0146174
2.8125 3.01462 0.0146174
2.85938 3.01113 0.011126
2.85938 3.01113 0.011126
2.90625 3.00795 0.00794724
2.90625 3.00795 0.00794724
2.95312 3.0056 0.00559606
2.95312 3.0056 0.00559606
3 3.00471 0.00471043
