# x y topography
0 3.00481 0.00481235
0.046875 3.00568 0.0056798
0.046875 3.00568 0.0056798
0.09375 3.00799 0.00799366
0.09375 3.00799 0.00799366
0.140625 3.01114 0.0111431
0.140625 3.01114 0.0111431
0.1875 3.01462 0.0146207
0.1875 3.01462 0.0146207
0.234375 3.01817 0.0181706
0.234375 3.01817 0.0181706
0.28125 3.0217 0.0217016
0.28125 3.0217 0.0217016
0.328125 3.02518 0.0251848
0.328125 3.02518 0.0251848
0.375 3.02861 0.028608
0.375 3.02861 0.028608
0.421875 3.03196 0.0319624
0.421875 3.03196 0.0319624
0.46875 3.03524 0.0352398
0.46875 3.03524 0.0352398
0.515625 3.03843 0.0384323
0.515625 3.03843 0.0384323
0.5625 3.04153 0.0415321
0.5625 3.04153 0.0415321
0.609375 3.04453 0.0445319
0.609375 3.04453 0.0445319
0.65625 3.04742 0.0474244
0.65625 3.04742 0.0474244
0.703125 3.0502 0.0502027
0.703125 3.0502 0.0502027
0.75 3.05286 0.0528599
0.75 3.05286 0.0528599
0.796875 3.05539 0.0553899
0.796875 3.05539 0.0553899
0.84375 3.05779 0.0577864
0.84375 3.05779 0.0577864
0.890625 3.06004 0.0600436
0.890625 3.06004 0.0600436
0.9375 3.06216 0.0621562
0.9375 3.06216 0.0621562
0.984375 3.06412 0.0641191
0.984375 3.06412 0.0641191
1.03125 3.06593 0.0659275
1.03125 3.06593 0.0659275
1.07812 3.06758 0.067577
1.07812 3.06758 0.067577
1.125 3.06906 0.0690638
1.125 3.06906 0.0690638
1.17188 3.07038 0.0703842
1.17188 3.07038 0.0703842
1.21875 3.07154 0.0715351
1.21875 3.07154 0.0715351
1.26562 3.07251 0.0725136
1.26562 3.07251 0.0725136
1.3125 3.07332 0.0733174
1.3125 3.07332 0.0733174
1.35938 3.07394 0.0739446
1.35938 3.07394 0.0739446
1.40625 3.07439 0.0743937
1.40625 3.07439 0.0743937
1.45312 3.07466 0.0746636
1.45312 3.07466 0.0746636
1.5 3.07475 0.0747537
1.5 3.07475 0.0747537
1.54688 3.07466 0.0746636
1.54688 3.07466 0.0746636
1.59375 3.07439 0.0743937
1.59375 3.07439 0.0743937
1.64062 3.07394 0.0739446
1.64062 3.07394 0.0739446
1.6875 3.07332 0.0733174
1.6875 3.07332 0.0733174
1.73438 3.07251 0.0725136
1.73438 3.07251 0.0725136
1.78125 3.07154 0.0715351
1.78125 3.07154 0.0715351
1.82812 3.07038 0.0703842
1.82812 3.07038 0.0703842
1.875 3.06906 0.0690638
1.875 3.06906 0.0690638
1.92188 3.06758 0.067577
1.92188 3.06758 0.067577
1.96875 3.06593 0.0659275
1.96875 3.06593 0.0659275
2.01562 3.06412 0.0641191
2.01562 3.06412 0.0641191
2.0625 3.06216 0.0621562
2.0625 3.06216 0.0621562
2.10938 3.06004 0.0600436
2.10938 3.06004 0.0600436
2.15625 3.05779 0.0577864
2.15625 3.05779 0.0577864
2.20312 3.05539 0.0553899
2.20312 3.05539 0.0553899
2.25 3.05286 0.0528599
2.25 3.05286 0.0528599
2.29688 3.0502 0.0502027
2.29688 3.0502 0.0502027
2.34375 3.04742 0.0474244
2.34375 3.04742 0.0474244
2.39062 3.04453 0.0445319
2.39062 3.04453 0.0445319
2.4375 3.04153 0.0415321
2.4375 3.04153 0.0415321
2.48438 3.03843 0.0384323
2.48438 3.03843 0.0384323
2.53125 3.03524 0.0352398
2.53125 3.03524 0.0352398
2.57812 3.03196 0.0319624
2.57812 3.03196 0.0319624
2.625 3.02861 0.028608
2.625 3.02861 0.028608
2.67188 3.02518 0.0251848
2.67188 3.02518 0.0251848
2.71875 3.0217 0.0217016
2.71875 3.0217 0.0217016
2.76562 3.01817 0.0181706
2.76562 3.01817 0.0181706
2.8125 3.01462 0.0146207
2.8125 3.01462 0.0146207
2.85938 3.01114 0.0111431
2.85938 3.01114 0.0111431
2.90625 3.00799 0.00799366
2.90625 3.00799 0.00799366
2.95312 3.00568 0.0056798
2.95312 3.00568 0.0056798
3 3.00481 0.00481235
