# x y topography
0 3.01273 0.0127325
0.046875 3.01305 0.0130491
0.046875 3.01305 0.0130491
0.09375 3.01398 0.0139816
0.09375 3.01398 0.0139816
0.140625 3.01548 0.0154802
0.140625 3.01548 0.0154802
0.1875 3.01747 0.0174697
0.1875 3.01747 0.0174697
0.234375 3.01986 0.0198588
0.234375 3.01986 0.0198588
0.28125 3.02255 0.0225509
0.28125 3.02255 0.0225509
0.328125 3.02545 0.0254533
0.328125 3.02545 0.0254533
0.375 3.02848 0.0284838
0.375 3.02848 0.0284838
0.421875 3.03157 0.0315745
0.421875 3.03157 0.0315745
0.46875 3.03467 0.0346723
0.46875 3.03467 0.0346723
0.515625 3.03774 0.0377378
0.515625 3.03774 0.0377378
0.5625 3.04074 0.0407423
0.5625 3.04074 0.0407423
0.609375 3.04367 0.0436651
0.609375 3.04367 0.0436651
0.65625 3.04649 0.0464915
0.65625 3.04649 0.0464915
0.703125 3.04921 0.0492103
0.703125 3.04921 0.0492103
0.75 3.05181 0.0518127
0.75 3.05181 0.0518127
0.796875 3.05429 0.0542911
0.796875 3.05429 0.0542911
0.84375 3.05664 0.0566391
0.84375 3.05664 0.0566391
0.890625 3.05885 0.0588509
0.890625 3.05885 0.0588509
0.9375 3.06092 0.0609208
0.9375 3.06092 0.0609208
0.984375 3.06284 0.0628441
0.984375 3.06284 0.0628441
1.03125 3.06462 0.0646159
1.03125 3.06462 0.0646159
1.07812 3.06623 0.0662321
1.07812 3.06623 0.0662321
1.125 3.06769 0.0676887
1.125 3.06769 0.0676887
1.17188 3.06898 0.0689823
1.17188 3.06898 0.0689823
1.21875 3.07011 0.0701098
1.21875 3.07011 0.0701098
1.26562 3.07107 0.0710685
1.26562 3.07107 0.0710685
1.3125 3.07186 0.071856
1.3125 3.07186 0.071856
1.35938 3.07247 0.0724704
1.35938 3.07247 0.0724704
1.40625 3.07291 0.0729104
1.40625 3.07291 0.0729104
1.45312 3.07317 0.0731748
1.45312 3.07317 0.0731748
1.5 3.07326 0.073263
1.5 3.07326 0.073263
1.54688 3.07317 0.0731748
1.54688 3.07317 0.0731748
1.59375 3.07291 0.0729104
1.59375 3.07291 0.0729104
1.64062 3.07247 0.0724704
1.64062 3.07247 0.0724704
1.6875 3.07186 0.071856
1.6875 3.07186 0.071856
1.73438 3.07107 0.0710685
1.73438 3.07107 0.0710685
1.78125 3.07011 0.0701098
1.78125 3.07011 0.0701098
1.82812 3.06898 0.0689823
1.82812 3.06898 0.0689823
1.875 3.06769 0.0676887
1.875 3.06769 0.0676887
1.92188 3.06623 0.0662321
1.92188 3.06623 0.0662321
1.96875 3.06462 0.0646159
1.96875 3.06462 0.0646159
2.01562 3.06284 0.0628441
2.01562 3.06284 0.0628441
2.0625 3.06092 0.0609208
2.0625 3.06092 0.0609208
2.10938 3.05885 0.0588509
2.10938 3.05885 0.0588509
2.15625 3.05664 0.0566391
2.15625 3.05664 0.0566391
2.20312 3.05429 0.0542911
2.20312 3.05429 0.0542911
2.25 3.05181 0.0518127
2.25 3.05181 0.0518127
2.29688 3.04921 0.0492103
2.29688 3.04921 0.0492103
2.34375 3.04649 0.0464915
2.34375 3.04649 0.0464915
2.39062 3.04367 0.0436651
2.39062 3.04367 0.0436651
2.4375 3.04074 0.0407423
2.4375 3.04074 0.0407423
2.48438 3.03774 0.0377378
2.48438 3.03774 0.0377378
2.53125 3.03467 0.0346723
2.53125 3.03467 0.0346723
2.57812 3.03157 0.0315745
2.57812 3.03157 0.0315745
2.625 3.02848 0.0284838
2.625 3.02848 0.0284838
2.67188 3.02545 0.0254533
2.67188 3.02545 0.0254533
2.71875 3.02255 0.0225509
2.71875 3.02255 0.0225509
2.76562 3.01986 0.0198588
2.76562 3.01986 0.0198588
2.8125 3.01747 0.0174697
2.8125 3.01747 0.0174697
2.85938 3.01548 0.0154802
2.85938 3.01548 0.0154802
2.90625 3.01398 0.0139816
2.90625 3.01398 0.0139816
2.95312 3.01305 0.0130491
2.95312 3.01305 0.0130491
3 3.01273 0.0127325
