# x y topography
0 3.00681 0.00680834
0.046875 3.00742 0.00742299
0.046875 3.00742 0.00742299
0.09375 3.00916 0.00915803
0.09375 3.00916 0.00915803
0.140625 3.01174 0.0117391
0.140625 3.01174 0.0117391
0.1875 3.01484 0.0148445
0.1875 3.01484 0.0148445
0.234375 3.01821 0.0182084
0.234375 3.01821 0.0182084
0.28125 3.02166 0.0216606
0.28125 3.02166 0.0216606
0.328125 3.02511 0.0251108
0.328125 3.02511 0.0251108
0.375 3.02852 0.0285168
0.375 3.02852 0.0285168
0.421875 3.03186 0.0318588
0.421875 3.03186 0.0318588
0.46875 3.03513 0.0351252
0.46875 3.03513 0.0351252
0.515625 3.03831 0.0383072
0.515625 3.03831 0.0383072
0.5625 3.0414 0.0413969
0.5625 3.0414 0.0413969
0.609375 3.04439 0.0443868
0.609375 3.04439 0.0443868
0.65625 3.04727 0.0472698
0.65625 3.04727 0.0472698
0.703125 3.05004 0.0500389
0.703125 3.05004 0.0500389
0.75 3.05269 0.0526874
0.75 3.05269 0.0526874
0.796875 3.05521 0.0552089
0.796875 3.05521 0.0552089
0.84375 3.0576 0.0575975
0.84375 3.0576 0.0575975
0.890625 3.05985 0.0598473
0.890625 3.05985 0.0598473
0.9375 3.06195 0.0619528
0.9375 3.06195 0.0619528
0.984375 3.06391 0.0639092
0.984375 3.06391 0.0639092
1.03125 3.06571 0.0657115
1.03125 3.06571 0.0657115
1.07812 3.06736 0.0673556
1.07812 3.06736 0.0673556
1.125 3.06884 0.0688374
1.125 3.06884 0.0688374
1.17188 3.07015 0.0701534
1.17188 3.07015 0.0701534
1.21875 3.0713 0.0713004
1.21875 3.0713 0.0713004
1.26562 3.07228 0.0722756
1.26562 3.07228 0.0722756
1.3125 3.07308 0.0730768
1.3125 3.07308 0.0730768
1.35938 3.0737 0.0737019
1.35938 3.0737 0.0737019
1.40625 3.07415 0.0741495
1.40625 3.07415 0.0741495
1.45312 3.07442 0.0744184
1.45312 3.07442 0.0744184
1.5 3.07451 0.0745082
1.5 3.07451 0.0745082
1.54688 3.07442 0.0744184
1.54688 3.07442 0.0744184
1.59375 3.07415 0.0741495
1.59375 3.07415 0.0741495
1.64062 3.0737 0.0737019
1.64062 3.0737 0.0737019
1.6875 3.07308 0.0730768
1.6875 3.07308 0.0730768
1.73438 3.07228 0.0722756
1.73438 3.07228 0.0722756
1.78125 3.0713 0.0713004
1.78125 3.0713 0.0713004
1.82812 3.07015 0.0701534
1.82812 3.07015 0.0701534
1.875 3.06884 0.0688374
1.875 3.06884 0.0688374
1.92188 3.06736 0.0673556
1.92188 3.06736 0.0673556
1.96875 3.06571 0.0657115
1.96875 3.06571 0.0657115
2.01562 3.06391 0.0639092
2.01562 3.06391 0.0639092
2.0625 3.06195 0.0619528
2.0625 3.06195 0.0619528
2.10938 3.05985 0.0598473
2.10938 3.05985 0.0598473
2.15625 3.0576 0.0575975
2.15625 3.0576 0.0575975
2.20312 3.05521 0.0552089
2.20312 3.05521 0.0552089
2.25 3.05269 0.0526874
2.25 3.05269 0.0526874
2.29688 3.05004 0.0500389
2.29688 3.05004 0.0500389
2.34375 3.04727 0.0472698
2.34375 3.04727 0.0472698
2.39062 3.04439 0.0443868
2.39062 3.04439 0.0443868
2.4375 3.0414 0.0413969
2.4375 3.0414 0.0413969
2.48438 3.03831 0.0383072
2.48438 3.03831 0.0383072
2.53125 3.03513 0.0351252
2.53125 3.03513 0.0351252
2.57812 3.03186 0.0318588
2.57812 3.03186 0.0318588
2.625 3.02852 0.0285168
2.625 3.02852 0.0285168
2.67188 3.02511 0.0251108
2.67188 3.02511 0.0251108
2.71875 3.02166 0.0216606
2.71875 3.02166 0.0216606
2.76562 3.01821 0.0182084
2.76562 3.01821 0.0182084
2.8125 3.01484 0.0148445
2.8125 3.01484 0.0148445
2.85938 3.01174 0.0117391
2.85938 3.01174 0.0117391
2.90625 3.00916 0.00915803
2.90625 3.00916 0.00915803
2.95312 3.00742 0.00742299
2.95312 3.00742 0.00742299
3 3.00681 0.00680834
