# x y topography
0 3.00622 0.00621641
0.046875 3.00689 0.00689009
0.046875 3.00689 0.00689009
0.09375 3.00877 0.00876986
0.09375 3.00877 0.00876986
0.140625 3.01151 0.0115122
0.140625 3.01151 0.0115122
0.1875 3.01474 0.0147419
0.1875 3.01474 0.0147419
0.234375 3.01818 0.0181793
0.234375 3.01818 0.0181793
0.28125 3.02167 0.0216671
0.28125 3.02167 0.0216671
0.328125 3.02513 0.025133
0.328125 3.02513 0.025133
0.375 3.02855 0.0285465
0.375 3.02855 0.0285465
0.421875 3.03189 0.0318932
0.421875 3.03189 0.0318932
0.46875 3.03516 0.0351633
0.46875 3.03516 0.0351633
0.515625 3.03835 0.0383488
0.515625 3.03835 0.0383488
0.5625 3.04144 0.0414419
0.5625 3.04144 0.0414419
0.609375 3.04444 0.0444351
0.609375 3.04444 0.0444351
0.65625 3.04732 0.0473213
0.65625 3.04732 0.0473213
0.703125 3.05009 0.0500934
0.703125 3.05009 0.0500934
0.75 3.05274 0.0527448
0.75 3.05274 0.0527448
0.796875 3.05527 0.0552692
0.796875 3.05527 0.0552692
0.84375 3.05766 0.0576604
0.84375 3.05766 0.0576604
0.890625 3.05991 0.0599126
0.890625 3.05991 0.0599126
0.9375 3.06202 0.0620206
0.9375 3.06202 0.0620206
0.984375 3.06398 0.0639791
0.984375 3.06398 0.0639791
1.03125 3.06578 0.0657834
1.03125 3.06578 0.0657834
1.07812 3.06743 0.0674293
1.07812 3.06743 0.0674293
1.125 3.06891 0.0689128
1.125 3.06891 0.0689128
1.17188 3.07023 0.0702302
1.17188 3.07023 0.0702302
1.21875 3.07138 0.0713785
1.21875 3.07138 0.0713785
1.26562 3.07235 0.0723548
1.26562 3.07235 0.0723548
1.3125 3.07316 0.0731569
1.3125 3.07316 0.0731569
1.35938 3.07378 0.0737827
1.35938 3.07378 0.0737827
1.40625 3.07423 0.0742308
1.40625 3.07423 0.0742308
1.45312 3.0745 0.0745001
1.45312 3.0745 0.0745001
1.5 3.07459 0.0745899
1.5 3.07459 0.0745899
1.54688 3.0745 0.0745001
1.54688 3.0745 0.0745001
1.59375 3.07423 0.0742308
1.59375 3.07423 0.0742308
1.64062 3.07378 0.0737827
1.64062 3.07378 0.0737827
1.6875 3.07316 0.0731569
1.6875 3.07316 0.0731569
1.73438 3.07235 0.0723548
1.73438 3.07235 0.0723548
1.78125 3.07138 0.0713785
1.78125 3.07138 0.0713785
1.82812 3.07023 0.0702302
1.82812 3.07023 0.0702302
1.875 3.06891 0.0689128
1.875 3.06891 0.0689128
1.92188 3.06743 0.0674293
1.92188 3.06743 0.0674293
1.96875 3.06578 0.0657834
1.96875 3.06578 0.0657834
2.01562 3.06398 0.0639791
2.01562 3.06398 0.0639791
2.0625 3.06202 0.0620206
2.0625 3.06202 0.0620206
2.10938 3.05991 0.0599126
2.10938 3.05991 0.0599126
2.15625 3.05766 0.0576604
2.15625 3.05766 0.0576604
2.20312 3.05527 0.0552692
2.20312 3.05527 0.0552692
2.25 3.05274 0.0527448
2.25 3.05274 0.0527448
2.29688 3.05009 0.0500934
2.29688 3.05009 0.0500934
2.34375 3.04732 0.0473213
2.34375 3.04732 0.0473213
2.39062 3.04444 0.0444351
2.39062 3.04444 0.0444351
2.4375 3.04144 0.0414419
2.4375 3.04144 0.0414419
2.48438 3.03835 0.0383488
2.48438 3.03835 0.0383488
2.53125 3.03516 0.0351633
2.53125 3.03516 0.0351633
2.57812 3.03189 0.0318932
2.57812 3.03189 0.0318932
2.625 3.02855 0.0285465
2.625 3.02855 0.0285465
2.67188 3.02513 0.025133
2.67188 3.02513 0.025133
2.71875 3.02167 0.0216671
2.71875 3.02167 0.0216671
2.76562 3.01818 0.0181793
2.76562 3.01818 0.0181793
2.8125 3.01474 0.0147419
2.8125 3.01474 0.0147419
2.85938 3.01151 0.0115122
2.85938 3.01151 0.0115122
2.90625 3.00877 0.00876986
2.90625 3.00877 0.00876986
2.95312 3.00689 0.00689009
2.95312 3.00689 0.00689009
3 3.00622 0.00621641
