# x y topography
0 3.00702 0.00701704
0.046875 3.00761 0.00761314
0.046875 3.00761 0.00761314
0.09375 3.0093 0.00930158
0.09375 3.0093 0.00930158
0.140625 3.01183 0.0118282
0.140625 3.01183 0.0118282
0.1875 3.01489 0.0148886
0.1875 3.01489 0.0148886
0.234375 3.01822 0.0182237
0.234375 3.01822 0.0182237
0.28125 3.02166 0.0216605
0.28125 3.02166 0.0216605
0.328125 3.0251 0.0251034
0.328125 3.0251 0.0251034
0.375 3.02851 0.0285061
0.375 3.02851 0.0285061
0.421875 3.03185 0.0318461
0.421875 3.03185 0.0318461
0.46875 3.03511 0.0351109
0.46875 3.03511 0.0351109
0.515625 3.03829 0.0382916
0.515625 3.03829 0.0382916
0.5625 3.04138 0.04138
0.5625 3.04138 0.04138
0.609375 3.04437 0.0443687
0.609375 3.04437 0.0443687
0.65625 3.04725 0.0472505
0.65625 3.04725 0.0472505
0.703125 3.05002 0.0500184
0.703125 3.05002 0.0500184
0.75 3.05267 0.0526658
0.75 3.05267 0.0526658
0.796875 3.05519 0.0551864
0.796875 3.05519 0.0551864
0.84375 3.05757 0.0575739
0.84375 3.05757 0.0575739
0.890625 3.05982 0.0598228
0.890625 3.05982 0.0598228
0.9375 3.06193 0.0619275
0.9375 3.06193 0.0619275
0.984375 3.06388 0.063883
0.984375 3.06388 0.063883
1.03125 3.06568 0.0656846
1.03125 3.06568 0.0656846
1.07812 3.06733 0.067328
1.07812 3.06733 0.067328
1.125 3.06881 0.0688092
1.125 3.06881 0.0688092
1.17188 3.07012 0.0701246
1.17188 3.07012 0.0701246
1.21875 3.07127 0.0712711
1.21875 3.07127 0.0712711
1.26562 3.07225 0.0722459
1.26562 3.07225 0.0722459
1.3125 3.07305 0.0730467
1.3125 3.07305 0.0730467
1.35938 3.07367 0.0736716
1.35938 3.07367 0.0736716
1.40625 3.07412 0.074119
1.40625 3.07412 0.074119
1.45312 3.07439 0.0743879
1.45312 3.07439 0.0743879
1.5 3.07448 0.0744776
1.5 3.07448 0.0744776
1.54688 3.07439 0.0743879
1.54688 3.07439 0.0743879
1.59375 3.07412 0.074119
1.59375 3.07412 0.074119
1.64062 3.07367 0.0736716
1.64062 3.07367 0.0736716
1.6875 3.07305 0.0730467
1.6875 3.07305 0.0730467
1.73438 3.07225 0.0722459
1.73438 3.07225 0.0722459
1.78125 3.07127 0.0712711
1.78125 3.07127 0.0712711
1.82812 3.07012 0.0701246
1.82812 3.07012 0.0701246
1.875 3.06881 0.0688092
1.875 3.06881 0.0688092
1.92188 3.06733 0.067328
1.92188 3.06733 0.067328
1.96875 3.06568 0.0656846
1.96875 3.06568 0.0656846
2.01562 3.06388 0.063883
2.01562 3.06388 0.063883
2.0625 3.06193 0.0619275
2.0625 3.06193 0.0619275
2.10938 3.05982 0.0598228
2.10938 3.05982 0.0598228
2.15625 3.05757 0.0575739
2.15625 3.05757 0.0575739
2.20312 3.05519 0.0551864
2.20312 3.05519 0.0551864
2.25 3.05267 0.0526658
2.25 3.05267 0.0526658
2.29688 3.05002 0.0500184
2.29688 3.05002 0.0500184
2.34375 3.04725 0.0472505
2.34375 3.04725 0.0472505
2.39062 3.04437 0.0443687
2.39062 3.04437 0.0443687
2.4375 3.04138 0.04138
2.4375 3.04138 0.04138
2.48438 3.03829 0.0382916
2.48438 3.03829 0.0382916
2.53125 3.03511 0.0351109
2.53125 3.03511 0.0351109
2.57812 3.03185 0.0318461
2.57812 3.03185 0.0318461
2.625 3.02851 0.0285061
2.625 3.02851 0.0285061
2.67188 3.0251 0.0251034
2.67188 3.0251 0.0251034
2.71875 3.02166 0.0216605
2.71875 3.02166 0.0216605
2.76562 3.01822 0.0182237
2.76562 3.01822 0.0182237
2.8125 3.01489 0.0148886
2.8125 3.01489 0.0148886
2.85938 3.01183 0.0118282
2.85938 3.01183 0.0118282
2.90625 3.0093 0.00930158
2.90625 3.0093 0.00930158
2.95312 3.00761 0.00761314
2.95312 3.00761 0.00761314
3 3.00702 0.00701704
