# x y topography
0 3.01218 0.0121768
0.046875 3.01251 0.0125096
0.046875 3.01251 0.0125096
0.09375 3.01349 0.0134882
0.09375 3.01349 0.0134882
0.140625 3.01506 0.015056
0.140625 3.01506 0.015056
0.1875 3.01713 0.0171283
0.1875 3.01713 0.0171283
0.234375 3.0196 0.019604
0.234375 3.0196 0.019604
0.28125 3.02238 0.0223778
0.28125 3.02238 0.0223778
0.328125 3.02535 0.0253511
0.328125 3.02535 0.0253511
0.375 3.02844 0.0284392
0.375 3.02844 0.0284392
0.421875 3.03157 0.031574
0.421875 3.03157 0.031574
0.46875 3.0347 0.0347042
0.46875 3.0347 0.0347042
0.515625 3.03779 0.0377927
0.515625 3.03779 0.0377927
0.5625 3.04081 0.0408135
0.5625 3.04081 0.0408135
0.609375 3.04375 0.0437482
0.609375 3.04375 0.0437482
0.65625 3.04658 0.0465836
0.65625 3.04658 0.0465836
0.703125 3.04931 0.0493096
0.703125 3.04931 0.0493096
0.75 3.05192 0.0519181
0.75 3.05192 0.0519181
0.796875 3.0544 0.054402
0.796875 3.0544 0.054402
0.84375 3.05676 0.0567551
0.84375 3.05676 0.0567551
0.890625 3.05897 0.0589715
0.890625 3.05897 0.0589715
0.9375 3.06105 0.0610458
0.9375 3.06105 0.0610458
0.984375 3.06297 0.062973
0.984375 3.06297 0.062973
1.03125 3.06475 0.0647485
1.03125 3.06475 0.0647485
1.07812 3.06637 0.0663681
1.07812 3.06637 0.0663681
1.125 3.06783 0.0678278
1.125 3.06783 0.0678278
1.17188 3.06912 0.0691241
1.17188 3.06912 0.0691241
1.21875 3.07025 0.0702539
1.21875 3.07025 0.0702539
1.26562 3.07121 0.0712146
1.26562 3.07121 0.0712146
1.3125 3.072 0.0720037
1.3125 3.072 0.0720037
1.35938 3.07262 0.0726195
1.35938 3.07262 0.0726195
1.40625 3.07306 0.0730603
1.40625 3.07306 0.0730603
1.45312 3.07333 0.0733253
1.45312 3.07333 0.0733253
1.5 3.07341 0.0734137
1.5 3.07341 0.0734137
1.54688 3.07333 0.0733253
1.54688 3.07333 0.0733253
1.59375 3.07306 0.0730603
1.59375 3.07306 0.0730603
1.64062 3.07262 0.0726195
1.64062 3.07262 0.0726195
1.6875 3.072 0.0720037
1.6875 3.072 0.0720037
1.73438 3.07121 0.0712146
1.73438 3.07121 0.0712146
1.78125 3.07025 0.0702539
1.78125 3.07025 0.0702539
1.82812 3.06912 0.0691241
1.82812 3.06912 0.0691241
1.875 3.06783 0.0678278
1.875 3.06783 0.0678278
1.92188 3.06637 0.0663681
1.92188 3.06637 0.0663681
1.96875 3.06475 0.0647485
1.96875 3.06475 0.0647485
2.01562 3.06297 0.062973
2.01562 3.06297 0.062973
2.0625 3.06105 0.0610458
2.0625 3.06105 0.0610458
2.10938 3.05897 0.0589715
2.10938 3.05897 0.0589715
2.15625 3.05676 0.0567551
2.15625 3.05676 0.0567551
2.20312 3.0544 0.054402
2.20312 3.0544 0.054402
2.25 3.05192 0.0519181
2.25 3.05192 0.0519181
2.29688 3.04931 0.0493096
2.29688 3.04931 0.0493096
2.34375 3.04658 0.0465836
2.34375 3.04658 0.0465836
2.39062 3.04375 0.0437482
2.39062 3.04375 0.0437482
2.4375 3.04081 0.0408135
2.4375 3.04081 0.0408135
2.48438 3.03779 0.0377927
2.48438 3.03779 0.0377927
2.53125 3.0347 0.0347042
2.53125 3.0347 0.0347042
2.57812 3.03157 0.031574
2.57812 3.03157 0.031574
2.625 3.02844 0.0284392
2.625 3.02844 0.0284392
2.67188 3.02535 0.0253511
2.67188 3.02535 0.0253511
2.71875 3.02238 0.0223778
2.71875 3.02238 0.0223778
2.76562 3.0196 0.019604
2.76562 3.0196 0.019604
2.8125 3.01713 0.0171283
2.8125 3.01713 0.0171283
2.85938 3.01506 0.015056
2.85938 3.01506 0.015056
2.90625 3.01349 0.0134882
2.90625 3.01349 0.0134882
2.95312 3.01251 0.0125096
2.95312 3.01251 0.0125096
3 3.01218 0.0121768
