# x y topography
0 3.00833 0.00832764
0.046875 3.00883 0.00882756
0.046875 3.00883 0.00882756
0.09375 3.01027 0.0102665
0.09375 3.01027 0.0102665
0.140625 3.01248 0.0124822
0.140625 3.01248 0.0124822
0.1875 3.01526 0.0152602
0.1875 3.01526 0.0152602
0.234375 3.01839 0.0183892
0.234375 3.01839 0.0183892
0.28125 3.0217 0.021699
0.28125 3.0217 0.021699
0.328125 3.02507 0.0250728
0.328125 3.02507 0.0250728
0.375 3.02844 0.0284398
0.375 3.02844 0.0284398
0.421875 3.03176 0.0317602
0.421875 3.03176 0.0317602
0.46875 3.03501 0.0350123
0.46875 3.03501 0.0350123
0.515625 3.03818 0.0381828
0.515625 3.03818 0.0381828
0.5625 3.04126 0.0412621
0.5625 3.04126 0.0412621
0.609375 3.04424 0.0442421
0.609375 3.04424 0.0442421
0.65625 3.04712 0.0471156
0.65625 3.04712 0.0471156
0.703125 3.04988 0.0498756
0.703125 3.04988 0.0498756
0.75 3.05252 0.0525154
0.75 3.05252 0.0525154
0.796875 3.05503 0.0550286
0.796875 3.05503 0.0550286
0.84375 3.05741 0.0574092
0.84375 3.05741 0.0574092
0.890625 3.05965 0.0596515
0.890625 3.05965 0.0596515
0.9375 3.06175 0.0617501
0.9375 3.06175 0.0617501
0.984375 3.0637 0.0636999
0.984375 3.0637 0.0636999
1.03125 3.0655 0.0654963
1.03125 3.0655 0.0654963
1.07812 3.06713 0.0671349
1.07812 3.06713 0.0671349
1.125 3.06861 0.0686117
1.125 3.06861 0.0686117
1.17188 3.06992 0.0699233
1.17188 3.06992 0.0699233
1.21875 3.07107 0.0710665
1.21875 3.07107 0.0710665
1.26562 3.07204 0.0720384
1.26562 3.07204 0.0720384
1.3125 3.07284 0.0728369
1.3125 3.07284 0.0728369
1.35938 3.07346 0.0734599
1.35938 3.07346 0.0734599
1.40625 3.07391 0.073906
1.40625 3.07391 0.073906
1.45312 3.07417 0.0741741
1.45312 3.07417 0.0741741
1.5 3.07426 0.0742635
1.5 3.07426 0.0742635
1.54688 3.07417 0.0741741
1.54688 3.07417 0.0741741
1.59375 3.07391 0.073906
1.59375 3.07391 0.073906
1.64062 3.07346 0.0734599
1.64062 3.07346 0.0734599
1.6875 3.07284 0.0728369
1.6875 3.07284 0.0728369
1.73438 3.07204 0.0720384
1.73438 3.07204 0.0720384
1.78125 3.07107 0.0710665
1.78125 3.07107 0.0710665
1.82812 3.06992 0.0699233
1.82812 3.06992 0.0699233
1.875 3.06861 0.0686117
1.875 3.06861 0.0686117
1.92188 3.06713 0.0671349
1.92188 3.06713 0.0671349
1.96875 3.0655 0.0654963
1.96875 3.0655 0.0654963
2.01562 3.0637 0.0636999
2.01562 3.0637 0.0636999
2.0625 3.06175 0.0617501
2.0625 3.06175 0.0617501
2.10938 3.05965 0.0596515
2.10938 3.05965 0.0596515
2.15625 3.05741 0.0574092
2.15625 3.05741 0.0574092
2.20312 3.05503 0.0550286
2.20312 3.05503 0.0550286
2.25 3.05252 0.0525154
2.25 3.05252 0.0525154
2.29688 3.04988 0.0498756
2.29688 3.04988 0.0498756
2.34375 3.04712 0.0471156
2.34375 3.04712 0.0471156
2.39062 3.04424 0.0442421
2.39062 3.04424 0.0442421
2.4375 3.04126 0.0412621
2.4375 3.04126 0.0412621
2.48438 3.03818 0.0381828
2.48438 3.03818 0.0381828
2.53125 3.03501 0.0350123
2.53125 3.03501 0.0350123
2.57812 3.03176 0.0317602
2.57812 3.03176 0.0317602
2.625 3.02844 0.0284398
2.625 3.02844 0.0284398
2.67188 3.02507 0.0250728
2.67188 3.02507 0.0250728
2.71875 3.0217 0.021699
2.71875 3.0217 0.021699
2.76562 3.01839 0.0183892
2.76562 3.01839 0.0183892
2.8125 3.01526 0.0152602
2.8125 3.01526 0.0152602
2.85938 3.01248 0.0124822
2.85938 3.01248 0.0124822
2.90625 3.01027 0.0102665
2.90625 3.01027 0.0102665
2.95312 3.00883 0.00882756
2.95312 3.00883 0.00882756
3 3.00833 0.00832764
