# x y topography
0 3.01237 0.0123651
0.046875 3.01269 0.0126923
0.046875 3.01269 0.0126923
0.09375 3.01365 0.0136548
0.09375 3.01365 0.0136548
0.140625 3.0152 0.0151987
0.140625 3.0152 0.0151987
0.1875 3.01724 0.0172424
0.1875 3.01724 0.0172424
0.234375 3.01969 0.0196884
0.234375 3.01969 0.0196884
0.28125 3.02243 0.0224345
0.28125 3.02243 0.0224345
0.328125 3.02538 0.0253839
0.328125 3.02538 0.0253839
0.375 3.02845 0.0284528
0.375 3.02845 0.0284528
0.421875 3.03157 0.031573
0.421875 3.03157 0.031573
0.46875 3.03469 0.0346927
0.46875 3.03469 0.0346927
0.515625 3.03777 0.0377738
0.515625 3.03777 0.0377738
0.5625 3.04079 0.0407893
0.5625 3.04079 0.0407893
0.609375 3.04372 0.0437202
0.609375 3.04372 0.0437202
0.65625 3.04655 0.0465527
0.65625 3.04655 0.0465527
0.703125 3.04928 0.0492764
0.703125 3.04928 0.0492764
0.75 3.05188 0.0518829
0.75 3.05188 0.0518829
0.796875 3.05437 0.054365
0.796875 3.05437 0.054365
0.84375 3.05672 0.0567164
0.84375 3.05672 0.0567164
0.890625 3.05893 0.0589312
0.890625 3.05893 0.0589312
0.9375 3.061 0.0610041
0.9375 3.061 0.0610041
0.984375 3.06293 0.06293
0.984375 3.06293 0.06293
1.03125 3.0647 0.0647043
1.03125 3.0647 0.0647043
1.07812 3.06632 0.0663227
1.07812 3.06632 0.0663227
1.125 3.06778 0.0677814
1.125 3.06778 0.0677814
1.17188 3.06908 0.0690768
1.17188 3.06908 0.0690768
1.21875 3.07021 0.0702059
1.21875 3.07021 0.0702059
1.26562 3.07117 0.0711658
1.26562 3.07117 0.0711658
1.3125 3.07195 0.0719544
1.3125 3.07195 0.0719544
1.35938 3.07257 0.0725697
1.35938 3.07257 0.0725697
1.40625 3.07301 0.0730103
1.40625 3.07301 0.0730103
1.45312 3.07328 0.0732751
1.45312 3.07328 0.0732751
1.5 3.07336 0.0733634
1.5 3.07336 0.0733634
1.54688 3.07328 0.0732751
1.54688 3.07328 0.0732751
1.59375 3.07301 0.0730103
1.59375 3.07301 0.0730103
1.64062 3.07257 0.0725697
1.64062 3.07257 0.0725697
1.6875 3.07195 0.0719544
1.6875 3.07195 0.0719544
1.73438 3.07117 0.0711658
1.73438 3.07117 0.0711658
1.78125 3.07021 0.0702059
1.78125 3.07021 0.0702059
1.82812 3.06908 0.0690768
1.82812 3.06908 0.0690768
1.875 3.06778 0.0677814
1.875 3.06778 0.0677814
1.92188 3.06632 0.0663227
1.92188 3.06632 0.0663227
1.96875 3.0647 0.0647043
1.96875 3.0647 0.0647043
2.01562 3.06293 0.06293
2.01562 3.06293 0.06293
2.0625 3.061 0.0610041
2.0625 3.061 0.0610041
2.10938 3.05893 0.0589312
2.10938 3.05893 0.0589312
2.15625 3.05672 0.0567164
2.15625 3.05672 0.0567164
2.20312 3.05437 0.054365
2.20312 3.05437 0.054365
2.25 3.05188 0.0518829
2.25 3.05188 0.0518829
2.29688 3.04928 0.0492764
2.29688 3.04928 0.0492764
2.34375 3.04655 0.0465527
2.34375 3.04655 0.0465527
2.39062 3.04372 0.0437202
2.39062 3.04372 0.0437202
2.4375 3.04079 0.0407893
2.4375 3.04079 0.0407893
2.48438 3.03777 0.0377738
2.48438 3.03777 0.0377738
2.53125 3.03469 0.0346927
2.53125 3.03469 0.0346927
2.57812 3.03157 0.031573
2.57812 3.03157 0.031573
2.625 3.02845 0.0284528
2.625 3.02845 0.0284528
2.67188 3.02538 0.0253839
2.67188 3.02538 0.0253839
2.71875 3.02243 0.0224345
2.71875 3.02243 0.0224345
2.76562 3.01969 0.0196884
2.76562 3.01969 0.0196884
2.8125 3.01724 0.0172424
2.8125 3.01724 0.0172424
2.85938 3.0152 0.0151987
2.85938 3.0152 0.0151987
2.90625 3.01365 0.0136548
2.90625 3.01365 0.0136548
2.95312 3.01269 0.0126923
2.95312 3.01269 0.0126923
3 3.01237 0.0123651
