# x y topography
0 3.01118 0.011182
0.046875 3.01155 0.0115475
0.046875 3.01155 0.0115475
0.09375 3.01262 0.0126185
0.09375 3.01262 0.0126185
0.140625 3.01432 0.014323
0.140625 3.01432 0.014323
0.1875 3.01656 0.0165553
0.1875 3.01656 0.0165553
0.234375 3.01919 0.0191929
0.234375 3.01919 0.0191929
0.28125 3.02211 0.0221139
0.28125 3.02211 0.0221139
0.328125 3.02521 0.0252097
0.328125 3.02521 0.0252097
0.375 3.02839 0.0283924
0.375 3.02839 0.0283924
0.421875 3.0316 0.0315961
0.421875 3.0316 0.0315961
0.46875 3.03477 0.0347745
0.46875 3.03477 0.0347745
0.515625 3.0379 0.0378961
0.515625 3.0379 0.0378961
0.5625 3.04094 0.0409399
0.5625 3.04094 0.0409399
0.609375 3.04389 0.0438913
0.609375 3.04389 0.0438913
0.65625 3.04674 0.0467398
0.65625 3.04674 0.0467398
0.703125 3.04948 0.0494767
0.703125 3.04948 0.0494767
0.75 3.05209 0.0520949
0.75 3.05209 0.0520949
0.796875 3.05459 0.0545877
0.796875 3.05459 0.0545877
0.84375 3.05695 0.056949
0.84375 3.05695 0.056949
0.890625 3.05917 0.059173
0.890625 3.05917 0.059173
0.9375 3.06125 0.0612546
0.9375 3.06125 0.0612546
0.984375 3.06319 0.0631885
0.984375 3.06319 0.0631885
1.03125 3.06497 0.0649702
1.03125 3.06497 0.0649702
1.07812 3.0666 0.0665954
1.07812 3.0666 0.0665954
1.125 3.06806 0.0680602
1.125 3.06806 0.0680602
1.17188 3.06936 0.069361
1.17188 3.06936 0.069361
1.21875 3.07049 0.0704948
1.21875 3.07049 0.0704948
1.26562 3.07146 0.0714588
1.26562 3.07146 0.0714588
1.3125 3.07225 0.0722507
1.3125 3.07225 0.0722507
1.35938 3.07287 0.0728686
1.35938 3.07287 0.0728686
1.40625 3.07331 0.073311
1.40625 3.07331 0.073311
1.45312 3.07358 0.0735769
1.45312 3.07358 0.0735769
1.5 3.07367 0.0736656
1.5 3.07367 0.0736656
1.54688 3.07358 0.0735769
1.54688 3.07358 0.0735769
1.59375 3.07331 0.073311
1.59375 3.07331 0.073311
1.64062 3.07287 0.0728686
1.64062 3.07287 0.0728686
1.6875 3.07225 0.0722507
1.6875 3.07225 0.0722507
1.73438 3.07146 0.0714588
1.73438 3.07146 0.0714588
1.78125 3.07049 0.0704948
1.78125 3.07049 0.0704948
1.82812 3.06936 0.069361
1.82812 3.06936 0.069361
1.875 3.06806 0.0680602
1.875 3.06806 0.0680602
1.92188 3.0666 0.0665954
1.92188 3.0666 0.0665954
1.96875 3.06497 0.0649702
1.96875 3.06497 0.0649702
2.01562 3.06319 0.0631885
2.01562 3.06319 0.0631885
2.0625 3.06125 0.0612546
2.0625 3.06125 0.0612546
2.10938 3.05917 0.059173
2.10938 3.05917 0.059173
2.15625 3.05695 0.056949
2.15625 3.05695 0.056949
2.20312 3.05459 0.0545877
2.20312 3.05459 0.0545877
2.25 3.05209 0.0520949
2.25 3.05209 0.0520949
2.29688 3.04948 0.0494767
2.29688 3.04948 0.0494767
2.34375 3.04674 0.0467398
2.34375 3.04674 0.0467398
2.39062 3.04389 0.0438913
2.39062 3.04389 0.0438913
2.4375 3.04094 0.0409399
2.4375 3.04094 0.0409399
2.48438 3.0379 0.0378961
2.48438 3.0379 0.0378961
2.53125 3.03477 0.0347745
2.53125 3.03477 0.0347745
2.57812 3.0316 0.0315961
2.57812 3.0316 0.0315961
2.625 3.02839 0.0283924
2.625 3.02839 0.0283924
2.67188 3.02521 0.0252097
2.67188 3.02521 0.0252097
2.71875 3.02211 0.0221139
2.71875 3.02211 0.0221139
2.76562 3.01919 0.0191929
2.76562 3.01919 0.0191929
2.8125 3.01656 0.0165553
2.8125 3.01656 0.0165553
2.85938 3.01432 0.014323
2.85938 3.01432 0.014323
2.90625 3.01262 0.0126185
2.90625 3.01262 0.0126185
2.95312 3.01155 0.0115475
2.95312 3.01155 0.0115475
3 3.01118 0.011182
