# x y topography
0 3.00904 0.00904006
0.046875 3.0095 0.00949889
0.046875 3.0095 0.00949889
0.09375 3.01083 0.0108276
0.09375 3.01083 0.0108276
0.140625 3.0129 0.0128961
0.140625 3.0129 0.0128961
0.1875 3.01553 0.0155264
0.1875 3.01553 0.0155264
0.234375 3.01853 0.0185332
0.234375 3.01853 0.0185332
0.28125 3.02176 0.021756
0.28125 3.02176 0.021756
0.328125 3.02507 0.0250749
0.328125 3.02507 0.0250749
0.375 3.02841 0.0284099
0.375 3.02841 0.0284099
0.421875 3.03171 0.0317123
0.421875 3.03171 0.0317123
0.46875 3.03495 0.0349535
0.46875 3.03495 0.0349535
0.515625 3.03812 0.0381164
0.515625 3.03812 0.0381164
0.5625 3.04119 0.0411895
0.5625 3.04119 0.0411895
0.609375 3.04416 0.044164
0.609375 3.04416 0.044164
0.65625 3.04703 0.0470323
0.65625 3.04703 0.0470323
0.703125 3.04979 0.0497874
0.703125 3.04979 0.0497874
0.75 3.05242 0.0524224
0.75 3.05242 0.0524224
0.796875 3.05493 0.0549311
0.796875 3.05493 0.0549311
0.84375 3.05731 0.0573075
0.84375 3.05731 0.0573075
0.890625 3.05955 0.0595458
0.890625 3.05955 0.0595458
0.9375 3.06164 0.0616406
0.9375 3.06164 0.0616406
0.984375 3.06359 0.0635869
0.984375 3.06359 0.0635869
1.03125 3.06538 0.06538
1.03125 3.06538 0.06538
1.07812 3.06702 0.0670156
1.07812 3.06702 0.0670156
1.125 3.06849 0.0684898
1.125 3.06849 0.0684898
1.17188 3.0698 0.069799
1.17188 3.0698 0.069799
1.21875 3.07094 0.0709401
1.21875 3.07094 0.0709401
1.26562 3.07191 0.0719103
1.26562 3.07191 0.0719103
1.3125 3.07271 0.0727073
1.3125 3.07271 0.0727073
1.35938 3.07333 0.0733292
1.35938 3.07333 0.0733292
1.40625 3.07377 0.0737745
1.40625 3.07377 0.0737745
1.45312 3.07404 0.0740421
1.45312 3.07404 0.0740421
1.5 3.07413 0.0741313
1.5 3.07413 0.0741313
1.54688 3.07404 0.0740421
1.54688 3.07404 0.0740421
1.59375 3.07377 0.0737745
1.59375 3.07377 0.0737745
1.64062 3.07333 0.0733292
1.64062 3.07333 0.0733292
1.6875 3.07271 0.0727073
1.6875 3.07271 0.0727073
1.73438 3.07191 0.0719103
1.73438 3.07191 0.0719103
1.78125 3.07094 0.0709401
1.78125 3.07094 0.0709401
1.82812 3.0698 0.069799
1.82812 3.0698 0.069799
1.875 3.06849 0.0684898
1.875 3.06849 0.0684898
1.92188 3.06702 0.0670156
1.92188 3.06702 0.0670156
1.96875 3.06538 0.06538
1.96875 3.06538 0.06538
2.01562 3.06359 0.0635869
2.01562 3.06359 0.0635869
2.0625 3.06164 0.0616406
2.0625 3.06164 0.0616406
2.10938 3.05955 0.0595458
2.10938 3.05955 0.0595458
2.15625 3.05731 0.0573075
2.15625 3.05731 0.0573075
2.20312 3.05493 0.0549311
2.20312 3.05493 0.0549311
2.25 3.05242 0.0524224
2.25 3.05242 0.0524224
2.29688 3.04979 0.0497874
2.29688 3.04979 0.0497874
2.34375 3.04703 0.0470323
2.34375 3.04703 0.0470323
2.39062 3.04416 0.044164
2.39062 3.04416 0.044164
2.4375 3.04119 0.0411895
2.4375 3.04119 0.0411895
2.48438 3.03812 0.0381164
2.48438 3.03812 0.0381164
2.53125 3.03495 0.0349535
2.53125 3.03495 0.0349535
2.57812 3.03171 0.0317123
2.57812 3.03171 0.0317123
2.625 3.02841 0.0284099
2.625 3.02841 0.0284099
2.67188 3.02507 0.0250749
2.67188 3.02507 0.0250749
2.71875 3.02176 0.021756
2.71875 3.02176 0.021756
2.76562 3.01853 0.0185332
2.76562 3.01853 0.0185332
2.8125 3.01553 0.0155264
2.8125 3.01553 0.0155264
2.85938 3.0129 0.0128961
2.85938 3.0129 0.0128961
2.90625 3.01083 0.0108276
2.90625 3.01083 0.0108276
2.95312 3.0095 0.00949889
2.95312 3.0095 0.00949889
3 3.00904 0.00904006
