# x y topography
0 3.00742 0.00741623
0.046875 3.00798 0.0079796
0.046875 3.00798 0.0079796
0.09375 3.00958 0.00958463
0.09375 3.00958 0.00958463
0.140625 3.01201 0.0120108
0.140625 3.01201 0.0120108
0.1875 3.01498 0.0149848
0.1875 3.01498 0.0149848
0.234375 3.01826 0.018261
0.234375 3.01826 0.018261
0.28125 3.02166 0.0216645
0.28125 3.02166 0.0216645
0.328125 3.02509 0.0250908
0.328125 3.02509 0.0250908
0.375 3.02849 0.0284853
0.375 3.02849 0.0284853
0.421875 3.03182 0.0318208
0.421875 3.03182 0.0318208
0.46875 3.03508 0.0350825
0.46875 3.03508 0.0350825
0.515625 3.03826 0.0382604
0.515625 3.03826 0.0382604
0.5625 3.04135 0.0413462
0.5625 3.04135 0.0413462
0.609375 3.04433 0.0443325
0.609375 3.04433 0.0443325
0.65625 3.04721 0.0472119
0.65625 3.04721 0.0472119
0.703125 3.04998 0.0499776
0.703125 3.04998 0.0499776
0.75 3.05262 0.0526228
0.75 3.05262 0.0526228
0.796875 3.05514 0.0551412
0.796875 3.05514 0.0551412
0.84375 3.05753 0.0575268
0.84375 3.05753 0.0575268
0.890625 3.05977 0.0597738
0.890625 3.05977 0.0597738
0.9375 3.06188 0.0618768
0.9375 3.06188 0.0618768
0.984375 3.06383 0.0638306
0.984375 3.06383 0.0638306
1.03125 3.06563 0.0656307
1.03125 3.06563 0.0656307
1.07812 3.06727 0.0672728
1.07812 3.06727 0.0672728
1.125 3.06875 0.0687527
1.125 3.06875 0.0687527
1.17188 3.07007 0.070067
1.17188 3.07007 0.070067
1.21875 3.07121 0.0712126
1.21875 3.07121 0.0712126
1.26562 3.07219 0.0721866
1.26562 3.07219 0.0721866
1.3125 3.07299 0.0729867
1.3125 3.07299 0.0729867
1.35938 3.07361 0.073611
1.35938 3.07361 0.073611
1.40625 3.07406 0.0740581
1.40625 3.07406 0.0740581
1.45312 3.07433 0.0743267
1.45312 3.07433 0.0743267
1.5 3.07442 0.0744163
1.5 3.07442 0.0744163
1.54688 3.07433 0.0743267
1.54688 3.07433 0.0743267
1.59375 3.07406 0.0740581
1.59375 3.07406 0.0740581
1.64062 3.07361 0.073611
1.64062 3.07361 0.073611
1.6875 3.07299 0.0729867
1.6875 3.07299 0.0729867
1.73438 3.07219 0.0721866
1.73438 3.07219 0.0721866
1.78125 3.07121 0.0712126
1.78125 3.07121 0.0712126
1.82812 3.07007 0.070067
1.82812 3.07007 0.070067
1.875 3.06875 0.0687527
1.875 3.06875 0.0687527
1.92188 3.06727 0.0672728
1.92188 3.06727 0.0672728
1.96875 3.06563 0.0656307
1.96875 3.06563 0.0656307
2.01562 3.06383 0.0638306
2.01562 3.06383 0.0638306
2.0625 3.06188 0.0618768
2.0625 3.06188 0.0618768
2.10938 3.05977 0.0597738
2.10938 3.05977 0.0597738
2.15625 3.05753 0.0575268
2.15625 3.05753 0.0575268
2.20312 3.05514 0.0551412
2.20312 3.05514 0.0551412
2.25 3.05262 0.0526228
2.25 3.05262 0.0526228
2.29688 3.04998 0.0499776
2.29688 3.04998 0.0499776
2.34375 3.04721 0.0472119
2.34375 3.04721 0.0472119
2.39062 3.04433 0.0443325
2.39062 3.04433 0.0443325
2.4375 3.04135 0.0413462
2.4375 3.04135 0.0413462
2.48438 3.03826 0.0382604
2.48438 3.03826 0.0382604
2.53125 3.03508 0.0350825
2.53125 3.03508 0.0350825
2.57812 3.03182 0.0318208
2.57812 3.03182 0.0318208
2.625 3.02849 0.0284853
2.625 3.02849 0.0284853
2.67188 3.02509 0.0250908
2.67188 3.02509 0.0250908
2.71875 3.02166 0.0216645
2.71875 3.02166 0.0216645
2.76562 3.01826 0.018261
2.76562 3.01826 0.018261
2.8125 3.01498 0.0149848
2.8125 3.01498 0.0149848
2.85938 3.01201 0.0120108
2.85938 3.01201 0.0120108
2.90625 3.00958 0.00958463
2.90625 3.00958 0.00958463
2.95312 3.00798 0.0079796
2.95312 3.00798 0.0079796
3 3.00742 0.00741623
