# x y topography
0 3.00491 0.00491213
0.046875 3.00576 0.00576244
0.046875 3.00576 0.00576244
0.09375 3.00804 0.00804058
0.09375 3.00804 0.00804058
0.140625 3.01116 0.0111611
0.140625 3.01116 0.0111611
0.1875 3.01462 0.0146245
0.1875 3.01462 0.0146245
0.234375 3.01817 0.0181695
0.234375 3.01817 0.0181695
0.28125 3.0217 0.0216989
0.28125 3.0217 0.0216989
0.328125 3.02518 0.0251814
0.328125 3.02518 0.0251814
0.375 3.0286 0.0286042
0.375 3.0286 0.0286042
0.421875 3.03196 0.0319581
0.421875 3.03196 0.0319581
0.46875 3.03524 0.035235
0.46875 3.03524 0.035235
0.515625 3.03843 0.038427
0.515625 3.03843 0.038427
0.5625 3.04153 0.0415265
0.5625 3.04153 0.0415265
0.609375 3.04453 0.0445259
0.609375 3.04453 0.0445259
0.65625 3.04742 0.047418
0.65625 3.04742 0.047418
0.703125 3.0502 0.0501958
0.703125 3.0502 0.0501958
0.75 3.05285 0.0528527
0.75 3.05285 0.0528527
0.796875 3.05538 0.0553823
0.796875 3.05538 0.0553823
0.84375 3.05778 0.0577785
0.84375 3.05778 0.0577785
0.890625 3.06004 0.0600354
0.890625 3.06004 0.0600354
0.9375 3.06215 0.0621477
0.9375 3.06215 0.0621477
0.984375 3.06411 0.0641103
0.984375 3.06411 0.0641103
1.03125 3.06592 0.0659185
1.03125 3.06592 0.0659185
1.07812 3.06757 0.0675678
1.07812 3.06757 0.0675678
1.125 3.06905 0.0690544
1.125 3.06905 0.0690544
1.17188 3.07037 0.0703746
1.17188 3.07037 0.0703746
1.21875 3.07153 0.0715253
1.21875 3.07153 0.0715253
1.26562 3.0725 0.0725036
1.26562 3.0725 0.0725036
1.3125 3.07331 0.0733074
1.3125 3.07331 0.0733074
1.35938 3.07393 0.0739345
1.35938 3.07393 0.0739345
1.40625 3.07438 0.0743835
1.40625 3.07438 0.0743835
1.45312 3.07465 0.0746534
1.45312 3.07465 0.0746534
1.5 3.07474 0.0747434
1.5 3.07474 0.0747434
1.54688 3.07465 0.0746534
1.54688 3.07465 0.0746534
1.59375 3.07438 0.0743835
1.59375 3.07438 0.0743835
1.64062 3.07393 0.0739345
1.64062 3.07393 0.0739345
1.6875 3.07331 0.0733074
1.6875 3.07331 0.0733074
1.73438 3.0725 0.0725036
1.73438 3.0725 0.0725036
1.78125 3.07153 0.0715253
1.78125 3.07153 0.0715253
1.82812 3.07037 0.0703746
1.82812 3.07037 0.0703746
1.875 3.06905 0.0690544
1.875 3.06905 0.0690544
1.92188 3.06757 0.0675678
1.92188 3.06757 0.0675678
1.96875 3.06592 0.0659185
1.96875 3.06592 0.0659185
2.01562 3.06411 0.0641103
2.01562 3.06411 0.0641103
2.0625 3.06215 0.0621477
2.0625 3.06215 0.0621477
2.10938 3.06004 0.0600354
2.10938 3.06004 0.0600354
2.15625 3.05778 0.0577785
2.15625 3.05778 0.0577785
2.20312 3.05538 0.0553823
2.20312 3.05538 0.0553823
2.25 3.05285 0.0528527
2.25 3.05285 0.0528527
2.29688 3.0502 0.0501958
2.29688 3.0502 0.0501958
2.34375 3.04742 0.047418
2.34375 3.04742 0.047418
2.39062 3.04453 0.0445259
2.39062 3.04453 0.0445259
2.4375 3.04153 0.0415265
2.4375 3.04153 0.0415265
2.48438 3.03843 0.038427
2.48438 3.03843 0.038427
2.53125 3.03524 0.035235
2.53125 3.03524 0.035235
2.57812 3.03196 0.0319581
2.57812 3.03196 0.0319581
2.625 3.0286 0.0286042
2.625 3.0286 0.0286042
2.67188 3.02518 0.0251814
2.67188 3.02518 0.0251814
2.71875 3.0217 0.0216989
2.71875 3.0217 0.0216989
2.76562 3.01817 0.0181695
2.76562 3.01817 0.0181695
2.8125 3.01462 0.0146245
2.8125 3.01462 0.0146245
2.85938 3.01116 0.0111611
2.85938 3.01116 0.0111611
2.90625 3.00804 0.00804058
2.90625 3.00804 0.00804058
2.95312 3.00576 0.00576244
2.95312 3.00576 0.00576244
3 3.00491 0.00491213
