# x y topography
0 3.01291 0.0129117
0.046875 3.01322 0.0132234
0.046875 3.01322 0.0132234
0.09375 3.01414 0.0141418
0.09375 3.01414 0.0141418
0.140625 3.01562 0.015619
0.140625 3.01562 0.015619
0.1875 3.01758 0.0175827
0.1875 3.01758 0.0175827
0.234375 3.01994 0.0199446
0.234375 3.01994 0.0199446
0.28125 3.02261 0.0226106
0.28125 3.02261 0.0226106
0.328125 3.02549 0.0254898
0.328125 3.02549 0.0254898
0.375 3.0285 0.0285011
0.375 3.0285 0.0285011
0.421875 3.03158 0.0315768
0.421875 3.03158 0.0315768
0.46875 3.03466 0.0346635
0.46875 3.03466 0.0346635
0.515625 3.03772 0.0377208
0.515625 3.03772 0.0377208
0.5625 3.04072 0.0407194
0.5625 3.04072 0.0407194
0.609375 3.04364 0.043638
0.609375 3.04364 0.043638
0.65625 3.04646 0.0464612
0.65625 3.04646 0.0464612
0.703125 3.04918 0.0491775
0.703125 3.04918 0.0491775
0.75 3.05178 0.0517777
0.75 3.05178 0.0517777
0.796875 3.05425 0.0542542
0.796875 3.05425 0.0542542
0.84375 3.0566 0.0566006
0.84375 3.0566 0.0566006
0.890625 3.05881 0.0588107
0.890625 3.05881 0.0588107
0.9375 3.06088 0.0608793
0.9375 3.06088 0.0608793
0.984375 3.0628 0.0628011
0.984375 3.0628 0.0628011
1.03125 3.06457 0.0645717
1.03125 3.06457 0.0645717
1.07812 3.06619 0.0661868
1.07812 3.06619 0.0661868
1.125 3.06764 0.0676424
1.125 3.06764 0.0676424
1.17188 3.06894 0.0689352
1.17188 3.06894 0.0689352
1.21875 3.07006 0.0700619
1.21875 3.07006 0.0700619
1.26562 3.07102 0.0710198
1.26562 3.07102 0.0710198
1.3125 3.07181 0.0718068
1.3125 3.07181 0.0718068
1.35938 3.07242 0.0724208
1.35938 3.07242 0.0724208
1.40625 3.07286 0.0728605
1.40625 3.07286 0.0728605
1.45312 3.07312 0.0731247
1.45312 3.07312 0.0731247
1.5 3.07321 0.0732128
1.5 3.07321 0.0732128
1.54688 3.07312 0.0731247
1.54688 3.07312 0.0731247
1.59375 3.07286 0.0728605
1.59375 3.07286 0.0728605
1.64062 3.07242 0.0724208
1.64062 3.07242 0.0724208
1.6875 3.07181 0.0718068
1.6875 3.07181 0.0718068
1.73438 3.07102 0.0710198
1.73438 3.07102 0.0710198
1.78125 3.07006 0.0700619
1.78125 3.07006 0.0700619
1.82812 3.06894 0.0689352
1.82812 3.06894 0.0689352
1.875 3.06764 0.0676424
1.875 3.06764 0.0676424
1.92188 3.06619 0.0661868
1.92188 3.06619 0.0661868
1.96875 3.06457 0.0645717
1.96875 3.06457 0.0645717
2.01562 3.0628 0.0628011
2.01562 3.0628 0.0628011
2.0625 3.06088 0.0608793
2.0625 3.06088 0.0608793
2.10938 3.05881 0.0588107
2.10938 3.05881 0.0588107
2.15625 3.0566 0.0566006
2.15625 3.0566 0.0566006
2.20312 3.05425 0.0542542
2.20312 3.05425 0.0542542
2.25 3.05178 0.0517777
2.25 3.05178 0.0517777
2.29688 3.04918 0.0491775
2.29688 3.04918 0.0491775
2.34375 3.04646 0.0464612
2.34375 3.04646 0.0464612
2.39062 3.04364 0.043638
2.39062 3.04364 0.043638
2.4375 3.04072 0.0407194
2.4375 3.04072 0.0407194
2.48438 3.03772 0.0377208
2.48438 3.03772 0.0377208
2.53125 3.03466 0.0346635
2.53125 3.03466 0.0346635
2.57812 3.03158 0.0315768
2.57812 3.03158 0.0315768
2.625 3.0285 0.0285011
2.625 3.0285 0.0285011
2.67188 3.02549 0.0254898
2.67188 3.02549 0.0254898
2.71875 3.02261 0.0226106
2.71875 3.02261 0.0226106
2.76562 3.01994 0.0199446
2.76562 3.01994 0.0199446
2.8125 3.01758 0.0175827
2.8125 3.01758 0.0175827
2.85938 3.01562 0.015619
2.85938 3.01562 0.015619
2.90625 3.01414 0.0141418
2.90625 3.01414 0.0141418
2.95312 3.01322 0.0132234
2.95312 3.01322 0.0132234
3 3.01291 0.0129117
