# x y topography
0 3.01135 0.0113477
0.046875 3.01171 0.0117074
0.046875 3.01171 0.0117074
0.09375 3.01276 0.012762
0.09375 3.01276 0.012762
0.140625 3.01444 0.0144425
0.140625 3.01444 0.0144425
0.1875 3.01665 0.0166471
0.1875 3.01665 0.0166471
0.234375 3.01926 0.0192571
0.234375 3.01926 0.0192571
0.28125 3.02215 0.0221536
0.28125 3.02215 0.0221536
0.328125 3.02523 0.0252296
0.328125 3.02523 0.0252296
0.375 3.0284 0.0283974
0.375 3.0284 0.0283974
0.421875 3.03159 0.0315906
0.421875 3.03159 0.0315906
0.46875 3.03476 0.0347618
0.46875 3.03476 0.0347618
0.515625 3.03788 0.0378786
0.515625 3.03788 0.0378786
0.5625 3.04092 0.0409191
0.5625 3.04092 0.0409191
0.609375 3.04387 0.0438681
0.609375 3.04387 0.0438681
0.65625 3.04671 0.0467146
0.65625 3.04671 0.0467146
0.703125 3.04945 0.0494499
0.703125 3.04945 0.0494499
0.75 3.05207 0.0520665
0.75 3.05207 0.0520665
0.796875 3.05456 0.0545579
0.796875 3.05456 0.0545579
0.84375 3.05692 0.0569179
0.84375 3.05692 0.0569179
0.890625 3.05914 0.0591407
0.890625 3.05914 0.0591407
0.9375 3.06122 0.0612211
0.9375 3.06122 0.0612211
0.984375 3.06315 0.063154
0.984375 3.06315 0.063154
1.03125 3.06493 0.0649347
1.03125 3.06493 0.0649347
1.07812 3.06656 0.066559
1.07812 3.06656 0.066559
1.125 3.06802 0.0680229
1.125 3.06802 0.0680229
1.17188 3.06932 0.069323
1.17188 3.06932 0.069323
1.21875 3.07046 0.0704562
1.21875 3.07046 0.0704562
1.26562 3.07142 0.0714196
1.26562 3.07142 0.0714196
1.3125 3.07221 0.0722111
1.3125 3.07221 0.0722111
1.35938 3.07283 0.0728287
1.35938 3.07283 0.0728287
1.40625 3.07327 0.0732708
1.40625 3.07327 0.0732708
1.45312 3.07354 0.0735366
1.45312 3.07354 0.0735366
1.5 3.07363 0.0736252
1.5 3.07363 0.0736252
1.54688 3.07354 0.0735366
1.54688 3.07354 0.0735366
1.59375 3.07327 0.0732708
1.59375 3.07327 0.0732708
1.64062 3.07283 0.0728287
1.64062 3.07283 0.0728287
1.6875 3.07221 0.0722111
1.6875 3.07221 0.0722111
1.73438 3.07142 0.0714196
1.73438 3.07142 0.0714196
1.78125 3.07046 0.0704562
1.78125 3.07046 0.0704562
1.82812 3.06932 0.069323
1.82812 3.06932 0.069323
1.875 3.06802 0.0680229
1.875 3.06802 0.0680229
1.92188 3.06656 0.066559
1.92188 3.06656 0.066559
1.96875 3.06493 0.0649347
1.96875 3.06493 0.0649347
2.01562 3.06315 0.063154
2.01562 3.06315 0.063154
2.0625 3.06122 0.0612211
2.0625 3.06122 0.0612211
2.10938 3.05914 0.0591407
2.10938 3.05914 0.0591407
2.15625 3.05692 0.0569179
2.15625 3.05692 0.0569179
2.20312 3.05456 0.0545579
2.20312 3.05456 0.0545579
2.25 3.05207 0.0520665
2.25 3.05207 0.0520665
2.29688 3.04945 0.0494499
2.29688 3.04945 0.0494499
2.34375 3.04671 0.0467146
2.34375 3.04671 0.0467146
2.39062 3.04387 0.0438681
2.39062 3.04387 0.0438681
2.4375 3.04092 0.0409191
2.4375 3.04092 0.0409191
2.48438 3.03788 0.0378786
2.48438 3.03788 0.0378786
2.53125 3.03476 0.0347618
2.53125 3.03476 0.0347618
2.57812 3.03159 0.0315906
2.57812 3.03159 0.0315906
2.625 3.0284 0.0283974
2.625 3.0284 0.0283974
2.67188 3.02523 0.0252296
2.67188 3.02523 0.0252296
2.71875 3.02215 0.0221536
2.71875 3.02215 0.0221536
2.76562 3.01926 0.0192571
2.76562 3.01926 0.0192571
2.8125 3.01665 0.0166471
2.8125 3.01665 0.0166471
2.85938 3.01444 0.0144425
2.85938 3.01444 0.0144425
2.90625 3.01276 0.012762
2.90625 3.01276 0.012762
2.95312 3.01171 0.0117074
2.95312 3.01171 0.0117074
3 3.01135 0.0113477
