# x y topography
0 3.01214 0.0121388
0.046875 3.01247 0.0124727
0.046875 3.01247 0.0124727
0.09375 3.01345 0.0134546
0.09375 3.01345 0.0134546
0.140625 3.01503 0.0150273
0.140625 3.01503 0.0150273
0.1875 3.01711 0.0171055
0.1875 3.01711 0.0171055
0.234375 3.01959 0.0195872
0.234375 3.01959 0.0195872
0.28125 3.02237 0.0223666
0.28125 3.02237 0.0223666
0.328125 3.02534 0.0253447
0.328125 3.02534 0.0253447
0.375 3.02844 0.0284366
0.375 3.02844 0.0284366
0.421875 3.03157 0.0315743
0.421875 3.03157 0.0315743
0.46875 3.03471 0.0347066
0.46875 3.03471 0.0347066
0.515625 3.0378 0.0377966
0.515625 3.0378 0.0377966
0.5625 3.04082 0.0408184
0.5625 3.04082 0.0408184
0.609375 3.04375 0.0437538
0.609375 3.04375 0.0437538
0.65625 3.04659 0.0465898
0.65625 3.04659 0.0465898
0.703125 3.04932 0.0493163
0.703125 3.04932 0.0493163
0.75 3.05193 0.0519252
0.75 3.05193 0.0519252
0.796875 3.05441 0.0544094
0.796875 3.05441 0.0544094
0.84375 3.05676 0.0567628
0.84375 3.05676 0.0567628
0.890625 3.05898 0.0589795
0.890625 3.05898 0.0589795
0.9375 3.06105 0.0610541
0.9375 3.06105 0.0610541
0.984375 3.06298 0.0629816
0.984375 3.06298 0.0629816
1.03125 3.06476 0.0647574
1.03125 3.06476 0.0647574
1.07812 3.06638 0.0663772
1.07812 3.06638 0.0663772
1.125 3.06784 0.0678371
1.125 3.06784 0.0678371
1.17188 3.06913 0.0691336
1.17188 3.06913 0.0691336
1.21875 3.07026 0.0702635
1.21875 3.07026 0.0702635
1.26562 3.07122 0.0712243
1.26562 3.07122 0.0712243
1.3125 3.07201 0.0720136
1.3125 3.07201 0.0720136
1.35938 3.07263 0.0726294
1.35938 3.07263 0.0726294
1.40625 3.07307 0.0730704
1.40625 3.07307 0.0730704
1.45312 3.07334 0.0733353
1.45312 3.07334 0.0733353
1.5 3.07342 0.0734237
1.5 3.07342 0.0734237
1.54688 3.07334 0.0733353
1.54688 3.07334 0.0733353
1.59375 3.07307 0.0730704
1.59375 3.07307 0.0730704
1.64062 3.07263 0.0726294
1.64062 3.07263 0.0726294
1.6875 3.07201 0.0720136
1.6875 3.07201 0.0720136
1.73438 3.07122 0.0712243
1.73438 3.07122 0.0712243
1.78125 3.07026 0.0702635
1.78125 3.07026 0.0702635
1.82812 3.06913 0.0691336
1.82812 3.06913 0.0691336
1.875 3.06784 0.0678371
1.875 3.06784 0.0678371
1.92188 3.06638 0.0663772
1.92188 3.06638 0.0663772
1.96875 3.06476 0.0647574
1.96875 3.06476 0.0647574
2.01562 3.06298 0.0629816
2.01562 3.06298 0.0629816
2.0625 3.06105 0.0610541
2.0625 3.06105 0.0610541
2.10938 3.05898 0.0589795
2.10938 3.05898 0.0589795
2.15625 3.05676 0.0567628
2.15625 3.05676 0.0567628
2.20312 3.05441 0.0544094
2.20312 3.05441 0.0544094
2.25 3.05193 0.0519252
2.25 3.05193 0.0519252
2.29688 3.04932 0.0493163
2.29688 3.04932 0.0493163
2.34375 3.04659 0.0465898
2.34375 3.04659 0.0465898
2.39062 3.04375 0.0437538
2.39062 3.04375 0.0437538
2.4375 3.04082 0.0408184
2.4375 3.04082 0.0408184
2.48438 3.0378 0.0377966
2.48438 3.0378 0.0377966
2.53125 3.03471 0.0347066
2.53125 3.03471 0.0347066
2.57812 3.03157 0.0315743
2.57812 3.03157 0.0315743
2.625 3.02844 0.0284366
2.625 3.02844 0.0284366
2.67188 3.02534 0.0253447
2.67188 3.02534 0.0253447
2.71875 3.02237 0.0223666
2.71875 3.02237 0.0223666
2.76562 3.01959 0.0195872
2.76562 3.01959 0.0195872
2.8125 3.01711 0.0171055
2.8125 3.01711 0.0171055
2.85938 3.01503 0.0150273
2.85938 3.01503 0.0150273
2.90625 3.01345 0.0134546
2.90625 3.01345 0.0134546
2.95312 3.01247 0.0124727
2.95312 3.01247 0.0124727
3 3.01214 0.0121388
