# x y topography
0 3.01195 0.0119464
0.046875 3.01229 0.0122863
0.046875 3.01229 0.0122863
0.09375 3.01329 0.0132851
0.09375 3.01329 0.0132851
0.140625 3.01488 0.0148831
0.140625 3.01488 0.0148831
0.1875 3.01699 0.0169911
0.1875 3.01699 0.0169911
0.234375 3.0195 0.0195035
0.234375 3.0195 0.0195035
0.28125 3.02231 0.0223113
0.28125 3.02231 0.0223113
0.328125 3.02531 0.0253136
0.328125 3.02531 0.0253136
0.375 3.02842 0.0284247
0.375 3.02842 0.0284247
0.421875 3.03158 0.0315766
0.421875 3.03158 0.0315766
0.46875 3.03472 0.0347191
0.46875 3.03472 0.0347191
0.515625 3.03782 0.0378162
0.515625 3.03782 0.0378162
0.5625 3.04084 0.040843
0.5625 3.04084 0.040843
0.609375 3.04378 0.0437821
0.609375 3.04378 0.0437821
0.65625 3.04662 0.0466208
0.65625 3.04662 0.0466208
0.703125 3.04935 0.0493496
0.703125 3.04935 0.0493496
0.75 3.05196 0.0519604
0.75 3.05196 0.0519604
0.796875 3.05445 0.0544465
0.796875 3.05445 0.0544465
0.84375 3.0568 0.0568015
0.84375 3.0568 0.0568015
0.890625 3.05902 0.0590198
0.890625 3.05902 0.0590198
0.9375 3.0611 0.0610958
0.9375 3.0611 0.0610958
0.984375 3.06302 0.0630246
0.984375 3.06302 0.0630246
1.03125 3.0648 0.0648017
1.03125 3.0648 0.0648017
1.07812 3.06642 0.0664226
1.07812 3.06642 0.0664226
1.125 3.06788 0.0678835
1.125 3.06788 0.0678835
1.17188 3.06918 0.0691809
1.17188 3.06918 0.0691809
1.21875 3.07031 0.0703117
1.21875 3.07031 0.0703117
1.26562 3.07127 0.0712731
1.26562 3.07127 0.0712731
1.3125 3.07206 0.0720629
1.3125 3.07206 0.0720629
1.35938 3.07268 0.0726792
1.35938 3.07268 0.0726792
1.40625 3.07312 0.0731204
1.40625 3.07312 0.0731204
1.45312 3.07339 0.0733856
1.45312 3.07339 0.0733856
1.5 3.07347 0.0734741
1.5 3.07347 0.0734741
1.54688 3.07339 0.0733856
1.54688 3.07339 0.0733856
1.59375 3.07312 0.0731204
1.59375 3.07312 0.0731204
1.64062 3.07268 0.0726792
1.64062 3.07268 0.0726792
1.6875 3.07206 0.0720629
1.6875 3.07206 0.0720629
1.73438 3.07127 0.0712731
1.73438 3.07127 0.0712731
1.78125 3.07031 0.0703117
1.78125 3.07031 0.0703117
1.82812 3.06918 0.0691809
1.82812 3.06918 0.0691809
1.875 3.06788 0.0678835
1.875 3.06788 0.0678835
1.92188 3.06642 0.0664226
1.92188 3.06642 0.0664226
1.96875 3.0648 0.0648017
1.96875 3.0648 0.0648017
2.01562 3.06302 0.0630246
2.01562 3.06302 0.0630246
2.0625 3.0611 0.0610958
2.0625 3.0611 0.0610958
2.10938 3.05902 0.0590198
2.10938 3.05902 0.0590198
2.15625 3.0568 0.0568015
2.15625 3.0568 0.0568015
2.20312 3.05445 0.0544465
2.20312 3.05445 0.0544465
2.25 3.05196 0.0519604
2.25 3.05196 0.0519604
2.29688 3.04935 0.0493496
2.29688 3.04935 0.0493496
2.34375 3.04662 0.0466208
2.34375 3.04662 0.0466208
2.39062 3.04378 0.0437821
2.39062 3.04378 0.0437821
2.4375 3.04084 0.040843
2.4375 3.04084 0.040843
2.48438 3.03782 0.0378162
2.48438 3.03782 0.0378162
2.53125 3.03472 0.0347191
2.53125 3.03472 0.0347191
2.57812 3.03158 0.0315766
2.57812 3.03158 0.0315766
2.625 3.02842 0.0284247
2.625 3.02842 0.0284247
2.67188 3.02531 0.0253136
2.67188 3.02531 0.0253136
2.71875 3.02231 0.0223113
2.71875 3.02231 0.0223113
2.76562 3.0195 0.0195035
2.76562 3.0195 0.0195035
2.8125 3.01699 0.0169911
2.8125 3.01699 0.0169911
2.85938 3.01488 0.0148831
2.85938 3.01488 0.0148831
2.90625 3.01329 0.0132851
2.90625 3.01329 0.0132851
2.95312 3.01229 0.0122863
2.95312 3.01229 0.0122863
3 3.01195 0.0119464
