# x y topography
0 3.01333 0.0133308
0.046875 3.01363 0.0136314
0.046875 3.01363 0.0136314
0.09375 3.01452 0.0145181
0.09375 3.01452 0.0145181
0.140625 3.01595 0.0159472
0.140625 3.01595 0.0159472
0.1875 3.01785 0.0178523
0.1875 3.01785 0.0178523
0.234375 3.02015 0.0201516
0.234375 3.02015 0.0201516
0.28125 3.02276 0.022757
0.28125 3.02276 0.022757
0.328125 3.02558 0.0255818
0.328125 3.02558 0.0255818
0.375 3.02855 0.0285474
0.375 3.02855 0.0285474
0.421875 3.03159 0.0315867
0.421875 3.03159 0.0315867
0.46875 3.03465 0.0346457
0.46875 3.03465 0.0346457
0.515625 3.03768 0.0376826
0.515625 3.03768 0.0376826
0.5625 3.04067 0.0406663
0.5625 3.04067 0.0406663
0.609375 3.04357 0.0435741
0.609375 3.04357 0.0435741
0.65625 3.04639 0.0463892
0.65625 3.04639 0.0463892
0.703125 3.0491 0.049099
0.703125 3.0491 0.049099
0.75 3.05169 0.051694
0.75 3.05169 0.051694
0.796875 3.05417 0.0541659
0.796875 3.05417 0.0541659
0.84375 3.05651 0.0565081
0.84375 3.05651 0.0565081
0.890625 3.05871 0.0587145
0.890625 3.05871 0.0587145
0.9375 3.06078 0.0607796
0.9375 3.06078 0.0607796
0.984375 3.0627 0.0626983
0.984375 3.0627 0.0626983
1.03125 3.06447 0.0644659
1.03125 3.06447 0.0644659
1.07812 3.06608 0.0660783
1.07812 3.06608 0.0660783
1.125 3.06753 0.0675315
1.125 3.06753 0.0675315
1.17188 3.06882 0.0688221
1.17188 3.06882 0.0688221
1.21875 3.06995 0.0699469
1.21875 3.06995 0.0699469
1.26562 3.0709 0.0709032
1.26562 3.0709 0.0709032
1.3125 3.07169 0.0716889
1.3125 3.07169 0.0716889
1.35938 3.0723 0.0723019
1.35938 3.0723 0.0723019
1.40625 3.07274 0.0727408
1.40625 3.07274 0.0727408
1.45312 3.073 0.0730046
1.45312 3.073 0.0730046
1.5 3.07309 0.0730925
1.5 3.07309 0.0730925
1.54688 3.073 0.0730046
1.54688 3.073 0.0730046
1.59375 3.07274 0.0727408
1.59375 3.07274 0.0727408
1.64062 3.0723 0.0723019
1.64062 3.0723 0.0723019
1.6875 3.07169 0.0716889
1.6875 3.07169 0.0716889
1.73438 3.0709 0.0709032
1.73438 3.0709 0.0709032
1.78125 3.06995 0.0699469
1.78125 3.06995 0.0699469
1.82812 3.06882 0.0688221
1.82812 3.06882 0.0688221
1.875 3.06753 0.0675315
1.875 3.06753 0.0675315
1.92188 3.06608 0.0660783
1.92188 3.06608 0.0660783
1.96875 3.06447 0.0644659
1.96875 3.06447 0.0644659
2.01562 3.0627 0.0626983
2.01562 3.0627 0.0626983
2.0625 3.06078 0.0607796
2.0625 3.06078 0.0607796
2.10938 3.05871 0.0587145
2.10938 3.05871 0.0587145
2.15625 3.05651 0.0565081
2.15625 3.05651 0.0565081
2.20312 3.05417 0.0541659
2.20312 3.05417 0.0541659
2.25 3.05169 0.051694
2.25 3.05169 0.051694
2.29688 3.0491 0.049099
2.29688 3.0491 0.049099
2.34375 3.04639 0.0463892
2.34375 3.04639 0.0463892
2.39062 3.04357 0.0435741
2.39062 3.04357 0.0435741
2.4375 3.04067 0.0406663
2.4375 3.04067 0.0406663
2.48438 3.03768 0.0376826
2.48438 3.03768 0.0376826
2.53125 3.03465 0.0346457
2.53125 3.03465 0.0346457
2.57812 3.03159 0.0315867
2.57812 3.03159 0.0315867
2.625 3.02855 0.0285474
2.625 3.02855 0.0285474
2.67188 3.02558 0.0255818
2.67188 3.02558 0.0255818
2.71875 3.02276 0.022757
2.71875 3.02276 0.022757
2.76562 3.02015 0.0201516
2.76562 3.02015 0.0201516
2.8125 3.01785 0.0178523
2.8125 3.01785 0.0178523
2.85938 3.01595 0.0159472
2.85938 3.01595 0.0159472
2.90625 3.01452 0.0145181
2.90625 3.01452 0.0145181
2.95312 3.01363 0.0136314
2.95312 3.01363 0.0136314
3 3.01333 0.0133308
