# x y topography
0 3.00392 0.00392249
0.046875 3.00498 0.00497701
0.046875 3.00498 0.00497701
0.09375 3.00765 0.00764507
0.09375 3.00765 0.00764507
0.140625 3.01103 0.011035
0.140625 3.01103 0.011035
0.1875 3.01461 0.0146075
0.1875 3.01461 0.0146075
0.234375 3.01818 0.0181849
0.234375 3.01818 0.0181849
0.28125 3.02172 0.0217243
0.28125 3.02172 0.0217243
0.328125 3.02521 0.025212
0.328125 3.02521 0.025212
0.375 3.02864 0.0286391
0.375 3.02864 0.0286391
0.421875 3.032 0.0319971
0.421875 3.032 0.0319971
0.46875 3.03528 0.0352781
0.46875 3.03528 0.0352781
0.515625 3.03847 0.038474
0.515625 3.03847 0.038474
0.5625 3.04158 0.0415773
0.5625 3.04158 0.0415773
0.609375 3.04458 0.0445804
0.609375 3.04458 0.0445804
0.65625 3.04748 0.0474761
0.65625 3.04748 0.0474761
0.703125 3.05026 0.0502574
0.703125 3.05026 0.0502574
0.75 3.05292 0.0529176
0.75 3.05292 0.0529176
0.796875 3.05545 0.0554503
0.796875 3.05545 0.0554503
0.84375 3.05785 0.0578494
0.84375 3.05785 0.0578494
0.890625 3.06011 0.0601092
0.890625 3.06011 0.0601092
0.9375 3.06222 0.0622242
0.9375 3.06222 0.0622242
0.984375 3.06419 0.0641892
0.984375 3.06419 0.0641892
1.03125 3.066 0.0659996
1.03125 3.066 0.0659996
1.07812 3.06765 0.067651
1.07812 3.06765 0.067651
1.125 3.06914 0.0691395
1.125 3.06914 0.0691395
1.17188 3.07046 0.0704613
1.17188 3.07046 0.0704613
1.21875 3.07161 0.0716135
1.21875 3.07161 0.0716135
1.26562 3.07259 0.0725931
1.26562 3.07259 0.0725931
1.3125 3.0734 0.0733978
1.3125 3.0734 0.0733978
1.35938 3.07403 0.0740258
1.35938 3.07403 0.0740258
1.40625 3.07448 0.0744754
1.40625 3.07448 0.0744754
1.45312 3.07475 0.0747456
1.45312 3.07475 0.0747456
1.5 3.07484 0.0748357
1.5 3.07484 0.0748357
1.54688 3.07475 0.0747456
1.54688 3.07475 0.0747456
1.59375 3.07448 0.0744754
1.59375 3.07448 0.0744754
1.64062 3.07403 0.0740258
1.64062 3.07403 0.0740258
1.6875 3.0734 0.0733978
1.6875 3.0734 0.0733978
1.73438 3.07259 0.0725931
1.73438 3.07259 0.0725931
1.78125 3.07161 0.0716135
1.78125 3.07161 0.0716135
1.82812 3.07046 0.0704613
1.82812 3.07046 0.0704613
1.875 3.06914 0.0691395
1.875 3.06914 0.0691395
1.92188 3.06765 0.067651
1.92188 3.06765 0.067651
1.96875 3.066 0.0659996
1.96875 3.066 0.0659996
2.01562 3.06419 0.0641892
2.01562 3.06419 0.0641892
2.0625 3.06222 0.0622242
2.0625 3.06222 0.0622242
2.10938 3.06011 0.0601092
2.10938 3.06011 0.0601092
2.15625 3.05785 0.0578494
2.15625 3.05785 0.0578494
2.20312 3.05545 0.0554503
2.20312 3.05545 0.0554503
2.25 3.05292 0.0529176
2.25 3.05292 0.0529176
2.29688 3.05026 0.0502574
2.29688 3.05026 0.0502574
2.34375 3.04748 0.0474761
2.34375 3.04748 0.0474761
2.39062 3.04458 0.0445804
2.39062 3.04458 0.0445804
2.4375 3.04158 0.0415773
2.4375 3.04158 0.0415773
2.48438 3.03847 0.038474
2.48438 3.03847 0.038474
2.53125 3.03528 0.0352781
2.53125 3.03528 0.0352781
2.57812 3.032 0.0319971
2.57812 3.032 0.0319971
2.625 3.02864 0.0286391
2.625 3.02864 0.0286391
2.67188 3.02521 0.025212
2.67188 3.02521 0.025212
2.71875 3.02172 0.0217243
2.71875 3.02172 0.0217243
2.76562 3.01818 0.0181849
2.76562 3.01818 0.0181849
2.8125 3.01461 0.0146075
2.8125 3.01461 0.0146075
2.85938 3.01103 0.011035
2.85938 3.01103 0.011035
2.90625 3.00765 0.00764507
2.90625 3.00765 0.00764507
2.95312 3.00498 0.00497701
2.95312 3.00498 0.00497701
3 3.00392 0.00392249
