# x y topography
0 3.01036 0.0103554
0.046875 3.01075 0.0107526
0.046875 3.01075 0.0107526
0.09375 3.01191 0.0119121
0.09375 3.01191 0.0119121
0.140625 3.01374 0.0137446
0.140625 3.01374 0.0137446
0.1875 3.01612 0.0161217
0.1875 3.01612 0.0161217
0.234375 3.0189 0.0188997
0.234375 3.0189 0.0188997
0.28125 3.02194 0.0219415
0.28125 3.02194 0.0219415
0.328125 3.02513 0.0251317
0.328125 3.02513 0.0251317
0.375 3.02838 0.0283826
0.375 3.02838 0.0283826
0.421875 3.03163 0.0316327
0.421875 3.03163 0.0316327
0.46875 3.03484 0.0348416
0.46875 3.03484 0.0348416
0.515625 3.03798 0.0379833
0.515625 3.03798 0.0379833
0.5625 3.04104 0.041041
0.5625 3.04104 0.041041
0.609375 3.044 0.044003
0.609375 3.044 0.044003
0.65625 3.04686 0.0468601
0.65625 3.04686 0.0468601
0.703125 3.0496 0.0496047
0.703125 3.0496 0.0496047
0.75 3.05223 0.0522299
0.75 3.05223 0.0522299
0.796875 3.05473 0.0547293
0.796875 3.05473 0.0547293
0.84375 3.0571 0.0570968
0.84375 3.0571 0.0570968
0.890625 3.05933 0.0593267
0.890625 3.05933 0.0593267
0.9375 3.06141 0.0614137
0.9375 3.06141 0.0614137
0.984375 3.06335 0.0633527
0.984375 3.06335 0.0633527
1.03125 3.06514 0.0651392
1.03125 3.06514 0.0651392
1.07812 3.06677 0.0667686
1.07812 3.06677 0.0667686
1.125 3.06824 0.0682373
1.125 3.06824 0.0682373
1.17188 3.06954 0.0695416
1.17188 3.06954 0.0695416
1.21875 3.07068 0.0706784
1.21875 3.07068 0.0706784
1.26562 3.07164 0.0716449
1.26562 3.07164 0.0716449
1.3125 3.07244 0.0724389
1.3125 3.07244 0.0724389
1.35938 3.07306 0.0730585
1.35938 3.07306 0.0730585
1.40625 3.0735 0.0735021
1.40625 3.0735 0.0735021
1.45312 3.07377 0.0737687
1.45312 3.07377 0.0737687
1.5 3.07386 0.0738576
1.5 3.07386 0.0738576
1.54688 3.07377 0.0737687
1.54688 3.07377 0.0737687
1.59375 3.0735 0.0735021
1.59375 3.0735 0.0735021
1.64062 3.07306 0.0730585
1.64062 3.07306 0.0730585
1.6875 3.07244 0.0724389
1.6875 3.07244 0.0724389
1.73438 3.07164 0.0716449
1.73438 3.07164 0.0716449
1.78125 3.07068 0.0706784
1.78125 3.07068 0.0706784
1.82812 3.06954 0.0695416
1.82812 3.06954 0.0695416
1.875 3.06824 0.0682373
1.875 3.06824 0.0682373
1.92188 3.06677 0.0667686
1.92188 3.06677 0.0667686
1.96875 3.06514 0.0651392
1.96875 3.06514 0.0651392
2.01562 3.06335 0.0633527
2.01562 3.06335 0.0633527
2.0625 3.06141 0.0614137
2.0625 3.06141 0.0614137
2.10938 3.05933 0.0593267
2.10938 3.05933 0.0593267
2.15625 3.0571 0.0570968
2.15625 3.0571 0.0570968
2.20312 3.05473 0.0547293
2.20312 3.05473 0.0547293
2.25 3.05223 0.0522299
2.25 3.05223 0.0522299
2.29688 3.0496 0.0496047
2.29688 3.0496 0.0496047
2.34375 3.04686 0.0468601
2.34375 3.04686 0.0468601
2.39062 3.044 0.044003
2.39062 3.044 0.044003
2.4375 3.04104 0.041041
2.4375 3.04104 0.041041
2.48438 3.03798 0.0379833
2.48438 3.03798 0.0379833
2.53125 3.03484 0.0348416
2.53125 3.03484 0.0348416
2.57812 3.03163 0.0316327
2.57812 3.03163 0.0316327
2.625 3.02838 0.0283826
2.625 3.02838 0.0283826
2.67188 3.02513 0.0251317
2.67188 3.02513 0.0251317
2.71875 3.02194 0.0219415
2.71875 3.02194 0.0219415
2.76562 3.0189 0.0188997
2.76562 3.0189 0.0188997
2.8125 3.01612 0.0161217
2.8125 3.01612 0.0161217
2.85938 3.01374 0.0137446
2.85938 3.01374 0.0137446
2.90625 3.01191 0.0119121
2.90625 3.01191 0.0119121
2.95312 3.01075 0.0107526
2.95312 3.01075 0.0107526
3 3.01036 0.0103554
