# x y topography analytical topography
0 3.00796 0.00795855 0.00863359
0.046875 3.00863 0.00862999 0.00911464
0.046875 3.00863 0.00862999 0.00911464
0.09375 3.01018 0.0101823 0.0105031
0.09375 3.01018 0.0101823 0.0105031
0.140625 3.01246 0.0124579 0.0126519
0.140625 3.01246 0.0124579 0.0126519
0.1875 3.01526 0.0152577 0.0153639
0.1875 3.01526 0.0152577 0.0153639
0.234375 3.01839 0.0183883 0.0184402
0.234375 3.01839 0.0183883 0.0184402
0.28125 3.02169 0.0216925 0.0217144
0.28125 3.02169 0.0216925 0.0217144
0.328125 3.02506 0.0250602 0.0250672
0.328125 3.02506 0.0250602 0.0250672
0.375 3.02842 0.0284224 0.0284228
0.375 3.02842 0.0284224 0.0284228
0.421875 3.03174 0.0317395 0.0317371
0.421875 3.03174 0.0317395 0.0317371
0.46875 3.03499 0.0349891 0.0349856
0.46875 3.03499 0.0349891 0.0349856
0.515625 3.03816 0.0381575 0.0381534
0.515625 3.03816 0.0381575 0.0381534
0.5625 3.04123 0.0412349 0.0412304
0.5625 3.04123 0.0412349 0.0412304
0.609375 3.04421 0.0442132 0.0442084
0.609375 3.04421 0.0442132 0.0442084
0.65625 3.04709 0.0470851 0.0470799
0.65625 3.04709 0.0470851 0.0470799
0.703125 3.04984 0.0498435 0.0498381
0.703125 3.04984 0.0498435 0.0498381
0.75 3.05248 0.0524819 0.0524762
0.75 3.05248 0.0524819 0.0524762
0.796875 3.05499 0.0549939 0.0549879
0.796875 3.05499 0.0549939 0.0549879
0.84375 3.05737 0.0573733 0.0573671
0.84375 3.05737 0.0573733 0.0573671
0.890625 3.05961 0.0596146 0.0596081
0.890625 3.05961 0.0596146 0.0596081
0.9375 3.06171 0.0617122 0.0617055
0.9375 3.06171 0.0617122 0.0617055
0.984375 3.06366 0.0636612 0.0636542
0.984375 3.06366 0.0636612 0.0636542
1.03125 3.06546 0.0654567 0.0654496
1.03125 3.06546 0.0654567 0.0654496
1.07812 3.06709 0.0670947 0.0670873
1.07812 3.06709 0.0670947 0.0670873
1.125 3.06857 0.0685709 0.0685634
1.125 3.06857 0.0685709 0.0685634
1.17188 3.06988 0.069882 0.0698744
1.17188 3.06988 0.069882 0.0698744
1.21875 3.07102 0.0710247 0.071017
1.21875 3.07102 0.0710247 0.071017
1.26562 3.072 0.0719963 0.0719885
1.26562 3.072 0.0719963 0.0719885
1.3125 3.07279 0.0727945 0.0727866
1.3125 3.07279 0.0727945 0.0727866
1.35938 3.07342 0.0734173 0.0734093
1.35938 3.07342 0.0734173 0.0734093
1.40625 3.07386 0.0738632 0.0738552
1.40625 3.07386 0.0738632 0.0738552
1.45312 3.07413 0.0741312 0.0741231
1.45312 3.07413 0.0741312 0.0741231
1.5 3.07422 0.0742206 0.0742125
1.5 3.07422 0.0742206 0.0742125
1.54688 3.07413 0.0741312 0.0741231
1.54688 3.07413 0.0741312 0.0741231
1.59375 3.07386 0.0738632 0.0738552
1.59375 3.07386 0.0738632 0.0738552
1.64062 3.07342 0.0734173 0.0734093
1.64062 3.07342 0.0734173 0.0734093
1.6875 3.07279 0.0727945 0.0727866
1.6875 3.07279 0.0727945 0.0727866
1.73438 3.072 0.0719963 0.0719885
1.73438 3.072 0.0719963 0.0719885
1.78125 3.07102 0.0710247 0.071017
1.78125 3.07102 0.0710247 0.071017
1.82812 3.06988 0.069882 0.0698744
1.82812 3.06988 0.069882 0.0698744
1.875 3.06857 0.0685709 0.0685634
1.875 3.06857 0.0685709 0.0685634
1.92188 3.06709 0.0670947 0.0670873
1.92188 3.06709 0.0670947 0.0670873
1.96875 3.06546 0.0654567 0.0654496
1.96875 3.06546 0.0654567 0.0654496
2.01562 3.06366 0.0636612 0.0636542
2.01562 3.06366 0.0636612 0.0636542
2.0625 3.06171 0.0617122 0.0617055
2.0625 3.06171 0.0617122 0.0617055
2.10938 3.05961 0.0596146 0.0596081
2.10938 3.05961 0.0596146 0.0596081
2.15625 3.05737 0.0573733 0.0573671
2.15625 3.05737 0.0573733 0.0573671
2.20312 3.05499 0.0549939 0.0549879
2.20312 3.05499 0.0549939 0.0549879
2.25 3.05248 0.0524819 0.0524762
2.25 3.05248 0.0524819 0.0524762
2.29688 3.04984 0.0498435 0.0498381
2.29688 3.04984 0.0498435 0.0498381
2.34375 3.04709 0.0470851 0.0470799
2.34375 3.04709 0.0470851 0.0470799
2.39062 3.04421 0.0442132 0.0442084
2.39062 3.04421 0.0442132 0.0442084
2.4375 3.04123 0.0412349 0.0412304
2.4375 3.04123 0.0412349 0.0412304
2.48438 3.03816 0.0381575 0.0381534
2.48438 3.03816 0.0381575 0.0381534
2.53125 3.03499 0.0349891 0.0349856
2.53125 3.03499 0.0349891 0.0349856
2.57812 3.03174 0.0317395 0.0317371
2.57812 3.03174 0.0317395 0.0317371
2.625 3.02842 0.0284224 0.0284228
2.625 3.02842 0.0284224 0.0284228
2.67188 3.02506 0.0250602 0.0250672
2.67188 3.02506 0.0250602 0.0250672
2.71875 3.02169 0.0216925 0.0217144
2.71875 3.02169 0.0216925 0.0217144
2.76562 3.01839 0.0183883 0.0184402
2.76562 3.01839 0.0183883 0.0184402
2.8125 3.01526 0.0152577 0.0153639
2.8125 3.01526 0.0152577 0.0153639
2.85938 3.01246 0.0124579 0.0126519
2.85938 3.01246 0.0124579 0.0126519
2.90625 3.01018 0.0101823 0.0105031
2.90625 3.01018 0.0101823 0.0105031
2.95312 3.00863 0.00862999 0.00911464
2.95312 3.00863 0.00862999 0.00911464
3 3.00796 0.00795855 0.00863359
