# x y topography analytical topography
0 3.00918 0.00917863 0.00986633
0.046875 3.00977 0.00976778 0.0102845
0.046875 3.00977 0.00976778 0.0102845
0.09375 3.01114 0.0111366 0.0115019
0.09375 3.01114 0.0111366 0.0115019
0.140625 3.01317 0.0131747 0.0134162
0.140625 3.01317 0.0131747 0.0134162
0.1875 3.01573 0.0157345 0.0158828
0.1875 3.01573 0.0157345 0.0158828
0.234375 3.01866 0.0186604 0.0187442
0.234375 3.01866 0.0186604 0.0187442
0.28125 3.02181 0.021812 0.0218549
0.28125 3.02181 0.021812 0.0218549
0.328125 3.02508 0.0250776 0.0250966
0.328125 3.02508 0.0250776 0.0250966
0.375 3.02838 0.0283768 0.028383
0.375 3.02838 0.0283768 0.028383
0.421875 3.03166 0.0316566 0.0316563
0.421875 3.03166 0.0316566 0.0316563
0.46875 3.03488 0.0348834 0.03488
0.46875 3.03488 0.0348834 0.03488
0.515625 3.03804 0.0380364 0.0380315
0.515625 3.03804 0.0380364 0.0380315
0.5625 3.0411 0.0411018 0.0410961
0.5625 3.0411 0.0411018 0.0410961
0.609375 3.04407 0.0440698 0.0440635
0.609375 3.04407 0.0440698 0.0440635
0.65625 3.04693 0.0469321 0.0469254
0.65625 3.04693 0.0469321 0.0469254
0.703125 3.04968 0.0496815 0.0496744
0.703125 3.04968 0.0496815 0.0496744
0.75 3.05231 0.0523113 0.0523038
0.75 3.05231 0.0523113 0.0523038
0.796875 3.05482 0.0548151 0.0548073
0.796875 3.05482 0.0548151 0.0548073
0.84375 3.05719 0.0571868 0.0571786
0.84375 3.05719 0.0571868 0.0571786
0.890625 3.05942 0.0594208 0.0594123
0.890625 3.05942 0.0594208 0.0594123
0.9375 3.06151 0.0615116 0.0615028
0.9375 3.06151 0.0615116 0.0615028
0.984375 3.06345 0.0634542 0.0634451
0.984375 3.06345 0.0634542 0.0634451
1.03125 3.06524 0.065244 0.0652346
1.03125 3.06524 0.065244 0.0652346
1.07812 3.06688 0.0668766 0.066867
1.07812 3.06688 0.0668766 0.066867
1.125 3.06835 0.068348 0.0683383
1.125 3.06835 0.068348 0.0683383
1.17188 3.06965 0.0696548 0.0696449
1.17188 3.06965 0.0696548 0.0696449
1.21875 3.07079 0.0707939 0.0707837
1.21875 3.07079 0.0707939 0.0707837
1.26562 3.07176 0.0717623 0.071752
1.26562 3.07176 0.0717623 0.071752
1.3125 3.07256 0.0725579 0.0725475
1.3125 3.07256 0.0725579 0.0725475
1.35938 3.07318 0.0731787 0.0731682
1.35938 3.07318 0.0731787 0.0731682
1.40625 3.07362 0.0736232 0.0736126
1.40625 3.07362 0.0736232 0.0736126
1.45312 3.07389 0.0738903 0.0738797
1.45312 3.07389 0.0738903 0.0738797
1.5 3.07398 0.0739794 0.0739688
1.5 3.07398 0.0739794 0.0739688
1.54688 3.07389 0.0738903 0.0738797
1.54688 3.07389 0.0738903 0.0738797
1.59375 3.07362 0.0736232 0.0736126
1.59375 3.07362 0.0736232 0.0736126
1.64062 3.07318 0.0731787 0.0731682
1.64062 3.07318 0.0731787 0.0731682
1.6875 3.07256 0.0725579 0.0725475
1.6875 3.07256 0.0725579 0.0725475
1.73438 3.07176 0.0717623 0.071752
1.73438 3.07176 0.0717623 0.071752
1.78125 3.07079 0.0707939 0.0707837
1.78125 3.07079 0.0707939 0.0707837
1.82812 3.06965 0.0696548 0.0696449
1.82812 3.06965 0.0696548 0.0696449
1.875 3.06835 0.068348 0.0683383
1.875 3.06835 0.068348 0.0683383
1.92188 3.06688 0.0668766 0.066867
1.92188 3.06688 0.0668766 0.066867
1.96875 3.06524 0.065244 0.0652346
1.96875 3.06524 0.065244 0.0652346
2.01562 3.06345 0.0634542 0.0634451
2.01562 3.06345 0.0634542 0.0634451
2.0625 3.06151 0.0615116 0.0615028
2.0625 3.06151 0.0615116 0.0615028
2.10938 3.05942 0.0594208 0.0594123
2.10938 3.05942 0.0594208 0.0594123
2.15625 3.05719 0.0571868 0.0571786
2.15625 3.05719 0.0571868 0.0571786
2.20312 3.05482 0.0548151 0.0548073
2.20312 3.05482 0.0548151 0.0548073
2.25 3.05231 0.0523113 0.0523038
2.25 3.05231 0.0523113 0.0523038
2.29688 3.04968 0.0496815 0.0496744
2.29688 3.04968 0.0496815 0.0496744
2.34375 3.04693 0.0469321 0.0469254
2.34375 3.04693 0.0469321 0.0469254
2.39062 3.04407 0.0440698 0.0440635
2.39062 3.04407 0.0440698 0.0440635
2.4375 3.0411 0.0411018 0.0410961
2.4375 3.0411 0.0411018 0.0410961
2.48438 3.03804 0.0380364 0.0380315
2.48438 3.03804 0.0380364 0.0380315
2.53125 3.03488 0.0348834 0.03488
2.53125 3.03488 0.0348834 0.03488
2.57812 3.03166 0.0316566 0.0316563
2.57812 3.03166 0.0316566 0.0316563
2.625 3.02838 0.0283768 0.028383
2.625 3.02838 0.0283768 0.028383
2.67188 3.02508 0.0250776 0.0250966
2.67188 3.02508 0.0250776 0.0250966
2.71875 3.02181 0.021812 0.0218549
2.71875 3.02181 0.021812 0.0218549
2.76562 3.01866 0.0186604 0.0187442
2.76562 3.01866 0.0186604 0.0187442
2.8125 3.01573 0.0157345 0.0158828
2.8125 3.01573 0.0157345 0.0158828
2.85938 3.01317 0.0131747 0.0134162
2.85938 3.01317 0.0131747 0.0134162
2.90625 3.01114 0.0111366 0.0115019
2.90625 3.01114 0.0111366 0.0115019
2.95312 3.00977 0.00976778 0.0102845
2.95312 3.00977 0.00976778 0.0102845
3 3.00918 0.00917863 0.00986633
