# x y topography analytical topography
0 3.00678 0.00677984 0.00744177
0.046875 3.00755 0.0075548 0.00800213
0.046875 3.00755 0.0075548 0.00800213
0.09375 3.00933 0.00932923 0.00959941
0.09375 3.00933 0.00932923 0.00959941
0.140625 3.01187 0.0118727 0.0120166
0.140625 3.01187 0.0118727 0.0120166
0.1875 3.01492 0.0149171 0.0149837
0.1875 3.01492 0.0149171 0.0149837
0.234375 3.01823 0.0182308 0.0182569
0.234375 3.01823 0.0182308 0.0182569
0.28125 3.02165 0.0216521 0.02166
0.28125 3.02165 0.0216521 0.02166
0.328125 3.02509 0.0250861 0.025087
0.328125 3.02509 0.0250861 0.025087
0.375 3.02848 0.0284837 0.0284822
0.375 3.02848 0.0284837 0.0284822
0.421875 3.03182 0.0318204 0.031818
0.421875 3.03182 0.0318204 0.031818
0.46875 3.03508 0.0350826 0.0350798
0.46875 3.03508 0.0350826 0.0350798
0.515625 3.03826 0.0382607 0.0382576
0.515625 3.03826 0.0382607 0.0382576
0.5625 3.04135 0.0413468 0.0413435
0.5625 3.04135 0.0413468 0.0413435
0.609375 3.04433 0.0443333 0.0443297
0.609375 3.04433 0.0443333 0.0443297
0.65625 3.04721 0.047213 0.0472092
0.65625 3.04721 0.047213 0.0472092
0.703125 3.04998 0.0499789 0.0499749
0.703125 3.04998 0.0499789 0.0499749
0.75 3.05262 0.0526245 0.0526203
0.75 3.05262 0.0526245 0.0526203
0.796875 3.05514 0.0551433 0.0551388
0.796875 3.05514 0.0551433 0.0551388
0.84375 3.05753 0.0575292 0.0575246
0.84375 3.05753 0.0575292 0.0575246
0.890625 3.05978 0.0597765 0.0597717
0.890625 3.05978 0.0597765 0.0597717
0.9375 3.06188 0.0618799 0.0618749
0.9375 3.06188 0.0618799 0.0618749
0.984375 3.06383 0.0638341 0.063829
0.984375 3.06383 0.0638341 0.063829
1.03125 3.06563 0.0656346 0.0656293
1.03125 3.06563 0.0656346 0.0656293
1.07812 3.06728 0.0672769 0.0672715
1.07812 3.06728 0.0672769 0.0672715
1.125 3.06876 0.0687572 0.0687517
1.125 3.06876 0.0687572 0.0687517
1.17188 3.07007 0.0700718 0.0700662
1.17188 3.07007 0.0700718 0.0700662
1.21875 3.07122 0.0712177 0.0712119
1.21875 3.07122 0.0712177 0.0712119
1.26562 3.07219 0.0721919 0.0721861
1.26562 3.07219 0.0721919 0.0721861
1.3125 3.07299 0.0729923 0.0729864
1.3125 3.07299 0.0729923 0.0729864
1.35938 3.07362 0.0736168 0.0736108
1.35938 3.07362 0.0736168 0.0736108
1.40625 3.07406 0.0740639 0.0740579
1.40625 3.07406 0.0740639 0.0740579
1.45312 3.07433 0.0743326 0.0743266
1.45312 3.07433 0.0743326 0.0743266
1.5 3.07442 0.0744223 0.0744163
1.5 3.07442 0.0744223 0.0744163
1.54688 3.07433 0.0743326 0.0743266
1.54688 3.07433 0.0743326 0.0743266
1.59375 3.07406 0.0740639 0.0740579
1.59375 3.07406 0.0740639 0.0740579
1.64062 3.07362 0.0736168 0.0736108
1.64062 3.07362 0.0736168 0.0736108
1.6875 3.07299 0.0729923 0.0729864
1.6875 3.07299 0.0729923 0.0729864
1.73438 3.07219 0.0721919 0.0721861
1.73438 3.07219 0.0721919 0.0721861
1.78125 3.07122 0.0712177 0.0712119
1.78125 3.07122 0.0712177 0.0712119
1.82812 3.07007 0.0700718 0.0700662
1.82812 3.07007 0.0700718 0.0700662
1.875 3.06876 0.0687572 0.0687517
1.875 3.06876 0.0687572 0.0687517
1.92188 3.06728 0.0672769 0.0672715
1.92188 3.06728 0.0672769 0.0672715
1.96875 3.06563 0.0656346 0.0656293
1.96875 3.06563 0.0656346 0.0656293
2.01562 3.06383 0.0638341 0.063829
2.01562 3.06383 0.0638341 0.063829
2.0625 3.06188 0.0618799 0.0618749
2.0625 3.06188 0.0618799 0.0618749
2.10938 3.05978 0.0597765 0.0597717
2.10938 3.05978 0.0597765 0.0597717
2.15625 3.05753 0.0575292 0.0575246
2.15625 3.05753 0.0575292 0.0575246
2.20312 3.05514 0.0551433 0.0551388
2.20312 3.05514 0.0551433 0.0551388
2.25 3.05262 0.0526245 0.0526203
2.25 3.05262 0.0526245 0.0526203
2.29688 3.04998 0.0499789 0.0499749
2.29688 3.04998 0.0499789 0.0499749
2.34375 3.04721 0.047213 0.0472092
2.34375 3.04721 0.047213 0.0472092
2.39062 3.04433 0.0443333 0.0443297
2.39062 3.04433 0.0443333 0.0443297
2.4375 3.04135 0.0413468 0.0413435
2.4375 3.04135 0.0413468 0.0413435
2.48438 3.03826 0.0382607 0.0382576
2.48438 3.03826 0.0382607 0.0382576
2.53125 3.03508 0.0350826 0.0350798
2.53125 3.03508 0.0350826 0.0350798
2.57812 3.03182 0.0318204 0.031818
2.57812 3.03182 0.0318204 0.031818
2.625 3.02848 0.0284837 0.0284822
2.625 3.02848 0.0284837 0.0284822
2.67188 3.02509 0.0250861 0.025087
2.67188 3.02509 0.0250861 0.025087
2.71875 3.02165 0.0216521 0.02166
2.71875 3.02165 0.0216521 0.02166
2.76562 3.01823 0.0182308 0.0182569
2.76562 3.01823 0.0182308 0.0182569
2.8125 3.01492 0.0149171 0.0149837
2.8125 3.01492 0.0149171 0.0149837
2.85938 3.01187 0.0118727 0.0120166
2.85938 3.01187 0.0118727 0.0120166
2.90625 3.00933 0.00932923 0.00959941
2.90625 3.00933 0.00932923 0.00959941
2.95312 3.00755 0.0075548 0.00800213
2.95312 3.00755 0.0075548 0.00800213
3 3.00678 0.00677984 0.00744177
