# x y topography analytical topography
0 3.00659 0.0065856 0.00724527
0.046875 3.00738 0.00738066 0.00782106
0.046875 3.00738 0.00738066 0.00782106
0.09375 3.0092 0.00919699 0.00945799
0.09375 3.0092 0.00919699 0.00945799
0.140625 3.01179 0.0117883 0.0119237
0.140625 3.01179 0.0117883 0.0119237
0.1875 3.01487 0.0148733 0.0149337
0.1875 3.01487 0.0148733 0.0149337
0.234375 3.01821 0.0182143 0.0182369
0.234375 3.01821 0.0182143 0.0182369
0.28125 3.02165 0.0216511 0.0216574
0.28125 3.02165 0.0216511 0.0216574
0.328125 3.02509 0.0250929 0.0250932
0.328125 3.02509 0.0250929 0.0250932
0.375 3.02849 0.0284943 0.0284926
0.375 3.02849 0.0284943 0.0284926
0.421875 3.03183 0.0318331 0.0318308
0.421875 3.03183 0.0318331 0.0318308
0.46875 3.0351 0.0350968 0.0350941
0.46875 3.0351 0.0350968 0.0350941
0.515625 3.03828 0.0382763 0.0382734
0.515625 3.03828 0.0382763 0.0382734
0.5625 3.04136 0.0413636 0.0413605
0.5625 3.04136 0.0413636 0.0413605
0.609375 3.04435 0.0443513 0.044348
0.609375 3.04435 0.0443513 0.044348
0.65625 3.04723 0.0472322 0.0472286
0.65625 3.04723 0.0472322 0.0472286
0.703125 3.05 0.0499993 0.0499955
0.703125 3.05 0.0499993 0.0499955
0.75 3.05265 0.0526459 0.0526419
0.75 3.05265 0.0526459 0.0526419
0.796875 3.05517 0.0551657 0.0551615
0.796875 3.05517 0.0551657 0.0551615
0.84375 3.05755 0.0575526 0.0575482
0.84375 3.05755 0.0575526 0.0575482
0.890625 3.0598 0.0598009 0.0597963
0.890625 3.0598 0.0598009 0.0597963
0.9375 3.06191 0.061905 0.0619003
0.9375 3.06191 0.061905 0.0619003
0.984375 3.06386 0.0638601 0.0638552
0.984375 3.06386 0.0638601 0.0638552
1.03125 3.06566 0.0656613 0.0656563
1.03125 3.06566 0.0656613 0.0656563
1.07812 3.0673 0.0673043 0.0672992
1.07812 3.0673 0.0673043 0.0672992
1.125 3.06879 0.0687852 0.06878
1.125 3.06879 0.0687852 0.06878
1.17188 3.0701 0.0701004 0.070095
1.17188 3.0701 0.0701004 0.070095
1.21875 3.07125 0.0712467 0.0712412
1.21875 3.07125 0.0712467 0.0712412
1.26562 3.07222 0.0722213 0.0722158
1.26562 3.07222 0.0722213 0.0722158
1.3125 3.07302 0.073022 0.0730164
1.3125 3.07302 0.073022 0.0730164
1.35938 3.07365 0.0736467 0.0736411
1.35938 3.07365 0.0736467 0.0736411
1.40625 3.07409 0.0740941 0.0740884
1.40625 3.07409 0.0740941 0.0740884
1.45312 3.07436 0.0743629 0.0743572
1.45312 3.07436 0.0743629 0.0743572
1.5 3.07445 0.0744526 0.0744469
1.5 3.07445 0.0744526 0.0744469
1.54688 3.07436 0.0743629 0.0743572
1.54688 3.07436 0.0743629 0.0743572
1.59375 3.07409 0.0740941 0.0740884
1.59375 3.07409 0.0740941 0.0740884
1.64062 3.07365 0.0736467 0.0736411
1.64062 3.07365 0.0736467 0.0736411
1.6875 3.07302 0.073022 0.0730164
1.6875 3.07302 0.073022 0.0730164
1.73438 3.07222 0.0722213 0.0722158
1.73438 3.07222 0.0722213 0.0722158
1.78125 3.07125 0.0712467 0.0712412
1.78125 3.07125 0.0712467 0.0712412
1.82812 3.0701 0.0701004 0.070095
1.82812 3.0701 0.0701004 0.070095
1.875 3.06879 0.0687852 0.06878
1.875 3.06879 0.0687852 0.06878
1.92188 3.0673 0.0673043 0.0672992
1.92188 3.0673 0.0673043 0.0672992
1.96875 3.06566 0.0656613 0.0656563
1.96875 3.06566 0.0656613 0.0656563
2.01562 3.06386 0.0638601 0.0638552
2.01562 3.06386 0.0638601 0.0638552
2.0625 3.06191 0.061905 0.0619003
2.0625 3.06191 0.061905 0.0619003
2.10938 3.0598 0.0598009 0.0597963
2.10938 3.0598 0.0598009 0.0597963
2.15625 3.05755 0.0575526 0.0575482
2.15625 3.05755 0.0575526 0.0575482
2.20312 3.05517 0.0551657 0.0551615
2.20312 3.05517 0.0551657 0.0551615
2.25 3.05265 0.0526459 0.0526419
2.25 3.05265 0.0526459 0.0526419
2.29688 3.05 0.0499993 0.0499955
2.29688 3.05 0.0499993 0.0499955
2.34375 3.04723 0.0472322 0.0472286
2.34375 3.04723 0.0472322 0.0472286
2.39062 3.04435 0.0443513 0.044348
2.39062 3.04435 0.0443513 0.044348
2.4375 3.04136 0.0413636 0.0413605
2.4375 3.04136 0.0413636 0.0413605
2.48438 3.03828 0.0382763 0.0382734
2.48438 3.03828 0.0382763 0.0382734
2.53125 3.0351 0.0350968 0.0350941
2.53125 3.0351 0.0350968 0.0350941
2.57812 3.03183 0.0318331 0.0318308
2.57812 3.03183 0.0318331 0.0318308
2.625 3.02849 0.0284943 0.0284926
2.625 3.02849 0.0284943 0.0284926
2.67188 3.02509 0.0250929 0.0250932
2.67188 3.02509 0.0250929 0.0250932
2.71875 3.02165 0.0216511 0.0216574
2.71875 3.02165 0.0216511 0.0216574
2.76562 3.01821 0.0182143 0.0182369
2.76562 3.01821 0.0182143 0.0182369
2.8125 3.01487 0.0148733 0.0149337
2.8125 3.01487 0.0148733 0.0149337
2.85938 3.01179 0.0117883 0.0119237
2.85938 3.01179 0.0117883 0.0119237
2.90625 3.0092 0.00919699 0.00945799
2.90625 3.0092 0.00919699 0.00945799
2.95312 3.00738 0.00738066 0.00782106
2.95312 3.00738 0.00738066 0.00782106
3 3.00659 0.0065856 0.00724527
