# x y topography analytical topography
0 1.14872 0.148716 0.00781936
0.015625 1.14854 0.148538 0.00835213
0.015625 1.14854 0.148538 0.00835213
0.03125 1.14801 0.148005 0.00987769
0.03125 1.14801 0.148005 0.00987769
0.046875 1.14712 0.147118 0.0122051
0.046875 1.14712 0.147118 0.0122051
0.0625 1.14588 0.145879 0.0150902
0.0625 1.14588 0.145879 0.0150902
0.078125 1.14429 0.14429 0.0183033
0.078125 1.14429 0.14429 0.0183033
0.09375 1.14235 0.142355 0.0216697
0.09375 1.14235 0.142355 0.0216697
0.109375 1.14008 0.140079 0.025077
0.109375 1.14008 0.140079 0.025077
0.125 1.13747 0.137466 0.0284623
0.125 1.13747 0.137466 0.0284623
0.140625 1.13452 0.134522 0.0317929
0.140625 1.13452 0.134522 0.0317929
0.15625 1.13126 0.131255 0.0350512
0.15625 1.13126 0.131255 0.0350512
0.171875 1.12767 0.127672 0.0382262
0.171875 1.12767 0.127672 0.0382262
0.1875 1.12378 0.12378 0.0413095
0.1875 1.12378 0.12378 0.0413095
0.203125 1.11959 0.119589 0.0442933
0.203125 1.11959 0.119589 0.0442933
0.21875 1.11511 0.115109 0.0471704
0.21875 1.11511 0.115109 0.0471704
0.234375 1.11035 0.110351 0.0499338
0.234375 1.11035 0.110351 0.0499338
0.25 1.10532 0.105325 0.052577
0.25 1.10532 0.105325 0.052577
0.265625 1.10004 0.100043 0.0550935
0.265625 1.10004 0.100043 0.0550935
0.28125 1.09452 0.0945187 0.0574773
0.28125 1.09452 0.0945187 0.0574773
0.296875 1.08876 0.0887646 0.0597226
0.296875 1.08876 0.0887646 0.0597226
0.3125 1.08279 0.0827948 0.061824
0.3125 1.08279 0.0827948 0.061824
0.328125 1.07662 0.0766235 0.0637765
0.328125 1.07662 0.0766235 0.0637765
0.34375 1.07027 0.0702661 0.0655753
0.34375 1.07027 0.0702661 0.0655753
0.359375 1.06374 0.0637385 0.0672162
0.359375 1.06374 0.0637385 0.0672162
0.375 1.05706 0.0570582 0.0686952
0.375 1.05706 0.0570582 0.0686952
0.390625 1.05025 0.0502466 0.0700086
0.390625 1.05025 0.0502466 0.0700086
0.40625 1.04333 0.0433338 0.0711534
0.40625 1.04333 0.0433338 0.0711534
0.421875 1.03637 0.0363707 0.0721268
0.421875 1.03637 0.0363707 0.0721268
0.4375 1.02945 0.0294543 0.0729264
0.4375 1.02945 0.0294543 0.0729264
0.453125 1.02277 0.0227669 0.0735503
0.453125 1.02277 0.0227669 0.0735503
0.46875 1.01661 0.0166054 0.0739971
0.46875 1.01661 0.0166054 0.0739971
0.484375 1.01133 0.0113309 0.0742655
0.484375 1.01133 0.0113309 0.0742655
0.5 1.00721 0.00720507 0.0743551
0.5 1.00721 0.00720507 0.0743551
0.515625 1.00426 0.00426446 0.0742655
0.515625 1.00426 0.00426446 0.0742655
0.53125 1.00235 0.00235066 0.0739971
0.53125 1.00235 0.00235066 0.0739971
0.546875 1.00121 0.00121032 0.0735503
0.546875 1.00121 0.00121032 0.0735503
0.5625 1.00059 0.00058524 0.0729264
0.5625 1.00059 0.00058524 0.0729264
0.578125 1.00027 0.000267537 0.0721268
0.578125 1.00027 0.000267537 0.0721268
0.59375 1.00012 0.00011642 0.0711534
0.59375 1.00012 0.00011642 0.0711534
0.609375 1.00005 4.85339e-05 0.0700086
0.609375 1.00005 4.85339e-05 0.0700086
0.625 1.00002 1.94826e-05 0.0686952
0.625 1.00002 1.94826e-05 0.0686952
0.640625 1.00001 7.55997e-06 0.0672162
0.640625 1.00001 7.55997e-06 0.0672162
0.65625 1 2.84449e-06 0.0655753
0.65625 1 2.84449e-06 0.0655753
0.671875 1 1.04019e-06 0.0637765
0.671875 1 1.04019e-06 0.0637765
0.6875 1 3.70319e-07 0.061824
0.6875 1 3.70319e-07 0.061824
0.703125 1 1.28532e-07 0.0597226
0.703125 1 1.28532e-07 0.0597226
0.71875 1 4.3545e-08 0.0574773
0.71875 1 4.3545e-08 0.0574773
0.734375 1 1.4417e-08 0.0550935
0.734375 1 1.4417e-08 0.0550935
0.75 1 4.67008e-09 0.052577
0.75 1 4.67008e-09 0.052577
0.765625 1 1.48142e-09 0.0499338
0.765625 1 1.48142e-09 0.0499338
0.78125 1 4.60511e-10 0.0471704
0.78125 1 4.60511e-10 0.0471704
0.796875 1 1.4035e-10 0.0442933
0.796875 1 1.4035e-10 0.0442933
0.8125 1 4.19493e-11 0.0413095
0.8125 1 4.19493e-11 0.0413095
0.828125 1 1.22991e-11 0.0382262
0.828125 1 1.22991e-11 0.0382262
0.84375 1 3.53828e-12 0.0350512
0.84375 1 3.53828e-12 0.0350512
0.859375 1 9.98979e-13 0.0317929
0.859375 1 9.98979e-13 0.0317929
0.875 1 2.7689e-13 0.0284623
0.875 1 2.7689e-13 0.0284623
0.890625 1 7.52731e-14 0.025077
0.890625 1 7.52731e-14 0.025077
0.90625 1 1.9984e-14 0.0216697
0.90625 1 1.9984e-14 0.0216697
0.921875 1 5.32907e-15 0.0183033
0.921875 1 5.32907e-15 0.0183033
0.9375 1 1.33227e-15 0.0150902
0.9375 1 1.33227e-15 0.0150902
0.953125 1 4.44089e-16 0.0122051
0.953125 1 4.44089e-16 0.0122051
0.96875 1 0 0.00987769
0.96875 1 0 0.00987769
0.984375 1 0 0.00835213
0.984375 1 0 0.00835213
1 1 0 0.00781936
