# x y topography analytical topography
0 3.00849 0.0084881 0.00916874
0.046875 3.00912 0.00912128 0.00962053
0.046875 3.00912 0.00912128 0.00962053
0.09375 3.01059 0.010589 0.01093
0.09375 3.01059 0.010589 0.01093
0.140625 3.01276 0.0127568 0.012972
0.140625 3.01276 0.0127568 0.012972
0.1875 3.01545 0.0154502 0.0155747
0.1875 3.01545 0.0154502 0.0155747
0.234375 3.01849 0.0184927 0.018558
0.234375 3.01849 0.0184927 0.018558
0.28125 3.02173 0.0217337 0.021764
0.28125 3.02173 0.0217337 0.021764
0.328125 3.02506 0.0250609 0.0250724
0.328125 3.02506 0.0250609 0.0250724
0.375 3.0284 0.0283992 0.0284016
0.375 3.0284 0.0283992 0.0284016
0.421875 3.0317 0.0317026 0.0317008
0.421875 3.0317 0.0317026 0.0317008
0.46875 3.03494 0.0349439 0.0349403
0.46875 3.03494 0.0349439 0.0349403
0.515625 3.03811 0.0381065 0.038102
0.515625 3.03811 0.0381065 0.038102
0.5625 3.04118 0.0411792 0.0411742
0.5625 3.04118 0.0411792 0.0411742
0.609375 3.04415 0.0441533 0.0441479
0.609375 3.04415 0.0441533 0.0441479
0.65625 3.04702 0.0470213 0.0470155
0.65625 3.04702 0.0470213 0.0470155
0.703125 3.04978 0.049776 0.0497698
0.703125 3.04978 0.049776 0.0497698
0.75 3.05241 0.0524108 0.0524043
0.75 3.05241 0.0524108 0.0524043
0.796875 3.05492 0.0549193 0.0549125
0.796875 3.05492 0.0549193 0.0549125
0.84375 3.0573 0.0572955 0.0572885
0.84375 3.0573 0.0572955 0.0572885
0.890625 3.05953 0.0595338 0.0595264
0.890625 3.05953 0.0595338 0.0595264
0.9375 3.06163 0.0616285 0.0616209
0.9375 3.06163 0.0616285 0.0616209
0.984375 3.06357 0.0635749 0.063567
0.984375 3.06357 0.0635749 0.063567
1.03125 3.06537 0.065368 0.06536
1.03125 3.06537 0.065368 0.06536
1.07812 3.067 0.0670037 0.0669954
1.07812 3.067 0.0670037 0.0669954
1.125 3.06848 0.068478 0.0684695
1.125 3.06848 0.068478 0.0684695
1.17188 3.06979 0.0697873 0.0697787
1.17188 3.06979 0.0697873 0.0697787
1.21875 3.07093 0.0709284 0.0709197
1.21875 3.07093 0.0709284 0.0709197
1.26562 3.0719 0.0718987 0.0718899
1.26562 3.0719 0.0718987 0.0718899
1.3125 3.0727 0.0726958 0.0726869
1.3125 3.0727 0.0726958 0.0726869
1.35938 3.07332 0.0733178 0.0733087
1.35938 3.07332 0.0733178 0.0733087
1.40625 3.07376 0.0737631 0.073754
1.40625 3.07376 0.0737631 0.073754
1.45312 3.07403 0.0740307 0.0740216
1.45312 3.07403 0.0740307 0.0740216
1.5 3.07412 0.07412 0.0741109
1.5 3.07412 0.07412 0.0741109
1.54688 3.07403 0.0740307 0.0740216
1.54688 3.07403 0.0740307 0.0740216
1.59375 3.07376 0.0737631 0.073754
1.59375 3.07376 0.0737631 0.073754
1.64062 3.07332 0.0733178 0.0733087
1.64062 3.07332 0.0733178 0.0733087
1.6875 3.0727 0.0726958 0.0726869
1.6875 3.0727 0.0726958 0.0726869
1.73438 3.0719 0.0718987 0.0718899
1.73438 3.0719 0.0718987 0.0718899
1.78125 3.07093 0.0709284 0.0709197
1.78125 3.07093 0.0709284 0.0709197
1.82812 3.06979 0.0697873 0.0697787
1.82812 3.06979 0.0697873 0.0697787
1.875 3.06848 0.068478 0.0684695
1.875 3.06848 0.068478 0.0684695
1.92188 3.067 0.0670037 0.0669954
1.92188 3.067 0.0670037 0.0669954
1.96875 3.06537 0.065368 0.06536
1.96875 3.06537 0.065368 0.06536
2.01562 3.06357 0.0635749 0.063567
2.01562 3.06357 0.0635749 0.063567
2.0625 3.06163 0.0616285 0.0616209
2.0625 3.06163 0.0616285 0.0616209
2.10938 3.05953 0.0595338 0.0595264
2.10938 3.05953 0.0595338 0.0595264
2.15625 3.0573 0.0572955 0.0572885
2.15625 3.0573 0.0572955 0.0572885
2.20312 3.05492 0.0549193 0.0549125
2.20312 3.05492 0.0549193 0.0549125
2.25 3.05241 0.0524108 0.0524043
2.25 3.05241 0.0524108 0.0524043
2.29688 3.04978 0.049776 0.0497698
2.29688 3.04978 0.049776 0.0497698
2.34375 3.04702 0.0470213 0.0470155
2.34375 3.04702 0.0470213 0.0470155
2.39062 3.04415 0.0441533 0.0441479
2.39062 3.04415 0.0441533 0.0441479
2.4375 3.04118 0.0411792 0.0411742
2.4375 3.04118 0.0411792 0.0411742
2.48438 3.03811 0.0381065 0.038102
2.48438 3.03811 0.0381065 0.038102
2.53125 3.03494 0.0349439 0.0349403
2.53125 3.03494 0.0349439 0.0349403
2.57812 3.0317 0.0317026 0.0317008
2.57812 3.0317 0.0317026 0.0317008
2.625 3.0284 0.0283992 0.0284016
2.625 3.0284 0.0283992 0.0284016
2.67188 3.02506 0.0250609 0.0250724
2.67188 3.02506 0.0250609 0.0250724
2.71875 3.02173 0.0217337 0.021764
2.71875 3.02173 0.0217337 0.021764
2.76562 3.01849 0.0184927 0.018558
2.76562 3.01849 0.0184927 0.018558
2.8125 3.01545 0.0154502 0.0155747
2.8125 3.01545 0.0154502 0.0155747
2.85938 3.01276 0.0127568 0.012972
2.85938 3.01276 0.0127568 0.012972
2.90625 3.01059 0.010589 0.01093
2.90625 3.01059 0.010589 0.01093
2.95312 3.00912 0.00912128 0.00962053
2.95312 3.00912 0.00912128 0.00962053
3 3.00849 0.0084881 0.00916874
