# x y topography analytical topography
0 3.00478 0.00477558 0.00541216
0.046875 3.00582 0.00582149 0.0061816
0.046875 3.00582 0.00582149 0.0061816
0.09375 3.00812 0.00812349 0.00828589
0.09375 3.00812 0.00812349 0.00828589
0.140625 3.0112 0.0112017 0.0112582
0.140625 3.0112 0.0112017 0.0112582
0.1875 3.01463 0.0146306 0.0146451
0.1875 3.01463 0.0146306 0.0146451
0.234375 3.01816 0.0181607 0.0181628
0.234375 3.01816 0.0181607 0.0181628
0.28125 3.02168 0.0216846 0.0216841
0.28125 3.02168 0.0216846 0.0216841
0.328125 3.02516 0.0251643 0.0251633
0.328125 3.02516 0.0251643 0.0251633
0.375 3.02858 0.0285847 0.0285835
0.375 3.02858 0.0285847 0.0285835
0.421875 3.03194 0.0319364 0.031935
0.421875 3.03194 0.0319364 0.031935
0.46875 3.03521 0.0352112 0.0352097
0.46875 3.03521 0.0352112 0.0352097
0.515625 3.0384 0.0384011 0.0383995
0.515625 3.0384 0.0384011 0.0383995
0.5625 3.0415 0.0414985 0.0414968
0.5625 3.0415 0.0414985 0.0414968
0.609375 3.0445 0.044496 0.0444941
0.609375 3.0445 0.044496 0.0444941
0.65625 3.04739 0.0473862 0.0473842
0.65625 3.04739 0.0473862 0.0473842
0.703125 3.05016 0.0501623 0.0501602
0.703125 3.05016 0.0501623 0.0501602
0.75 3.05282 0.0528176 0.0528154
0.75 3.05282 0.0528176 0.0528154
0.796875 3.05535 0.0553456 0.0553433
0.796875 3.05535 0.0553456 0.0553433
0.84375 3.05774 0.0577403 0.0577379
0.84375 3.05774 0.0577403 0.0577379
0.890625 3.06 0.0599959 0.0599933
0.890625 3.06 0.0599959 0.0599933
0.9375 3.06211 0.0621069 0.0621043
0.9375 3.06211 0.0621069 0.0621043
0.984375 3.06407 0.0640684 0.0640656
0.984375 3.06407 0.0640684 0.0640656
1.03125 3.06588 0.0658754 0.0658726
1.03125 3.06588 0.0658754 0.0658726
1.07812 3.06752 0.0675238 0.067521
1.07812 3.06752 0.0675238 0.067521
1.125 3.06901 0.0690095 0.0690066
1.125 3.06901 0.0690095 0.0690066
1.17188 3.07033 0.070329 0.070326
1.17188 3.07033 0.070329 0.070326
1.21875 3.07148 0.071479 0.071476
1.21875 3.07148 0.071479 0.071476
1.26562 3.07246 0.0724568 0.0724538
1.26562 3.07246 0.0724568 0.0724538
1.3125 3.07326 0.0732601 0.073257
1.3125 3.07326 0.0732601 0.073257
1.35938 3.07389 0.0738869 0.0738838
1.35938 3.07389 0.0738869 0.0738838
1.40625 3.07434 0.0743357 0.0743325
1.40625 3.07434 0.0743357 0.0743325
1.45312 3.07461 0.0746054 0.0746022
1.45312 3.07461 0.0746054 0.0746022
1.5 3.0747 0.0746954 0.0746922
1.5 3.0747 0.0746954 0.0746922
1.54688 3.07461 0.0746054 0.0746022
1.54688 3.07461 0.0746054 0.0746022
1.59375 3.07434 0.0743357 0.0743325
1.59375 3.07434 0.0743357 0.0743325
1.64062 3.07389 0.0738869 0.0738838
1.64062 3.07389 0.0738869 0.0738838
1.6875 3.07326 0.0732601 0.073257
1.6875 3.07326 0.0732601 0.073257
1.73438 3.07246 0.0724568 0.0724538
1.73438 3.07246 0.0724568 0.0724538
1.78125 3.07148 0.071479 0.071476
1.78125 3.07148 0.071479 0.071476
1.82812 3.07033 0.070329 0.070326
1.82812 3.07033 0.070329 0.070326
1.875 3.06901 0.0690095 0.0690066
1.875 3.06901 0.0690095 0.0690066
1.92188 3.06752 0.0675238 0.067521
1.92188 3.06752 0.0675238 0.067521
1.96875 3.06588 0.0658754 0.0658726
1.96875 3.06588 0.0658754 0.0658726
2.01562 3.06407 0.0640684 0.0640656
2.01562 3.06407 0.0640684 0.0640656
2.0625 3.06211 0.0621069 0.0621043
2.0625 3.06211 0.0621069 0.0621043
2.10938 3.06 0.0599959 0.0599933
2.10938 3.06 0.0599959 0.0599933
2.15625 3.05774 0.0577403 0.0577379
2.15625 3.05774 0.0577403 0.0577379
2.20312 3.05535 0.0553456 0.0553433
2.20312 3.05535 0.0553456 0.0553433
2.25 3.05282 0.0528176 0.0528154
2.25 3.05282 0.0528176 0.0528154
2.29688 3.05016 0.0501623 0.0501602
2.29688 3.05016 0.0501623 0.0501602
2.34375 3.04739 0.0473862 0.0473842
2.34375 3.04739 0.0473862 0.0473842
2.39062 3.0445 0.044496 0.0444941
2.39062 3.0445 0.044496 0.0444941
2.4375 3.0415 0.0414985 0.0414968
2.4375 3.0415 0.0414985 0.0414968
2.48438 3.0384 0.0384011 0.0383995
2.48438 3.0384 0.0384011 0.0383995
2.53125 3.03521 0.0352112 0.0352097
2.53125 3.03521 0.0352112 0.0352097
2.57812 3.03194 0.0319364 0.031935
2.57812 3.03194 0.0319364 0.031935
2.625 3.02858 0.0285847 0.0285835
2.625 3.02858 0.0285847 0.0285835
2.67188 3.02516 0.0251643 0.0251633
2.67188 3.02516 0.0251643 0.0251633
2.71875 3.02168 0.0216846 0.0216841
2.71875 3.02168 0.0216846 0.0216841
2.76562 3.01816 0.0181607 0.0181628
2.76562 3.01816 0.0181607 0.0181628
2.8125 3.01463 0.0146306 0.0146451
2.8125 3.01463 0.0146306 0.0146451
2.85938 3.0112 0.0112017 0.0112582
2.85938 3.0112 0.0112017 0.0112582
2.90625 3.00812 0.00812349 0.00828589
2.90625 3.00812 0.00812349 0.00828589
2.95312 3.00582 0.00582149 0.0061816
2.95312 3.00582 0.00582149 0.0061816
3 3.00478 0.00477558 0.00541216
