# x y topography analytical topography
0 2.00907 0.00907111 0.0100913
0.03125 2.00973 0.00972974 0.0104996
0.03125 2.00973 0.00972974 0.0104996
0.0625 2.01114 0.011142 0.0116896
0.0625 2.01114 0.011142 0.0116896
0.09375 2.0132 0.0132002 0.0135653
0.09375 2.0132 0.0132002 0.0135653
0.125 2.01576 0.0157631 0.0159897
0.125 2.01576 0.0157631 0.0159897
0.15625 2.01868 0.0186822 0.018812
0.15625 2.01868 0.0186822 0.018812
0.1875 2.02182 0.0218233 0.0218908
0.1875 2.02182 0.0218233 0.0218908
0.21875 2.02508 0.0250786 0.0251091
0.21875 2.02508 0.0250786 0.0251091
0.25 2.02837 0.0283695 0.0283798
0.25 2.02837 0.0283695 0.0283798
0.28125 2.03164 0.0316431 0.0316431
0.28125 2.03164 0.0316431 0.0316431
0.3125 2.03487 0.0348657 0.0348606
0.3125 2.03487 0.0348657 0.0348606
0.34375 2.03802 0.0380156 0.0380081
0.34375 2.03802 0.0380156 0.0380081
0.375 2.04108 0.0410787 0.0410699
0.375 2.04108 0.0410787 0.0410699
0.40625 2.04404 0.0440448 0.044035
0.40625 2.04404 0.0440448 0.044035
0.4375 2.04691 0.0469054 0.0468949
0.4375 2.04691 0.0469054 0.0468949
0.46875 2.04965 0.0496532 0.0496421
0.46875 2.04965 0.0496532 0.0496421
0.5 2.05228 0.0522815 0.0522698
0.5 2.05228 0.0522815 0.0522698
0.53125 2.05478 0.0547838 0.0547716
0.53125 2.05478 0.0547838 0.0547716
0.5625 2.05715 0.0571542 0.0571414
0.5625 2.05715 0.0571542 0.0571414
0.59375 2.05939 0.0593869 0.0593736
0.59375 2.05939 0.0593869 0.0593736
0.625 2.06148 0.0614765 0.0614628
0.625 2.06148 0.0614765 0.0614628
0.65625 2.06342 0.063418 0.0634039
0.65625 2.06342 0.063418 0.0634039
0.6875 2.06521 0.0652068 0.0651922
0.6875 2.06521 0.0652068 0.0651922
0.71875 2.06684 0.0668384 0.0668235
0.71875 2.06684 0.0668384 0.0668235
0.75 2.06831 0.068309 0.0682938
0.75 2.06831 0.068309 0.0682938
0.78125 2.06962 0.0696151 0.0695995
0.78125 2.06962 0.0696151 0.0695995
0.8125 2.07075 0.0707534 0.0707376
0.8125 2.07075 0.0707534 0.0707376
0.84375 2.07172 0.0717214 0.0717053
0.84375 2.07172 0.0717214 0.0717053
0.875 2.07252 0.0725165 0.0725003
0.875 2.07252 0.0725165 0.0725003
0.90625 2.07314 0.0731369 0.0731206
0.90625 2.07314 0.0731369 0.0731206
0.9375 2.07358 0.0735811 0.0735647
0.9375 2.07358 0.0735811 0.0735647
0.96875 2.07385 0.0738481 0.0738316
0.96875 2.07385 0.0738481 0.0738316
1 2.07394 0.0739372 0.0739206
1 2.07394 0.0739372 0.0739206
1.03125 2.07385 0.0738481 0.0738316
1.03125 2.07385 0.0738481 0.0738316
1.0625 2.07358 0.0735811 0.0735647
1.0625 2.07358 0.0735811 0.0735647
1.09375 2.07314 0.0731369 0.0731206
1.09375 2.07314 0.0731369 0.0731206
1.125 2.07252 0.0725165 0.0725003
1.125 2.07252 0.0725165 0.0725003
1.15625 2.07172 0.0717214 0.0717053
1.15625 2.07172 0.0717214 0.0717053
1.1875 2.07075 0.0707534 0.0707376
1.1875 2.07075 0.0707534 0.0707376
1.21875 2.06962 0.0696151 0.0695995
1.21875 2.06962 0.0696151 0.0695995
1.25 2.06831 0.068309 0.0682938
1.25 2.06831 0.068309 0.0682938
1.28125 2.06684 0.0668384 0.0668235
1.28125 2.06684 0.0668384 0.0668235
1.3125 2.06521 0.0652068 0.0651922
1.3125 2.06521 0.0652068 0.0651922
1.34375 2.06342 0.063418 0.0634039
1.34375 2.06342 0.063418 0.0634039
1.375 2.06148 0.0614765 0.0614628
1.375 2.06148 0.0614765 0.0614628
1.40625 2.05939 0.0593869 0.0593736
1.40625 2.05939 0.0593869 0.0593736
1.4375 2.05715 0.0571542 0.0571414
1.4375 2.05715 0.0571542 0.0571414
1.46875 2.05478 0.0547838 0.0547716
1.46875 2.05478 0.0547838 0.0547716
1.5 2.05228 0.0522815 0.0522698
1.5 2.05228 0.0522815 0.0522698
1.53125 2.04965 0.0496532 0.0496421
1.53125 2.04965 0.0496532 0.0496421
1.5625 2.04691 0.0469054 0.0468949
1.5625 2.04691 0.0469054 0.0468949
1.59375 2.04404 0.0440448 0.044035
1.59375 2.04404 0.0440448 0.044035
1.625 2.04108 0.0410787 0.0410699
1.625 2.04108 0.0410787 0.0410699
1.65625 2.03802 0.0380156 0.0380081
1.65625 2.03802 0.0380156 0.0380081
1.6875 2.03487 0.0348657 0.0348606
1.6875 2.03487 0.0348657 0.0348606
1.71875 2.03164 0.0316431 0.0316431
1.71875 2.03164 0.0316431 0.0316431
1.75 2.02837 0.0283695 0.0283798
1.75 2.02837 0.0283695 0.0283798
1.78125 2.02508 0.0250786 0.0251091
1.78125 2.02508 0.0250786 0.0251091
1.8125 2.02182 0.0218233 0.0218908
1.8125 2.02182 0.0218233 0.0218908
1.84375 2.01868 0.0186822 0.018812
1.84375 2.01868 0.0186822 0.018812
1.875 2.01576 0.0157631 0.0159897
1.875 2.01576 0.0157631 0.0159897
1.90625 2.0132 0.0132002 0.0135653
1.90625 2.0132 0.0132002 0.0135653
1.9375 2.01114 0.011142 0.0116896
1.9375 2.01114 0.011142 0.0116896
1.96875 2.00973 0.00972974 0.0104996
1.96875 2.00973 0.00972974 0.0104996
2 2.00907 0.00907111 0.0100913
