# x y topography analytical topography
0 2.00875 0.00875484 0.00976994
0.03125 2.00943 0.00943436 0.0101925
0.03125 2.00943 0.00943436 0.0101925
0.0625 2.01089 0.0108904 0.011422
0.0625 2.01089 0.0108904 0.011422
0.09375 2.01301 0.0130056 0.0133531
0.09375 2.01301 0.0130056 0.0133531
0.125 2.01563 0.0156277 0.0158381
0.125 2.01563 0.0156277 0.0158381
0.15625 2.0186 0.0185996 0.0187163
0.15625 2.0186 0.0185996 0.0187163
0.1875 2.02178 0.0217823 0.0218405
0.1875 2.02178 0.0217823 0.0218405
0.21875 2.02507 0.0250672 0.025092
0.21875 2.02507 0.0250672 0.025092
0.25 2.02838 0.0283776 0.0283848
0.25 2.02838 0.0283776 0.0283848
0.28125 2.03166 0.0316635 0.0316622
0.28125 2.03166 0.0316635 0.0316622
0.3125 2.03489 0.0348937 0.0348883
0.3125 2.03489 0.0348937 0.0348883
0.34375 2.03805 0.0380487 0.0380414
0.34375 2.03805 0.0380487 0.0380414
0.375 2.04112 0.0411156 0.0411072
0.375 2.04112 0.0411156 0.0411072
0.40625 2.04408 0.0440847 0.0440755
0.40625 2.04408 0.0440847 0.0440755
0.4375 2.04695 0.0469481 0.0469383
0.4375 2.04695 0.0469481 0.0469383
0.46875 2.0497 0.0496984 0.049688
0.46875 2.0497 0.0496984 0.049688
0.5 2.05233 0.0523291 0.0523182
0.5 2.05233 0.0523291 0.0523182
0.53125 2.05483 0.0548337 0.0548223
0.53125 2.05483 0.0548337 0.0548223
0.5625 2.05721 0.0572063 0.0571943
0.5625 2.05721 0.0572063 0.0571943
0.59375 2.05944 0.059441 0.0594286
0.59375 2.05944 0.059441 0.0594286
0.625 2.06153 0.0615325 0.0615197
0.625 2.06153 0.0615325 0.0615197
0.65625 2.06348 0.0634758 0.0634625
0.65625 2.06348 0.0634758 0.0634625
0.6875 2.06527 0.0652662 0.0652525
0.6875 2.06527 0.0652662 0.0652525
0.71875 2.0669 0.0668993 0.0668853
0.71875 2.0669 0.0668993 0.0668853
0.75 2.06837 0.0683713 0.068357
0.75 2.06837 0.0683713 0.068357
0.78125 2.06968 0.0696785 0.069664
0.78125 2.06968 0.0696785 0.069664
0.8125 2.07082 0.0708179 0.0708031
0.8125 2.07082 0.0708179 0.0708031
0.84375 2.07179 0.0717867 0.0717717
0.84375 2.07179 0.0717867 0.0717717
0.875 2.07258 0.0725826 0.0725674
0.875 2.07258 0.0725826 0.0725674
0.90625 2.0732 0.0732036 0.0731883
0.90625 2.0732 0.0732036 0.0731883
0.9375 2.07365 0.0736482 0.0736328
0.9375 2.07365 0.0736482 0.0736328
0.96875 2.07392 0.0739154 0.0738999
0.96875 2.07392 0.0739154 0.0738999
1 2.074 0.0740045 0.0739891
1 2.074 0.0740045 0.0739891
1.03125 2.07392 0.0739154 0.0738999
1.03125 2.07392 0.0739154 0.0738999
1.0625 2.07365 0.0736482 0.0736328
1.0625 2.07365 0.0736482 0.0736328
1.09375 2.0732 0.0732036 0.0731883
1.09375 2.0732 0.0732036 0.0731883
1.125 2.07258 0.0725826 0.0725674
1.125 2.07258 0.0725826 0.0725674
1.15625 2.07179 0.0717867 0.0717717
1.15625 2.07179 0.0717867 0.0717717
1.1875 2.07082 0.0708179 0.0708031
1.1875 2.07082 0.0708179 0.0708031
1.21875 2.06968 0.0696785 0.069664
1.21875 2.06968 0.0696785 0.069664
1.25 2.06837 0.0683713 0.068357
1.25 2.06837 0.0683713 0.068357
1.28125 2.0669 0.0668993 0.0668853
1.28125 2.0669 0.0668993 0.0668853
1.3125 2.06527 0.0652662 0.0652525
1.3125 2.06527 0.0652662 0.0652525
1.34375 2.06348 0.0634758 0.0634625
1.34375 2.06348 0.0634758 0.0634625
1.375 2.06153 0.0615325 0.0615197
1.375 2.06153 0.0615325 0.0615197
1.40625 2.05944 0.059441 0.0594286
1.40625 2.05944 0.059441 0.0594286
1.4375 2.05721 0.0572063 0.0571943
1.4375 2.05721 0.0572063 0.0571943
1.46875 2.05483 0.0548337 0.0548223
1.46875 2.05483 0.0548337 0.0548223
1.5 2.05233 0.0523291 0.0523182
1.5 2.05233 0.0523291 0.0523182
1.53125 2.0497 0.0496984 0.049688
1.53125 2.0497 0.0496984 0.049688
1.5625 2.04695 0.0469481 0.0469383
1.5625 2.04695 0.0469481 0.0469383
1.59375 2.04408 0.0440847 0.0440755
1.59375 2.04408 0.0440847 0.0440755
1.625 2.04112 0.0411156 0.0411072
1.625 2.04112 0.0411156 0.0411072
1.65625 2.03805 0.0380487 0.0380414
1.65625 2.03805 0.0380487 0.0380414
1.6875 2.03489 0.0348937 0.0348883
1.6875 2.03489 0.0348937 0.0348883
1.71875 2.03166 0.0316635 0.0316622
1.71875 2.03166 0.0316635 0.0316622
1.75 2.02838 0.0283776 0.0283848
1.75 2.02838 0.0283776 0.0283848
1.78125 2.02507 0.0250672 0.025092
1.78125 2.02507 0.0250672 0.025092
1.8125 2.02178 0.0217823 0.0218405
1.8125 2.02178 0.0217823 0.0218405
1.84375 2.0186 0.0185996 0.0187163
1.84375 2.0186 0.0185996 0.0187163
1.875 2.01563 0.0156277 0.0158381
1.875 2.01563 0.0156277 0.0158381
1.90625 2.01301 0.0130056 0.0133531
1.90625 2.01301 0.0130056 0.0133531
1.9375 2.01089 0.0108904 0.011422
1.9375 2.01089 0.0108904 0.011422
1.96875 2.00943 0.00943436 0.0101925
1.96875 2.00943 0.00943436 0.0101925
2 2.00875 0.00875484 0.00976994
