# x y topography analytical topography
0 2.00832 0.00831507 0.00932293
0.03125 2.00903 0.00902584 0.00976688
0.03125 2.00903 0.00902584 0.00976688
0.0625 2.01055 0.010547 0.011055
0.0625 2.01055 0.010547 0.011055
0.09375 2.01275 0.0127454 0.0130677
0.09375 2.01275 0.0127454 0.0130677
0.125 2.01545 0.015452 0.0156396
0.125 2.01545 0.015452 0.0156396
0.15625 2.0185 0.0184969 0.018596
0.15625 2.0185 0.0184969 0.018596
0.1875 2.02174 0.0217351 0.0217815
0.1875 2.02174 0.0217351 0.0217815
0.21875 2.02506 0.0250581 0.025076
0.21875 2.02506 0.0250581 0.025076
0.25 2.02839 0.0283927 0.0283965
0.25 2.02839 0.0283927 0.0283965
0.28125 2.03169 0.0316933 0.0316906
0.28125 2.03169 0.0316933 0.0316906
0.3125 2.03493 0.0349325 0.034927
0.3125 2.03493 0.0349325 0.034927
0.34375 2.03809 0.0380936 0.0380867
0.34375 2.03809 0.0380936 0.0380867
0.375 2.04117 0.0411651 0.0411574
0.375 2.04117 0.0411651 0.0411574
0.40625 2.04414 0.0441381 0.0441298
0.40625 2.04414 0.0441381 0.0441298
0.4375 2.04701 0.0470051 0.0469961
0.4375 2.04701 0.0470051 0.0469961
0.46875 2.04976 0.0497588 0.0497494
0.46875 2.04976 0.0497588 0.0497494
0.5 2.05239 0.0523927 0.0523828
0.5 2.05239 0.0523927 0.0523828
0.53125 2.0549 0.0549004 0.05489
0.53125 2.0549 0.0549004 0.05489
0.5625 2.05728 0.0572758 0.0572649
0.5625 2.05728 0.0572758 0.0572649
0.59375 2.05951 0.0595132 0.0595019
0.59375 2.05951 0.0595132 0.0595019
0.625 2.06161 0.0616073 0.0615956
0.625 2.06161 0.0616073 0.0615956
0.65625 2.06355 0.063553 0.0635409
0.65625 2.06355 0.063553 0.0635409
0.6875 2.06535 0.0653455 0.0653331
0.6875 2.06535 0.0653455 0.0653331
0.71875 2.06698 0.0669806 0.0669679
0.71875 2.06698 0.0669806 0.0669679
0.75 2.06845 0.0684544 0.0684414
0.75 2.06845 0.0684544 0.0684414
0.78125 2.06976 0.0697632 0.06975
0.78125 2.06976 0.0697632 0.06975
0.8125 2.0709 0.070904 0.0708905
0.8125 2.0709 0.070904 0.0708905
0.84375 2.07187 0.071874 0.0718603
0.84375 2.07187 0.071874 0.0718603
0.875 2.07267 0.0726708 0.072657
0.875 2.07267 0.0726708 0.072657
0.90625 2.07329 0.0732925 0.0732786
0.90625 2.07329 0.0732925 0.0732786
0.9375 2.07374 0.0737377 0.0737237
0.9375 2.07374 0.0737377 0.0737237
0.96875 2.07401 0.0740052 0.0739912
0.96875 2.07401 0.0740052 0.0739912
1 2.07409 0.0740945 0.0740804
1 2.07409 0.0740945 0.0740804
1.03125 2.07401 0.0740052 0.0739912
1.03125 2.07401 0.0740052 0.0739912
1.0625 2.07374 0.0737377 0.0737237
1.0625 2.07374 0.0737377 0.0737237
1.09375 2.07329 0.0732925 0.0732786
1.09375 2.07329 0.0732925 0.0732786
1.125 2.07267 0.0726708 0.072657
1.125 2.07267 0.0726708 0.072657
1.15625 2.07187 0.071874 0.0718603
1.15625 2.07187 0.071874 0.0718603
1.1875 2.0709 0.070904 0.0708905
1.1875 2.0709 0.070904 0.0708905
1.21875 2.06976 0.0697632 0.06975
1.21875 2.06976 0.0697632 0.06975
1.25 2.06845 0.0684544 0.0684414
1.25 2.06845 0.0684544 0.0684414
1.28125 2.06698 0.0669806 0.0669679
1.28125 2.06698 0.0669806 0.0669679
1.3125 2.06535 0.0653455 0.0653331
1.3125 2.06535 0.0653455 0.0653331
1.34375 2.06355 0.063553 0.0635409
1.34375 2.06355 0.063553 0.0635409
1.375 2.06161 0.0616073 0.0615956
1.375 2.06161 0.0616073 0.0615956
1.40625 2.05951 0.0595132 0.0595019
1.40625 2.05951 0.0595132 0.0595019
1.4375 2.05728 0.0572758 0.0572649
1.4375 2.05728 0.0572758 0.0572649
1.46875 2.0549 0.0549004 0.05489
1.46875 2.0549 0.0549004 0.05489
1.5 2.05239 0.0523927 0.0523828
1.5 2.05239 0.0523927 0.0523828
1.53125 2.04976 0.0497588 0.0497494
1.53125 2.04976 0.0497588 0.0497494
1.5625 2.04701 0.0470051 0.0469961
1.5625 2.04701 0.0470051 0.0469961
1.59375 2.04414 0.0441381 0.0441298
1.59375 2.04414 0.0441381 0.0441298
1.625 2.04117 0.0411651 0.0411574
1.625 2.04117 0.0411651 0.0411574
1.65625 2.03809 0.0380936 0.0380867
1.65625 2.03809 0.0380936 0.0380867
1.6875 2.03493 0.0349325 0.034927
1.6875 2.03493 0.0349325 0.034927
1.71875 2.03169 0.0316933 0.0316906
1.71875 2.03169 0.0316933 0.0316906
1.75 2.02839 0.0283927 0.0283965
1.75 2.02839 0.0283927 0.0283965
1.78125 2.02506 0.0250581 0.025076
1.78125 2.02506 0.0250581 0.025076
1.8125 2.02174 0.0217351 0.0217815
1.8125 2.02174 0.0217351 0.0217815
1.84375 2.0185 0.0184969 0.018596
1.84375 2.0185 0.0184969 0.018596
1.875 2.01545 0.015452 0.0156396
1.875 2.01545 0.015452 0.0156396
1.90625 2.01275 0.0127454 0.0130677
1.90625 2.01275 0.0127454 0.0130677
1.9375 2.01055 0.010547 0.011055
1.9375 2.01055 0.010547 0.011055
1.96875 2.00903 0.00902584 0.00976688
1.96875 2.00903 0.00902584 0.00976688
2 2.00832 0.00831507 0.00932293
