# x y topography analytical topography
0 2.00886 0.00886148 0.00987831
0.03125 2.00953 0.00953382 0.010296
0.03125 2.00953 0.00953382 0.010296
0.0625 2.01097 0.0109749 0.0115119
0.0625 2.01097 0.0109749 0.0115119
0.09375 2.01307 0.0130705 0.013424
0.09375 2.01307 0.0130705 0.013424
0.125 2.01567 0.0156725 0.0158884
0.125 2.01567 0.0156725 0.0158884
0.15625 2.01863 0.0186266 0.0187478
0.15625 2.01863 0.0186266 0.0187478
0.1875 2.0218 0.0217954 0.0218567
0.1875 2.0218 0.0217954 0.0218567
0.21875 2.02507 0.0250705 0.0250972
0.21875 2.02507 0.0250705 0.0250972
0.25 2.02837 0.0283746 0.0283828
0.25 2.02837 0.0283746 0.0283828
0.28125 2.03166 0.0316565 0.0316556
0.28125 2.03166 0.0316565 0.0316556
0.3125 2.03488 0.0348843 0.034879
0.3125 2.03488 0.0348843 0.034879
0.34375 2.03804 0.0380376 0.0380302
0.34375 2.03804 0.0380376 0.0380302
0.375 2.0411 0.0411033 0.0410947
0.375 2.0411 0.0411033 0.0410947
0.40625 2.04407 0.0440714 0.044062
0.40625 2.04407 0.0440714 0.044062
0.4375 2.04693 0.0469338 0.0469238
0.4375 2.04693 0.0469338 0.0469238
0.46875 2.04968 0.0496833 0.0496727
0.46875 2.04968 0.0496833 0.0496727
0.5 2.05231 0.0523132 0.052302
0.5 2.05231 0.0523132 0.052302
0.53125 2.05482 0.0548171 0.0548054
0.53125 2.05482 0.0548171 0.0548054
0.5625 2.05719 0.0571889 0.0571767
0.5625 2.05719 0.0571889 0.0571767
0.59375 2.05942 0.059423 0.0594103
0.59375 2.05942 0.059423 0.0594103
0.625 2.06151 0.0615138 0.0615007
0.625 2.06151 0.0615138 0.0615007
0.65625 2.06346 0.0634565 0.063443
0.65625 2.06346 0.0634565 0.063443
0.6875 2.06525 0.0652464 0.0652324
0.6875 2.06525 0.0652464 0.0652324
0.71875 2.06688 0.066879 0.0668647
0.71875 2.06688 0.066879 0.0668647
0.75 2.06835 0.0683505 0.0683359
0.75 2.06835 0.0683505 0.0683359
0.78125 2.06966 0.0696574 0.0696425
0.78125 2.06966 0.0696574 0.0696425
0.8125 2.0708 0.0707964 0.0707813
0.8125 2.0708 0.0707964 0.0707813
0.84375 2.07176 0.0717649 0.0717496
0.84375 2.07176 0.0717649 0.0717496
0.875 2.07256 0.0725605 0.072545
0.875 2.07256 0.0725605 0.072545
0.90625 2.07318 0.0731813 0.0731657
0.90625 2.07318 0.0731813 0.0731657
0.9375 2.07363 0.0736258 0.0736101
0.9375 2.07363 0.0736258 0.0736101
0.96875 2.07389 0.073893 0.0738772
0.96875 2.07389 0.073893 0.0738772
1 2.07398 0.0739821 0.0739663
1 2.07398 0.0739821 0.0739663
1.03125 2.07389 0.073893 0.0738772
1.03125 2.07389 0.073893 0.0738772
1.0625 2.07363 0.0736258 0.0736101
1.0625 2.07363 0.0736258 0.0736101
1.09375 2.07318 0.0731813 0.0731657
1.09375 2.07318 0.0731813 0.0731657
1.125 2.07256 0.0725605 0.072545
1.125 2.07256 0.0725605 0.072545
1.15625 2.07176 0.0717649 0.0717496
1.15625 2.07176 0.0717649 0.0717496
1.1875 2.0708 0.0707964 0.0707813
1.1875 2.0708 0.0707964 0.0707813
1.21875 2.06966 0.0696574 0.0696425
1.21875 2.06966 0.0696574 0.0696425
1.25 2.06835 0.0683505 0.0683359
1.25 2.06835 0.0683505 0.0683359
1.28125 2.06688 0.066879 0.0668647
1.28125 2.06688 0.066879 0.0668647
1.3125 2.06525 0.0652464 0.0652324
1.3125 2.06525 0.0652464 0.0652324
1.34375 2.06346 0.0634565 0.063443
1.34375 2.06346 0.0634565 0.063443
1.375 2.06151 0.0615138 0.0615007
1.375 2.06151 0.0615138 0.0615007
1.40625 2.05942 0.059423 0.0594103
1.40625 2.05942 0.059423 0.0594103
1.4375 2.05719 0.0571889 0.0571767
1.4375 2.05719 0.0571889 0.0571767
1.46875 2.05482 0.0548171 0.0548054
1.46875 2.05482 0.0548171 0.0548054
1.5 2.05231 0.0523132 0.052302
1.5 2.05231 0.0523132 0.052302
1.53125 2.04968 0.0496833 0.0496727
1.53125 2.04968 0.0496833 0.0496727
1.5625 2.04693 0.0469338 0.0469238
1.5625 2.04693 0.0469338 0.0469238
1.59375 2.04407 0.0440714 0.044062
1.59375 2.04407 0.0440714 0.044062
1.625 2.0411 0.0411033 0.0410947
1.625 2.0411 0.0411033 0.0410947
1.65625 2.03804 0.0380376 0.0380302
1.65625 2.03804 0.0380376 0.0380302
1.6875 2.03488 0.0348843 0.034879
1.6875 2.03488 0.0348843 0.034879
1.71875 2.03166 0.0316565 0.0316556
1.71875 2.03166 0.0316565 0.0316556
1.75 2.02837 0.0283746 0.0283828
1.75 2.02837 0.0283746 0.0283828
1.78125 2.02507 0.0250705 0.0250972
1.78125 2.02507 0.0250705 0.0250972
1.8125 2.0218 0.0217954 0.0218567
1.8125 2.0218 0.0217954 0.0218567
1.84375 2.01863 0.0186266 0.0187478
1.84375 2.01863 0.0186266 0.0187478
1.875 2.01567 0.0156725 0.0158884
1.875 2.01567 0.0156725 0.0158884
1.90625 2.01307 0.0130705 0.013424
1.90625 2.01307 0.0130705 0.013424
1.9375 2.01097 0.0109749 0.0115119
1.9375 2.01097 0.0109749 0.0115119
1.96875 2.00953 0.00953382 0.010296
1.96875 2.00953 0.00953382 0.010296
2 2.00886 0.00886148 0.00987831
