# x y topography analytical topography
0 2.01388 0.0138836 0.0149727
0.03125 2.01433 0.0143292 0.0152357
0.03125 2.01433 0.0143292 0.0152357
0.0625 2.01528 0.0152782 0.0160138
0.0625 2.01528 0.0152782 0.0160138
0.09375 2.0167 0.016695 0.0172757
0.09375 2.0167 0.016695 0.0172757
0.125 2.01853 0.0185277 0.0189727
0.125 2.01853 0.0185277 0.0189727
0.15625 2.02071 0.0207132 0.0210432
0.15625 2.02071 0.0207132 0.0210432
0.1875 2.02318 0.0231827 0.0234187
0.1875 2.02318 0.0231827 0.0234187
0.21875 2.02587 0.0258668 0.0260284
0.21875 2.02587 0.0258668 0.0260284
0.25 2.0287 0.0286997 0.0288046
0.25 2.0287 0.0286997 0.0288046
0.28125 2.03162 0.0316225 0.0316855
0.28125 2.03162 0.0316225 0.0316855
0.3125 2.03458 0.0345845 0.0346175
0.3125 2.03458 0.0345845 0.0346175
0.34375 2.03754 0.037544 0.0375562
0.34375 2.03754 0.037544 0.0375562
0.375 2.04047 0.0404676 0.0404657
0.375 2.04047 0.0404676 0.0404657
0.40625 2.04333 0.0433292 0.0433179
0.40625 2.04333 0.0433292 0.0433179
0.4375 2.04611 0.0461087 0.0460913
0.4375 2.04611 0.0461087 0.0460913
0.46875 2.04879 0.0487907 0.0487691
0.46875 2.04879 0.0487907 0.0487691
0.5 2.05136 0.051363 0.0513385
0.5 2.05136 0.051363 0.0513385
0.53125 2.05382 0.053816 0.0537895
0.53125 2.05382 0.053816 0.0537895
0.5625 2.05614 0.0561418 0.0561137
0.5625 2.05614 0.0561418 0.0561137
0.59375 2.05833 0.0583337 0.0583042
0.59375 2.05833 0.0583337 0.0583042
0.625 2.06039 0.0603856 0.060355
0.625 2.06039 0.0603856 0.060355
0.65625 2.06229 0.0622924 0.0622608
0.65625 2.06229 0.0622924 0.0622608
0.6875 2.06405 0.0640492 0.0640167
0.6875 2.06405 0.0640492 0.0640167
0.71875 2.06565 0.0656519 0.0656185
0.71875 2.06565 0.0656519 0.0656185
0.75 2.0671 0.0670964 0.0670623
0.75 2.0671 0.0670964 0.0670623
0.78125 2.06838 0.0683792 0.0683445
0.78125 2.06838 0.0683792 0.0683445
0.8125 2.0695 0.0694974 0.0694621
0.8125 2.0695 0.0694974 0.0694621
0.84375 2.07045 0.0704481 0.0704123
0.84375 2.07045 0.0704481 0.0704123
0.875 2.07123 0.0712291 0.0711929
0.875 2.07123 0.0712291 0.0711929
0.90625 2.07184 0.0718385 0.071802
0.90625 2.07184 0.0718385 0.071802
0.9375 2.07227 0.0722749 0.0722381
0.9375 2.07227 0.0722749 0.0722381
0.96875 2.07254 0.0725371 0.0725002
0.96875 2.07254 0.0725371 0.0725002
1 2.07262 0.0726246 0.0725877
1 2.07262 0.0726246 0.0725877
1.03125 2.07254 0.0725371 0.0725002
1.03125 2.07254 0.0725371 0.0725002
1.0625 2.07227 0.0722749 0.0722381
1.0625 2.07227 0.0722749 0.0722381
1.09375 2.07184 0.0718385 0.071802
1.09375 2.07184 0.0718385 0.071802
1.125 2.07123 0.0712291 0.0711929
1.125 2.07123 0.0712291 0.0711929
1.15625 2.07045 0.0704481 0.0704123
1.15625 2.07045 0.0704481 0.0704123
1.1875 2.0695 0.0694974 0.0694621
1.1875 2.0695 0.0694974 0.0694621
1.21875 2.06838 0.0683792 0.0683445
1.21875 2.06838 0.0683792 0.0683445
1.25 2.0671 0.0670964 0.0670623
1.25 2.0671 0.0670964 0.0670623
1.28125 2.06565 0.0656519 0.0656185
1.28125 2.06565 0.0656519 0.0656185
1.3125 2.06405 0.0640492 0.0640167
1.3125 2.06405 0.0640492 0.0640167
1.34375 2.06229 0.0622924 0.0622608
1.34375 2.06229 0.0622924 0.0622608
1.375 2.06039 0.0603856 0.060355
1.375 2.06039 0.0603856 0.060355
1.40625 2.05833 0.0583337 0.0583042
1.40625 2.05833 0.0583337 0.0583042
1.4375 2.05614 0.0561418 0.0561137
1.4375 2.05614 0.0561418 0.0561137
1.46875 2.05382 0.053816 0.0537895
1.46875 2.05382 0.053816 0.0537895
1.5 2.05136 0.051363 0.0513385
1.5 2.05136 0.051363 0.0513385
1.53125 2.04879 0.0487907 0.0487691
1.53125 2.04879 0.0487907 0.0487691
1.5625 2.04611 0.0461087 0.0460913
1.5625 2.04611 0.0461087 0.0460913
1.59375 2.04333 0.0433292 0.0433179
1.59375 2.04333 0.0433292 0.0433179
1.625 2.04047 0.0404676 0.0404657
1.625 2.04047 0.0404676 0.0404657
1.65625 2.03754 0.037544 0.0375562
1.65625 2.03754 0.037544 0.0375562
1.6875 2.03458 0.0345845 0.0346175
1.6875 2.03458 0.0345845 0.0346175
1.71875 2.03162 0.0316225 0.0316855
1.71875 2.03162 0.0316225 0.0316855
1.75 2.0287 0.0286997 0.0288046
1.75 2.0287 0.0286997 0.0288046
1.78125 2.02587 0.0258668 0.0260284
1.78125 2.02587 0.0258668 0.0260284
1.8125 2.02318 0.0231827 0.0234187
1.8125 2.02318 0.0231827 0.0234187
1.84375 2.02071 0.0207132 0.0210432
1.84375 2.02071 0.0207132 0.0210432
1.875 2.01853 0.0185277 0.0189727
1.875 2.01853 0.0185277 0.0189727
1.90625 2.0167 0.016695 0.0172757
1.90625 2.0167 0.016695 0.0172757
1.9375 2.01528 0.0152782 0.0160138
1.9375 2.01528 0.0152782 0.0160138
1.96875 2.01433 0.0143292 0.0152357
1.96875 2.01433 0.0143292 0.0152357
2 2.01388 0.0138836 0.0149727
