# x y topography analytical topography
0 2.00958 0.00957548 0.0106036
0.03125 2.0102 0.0102033 0.0109908
0.03125 2.0102 0.0102033 0.0109908
0.0625 2.01155 0.0115502 0.0121223
0.0625 2.01155 0.0115502 0.0121223
0.09375 2.01352 0.0135222 0.0139143
0.09375 2.01352 0.0135222 0.0139143
0.125 2.01599 0.0159935 0.0162456
0.125 2.01599 0.0159935 0.0162456
0.15625 2.01883 0.0188288 0.0189797
0.15625 2.01883 0.0188288 0.0189797
0.1875 2.0219 0.0219015 0.0219844
0.1875 2.0219 0.0219015 0.0219844
0.21875 2.02511 0.025106 0.0251467
0.21875 2.02511 0.025106 0.0251467
0.25 2.02836 0.0283622 0.0283783
0.25 2.02836 0.0283622 0.0283783
0.28125 2.03161 0.0316132 0.0316159
0.28125 2.03161 0.0316132 0.0316159
0.3125 2.03482 0.0348212 0.0348171
0.3125 2.03482 0.0348212 0.0348171
0.34375 2.03796 0.0379616 0.037954
0.34375 2.03796 0.0379616 0.037954
0.375 2.04102 0.0410179 0.0410084
0.375 2.04102 0.0410179 0.0410084
0.40625 2.04398 0.0439785 0.0439678
0.40625 2.04398 0.0439785 0.0439678
0.4375 2.04683 0.0468344 0.0468229
0.4375 2.04683 0.0468344 0.0468229
0.46875 2.04958 0.0495779 0.0495657
0.46875 2.04958 0.0495779 0.0495657
0.5 2.0522 0.0522022 0.0521893
0.5 2.0522 0.0522022 0.0521893
0.53125 2.0547 0.0547007 0.0546872
0.53125 2.0547 0.0547007 0.0546872
0.5625 2.05707 0.0570675 0.0570534
0.5625 2.05707 0.0570675 0.0570534
0.59375 2.0593 0.0592968 0.0592821
0.59375 2.0593 0.0592968 0.0592821
0.625 2.06138 0.0613832 0.0613681
0.625 2.06138 0.0613832 0.0613681
0.65625 2.06332 0.0633218 0.0633061
0.65625 2.06332 0.0633218 0.0633061
0.6875 2.06511 0.0651078 0.0650917
0.6875 2.06511 0.0651078 0.0650917
0.71875 2.06674 0.066737 0.0667205
0.71875 2.06674 0.066737 0.0667205
0.75 2.06821 0.0682054 0.0681885
0.75 2.06821 0.0682054 0.0681885
0.78125 2.06951 0.0695095 0.0694923
0.78125 2.06951 0.0695095 0.0694923
0.8125 2.07065 0.0706461 0.0706286
0.8125 2.07065 0.0706461 0.0706286
0.84375 2.07161 0.0716126 0.0715948
0.84375 2.07161 0.0716126 0.0715948
0.875 2.07241 0.0724065 0.0723886
0.875 2.07241 0.0724065 0.0723886
0.90625 2.07303 0.073026 0.0730079
0.90625 2.07303 0.073026 0.0730079
0.9375 2.07347 0.0734695 0.0734513
0.9375 2.07347 0.0734695 0.0734513
0.96875 2.07374 0.0737361 0.0737178
0.96875 2.07374 0.0737361 0.0737178
1 2.07382 0.073825 0.0738067
1 2.07382 0.073825 0.0738067
1.03125 2.07374 0.0737361 0.0737178
1.03125 2.07374 0.0737361 0.0737178
1.0625 2.07347 0.0734695 0.0734513
1.0625 2.07347 0.0734695 0.0734513
1.09375 2.07303 0.073026 0.0730079
1.09375 2.07303 0.073026 0.0730079
1.125 2.07241 0.0724065 0.0723886
1.125 2.07241 0.0724065 0.0723886
1.15625 2.07161 0.0716126 0.0715948
1.15625 2.07161 0.0716126 0.0715948
1.1875 2.07065 0.0706461 0.0706286
1.1875 2.07065 0.0706461 0.0706286
1.21875 2.06951 0.0695095 0.0694923
1.21875 2.06951 0.0695095 0.0694923
1.25 2.06821 0.0682054 0.0681885
1.25 2.06821 0.0682054 0.0681885
1.28125 2.06674 0.066737 0.0667205
1.28125 2.06674 0.066737 0.0667205
1.3125 2.06511 0.0651078 0.0650917
1.3125 2.06511 0.0651078 0.0650917
1.34375 2.06332 0.0633218 0.0633061
1.34375 2.06332 0.0633218 0.0633061
1.375 2.06138 0.0613832 0.0613681
1.375 2.06138 0.0613832 0.0613681
1.40625 2.0593 0.0592968 0.0592821
1.40625 2.0593 0.0592968 0.0592821
1.4375 2.05707 0.0570675 0.0570534
1.4375 2.05707 0.0570675 0.0570534
1.46875 2.0547 0.0547007 0.0546872
1.46875 2.0547 0.0547007 0.0546872
1.5 2.0522 0.0522022 0.0521893
1.5 2.0522 0.0522022 0.0521893
1.53125 2.04958 0.0495779 0.0495657
1.53125 2.04958 0.0495779 0.0495657
1.5625 2.04683 0.0468344 0.0468229
1.5625 2.04683 0.0468344 0.0468229
1.59375 2.04398 0.0439785 0.0439678
1.59375 2.04398 0.0439785 0.0439678
1.625 2.04102 0.0410179 0.0410084
1.625 2.04102 0.0410179 0.0410084
1.65625 2.03796 0.0379616 0.037954
1.65625 2.03796 0.0379616 0.037954
1.6875 2.03482 0.0348212 0.0348171
1.6875 2.03482 0.0348212 0.0348171
1.71875 2.03161 0.0316132 0.0316159
1.71875 2.03161 0.0316132 0.0316159
1.75 2.02836 0.0283622 0.0283783
1.75 2.02836 0.0283622 0.0283783
1.78125 2.02511 0.025106 0.0251467
1.78125 2.02511 0.025106 0.0251467
1.8125 2.0219 0.0219015 0.0219844
1.8125 2.0219 0.0219015 0.0219844
1.84375 2.01883 0.0188288 0.0189797
1.84375 2.01883 0.0188288 0.0189797
1.875 2.01599 0.0159935 0.0162456
1.875 2.01599 0.0159935 0.0162456
1.90625 2.01352 0.0135222 0.0139143
1.90625 2.01352 0.0135222 0.0139143
1.9375 2.01155 0.0115502 0.0121223
1.9375 2.01155 0.0115502 0.0121223
1.96875 2.0102 0.0102033 0.0109908
1.96875 2.0102 0.0102033 0.0109908
2 2.00958 0.00957548 0.0106036
