# x y topography analytical topography
0 2.01491 0.0149085 0.0160105
0.03125 2.01532 0.0153242 0.0162532
0.03125 2.01532 0.0153242 0.0162532
0.0625 2.01621 0.0162067 0.0169727
0.0625 2.01621 0.0162067 0.0169727
0.09375 2.01753 0.0175263 0.018143
0.09375 2.01753 0.0175263 0.018143
0.125 2.01924 0.0192398 0.0197238
0.125 2.01924 0.0192398 0.0197238
0.15625 2.02129 0.0212941 0.0216633
0.15625 2.02129 0.0212941 0.0216633
0.1875 2.02363 0.0236297 0.0239026
0.1875 2.02363 0.0236297 0.0239026
0.21875 2.02619 0.0261852 0.0263797
0.21875 2.02619 0.0261852 0.0263797
0.25 2.0289 0.0289009 0.0290335
0.25 2.0289 0.0289009 0.0290335
0.28125 2.03172 0.0317215 0.0318065
0.28125 2.03172 0.0317215 0.0318065
0.3125 2.0346 0.0345977 0.0346471
0.3125 2.0346 0.0345977 0.0346471
0.34375 2.03749 0.0374873 0.0375109
0.34375 2.03749 0.0374873 0.0375109
0.375 2.04036 0.0403554 0.0403607
0.375 2.04036 0.0403554 0.0403607
0.40625 2.04317 0.0431736 0.0431661
0.40625 2.04317 0.0431736 0.0431661
0.4375 2.04592 0.0459194 0.0459031
0.4375 2.04592 0.0459194 0.0459031
0.46875 2.04857 0.048575 0.0485526
0.46875 2.04857 0.048575 0.0485526
0.5 2.05113 0.0511263 0.0510997
0.5 2.05113 0.0511263 0.0510997
0.53125 2.05356 0.0535622 0.0535326
0.53125 2.05356 0.0535622 0.0535326
0.5625 2.05587 0.0558736 0.0558418
0.5625 2.05587 0.0558736 0.0558418
0.59375 2.05805 0.0580531 0.0580195
0.59375 2.05805 0.0580531 0.0580195
0.625 2.06009 0.0600941 0.0600591
0.625 2.06009 0.0600941 0.0600591
0.65625 2.06199 0.0619911 0.0619549
0.65625 2.06199 0.0619911 0.0619549
0.6875 2.06374 0.0637392 0.0637019
0.6875 2.06374 0.0637392 0.0637019
0.71875 2.06533 0.0653339 0.0652956
0.71875 2.06533 0.0653339 0.0652956
0.75 2.06677 0.0667714 0.0667322
0.75 2.06677 0.0667714 0.0667322
0.78125 2.06805 0.068048 0.0680081
0.78125 2.06805 0.068048 0.0680081
0.8125 2.06916 0.0691607 0.0691201
0.8125 2.06916 0.0691607 0.0691201
0.84375 2.07011 0.0701068 0.0700657
0.84375 2.07011 0.0701068 0.0700657
0.875 2.07088 0.070884 0.0708425
0.875 2.07088 0.070884 0.0708425
0.90625 2.07149 0.0714905 0.0714486
0.90625 2.07149 0.0714905 0.0714486
0.9375 2.07192 0.0719247 0.0718825
0.9375 2.07192 0.0719247 0.0718825
0.96875 2.07219 0.0721857 0.0721433
0.96875 2.07219 0.0721857 0.0721433
1 2.07227 0.0722727 0.0722303
1 2.07227 0.0722727 0.0722303
1.03125 2.07219 0.0721857 0.0721433
1.03125 2.07219 0.0721857 0.0721433
1.0625 2.07192 0.0719247 0.0718825
1.0625 2.07192 0.0719247 0.0718825
1.09375 2.07149 0.0714905 0.0714486
1.09375 2.07149 0.0714905 0.0714486
1.125 2.07088 0.070884 0.0708425
1.125 2.07088 0.070884 0.0708425
1.15625 2.07011 0.0701068 0.0700657
1.15625 2.07011 0.0701068 0.0700657
1.1875 2.06916 0.0691607 0.0691201
1.1875 2.06916 0.0691607 0.0691201
1.21875 2.06805 0.068048 0.0680081
1.21875 2.06805 0.068048 0.0680081
1.25 2.06677 0.0667714 0.0667322
1.25 2.06677 0.0667714 0.0667322
1.28125 2.06533 0.0653339 0.0652956
1.28125 2.06533 0.0653339 0.0652956
1.3125 2.06374 0.0637392 0.0637019
1.3125 2.06374 0.0637392 0.0637019
1.34375 2.06199 0.0619911 0.0619549
1.34375 2.06199 0.0619911 0.0619549
1.375 2.06009 0.0600941 0.0600591
1.375 2.06009 0.0600941 0.0600591
1.40625 2.05805 0.0580531 0.0580195
1.40625 2.05805 0.0580531 0.0580195
1.4375 2.05587 0.0558736 0.0558418
1.4375 2.05587 0.0558736 0.0558418
1.46875 2.05356 0.0535622 0.0535326
1.46875 2.05356 0.0535622 0.0535326
1.5 2.05113 0.0511263 0.0510997
1.5 2.05113 0.0511263 0.0510997
1.53125 2.04857 0.048575 0.0485526
1.53125 2.04857 0.048575 0.0485526
1.5625 2.04592 0.0459194 0.0459031
1.5625 2.04592 0.0459194 0.0459031
1.59375 2.04317 0.0431736 0.0431661
1.59375 2.04317 0.0431736 0.0431661
1.625 2.04036 0.0403554 0.0403607
1.625 2.04036 0.0403554 0.0403607
1.65625 2.03749 0.0374873 0.0375109
1.65625 2.03749 0.0374873 0.0375109
1.6875 2.0346 0.0345977 0.0346471
1.6875 2.0346 0.0345977 0.0346471
1.71875 2.03172 0.0317215 0.0318065
1.71875 2.03172 0.0317215 0.0318065
1.75 2.0289 0.0289009 0.0290335
1.75 2.0289 0.0289009 0.0290335
1.78125 2.02619 0.0261852 0.0263797
1.78125 2.02619 0.0261852 0.0263797
1.8125 2.02363 0.0236297 0.0239026
1.8125 2.02363 0.0236297 0.0239026
1.84375 2.02129 0.0212941 0.0216633
1.84375 2.02129 0.0212941 0.0216633
1.875 2.01924 0.0192398 0.0197238
1.875 2.01924 0.0192398 0.0197238
1.90625 2.01753 0.0175263 0.018143
1.90625 2.01753 0.0175263 0.018143
1.9375 2.01621 0.0162067 0.0169727
1.9375 2.01621 0.0162067 0.0169727
1.96875 2.01532 0.0153242 0.0162532
1.96875 2.01532 0.0153242 0.0162532
2 2.01491 0.0149085 0.0160105
