# x y topography analytical topography
0 2.01086 0.0108642 0.0119118
0.03125 2.01142 0.0114246 0.0122529
0.03125 2.01142 0.0114246 0.0122529
0.0625 2.01263 0.0126265 0.013255
0.0625 2.01263 0.0126265 0.013255
0.09375 2.0144 0.0144016 0.0148575
0.09375 2.0144 0.0144016 0.0148575
0.125 2.01666 0.0166555 0.0169703
0.125 2.01666 0.0166555 0.0169703
0.15625 2.01928 0.0192813 0.0194872
0.15625 2.01928 0.0192813 0.0194872
0.1875 2.02217 0.0221724 0.0222988
0.1875 2.02217 0.0221724 0.0222988
0.21875 2.02523 0.0252327 0.0253043
0.21875 2.02523 0.0252327 0.0253043
0.25 2.02838 0.028382 0.028418
0.25 2.02838 0.028382 0.028418
0.28125 2.03156 0.0315582 0.0315723
0.28125 2.03156 0.0315582 0.0315723
0.3125 2.03472 0.0347155 0.0347166
0.3125 2.03472 0.0347155 0.0347166
0.34375 2.03782 0.0378215 0.0378153
0.34375 2.03782 0.0378215 0.0378153
0.375 2.04085 0.0408537 0.0408434
0.375 2.04085 0.0408537 0.0408434
0.40625 2.0438 0.0437963 0.0437836
0.40625 2.0438 0.0437963 0.0437836
0.4375 2.04664 0.0466376 0.0466233
0.4375 2.04664 0.0466376 0.0466233
0.46875 2.04937 0.0493684 0.049353
0.46875 2.04937 0.0493684 0.049353
0.5 2.05198 0.051981 0.0519647
0.5 2.05198 0.051981 0.0519647
0.53125 2.05447 0.0544688 0.0544517
0.53125 2.05447 0.0544688 0.0544517
0.5625 2.05683 0.0568255 0.0568076
0.5625 2.05683 0.0568255 0.0568076
0.59375 2.05905 0.0590453 0.0590267
0.59375 2.05905 0.0590453 0.0590267
0.625 2.06112 0.0611229 0.0611036
0.625 2.06112 0.0611229 0.0611036
0.65625 2.06305 0.0630532 0.0630334
0.65625 2.06305 0.0630532 0.0630334
0.6875 2.06483 0.0648317 0.0648113
0.6875 2.06483 0.0648317 0.0648113
0.71875 2.06645 0.0664539 0.066433
0.71875 2.06645 0.0664539 0.066433
0.75 2.06792 0.0679161 0.0678947
0.75 2.06792 0.0679161 0.0678947
0.78125 2.06921 0.0692146 0.0691929
0.78125 2.06921 0.0692146 0.0691929
0.8125 2.07035 0.0703465 0.0703243
0.8125 2.07035 0.0703465 0.0703243
0.84375 2.07131 0.0713088 0.0712864
0.84375 2.07131 0.0713088 0.0712864
0.875 2.0721 0.0720993 0.0720767
0.875 2.0721 0.0720993 0.0720767
0.90625 2.07272 0.0727162 0.0726933
0.90625 2.07272 0.0727162 0.0726933
0.9375 2.07316 0.0731579 0.0731349
0.9375 2.07316 0.0731579 0.0731349
0.96875 2.07342 0.0734233 0.0734002
0.96875 2.07342 0.0734233 0.0734002
1 2.07351 0.0735119 0.0734887
1 2.07351 0.0735119 0.0734887
1.03125 2.07342 0.0734233 0.0734002
1.03125 2.07342 0.0734233 0.0734002
1.0625 2.07316 0.0731579 0.0731349
1.0625 2.07316 0.0731579 0.0731349
1.09375 2.07272 0.0727162 0.0726933
1.09375 2.07272 0.0727162 0.0726933
1.125 2.0721 0.0720993 0.0720767
1.125 2.0721 0.0720993 0.0720767
1.15625 2.07131 0.0713088 0.0712864
1.15625 2.07131 0.0713088 0.0712864
1.1875 2.07035 0.0703465 0.0703243
1.1875 2.07035 0.0703465 0.0703243
1.21875 2.06921 0.0692146 0.0691929
1.21875 2.06921 0.0692146 0.0691929
1.25 2.06792 0.0679161 0.0678947
1.25 2.06792 0.0679161 0.0678947
1.28125 2.06645 0.0664539 0.066433
1.28125 2.06645 0.0664539 0.066433
1.3125 2.06483 0.0648317 0.0648113
1.3125 2.06483 0.0648317 0.0648113
1.34375 2.06305 0.0630532 0.0630334
1.34375 2.06305 0.0630532 0.0630334
1.375 2.06112 0.0611229 0.0611036
1.375 2.06112 0.0611229 0.0611036
1.40625 2.05905 0.0590453 0.0590267
1.40625 2.05905 0.0590453 0.0590267
1.4375 2.05683 0.0568255 0.0568076
1.4375 2.05683 0.0568255 0.0568076
1.46875 2.05447 0.0544688 0.0544517
1.46875 2.05447 0.0544688 0.0544517
1.5 2.05198 0.051981 0.0519647
1.5 2.05198 0.051981 0.0519647
1.53125 2.04937 0.0493684 0.049353
1.53125 2.04937 0.0493684 0.049353
1.5625 2.04664 0.0466376 0.0466233
1.5625 2.04664 0.0466376 0.0466233
1.59375 2.0438 0.0437963 0.0437836
1.59375 2.0438 0.0437963 0.0437836
1.625 2.04085 0.0408537 0.0408434
1.625 2.04085 0.0408537 0.0408434
1.65625 2.03782 0.0378215 0.0378153
1.65625 2.03782 0.0378215 0.0378153
1.6875 2.03472 0.0347155 0.0347166
1.6875 2.03472 0.0347155 0.0347166
1.71875 2.03156 0.0315582 0.0315723
1.71875 2.03156 0.0315582 0.0315723
1.75 2.02838 0.028382 0.028418
1.75 2.02838 0.028382 0.028418
1.78125 2.02523 0.0252327 0.0253043
1.78125 2.02523 0.0252327 0.0253043
1.8125 2.02217 0.0221724 0.0222988
1.8125 2.02217 0.0221724 0.0222988
1.84375 2.01928 0.0192813 0.0194872
1.84375 2.01928 0.0192813 0.0194872
1.875 2.01666 0.0166555 0.0169703
1.875 2.01666 0.0166555 0.0169703
1.90625 2.0144 0.0144016 0.0148575
1.90625 2.0144 0.0144016 0.0148575
1.9375 2.01263 0.0126265 0.013255
1.9375 2.01263 0.0126265 0.013255
1.96875 2.01142 0.0114246 0.0122529
1.96875 2.01142 0.0114246 0.0122529
2 2.01086 0.0108642 0.0119118
