# x y topography analytical topography
0 2.01879 0.0187949 0.0199418
0.03125 2.01912 0.0191233 0.0201253
0.03125 2.01912 0.0191233 0.0201253
0.0625 2.01981 0.019808 0.0206712
0.0625 2.01981 0.019808 0.0206712
0.09375 2.02083 0.0208336 0.0215659
0.09375 2.02083 0.0208336 0.0215659
0.125 2.02218 0.0221767 0.0227881
0.125 2.02218 0.0221767 0.0227881
0.15625 2.02381 0.0238076 0.024309
0.15625 2.02381 0.0238076 0.024309
0.1875 2.02569 0.0256915 0.0260947
0.1875 2.02569 0.0256915 0.0260947
0.21875 2.02779 0.0277901 0.0281073
0.21875 2.02779 0.0277901 0.0281073
0.25 2.03006 0.0300634 0.0303065
0.25 2.03006 0.0300634 0.0303065
0.28125 2.03247 0.0324714 0.0326519
0.28125 2.03247 0.0324714 0.0326519
0.3125 2.03497 0.034975 0.0351034
0.3125 2.03497 0.034975 0.0351034
0.34375 2.03754 0.0375374 0.0376233
0.34375 2.03754 0.0375374 0.0376233
0.375 2.04012 0.0401248 0.0401765
0.375 2.04012 0.0401248 0.0401765
0.40625 2.04271 0.0427069 0.0427316
0.40625 2.04271 0.0427069 0.0427316
0.4375 2.04526 0.0452569 0.0452604
0.4375 2.04526 0.0452569 0.0452604
0.46875 2.04775 0.0477517 0.0477389
0.46875 2.04775 0.0477517 0.0477389
0.5 2.05017 0.0501715 0.0501463
0.5 2.05017 0.0501715 0.0501463
0.53125 2.0525 0.0524998 0.0524651
0.53125 2.0525 0.0524998 0.0524651
0.5625 2.05472 0.0547226 0.0546807
0.5625 2.05472 0.0547226 0.0546807
0.59375 2.05683 0.0568283 0.0567809
0.59375 2.05683 0.0568283 0.0567809
0.625 2.05881 0.0588073 0.0587556
0.625 2.05881 0.0588073 0.0587556
0.65625 2.06065 0.0606514 0.0605965
0.65625 2.06065 0.0606514 0.0605965
0.6875 2.06235 0.0623539 0.0622964
0.6875 2.06235 0.0623539 0.0622964
0.71875 2.06391 0.0639092 0.0638495
0.71875 2.06391 0.0639092 0.0638495
0.75 2.06531 0.0653123 0.065251
0.75 2.06531 0.0653123 0.065251
0.78125 2.06656 0.0665593 0.0664966
0.78125 2.06656 0.0665593 0.0664966
0.8125 2.06765 0.0676467 0.0675827
0.8125 2.06765 0.0676467 0.0675827
0.84375 2.06857 0.0685715 0.0685066
0.84375 2.06857 0.0685715 0.0685066
0.875 2.06933 0.0693313 0.0692657
0.875 2.06933 0.0693313 0.0692657
0.90625 2.06992 0.0699243 0.0698581
0.90625 2.06992 0.0699243 0.0698581
0.9375 2.07035 0.070349 0.0702823
0.9375 2.07035 0.070349 0.0702823
0.96875 2.0706 0.0706041 0.0705373
0.96875 2.0706 0.0706041 0.0705373
1 2.07069 0.0706893 0.0706223
1 2.07069 0.0706893 0.0706223
1.03125 2.0706 0.0706041 0.0705373
1.03125 2.0706 0.0706041 0.0705373
1.0625 2.07035 0.070349 0.0702823
1.0625 2.07035 0.070349 0.0702823
1.09375 2.06992 0.0699243 0.0698581
1.09375 2.06992 0.0699243 0.0698581
1.125 2.06933 0.0693313 0.0692657
1.125 2.06933 0.0693313 0.0692657
1.15625 2.06857 0.0685715 0.0685066
1.15625 2.06857 0.0685715 0.0685066
1.1875 2.06765 0.0676467 0.0675827
1.1875 2.06765 0.0676467 0.0675827
1.21875 2.06656 0.0665593 0.0664966
1.21875 2.06656 0.0665593 0.0664966
1.25 2.06531 0.0653123 0.065251
1.25 2.06531 0.0653123 0.065251
1.28125 2.06391 0.0639092 0.0638495
1.28125 2.06391 0.0639092 0.0638495
1.3125 2.06235 0.0623539 0.0622964
1.3125 2.06235 0.0623539 0.0622964
1.34375 2.06065 0.0606514 0.0605965
1.34375 2.06065 0.0606514 0.0605965
1.375 2.05881 0.0588073 0.0587556
1.375 2.05881 0.0588073 0.0587556
1.40625 2.05683 0.0568283 0.0567809
1.40625 2.05683 0.0568283 0.0567809
1.4375 2.05472 0.0547226 0.0546807
1.4375 2.05472 0.0547226 0.0546807
1.46875 2.0525 0.0524998 0.0524651
1.46875 2.0525 0.0524998 0.0524651
1.5 2.05017 0.0501715 0.0501463
1.5 2.05017 0.0501715 0.0501463
1.53125 2.04775 0.0477517 0.0477389
1.53125 2.04775 0.0477517 0.0477389
1.5625 2.04526 0.0452569 0.0452604
1.5625 2.04526 0.0452569 0.0452604
1.59375 2.04271 0.0427069 0.0427316
1.59375 2.04271 0.0427069 0.0427316
1.625 2.04012 0.0401248 0.0401765
1.625 2.04012 0.0401248 0.0401765
1.65625 2.03754 0.0375374 0.0376233
1.65625 2.03754 0.0375374 0.0376233
1.6875 2.03497 0.034975 0.0351034
1.6875 2.03497 0.034975 0.0351034
1.71875 2.03247 0.0324714 0.0326519
1.71875 2.03247 0.0324714 0.0326519
1.75 2.03006 0.0300634 0.0303065
1.75 2.03006 0.0300634 0.0303065
1.78125 2.02779 0.0277901 0.0281073
1.78125 2.02779 0.0277901 0.0281073
1.8125 2.02569 0.0256915 0.0260947
1.8125 2.02569 0.0256915 0.0260947
1.84375 2.02381 0.0238076 0.024309
1.84375 2.02381 0.0238076 0.024309
1.875 2.02218 0.0221767 0.0227881
1.875 2.02218 0.0221767 0.0227881
1.90625 2.02083 0.0208336 0.0215659
1.90625 2.02083 0.0208336 0.0215659
1.9375 2.01981 0.019808 0.0206712
1.9375 2.01981 0.019808 0.0206712
1.96875 2.01912 0.0191233 0.0201253
1.96875 2.01912 0.0191233 0.0201253
2 2.01879 0.0187949 0.0199418
