# x y topography analytical topography
0 2.0132 0.0131981 0.0142781
0.03125 2.01367 0.0136657 0.0145561
0.03125 2.01367 0.0136657 0.0145561
0.0625 2.01466 0.0146639 0.0153777
0.0625 2.01466 0.0146639 0.0153777
0.09375 2.01615 0.0161517 0.0167068
0.09375 2.01615 0.0161517 0.0167068
0.125 2.01807 0.0180703 0.0184878
0.125 2.01807 0.0180703 0.0184878
0.15625 2.02035 0.0203487 0.0206517
0.15625 2.02035 0.0203487 0.0206517
0.1875 2.02291 0.022911 0.023122
0.1875 2.02291 0.022911 0.023122
0.21875 2.02568 0.0256818 0.0258219
0.21875 2.02568 0.0256818 0.0258219
0.25 2.02859 0.0285916 0.0286789
0.25 2.02859 0.0285916 0.0286789
0.28125 2.03158 0.0315793 0.0316288
0.28125 2.03158 0.0315793 0.0316288
0.3125 2.03459 0.034594 0.0346174
0.3125 2.03459 0.034594 0.0346174
0.34375 2.03759 0.0375949 0.0376009
0.34375 2.03759 0.0375949 0.0376009
0.375 2.04055 0.0405504 0.0405449
0.375 2.04055 0.0405504 0.0405449
0.40625 2.04344 0.0434363 0.0434235
0.40625 2.04344 0.0434363 0.0434235
0.4375 2.04623 0.0462344 0.0462169
0.4375 2.04623 0.0462344 0.0462169
0.46875 2.04893 0.0489308 0.0489102
0.46875 2.04893 0.0489308 0.0489102
0.5 2.05151 0.0515146 0.0514919
0.5 2.05151 0.0515146 0.0514919
0.53125 2.05398 0.0539773 0.0539529
0.53125 2.05398 0.0539773 0.0539529
0.5625 2.05631 0.0563113 0.0562856
0.5625 2.05631 0.0563113 0.0562856
0.59375 2.05851 0.0585104 0.0584836
0.59375 2.05851 0.0585104 0.0584836
0.625 2.06057 0.0605689 0.0605411
0.625 2.06057 0.0605689 0.0605411
0.65625 2.06248 0.0624816 0.0624529
0.65625 2.06248 0.0624816 0.0624529
0.6875 2.06424 0.0642439 0.0642144
0.6875 2.06424 0.0642439 0.0642144
0.71875 2.06585 0.0658514 0.0658212
0.71875 2.06585 0.0658514 0.0658212
0.75 2.0673 0.0673004 0.0672694
0.75 2.0673 0.0673004 0.0672694
0.78125 2.06859 0.0685871 0.0685556
0.78125 2.06859 0.0685871 0.0685556
0.8125 2.06971 0.0697087 0.0696766
0.8125 2.06971 0.0697087 0.0696766
0.84375 2.07066 0.0706623 0.0706298
0.84375 2.07066 0.0706623 0.0706298
0.875 2.07145 0.0714457 0.0714128
0.875 2.07145 0.0714457 0.0714128
0.90625 2.07206 0.0720569 0.0720238
0.90625 2.07206 0.0720569 0.0720238
0.9375 2.07249 0.0724946 0.0724613
0.9375 2.07249 0.0724946 0.0724613
0.96875 2.07276 0.0727576 0.0727242
0.96875 2.07276 0.0727576 0.0727242
1 2.07285 0.0728454 0.0728119
1 2.07285 0.0728454 0.0728119
1.03125 2.07276 0.0727576 0.0727242
1.03125 2.07276 0.0727576 0.0727242
1.0625 2.07249 0.0724946 0.0724613
1.0625 2.07249 0.0724946 0.0724613
1.09375 2.07206 0.0720569 0.0720238
1.09375 2.07206 0.0720569 0.0720238
1.125 2.07145 0.0714457 0.0714128
1.125 2.07145 0.0714457 0.0714128
1.15625 2.07066 0.0706623 0.0706298
1.15625 2.07066 0.0706623 0.0706298
1.1875 2.06971 0.0697087 0.0696766
1.1875 2.06971 0.0697087 0.0696766
1.21875 2.06859 0.0685871 0.0685556
1.21875 2.06859 0.0685871 0.0685556
1.25 2.0673 0.0673004 0.0672694
1.25 2.0673 0.0673004 0.0672694
1.28125 2.06585 0.0658514 0.0658212
1.28125 2.06585 0.0658514 0.0658212
1.3125 2.06424 0.0642439 0.0642144
1.3125 2.06424 0.0642439 0.0642144
1.34375 2.06248 0.0624816 0.0624529
1.34375 2.06248 0.0624816 0.0624529
1.375 2.06057 0.0605689 0.0605411
1.375 2.06057 0.0605689 0.0605411
1.40625 2.05851 0.0585104 0.0584836
1.40625 2.05851 0.0585104 0.0584836
1.4375 2.05631 0.0563113 0.0562856
1.4375 2.05631 0.0563113 0.0562856
1.46875 2.05398 0.0539773 0.0539529
1.46875 2.05398 0.0539773 0.0539529
1.5 2.05151 0.0515146 0.0514919
1.5 2.05151 0.0515146 0.0514919
1.53125 2.04893 0.0489308 0.0489102
1.53125 2.04893 0.0489308 0.0489102
1.5625 2.04623 0.0462344 0.0462169
1.5625 2.04623 0.0462344 0.0462169
1.59375 2.04344 0.0434363 0.0434235
1.59375 2.04344 0.0434363 0.0434235
1.625 2.04055 0.0405504 0.0405449
1.625 2.04055 0.0405504 0.0405449
1.65625 2.03759 0.0375949 0.0376009
1.65625 2.03759 0.0375949 0.0376009
1.6875 2.03459 0.034594 0.0346174
1.6875 2.03459 0.034594 0.0346174
1.71875 2.03158 0.0315793 0.0316288
1.71875 2.03158 0.0315793 0.0316288
1.75 2.02859 0.0285916 0.0286789
1.75 2.02859 0.0285916 0.0286789
1.78125 2.02568 0.0256818 0.0258219
1.78125 2.02568 0.0256818 0.0258219
1.8125 2.02291 0.022911 0.023122
1.8125 2.02291 0.022911 0.023122
1.84375 2.02035 0.0203487 0.0206517
1.84375 2.02035 0.0203487 0.0206517
1.875 2.01807 0.0180703 0.0184878
1.875 2.01807 0.0180703 0.0184878
1.90625 2.01615 0.0161517 0.0167068
1.90625 2.01615 0.0161517 0.0167068
1.9375 2.01466 0.0146639 0.0153777
1.9375 2.01466 0.0146639 0.0153777
1.96875 2.01367 0.0136657 0.0145561
1.96875 2.01367 0.0136657 0.0145561
2 2.0132 0.0131981 0.0142781
