# x y topography analytical topography
0 2.01818 0.0181766 0.0193168
0.03125 2.01852 0.0185168 0.0195083
0.03125 2.01852 0.0185168 0.0195083
0.0625 2.01923 0.0192284 0.0200777
0.0625 2.01923 0.0192284 0.0200777
0.09375 2.02029 0.0202944 0.0210102
0.09375 2.02029 0.0202944 0.0210102
0.125 2.02169 0.0216893 0.0222822
0.125 2.02169 0.0216893 0.0222822
0.15625 2.02338 0.0233805 0.0238625
0.15625 2.02338 0.0233805 0.0238625
0.1875 2.02533 0.0253304 0.025714
0.1875 2.02533 0.0253304 0.025714
0.21875 2.0275 0.0274976 0.0277959
0.21875 2.0275 0.0274976 0.0277959
0.25 2.02984 0.0298396 0.0300651
0.25 2.02984 0.0298396 0.0300651
0.28125 2.03231 0.0323139 0.0324785
0.28125 2.03231 0.0323139 0.0324785
0.3125 2.03488 0.0348797 0.0349943
0.3125 2.03488 0.0348797 0.0349943
0.34375 2.0375 0.0374988 0.0375732
0.34375 2.0375 0.0374988 0.0375732
0.375 2.04014 0.0401368 0.0401794
0.375 2.04014 0.0401368 0.0401794
0.40625 2.04276 0.0427631 0.0427809
0.40625 2.04276 0.0427631 0.0427809
0.4375 2.04535 0.0453511 0.0453498
0.4375 2.04535 0.0453511 0.0453498
0.46875 2.04788 0.047878 0.0478622
0.46875 2.04788 0.047878 0.0478622
0.5 2.05032 0.0503247 0.0502981
0.5 2.05032 0.0503247 0.0502981
0.53125 2.05268 0.0526754 0.0526406
0.53125 2.05268 0.0526754 0.0526406
0.5625 2.05492 0.0549168 0.0548758
0.5625 2.05492 0.0549168 0.0548758
0.59375 2.05704 0.0570379 0.0569923
0.59375 2.05704 0.0570379 0.0569923
0.625 2.05903 0.0590297 0.0589805
0.625 2.05903 0.0590297 0.0589805
0.65625 2.06088 0.0608846 0.0608326
0.65625 2.06088 0.0608846 0.0608326
0.6875 2.0626 0.0625962 0.062542
0.6875 2.0626 0.0625962 0.062542
0.71875 2.06416 0.0641591 0.0641031
0.71875 2.06416 0.0641591 0.0641031
0.75 2.06557 0.0655689 0.0655113
0.75 2.06557 0.0655689 0.0655113
0.78125 2.06682 0.0668214 0.0667626
0.78125 2.06682 0.0668214 0.0667626
0.8125 2.06791 0.0679135 0.0678536
0.8125 2.06791 0.0679135 0.0678536
0.84375 2.06884 0.0688422 0.0687814
0.84375 2.06884 0.0688422 0.0687814
0.875 2.06961 0.0696052 0.0695438
0.875 2.06961 0.0696052 0.0695438
0.90625 2.0702 0.0702006 0.0701386
0.90625 2.0702 0.0702006 0.0701386
0.9375 2.07063 0.0706269 0.0705646
0.9375 2.07063 0.0706269 0.0705646
0.96875 2.07088 0.0708832 0.0708206
0.96875 2.07088 0.0708832 0.0708206
1 2.07097 0.0709686 0.070906
1 2.07097 0.0709686 0.070906
1.03125 2.07088 0.0708832 0.0708206
1.03125 2.07088 0.0708832 0.0708206
1.0625 2.07063 0.0706269 0.0705646
1.0625 2.07063 0.0706269 0.0705646
1.09375 2.0702 0.0702006 0.0701386
1.09375 2.0702 0.0702006 0.0701386
1.125 2.06961 0.0696052 0.0695438
1.125 2.06961 0.0696052 0.0695438
1.15625 2.06884 0.0688422 0.0687814
1.15625 2.06884 0.0688422 0.0687814
1.1875 2.06791 0.0679135 0.0678536
1.1875 2.06791 0.0679135 0.0678536
1.21875 2.06682 0.0668214 0.0667626
1.21875 2.06682 0.0668214 0.0667626
1.25 2.06557 0.0655689 0.0655113
1.25 2.06557 0.0655689 0.0655113
1.28125 2.06416 0.0641591 0.0641031
1.28125 2.06416 0.0641591 0.0641031
1.3125 2.0626 0.0625962 0.062542
1.3125 2.0626 0.0625962 0.062542
1.34375 2.06088 0.0608846 0.0608326
1.34375 2.06088 0.0608846 0.0608326
1.375 2.05903 0.0590297 0.0589805
1.375 2.05903 0.0590297 0.0589805
1.40625 2.05704 0.0570379 0.0569923
1.40625 2.05704 0.0570379 0.0569923
1.4375 2.05492 0.0549168 0.0548758
1.4375 2.05492 0.0549168 0.0548758
1.46875 2.05268 0.0526754 0.0526406
1.46875 2.05268 0.0526754 0.0526406
1.5 2.05032 0.0503247 0.0502981
1.5 2.05032 0.0503247 0.0502981
1.53125 2.04788 0.047878 0.0478622
1.53125 2.04788 0.047878 0.0478622
1.5625 2.04535 0.0453511 0.0453498
1.5625 2.04535 0.0453511 0.0453498
1.59375 2.04276 0.0427631 0.0427809
1.59375 2.04276 0.0427631 0.0427809
1.625 2.04014 0.0401368 0.0401794
1.625 2.04014 0.0401368 0.0401794
1.65625 2.0375 0.0374988 0.0375732
1.65625 2.0375 0.0374988 0.0375732
1.6875 2.03488 0.0348797 0.0349943
1.6875 2.03488 0.0348797 0.0349943
1.71875 2.03231 0.0323139 0.0324785
1.71875 2.03231 0.0323139 0.0324785
1.75 2.02984 0.0298396 0.0300651
1.75 2.02984 0.0298396 0.0300651
1.78125 2.0275 0.0274976 0.0277959
1.78125 2.0275 0.0274976 0.0277959
1.8125 2.02533 0.0253304 0.025714
1.8125 2.02533 0.0253304 0.025714
1.84375 2.02338 0.0233805 0.0238625
1.84375 2.02338 0.0233805 0.0238625
1.875 2.02169 0.0216893 0.0222822
1.875 2.02169 0.0216893 0.0222822
1.90625 2.02029 0.0202944 0.0210102
1.90625 2.02029 0.0202944 0.0210102
1.9375 2.01923 0.0192284 0.0200777
1.9375 2.01923 0.0192284 0.0200777
1.96875 2.01852 0.0185168 0.0195083
1.96875 2.01852 0.0185168 0.0195083
2 2.01818 0.0181766 0.0193168
