# x y topography analytical topography
0 2.01557 0.015569 0.0166791
0.03125 2.01597 0.0159674 0.0169101
0.03125 2.01597 0.0159674 0.0169101
0.0625 2.01681 0.0168107 0.0175951
0.0625 2.01681 0.0168107 0.0175951
0.09375 2.01807 0.0180727 0.0187113
0.09375 2.01807 0.0180727 0.0187113
0.125 2.01971 0.0197149 0.0202226
0.125 2.01971 0.0197149 0.0202226
0.15625 2.02169 0.0216892 0.0220826
0.15625 2.02169 0.0216892 0.0220826
0.1875 2.02394 0.0239417 0.0242379
0.1875 2.02394 0.0239417 0.0242379
0.21875 2.02642 0.0264157 0.0266314
0.21875 2.02642 0.0264157 0.0266314
0.25 2.02906 0.0290552 0.0292062
0.25 2.02906 0.0290552 0.0292062
0.28125 2.03181 0.0318075 0.0319076
0.28125 2.03181 0.0318075 0.0319076
0.3125 2.03462 0.0346247 0.0346859
0.3125 2.03462 0.0346247 0.0346859
0.34375 2.03746 0.0374648 0.0374971
0.34375 2.03746 0.0374648 0.0374971
0.375 2.04029 0.0402925 0.0403036
0.375 2.04029 0.0402925 0.0403036
0.40625 2.04308 0.0430782 0.0430742
0.40625 2.04308 0.0430782 0.0430742
0.4375 2.0458 0.0457982 0.0457835
0.4375 2.0458 0.0457982 0.0457835
0.46875 2.04843 0.0484334 0.0484112
0.46875 2.04843 0.0484334 0.0484112
0.5 2.05097 0.0509685 0.050941
0.5 2.05097 0.0509685 0.050941
0.53125 2.05339 0.0533912 0.05336
0.53125 2.05339 0.0533912 0.05336
0.5625 2.05569 0.0556918 0.0556578
0.5625 2.05569 0.0556918 0.0556578
0.59375 2.05786 0.0578621 0.0578259
0.59375 2.05786 0.0578621 0.0578259
0.625 2.0599 0.0598952 0.0598573
0.625 2.0599 0.0598952 0.0598573
0.65625 2.06179 0.0617852 0.0617459
0.65625 2.06179 0.0617852 0.0617459
0.6875 2.06353 0.0635271 0.0634866
0.6875 2.06353 0.0635271 0.0634866
0.71875 2.06512 0.0651163 0.0650747
0.71875 2.06512 0.0651163 0.0650747
0.75 2.06655 0.0665489 0.0665063
0.75 2.06655 0.0665489 0.0665063
0.78125 2.06782 0.0678212 0.0677778
0.78125 2.06782 0.0678212 0.0677778
0.8125 2.06893 0.0689302 0.0688861
0.8125 2.06893 0.0689302 0.0688861
0.84375 2.06987 0.0698731 0.0698284
0.84375 2.06987 0.0698731 0.0698284
0.875 2.07065 0.0706478 0.0706025
0.875 2.07065 0.0706478 0.0706025
0.90625 2.07125 0.0712522 0.0712066
0.90625 2.07125 0.0712522 0.0712066
0.9375 2.07168 0.071685 0.0716391
0.9375 2.07168 0.071685 0.0716391
0.96875 2.07195 0.0719451 0.071899
0.96875 2.07195 0.0719451 0.071899
1 2.07203 0.0720318 0.0719857
1 2.07203 0.0720318 0.0719857
1.03125 2.07195 0.0719451 0.071899
1.03125 2.07195 0.0719451 0.071899
1.0625 2.07168 0.071685 0.0716391
1.0625 2.07168 0.071685 0.0716391
1.09375 2.07125 0.0712522 0.0712066
1.09375 2.07125 0.0712522 0.0712066
1.125 2.07065 0.0706478 0.0706025
1.125 2.07065 0.0706478 0.0706025
1.15625 2.06987 0.0698731 0.0698284
1.15625 2.06987 0.0698731 0.0698284
1.1875 2.06893 0.0689302 0.0688861
1.1875 2.06893 0.0689302 0.0688861
1.21875 2.06782 0.0678212 0.0677778
1.21875 2.06782 0.0678212 0.0677778
1.25 2.06655 0.0665489 0.0665063
1.25 2.06655 0.0665489 0.0665063
1.28125 2.06512 0.0651163 0.0650747
1.28125 2.06512 0.0651163 0.0650747
1.3125 2.06353 0.0635271 0.0634866
1.3125 2.06353 0.0635271 0.0634866
1.34375 2.06179 0.0617852 0.0617459
1.34375 2.06179 0.0617852 0.0617459
1.375 2.0599 0.0598952 0.0598573
1.375 2.0599 0.0598952 0.0598573
1.40625 2.05786 0.0578621 0.0578259
1.40625 2.05786 0.0578621 0.0578259
1.4375 2.05569 0.0556918 0.0556578
1.4375 2.05569 0.0556918 0.0556578
1.46875 2.05339 0.0533912 0.05336
1.46875 2.05339 0.0533912 0.05336
1.5 2.05097 0.0509685 0.050941
1.5 2.05097 0.0509685 0.050941
1.53125 2.04843 0.0484334 0.0484112
1.53125 2.04843 0.0484334 0.0484112
1.5625 2.0458 0.0457982 0.0457835
1.5625 2.0458 0.0457982 0.0457835
1.59375 2.04308 0.0430782 0.0430742
1.59375 2.04308 0.0430782 0.0430742
1.625 2.04029 0.0402925 0.0403036
1.625 2.04029 0.0402925 0.0403036
1.65625 2.03746 0.0374648 0.0374971
1.65625 2.03746 0.0374648 0.0374971
1.6875 2.03462 0.0346247 0.0346859
1.6875 2.03462 0.0346247 0.0346859
1.71875 2.03181 0.0318075 0.0319076
1.71875 2.03181 0.0318075 0.0319076
1.75 2.02906 0.0290552 0.0292062
1.75 2.02906 0.0290552 0.0292062
1.78125 2.02642 0.0264157 0.0266314
1.78125 2.02642 0.0264157 0.0266314
1.8125 2.02394 0.0239417 0.0242379
1.8125 2.02394 0.0239417 0.0242379
1.84375 2.02169 0.0216892 0.0220826
1.84375 2.02169 0.0216892 0.0220826
1.875 2.01971 0.0197149 0.0202226
1.875 2.01971 0.0197149 0.0202226
1.90625 2.01807 0.0180727 0.0187113
1.90625 2.01807 0.0180727 0.0187113
1.9375 2.01681 0.0168107 0.0175951
1.9375 2.01681 0.0168107 0.0175951
1.96875 2.01597 0.0159674 0.0169101
1.96875 2.01597 0.0159674 0.0169101
2 2.01557 0.015569 0.0166791
