# x y topography analytical topography
0 2.01707 0.0170655 0.0181933
0.03125 2.01743 0.0174287 0.0184003
0.03125 2.01743 0.0174287 0.0184003
0.0625 2.01819 0.0181925 0.0190155
0.0625 2.01819 0.0181925 0.0190155
0.09375 2.01934 0.0193365 0.020021
0.09375 2.01934 0.0193365 0.020021
0.125 2.02083 0.0208306 0.0213889
0.125 2.02083 0.0208306 0.0213889
0.15625 2.02264 0.0226365 0.0230822
0.15625 2.02264 0.0226365 0.0230822
0.1875 2.02471 0.0247104 0.0250578
0.1875 2.02471 0.0247104 0.0250578
0.21875 2.02701 0.0270051 0.0272686
0.21875 2.02701 0.0270051 0.0272686
0.25 2.02947 0.0294727 0.0296662
0.25 2.02947 0.0294727 0.0296662
0.28125 2.03207 0.0320662 0.0322027
0.28125 2.03207 0.0320662 0.0322027
0.3125 2.03474 0.0347418 0.0348326
0.3125 2.03474 0.0347418 0.0348326
0.34375 2.03746 0.0374593 0.0375144
0.34375 2.03746 0.0374593 0.0375144
0.375 2.04018 0.0401833 0.040211
0.375 2.04018 0.0401833 0.040211
0.40625 2.04288 0.0428833 0.0428903
0.40625 2.04288 0.0428833 0.0428903
0.4375 2.04553 0.0455333 0.0455249
0.4375 2.04553 0.0455333 0.0455249
0.46875 2.04811 0.0481118 0.0480921
0.46875 2.04811 0.0481118 0.0480921
0.5 2.0506 0.0506011 0.0505731
0.5 2.0506 0.0506011 0.0505731
0.53125 2.05299 0.0529867 0.0529527
0.53125 2.05299 0.0529867 0.0529527
0.5625 2.05526 0.0552569 0.0552184
0.5625 2.05526 0.0552569 0.0552184
0.59375 2.0574 0.0574018 0.0573599
0.59375 2.0574 0.0574018 0.0573599
0.625 2.05941 0.0594135 0.059369
0.625 2.05941 0.0594135 0.059369
0.65625 2.06129 0.0612851 0.0612386
0.65625 2.06129 0.0612851 0.0612386
0.6875 2.06301 0.063011 0.0629628
0.6875 2.06301 0.063011 0.0629628
0.71875 2.06459 0.0645862 0.0645365
0.71875 2.06459 0.0645862 0.0645365
0.75 2.06601 0.0660065 0.0659556
0.75 2.06601 0.0660065 0.0659556
0.78125 2.06727 0.0672681 0.0672161
0.78125 2.06727 0.0672681 0.0672161
0.8125 2.06837 0.0683679 0.068315
0.8125 2.06837 0.0683679 0.068315
0.84375 2.0693 0.069303 0.0692494
0.84375 2.0693 0.069303 0.0692494
0.875 2.07007 0.0700713 0.0700171
0.875 2.07007 0.0700713 0.0700171
0.90625 2.07067 0.0706707 0.0706161
0.90625 2.07067 0.0706707 0.0706161
0.9375 2.0711 0.0711 0.071045
0.9375 2.0711 0.0711 0.071045
0.96875 2.07136 0.0713579 0.0713028
0.96875 2.07136 0.0713579 0.0713028
1 2.07144 0.071444 0.0713887
1 2.07144 0.071444 0.0713887
1.03125 2.07136 0.0713579 0.0713028
1.03125 2.07136 0.0713579 0.0713028
1.0625 2.0711 0.0711 0.071045
1.0625 2.0711 0.0711 0.071045
1.09375 2.07067 0.0706707 0.0706161
1.09375 2.07067 0.0706707 0.0706161
1.125 2.07007 0.0700713 0.0700171
1.125 2.07007 0.0700713 0.0700171
1.15625 2.0693 0.069303 0.0692494
1.15625 2.0693 0.069303 0.0692494
1.1875 2.06837 0.0683679 0.068315
1.1875 2.06837 0.0683679 0.068315
1.21875 2.06727 0.0672681 0.0672161
1.21875 2.06727 0.0672681 0.0672161
1.25 2.06601 0.0660065 0.0659556
1.25 2.06601 0.0660065 0.0659556
1.28125 2.06459 0.0645862 0.0645365
1.28125 2.06459 0.0645862 0.0645365
1.3125 2.06301 0.063011 0.0629628
1.3125 2.06301 0.063011 0.0629628
1.34375 2.06129 0.0612851 0.0612386
1.34375 2.06129 0.0612851 0.0612386
1.375 2.05941 0.0594135 0.059369
1.375 2.05941 0.0594135 0.059369
1.40625 2.0574 0.0574018 0.0573599
1.40625 2.0574 0.0574018 0.0573599
1.4375 2.05526 0.0552569 0.0552184
1.4375 2.05526 0.0552569 0.0552184
1.46875 2.05299 0.0529867 0.0529527
1.46875 2.05299 0.0529867 0.0529527
1.5 2.0506 0.0506011 0.0505731
1.5 2.0506 0.0506011 0.0505731
1.53125 2.04811 0.0481118 0.0480921
1.53125 2.04811 0.0481118 0.0480921
1.5625 2.04553 0.0455333 0.0455249
1.5625 2.04553 0.0455333 0.0455249
1.59375 2.04288 0.0428833 0.0428903
1.59375 2.04288 0.0428833 0.0428903
1.625 2.04018 0.0401833 0.040211
1.625 2.04018 0.0401833 0.040211
1.65625 2.03746 0.0374593 0.0375144
1.65625 2.03746 0.0374593 0.0375144
1.6875 2.03474 0.0347418 0.0348326
1.6875 2.03474 0.0347418 0.0348326
1.71875 2.03207 0.0320662 0.0322027
1.71875 2.03207 0.0320662 0.0322027
1.75 2.02947 0.0294727 0.0296662
1.75 2.02947 0.0294727 0.0296662
1.78125 2.02701 0.0270051 0.0272686
1.78125 2.02701 0.0270051 0.0272686
1.8125 2.02471 0.0247104 0.0250578
1.8125 2.02471 0.0247104 0.0250578
1.84375 2.02264 0.0226365 0.0230822
1.84375 2.02264 0.0226365 0.0230822
1.875 2.02083 0.0208306 0.0213889
1.875 2.02083 0.0208306 0.0213889
1.90625 2.01934 0.0193365 0.020021
1.90625 2.01934 0.0193365 0.020021
1.9375 2.01819 0.0181925 0.0190155
1.9375 2.01819 0.0181925 0.0190155
1.96875 2.01743 0.0174287 0.0184003
1.96875 2.01743 0.0174287 0.0184003
2 2.01707 0.0170655 0.0181933
