# x y topography analytical topography
0 2.00627 0.00627414 0.00724527
0.03125 2.00718 0.00717654 0.00782106
0.03125 2.00718 0.00717654 0.00782106
0.0625 2.00908 0.00907928 0.00945799
0.0625 2.00908 0.00907928 0.00945799
0.09375 2.01173 0.0117297 0.0119237
0.09375 2.01173 0.0117297 0.0119237
0.125 2.01485 0.0148486 0.0149337
0.125 2.01485 0.0148486 0.0149337
0.15625 2.01821 0.0182059 0.0182369
0.15625 2.01821 0.0182059 0.0182369
0.1875 2.02165 0.0216493 0.0216574
0.1875 2.02165 0.0216493 0.0216574
0.21875 2.02509 0.0250932 0.0250932
0.21875 2.02509 0.0250932 0.0250932
0.25 2.0285 0.0284953 0.0284926
0.25 2.0285 0.0284953 0.0284926
0.28125 2.03183 0.0318343 0.0318308
0.28125 2.03183 0.0318343 0.0318308
0.3125 2.0351 0.0350981 0.0350941
0.3125 2.0351 0.0350981 0.0350941
0.34375 2.03828 0.0382777 0.0382734
0.34375 2.03828 0.0382777 0.0382734
0.375 2.04137 0.0413652 0.0413605
0.375 2.04137 0.0413652 0.0413605
0.40625 2.04435 0.044353 0.044348
0.40625 2.04435 0.044353 0.044348
0.4375 2.04723 0.047234 0.0472286
0.4375 2.04723 0.047234 0.0472286
0.46875 2.05 0.0500012 0.0499955
0.46875 2.05 0.0500012 0.0499955
0.5 2.05265 0.0526479 0.0526419
0.5 2.05265 0.0526479 0.0526419
0.53125 2.05517 0.0551678 0.0551615
0.53125 2.05517 0.0551678 0.0551615
0.5625 2.05755 0.0575548 0.0575482
0.5625 2.05755 0.0575548 0.0575482
0.59375 2.0598 0.0598031 0.0597963
0.59375 2.0598 0.0598031 0.0597963
0.625 2.06191 0.0619074 0.0619003
0.625 2.06191 0.0619074 0.0619003
0.65625 2.06386 0.0638625 0.0638552
0.65625 2.06386 0.0638625 0.0638552
0.6875 2.06566 0.0656638 0.0656563
0.6875 2.06566 0.0656638 0.0656563
0.71875 2.06731 0.0673068 0.0672992
0.71875 2.06731 0.0673068 0.0672992
0.75 2.06879 0.0687878 0.06878
0.75 2.06879 0.0687878 0.06878
0.78125 2.0701 0.070103 0.070095
0.78125 2.0701 0.070103 0.070095
0.8125 2.07125 0.0712493 0.0712412
0.8125 2.07125 0.0712493 0.0712412
0.84375 2.07222 0.072224 0.0722158
0.84375 2.07222 0.072224 0.0722158
0.875 2.07302 0.0730247 0.0730164
0.875 2.07302 0.0730247 0.0730164
0.90625 2.07365 0.0736495 0.0736411
0.90625 2.07365 0.0736495 0.0736411
0.9375 2.0741 0.0740968 0.0740884
0.9375 2.0741 0.0740968 0.0740884
0.96875 2.07437 0.0743657 0.0743572
0.96875 2.07437 0.0743657 0.0743572
1 2.07446 0.0744553 0.0744469
1 2.07446 0.0744553 0.0744469
1.03125 2.07437 0.0743657 0.0743572
1.03125 2.07437 0.0743657 0.0743572
1.0625 2.0741 0.0740968 0.0740884
1.0625 2.0741 0.0740968 0.0740884
1.09375 2.07365 0.0736495 0.0736411
1.09375 2.07365 0.0736495 0.0736411
1.125 2.07302 0.0730247 0.0730164
1.125 2.07302 0.0730247 0.0730164
1.15625 2.07222 0.072224 0.0722158
1.15625 2.07222 0.072224 0.0722158
1.1875 2.07125 0.0712493 0.0712412
1.1875 2.07125 0.0712493 0.0712412
1.21875 2.0701 0.070103 0.070095
1.21875 2.0701 0.070103 0.070095
1.25 2.06879 0.0687878 0.06878
1.25 2.06879 0.0687878 0.06878
1.28125 2.06731 0.0673068 0.0672992
1.28125 2.06731 0.0673068 0.0672992
1.3125 2.06566 0.0656638 0.0656563
1.3125 2.06566 0.0656638 0.0656563
1.34375 2.06386 0.0638625 0.0638552
1.34375 2.06386 0.0638625 0.0638552
1.375 2.06191 0.0619074 0.0619003
1.375 2.06191 0.0619074 0.0619003
1.40625 2.0598 0.0598031 0.0597963
1.40625 2.0598 0.0598031 0.0597963
1.4375 2.05755 0.0575548 0.0575482
1.4375 2.05755 0.0575548 0.0575482
1.46875 2.05517 0.0551678 0.0551615
1.46875 2.05517 0.0551678 0.0551615
1.5 2.05265 0.0526479 0.0526419
1.5 2.05265 0.0526479 0.0526419
1.53125 2.05 0.0500012 0.0499955
1.53125 2.05 0.0500012 0.0499955
1.5625 2.04723 0.047234 0.0472286
1.5625 2.04723 0.047234 0.0472286
1.59375 2.04435 0.044353 0.044348
1.59375 2.04435 0.044353 0.044348
1.625 2.04137 0.0413652 0.0413605
1.625 2.04137 0.0413652 0.0413605
1.65625 2.03828 0.0382777 0.0382734
1.65625 2.03828 0.0382777 0.0382734
1.6875 2.0351 0.0350981 0.0350941
1.6875 2.0351 0.0350981 0.0350941
1.71875 2.03183 0.0318343 0.0318308
1.71875 2.03183 0.0318343 0.0318308
1.75 2.0285 0.0284953 0.0284926
1.75 2.0285 0.0284953 0.0284926
1.78125 2.02509 0.0250932 0.0250932
1.78125 2.02509 0.0250932 0.0250932
1.8125 2.02165 0.0216493 0.0216574
1.8125 2.02165 0.0216493 0.0216574
1.84375 2.01821 0.0182059 0.0182369
1.84375 2.01821 0.0182059 0.0182369
1.875 2.01485 0.0148486 0.0149337
1.875 2.01485 0.0148486 0.0149337
1.90625 2.01173 0.0117297 0.0119237
1.90625 2.01173 0.0117297 0.0119237
1.9375 2.00908 0.00907928 0.00945799
1.9375 2.00908 0.00907928 0.00945799
1.96875 2.00718 0.00717654 0.00782106
1.96875 2.00718 0.00717654 0.00782106
2 2.00627 0.00627414 0.00724527
