# x y topography analytical topography
0 3.00838 0.00838483 0.00906439
0.046875 3.00903 0.00902514 0.00952163
0.046875 3.00903 0.00902514 0.00952163
0.09375 3.01051 0.0105087 0.0108459
0.09375 3.01051 0.0105087 0.0108459
0.140625 3.0127 0.0126969 0.0129081
0.140625 3.0127 0.0126969 0.0129081
0.1875 3.01541 0.0154108 0.0155318
0.1875 3.01541 0.0154108 0.0155318
0.234375 3.01847 0.0184707 0.0185333
0.234375 3.01847 0.0184707 0.0185333
0.28125 3.02172 0.0217245 0.021753
0.28125 3.02172 0.0217245 0.021753
0.328125 3.02506 0.02506 0.0250705
0.328125 3.02506 0.02506 0.0250705
0.375 3.0284 0.0284034 0.0284053
0.375 3.0284 0.0284034 0.0284053
0.421875 3.03171 0.0317097 0.0317078
0.421875 3.03171 0.0317097 0.0317078
0.46875 3.03495 0.0349528 0.0349492
0.46875 3.03495 0.0349528 0.0349492
0.515625 3.03812 0.0381166 0.0381122
0.515625 3.03812 0.0381166 0.0381122
0.5625 3.04119 0.0411903 0.0411854
0.5625 3.04119 0.0411903 0.0411854
0.609375 3.04417 0.0441653 0.04416
0.609375 3.04417 0.0441653 0.04416
0.65625 3.04703 0.047034 0.0470284
0.65625 3.04703 0.047034 0.0470284
0.703125 3.04979 0.0497895 0.0497835
0.703125 3.04979 0.0497895 0.0497835
0.75 3.05242 0.052425 0.0524187
0.75 3.05242 0.052425 0.0524187
0.796875 3.05493 0.0549342 0.0549276
0.796875 3.05493 0.0549342 0.0549276
0.84375 3.05731 0.0573111 0.0573042
0.84375 3.05731 0.0573111 0.0573042
0.890625 3.05955 0.0595499 0.0595427
0.890625 3.05955 0.0595499 0.0595427
0.9375 3.06165 0.0616453 0.0616378
0.9375 3.06165 0.0616453 0.0616378
0.984375 3.06359 0.0635921 0.0635845
0.984375 3.06359 0.0635921 0.0635845
1.03125 3.06539 0.0653858 0.0653779
1.03125 3.06539 0.0653858 0.0653779
1.07812 3.06702 0.0670219 0.0670138
1.07812 3.06702 0.0670219 0.0670138
1.125 3.0685 0.0684965 0.0684883
1.125 3.0685 0.0684965 0.0684883
1.17188 3.06981 0.0698062 0.0697978
1.17188 3.06981 0.0698062 0.0697978
1.21875 3.07095 0.0709477 0.0709391
1.21875 3.07095 0.0709477 0.0709391
1.26562 3.07192 0.0719182 0.0719096
1.26562 3.07192 0.0719182 0.0719096
1.3125 3.07272 0.0727155 0.0727068
1.3125 3.07272 0.0727155 0.0727068
1.35938 3.07334 0.0733377 0.0733288
1.35938 3.07334 0.0733377 0.0733288
1.40625 3.07378 0.0737831 0.0737742
1.40625 3.07378 0.0737831 0.0737742
1.45312 3.07405 0.0740508 0.0740419
1.45312 3.07405 0.0740508 0.0740419
1.5 3.07414 0.0741401 0.0741312
1.5 3.07414 0.0741401 0.0741312
1.54688 3.07405 0.0740508 0.0740419
1.54688 3.07405 0.0740508 0.0740419
1.59375 3.07378 0.0737831 0.0737742
1.59375 3.07378 0.0737831 0.0737742
1.64062 3.07334 0.0733377 0.0733288
1.64062 3.07334 0.0733377 0.0733288
1.6875 3.07272 0.0727155 0.0727068
1.6875 3.07272 0.0727155 0.0727068
1.73438 3.07192 0.0719182 0.0719096
1.73438 3.07192 0.0719182 0.0719096
1.78125 3.07095 0.0709477 0.0709391
1.78125 3.07095 0.0709477 0.0709391
1.82812 3.06981 0.0698062 0.0697978
1.82812 3.06981 0.0698062 0.0697978
1.875 3.0685 0.0684965 0.0684883
1.875 3.0685 0.0684965 0.0684883
1.92188 3.06702 0.0670219 0.0670138
1.92188 3.06702 0.0670219 0.0670138
1.96875 3.06539 0.0653858 0.0653779
1.96875 3.06539 0.0653858 0.0653779
2.01562 3.06359 0.0635921 0.0635845
2.01562 3.06359 0.0635921 0.0635845
2.0625 3.06165 0.0616453 0.0616378
2.0625 3.06165 0.0616453 0.0616378
2.10938 3.05955 0.0595499 0.0595427
2.10938 3.05955 0.0595499 0.0595427
2.15625 3.05731 0.0573111 0.0573042
2.15625 3.05731 0.0573111 0.0573042
2.20312 3.05493 0.0549342 0.0549276
2.20312 3.05493 0.0549342 0.0549276
2.25 3.05242 0.052425 0.0524187
2.25 3.05242 0.052425 0.0524187
2.29688 3.04979 0.0497895 0.0497835
2.29688 3.04979 0.0497895 0.0497835
2.34375 3.04703 0.047034 0.0470284
2.34375 3.04703 0.047034 0.0470284
2.39062 3.04417 0.0441653 0.04416
2.39062 3.04417 0.0441653 0.04416
2.4375 3.04119 0.0411903 0.0411854
2.4375 3.04119 0.0411903 0.0411854
2.48438 3.03812 0.0381166 0.0381122
2.48438 3.03812 0.0381166 0.0381122
2.53125 3.03495 0.0349528 0.0349492
2.53125 3.03495 0.0349528 0.0349492
2.57812 3.03171 0.0317097 0.0317078
2.57812 3.03171 0.0317097 0.0317078
2.625 3.0284 0.0284034 0.0284053
2.625 3.0284 0.0284034 0.0284053
2.67188 3.02506 0.02506 0.0250705
2.67188 3.02506 0.02506 0.0250705
2.71875 3.02172 0.0217245 0.021753
2.71875 3.02172 0.0217245 0.021753
2.76562 3.01847 0.0184707 0.0185333
2.76562 3.01847 0.0184707 0.0185333
2.8125 3.01541 0.0154108 0.0155318
2.8125 3.01541 0.0154108 0.0155318
2.85938 3.0127 0.0126969 0.0129081
2.85938 3.0127 0.0126969 0.0129081
2.90625 3.01051 0.0105087 0.0108459
2.90625 3.01051 0.0105087 0.0108459
2.95312 3.00903 0.00902514 0.00952163
2.95312 3.00903 0.00902514 0.00952163
3 3.00838 0.00838483 0.00906439
