# x y topography analytical topography
0 3.01294 0.0129365 0.0136593
0.046875 3.01336 0.0133608 0.0139519
0.046875 3.01336 0.0133608 0.0139519
0.09375 3.01435 0.0143464 0.0148153
0.09375 3.01435 0.0143464 0.0148153
0.140625 3.01585 0.0158489 0.0162087
0.140625 3.01585 0.0158489 0.0162087
0.1875 3.0178 0.017803 0.0180695
0.1875 3.0178 0.017803 0.0180695
0.234375 3.02013 0.0201307 0.0203203
0.234375 3.02013 0.0201307 0.0203203
0.28125 3.02275 0.0227484 0.0228775
0.28125 3.02275 0.0227484 0.0228775
0.328125 3.02557 0.0255747 0.0256581
0.328125 3.02557 0.0255747 0.0256581
0.375 3.02854 0.0285355 0.0285857
0.375 3.02854 0.0285355 0.0285857
0.421875 3.03157 0.0315672 0.0315943
0.421875 3.03157 0.0315672 0.0315943
0.46875 3.03462 0.034618 0.0346296
0.46875 3.03462 0.034618 0.0346296
0.515625 3.03765 0.0376474 0.037649
0.515625 3.03765 0.0376474 0.037649
0.5625 3.04062 0.0406249 0.0406201
0.5625 3.04062 0.0406249 0.0406201
0.609375 3.04353 0.0435275 0.0435188
0.609375 3.04353 0.0435275 0.0435188
0.65625 3.04634 0.0463386 0.0463273
0.65625 3.04634 0.0463386 0.0463273
0.703125 3.04905 0.0490452 0.0490322
0.703125 3.04905 0.0490452 0.0490322
0.75 3.05164 0.0516374 0.0516233
0.75 3.05164 0.0516374 0.0516233
0.796875 3.05411 0.0541072 0.0540922
0.796875 3.05411 0.0541072 0.0540922
0.84375 3.05645 0.0564475 0.0564317
0.84375 3.05645 0.0564475 0.0564317
0.890625 3.05865 0.0586523 0.0586358
0.890625 3.05865 0.0586523 0.0586358
0.9375 3.06072 0.0607159 0.0606988
0.9375 3.06072 0.0607159 0.0606988
0.984375 3.06263 0.0626333 0.0626157
0.984375 3.06263 0.0626333 0.0626157
1.03125 3.0644 0.0643999 0.0643818
1.03125 3.0644 0.0643999 0.0643818
1.07812 3.06601 0.0660114 0.0659928
1.07812 3.06601 0.0660114 0.0659928
1.125 3.06746 0.0674638 0.0674448
1.125 3.06746 0.0674638 0.0674448
1.17188 3.06875 0.0687537 0.0687344
1.17188 3.06875 0.0687537 0.0687344
1.21875 3.06988 0.069878 0.0698583
1.21875 3.06988 0.069878 0.0698583
1.26562 3.07083 0.0708339 0.070814
1.26562 3.07083 0.0708339 0.070814
1.3125 3.07162 0.0716192 0.0715991
1.3125 3.07162 0.0716192 0.0715991
1.35938 3.07223 0.0722319 0.0722116
1.35938 3.07223 0.0722319 0.0722116
1.40625 3.07267 0.0726707 0.0726503
1.40625 3.07267 0.0726707 0.0726503
1.45312 3.07293 0.0729343 0.0729138
1.45312 3.07293 0.0729343 0.0729138
1.5 3.07302 0.0730223 0.0730018
1.5 3.07302 0.0730223 0.0730018
1.54688 3.07293 0.0729343 0.0729138
1.54688 3.07293 0.0729343 0.0729138
1.59375 3.07267 0.0726707 0.0726503
1.59375 3.07267 0.0726707 0.0726503
1.64062 3.07223 0.0722319 0.0722116
1.64062 3.07223 0.0722319 0.0722116
1.6875 3.07162 0.0716192 0.0715991
1.6875 3.07162 0.0716192 0.0715991
1.73438 3.07083 0.0708339 0.070814
1.73438 3.07083 0.0708339 0.070814
1.78125 3.06988 0.069878 0.0698583
1.78125 3.06988 0.069878 0.0698583
1.82812 3.06875 0.0687537 0.0687344
1.82812 3.06875 0.0687537 0.0687344
1.875 3.06746 0.0674638 0.0674448
1.875 3.06746 0.0674638 0.0674448
1.92188 3.06601 0.0660114 0.0659928
1.92188 3.06601 0.0660114 0.0659928
1.96875 3.0644 0.0643999 0.0643818
1.96875 3.0644 0.0643999 0.0643818
2.01562 3.06263 0.0626333 0.0626157
2.01562 3.06263 0.0626333 0.0626157
2.0625 3.06072 0.0607159 0.0606988
2.0625 3.06072 0.0607159 0.0606988
2.10938 3.05865 0.0586523 0.0586358
2.10938 3.05865 0.0586523 0.0586358
2.15625 3.05645 0.0564475 0.0564317
2.15625 3.05645 0.0564475 0.0564317
2.20312 3.05411 0.0541072 0.0540922
2.20312 3.05411 0.0541072 0.0540922
2.25 3.05164 0.0516374 0.0516233
2.25 3.05164 0.0516374 0.0516233
2.29688 3.04905 0.0490452 0.0490322
2.29688 3.04905 0.0490452 0.0490322
2.34375 3.04634 0.0463386 0.0463273
2.34375 3.04634 0.0463386 0.0463273
2.39062 3.04353 0.0435275 0.0435188
2.39062 3.04353 0.0435275 0.0435188
2.4375 3.04062 0.0406249 0.0406201
2.4375 3.04062 0.0406249 0.0406201
2.48438 3.03765 0.0376474 0.037649
2.48438 3.03765 0.0376474 0.037649
2.53125 3.03462 0.034618 0.0346296
2.53125 3.03462 0.034618 0.0346296
2.57812 3.03157 0.0315672 0.0315943
2.57812 3.03157 0.0315672 0.0315943
2.625 3.02854 0.0285355 0.0285857
2.625 3.02854 0.0285355 0.0285857
2.67188 3.02557 0.0255747 0.0256581
2.67188 3.02557 0.0255747 0.0256581
2.71875 3.02275 0.0227484 0.0228775
2.71875 3.02275 0.0227484 0.0228775
2.76562 3.02013 0.0201307 0.0203203
2.76562 3.02013 0.0201307 0.0203203
2.8125 3.0178 0.017803 0.0180695
2.8125 3.0178 0.017803 0.0180695
2.85938 3.01585 0.0158489 0.0162087
2.85938 3.01585 0.0158489 0.0162087
2.90625 3.01435 0.0143464 0.0148153
2.90625 3.01435 0.0143464 0.0148153
2.95312 3.01336 0.0133608 0.0139519
2.95312 3.01336 0.0133608 0.0139519
3 3.01294 0.0129365 0.0136593
