# x y topography
0 1.01406 0.0140571
0.015625 1.01434 0.0143385
0.015625 1.01434 0.0143385
0.03125 1.01517 0.0151705
0.03125 1.01517 0.0151705
0.046875 1.01652 0.0165184
0.046875 1.01652 0.0165184
0.0625 1.01833 0.0183273
0.0625 1.01833 0.0183273
0.078125 1.02053 0.0205269
0.078125 1.02053 0.0205269
0.09375 1.02304 0.0230377
0.09375 1.02304 0.0230377
0.109375 1.02578 0.0257785
0.109375 1.02578 0.0257785
0.125 1.02867 0.0286728
0.125 1.02867 0.0286728
0.140625 1.03165 0.0316536
0.140625 1.03165 0.0316536
0.15625 1.03467 0.0346654
0.15625 1.03467 0.0346654
0.171875 1.03766 0.0376648
0.171875 1.03766 0.0376648
0.1875 1.04062 0.0406185
0.1875 1.04062 0.0406185
0.203125 1.0435 0.043502
0.203125 1.0435 0.043502
0.21875 1.0463 0.0462968
0.21875 1.0463 0.0462968
0.234375 1.04899 0.0489892
0.234375 1.04899 0.0489892
0.25 1.05157 0.0515684
0.25 1.05157 0.0515684
0.265625 1.05403 0.0540258
0.265625 1.05403 0.0540258
0.28125 1.05635 0.0563542
0.28125 1.05635 0.0563542
0.296875 1.05855 0.0585472
0.296875 1.05855 0.0585472
0.3125 1.0606 0.0605992
0.3125 1.0606 0.0605992
0.328125 1.06251 0.0625052
0.328125 1.06251 0.0625052
0.34375 1.06426 0.0642608
0.34375 1.06426 0.0642608
0.359375 1.06586 0.0658616
0.359375 1.06586 0.0658616
0.375 1.0673 0.067304
0.375 1.0673 0.067304
0.390625 1.06858 0.0685846
0.390625 1.06858 0.0685846
0.40625 1.0697 0.0697005
0.40625 1.0697 0.0697005
0.421875 1.07065 0.0706491
0.421875 1.07065 0.0706491
0.4375 1.07143 0.0714281
0.4375 1.07143 0.0714281
0.453125 1.07204 0.0720359
0.453125 1.07204 0.0720359
0.46875 1.07247 0.0724711
0.46875 1.07247 0.0724711
0.484375 1.07273 0.0727326
0.484375 1.07273 0.0727326
0.5 1.07282 0.0728198
0.5 1.07282 0.0728198
0.515625 1.07273 0.0727326
0.515625 1.07273 0.0727326
0.53125 1.07247 0.0724711
0.53125 1.07247 0.0724711
0.546875 1.07204 0.0720359
0.546875 1.07204 0.0720359
0.5625 1.07143 0.0714281
0.5625 1.07143 0.0714281
0.578125 1.07065 0.0706491
0.578125 1.07065 0.0706491
0.59375 1.0697 0.0697005
0.59375 1.0697 0.0697005
0.609375 1.06858 0.0685846
0.609375 1.06858 0.0685846
0.625 1.0673 0.067304
0.625 1.0673 0.067304
0.640625 1.06586 0.0658616
0.640625 1.06586 0.0658616
0.65625 1.06426 0.0642608
0.65625 1.06426 0.0642608
0.671875 1.06251 0.0625052
0.671875 1.06251 0.0625052
0.6875 1.0606 0.0605992
0.6875 1.0606 0.0605992
0.703125 1.05855 0.0585472
0.703125 1.05855 0.0585472
0.71875 1.05635 0.0563542
0.71875 1.05635 0.0563542
0.734375 1.05403 0.0540258
0.734375 1.05403 0.0540258
0.75 1.05157 0.0515684
0.75 1.05157 0.0515684
0.765625 1.04899 0.0489892
0.765625 1.04899 0.0489892
0.78125 1.0463 0.0462968
0.78125 1.0463 0.0462968
0.796875 1.0435 0.043502
0.796875 1.0435 0.043502
0.8125 1.04062 0.0406185
0.8125 1.04062 0.0406185
0.828125 1.03766 0.0376648
0.828125 1.03766 0.0376648
0.84375 1.03467 0.0346654
0.84375 1.03467 0.0346654
0.859375 1.03165 0.0316536
0.859375 1.03165 0.0316536
0.875 1.02867 0.0286728
0.875 1.02867 0.0286728
0.890625 1.02578 0.0257785
0.890625 1.02578 0.0257785
0.90625 1.02304 0.0230377
0.90625 1.02304 0.0230377
0.921875 1.02053 0.0205269
0.921875 1.02053 0.0205269
0.9375 1.01833 0.0183273
0.9375 1.01833 0.0183273
0.953125 1.01652 0.0165184
0.953125 1.01652 0.0165184
0.96875 1.01517 0.0151705
0.96875 1.01517 0.0151705
0.984375 1.01434 0.0143385
0.984375 1.01434 0.0143385
1 1.01406 0.0140571
