# x y topography
0 1.0217 0.0217027
0.015625 1.02186 0.0218646
0.015625 1.02186 0.0218646
0.03125 1.02235 0.0223469
0.03125 1.02235 0.0223469
0.046875 1.02314 0.0231401
0.046875 1.02314 0.0231401
0.0625 1.02423 0.0242288
0.0625 1.02423 0.0242288
0.078125 1.02559 0.0255918
0.078125 1.02559 0.0255918
0.09375 1.0272 0.027203
0.09375 1.0272 0.027203
0.109375 1.02903 0.0290326
0.109375 1.02903 0.0290326
0.125 1.03105 0.0310475
0.125 1.03105 0.0310475
0.140625 1.03321 0.0332129
0.140625 1.03321 0.0332129
0.15625 1.03549 0.0354935
0.15625 1.03549 0.0354935
0.171875 1.03785 0.0378544
0.171875 1.03785 0.0378544
0.1875 1.04026 0.0402623
0.1875 1.04026 0.0402623
0.203125 1.04269 0.0426863
0.203125 1.04269 0.0426863
0.21875 1.0451 0.045098
0.21875 1.0451 0.045098
0.234375 1.04747 0.0474725
0.234375 1.04747 0.0474725
0.25 1.04979 0.0497879
0.25 1.04979 0.0497879
0.265625 1.05203 0.0520255
0.265625 1.05203 0.0520255
0.28125 1.05417 0.0541692
0.28125 1.05417 0.0541692
0.296875 1.05621 0.0562057
0.296875 1.05621 0.0562057
0.3125 1.05812 0.0581239
0.3125 1.05812 0.0581239
0.328125 1.05991 0.0599143
0.328125 1.05991 0.0599143
0.34375 1.06157 0.0615693
0.34375 1.06157 0.0615693
0.359375 1.06308 0.0630824
0.359375 1.06308 0.0630824
0.375 1.06445 0.0644484
0.375 1.06445 0.0644484
0.390625 1.06566 0.0656627
0.390625 1.06566 0.0656627
0.40625 1.06672 0.0667218
0.40625 1.06672 0.0667218
0.421875 1.06762 0.0676227
0.421875 1.06762 0.0676227
0.4375 1.06836 0.0683629
0.4375 1.06836 0.0683629
0.453125 1.06894 0.0689405
0.453125 1.06894 0.0689405
0.46875 1.06935 0.0693541
0.46875 1.06935 0.0693541
0.484375 1.0696 0.0696027
0.484375 1.0696 0.0696027
0.5 1.06969 0.0696856
0.5 1.06969 0.0696856
0.515625 1.0696 0.0696027
0.515625 1.0696 0.0696027
0.53125 1.06935 0.0693541
0.53125 1.06935 0.0693541
0.546875 1.06894 0.0689405
0.546875 1.06894 0.0689405
0.5625 1.06836 0.0683629
0.5625 1.06836 0.0683629
0.578125 1.06762 0.0676227
0.578125 1.06762 0.0676227
0.59375 1.06672 0.0667218
0.59375 1.06672 0.0667218
0.609375 1.06566 0.0656627
0.609375 1.06566 0.0656627
0.625 1.06445 0.0644484
0.625 1.06445 0.0644484
0.640625 1.06308 0.0630824
0.640625 1.06308 0.0630824
0.65625 1.06157 0.0615693
0.65625 1.06157 0.0615693
0.671875 1.05991 0.0599143
0.671875 1.05991 0.0599143
0.6875 1.05812 0.0581239
0.6875 1.05812 0.0581239
0.703125 1.05621 0.0562057
0.703125 1.05621 0.0562057
0.71875 1.05417 0.0541692
0.71875 1.05417 0.0541692
0.734375 1.05203 0.0520255
0.734375 1.05203 0.0520255
0.75 1.04979 0.0497879
0.75 1.04979 0.0497879
0.765625 1.04747 0.0474725
0.765625 1.04747 0.0474725
0.78125 1.0451 0.045098
0.78125 1.0451 0.045098
0.796875 1.04269 0.0426863
0.796875 1.04269 0.0426863
0.8125 1.04026 0.0402623
0.8125 1.04026 0.0402623
0.828125 1.03785 0.0378544
0.828125 1.03785 0.0378544
0.84375 1.03549 0.0354935
0.84375 1.03549 0.0354935
0.859375 1.03321 0.0332129
0.859375 1.03321 0.0332129
0.875 1.03105 0.0310475
0.875 1.03105 0.0310475
0.890625 1.02903 0.0290326
0.890625 1.02903 0.0290326
0.90625 1.0272 0.027203
0.90625 1.0272 0.027203
0.921875 1.02559 0.0255918
0.921875 1.02559 0.0255918
0.9375 1.02423 0.0242288
0.9375 1.02423 0.0242288
0.953125 1.02314 0.0231401
0.953125 1.02314 0.0231401
0.96875 1.02235 0.0223469
0.96875 1.02235 0.0223469
0.984375 1.02186 0.0218646
0.984375 1.02186 0.0218646
1 1.0217 0.0217027
