# x y topography
0 1.03445 0.0344479
0.015625 1.03451 0.0345144
0.015625 1.03451 0.0345144
0.03125 1.03471 0.0347134
0.03125 1.03471 0.0347134
0.046875 1.03504 0.0350425
0.046875 1.03504 0.0350425
0.0625 1.0355 0.0354984
0.0625 1.0355 0.0354984
0.078125 1.03608 0.0360759
0.078125 1.03608 0.0360759
0.09375 1.03677 0.0367689
0.09375 1.03677 0.0367689
0.109375 1.03757 0.0375699
0.109375 1.03757 0.0375699
0.125 1.03847 0.0384703
0.125 1.03847 0.0384703
0.140625 1.03946 0.0394604
0.140625 1.03946 0.0394604
0.15625 1.04053 0.0405297
0.15625 1.04053 0.0405297
0.171875 1.04167 0.0416668
0.171875 1.04167 0.0416668
0.1875 1.04286 0.0428598
0.1875 1.04286 0.0428598
0.203125 1.0441 0.0440964
0.203125 1.0441 0.0440964
0.21875 1.04536 0.0453638
0.21875 1.04536 0.0453638
0.234375 1.04665 0.0466491
0.234375 1.04665 0.0466491
0.25 1.04794 0.0479396
0.25 1.04794 0.0479396
0.265625 1.04922 0.0492225
0.265625 1.04922 0.0492225
0.28125 1.05049 0.0504854
0.28125 1.05049 0.0504854
0.296875 1.05172 0.0517165
0.296875 1.05172 0.0517165
0.3125 1.0529 0.0529042
0.3125 1.0529 0.0529042
0.328125 1.05404 0.0540379
0.328125 1.05404 0.0540379
0.34375 1.05511 0.0551074
0.34375 1.05511 0.0551074
0.359375 1.0561 0.0561034
0.359375 1.0561 0.0561034
0.375 1.05702 0.0570175
0.375 1.05702 0.0570175
0.390625 1.05784 0.057842
0.390625 1.05784 0.057842
0.40625 1.05857 0.0585702
0.40625 1.05857 0.0585702
0.421875 1.0592 0.0591963
0.421875 1.0592 0.0591963
0.4375 1.05972 0.0597153
0.4375 1.05972 0.0597153
0.453125 1.06012 0.0601231
0.453125 1.06012 0.0601231
0.46875 1.06042 0.0604167
0.46875 1.06042 0.0604167
0.484375 1.06059 0.0605937
0.484375 1.06059 0.0605937
0.5 1.06065 0.0606528
0.5 1.06065 0.0606528
0.515625 1.06059 0.0605937
0.515625 1.06059 0.0605937
0.53125 1.06042 0.0604167
0.53125 1.06042 0.0604167
0.546875 1.06012 0.0601231
0.546875 1.06012 0.0601231
0.5625 1.05972 0.0597153
0.5625 1.05972 0.0597153
0.578125 1.0592 0.0591963
0.578125 1.0592 0.0591963
0.59375 1.05857 0.0585702
0.59375 1.05857 0.0585702
0.609375 1.05784 0.057842
0.609375 1.05784 0.057842
0.625 1.05702 0.0570175
0.625 1.05702 0.0570175
0.640625 1.0561 0.0561034
0.640625 1.0561 0.0561034
0.65625 1.05511 0.0551074
0.65625 1.05511 0.0551074
0.671875 1.05404 0.0540379
0.671875 1.05404 0.0540379
0.6875 1.0529 0.0529042
0.6875 1.0529 0.0529042
0.703125 1.05172 0.0517165
0.703125 1.05172 0.0517165
0.71875 1.05049 0.0504854
0.71875 1.05049 0.0504854
0.734375 1.04922 0.0492225
0.734375 1.04922 0.0492225
0.75 1.04794 0.0479396
0.75 1.04794 0.0479396
0.765625 1.04665 0.0466491
0.765625 1.04665 0.0466491
0.78125 1.04536 0.0453638
0.78125 1.04536 0.0453638
0.796875 1.0441 0.0440964
0.796875 1.0441 0.0440964
0.8125 1.04286 0.0428598
0.8125 1.04286 0.0428598
0.828125 1.04167 0.0416668
0.828125 1.04167 0.0416668
0.84375 1.04053 0.0405297
0.84375 1.04053 0.0405297
0.859375 1.03946 0.0394604
0.859375 1.03946 0.0394604
0.875 1.03847 0.0384703
0.875 1.03847 0.0384703
0.890625 1.03757 0.0375699
0.890625 1.03757 0.0375699
0.90625 1.03677 0.0367689
0.90625 1.03677 0.0367689
0.921875 1.03608 0.0360759
0.921875 1.03608 0.0360759
0.9375 1.0355 0.0354984
0.9375 1.0355 0.0354984
0.953125 1.03504 0.0350425
0.953125 1.03504 0.0350425
0.96875 1.03471 0.0347134
0.96875 1.03471 0.0347134
0.984375 1.03451 0.0345144
0.984375 1.03451 0.0345144
1 1.03445 0.0344479
