# x y topography
0 1.03301 0.0330059
0.015625 1.03308 0.0330807
0.015625 1.03308 0.0330807
0.03125 1.0333 0.0333041
0.03125 1.0333 0.0333041
0.046875 1.03367 0.0336737
0.046875 1.03367 0.0336737
0.0625 1.03419 0.0341853
0.0625 1.03419 0.0341853
0.078125 1.03483 0.0348331
0.078125 1.03483 0.0348331
0.09375 1.03561 0.0356099
0.09375 1.03561 0.0356099
0.109375 1.03651 0.0365069
0.109375 1.03651 0.0365069
0.125 1.03751 0.037514
0.125 1.03751 0.037514
0.140625 1.03862 0.0386203
0.140625 1.03862 0.0386203
0.15625 1.03981 0.0398134
0.15625 1.03981 0.0398134
0.171875 1.04108 0.0410803
0.171875 1.04108 0.0410803
0.1875 1.04241 0.0424074
0.1875 1.04241 0.0424074
0.203125 1.04378 0.0437805
0.203125 1.04378 0.0437805
0.21875 1.04519 0.0451853
0.21875 1.04519 0.0451853
0.234375 1.04661 0.0466074
0.234375 1.04661 0.0466074
0.25 1.04803 0.0480322
0.25 1.04803 0.0480322
0.265625 1.04945 0.049446
0.265625 1.04945 0.049446
0.28125 1.05083 0.0508349
0.28125 1.05083 0.0508349
0.296875 1.05219 0.0521861
0.296875 1.05219 0.0521861
0.3125 1.05349 0.0534871
0.3125 1.05349 0.0534871
0.328125 1.05473 0.0547266
0.328125 1.05473 0.0547266
0.34375 1.05589 0.0558937
0.34375 1.05589 0.0558937
0.359375 1.05698 0.0569787
0.359375 1.05698 0.0569787
0.375 1.05797 0.0579729
0.375 1.05797 0.0579729
0.390625 1.05887 0.0588683
0.390625 1.05887 0.0588683
0.40625 1.05966 0.0596581
0.40625 1.05966 0.0596581
0.421875 1.06034 0.0603363
0.421875 1.06034 0.0603363
0.4375 1.0609 0.0608979
0.4375 1.0609 0.0608979
0.453125 1.06134 0.0613388
0.453125 1.06134 0.0613388
0.46875 1.06166 0.061656
0.46875 1.06166 0.061656
0.484375 1.06185 0.0618473
0.484375 1.06185 0.0618473
0.5 1.06191 0.0619111
0.5 1.06191 0.0619111
0.515625 1.06185 0.0618473
0.515625 1.06185 0.0618473
0.53125 1.06166 0.061656
0.53125 1.06166 0.061656
0.546875 1.06134 0.0613388
0.546875 1.06134 0.0613388
0.5625 1.0609 0.0608979
0.5625 1.0609 0.0608979
0.578125 1.06034 0.0603363
0.578125 1.06034 0.0603363
0.59375 1.05966 0.0596581
0.59375 1.05966 0.0596581
0.609375 1.05887 0.0588683
0.609375 1.05887 0.0588683
0.625 1.05797 0.0579729
0.625 1.05797 0.0579729
0.640625 1.05698 0.0569787
0.640625 1.05698 0.0569787
0.65625 1.05589 0.0558937
0.65625 1.05589 0.0558937
0.671875 1.05473 0.0547266
0.671875 1.05473 0.0547266
0.6875 1.05349 0.0534871
0.6875 1.05349 0.0534871
0.703125 1.05219 0.0521861
0.703125 1.05219 0.0521861
0.71875 1.05083 0.0508349
0.71875 1.05083 0.0508349
0.734375 1.04945 0.049446
0.734375 1.04945 0.049446
0.75 1.04803 0.0480322
0.75 1.04803 0.0480322
0.765625 1.04661 0.0466074
0.765625 1.04661 0.0466074
0.78125 1.04519 0.0451853
0.78125 1.04519 0.0451853
0.796875 1.04378 0.0437805
0.796875 1.04378 0.0437805
0.8125 1.04241 0.0424074
0.8125 1.04241 0.0424074
0.828125 1.04108 0.0410803
0.828125 1.04108 0.0410803
0.84375 1.03981 0.0398134
0.84375 1.03981 0.0398134
0.859375 1.03862 0.0386203
0.859375 1.03862 0.0386203
0.875 1.03751 0.037514
0.875 1.03751 0.037514
0.890625 1.03651 0.0365069
0.890625 1.03651 0.0365069
0.90625 1.03561 0.0356099
0.90625 1.03561 0.0356099
0.921875 1.03483 0.0348331
0.921875 1.03483 0.0348331
0.9375 1.03419 0.0341853
0.9375 1.03419 0.0341853
0.953125 1.03367 0.0336737
0.953125 1.03367 0.0336737
0.96875 1.0333 0.0333041
0.96875 1.0333 0.0333041
0.984375 1.03308 0.0330807
0.984375 1.03308 0.0330807
1 1.03301 0.0330059
