# x y topography
0 1.02496 0.0249623
0.015625 1.02509 0.025093
0.015625 1.02509 0.025093
0.03125 1.02548 0.0254833
0.03125 1.02548 0.0254833
0.046875 1.02613 0.0261267
0.046875 1.02613 0.0261267
0.0625 1.02701 0.0270131
0.0625 1.02701 0.0270131
0.078125 1.02813 0.0281285
0.078125 1.02813 0.0281285
0.09375 1.02946 0.0294554
0.09375 1.02946 0.0294554
0.109375 1.03097 0.0309733
0.109375 1.03097 0.0309733
0.125 1.03266 0.0326592
0.125 1.03266 0.0326592
0.140625 1.03449 0.034488
0.140625 1.03449 0.034488
0.15625 1.03643 0.0364338
0.15625 1.03643 0.0364338
0.171875 1.03847 0.0384695
0.171875 1.03847 0.0384695
0.1875 1.04057 0.0405684
0.1875 1.04057 0.0405684
0.203125 1.0427 0.0427044
0.203125 1.0427 0.0427044
0.21875 1.04485 0.0448526
0.21875 1.04485 0.0448526
0.234375 1.04699 0.0469894
0.234375 1.04699 0.0469894
0.25 1.04909 0.0490934
0.25 1.04909 0.0490934
0.265625 1.05115 0.051145
0.265625 1.05115 0.051145
0.28125 1.05313 0.0531268
0.28125 1.05313 0.0531268
0.296875 1.05502 0.0550232
0.296875 1.05502 0.0550232
0.3125 1.05682 0.0568211
0.3125 1.05682 0.0568211
0.328125 1.05851 0.0585087
0.328125 1.05851 0.0585087
0.34375 1.06008 0.0600763
0.34375 1.06008 0.0600763
0.359375 1.06152 0.0615154
0.359375 1.06152 0.0615154
0.375 1.06282 0.0628189
0.375 1.06282 0.0628189
0.390625 1.06398 0.0639811
0.390625 1.06398 0.0639811
0.40625 1.065 0.0649971
0.40625 1.065 0.0649971
0.421875 1.06586 0.0658628
0.421875 1.06586 0.0658628
0.4375 1.06658 0.0665752
0.4375 1.06658 0.0665752
0.453125 1.06713 0.0671317
0.453125 1.06713 0.0671317
0.46875 1.06753 0.0675305
0.46875 1.06753 0.0675305
0.484375 1.06777 0.0677703
0.484375 1.06777 0.0677703
0.5 1.06785 0.0678503
0.5 1.06785 0.0678503
0.515625 1.06777 0.0677703
0.515625 1.06777 0.0677703
0.53125 1.06753 0.0675305
0.53125 1.06753 0.0675305
0.546875 1.06713 0.0671317
0.546875 1.06713 0.0671317
0.5625 1.06658 0.0665752
0.5625 1.06658 0.0665752
0.578125 1.06586 0.0658628
0.578125 1.06586 0.0658628
0.59375 1.065 0.0649971
0.59375 1.065 0.0649971
0.609375 1.06398 0.0639811
0.609375 1.06398 0.0639811
0.625 1.06282 0.0628189
0.625 1.06282 0.0628189
0.640625 1.06152 0.0615154
0.640625 1.06152 0.0615154
0.65625 1.06008 0.0600763
0.65625 1.06008 0.0600763
0.671875 1.05851 0.0585087
0.671875 1.05851 0.0585087
0.6875 1.05682 0.0568211
0.6875 1.05682 0.0568211
0.703125 1.05502 0.0550232
0.703125 1.05502 0.0550232
0.71875 1.05313 0.0531268
0.71875 1.05313 0.0531268
0.734375 1.05115 0.051145
0.734375 1.05115 0.051145
0.75 1.04909 0.0490934
0.75 1.04909 0.0490934
0.765625 1.04699 0.0469894
0.765625 1.04699 0.0469894
0.78125 1.04485 0.0448526
0.78125 1.04485 0.0448526
0.796875 1.0427 0.0427044
0.796875 1.0427 0.0427044
0.8125 1.04057 0.0405684
0.8125 1.04057 0.0405684
0.828125 1.03847 0.0384695
0.828125 1.03847 0.0384695
0.84375 1.03643 0.0364338
0.84375 1.03643 0.0364338
0.859375 1.03449 0.034488
0.859375 1.03449 0.034488
0.875 1.03266 0.0326592
0.875 1.03266 0.0326592
0.890625 1.03097 0.0309733
0.890625 1.03097 0.0309733
0.90625 1.02946 0.0294554
0.90625 1.02946 0.0294554
0.921875 1.02813 0.0281285
0.921875 1.02813 0.0281285
0.9375 1.02701 0.0270131
0.9375 1.02701 0.0270131
0.953125 1.02613 0.0261267
0.953125 1.02613 0.0261267
0.96875 1.02548 0.0254833
0.96875 1.02548 0.0254833
0.984375 1.02509 0.025093
0.984375 1.02509 0.025093
1 1.02496 0.0249623
