# x y topography
0 1.02219 0.0221901
0.015625 1.02235 0.0223469
0.015625 1.02235 0.0223469
0.03125 1.02281 0.022814
0.03125 1.02281 0.022814
0.046875 1.02358 0.0235827
0.046875 1.02358 0.0235827
0.0625 1.02464 0.0246384
0.0625 1.02464 0.0246384
0.078125 1.02596 0.0259614
0.078125 1.02596 0.0259614
0.09375 1.02753 0.027527
0.09375 1.02753 0.027527
0.109375 1.02931 0.0293072
0.109375 1.02931 0.0293072
0.125 1.03127 0.0312706
0.125 1.03127 0.0312706
0.140625 1.03338 0.0333841
0.140625 1.03338 0.0333841
0.15625 1.03561 0.0356139
0.15625 1.03561 0.0356139
0.171875 1.03793 0.0379265
0.171875 1.03793 0.0379265
0.1875 1.04029 0.0402894
0.1875 1.04029 0.0402894
0.203125 1.04267 0.0426723
0.203125 1.04267 0.0426723
0.21875 1.04505 0.0450473
0.21875 1.04505 0.0450473
0.234375 1.04739 0.0473895
0.234375 1.04739 0.0473895
0.25 1.04968 0.0496768
0.25 1.04968 0.0496768
0.265625 1.05189 0.05189
0.265625 1.05189 0.05189
0.28125 1.05401 0.0540131
0.28125 1.05401 0.0540131
0.296875 1.05603 0.056032
0.296875 1.05603 0.056032
0.3125 1.05794 0.0579352
0.3125 1.05794 0.0579352
0.328125 1.05971 0.059713
0.328125 1.05971 0.059713
0.34375 1.06136 0.0613573
0.34375 1.06136 0.0613573
0.359375 1.06286 0.0628614
0.359375 1.06286 0.0628614
0.375 1.06422 0.0642198
0.375 1.06422 0.0642198
0.390625 1.06543 0.0654277
0.390625 1.06543 0.0654277
0.40625 1.06648 0.0664815
0.40625 1.06648 0.0664815
0.421875 1.06738 0.0673781
0.421875 1.06738 0.0673781
0.4375 1.06811 0.0681148
0.4375 1.06811 0.0681148
0.453125 1.06869 0.0686898
0.453125 1.06869 0.0686898
0.46875 1.0691 0.0691016
0.46875 1.0691 0.0691016
0.484375 1.06935 0.069349
0.484375 1.06935 0.069349
0.5 1.06943 0.0694316
0.5 1.06943 0.0694316
0.515625 1.06935 0.069349
0.515625 1.06935 0.069349
0.53125 1.0691 0.0691016
0.53125 1.0691 0.0691016
0.546875 1.06869 0.0686898
0.546875 1.06869 0.0686898
0.5625 1.06811 0.0681148
0.5625 1.06811 0.0681148
0.578125 1.06738 0.0673781
0.578125 1.06738 0.0673781
0.59375 1.06648 0.0664815
0.59375 1.06648 0.0664815
0.609375 1.06543 0.0654277
0.609375 1.06543 0.0654277
0.625 1.06422 0.0642198
0.625 1.06422 0.0642198
0.640625 1.06286 0.0628614
0.640625 1.06286 0.0628614
0.65625 1.06136 0.0613573
0.65625 1.06136 0.0613573
0.671875 1.05971 0.059713
0.671875 1.05971 0.059713
0.6875 1.05794 0.0579352
0.6875 1.05794 0.0579352
0.703125 1.05603 0.056032
0.703125 1.05603 0.056032
0.71875 1.05401 0.0540131
0.71875 1.05401 0.0540131
0.734375 1.05189 0.05189
0.734375 1.05189 0.05189
0.75 1.04968 0.0496768
0.75 1.04968 0.0496768
0.765625 1.04739 0.0473895
0.765625 1.04739 0.0473895
0.78125 1.04505 0.0450473
0.78125 1.04505 0.0450473
0.796875 1.04267 0.0426723
0.796875 1.04267 0.0426723
0.8125 1.04029 0.0402894
0.8125 1.04029 0.0402894
0.828125 1.03793 0.0379265
0.828125 1.03793 0.0379265
0.84375 1.03561 0.0356139
0.84375 1.03561 0.0356139
0.859375 1.03338 0.0333841
0.859375 1.03338 0.0333841
0.875 1.03127 0.0312706
0.875 1.03127 0.0312706
0.890625 1.02931 0.0293072
0.890625 1.02931 0.0293072
0.90625 1.02753 0.027527
0.90625 1.02753 0.027527
0.921875 1.02596 0.0259614
0.921875 1.02596 0.0259614
0.9375 1.02464 0.0246384
0.9375 1.02464 0.0246384
0.953125 1.02358 0.0235827
0.953125 1.02358 0.0235827
0.96875 1.02281 0.022814
0.96875 1.02281 0.022814
0.984375 1.02235 0.0223469
0.984375 1.02235 0.0223469
1 1.02219 0.0221901
