# x y topography
0 1.02612 0.0261191
0.015625 1.02624 0.0262404
0.015625 1.02624 0.0262404
0.03125 1.0266 0.0266023
0.03125 1.0266 0.0266023
0.046875 1.0272 0.0271994
0.046875 1.0272 0.0271994
0.0625 1.02802 0.0280229
0.0625 1.02802 0.0280229
0.078125 1.02906 0.0290604
0.078125 1.02906 0.0290604
0.09375 1.0303 0.0302968
0.09375 1.0303 0.0302968
0.109375 1.03171 0.0317139
0.109375 1.03171 0.0317139
0.125 1.03329 0.0332914
0.125 1.03329 0.0332914
0.140625 1.03501 0.0350071
0.140625 1.03501 0.0350071
0.15625 1.03684 0.0368375
0.15625 1.03684 0.0368375
0.171875 1.03876 0.0387584
0.171875 1.03876 0.0387584
0.1875 1.04075 0.0407451
0.1875 1.04075 0.0407451
0.203125 1.04277 0.0427735
0.203125 1.04277 0.0427735
0.21875 1.04482 0.0448201
0.21875 1.04482 0.0448201
0.234375 1.04686 0.0468626
0.234375 1.04686 0.0468626
0.25 1.04888 0.0488801
0.25 1.04888 0.0488801
0.265625 1.05085 0.0508533
0.265625 1.05085 0.0508533
0.28125 1.05276 0.0527649
0.28125 1.05276 0.0527649
0.296875 1.0546 0.0545993
0.296875 1.0546 0.0545993
0.3125 1.05634 0.0563425
0.3125 1.05634 0.0563425
0.328125 1.05798 0.0579827
0.328125 1.05798 0.0579827
0.34375 1.05951 0.0595092
0.34375 1.05951 0.0595092
0.359375 1.06091 0.0609132
0.359375 1.06091 0.0609132
0.375 1.06219 0.0621869
0.375 1.06219 0.0621869
0.390625 1.06332 0.0633241
0.390625 1.06332 0.0633241
0.40625 1.06432 0.0643193
0.40625 1.06432 0.0643193
0.421875 1.06517 0.0651682
0.421875 1.06517 0.0651682
0.4375 1.06587 0.0658673
0.4375 1.06587 0.0658673
0.453125 1.06641 0.0664137
0.453125 1.06641 0.0664137
0.46875 1.06681 0.0668054
0.46875 1.06681 0.0668054
0.484375 1.06704 0.0670411
0.484375 1.06704 0.0670411
0.5 1.06712 0.0671197
0.5 1.06712 0.0671197
0.515625 1.06704 0.0670411
0.515625 1.06704 0.0670411
0.53125 1.06681 0.0668054
0.53125 1.06681 0.0668054
0.546875 1.06641 0.0664137
0.546875 1.06641 0.0664137
0.5625 1.06587 0.0658673
0.5625 1.06587 0.0658673
0.578125 1.06517 0.0651682
0.578125 1.06517 0.0651682
0.59375 1.06432 0.0643193
0.59375 1.06432 0.0643193
0.609375 1.06332 0.0633241
0.609375 1.06332 0.0633241
0.625 1.06219 0.0621869
0.625 1.06219 0.0621869
0.640625 1.06091 0.0609132
0.640625 1.06091 0.0609132
0.65625 1.05951 0.0595092
0.65625 1.05951 0.0595092
0.671875 1.05798 0.0579827
0.671875 1.05798 0.0579827
0.6875 1.05634 0.0563425
0.6875 1.05634 0.0563425
0.703125 1.0546 0.0545993
0.703125 1.0546 0.0545993
0.71875 1.05276 0.0527649
0.71875 1.05276 0.0527649
0.734375 1.05085 0.0508533
0.734375 1.05085 0.0508533
0.75 1.04888 0.0488801
0.75 1.04888 0.0488801
0.765625 1.04686 0.0468626
0.765625 1.04686 0.0468626
0.78125 1.04482 0.0448201
0.78125 1.04482 0.0448201
0.796875 1.04277 0.0427735
0.796875 1.04277 0.0427735
0.8125 1.04075 0.0407451
0.8125 1.04075 0.0407451
0.828125 1.03876 0.0387584
0.828125 1.03876 0.0387584
0.84375 1.03684 0.0368375
0.84375 1.03684 0.0368375
0.859375 1.03501 0.0350071
0.859375 1.03501 0.0350071
0.875 1.03329 0.0332914
0.875 1.03329 0.0332914
0.890625 1.03171 0.0317139
0.890625 1.03171 0.0317139
0.90625 1.0303 0.0302968
0.90625 1.0303 0.0302968
0.921875 1.02906 0.0290604
0.921875 1.02906 0.0290604
0.9375 1.02802 0.0280229
0.9375 1.02802 0.0280229
0.953125 1.0272 0.0271994
0.953125 1.0272 0.0271994
0.96875 1.0266 0.0266023
0.96875 1.0266 0.0266023
0.984375 1.02624 0.0262404
0.984375 1.02624 0.0262404
1 1.02612 0.0261191
