# x y topography
0 1.02719 0.0271945
0.015625 1.02731 0.0273074
0.015625 1.02731 0.0273074
0.03125 1.02764 0.0276446
0.03125 1.02764 0.0276446
0.046875 1.0282 0.0282013
0.046875 1.0282 0.0282013
0.0625 1.02897 0.0289696
0.0625 1.02897 0.0289696
0.078125 1.02994 0.0299386
0.078125 1.02994 0.0299386
0.09375 1.03109 0.0310949
0.09375 1.03109 0.0310949
0.109375 1.03242 0.0324223
0.109375 1.03242 0.0324223
0.125 1.0339 0.0339028
0.125 1.0339 0.0339028
0.140625 1.03552 0.0355163
0.140625 1.03552 0.0355163
0.15625 1.03724 0.0372417
0.15625 1.03724 0.0372417
0.171875 1.03906 0.0390568
0.171875 1.03906 0.0390568
0.1875 1.04094 0.0409391
0.1875 1.04094 0.0409391
0.203125 1.04287 0.0428661
0.203125 1.04287 0.0428661
0.21875 1.04482 0.0448158
0.21875 1.04482 0.0448158
0.234375 1.04677 0.046767
0.234375 1.04677 0.046767
0.25 1.0487 0.0486998
0.25 1.0487 0.0486998
0.265625 1.0506 0.0505953
0.265625 1.0506 0.0505953
0.28125 1.05244 0.0524363
0.28125 1.05244 0.0524363
0.296875 1.05421 0.0542073
0.296875 1.05421 0.0542073
0.3125 1.05589 0.0558944
0.3125 1.05589 0.0558944
0.328125 1.05748 0.057485
0.328125 1.05748 0.057485
0.34375 1.05897 0.0589683
0.34375 1.05897 0.0589683
0.359375 1.06033 0.0603349
0.359375 1.06033 0.0603349
0.375 1.06158 0.0615768
0.375 1.06158 0.0615768
0.390625 1.06269 0.062687
0.390625 1.06269 0.062687
0.40625 1.06366 0.0636597
0.40625 1.06366 0.0636597
0.421875 1.06449 0.0644903
0.421875 1.06449 0.0644903
0.4375 1.06517 0.0651748
0.4375 1.06517 0.0651748
0.453125 1.06571 0.0657102
0.453125 1.06571 0.0657102
0.46875 1.06609 0.0660943
0.46875 1.06609 0.0660943
0.484375 1.06633 0.0663253
0.484375 1.06633 0.0663253
0.5 1.0664 0.0664024
0.5 1.0664 0.0664024
0.515625 1.06633 0.0663253
0.515625 1.06633 0.0663253
0.53125 1.06609 0.0660943
0.53125 1.06609 0.0660943
0.546875 1.06571 0.0657102
0.546875 1.06571 0.0657102
0.5625 1.06517 0.0651748
0.5625 1.06517 0.0651748
0.578125 1.06449 0.0644903
0.578125 1.06449 0.0644903
0.59375 1.06366 0.0636597
0.59375 1.06366 0.0636597
0.609375 1.06269 0.062687
0.609375 1.06269 0.062687
0.625 1.06158 0.0615768
0.625 1.06158 0.0615768
0.640625 1.06033 0.0603349
0.640625 1.06033 0.0603349
0.65625 1.05897 0.0589683
0.65625 1.05897 0.0589683
0.671875 1.05748 0.057485
0.671875 1.05748 0.057485
0.6875 1.05589 0.0558944
0.6875 1.05589 0.0558944
0.703125 1.05421 0.0542073
0.703125 1.05421 0.0542073
0.71875 1.05244 0.0524363
0.71875 1.05244 0.0524363
0.734375 1.0506 0.0505953
0.734375 1.0506 0.0505953
0.75 1.0487 0.0486998
0.75 1.0487 0.0486998
0.765625 1.04677 0.046767
0.765625 1.04677 0.046767
0.78125 1.04482 0.0448158
0.78125 1.04482 0.0448158
0.796875 1.04287 0.0428661
0.796875 1.04287 0.0428661
0.8125 1.04094 0.0409391
0.8125 1.04094 0.0409391
0.828125 1.03906 0.0390568
0.828125 1.03906 0.0390568
0.84375 1.03724 0.0372417
0.84375 1.03724 0.0372417
0.859375 1.03552 0.0355163
0.859375 1.03552 0.0355163
0.875 1.0339 0.0339028
0.875 1.0339 0.0339028
0.890625 1.03242 0.0324223
0.890625 1.03242 0.0324223
0.90625 1.03109 0.0310949
0.90625 1.03109 0.0310949
0.921875 1.02994 0.0299386
0.921875 1.02994 0.0299386
0.9375 1.02897 0.0289696
0.9375 1.02897 0.0289696
0.953125 1.0282 0.0282013
0.953125 1.0282 0.0282013
0.96875 1.02764 0.0276446
0.96875 1.02764 0.0276446
0.984375 1.02731 0.0273074
0.984375 1.02731 0.0273074
1 1.02719 0.0271945
