# x y topography
0 1.02068 0.0206783
0.015625 1.02085 0.0208515
0.015625 1.02085 0.0208515
0.03125 1.02137 0.0213675
0.03125 1.02137 0.0213675
0.046875 1.02222 0.0222153
0.046875 1.02222 0.0222153
0.0625 1.02338 0.0233769
0.0625 1.02338 0.0233769
0.078125 1.02483 0.0248282
0.078125 1.02483 0.0248282
0.09375 1.02654 0.0265393
0.09375 1.02654 0.0265393
0.109375 1.02848 0.0284763
0.109375 1.02848 0.0284763
0.125 1.0306 0.0306021
0.125 1.0306 0.0306021
0.140625 1.03288 0.032878
0.140625 1.03288 0.032878
0.15625 1.03527 0.0352655
0.15625 1.03527 0.0352655
0.171875 1.03773 0.0377269
0.171875 1.03773 0.0377269
0.1875 1.04023 0.0402271
0.1875 1.04023 0.0402271
0.203125 1.04273 0.0427341
0.203125 1.04273 0.0427341
0.21875 1.04522 0.0452191
0.21875 1.04522 0.0452191
0.234375 1.04766 0.0476573
0.234375 1.04766 0.0476573
0.25 1.05003 0.0500275
0.25 1.05003 0.0500275
0.265625 1.05231 0.0523117
0.265625 1.05231 0.0523117
0.28125 1.05449 0.054495
0.28125 1.05449 0.054495
0.296875 1.05656 0.0565648
0.296875 1.05656 0.0565648
0.3125 1.05851 0.0585111
0.3125 1.05851 0.0585111
0.328125 1.06033 0.0603253
0.328125 1.06033 0.0603253
0.34375 1.062 0.0620003
0.34375 1.062 0.0620003
0.359375 1.06353 0.0635305
0.359375 1.06353 0.0635305
0.375 1.06491 0.0649108
0.375 1.06491 0.0649108
0.390625 1.06614 0.0661373
0.390625 1.06614 0.0661373
0.40625 1.06721 0.0672065
0.40625 1.06721 0.0672065
0.421875 1.06812 0.0681158
0.421875 1.06812 0.0681158
0.4375 1.06886 0.0688627
0.4375 1.06886 0.0688627
0.453125 1.06945 0.0694454
0.453125 1.06945 0.0694454
0.46875 1.06986 0.0698627
0.46875 1.06986 0.0698627
0.484375 1.07011 0.0701134
0.484375 1.07011 0.0701134
0.5 1.0702 0.070197
0.5 1.0702 0.070197
0.515625 1.07011 0.0701134
0.515625 1.07011 0.0701134
0.53125 1.06986 0.0698627
0.53125 1.06986 0.0698627
0.546875 1.06945 0.0694454
0.546875 1.06945 0.0694454
0.5625 1.06886 0.0688627
0.5625 1.06886 0.0688627
0.578125 1.06812 0.0681158
0.578125 1.06812 0.0681158
0.59375 1.06721 0.0672065
0.59375 1.06721 0.0672065
0.609375 1.06614 0.0661373
0.609375 1.06614 0.0661373
0.625 1.06491 0.0649108
0.625 1.06491 0.0649108
0.640625 1.06353 0.0635305
0.640625 1.06353 0.0635305
0.65625 1.062 0.0620003
0.65625 1.062 0.0620003
0.671875 1.06033 0.0603253
0.671875 1.06033 0.0603253
0.6875 1.05851 0.0585111
0.6875 1.05851 0.0585111
0.703125 1.05656 0.0565648
0.703125 1.05656 0.0565648
0.71875 1.05449 0.054495
0.71875 1.05449 0.054495
0.734375 1.05231 0.0523117
0.734375 1.05231 0.0523117
0.75 1.05003 0.0500275
0.75 1.05003 0.0500275
0.765625 1.04766 0.0476573
0.765625 1.04766 0.0476573
0.78125 1.04522 0.0452191
0.78125 1.04522 0.0452191
0.796875 1.04273 0.0427341
0.796875 1.04273 0.0427341
0.8125 1.04023 0.0402271
0.8125 1.04023 0.0402271
0.828125 1.03773 0.0377269
0.828125 1.03773 0.0377269
0.84375 1.03527 0.0352655
0.84375 1.03527 0.0352655
0.859375 1.03288 0.032878
0.859375 1.03288 0.032878
0.875 1.0306 0.0306021
0.875 1.0306 0.0306021
0.890625 1.02848 0.0284763
0.890625 1.02848 0.0284763
0.90625 1.02654 0.0265393
0.90625 1.02654 0.0265393
0.921875 1.02483 0.0248282
0.921875 1.02483 0.0248282
0.9375 1.02338 0.0233769
0.9375 1.02338 0.0233769
0.953125 1.02222 0.0222153
0.953125 1.02222 0.0222153
0.96875 1.02137 0.0213675
0.96875 1.02137 0.0213675
0.984375 1.02085 0.0208515
0.984375 1.02085 0.0208515
1 1.02068 0.0206783
