# x y topography
0 1.03555 0.0355506
0.015625 1.03561 0.0356111
0.015625 1.03561 0.0356111
0.03125 1.03579 0.035792
0.03125 1.03579 0.035792
0.046875 1.03609 0.0360914
0.046875 1.03609 0.0360914
0.0625 1.03651 0.036506
0.0625 1.03651 0.036506
0.078125 1.03703 0.0370316
0.078125 1.03703 0.0370316
0.09375 1.03766 0.0376626
0.09375 1.03766 0.0376626
0.109375 1.03839 0.0383923
0.109375 1.03839 0.0383923
0.125 1.03921 0.0392131
0.125 1.03921 0.0392131
0.140625 1.04012 0.0401164
0.140625 1.04012 0.0401164
0.15625 1.04109 0.0410927
0.15625 1.04109 0.0410927
0.171875 1.04213 0.042132
0.171875 1.04213 0.042132
0.1875 1.04322 0.0432235
0.1875 1.04322 0.0432235
0.203125 1.04436 0.0443561
0.203125 1.04436 0.0443561
0.21875 1.04552 0.0455183
0.21875 1.04552 0.0455183
0.234375 1.0467 0.0466984
0.234375 1.0467 0.0466984
0.25 1.04788 0.0478846
0.25 1.04788 0.0478846
0.265625 1.04907 0.0490655
0.265625 1.04907 0.0490655
0.28125 1.05023 0.0502295
0.28125 1.05023 0.0502295
0.296875 1.05137 0.0513656
0.296875 1.05137 0.0513656
0.3125 1.05246 0.0524631
0.3125 1.05246 0.0524631
0.328125 1.05351 0.053512
0.328125 1.05351 0.053512
0.34375 1.0545 0.0545027
0.34375 1.0545 0.0545027
0.359375 1.05543 0.0554264
0.359375 1.05543 0.0554264
0.375 1.05628 0.0562751
0.375 1.05628 0.0562751
0.390625 1.05704 0.0570414
0.390625 1.05704 0.0570414
0.40625 1.05772 0.0577188
0.40625 1.05772 0.0577188
0.421875 1.0583 0.0583016
0.421875 1.0583 0.0583016
0.4375 1.05879 0.058785
0.4375 1.05879 0.058785
0.453125 1.05917 0.0591651
0.453125 1.05917 0.0591651
0.46875 1.05944 0.0594389
0.46875 1.05944 0.0594389
0.484375 1.0596 0.059604
0.484375 1.0596 0.059604
0.5 1.05966 0.0596591
0.5 1.05966 0.0596591
0.515625 1.0596 0.059604
0.515625 1.0596 0.059604
0.53125 1.05944 0.0594389
0.53125 1.05944 0.0594389
0.546875 1.05917 0.0591651
0.546875 1.05917 0.0591651
0.5625 1.05879 0.058785
0.5625 1.05879 0.058785
0.578125 1.0583 0.0583016
0.578125 1.0583 0.0583016
0.59375 1.05772 0.0577188
0.59375 1.05772 0.0577188
0.609375 1.05704 0.0570414
0.609375 1.05704 0.0570414
0.625 1.05628 0.0562751
0.625 1.05628 0.0562751
0.640625 1.05543 0.0554264
0.640625 1.05543 0.0554264
0.65625 1.0545 0.0545027
0.65625 1.0545 0.0545027
0.671875 1.05351 0.053512
0.671875 1.05351 0.053512
0.6875 1.05246 0.0524631
0.6875 1.05246 0.0524631
0.703125 1.05137 0.0513656
0.703125 1.05137 0.0513656
0.71875 1.05023 0.0502295
0.71875 1.05023 0.0502295
0.734375 1.04907 0.0490655
0.734375 1.04907 0.0490655
0.75 1.04788 0.0478846
0.75 1.04788 0.0478846
0.765625 1.0467 0.0466984
0.765625 1.0467 0.0466984
0.78125 1.04552 0.0455183
0.78125 1.04552 0.0455183
0.796875 1.04436 0.0443561
0.796875 1.04436 0.0443561
0.8125 1.04322 0.0432235
0.8125 1.04322 0.0432235
0.828125 1.04213 0.042132
0.828125 1.04213 0.042132
0.84375 1.04109 0.0410927
0.84375 1.04109 0.0410927
0.859375 1.04012 0.0401164
0.859375 1.04012 0.0401164
0.875 1.03921 0.0392131
0.875 1.03921 0.0392131
0.890625 1.03839 0.0383923
0.890625 1.03839 0.0383923
0.90625 1.03766 0.0376626
0.90625 1.03766 0.0376626
0.921875 1.03703 0.0370316
0.921875 1.03703 0.0370316
0.9375 1.03651 0.036506
0.9375 1.03651 0.036506
0.953125 1.03609 0.0360914
0.953125 1.03609 0.0360914
0.96875 1.03579 0.035792
0.96875 1.03579 0.035792
0.984375 1.03561 0.0356111
0.984375 1.03561 0.0356111
1 1.03555 0.0355506
