# x y z topography
0 0 100.001 0.000548814
45 0 100.001 0.000548814
0 95 100.001 0.000791725
45 95 100.001 0.000791725
45 0 100.001 0.000548814
90 0 100.001 0.000715189
45 95 100.001 0.000791725
90 95 187.255 87.2555
0 95 100.001 0.000791725
45 95 100.001 0.000791725
0 190 100.001 0.000978618
45 190 100.001 0.000978618
45 95 100.001 0.000791725
90 95 187.255 87.2555
45 190 100.001 0.000978618
90 190 187.571 87.571
90 0 100.001 0.000715189
135 0 100.001 0.000715189
90 95 187.255 87.2555
135 95 187.255 87.2555
135 0 100.001 0.000715189
180 0 100.001 0.000602763
135 95 187.255 87.2555
180 95 187.255 87.2555
90 95 187.255 87.2555
135 95 187.255 87.2555
90 190 187.571 87.571
135 190 187.571 87.571
135 95 187.255 87.2555
180 95 187.255 87.2555
135 190 187.571 87.571
180 190 187.571 87.571
0 190 100.001 0.000978618
45 190 100.001 0.000978618
0 285 100 0.000264556
45 285 100 0.000264556
45 190 100.001 0.000978618
90 190 187.571 87.571
45 285 100 0.000264556
90 285 187.887 87.8866
0 285 100 0.000264556
45 285 100 0.000264556
0 380 100 0.000359508
45 380 100 0.000359508
45 285 100 0.000264556
90 285 187.887 87.8866
45 380 100 0.000359508
90 380 188.202 88.2022
90 190 187.571 87.571
135 190 187.571 87.571
90 285 187.887 87.8866
135 285 187.887 87.8866
135 190 187.571 87.571
180 190 187.571 87.571
135 285 187.887 87.8866
180 285 187.887 87.8866
90 285 187.887 87.8866
135 285 187.887 87.8866
90 380 188.202 88.2022
135 380 188.202 88.2022
135 285 187.887 87.8866
180 285 187.887 87.8866
135 380 188.202 88.2022
180 380 188.202 88.2022
180 0 100.001 0.000602763
225 0 100.001 0.000602763
180 95 187.255 87.2555
225 95 187.255 87.2555
225 0 100.001 0.000602763
270 0 100.001 0.000544883
225 95 187.255 87.2555
270 95 187.255 87.2555
180 95 187.255 87.2555
225 95 187.255 87.2555
180 190 187.571 87.571
225 190 187.571 87.571
225 95 187.255 87.2555
270 95 187.255 87.2555
225 190 187.571 87.571
270 190 187.571 87.571
270 0 100.001 0.000544883
315 0 100.001 0.000544883
270 95 187.255 87.2555
315 95 187.255 87.2555
315 0 100.001 0.000544883
360 0 100 0.000423655
315 95 187.255 87.2555
360 95 187.255 87.2555
270 95 187.255 87.2555
315 95 187.255 87.2555
270 190 187.571 87.571
315 190 187.571 87.571
315 95 187.255 87.2555
360 95 187.255 87.2555
315 190 187.571 87.571
360 190 187.571 87.571
180 190 187.571 87.571
225 190 187.571 87.571
180 285 187.887 87.8866
225 285 187.887 87.8866
225 190 187.571 87.571
270 190 187.571 87.571
225 285 187.887 87.8866
270 285 187.887 87.8866
180 285 187.887 87.8866
225 285 187.887 87.8866
180 380 188.202 88.2022
225 380 188.202 88.2022
225 285 187.887 87.8866
270 285 187.887 87.8866
225 380 188.202 88.2022
270 380 188.202 88.2022
270 190 187.571 87.571
315 190 187.571 87.571
270 285 187.887 87.8866
315 285 187.887 87.8866
315 190 187.571 87.571
360 190 187.571 87.571
315 285 187.887 87.8866
360 285 187.887 87.8866
270 285 187.887 87.8866
315 285 187.887 87.8866
270 380 188.202 88.2022
315 380 188.202 88.2022
315 285 187.887 87.8866
360 285 187.887 87.8866
315 380 188.202 88.2022
360 380 188.202 88.2022
360 0 100 0.000423655
405 0 100 0.000423655
360 95 187.255 87.2555
405 95 187.255 87.2555
405 0 100 0.000423655
450 0 100 0
405 95 187.255 87.2555
450 95 100 0
360 95 187.255 87.2555
405 95 187.255 87.2555
360 190 187.571 87.571
405 190 187.571 87.571
405 95 187.255 87.2555
450 95 100 0
405 190 187.571 87.571
450 190 100 0
450 0 100 0
495 0 100.001 0.000645894
450 95 100 0
495 95 187.255 87.2555
495 0 100.001 0.000645894
540 0 100.001 0.000645894
495 95 187.255 87.2555
540 95 187.255 87.2555
450 95 100 0
495 95 187.255 87.2555
450 190 100 0
495 190 187.571 87.571
495 95 187.255 87.2555
540 95 187.255 87.2555
495 190 187.571 87.571
540 190 187.571 87.571
360 190 187.571 87.571
405 190 187.571 87.571
360 285 187.887 87.8866
405 285 187.887 87.8866
405 190 187.571 87.571
450 190 100 0
405 285 187.887 87.8866
450 285 100 0
360 285 187.887 87.8866
405 285 187.887 87.8866
360 380 188.202 88.2022
405 380 188.202 88.2022
405 285 187.887 87.8866
450 285 100 0
405 380 188.202 88.2022
450 380 100 0
450 190 100 0
495 190 187.571 87.571
450 285 100 0
495 285 187.887 87.8866
495 190 187.571 87.571
540 190 187.571 87.571
495 285 187.887 87.8866
540 285 187.887 87.8866
450 285 100 0
495 285 187.887 87.8866
450 380 100 0
495 380 188.202 88.2022
495 285 187.887 87.8866
540 285 187.887 87.8866
495 380 188.202 88.2022
540 380 188.202 88.2022
540 0 100.001 0.000645894
585 0 100 0.000437587
540 95 187.255 87.2555
585 95 187.255 87.2555
585 0 100 0.000437587
630 0 100 0.000437587
585 95 187.255 87.2555
630 95 187.255 87.2555
540 95 187.255 87.2555
585 95 187.255 87.2555
540 190 187.571 87.571
585 190 187.571 87.571
585 95 187.255 87.2555
630 95 187.255 87.2555
585 190 187.571 87.571
630 190 187.571 87.571
630 0 100 0.000437587
675 0 100.001 0.000891773
630 95 187.255 87.2555
675 95 187.255 87.2555
675 0 100.001 0.000891773
720 0 100.001 0.000891773
675 95 187.255 87.2555
720 95 187.255 87.2555
630 95 187.255 87.2555
675 95 187.255 87.2555
630 190 187.571 87.571
675 190 187.571 87.571
675 95 187.255 87.2555
720 95 187.255 87.2555
675 190 187.571 87.571
720 190 187.571 87.571
540 190 187.571 87.571
585 190 187.571 87.571
540 285 187.887 87.8866
585 285 187.887 87.8866
585 190 187.571 87.571
630 190 187.571 87.571
585 285 187.887 87.8866
630 285 187.887 87.8866
540 285 187.887 87.8866
585 285 187.887 87.8866
540 380 188.202 88.2022
585 380 188.202 88.2022
585 285 187.887 87.8866
630 285 187.887 87.8866
585 380 188.202 88.2022
630 380 188.202 88.2022
630 190 187.571 87.571
675 190 187.571 87.571
630 285 187.887 87.8866
675 285 187.887 87.8866
675 190 187.571 87.571
720 190 187.571 87.571
675 285 187.887 87.8866
720 285 187.887 87.8866
630 285 187.887 87.8866
675 285 187.887 87.8866
630 380 188.202 88.2022
675 380 188.202 88.2022
675 285 187.887 87.8866
720 285 187.887 87.8866
675 380 188.202 88.2022
720 380 188.202 88.2022
720 0 100.001 0.000891773
765 0 100.001 0.000963663
720 95 187.255 87.2555
765 95 187.255 87.2555
765 0 100.001 0.000963663
810 0 100.001 0.000963663
765 95 187.255 87.2555
810 95 187.255 87.2555
720 95 187.255 87.2555
765 95 187.255 87.2555
720 190 187.571 87.571
765 190 187.571 87.571
765 95 187.255 87.2555
810 95 187.255 87.2555
765 190 187.571 87.571
810 190 187.571 87.571
810 0 100.001 0.000963663
855 0 100 0.000383442
810 95 187.255 87.2555
855 95 100.001 0.000870012
855 0 100 0.000383442
900 0 100 0.000383442
855 95 100.001 0.000870012
900 95 100.001 0.000870012
810 95 187.255 87.2555
855 95 100.001 0.000870012
810 190 187.571 87.571
855 190 100 0.000414662
855 95 100.001 0.000870012
900 95 100.001 0.000870012
855 190 100 0.000414662
900 190 100 0.000414662
720 190 187.571 87.571
765 190 187.571 87.571
720 285 187.887 87.8866
765 285 187.887 87.8866
765 190 187.571 87.571
810 190 187.571 87.571
765 285 187.887 87.8866
810 285 187.887 87.8866
720 285 187.887 87.8866
765 285 187.887 87.8866
720 380 188.202 88.2022
765 380 188.202 88.2022
765 285 187.887 87.8866
810 285 187.887 87.8866
765 380 188.202 88.2022
810 380 188.202 88.2022
810 190 187.571 87.571
855 190 100 0.000414662
810 285 187.887 87.8866
855 285 100.001 0.00068182
855 190 100 0.000414662
900 190 100 0.000414662
855 285 100.001 0.00068182
900 285 100.001 0.00068182
810 285 187.887 87.8866
855 285 100.001 0.00068182
810 380 188.202 88.2022
855 380 100 0.000363711
855 285 100.001 0.00068182
900 285 100.001 0.00068182
855 380 100 0.000363711
900 380 100 0.000363711
0 380 100 0.000359508
45 380 100 0.000359508
0 475 100.001 0.000570197
45 475 100.001 0.000570197
45 380 100 0.000359508
90 380 188.202 88.2022
45 475 100.001 0.000570197
90 475 188.518 88.5178
0 475 100.001 0.000570197
45 475 100.001 0.000570197
0 570 100 0.00015897
45 570 100 0.00015897
45 475 100.001 0.000570197
90 475 188.518 88.5178
45 570 100 0.00015897
90 570 188.833 88.8333
90 380 188.202 88.2022
135 380 188.202 88.2022
90 475 188.518 88.5178
135 475 188.518 88.5178
135 380 188.202 88.2022
180 380 188.202 88.2022
135 475 188.518 88.5178
180 475 188.518 88.5178
90 475 188.518 88.5178
135 475 188.518 88.5178
90 570 188.833 88.8333
135 570 188.833 88.8333
135 475 188.518 88.5178
180 475 188.518 88.5178
135 570 188.833 88.8333
180 570 188.833 88.8333
0 570 100 0.00015897
45 570 100 0.00015897
0 665 100.001 0.000976459
45 665 100.001 0.000976459
45 570 100 0.00015897
90 570 188.833 88.8333
45 665 100.001 0.000976459
90 665 189.149 89.1489
0 665 100.001 0.000976459
45 665 100.001 0.000976459
0 760 100 0.000317983
45 760 100 0.000317983
45 665 100.001 0.000976459
90 665 189.149 89.1489
45 760 100 0.000317983
90 760 189.464 89.4645
90 570 188.833 88.8333
135 570 188.833 88.8333
90 665 189.149 89.1489
135 665 189.149 89.1489
135 570 188.833 88.8333
180 570 188.833 88.8333
135 665 189.149 89.1489
180 665 189.149 89.1489
90 665 189.149 89.1489
135 665 189.149 89.1489
90 760 189.464 89.4645
135 760 189.464 89.4645
135 665 189.149 89.1489
180 665 189.149 89.1489
135 760 189.464 89.4645
180 760 189.464 89.4645
180 380 188.202 88.2022
225 380 188.202 88.2022
180 475 188.518 88.5178
225 475 188.518 88.5178
225 380 188.202 88.2022
270 380 188.202 88.2022
225 475 188.518 88.5178
270 475 188.518 88.5178
180 475 188.518 88.5178
225 475 188.518 88.5178
180 570 188.833 88.8333
225 570 188.833 88.8333
225 475 188.518 88.5178
270 475 188.518 88.5178
225 570 188.833 88.8333
270 570 188.833 88.8333
270 380 188.202 88.2022
315 380 188.202 88.2022
270 475 188.518 88.5178
315 475 188.518 88.5178
315 380 188.202 88.2022
360 380 188.202 88.2022
315 475 188.518 88.5178
360 475 188.518 88.5178
270 475 188.518 88.5178
315 475 188.518 88.5178
270 570 188.833 88.8333
315 570 188.833 88.8333
315 475 188.518 88.5178
360 475 188.518 88.5178
315 570 188.833 88.8333
360 570 188.833 88.8333
180 570 188.833 88.8333
225 570 188.833 88.8333
180 665 189.149 89.1489
225 665 189.149 89.1489
225 570 188.833 88.8333
270 570 188.833 88.8333
225 665 189.149 89.1489
270 665 189.149 89.1489
180 665 189.149 89.1489
225 665 189.149 89.1489
180 760 189.464 89.4645
225 760 189.464 89.4645
225 665 189.149 89.1489
270 665 189.149 89.1489
225 760 189.464 89.4645
270 760 189.464 89.4645
270 570 188.833 88.8333
315 570 188.833 88.8333
270 665 189.149 89.1489
315 665 189.149 89.1489
315 570 188.833 88.8333
360 570 188.833 88.8333
315 665 189.149 89.1489
360 665 189.149 89.1489
270 665 189.149 89.1489
315 665 189.149 89.1489
270 760 189.464 89.4645
315 760 189.464 89.4645
315 665 189.149 89.1489
360 665 189.149 89.1489
315 760 189.464 89.4645
360 760 189.464 89.4645
360 380 188.202 88.2022
405 380 188.202 88.2022
360 475 188.518 88.5178
405 475 188.518 88.5178
405 380 188.202 88.2022
450 380 100 0
405 475 188.518 88.5178
450 475 100 0
360 475 188.518 88.5178
405 475 188.518 88.5178
360 570 188.833 88.8333
405 570 188.833 88.8333
405 475 188.518 88.5178
450 475 100 0
405 570 188.833 88.8333
450 570 100 0
450 380 100 0
495 380 188.202 88.2022
450 475 100 0
495 475 188.518 88.5178
495 380 188.202 88.2022
540 380 188.202 88.2022
495 475 188.518 88.5178
540 475 188.518 88.5178
450 475 100 0
495 475 188.518 88.5178
450 570 100 0
495 570 188.833 88.8333
495 475 188.518 88.5178
540 475 188.518 88.5178
495 570 188.833 88.8333
540 570 188.833 88.8333
360 570 188.833 88.8333
405 570 188.833 88.8333
360 665 189.149 89.1489
405 665 189.149 89.1489
405 570 188.833 88.8333
450 570 100 0
405 665 189.149 89.1489
450 665 100 0
360 665 189.149 89.1489
405 665 189.149 89.1489
360 760 189.464 89.4645
405 760 189.464 89.4645
405 665 189.149 89.1489
450 665 100 0
405 760 189.464 89.4645
450 760 100 0
450 570 100 0
495 570 188.833 88.8333
450 665 100 0
495 665 189.149 89.1489
495 570 188.833 88.8333
540 570 188.833 88.8333
495 665 189.149 89.1489
540 665 189.149 89.1489
450 665 100 0
495 665 189.149 89.1489
450 760 100 0
495 760 189.464 89.4645
495 665 189.149 89.1489
540 665 189.149 89.1489
495 760 189.464 89.4645
540 760 189.464 89.4645
540 380 188.202 88.2022
585 380 188.202 88.2022
540 475 188.518 88.5178
585 475 188.518 88.5178
585 380 188.202 88.2022
630 380 188.202 88.2022
585 475 188.518 88.5178
630 475 188.518 88.5178
540 475 188.518 88.5178
585 475 188.518 88.5178
540 570 188.833 88.8333
585 570 188.833 88.8333
585 475 188.518 88.5178
630 475 188.518 88.5178
585 570 188.833 88.8333
630 570 188.833 88.8333
630 380 188.202 88.2022
675 380 188.202 88.2022
630 475 188.518 88.5178
675 475 188.518 88.5178
675 380 188.202 88.2022
720 380 188.202 88.2022
675 475 188.518 88.5178
720 475 188.518 88.5178
630 475 188.518 88.5178
675 475 188.518 88.5178
630 570 188.833 88.8333
675 570 188.833 88.8333
675 475 188.518 88.5178
720 475 188.518 88.5178
675 570 188.833 88.8333
720 570 188.833 88.8333
540 570 188.833 88.8333
585 570 188.833 88.8333
540 665 189.149 89.1489
585 665 189.149 89.1489
585 570 188.833 88.8333
630 570 188.833 88.8333
585 665 189.149 89.1489
630 665 189.149 89.1489
540 665 189.149 89.1489
585 665 189.149 89.1489
540 760 189.464 89.4645
585 760 189.464 89.4645
585 665 189.149 89.1489
630 665 189.149 89.1489
585 760 189.464 89.4645
630 760 189.464 89.4645
630 570 188.833 88.8333
675 570 188.833 88.8333
630 665 189.149 89.1489
675 665 189.149 89.1489
675 570 188.833 88.8333
720 570 188.833 88.8333
675 665 189.149 89.1489
720 665 189.149 89.1489
630 665 189.149 89.1489
675 665 189.149 89.1489
630 760 189.464 89.4645
675 760 189.464 89.4645
675 665 189.149 89.1489
720 665 189.149 89.1489
675 760 189.464 89.4645
720 760 189.464 89.4645
720 380 188.202 88.2022
765 380 188.202 88.2022
720 475 188.518 88.5178
765 475 188.518 88.5178
765 380 188.202 88.2022
810 380 188.202 88.2022
765 475 188.518 88.5178
810 475 188.518 88.5178
720 475 188.518 88.5178
765 475 188.518 88.5178
720 570 188.833 88.8333
765 570 188.833 88.8333
765 475 188.518 88.5178
810 475 188.518 88.5178
765 570 188.833 88.8333
810 570 188.833 88.8333
810 380 188.202 88.2022
855 380 100 0.000363711
810 475 188.518 88.5178
855 475 100 0.000244426
855 380 100 0.000363711
900 380 100 0.000363711
855 475 100 0.000244426
900 475 100 0.000244426
810 475 188.518 88.5178
855 475 100 0.000244426
810 570 188.833 88.8333
855 570 100 9.60984e-05
855 475 100 0.000244426
900 475 100 0.000244426
855 570 100 9.60984e-05
900 570 100 9.60984e-05
720 570 188.833 88.8333
765 570 188.833 88.8333
720 665 189.149 89.1489
765 665 189.149 89.1489
765 570 188.833 88.8333
810 570 188.833 88.8333
765 665 189.149 89.1489
810 665 189.149 89.1489
720 665 189.149 89.1489
765 665 189.149 89.1489
720 760 189.464 89.4645
765 760 189.464 89.4645
765 665 189.149 89.1489
810 665 189.149 89.1489
765 760 189.464 89.4645
810 760 189.464 89.4645
810 570 188.833 88.8333
855 570 100 9.60984e-05
810 665 189.149 89.1489
855 665 100 0.000118728
855 570 100 9.60984e-05
900 570 100 9.60984e-05
855 665 100 0.000118728
900 665 100 0.000118728
810 665 189.149 89.1489
855 665 100 0.000118728
810 760 189.464 89.4645
855 760 100.001 0.000929296
855 665 100 0.000118728
900 665 100 0.000118728
855 760 100.001 0.000929296
900 760 100.001 0.000929296
0 760 100 0.000317983
45 760 100 0.000317983
0 855 100 0.000318569
45 855 100 0.000318569
45 760 100 0.000317983
90 760 189.464 89.4645
45 855 100 0.000318569
90 855 189.78 89.78
0 855 100 0.000318569
45 855 100 0.000318569
0 950 100.001 0.000677817
45 950 100 0.000318569
45 855 100 0.000318569
90 855 189.78 89.78
45 950 100 0.000318569
90 950 190.096 90.0956
90 760 189.464 89.4645
135 760 189.464 89.4645
90 855 189.78 89.78
135 855 189.78 89.78
135 760 189.464 89.4645
180 760 189.464 89.4645
135 855 189.78 89.78
180 855 189.78 89.78
90 855 189.78 89.78
135 855 189.78 89.78
90 950 190.096 90.0956
135 950 189.78 89.78
135 855 189.78 89.78
180 855 189.78 89.78
135 950 189.78 89.78
180 950 190.096 90.0956
0 950 100.001 0.000677817
45 950 100 0.000318569
0 1045 100.001 0.000677817
45 1045 100.001 0.000677817
45 950 100 0.000318569
90 950 190.096 90.0956
45 1045 100.001 0.000677817
90 1045 190.096 90.0956
0 1045 100.001 0.000677817
45 1045 100.001 0.000677817
0 1140 100 0.000447125
45 1140 100 0.000447125
45 1045 100.001 0.000677817
90 1045 190.096 90.0956
45 1140 100 0.000447125
90 1140 190.411 90.4112
90 950 190.096 90.0956
135 950 189.78 89.78
90 1045 190.096 90.0956
135 1045 190.096 90.0956
135 950 189.78 89.78
180 950 190.096 90.0956
135 1045 190.096 90.0956
180 1045 190.096 90.0956
90 1045 190.096 90.0956
135 1045 190.096 90.0956
90 1140 190.411 90.4112
135 1140 190.411 90.4112
135 1045 190.096 90.0956
180 1045 190.096 90.0956
135 1140 190.411 90.4112
180 1140 190.411 90.4112
180 760 189.464 89.4645
225 760 189.464 89.4645
180 855 189.78 89.78
225 855 189.78 89.78
225 760 189.464 89.4645
270 760 189.464 89.4645
225 855 189.78 89.78
270 855 189.78 89.78
180 855 189.78 89.78
225 855 189.78 89.78
180 950 190.096 90.0956
225 950 189.78 89.78
225 855 189.78 89.78
270 855 189.78 89.78
225 950 189.78 89.78
270 950 190.096 90.0956
270 760 189.464 89.4645
315 760 189.464 89.4645
270 855 189.78 89.78
315 855 189.78 89.78
315 760 189.464 89.4645
360 760 189.464 89.4645
315 855 189.78 89.78
360 855 189.78 89.78
270 855 189.78 89.78
315 855 189.78 89.78
270 950 190.096 90.0956
315 950 190.096 90.0956
315 855 189.78 89.78
360 855 189.78 89.78
315 950 190.096 90.0956
360 950 190.096 90.0956
180 950 190.096 90.0956
225 950 189.78 89.78
180 1045 190.096 90.0956
225 1045 190.096 90.0956
225 950 189.78 89.78
270 950 190.096 90.0956
225 1045 190.096 90.0956
270 1045 190.096 90.0956
180 1045 190.096 90.0956
225 1045 190.096 90.0956
180 1140 190.411 90.4112
225 1140 190.411 90.4112
225 1045 190.096 90.0956
270 1045 190.096 90.0956
225 1140 190.411 90.4112
270 1140 190.411 90.4112
270 950 190.096 90.0956
315 950 190.096 90.0956
270 1045 190.096 90.0956
315 1045 190.096 90.0956
315 950 190.096 90.0956
360 950 190.096 90.0956
315 1045 190.096 90.0956
360 1045 190.096 90.0956
270 1045 190.096 90.0956
315 1045 190.096 90.0956
270 1140 190.411 90.4112
315 1140 190.411 90.4112
315 1045 190.096 90.0956
360 1045 190.096 90.0956
315 1140 190.411 90.4112
360 1140 190.411 90.4112
360 760 189.464 89.4645
405 760 189.464 89.4645
360 855 189.78 89.78
405 855 189.78 89.78
405 760 189.464 89.4645
450 760 100 0
405 855 189.78 89.78
450 855 100 0
360 855 189.78 89.78
405 855 189.78 89.78
360 950 190.096 90.0956
405 950 190.096 90.0956
405 855 189.78 89.78
450 855 100 0
405 950 190.096 90.0956
450 950 100 0
450 760 100 0
495 760 189.464 89.4645
450 855 100 0
495 855 189.78 89.78
495 760 189.464 89.4645
540 760 189.464 89.4645
495 855 189.78 89.78
540 855 189.78 89.78
450 855 100 0
495 855 189.78 89.78
450 950 100 0
495 950 190.096 90.0956
495 855 189.78 89.78
540 855 189.78 89.78
495 950 190.096 90.0956
540 950 189.78 89.78
360 950 190.096 90.0956
405 950 190.096 90.0956
360 1045 190.096 90.0956
405 1045 190.096 90.0956
405 950 190.096 90.0956
450 950 100 0
405 1045 190.096 90.0956
450 1045 100 0
360 1045 190.096 90.0956
405 1045 190.096 90.0956
360 1140 190.411 90.4112
405 1140 190.411 90.4112
405 1045 190.096 90.0956
450 1045 100 0
405 1140 190.411 90.4112
450 1140 100 0
450 950 100 0
495 950 190.096 90.0956
450 1045 100 0
495 1045 190.096 90.0956
495 950 190.096 90.0956
540 950 189.78 89.78
495 1045 190.096 90.0956
540 1045 190.096 90.0956
450 1045 100 0
495 1045 190.096 90.0956
450 1140 100 0
495 1140 190.411 90.4112
495 1045 190.096 90.0956
540 1045 190.096 90.0956
495 1140 190.411 90.4112
540 1140 190.411 90.4112
540 760 189.464 89.4645
585 760 189.464 89.4645
540 855 189.78 89.78
585 855 189.78 89.78
585 760 189.464 89.4645
630 760 189.464 89.4645
585 855 189.78 89.78
630 855 189.78 89.78
540 855 189.78 89.78
585 855 189.78 89.78
540 950 189.78 89.78
585 950 190.096 90.0956
585 855 189.78 89.78
630 855 189.78 89.78
585 950 190.096 90.0956
630 950 189.78 89.78
630 760 189.464 89.4645
675 760 189.464 89.4645
630 855 189.78 89.78
675 855 189.78 89.78
675 760 189.464 89.4645
720 760 189.464 89.4645
675 855 189.78 89.78
720 855 189.78 89.78
630 855 189.78 89.78
675 855 189.78 89.78
630 950 189.78 89.78
675 950 189.78 89.78
675 855 189.78 89.78
720 855 189.78 89.78
675 950 189.78 89.78
720 950 190.096 90.0956
540 950 189.78 89.78
585 950 190.096 90.0956
540 1045 190.096 90.0956
585 1045 190.096 90.0956
585 950 190.096 90.0956
630 950 189.78 89.78
585 1045 190.096 90.0956
630 1045 190.096 90.0956
540 1045 190.096 90.0956
585 1045 190.096 90.0956
540 1140 190.411 90.4112
585 1140 190.411 90.4112
585 1045 190.096 90.0956
630 1045 190.096 90.0956
585 1140 190.411 90.4112
630 1140 190.411 90.4112
630 950 189.78 89.78
675 950 189.78 89.78
630 1045 190.096 90.0956
675 1045 190.096 90.0956
675 950 189.78 89.78
720 950 190.096 90.0956
675 1045 190.096 90.0956
720 1045 190.096 90.0956
630 1045 190.096 90.0956
675 1045 190.096 90.0956
630 1140 190.411 90.4112
675 1140 190.411 90.4112
675 1045 190.096 90.0956
720 1045 190.096 90.0956
675 1140 190.411 90.4112
720 1140 190.411 90.4112
720 760 189.464 89.4645
765 760 189.464 89.4645
720 855 189.78 89.78
765 855 189.78 89.78
765 760 189.464 89.4645
810 760 189.464 89.4645
765 855 189.78 89.78
810 855 189.78 89.78
720 855 189.78 89.78
765 855 189.78 89.78
720 950 190.096 90.0956
765 950 189.78 89.78
765 855 189.78 89.78
810 855 189.78 89.78
765 950 189.78 89.78
810 950 190.096 90.0956
810 760 189.464 89.4645
855 760 100.001 0.000929296
810 855 189.78 89.78
855 855 100 4.69548e-06
855 760 100.001 0.000929296
900 760 100.001 0.000929296
855 855 100 4.69548e-06
900 855 100 4.69548e-06
810 855 189.78 89.78
855 855 100 4.69548e-06
810 950 190.096 90.0956
855 950 100 4.69548e-06
855 855 100 4.69548e-06
900 855 100 4.69548e-06
855 950 100 4.69548e-06
900 950 100.001 0.000952749
720 950 190.096 90.0956
765 950 189.78 89.78
720 1045 190.096 90.0956
765 1045 190.096 90.0956
765 950 189.78 89.78
810 950 190.096 90.0956
765 1045 190.096 90.0956
810 1045 190.096 90.0956
720 1045 190.096 90.0956
765 1045 190.096 90.0956
720 1140 190.411 90.4112
765 1140 190.411 90.4112
765 1045 190.096 90.0956
810 1045 190.096 90.0956
765 1140 190.411 90.4112
810 1140 190.411 90.4112
810 950 190.096 90.0956
855 950 100 4.69548e-06
810 1045 190.096 90.0956
855 1045 100.001 0.000952749
855 950 100 4.69548e-06
900 950 100.001 0.000952749
855 1045 100.001 0.000952749
900 1045 100.001 0.000952749
810 1045 190.096 90.0956
855 1045 100.001 0.000952749
810 1140 190.411 90.4112
855 1140 100.001 0.000692532
855 1045 100.001 0.000952749
900 1045 100.001 0.000952749
855 1140 100.001 0.000692532
900 1140 100.001 0.000692532
0 1140 100 0.000447125
45 1140 100 0.000447125
0 1235 100.001 0.000725254
45 1235 100.001 0.000725254
45 1140 100 0.000447125
90 1140 190.411 90.4112
45 1235 100.001 0.000725254
90 1235 190.727 90.7267
0 1235 100.001 0.000725254
45 1235 100.001 0.000725254
0 1330 100.001 0.000618015
45 1330 100.001 0.000618015
45 1235 100.001 0.000725254
90 1235 190.727 90.7267
45 1330 100.001 0.000618015
90 1330 191.042 91.0423
90 1140 190.411 90.4112
135 1140 190.411 90.4112
90 1235 190.727 90.7267
135 1235 190.727 90.7267
135 1140 190.411 90.4112
180 1140 190.411 90.4112
135 1235 190.727 90.7267
180 1235 190.727 90.7267
90 1235 190.727 90.7267
135 1235 190.727 90.7267
90 1330 191.042 91.0423
135 1330 191.042 91.0423
135 1235 190.727 90.7267
180 1235 190.727 90.7267
135 1330 191.042 91.0423
180 1330 191.042 91.0423
0 1330 100.001 0.000618015
45 1330 100.001 0.000618015
0 1425 100.001 0.000896547
45 1425 100.001 0.000896547
45 1330 100.001 0.000618015
90 1330 191.042 91.0423
45 1425 100.001 0.000896547
90 1425 191.358 91.3579
0 1425 100.001 0.000896547
45 1425 100.001 0.000896547
0 1520 100 0.000149448
45 1520 100 0.000149448
45 1425 100.001 0.000896547
90 1425 191.358 91.3579
45 1520 100 0.000149448
90 1520 191.673 91.6735
90 1330 191.042 91.0423
135 1330 191.042 91.0423
90 1425 191.358 91.3579
135 1425 191.358 91.3579
135 1330 191.042 91.0423
180 1330 191.042 91.0423
135 1425 191.358 91.3579
180 1425 191.358 91.3579
90 1425 191.358 91.3579
135 1425 191.358 91.3579
90 1520 191.673 91.6735
135 1520 191.673 91.6735
135 1425 191.358 91.3579
180 1425 191.358 91.3579
135 1520 191.673 91.6735
180 1520 191.673 91.6735
180 1140 190.411 90.4112
225 1140 190.411 90.4112
180 1235 190.727 90.7267
225 1235 190.727 90.7267
225 1140 190.411 90.4112
270 1140 190.411 90.4112
225 1235 190.727 90.7267
270 1235 190.727 90.7267
180 1235 190.727 90.7267
225 1235 190.727 90.7267
180 1330 191.042 91.0423
225 1330 191.042 91.0423
225 1235 190.727 90.7267
270 1235 190.727 90.7267
225 1330 191.042 91.0423
270 1330 191.042 91.0423
270 1140 190.411 90.4112
315 1140 190.411 90.4112
270 1235 190.727 90.7267
315 1235 190.727 90.7267
315 1140 190.411 90.4112
360 1140 190.411 90.4112
315 1235 190.727 90.7267
360 1235 190.727 90.7267
270 1235 190.727 90.7267
315 1235 190.727 90.7267
270 1330 191.042 91.0423
315 1330 191.042 91.0423
315 1235 190.727 90.7267
360 1235 190.727 90.7267
315 1330 191.042 91.0423
360 1330 191.042 91.0423
180 1330 191.042 91.0423
225 1330 191.042 91.0423
180 1425 191.358 91.3579
225 1425 191.358 91.3579
225 1330 191.042 91.0423
270 1330 191.042 91.0423
225 1425 191.358 91.3579
270 1425 191.358 91.3579
180 1425 191.358 91.3579
225 1425 191.358 91.3579
180 1520 191.673 91.6735
225 1520 191.673 91.6735
225 1425 191.358 91.3579
270 1425 191.358 91.3579
225 1520 191.673 91.6735
270 1520 191.673 91.6735
270 1330 191.042 91.0423
315 1330 191.042 91.0423
270 1425 191.358 91.3579
315 1425 191.358 91.3579
315 1330 191.042 91.0423
360 1330 191.042 91.0423
315 1425 191.358 91.3579
360 1425 191.358 91.3579
270 1425 191.358 91.3579
315 1425 191.358 91.3579
270 1520 191.673 91.6735
315 1520 191.673 91.6735
315 1425 191.358 91.3579
360 1425 191.358 91.3579
315 1520 191.673 91.6735
360 1520 191.673 91.6735
360 1140 190.411 90.4112
405 1140 190.411 90.4112
360 1235 190.727 90.7267
405 1235 190.727 90.7267
405 1140 190.411 90.4112
450 1140 100 0
405 1235 190.727 90.7267
450 1235 100 0
360 1235 190.727 90.7267
405 1235 190.727 90.7267
360 1330 191.042 91.0423
405 1330 191.042 91.0423
405 1235 190.727 90.7267
450 1235 100 0
405 1330 191.042 91.0423
450 1330 100 0
450 1140 100 0
495 1140 190.411 90.4112
450 1235 100 0
495 1235 190.727 90.7267
495 1140 190.411 90.4112
540 1140 190.411 90.4112
495 1235 190.727 90.7267
540 1235 190.727 90.7267
450 1235 100 0
495 1235 190.727 90.7267
450 1330 100 0
495 1330 191.042 91.0423
495 1235 190.727 90.7267
540 1235 190.727 90.7267
495 1330 191.042 91.0423
540 1330 191.042 91.0423
360 1330 191.042 91.0423
405 1330 191.042 91.0423
360 1425 191.358 91.3579
405 1425 191.358 91.3579
405 1330 191.042 91.0423
450 1330 100 0
405 1425 191.358 91.3579
450 1425 100 0
360 1425 191.358 91.3579
405 1425 191.358 91.3579
360 1520 191.673 91.6735
405 1520 191.673 91.6735
405 1425 191.358 91.3579
450 1425 100 0
405 1520 191.673 91.6735
450 1520 100 0
450 1330 100 0
495 1330 191.042 91.0423
450 1425 100 0
495 1425 191.358 91.3579
495 1330 191.042 91.0423
540 1330 191.042 91.0423
495 1425 191.358 91.3579
540 1425 191.358 91.3579
450 1425 100 0
495 1425 191.358 91.3579
450 1520 100 0
495 1520 191.673 91.6735
495 1425 191.358 91.3579
540 1425 191.358 91.3579
495 1520 191.673 91.6735
540 1520 191.673 91.6735
540 1140 190.411 90.4112
585 1140 190.411 90.4112
540 1235 190.727 90.7267
585 1235 190.727 90.7267
585 1140 190.411 90.4112
630 1140 190.411 90.4112
585 1235 190.727 90.7267
630 1235 190.727 90.7267
540 1235 190.727 90.7267
585 1235 190.727 90.7267
540 1330 191.042 91.0423
585 1330 191.042 91.0423
585 1235 190.727 90.7267
630 1235 190.727 90.7267
585 1330 191.042 91.0423
630 1330 191.042 91.0423
630 1140 190.411 90.4112
675 1140 190.411 90.4112
630 1235 190.727 90.7267
675 1235 190.727 90.7267
675 1140 190.411 90.4112
720 1140 190.411 90.4112
675 1235 190.727 90.7267
720 1235 190.727 90.7267
630 1235 190.727 90.7267
675 1235 190.727 90.7267
630 1330 191.042 91.0423
675 1330 191.042 91.0423
675 1235 190.727 90.7267
720 1235 190.727 90.7267
675 1330 191.042 91.0423
720 1330 191.042 91.0423
540 1330 191.042 91.0423
585 1330 191.042 91.0423
540 1425 191.358 91.3579
585 1425 191.358 91.3579
585 1330 191.042 91.0423
630 1330 191.042 91.0423
585 1425 191.358 91.3579
630 1425 191.358 91.3579
540 1425 191.358 91.3579
585 1425 191.358 91.3579
540 1520 191.673 91.6735
585 1520 191.673 91.6735
585 1425 191.358 91.3579
630 1425 191.358 91.3579
585 1520 191.673 91.6735
630 1520 191.673 91.6735
630 1330 191.042 91.0423
675 1330 191.042 91.0423
630 1425 191.358 91.3579
675 1425 191.358 91.3579
675 1330 191.042 91.0423
720 1330 191.042 91.0423
675 1425 191.358 91.3579
720 1425 191.358 91.3579
630 1425 191.358 91.3579
675 1425 191.358 91.3579
630 1520 191.673 91.6735
675 1520 191.673 91.6735
675 1425 191.358 91.3579
720 1425 191.358 91.3579
675 1520 191.673 91.6735
720 1520 191.673 91.6735
720 1140 190.411 90.4112
765 1140 190.411 90.4112
720 1235 190.727 90.7267
765 1235 190.727 90.7267
765 1140 190.411 90.4112
810 1140 190.411 90.4112
765 1235 190.727 90.7267
810 1235 190.727 90.7267
720 1235 190.727 90.7267
765 1235 190.727 90.7267
720 1330 191.042 91.0423
765 1330 191.042 91.0423
765 1235 190.727 90.7267
810 1235 190.727 90.7267
765 1330 191.042 91.0423
810 1330 191.042 91.0423
810 1140 190.411 90.4112
855 1140 100.001 0.000692532
810 1235 190.727 90.7267
855 1235 100 0.000290078
855 1140 100.001 0.000692532
900 1140 100.001 0.000692532
855 1235 100 0.000290078
900 1235 100 0.000290078
810 1235 190.727 90.7267
855 1235 100 0.000290078
810 1330 191.042 91.0423
855 1330 100 0.000431418
855 1235 100 0.000290078
900 1235 100 0.000290078
855 1330 100 0.000431418
900 1330 100 0.000431418
720 1330 191.042 91.0423
765 1330 191.042 91.0423
720 1425 191.358 91.3579
765 1425 191.358 91.3579
765 1330 191.042 91.0423
810 1330 191.042 91.0423
765 1425 191.358 91.3579
810 1425 191.358 91.3579
720 1425 191.358 91.3579
765 1425 191.358 91.3579
720 1520 191.673 91.6735
765 1520 191.673 91.6735
765 1425 191.358 91.3579
810 1425 191.358 91.3579
765 1520 191.673 91.6735
810 1520 191.673 91.6735
810 1330 191.042 91.0423
855 1330 100 0.000431418
810 1425 191.358 91.3579
855 1425 100.001 0.000998847
855 1330 100 0.000431418
900 1330 100 0.000431418
855 1425 100.001 0.000998847
900 1425 100.001 0.000998847
810 1425 191.358 91.3579
855 1425 100.001 0.000998847
810 1520 191.673 91.6735
855 1520 100 6.9167e-05
855 1425 100.001 0.000998847
900 1425 100.001 0.000998847
855 1520 100 6.9167e-05
900 1520 100 6.9167e-05
0 1520 100 0.000149448
45 1520 100 0.000149448
0 1615 100.001 0.000697429
45 1615 100.001 0.000697429
45 1520 100 0.000149448
90 1520 191.673 91.6735
45 1615 100.001 0.000697429
90 1615 191.989 91.989
0 1615 100.001 0.000697429
45 1615 100.001 0.000697429
0 1710 100.001 0.000521037
45 1710 100.001 0.000521037
45 1615 100.001 0.000697429
90 1615 191.989 91.989
45 1710 100.001 0.000521037
90 1710 192.305 92.3046
90 1520 191.673 91.6735
135 1520 191.673 91.6735
90 1615 191.989 91.989
135 1615 191.989 91.989
135 1520 191.673 91.6735
180 1520 191.673 91.6735
135 1615 191.989 91.989
180 1615 191.989 91.989
90 1615 191.989 91.989
135 1615 191.989 91.989
90 1710 192.305 92.3046
135 1710 192.305 92.3046
135 1615 191.989 91.989
180 1615 191.989 91.989
135 1710 192.305 92.3046
180 1710 192.305 92.3046
0 1710 100.001 0.000521037
45 1710 100.001 0.000521037
0 1805 100 0.000164694
45 1805 100 0.000164694
45 1710 100.001 0.000521037
90 1710 192.305 92.3046
45 1805 100 0.000164694
90 1805 192.62 92.6202
0 1805 100 0.000164694
45 1805 100 0.000164694
0 1900 100 0.000398221
45 1900 100 0.000398221
45 1805 100 0.000164694
90 1805 192.62 92.6202
45 1900 100 0.000398221
90 1900 100 0.000209844
90 1710 192.305 92.3046
135 1710 192.305 92.3046
90 1805 192.62 92.6202
135 1805 192.62 92.6202
135 1710 192.305 92.3046
180 1710 192.305 92.3046
135 1805 192.62 92.6202
180 1805 192.62 92.6202
90 1805 192.62 92.6202
135 1805 192.62 92.6202
90 1900 100 0.000209844
135 1900 100 0.000209844
135 1805 192.62 92.6202
180 1805 192.62 92.6202
135 1900 100 0.000209844
180 1900 100 0.000186193
180 1520 191.673 91.6735
225 1520 191.673 91.6735
180 1615 191.989 91.989
225 1615 191.989 91.989
225 1520 191.673 91.6735
270 1520 191.673 91.6735
225 1615 191.989 91.989
270 1615 191.989 91.989
180 1615 191.989 91.989
225 1615 191.989 91.989
180 1710 192.305 92.3046
225 1710 192.305 92.3046
225 1615 191.989 91.989
270 1615 191.989 91.989
225 1710 192.305 92.3046
270 1710 192.305 92.3046
270 1520 191.673 91.6735
315 1520 191.673 91.6735
270 1615 191.989 91.989
315 1615 191.989 91.989
315 1520 191.673 91.6735
360 1520 191.673 91.6735
315 1615 191.989 91.989
360 1615 191.989 91.989
270 1615 191.989 91.989
315 1615 191.989 91.989
270 1710 192.305 92.3046
315 1710 192.305 92.3046
315 1615 191.989 91.989
360 1615 191.989 91.989
315 1710 192.305 92.3046
360 1710 192.305 92.3046
180 1710 192.305 92.3046
225 1710 192.305 92.3046
180 1805 192.62 92.6202
225 1805 192.62 92.6202
225 1710 192.305 92.3046
270 1710 192.305 92.3046
225 1805 192.62 92.6202
270 1805 192.62 92.6202
180 1805 192.62 92.6202
225 1805 192.62 92.6202
180 1900 100 0.000186193
225 1900 100 0.000186193
225 1805 192.62 92.6202
270 1805 192.62 92.6202
225 1900 100 0.000186193
270 1900 100.001 0.000944372
270 1710 192.305 92.3046
315 1710 192.305 92.3046
270 1805 192.62 92.6202
315 1805 192.62 92.6202
315 1710 192.305 92.3046
360 1710 192.305 92.3046
315 1805 192.62 92.6202
360 1805 192.62 92.6202
270 1805 192.62 92.6202
315 1805 192.62 92.6202
270 1900 100.001 0.000944372
315 1900 100.001 0.000944372
315 1805 192.62 92.6202
360 1805 192.62 92.6202
315 1900 100.001 0.000944372
360 1900 100.001 0.000739551
360 1520 191.673 91.6735
405 1520 191.673 91.6735
360 1615 191.989 91.989
405 1615 191.989 91.989
405 1520 191.673 91.6735
450 1520 100 0
405 1615 191.989 91.989
450 1615 100 0
360 1615 191.989 91.989
405 1615 191.989 91.989
360 1710 192.305 92.3046
405 1710 192.305 92.3046
405 1615 191.989 91.989
450 1615 100 0
405 1710 192.305 92.3046
450 1710 100 0
450 1520 100 0
495 1520 191.673 91.6735
450 1615 100 0
495 1615 191.989 91.989
495 1520 191.673 91.6735
540 1520 191.673 91.6735
495 1615 191.989 91.989
540 1615 191.989 91.989
450 1615 100 0
495 1615 191.989 91.989
450 1710 100 0
495 1710 192.305 92.3046
495 1615 191.989 91.989
540 1615 191.989 91.989
495 1710 192.305 92.3046
540 1710 192.305 92.3046
360 1710 192.305 92.3046
405 1710 192.305 92.3046
360 1805 192.62 92.6202
405 1805 192.62 92.6202
405 1710 192.305 92.3046
450 1710 100 0
405 1805 192.62 92.6202
450 1805 100 0
360 1805 192.62 92.6202
405 1805 192.62 92.6202
360 1900 100.001 0.000739551
405 1900 100.001 0.000739551
405 1805 192.62 92.6202
450 1805 100 0
405 1900 100.001 0.000739551
450 1900 100 0
450 1710 100 0
495 1710 192.305 92.3046
450 1805 100 0
495 1805 192.62 92.6202
495 1710 192.305 92.3046
540 1710 192.305 92.3046
495 1805 192.62 92.6202
540 1805 192.62 92.6202
450 1805 100 0
495 1805 192.62 92.6202
450 1900 100 0
495 1900 100 0.000490459
495 1805 192.62 92.6202
540 1805 192.62 92.6202
495 1900 100 0.000490459
540 1900 100 0.000490459
540 1520 191.673 91.6735
585 1520 191.673 91.6735
540 1615 191.989 91.989
585 1615 191.989 91.989
585 1520 191.673 91.6735
630 1520 191.673 91.6735
585 1615 191.989 91.989
630 1615 191.989 91.989
540 1615 191.989 91.989
585 1615 191.989 91.989
540 1710 192.305 92.3046
585 1710 192.305 92.3046
585 1615 191.989 91.989
630 1615 191.989 91.989
585 1710 192.305 92.3046
630 1710 192.305 92.3046
630 1520 191.673 91.6735
675 1520 191.673 91.6735
630 1615 191.989 91.989
675 1615 191.989 91.989
675 1520 191.673 91.6735
720 1520 191.673 91.6735
675 1615 191.989 91.989
720 1615 191.989 91.989
630 1615 191.989 91.989
675 1615 191.989 91.989
630 1710 192.305 92.3046
675 1710 192.305 92.3046
675 1615 191.989 91.989
720 1615 191.989 91.989
675 1710 192.305 92.3046
720 1710 192.305 92.3046
540 1710 192.305 92.3046
585 1710 192.305 92.3046
540 1805 192.62 92.6202
585 1805 192.62 92.6202
585 1710 192.305 92.3046
630 1710 192.305 92.3046
585 1805 192.62 92.6202
630 1805 192.62 92.6202
540 1805 192.62 92.6202
585 1805 192.62 92.6202
540 1900 100 0.000490459
585 1900 100 0.000227415
585 1805 192.62 92.6202
630 1805 192.62 92.6202
585 1900 100 0.000227415
630 1900 100 0.000227415
630 1710 192.305 92.3046
675 1710 192.305 92.3046
630 1805 192.62 92.6202
675 1805 192.62 92.6202
675 1710 192.305 92.3046
720 1710 192.305 92.3046
675 1805 192.62 92.6202
720 1805 192.62 92.6202
630 1805 192.62 92.6202
675 1805 192.62 92.6202
630 1900 100 0.000227415
675 1900 100 0.000254356
675 1805 192.62 92.6202
720 1805 192.62 92.6202
675 1900 100 0.000254356
720 1900 100 0.000254356
720 1520 191.673 91.6735
765 1520 191.673 91.6735
720 1615 191.989 91.989
765 1615 191.989 91.989
765 1520 191.673 91.6735
810 1520 191.673 91.6735
765 1615 191.989 91.989
810 1615 191.989 91.989
720 1615 191.989 91.989
765 1615 191.989 91.989
720 1710 192.305 92.3046
765 1710 192.305 92.3046
765 1615 191.989 91.989
810 1615 191.989 91.989
765 1710 192.305 92.3046
810 1710 192.305 92.3046
810 1520 191.673 91.6735
855 1520 100 6.9167e-05
810 1615 191.989 91.989
855 1615 100 0.00017163
855 1520 100 6.9167e-05
900 1520 100 6.9167e-05
855 1615 100 0.00017163
900 1615 100 0.00017163
810 1615 191.989 91.989
855 1615 100 0.00017163
810 1710 192.305 92.3046
855 1710 100 3.18389e-05
855 1615 100 0.00017163
900 1615 100 0.00017163
855 1710 100 3.18389e-05
900 1710 100 3.18389e-05
720 1710 192.305 92.3046
765 1710 192.305 92.3046
720 1805 192.62 92.6202
765 1805 192.62 92.6202
765 1710 192.305 92.3046
810 1710 192.305 92.3046
765 1805 192.62 92.6202
810 1805 192.62 92.6202
720 1805 192.62 92.6202
765 1805 192.62 92.6202
720 1900 100 0.000254356
765 1900 100 5.80292e-05
765 1805 192.62 92.6202
810 1805 192.62 92.6202
765 1900 100 5.80292e-05
810 1900 100 5.80292e-05
810 1710 192.305 92.3046
855 1710 100 3.18389e-05
810 1805 192.62 92.6202
855 1805 100 0.000311945
855 1710 100 3.18389e-05
900 1710 100 3.18389e-05
855 1805 100 0.000311945
900 1805 100 0.000311945
810 1805 192.62 92.6202
855 1805 100 0.000311945
810 1900 100 5.80292e-05
855 1900 100 0.000434417
855 1805 100 0.000311945
900 1805 100 0.000311945
855 1900 100 0.000434417
900 1900 100 0.000434417
