# x y topography analytical topography
0 1 0 0.0351324
0.015625 1.03931 0.0393133 0.0351954
0.015625 1.03931 0.0393133 0.0351954
0.03125 1.04312 0.0431197 0.0353834
0.03125 1.04312 0.0431197 0.0353834
0.046875 1.04691 0.0469132 0.0356946
0.046875 1.04691 0.0469132 0.0356946
0.0625 1.05064 0.0506384 0.0361254
0.0625 1.05064 0.0506384 0.0361254
0.078125 1.05423 0.054234 0.0366712
0.078125 1.05423 0.054234 0.0366712
0.09375 1.05764 0.0576394 0.0373261
0.09375 1.05764 0.0576394 0.0373261
0.109375 1.0608 0.0607961 0.0380829
0.109375 1.0608 0.0607961 0.0380829
0.125 1.06365 0.0636483 0.0389337
0.125 1.06365 0.0636483 0.0389337
0.140625 1.06614 0.0661434 0.0398693
0.140625 1.06614 0.0661434 0.0398693
0.15625 1.06823 0.0682326 0.0408798
0.15625 1.06823 0.0682326 0.0408798
0.171875 1.06987 0.0698718 0.0419548
0.171875 1.06987 0.0698718 0.0419548
0.1875 1.07102 0.0710217 0.0430832
0.1875 1.07102 0.0710217 0.0430832
0.203125 1.07165 0.0716483 0.0442533
0.203125 1.07165 0.0716483 0.0442533
0.21875 1.07172 0.0717235 0.0454535
0.21875 1.07172 0.0717235 0.0454535
0.234375 1.07123 0.0712256 0.0466718
0.234375 1.07123 0.0712256 0.0466718
0.25 1.07014 0.0701391 0.0478961
0.25 1.07014 0.0701391 0.0478961
0.265625 1.06846 0.0684552 0.0491148
0.265625 1.06846 0.0684552 0.0491148
0.28125 1.06617 0.066172 0.050316
0.28125 1.06617 0.066172 0.050316
0.296875 1.06329 0.0632944 0.0514885
0.296875 1.06329 0.0632944 0.0514885
0.3125 1.05983 0.0598341 0.0526214
0.3125 1.05983 0.0598341 0.0526214
0.328125 1.05581 0.0558097 0.0537044
0.328125 1.05581 0.0558097 0.0537044
0.34375 1.05125 0.0512463 0.0547277
0.34375 1.05125 0.0512463 0.0547277
0.359375 1.04618 0.0461754 0.0556821
0.359375 1.04618 0.0461754 0.0556821
0.375 1.04063 0.0406347 0.0565593
0.375 1.04063 0.0406347 0.0565593
0.390625 1.03467 0.0346676 0.0573517
0.390625 1.03467 0.0346676 0.0573517
0.40625 1.02832 0.0283227 0.0580524
0.40625 1.02832 0.0283227 0.0580524
0.421875 1.02165 0.0216535 0.0586555
0.421875 1.02165 0.0216535 0.0586555
0.4375 1.01472 0.0147179 0.0591559
0.4375 1.01472 0.0147179 0.0591559
0.453125 1.00758 0.00757744 0.0595495
0.453125 1.00758 0.00757744 0.0595495
0.46875 1.0003 0.000296828 0.059833
0.46875 1.0003 0.000296828 0.059833
0.484375 0.992943 -0.00705666 0.060004
0.484375 0.992943 -0.00705666 0.060004
0.5 0.985586 -0.0144139 0.0600612
0.5 0.985586 -0.0144139 0.0600612
0.515625 0.985647 -0.0143534 0.060004
0.515625 0.985647 -0.0143534 0.060004
0.53125 0.985774 -0.0142262 0.059833
0.53125 0.985774 -0.0142262 0.059833
0.546875 0.985968 -0.014032 0.0595495
0.546875 0.985968 -0.014032 0.0595495
0.5625 0.98623 -0.0137697 0.0591559
0.5625 0.98623 -0.0137697 0.0591559
0.578125 0.986562 -0.0134376 0.0586555
0.578125 0.986562 -0.0134376 0.0586555
0.59375 0.986966 -0.0130339 0.0580524
0.59375 0.986966 -0.0130339 0.0580524
0.609375 0.987444 -0.0125558 0.0573517
0.609375 0.987444 -0.0125558 0.0573517
0.625 0.988 -0.0120005 0.0565593
0.625 0.988 -0.0120005 0.0565593
0.640625 0.988636 -0.0113644 0.0556821
0.640625 0.988636 -0.0113644 0.0556821
0.65625 0.989356 -0.0106439 0.0547277
0.65625 0.989356 -0.0106439 0.0547277
0.671875 0.990166 -0.00983447 0.0537044
0.671875 0.990166 -0.00983447 0.0537044
0.6875 0.991068 -0.00893172 0.0526214
0.6875 0.991068 -0.00893172 0.0526214
0.703125 0.992069 -0.00793075 0.0514885
0.703125 0.992069 -0.00793075 0.0514885
0.71875 0.993174 -0.00682647 0.050316
0.71875 0.993174 -0.00682647 0.050316
0.734375 0.994386 -0.00561363 0.0491148
0.734375 0.994386 -0.00561363 0.0491148
0.75 0.995713 -0.00428692 0.0478961
0.75 0.995713 -0.00428692 0.0478961
0.765625 0.997159 -0.002841 0.0466718
0.765625 0.997159 -0.002841 0.0466718
0.78125 0.998729 -0.00127065 0.0454535
0.78125 0.998729 -0.00127065 0.0454535
0.796875 1.00043 0.000429157 0.0442533
0.796875 1.00043 0.000429157 0.0442533
0.8125 1.00226 0.00226315 0.0430832
0.8125 1.00226 0.00226315 0.0430832
0.828125 1.00424 0.00423562 0.0419548
0.828125 1.00424 0.00423562 0.0419548
0.84375 1.00635 0.00635036 0.0408798
0.84375 1.00635 0.00635036 0.0408798
0.859375 1.00861 0.00861048 0.0398693
0.859375 1.00861 0.00861048 0.0398693
0.875 1.01102 0.0110184 0.0389337
0.875 1.01102 0.0110184 0.0389337
0.890625 1.01358 0.0135755 0.0380829
0.890625 1.01358 0.0135755 0.0380829
0.90625 1.01628 0.0162823 0.0373261
0.90625 1.01628 0.0162823 0.0373261
0.921875 1.01914 0.0191384 0.0366712
0.921875 1.01914 0.0191384 0.0366712
0.9375 1.02214 0.0221419 0.0361254
0.9375 1.02214 0.0221419 0.0361254
0.953125 1.02529 0.02529 0.0356946
0.953125 1.02529 0.02529 0.0356946
0.96875 1.02858 0.0285784 0.0353834
0.96875 1.02858 0.0285784 0.0353834
0.984375 1.032 0.0320036 0.0351954
0.984375 1.032 0.0320036 0.0351954
1 1 0 0.0351324
