# x y topography analytical topography
0 1 0 0.0231859
0.015625 1.02794 0.0279354 0.0233337
0.015625 1.02794 0.0279354 0.0233337
0.03125 1.03188 0.0318764 0.0237743
0.03125 1.03188 0.0318764 0.0237743
0.046875 1.03596 0.0359556 0.0244993
0.046875 1.03596 0.0359556 0.0244993
0.0625 1.04012 0.0401197 0.0254948
0.0625 1.04012 0.0401197 0.0254948
0.078125 1.0443 0.0442971 0.0267424
0.078125 1.0443 0.0442971 0.0267424
0.09375 1.04841 0.0484132 0.0282194
0.09375 1.04841 0.0484132 0.0282194
0.109375 1.05239 0.0523926 0.0299001
0.109375 1.05239 0.0523926 0.0299001
0.125 1.05616 0.0561607 0.0317562
0.125 1.05616 0.0561607 0.0317562
0.140625 1.05965 0.0596453 0.0337581
0.140625 1.05965 0.0596453 0.0337581
0.15625 1.06278 0.0627776 0.0358754
0.15625 1.06278 0.0627776 0.0358754
0.171875 1.06549 0.0654934 0.038078
0.171875 1.06549 0.0654934 0.038078
0.1875 1.06773 0.0677349 0.0403366
0.1875 1.06773 0.0677349 0.0403366
0.203125 1.06945 0.0694507 0.0426234
0.203125 1.06945 0.0694507 0.0426234
0.21875 1.0706 0.0705975 0.0449122
0.21875 1.0706 0.0705975 0.0449122
0.234375 1.07114 0.0711401 0.0471792
0.234375 1.07114 0.0711401 0.0471792
0.25 1.07105 0.071052 0.0494026
0.25 1.07105 0.071052 0.0494026
0.265625 1.07032 0.0703155 0.0515632
0.265625 1.07032 0.0703155 0.0515632
0.28125 1.06892 0.0689221 0.053644
0.28125 1.06892 0.0689221 0.053644
0.296875 1.06687 0.0668718 0.05563
0.296875 1.06687 0.0668718 0.05563
0.3125 1.06417 0.0641735 0.0575085
0.3125 1.06417 0.0641735 0.0575085
0.328125 1.06084 0.0608441 0.0592684
0.328125 1.06084 0.0608441 0.0592684
0.34375 1.05691 0.0569085 0.0609005
0.34375 1.05691 0.0569085 0.0609005
0.359375 1.0524 0.0523988 0.0623969
0.359375 1.0524 0.0523988 0.0623969
0.375 1.04735 0.047354 0.0637509
0.375 1.04735 0.047354 0.0637509
0.390625 1.04182 0.0418192 0.064957
0.390625 1.04182 0.0418192 0.064957
0.40625 1.03585 0.0358451 0.0660106
0.40625 1.03585 0.0358451 0.0660106
0.421875 1.02949 0.0294873 0.066908
0.421875 1.02949 0.0294873 0.066908
0.4375 1.02281 0.0228056 0.067646
0.4375 1.02281 0.0228056 0.067646
0.453125 1.01586 0.0158633 0.0682225
0.453125 1.01586 0.0158633 0.0682225
0.46875 1.00873 0.00872678 0.0686355
0.46875 1.00873 0.00872678 0.0686355
0.484375 1.00146 0.00146441 0.0688838
0.484375 1.00146 0.00146441 0.0688838
0.5 0.994146 -0.00585395 0.0689666
0.5 0.994146 -0.00585395 0.0689666
0.515625 0.994194 -0.00580637 0.0688838
0.515625 0.994194 -0.00580637 0.0688838
0.53125 0.994256 -0.00574422 0.0686355
0.53125 0.994256 -0.00574422 0.0686355
0.546875 0.994332 -0.00566752 0.0682225
0.546875 0.994332 -0.00566752 0.0682225
0.5625 0.994424 -0.00557618 0.067646
0.5625 0.994424 -0.00557618 0.067646
0.578125 0.99453 -0.00547001 0.066908
0.578125 0.99453 -0.00547001 0.066908
0.59375 0.994651 -0.00534863 0.0660106
0.59375 0.994651 -0.00534863 0.0660106
0.609375 0.994789 -0.00521142 0.064957
0.609375 0.994789 -0.00521142 0.064957
0.625 0.994943 -0.00505744 0.0637509
0.625 0.994943 -0.00505744 0.0637509
0.640625 0.995115 -0.00488531 0.0623969
0.640625 0.995115 -0.00488531 0.0623969
0.65625 0.995307 -0.00469308 0.0609005
0.65625 0.995307 -0.00469308 0.0609005
0.671875 0.995522 -0.00447809 0.0592684
0.671875 0.995522 -0.00447809 0.0592684
0.6875 0.995763 -0.00423675 0.0575085
0.6875 0.995763 -0.00423675 0.0575085
0.703125 0.996036 -0.00396441 0.05563
0.703125 0.996036 -0.00396441 0.05563
0.71875 0.996345 -0.00365509 0.053644
0.71875 0.996345 -0.00365509 0.053644
0.734375 0.996699 -0.00330132 0.0515632
0.734375 0.996699 -0.00330132 0.0515632
0.75 0.997106 -0.00289393 0.0494026
0.75 0.997106 -0.00289393 0.0494026
0.765625 0.997578 -0.00242189 0.0471792
0.765625 0.997578 -0.00242189 0.0471792
0.78125 0.998128 -0.00187223 0.0449122
0.78125 0.998128 -0.00187223 0.0449122
0.796875 0.99877 -0.00122997 0.0426234
0.796875 0.99877 -0.00122997 0.0426234
0.8125 0.999522 -0.000478187 0.0403366
0.8125 0.999522 -0.000478187 0.0403366
0.828125 1.0004 0.000401798 0.038078
0.828125 1.0004 0.000401798 0.038078
0.84375 1.00143 0.00143014 0.0358754
0.84375 1.00143 0.00143014 0.0358754
0.859375 1.00263 0.00262804 0.0337581
0.859375 1.00263 0.00262804 0.0337581
0.875 1.00402 0.00401718 0.0317562
0.875 1.00402 0.00401718 0.0317562
0.890625 1.00562 0.00561907 0.0299001
0.890625 1.00562 0.00561907 0.0299001
0.90625 1.00745 0.00745426 0.0282194
0.90625 1.00745 0.00745426 0.0282194
0.921875 1.00954 0.0095415 0.0267424
0.921875 1.00954 0.0095415 0.0267424
0.9375 1.0119 0.0118969 0.0254948
0.9375 1.0119 0.0118969 0.0254948
0.953125 1.01453 0.0145332 0.0244993
0.953125 1.01453 0.0145332 0.0244993
0.96875 1.01746 0.0174591 0.0237743
0.96875 1.01746 0.0174591 0.0237743
0.984375 1.02068 0.0206827 0.0233337
0.984375 1.02068 0.0206827 0.0233337
1 1 0 0.0231859
