# x y topography analytical topography
0 1 0 0.034537
0.015625 1.03875 0.03875 0.0346032
0.015625 1.03875 0.03875 0.0346032
0.03125 1.04256 0.0425615 0.0348011
0.03125 1.04256 0.0425615 0.0348011
0.046875 1.04637 0.0463662 0.0351285
0.046875 1.04637 0.0463662 0.0351285
0.0625 1.05011 0.0501086 0.0355818
0.0625 1.05011 0.0501086 0.0355818
0.078125 1.05373 0.0537273 0.0361558
0.078125 1.05373 0.0537273 0.0361558
0.09375 1.05716 0.0571614 0.0368443
0.09375 1.05716 0.0571614 0.0368443
0.109375 1.06035 0.0603519 0.0376398
0.109375 1.06035 0.0603519 0.0376398
0.125 1.06324 0.0632425 0.0385336
0.125 1.06324 0.0632425 0.0385336
0.140625 1.06578 0.0657802 0.0395161
0.140625 1.06578 0.0657802 0.0395161
0.15625 1.06792 0.0679155 0.0405768
0.15625 1.06792 0.0679155 0.0405768
0.171875 1.0696 0.0696038 0.0417044
0.171875 1.0696 0.0696038 0.0417044
0.1875 1.0708 0.0708049 0.0428874
0.1875 1.0708 0.0708049 0.0428874
0.203125 1.07148 0.0714845 0.0441134
0.203125 1.07148 0.0714845 0.0441134
0.21875 1.07161 0.0716138 0.0453701
0.21875 1.07161 0.0716138 0.0453701
0.234375 1.07117 0.0711703 0.0466449
0.234375 1.07117 0.0711703 0.0466449
0.25 1.07014 0.070138 0.0479252
0.25 1.07014 0.070138 0.0479252
0.265625 1.06851 0.0685076 0.0491987
0.265625 1.06851 0.0685076 0.0491987
0.28125 1.06628 0.0662766 0.0504531
0.28125 1.06628 0.0662766 0.0504531
0.296875 1.06345 0.0634494 0.0516768
0.296875 1.06345 0.0634494 0.0516768
0.3125 1.06004 0.0600374 0.0528584
0.3125 1.06004 0.0600374 0.0528584
0.328125 1.05606 0.0560586 0.0539871
0.328125 1.05606 0.0560586 0.0539871
0.34375 1.05154 0.0515379 0.055053
0.34375 1.05154 0.0515379 0.055053
0.359375 1.04651 0.0465065 0.0560466
0.359375 1.04651 0.0465065 0.0560466
0.375 1.041 0.0410018 0.0569593
0.375 1.041 0.0410018 0.0569593
0.390625 1.03507 0.035067 0.0577834
0.390625 1.03507 0.035067 0.0577834
0.40625 1.02875 0.0287505 0.0585118
0.40625 1.02875 0.0287505 0.0585118
0.421875 1.02211 0.0221058 0.0591385
0.421875 1.02211 0.0221058 0.0591385
0.4375 1.01519 0.0151905 0.0596584
0.4375 1.01519 0.0151905 0.0596584
0.453125 1.00807 0.00806617 0.0600672
0.453125 1.00807 0.00806617 0.0600672
0.46875 1.0008 0.000797441 0.0603615
0.46875 1.0008 0.000797441 0.0603615
0.484375 0.993452 -0.00654847 0.0605391
0.484375 0.993452 -0.00654847 0.0605391
0.5 0.986098 -0.0139025 0.0605984
0.5 0.986098 -0.0139025 0.0605984
0.515625 0.986157 -0.013843 0.0605391
0.515625 0.986157 -0.013843 0.0605391
0.53125 0.986279 -0.0137213 0.0603615
0.53125 0.986279 -0.0137213 0.0603615
0.546875 0.986463 -0.0135368 0.0600672
0.546875 0.986463 -0.0135368 0.0600672
0.5625 0.986712 -0.0132885 0.0596584
0.5625 0.986712 -0.0132885 0.0596584
0.578125 0.987025 -0.0129747 0.0591385
0.578125 0.987025 -0.0129747 0.0591385
0.59375 0.987407 -0.0125933 0.0585118
0.59375 0.987407 -0.0125933 0.0585118
0.609375 0.987858 -0.0121417 0.0577834
0.609375 0.987858 -0.0121417 0.0577834
0.625 0.988383 -0.0116168 0.0569593
0.625 0.988383 -0.0116168 0.0569593
0.640625 0.988985 -0.0110149 0.0560466
0.640625 0.988985 -0.0110149 0.0560466
0.65625 0.989668 -0.0103321 0.055053
0.65625 0.989668 -0.0103321 0.055053
0.671875 0.990436 -0.00956384 0.0539871
0.671875 0.990436 -0.00956384 0.0539871
0.6875 0.991295 -0.00870531 0.0528584
0.6875 0.991295 -0.00870531 0.0528584
0.703125 0.992249 -0.00775132 0.0516768
0.703125 0.992249 -0.00775132 0.0516768
0.71875 0.993304 -0.00669642 0.0504531
0.71875 0.993304 -0.00669642 0.0504531
0.734375 0.994465 -0.00553496 0.0491987
0.734375 0.994465 -0.00553496 0.0491987
0.75 0.995739 -0.00426115 0.0479252
0.75 0.995739 -0.00426115 0.0479252
0.765625 0.997131 -0.00286915 0.0466449
0.765625 0.997131 -0.00286915 0.0466449
0.78125 0.998647 -0.0013532 0.0453701
0.78125 0.998647 -0.0013532 0.0453701
0.796875 1.00029 0.000292311 0.0441134
0.796875 1.00029 0.000292311 0.0441134
0.8125 1.00207 0.00207272 0.0428874
0.8125 1.00207 0.00207272 0.0428874
0.828125 1.00399 0.00399295 0.0417044
0.828125 1.00399 0.00399295 0.0417044
0.84375 1.00606 0.00605743 0.0405768
0.84375 1.00606 0.00605743 0.0405768
0.859375 1.00827 0.0082699 0.0395161
0.859375 1.00827 0.0082699 0.0395161
0.875 1.01063 0.0106334 0.0385336
0.875 1.01063 0.0106334 0.0385336
0.890625 1.01315 0.0131499 0.0376398
0.890625 1.01315 0.0131499 0.0376398
0.90625 1.01582 0.0158206 0.0368443
0.90625 1.01582 0.0158206 0.0368443
0.921875 1.01865 0.0186453 0.0361558
0.921875 1.01865 0.0186453 0.0361558
0.9375 1.02162 0.0216229 0.0355818
0.9375 1.02162 0.0216229 0.0355818
0.953125 1.02475 0.0247508 0.0351285
0.953125 1.02475 0.0247508 0.0351285
0.96875 1.02803 0.0280251 0.0348011
0.96875 1.02803 0.0280251 0.0348011
0.984375 1.03144 0.0314425 0.0346032
0.984375 1.03144 0.0314425 0.0346032
1 1 0 0.034537
