# x y topography analytical topography
0 1 0 0.0214188
0.015625 1.02624 0.0262427 0.0215849
0.015625 1.02624 0.0262427 0.0215849
0.03125 1.03021 0.0302128 0.0220796
0.03125 1.03021 0.0302128 0.0220796
0.046875 1.03435 0.034353 0.0228921
0.046875 1.03435 0.034353 0.0228921
0.0625 1.03861 0.0386097 0.024005
0.0625 1.03861 0.0386097 0.024005
0.078125 1.04291 0.0429073 0.0253948
0.078125 1.04291 0.0429073 0.0253948
0.09375 1.04717 0.0471665 0.0270335
0.09375 1.04717 0.0471665 0.0270335
0.109375 1.05131 0.0513063 0.0288893
0.109375 1.05131 0.0513063 0.0288893
0.125 1.05525 0.0552464 0.0309281
0.125 1.05525 0.0552464 0.0309281
0.140625 1.05891 0.0589088 0.0331146
0.140625 1.05891 0.0589088 0.0331146
0.15625 1.06222 0.0622194 0.0354135
0.15625 1.06222 0.0622194 0.0354135
0.171875 1.06511 0.0651094 0.0377904
0.171875 1.06511 0.0651094 0.0377904
0.1875 1.06752 0.0675171 0.0402129
0.1875 1.06752 0.0675171 0.0402129
0.203125 1.06939 0.0693882 0.0426507
0.203125 1.06939 0.0693882 0.0426507
0.21875 1.07068 0.0706773 0.0450763
0.21875 1.07068 0.0706773 0.0450763
0.234375 1.07135 0.0713482 0.0474654
0.234375 1.07135 0.0713482 0.0474654
0.25 1.07137 0.0713739 0.0497962
0.25 1.07137 0.0713739 0.0497962
0.265625 1.07074 0.0707371 0.0520502
0.265625 1.07074 0.0707371 0.0520502
0.28125 1.06943 0.06943 0.0542113
0.28125 1.06943 0.06943 0.0542113
0.296875 1.06745 0.0674536 0.0562659
0.296875 1.06745 0.0674536 0.0562659
0.3125 1.06482 0.0648181 0.0582026
0.3125 1.06482 0.0648181 0.0582026
0.328125 1.06154 0.0615417 0.0600116
0.328125 1.06154 0.0615417 0.0600116
0.34375 1.05765 0.0576505 0.0616849
0.34375 1.05765 0.0576505 0.0616849
0.359375 1.05318 0.053178 0.0632158
0.359375 1.05318 0.053178 0.0632158
0.375 1.04816 0.0481641 0.0645986
0.375 1.04816 0.0481641 0.0645986
0.390625 1.04265 0.0426549 0.0658285
0.390625 1.04265 0.0426549 0.0658285
0.40625 1.0367 0.0367017 0.0669017
0.40625 1.0367 0.0367017 0.0669017
0.421875 1.03036 0.0303608 0.0678149
0.421875 1.03036 0.0303608 0.0678149
0.4375 1.02369 0.0236925 0.0685655
0.4375 1.02369 0.0236925 0.0685655
0.453125 1.01676 0.0167605 0.0691515
0.453125 1.01676 0.0167605 0.0691515
0.46875 1.00963 0.00963126 0.0695711
0.46875 1.00963 0.00963126 0.0695711
0.484375 1.00237 0.00237346 0.0698233
0.484375 1.00237 0.00237346 0.0698233
0.5 0.995057 -0.00494295 0.0699074
0.5 0.995057 -0.00494295 0.0699074
0.515625 0.995104 -0.00489602 0.0698233
0.515625 0.995104 -0.00489602 0.0698233
0.53125 0.995163 -0.00483713 0.0695711
0.53125 0.995163 -0.00483713 0.0695711
0.546875 0.995234 -0.00476636 0.0691515
0.546875 0.995234 -0.00476636 0.0691515
0.5625 0.995316 -0.00468379 0.0685655
0.5625 0.995316 -0.00468379 0.0685655
0.578125 0.995411 -0.0045894 0.0678149
0.578125 0.995411 -0.0045894 0.0678149
0.59375 0.995517 -0.00448314 0.0669017
0.59375 0.995517 -0.00448314 0.0669017
0.609375 0.995635 -0.0043648 0.0658285
0.609375 0.995635 -0.0043648 0.0658285
0.625 0.995766 -0.00423397 0.0645986
0.625 0.995766 -0.00423397 0.0645986
0.640625 0.99591 -0.00408995 0.0632158
0.640625 0.99591 -0.00408995 0.0632158
0.65625 0.996068 -0.00393162 0.0616849
0.65625 0.996068 -0.00393162 0.0616849
0.671875 0.996243 -0.00375731 0.0600116
0.671875 0.996243 -0.00375731 0.0600116
0.6875 0.996435 -0.00356456 0.0582026
0.6875 0.996435 -0.00356456 0.0582026
0.703125 0.99665 -0.00334997 0.0562659
0.703125 0.99665 -0.00334997 0.0562659
0.71875 0.996891 -0.00310886 0.0542113
0.71875 0.996891 -0.00310886 0.0542113
0.734375 0.997165 -0.00283505 0.0520502
0.734375 0.997165 -0.00283505 0.0520502
0.75 0.997479 -0.00252054 0.0497962
0.75 0.997479 -0.00252054 0.0497962
0.765625 0.997845 -0.00215522 0.0474654
0.765625 0.997845 -0.00215522 0.0474654
0.78125 0.998273 -0.00172664 0.0450763
0.78125 0.998273 -0.00172664 0.0450763
0.796875 0.99878 -0.00121978 0.0426507
0.796875 0.99878 -0.00121978 0.0426507
0.8125 0.999383 -0.000616984 0.0402129
0.8125 0.999383 -0.000616984 0.0402129
0.828125 1.0001 0.000101973 0.0377904
0.828125 1.0001 0.000101973 0.0377904
0.84375 1.00096 0.000959714 0.0354135
0.84375 1.00096 0.000959714 0.0354135
0.859375 1.00198 0.00198083 0.0331146
0.859375 1.00198 0.00198083 0.0331146
0.875 1.00319 0.00319129 0.0309281
0.875 1.00319 0.00319129 0.0309281
0.890625 1.00462 0.0046176 0.0288893
0.890625 1.00462 0.0046176 0.0288893
0.90625 1.00629 0.00628586 0.0270335
0.90625 1.00629 0.00628586 0.0270335
0.921875 1.00822 0.00822063 0.0253948
0.921875 1.00822 0.00822063 0.0253948
0.9375 1.01044 0.0104437 0.024005
0.9375 1.01044 0.0104437 0.024005
0.953125 1.01297 0.0129731 0.0228921
0.953125 1.01297 0.0129731 0.0228921
0.96875 1.01582 0.015822 0.0220796
0.96875 1.01582 0.015822 0.0220796
0.984375 1.019 0.0190023 0.0215849
0.984375 1.019 0.0190023 0.0215849
1 1 0 0.0214188
