# x y topography analytical topography
0 1 0 0.018817
0.015625 1.02375 0.0237472 0.0190152
0.015625 1.02375 0.0237472 0.0190152
0.03125 1.02777 0.0277682 0.0196044
0.03125 1.02777 0.0277682 0.0196044
0.046875 1.03201 0.0320149 0.0205686
0.046875 1.03201 0.0320149 0.0205686
0.0625 1.03643 0.0364313 0.0218822
0.0625 1.03643 0.0364313 0.0218822
0.078125 1.04093 0.040934 0.0235117
0.078125 1.04093 0.040934 0.0235117
0.09375 1.04543 0.045433 0.0254175
0.09375 1.04543 0.045433 0.0254175
0.109375 1.04984 0.0498363 0.027556
0.109375 1.04984 0.0498363 0.027556
0.125 1.05405 0.0540522 0.0298819
0.125 1.05405 0.0540522 0.0298819
0.140625 1.05799 0.0579919 0.03235
0.140625 1.05799 0.0579919 0.03235
0.15625 1.06157 0.0615722 0.0349169
0.15625 1.06157 0.0615722 0.0349169
0.171875 1.06472 0.064717 0.0375421
0.171875 1.06472 0.064717 0.0375421
0.1875 1.06736 0.067359 0.0401893
0.1875 1.06736 0.067359 0.0401893
0.203125 1.06944 0.0694409 0.0428264
0.203125 1.06944 0.0694409 0.0428264
0.21875 1.07092 0.0709159 0.0454255
0.21875 1.07092 0.0709159 0.0454255
0.234375 1.07175 0.0717477 0.0479634
0.234375 1.07175 0.0717477 0.0479634
0.25 1.07191 0.0719108 0.0504203
0.25 1.07191 0.0719108 0.0504203
0.265625 1.07139 0.0713899 0.0527802
0.265625 1.07139 0.0713899 0.0527802
0.28125 1.07018 0.0701796 0.0550297
0.28125 1.07018 0.0701796 0.0550297
0.296875 1.06828 0.0682839 0.0571579
0.296875 1.06828 0.0682839 0.0571579
0.3125 1.06572 0.0657152 0.0591559
0.3125 1.06572 0.0657152 0.0591559
0.328125 1.06249 0.0624943 0.0610162
0.328125 1.06249 0.0624943 0.0610162
0.34375 1.05865 0.0586494 0.0627325
0.34375 1.05865 0.0586494 0.0627325
0.359375 1.05422 0.0542154 0.0642995
0.359375 1.05422 0.0542154 0.0642995
0.375 1.04923 0.0492337 0.0657127
0.375 1.04923 0.0492337 0.0657127
0.390625 1.04375 0.0437513 0.0669683
0.390625 1.04375 0.0437513 0.0669683
0.40625 1.03782 0.0378205 0.0680629
0.40625 1.03782 0.0378205 0.0680629
0.421875 1.0315 0.031498 0.0689937
0.421875 1.0315 0.031498 0.0689937
0.4375 1.02484 0.0248445 0.0697585
0.4375 1.02484 0.0248445 0.0697585
0.453125 1.01792 0.0179239 0.0703552
0.453125 1.01792 0.0179239 0.0703552
0.46875 1.0108 0.010803 0.0707826
0.46875 1.0108 0.010803 0.0707826
0.484375 1.00355 0.00355048 0.0710394
0.484375 1.00355 0.00355048 0.0710394
0.5 0.996236 -0.0037637 0.071125
0.5 0.996236 -0.0037637 0.071125
0.515625 0.996282 -0.00371751 0.0710394
0.515625 0.996282 -0.00371751 0.0710394
0.53125 0.996338 -0.00366236 0.0707826
0.53125 0.996338 -0.00366236 0.0707826
0.546875 0.996402 -0.00359837 0.0703552
0.546875 0.996402 -0.00359837 0.0703552
0.5625 0.996474 -0.00352567 0.0697585
0.5625 0.996474 -0.00352567 0.0697585
0.578125 0.996556 -0.00344441 0.0689937
0.578125 0.996556 -0.00344441 0.0689937
0.59375 0.996645 -0.00335471 0.0680629
0.59375 0.996645 -0.00335471 0.0680629
0.609375 0.996743 -0.00325671 0.0669683
0.609375 0.996743 -0.00325671 0.0669683
0.625 0.99685 -0.00315044 0.0657127
0.625 0.99685 -0.00315044 0.0657127
0.640625 0.996964 -0.00303586 0.0642995
0.640625 0.996964 -0.00303586 0.0642995
0.65625 0.997087 -0.00291275 0.0627325
0.65625 0.997087 -0.00291275 0.0627325
0.671875 0.997219 -0.0027806 0.0610162
0.671875 0.997219 -0.0027806 0.0610162
0.6875 0.997362 -0.00263847 0.0591559
0.6875 0.997362 -0.00263847 0.0591559
0.703125 0.997515 -0.00248481 0.0571579
0.703125 0.997515 -0.00248481 0.0571579
0.71875 0.997683 -0.00231714 0.0550297
0.71875 0.997683 -0.00231714 0.0550297
0.734375 0.997868 -0.00213176 0.0527802
0.734375 0.997868 -0.00213176 0.0527802
0.75 0.998077 -0.00192332 0.0504203
0.75 0.998077 -0.00192332 0.0504203
0.765625 0.998316 -0.00168434 0.0479634
0.765625 0.998316 -0.00168434 0.0479634
0.78125 0.998595 -0.0014047 0.0454255
0.78125 0.998595 -0.0014047 0.0454255
0.796875 0.998929 -0.00107114 0.0428264
0.796875 0.998929 -0.00107114 0.0428264
0.8125 0.999333 -0.000666755 0.0401893
0.8125 0.999333 -0.000666755 0.0401893
0.828125 0.999829 -0.000170716 0.0375421
0.828125 0.999829 -0.000170716 0.0375421
0.84375 1.00044 0.000441916 0.0349169
0.84375 1.00044 0.000441916 0.0349169
0.859375 1.0012 0.00120002 0.03235
0.859375 1.0012 0.00120002 0.03235
0.875 1.00214 0.00213591 0.0298819
0.875 1.00214 0.00213591 0.0298819
0.890625 1.00328 0.00328444 0.027556
0.890625 1.00328 0.00328444 0.027556
0.90625 1.00468 0.00468171 0.0254175
0.90625 1.00468 0.00468171 0.0254175
0.921875 1.00636 0.00636336 0.0235117
0.921875 1.00636 0.00636336 0.0235117
0.9375 1.00836 0.00836267 0.0218822
0.9375 1.00836 0.00836267 0.0218822
0.953125 1.01071 0.0107085 0.0205686
0.953125 1.01071 0.0107085 0.0205686
0.96875 1.01342 0.0134237 0.0196044
0.96875 1.01342 0.0134237 0.0196044
0.984375 1.01653 0.0165284 0.0190152
0.984375 1.01653 0.0165284 0.0190152
1 1 0 0.018817
