# x y topography analytical topography
0 1 0 0.012086
0.015625 1.01728 0.0172773 0.0124217
0.015625 1.01728 0.0172773 0.0124217
0.03125 1.02152 0.0215156 0.0134084
0.03125 1.02152 0.0215156 0.0134084
0.046875 1.02621 0.0262054 0.014988
0.046875 1.02621 0.0262054 0.014988
0.0625 1.03126 0.0312604 0.0170737
0.0625 1.03126 0.0312604 0.0170737
0.078125 1.03654 0.0365364 0.0195628
0.078125 1.03654 0.0365364 0.0195628
0.09375 1.04188 0.0418766 0.0223486
0.09375 1.04188 0.0418766 0.0223486
0.109375 1.04713 0.0471263 0.0253322
0.109375 1.04713 0.0471263 0.0253322
0.125 1.05214 0.0521439 0.0284286
0.125 1.05214 0.0521439 0.0284286
0.140625 1.05681 0.0568065 0.0315699
0.140625 1.05681 0.0568065 0.0315699
0.15625 1.06101 0.0610124 0.0347051
0.15625 1.06101 0.0610124 0.0347051
0.171875 1.06468 0.0646814 0.0377973
0.171875 1.06468 0.0646814 0.0377973
0.1875 1.06775 0.0677515 0.040821
0.1875 1.06775 0.0677515 0.040821
0.203125 1.07018 0.070177 0.0437579
0.203125 1.07018 0.070177 0.0437579
0.21875 1.07192 0.0719247 0.0465952
0.21875 1.07192 0.0719247 0.0465952
0.234375 1.07297 0.0729727 0.0493228
0.234375 1.07297 0.0729727 0.0493228
0.25 1.07331 0.0733079 0.0519328
0.25 1.07331 0.0733079 0.0519328
0.265625 1.07293 0.072926 0.0544181
0.265625 1.07293 0.072926 0.0544181
0.28125 1.07183 0.0718296 0.0567726
0.28125 1.07183 0.0718296 0.0567726
0.296875 1.07003 0.0700292 0.0589903
0.296875 1.07003 0.0700292 0.0589903
0.3125 1.06754 0.0675419 0.061066
0.3125 1.06754 0.0675419 0.061066
0.328125 1.06439 0.0643915 0.0629945
0.328125 1.06439 0.0643915 0.0629945
0.34375 1.06061 0.0606083 0.0647713
0.34375 1.06061 0.0606083 0.0647713
0.359375 1.05623 0.0562287 0.0663921
0.359375 1.05623 0.0562287 0.0663921
0.375 1.0513 0.051295 0.0678529
0.375 1.0513 0.051295 0.0678529
0.390625 1.04585 0.0458548 0.0691502
0.390625 1.04585 0.0458548 0.0691502
0.40625 1.03996 0.0399605 0.070281
0.40625 1.03996 0.0399605 0.070281
0.421875 1.03367 0.0336691 0.0712424
0.421875 1.03367 0.0336691 0.0712424
0.4375 1.02704 0.0270412 0.0720322
0.4375 1.02704 0.0270412 0.0720322
0.453125 1.02014 0.0201409 0.0726485
0.453125 1.02014 0.0201409 0.0726485
0.46875 1.01303 0.0130349 0.0730898
0.46875 1.01303 0.0130349 0.0730898
0.484375 1.00579 0.00579179 0.0733549
0.484375 1.00579 0.00579179 0.0733549
0.5 0.998482 -0.00151835 0.0734434
0.5 0.998482 -0.00151835 0.0734434
0.515625 0.998526 -0.00147354 0.0733549
0.515625 0.998526 -0.00147354 0.0733549
0.53125 0.998575 -0.00142518 0.0730898
0.53125 0.998575 -0.00142518 0.0730898
0.546875 0.998627 -0.00137339 0.0726485
0.546875 0.998627 -0.00137339 0.0726485
0.5625 0.998682 -0.00131829 0.0720322
0.5625 0.998682 -0.00131829 0.0720322
0.578125 0.99874 -0.00126002 0.0712424
0.578125 0.99874 -0.00126002 0.0712424
0.59375 0.998801 -0.0011987 0.070281
0.59375 0.998801 -0.0011987 0.070281
0.609375 0.998865 -0.00113451 0.0691502
0.609375 0.998865 -0.00113451 0.0691502
0.625 0.998932 -0.00106757 0.0678529
0.625 0.998932 -0.00106757 0.0678529
0.640625 0.999002 -0.000998071 0.0663921
0.640625 0.999002 -0.000998071 0.0663921
0.65625 0.999074 -0.000926163 0.0647713
0.65625 0.999074 -0.000926163 0.0647713
0.671875 0.999148 -0.000852022 0.0629945
0.671875 0.999148 -0.000852022 0.0629945
0.6875 0.999224 -0.000775826 0.061066
0.6875 0.999224 -0.000775826 0.061066
0.703125 0.999302 -0.000697751 0.0589903
0.703125 0.999302 -0.000697751 0.0589903
0.71875 0.999382 -0.000617964 0.0567726
0.71875 0.999382 -0.000617964 0.0567726
0.734375 0.999463 -0.0005366 0.0544181
0.734375 0.999463 -0.0005366 0.0544181
0.75 0.999546 -0.000453709 0.0519328
0.75 0.999546 -0.000453709 0.0519328
0.765625 0.999631 -0.00036913 0.0493228
0.765625 0.999631 -0.00036913 0.0493228
0.78125 0.999718 -0.000282243 0.0465952
0.78125 0.999718 -0.000282243 0.0465952
0.796875 0.999809 -0.000191482 0.0437579
0.796875 0.999809 -0.000191482 0.0437579
0.8125 0.999907 -9.3476e-05 0.040821
0.8125 0.999907 -9.3476e-05 0.040821
0.828125 1.00002 1.83621e-05 0.0377973
0.828125 1.00002 1.83621e-05 0.0377973
0.84375 1.00016 0.000155922 0.0347051
0.84375 1.00016 0.000155922 0.0347051
0.859375 1.00034 0.000339184 0.0315699
0.859375 1.00034 0.000339184 0.0315699
0.875 1.0006 0.000599456 0.0284286
0.875 1.0006 0.000599456 0.0284286
0.890625 1.00098 0.000982466 0.0253322
0.890625 1.00098 0.000982466 0.0253322
0.90625 1.00155 0.00155031 0.0223486
0.90625 1.00155 0.00155031 0.0223486
0.921875 1.00238 0.00238105 0.0195628
0.921875 1.00238 0.00238105 0.0195628
0.9375 1.00356 0.00356492 0.0170737
0.9375 1.00356 0.00356492 0.0170737
0.953125 1.0052 0.00519671 0.014988
0.953125 1.0052 0.00519671 0.014988
0.96875 1.00737 0.00736544 0.0134084
0.96875 1.00737 0.00736544 0.0134084
0.984375 1.01015 0.0101508 0.0124217
0.984375 1.01015 0.0101508 0.0124217
1 1 0 0.012086
