# x y topography analytical topography
0 1 0 0.0224081
0.015625 1.02719 0.0271906 0.0225637
0.015625 1.02719 0.0271906 0.0225637
0.03125 1.03114 0.031144 0.0230273
0.03125 1.03114 0.031144 0.0230273
0.046875 1.03525 0.0352491 0.0237895
0.046875 1.03525 0.0352491 0.0237895
0.0625 1.03945 0.0394526 0.024835
0.0625 1.03945 0.0394526 0.024835
0.078125 1.04368 0.0436813 0.0261434
0.078125 1.04368 0.0436813 0.0261434
0.09375 1.04786 0.0478586 0.0276898
0.09375 1.04786 0.0478586 0.0276898
0.109375 1.05191 0.0519068 0.0294459
0.109375 1.05191 0.0519068 0.0294459
0.125 1.05575 0.0557492 0.0313812
0.125 1.05575 0.0557492 0.0313812
0.140625 1.05931 0.0593109 0.0334635
0.140625 1.05931 0.0593109 0.0334635
0.15625 1.06252 0.062521 0.0356604
0.15625 1.06252 0.062521 0.0356604
0.171875 1.06531 0.0653134 0.03794
0.171875 1.06531 0.0653134 0.03794
0.1875 1.06763 0.0676283 0.0402714
0.1875 1.06763 0.0676283 0.0402714
0.203125 1.06941 0.0694133 0.0426259
0.203125 1.06941 0.0694133 0.0426259
0.21875 1.07062 0.070624 0.0449765
0.21875 1.07062 0.070624 0.0449765
0.234375 1.07122 0.0712247 0.047299
0.234375 1.07122 0.0712247 0.047299
0.25 1.07119 0.0711885 0.0495717
0.25 1.07119 0.0711885 0.0495717
0.265625 1.0705 0.0704978 0.0517755
0.265625 1.0705 0.0704978 0.0517755
0.28125 1.06914 0.0691443 0.0538936
0.28125 1.06914 0.0691443 0.0538936
0.296875 1.06713 0.0671285 0.0559117
0.296875 1.06713 0.0671285 0.0559117
0.3125 1.06446 0.0644596 0.0578176
0.3125 1.06446 0.0644596 0.0578176
0.328125 1.06116 0.0611552 0.0596007
0.328125 1.06116 0.0611552 0.0596007
0.34375 1.05724 0.0572407 0.0612524
0.34375 1.05724 0.0572407 0.0612524
0.359375 1.05275 0.0527486 0.0627651
0.359375 1.05275 0.0527486 0.0627651
0.375 1.04772 0.0477185 0.0641328
0.375 1.04772 0.0477185 0.0641328
0.390625 1.0422 0.0421959 0.0653502
0.390625 1.0422 0.0421959 0.0653502
0.40625 1.03623 0.0362317 0.066413
0.40625 1.03623 0.0362317 0.066413
0.421875 1.02988 0.0298819 0.0673179
0.421875 1.02988 0.0298819 0.0673179
0.4375 1.02321 0.0232065 0.0680619
0.4375 1.02321 0.0232065 0.0680619
0.453125 1.01627 0.0162691 0.0686428
0.453125 1.01627 0.0162691 0.0686428
0.46875 1.00914 0.00913601 0.0690589
0.46875 1.00914 0.00913601 0.0690589
0.484375 1.00188 0.00187579 0.069309
0.484375 1.00188 0.00187579 0.069309
0.5 0.994558 -0.00544166 0.0693924
0.5 0.994558 -0.00544166 0.0693924
0.515625 0.994606 -0.00539438 0.069309
0.515625 0.994606 -0.00539438 0.069309
0.53125 0.994666 -0.00533376 0.0690589
0.53125 0.994666 -0.00533376 0.0690589
0.546875 0.99474 -0.00525986 0.0686428
0.546875 0.99474 -0.00525986 0.0686428
0.5625 0.994827 -0.00517265 0.0680619
0.5625 0.994827 -0.00517265 0.0680619
0.578125 0.994928 -0.00507205 0.0673179
0.578125 0.994928 -0.00507205 0.0673179
0.59375 0.995042 -0.00495783 0.066413
0.59375 0.995042 -0.00495783 0.066413
0.609375 0.99517 -0.00482957 0.0653502
0.609375 0.99517 -0.00482957 0.0653502
0.625 0.995313 -0.00468658 0.0641328
0.625 0.995313 -0.00468658 0.0641328
0.640625 0.995472 -0.00452781 0.0627651
0.640625 0.995472 -0.00452781 0.0627651
0.65625 0.995648 -0.00435168 0.0612524
0.65625 0.995648 -0.00435168 0.0612524
0.671875 0.995844 -0.00415597 0.0596007
0.671875 0.995844 -0.00415597 0.0596007
0.6875 0.996062 -0.00393759 0.0578176
0.6875 0.996062 -0.00393759 0.0578176
0.703125 0.996308 -0.0036924 0.0559117
0.703125 0.996308 -0.0036924 0.0559117
0.71875 0.996585 -0.00341498 0.0538936
0.71875 0.996585 -0.00341498 0.0538936
0.734375 0.996902 -0.00309836 0.0517755
0.734375 0.996902 -0.00309836 0.0517755
0.75 0.997266 -0.00273382 0.0495717
0.75 0.997266 -0.00273382 0.0495717
0.765625 0.997689 -0.00231065 0.047299
0.765625 0.997689 -0.00231065 0.047299
0.78125 0.998184 -0.001816 0.0449765
0.78125 0.998184 -0.001816 0.0449765
0.796875 0.998765 -0.00123476 0.0426259
0.796875 0.998765 -0.00123476 0.0426259
0.8125 0.99945 -0.000549614 0.0402714
0.8125 0.99945 -0.000549614 0.0402714
0.828125 1.00026 0.000258895 0.03794
0.828125 1.00026 0.000258895 0.03794
0.84375 1.00121 0.00121205 0.0356604
0.84375 1.00121 0.00121205 0.0356604
0.859375 1.00233 0.00233256 0.0334635
0.859375 1.00233 0.00233256 0.0334635
0.875 1.00364 0.00364397 0.0313812
0.875 1.00364 0.00364397 0.0313812
0.890625 1.00517 0.0051699 0.0294459
0.890625 1.00517 0.0051699 0.0294459
0.90625 1.00693 0.00693323 0.0276898
0.90625 1.00693 0.00693323 0.0276898
0.921875 1.00896 0.00895511 0.0261434
0.921875 1.00896 0.00895511 0.0261434
0.9375 1.01125 0.011254 0.024835
0.9375 1.01125 0.011254 0.024835
0.953125 1.01384 0.0138447 0.0237895
0.953125 1.01384 0.0138447 0.0237895
0.96875 1.01674 0.0167379 0.0230273
0.96875 1.01674 0.0167379 0.0230273
0.984375 1.01994 0.0199432 0.0225637
0.984375 1.01994 0.0199432 0.0225637
1 1 0 0.0224081
