# x y topography analytical topography
0 1 0 0.0263258
0.015625 1.03094 0.0309381 0.0264461
0.015625 1.03094 0.0309381 0.0264461
0.03125 1.03484 0.0348354 0.026805
0.03125 1.03484 0.0348354 0.026805
0.046875 1.03882 0.0388222 0.0273969
0.046875 1.03882 0.0388222 0.0273969
0.0625 1.04285 0.0428453 0.0282124
0.0625 1.04285 0.0428453 0.0282124
0.078125 1.04684 0.0468376 0.0292389
0.078125 1.04684 0.0468376 0.0292389
0.09375 1.05073 0.0507305 0.0304609
0.09375 1.05073 0.0507305 0.0304609
0.109375 1.05446 0.0544556 0.0318602
0.109375 1.05446 0.0544556 0.0318602
0.125 1.05795 0.057946 0.0334165
0.125 1.05795 0.057946 0.0334165
0.140625 1.06114 0.0611371 0.035108
0.140625 1.06114 0.0611371 0.035108
0.15625 1.06397 0.0639677 0.036912
0.15625 1.06397 0.0639677 0.036912
0.171875 1.06638 0.0663808 0.0388049
0.171875 1.06638 0.0663808 0.0388049
0.1875 1.06832 0.0683247 0.0407633
0.1875 1.06832 0.0683247 0.0407633
0.203125 1.06975 0.0697537 0.0427641
0.203125 1.06975 0.0697537 0.0427641
0.21875 1.07063 0.0706287 0.0447848
0.21875 1.07063 0.0706287 0.0447848
0.234375 1.07092 0.0709175 0.046804
0.234375 1.07092 0.0709175 0.046804
0.25 1.0706 0.070596 0.0488016
0.25 1.0706 0.070596 0.0488016
0.265625 1.06965 0.0696478 0.0507587
0.265625 1.06965 0.0696478 0.0507587
0.28125 1.06806 0.0680644 0.0526582
0.28125 1.06806 0.0680644 0.0526582
0.296875 1.06585 0.0658457 0.0544845
0.296875 1.06585 0.0658457 0.0544845
0.3125 1.063 0.0629996 0.0562234
0.3125 1.063 0.0629996 0.0562234
0.328125 1.05954 0.0595418 0.0578626
0.328125 1.05954 0.0595418 0.0578626
0.34375 1.0555 0.0554957 0.0593911
0.34375 1.0555 0.0554957 0.0593911
0.359375 1.05089 0.0508917 0.0607992
0.359375 1.05089 0.0508917 0.0607992
0.375 1.04577 0.0457672 0.0620788
0.375 1.04577 0.0457672 0.0620788
0.390625 1.04017 0.0401658 0.0632228
0.390625 1.04017 0.0401658 0.0632228
0.40625 1.03414 0.0341367 0.0642253
0.40625 1.03414 0.0341367 0.0642253
0.421875 1.02773 0.0277342 0.0650813
0.421875 1.02773 0.0277342 0.0650813
0.4375 1.02102 0.0210171 0.0657868
0.4375 1.02102 0.0210171 0.0657868
0.453125 1.01405 0.0140479 0.0663387
0.453125 1.01405 0.0140479 0.0663387
0.46875 1.00689 0.00689216 0.0667346
0.46875 1.00689 0.00689216 0.0667346
0.484375 0.999618 -0.000382218 0.0669728
0.484375 0.999618 -0.000382218 0.0669728
0.5 0.992294 -0.00770566 0.0670523
0.5 0.992294 -0.00770566 0.0670523
0.515625 0.992344 -0.00765638 0.0669728
0.515625 0.992344 -0.00765638 0.0669728
0.53125 0.992414 -0.00758571 0.0667346
0.53125 0.992414 -0.00758571 0.0667346
0.546875 0.992507 -0.00749343 0.0663387
0.546875 0.992507 -0.00749343 0.0663387
0.5625 0.992621 -0.00737907 0.0657868
0.5625 0.992621 -0.00737907 0.0657868
0.578125 0.992758 -0.00724184 0.0650813
0.578125 0.992758 -0.00724184 0.0650813
0.59375 0.992919 -0.00708056 0.0642253
0.59375 0.992919 -0.00708056 0.0642253
0.609375 0.993106 -0.00689365 0.0632228
0.609375 0.993106 -0.00689365 0.0632228
0.625 0.993321 -0.006679 0.0620788
0.625 0.993321 -0.006679 0.0620788
0.640625 0.993566 -0.00643388 0.0607992
0.640625 0.993566 -0.00643388 0.0607992
0.65625 0.993845 -0.00615484 0.0593911
0.65625 0.993845 -0.00615484 0.0593911
0.671875 0.994162 -0.00583762 0.0578626
0.671875 0.994162 -0.00583762 0.0578626
0.6875 0.994523 -0.00547701 0.0562234
0.6875 0.994523 -0.00547701 0.0562234
0.703125 0.994933 -0.00506676 0.0544845
0.703125 0.994933 -0.00506676 0.0544845
0.71875 0.995401 -0.0045995 0.0526582
0.71875 0.995401 -0.0045995 0.0526582
0.734375 0.995933 -0.00406664 0.0507587
0.734375 0.995933 -0.00406664 0.0507587
0.75 0.996542 -0.00345838 0.0488016
0.75 0.996542 -0.00345838 0.0488016
0.765625 0.997236 -0.00276366 0.046804
0.765625 0.997236 -0.00276366 0.046804
0.78125 0.99803 -0.00197025 0.0447848
0.78125 0.99803 -0.00197025 0.0447848
0.796875 0.998935 -0.00106485 0.0427641
0.796875 0.998935 -0.00106485 0.0427641
0.8125 0.999967 -3.3214e-05 0.0407633
0.8125 0.999967 -3.3214e-05 0.0407633
0.828125 1.00114 0.00113955 0.0388049
0.828125 1.00114 0.00113955 0.0388049
0.84375 1.00247 0.00246875 0.036912
0.84375 1.00247 0.00246875 0.036912
0.859375 1.00397 0.0039697 0.035108
0.859375 1.00397 0.0039697 0.035108
0.875 1.00566 0.00565737 0.0334165
0.875 1.00566 0.00565737 0.0334165
0.890625 1.00755 0.00754586 0.0318602
0.890625 1.00755 0.00754586 0.0318602
0.90625 1.00965 0.00964802 0.0304609
0.90625 1.00965 0.00964802 0.0304609
0.921875 1.01197 0.0119749 0.0292389
0.921875 1.01197 0.0119749 0.0292389
0.9375 1.01454 0.0145352 0.0282124
0.9375 1.01454 0.0145352 0.0282124
0.953125 1.01734 0.0173351 0.0273969
0.953125 1.01734 0.0173351 0.0273969
0.96875 1.02038 0.0203779 0.026805
0.96875 1.02038 0.0203779 0.026805
0.984375 1.02367 0.0236669 0.0264461
0.984375 1.02367 0.0236669 0.0264461
1 1 0 0.0263258
