# x y topography analytical topography
0 1 0 0.0339101
0.015625 1.03816 0.0381562 0.0339799
0.015625 1.03816 0.0381562 0.0339799
0.03125 1.04197 0.0419733 0.0341883
0.03125 1.04197 0.0419733 0.0341883
0.046875 1.04579 0.0457899 0.0345331
0.046875 1.04579 0.0457899 0.0345331
0.0625 1.04955 0.0495509 0.0350103
0.0625 1.04955 0.0495509 0.0350103
0.078125 1.05319 0.0531943 0.0356146
0.078125 1.05319 0.0531943 0.0356146
0.09375 1.05666 0.056659 0.0363391
0.09375 1.05666 0.056659 0.0363391
0.109375 1.05989 0.0598857 0.0371758
0.109375 1.05989 0.0598857 0.0371758
0.125 1.06282 0.0628174 0.0381155
0.125 1.06282 0.0628174 0.0381155
0.140625 1.0654 0.0654004 0.0391479
0.140625 1.0654 0.0654004 0.0391479
0.15625 1.06758 0.0675848 0.0402617
0.15625 1.06758 0.0675848 0.0402617
0.171875 1.06933 0.0693251 0.0414452
0.171875 1.06933 0.0693251 0.0414452
0.1875 1.07058 0.0705807 0.0426859
0.1875 1.07058 0.0705807 0.0426859
0.203125 1.07132 0.0713162 0.0439709
0.203125 1.07132 0.0713162 0.0439709
0.21875 1.0715 0.0715025 0.045287
0.21875 1.0715 0.0715025 0.045287
0.234375 1.07112 0.0711163 0.0466211
0.234375 1.07112 0.0711163 0.0466211
0.25 1.07014 0.0701409 0.04796
0.25 1.07014 0.0701409 0.04796
0.265625 1.06857 0.0685664 0.0492906
0.265625 1.06857 0.0685664 0.0492906
0.28125 1.06639 0.0663898 0.0506004
0.28125 1.06639 0.0663898 0.0506004
0.296875 1.06362 0.0636151 0.0518771
0.296875 1.06362 0.0636151 0.0518771
0.3125 1.06025 0.0602531 0.053109
0.3125 1.06025 0.0602531 0.053109
0.328125 1.05632 0.0563215 0.054285
0.328125 1.05632 0.0563215 0.054285
0.34375 1.05184 0.0518448 0.0553946
0.34375 1.05184 0.0518448 0.0553946
0.359375 1.04685 0.046854 0.0564284
0.359375 1.04685 0.046854 0.0564284
0.375 1.04139 0.0413863 0.0573775
0.375 1.04139 0.0413863 0.0573775
0.390625 1.03548 0.0354845 0.0582338
0.390625 1.03548 0.0354845 0.0582338
0.40625 1.0292 0.0291971 0.0589904
0.40625 1.0292 0.0291971 0.0589904
0.421875 1.02258 0.0225772 0.0596412
0.421875 1.02258 0.0225772 0.0596412
0.4375 1.01568 0.0156826 0.0601807
0.4375 1.01568 0.0156826 0.0601807
0.453125 1.00857 0.00857463 0.0606048
0.453125 1.00857 0.00857463 0.0606048
0.46875 1.00132 0.00131794 0.0609102
0.46875 1.00132 0.00131794 0.0609102
0.484375 0.99398 -0.0060203 0.0610943
0.484375 0.99398 -0.0060203 0.0610943
0.5 0.986629 -0.013371 0.0611559
0.5 0.986629 -0.013371 0.0611559
0.515625 0.986687 -0.0133126 0.0610943
0.515625 0.986687 -0.0133126 0.0610943
0.53125 0.986804 -0.0131964 0.0609102
0.53125 0.986804 -0.0131964 0.0609102
0.546875 0.986978 -0.0130218 0.0606048
0.546875 0.986978 -0.0130218 0.0606048
0.5625 0.987212 -0.0127877 0.0601807
0.5625 0.987212 -0.0127877 0.0601807
0.578125 0.987508 -0.0124924 0.0596412
0.578125 0.987508 -0.0124924 0.0596412
0.59375 0.987866 -0.0121338 0.0589904
0.59375 0.987866 -0.0121338 0.0589904
0.609375 0.988291 -0.0117092 0.0582338
0.609375 0.988291 -0.0117092 0.0582338
0.625 0.988785 -0.0112153 0.0573775
0.625 0.988785 -0.0112153 0.0573775
0.640625 0.989352 -0.0106485 0.0564284
0.640625 0.989352 -0.0106485 0.0564284
0.65625 0.989996 -0.0100044 0.0553946
0.65625 0.989996 -0.0100044 0.0553946
0.671875 0.990721 -0.00927853 0.054285
0.671875 0.990721 -0.00927853 0.054285
0.6875 0.991534 -0.00846566 0.053109
0.6875 0.991534 -0.00846566 0.053109
0.703125 0.99244 -0.00756032 0.0518771
0.703125 0.99244 -0.00756032 0.0518771
0.71875 0.993443 -0.00655672 0.0506004
0.71875 0.993443 -0.00655672 0.0506004
0.734375 0.994551 -0.00544877 0.0492906
0.734375 0.994551 -0.00544877 0.0492906
0.75 0.99577 -0.00423022 0.04796
0.75 0.99577 -0.00423022 0.04796
0.765625 0.997105 -0.00289471 0.0466211
0.765625 0.997105 -0.00289471 0.0466211
0.78125 0.998564 -0.0014359 0.045287
0.78125 0.998564 -0.0014359 0.045287
0.796875 1.00015 0.000152427 0.0439709
0.796875 1.00015 0.000152427 0.0439709
0.8125 1.00188 0.00187626 0.0426859
0.8125 1.00188 0.00187626 0.0426859
0.828125 1.00374 0.00374121 0.0414452
0.828125 1.00374 0.00374121 0.0414452
0.84375 1.00575 0.00575237 0.0402617
0.84375 1.00575 0.00575237 0.0402617
0.859375 1.00791 0.00791421 0.0391479
0.859375 1.00791 0.00791421 0.0391479
0.875 1.01023 0.0102304 0.0381155
0.875 1.01023 0.0102304 0.0381155
0.890625 1.0127 0.0127036 0.0371758
0.890625 1.0127 0.0127036 0.0371758
0.90625 1.01534 0.0153357 0.0363391
0.90625 1.01534 0.0153357 0.0363391
0.921875 1.01813 0.018127 0.0356146
0.921875 1.01813 0.018127 0.0356146
0.9375 1.02108 0.0210768 0.0350103
0.9375 1.02108 0.0210768 0.0350103
0.953125 1.02418 0.024183 0.0345331
0.953125 1.02418 0.024183 0.0345331
0.96875 1.02744 0.0274421 0.0341883
0.96875 1.02744 0.0274421 0.0341883
0.984375 1.03085 0.0308511 0.0339799
0.984375 1.03085 0.0308511 0.0339799
1 1 0 0.0339101
