# x y topography analytical topography
0 1 0 0.0294312
0.015625 1.0339 0.0339003 0.0295287
0.015625 1.0339 0.0339003 0.0295287
0.03125 1.03776 0.0377614 0.0298198
0.03125 1.03776 0.0377614 0.0298198
0.046875 1.04167 0.0416716 0.0303007
0.046875 1.04167 0.0416716 0.0303007
0.0625 1.04558 0.0455769 0.0309648
0.0625 1.04558 0.0455769 0.0309648
0.078125 1.04941 0.0494132 0.0318032
0.078125 1.04941 0.0494132 0.0318032
0.09375 1.05312 0.0531155 0.0328051
0.09375 1.05312 0.0531155 0.0328051
0.109375 1.05662 0.0566204 0.0339573
0.109375 1.05662 0.0566204 0.0339573
0.125 1.05987 0.0598658 0.0352452
0.125 1.05987 0.0598658 0.0352452
0.140625 1.06279 0.0627927 0.0366527
0.140625 1.06279 0.0627927 0.0366527
0.15625 1.06535 0.0653456 0.0381627
0.15625 1.06535 0.0653456 0.0381627
0.171875 1.06747 0.0674729 0.0397573
0.171875 1.06747 0.0674729 0.0397573
0.1875 1.06913 0.0691281 0.041418
0.1875 1.06913 0.0691281 0.041418
0.203125 1.07027 0.0702705 0.0431263
0.203125 1.07027 0.0702705 0.0431263
0.21875 1.07087 0.070865 0.0448637
0.21875 1.07087 0.070865 0.0448637
0.234375 1.07088 0.0708835 0.0466122
0.234375 1.07088 0.0708835 0.0466122
0.25 1.0703 0.0703047 0.0483541
0.25 1.0703 0.0703047 0.0483541
0.265625 1.06911 0.0691145 0.0500727
0.265625 1.06911 0.0691145 0.0500727
0.28125 1.06731 0.0673063 0.0517521
0.28125 1.06731 0.0673063 0.0517521
0.296875 1.06488 0.064881 0.0533772
0.296875 1.06488 0.064881 0.0533772
0.3125 1.06185 0.061847 0.0549345
0.3125 1.06185 0.061847 0.0549345
0.328125 1.05822 0.0582203 0.0564111
0.328125 1.05822 0.0582203 0.0564111
0.34375 1.05402 0.0540237 0.0577956
0.34375 1.05402 0.0540237 0.0577956
0.359375 1.04929 0.0492874 0.0590776
0.359375 1.04929 0.0492874 0.0590776
0.375 1.04405 0.0440478 0.060248
0.375 1.04405 0.0440478 0.060248
0.390625 1.03835 0.0383475 0.0612988
0.390625 1.03835 0.0383475 0.0612988
0.40625 1.03223 0.0322349 0.0622229
0.40625 1.03223 0.0322349 0.0622229
0.421875 1.02576 0.0257633 0.0630145
0.421875 1.02576 0.0257633 0.0630145
0.4375 1.01899 0.0189906 0.0636687
0.4375 1.01899 0.0189906 0.0636687
0.453125 1.01198 0.0119784 0.0641815
0.453125 1.01198 0.0119784 0.0641815
0.46875 1.00479 0.0047917 0.0645499
0.46875 1.00479 0.0047917 0.0645499
0.484375 0.997498 -0.00250213 0.0647718
0.484375 0.997498 -0.00250213 0.0647718
0.5 0.990166 -0.00983384 0.0648459
0.5 0.990166 -0.00983384 0.0648459
0.515625 0.990218 -0.0097818 0.0647718
0.515625 0.990218 -0.0097818 0.0647718
0.53125 0.990303 -0.00969729 0.0645499
0.53125 0.990303 -0.00969729 0.0645499
0.546875 0.99042 -0.00957987 0.0641815
0.546875 0.99042 -0.00957987 0.0641815
0.5625 0.990571 -0.00942862 0.0636687
0.5625 0.990571 -0.00942862 0.0636687
0.578125 0.990758 -0.00924217 0.0630145
0.578125 0.990758 -0.00924217 0.0630145
0.59375 0.990981 -0.00901861 0.0622229
0.59375 0.990981 -0.00901861 0.0622229
0.609375 0.991244 -0.00875551 0.0612988
0.609375 0.991244 -0.00875551 0.0612988
0.625 0.99155 -0.00844981 0.060248
0.625 0.99155 -0.00844981 0.060248
0.640625 0.991902 -0.00809781 0.0590776
0.640625 0.991902 -0.00809781 0.0590776
0.65625 0.992305 -0.00769511 0.0577956
0.65625 0.992305 -0.00769511 0.0577956
0.671875 0.992763 -0.0072366 0.0564111
0.671875 0.992763 -0.0072366 0.0564111
0.6875 0.993284 -0.00671637 0.0549345
0.6875 0.993284 -0.00671637 0.0549345
0.703125 0.993872 -0.00612772 0.0533772
0.703125 0.993872 -0.00612772 0.0533772
0.71875 0.994537 -0.00546318 0.0517521
0.71875 0.994537 -0.00546318 0.0517521
0.734375 0.995286 -0.00471448 0.0500727
0.734375 0.995286 -0.00471448 0.0500727
0.75 0.996127 -0.00387264 0.0483541
0.75 0.996127 -0.00387264 0.0483541
0.765625 0.997072 -0.00292802 0.0466122
0.765625 0.997072 -0.00292802 0.0466122
0.78125 0.99813 -0.00187041 0.0448637
0.78125 0.99813 -0.00187041 0.0448637
0.796875 0.999311 -0.0006892 0.0431263
0.796875 0.999311 -0.0006892 0.0431263
0.8125 1.00063 0.00062646 0.041418
0.8125 1.00063 0.00062646 0.041418
0.828125 1.00209 0.00208747 0.0397573
0.828125 1.00209 0.00208747 0.0397573
0.84375 1.0037 0.00370455 0.0381627
0.84375 1.0037 0.00370455 0.0381627
0.859375 1.00549 0.00548796 0.0366527
0.859375 1.00549 0.00548796 0.0366527
0.875 1.00745 0.00744725 0.0352452
0.875 1.00745 0.00744725 0.0352452
0.890625 1.00959 0.00959098 0.0339573
0.890625 1.00959 0.00959098 0.0339573
0.90625 1.01193 0.0119264 0.0328051
0.90625 1.01193 0.0119264 0.0328051
0.921875 1.01446 0.0144592 0.0318032
0.921875 1.01446 0.0144592 0.0318032
0.9375 1.01719 0.0171934 0.0309648
0.9375 1.01719 0.0171934 0.0309648
0.953125 1.02013 0.0201306 0.0303007
0.953125 1.02013 0.0201306 0.0303007
0.96875 1.02327 0.0232707 0.0298198
0.96875 1.02327 0.0232707 0.0298198
0.984375 1.02661 0.0266138 0.0295287
0.984375 1.02661 0.0266138 0.0295287
1 1 0 0.0294312
