# x y topography analytical topography
0 1 0 0.0314744
0.015625 1.03584 0.0358445 0.0315586
0.015625 1.03584 0.0358445 0.0315586
0.03125 1.03968 0.0396846 0.0318102
0.03125 1.03968 0.0396846 0.0318102
0.046875 1.04355 0.04355 0.0322261
0.046875 1.04355 0.04355 0.0322261
0.0625 1.04739 0.0473864 0.0328012
0.0625 1.04739 0.0473864 0.0328012
0.078125 1.05113 0.0511308 0.0335283
0.078125 1.05113 0.0511308 0.0335283
0.09375 1.05472 0.0547203 0.0343988
0.09375 1.05472 0.0547203 0.0343988
0.109375 1.05809 0.0580934 0.035402
0.109375 1.05809 0.0580934 0.035402
0.125 1.06119 0.0611907 0.0365261
0.125 1.06119 0.0611907 0.0365261
0.140625 1.06396 0.063956 0.037758
0.140625 1.06396 0.063956 0.037758
0.15625 1.06634 0.0663366 0.0390836
0.15625 1.06634 0.0663366 0.0390836
0.171875 1.06828 0.0682838 0.0404878
0.171875 1.06828 0.0682838 0.0404878
0.1875 1.06975 0.0697543 0.0419552
0.1875 1.06975 0.0697543 0.0419552
0.203125 1.07071 0.0707097 0.0434701
0.203125 1.07071 0.0707097 0.0434701
0.21875 1.07112 0.0711179 0.0450164
0.21875 1.07112 0.0711179 0.0450164
0.234375 1.07095 0.070953 0.0465782
0.234375 1.07095 0.070953 0.0465782
0.25 1.0702 0.0701959 0.0481401
0.25 1.0702 0.0701959 0.0481401
0.265625 1.06883 0.0688343 0.0496869
0.265625 1.06883 0.0688343 0.0496869
0.28125 1.06686 0.0668633 0.051204
0.28125 1.06686 0.0668633 0.051204
0.296875 1.06428 0.0642848 0.0526775
0.296875 1.06428 0.0642848 0.0526775
0.3125 1.06111 0.0611083 0.0540945
0.3125 1.06111 0.0611083 0.0540945
0.328125 1.05735 0.0573503 0.0554426
0.328125 1.05735 0.0573503 0.0554426
0.34375 1.05303 0.0530342 0.0567107
0.34375 1.05303 0.0530342 0.0567107
0.359375 1.04819 0.0481903 0.0578886
0.359375 1.04819 0.0481903 0.0578886
0.375 1.04285 0.042855 0.0589669
0.375 1.04285 0.042855 0.0589669
0.390625 1.03707 0.0370709 0.0599374
0.390625 1.03707 0.0370709 0.0599374
0.40625 1.03089 0.0308862 0.0607929
0.40625 1.03089 0.0308862 0.0607929
0.421875 1.02435 0.0243538 0.0615272
0.421875 1.02435 0.0243538 0.0615272
0.4375 1.01753 0.0175314 0.062135
0.4375 1.01753 0.0175314 0.062135
0.453125 1.01048 0.0104805 0.0626122
0.453125 1.01048 0.0104805 0.0626122
0.46875 1.00327 0.00326554 0.0629553
0.46875 1.00327 0.00326554 0.0629553
0.484375 0.995954 -0.00404615 0.0631621
0.484375 0.995954 -0.00404615 0.0631621
0.5 0.988614 -0.0113855 0.0632312
0.5 0.988614 -0.0113855 0.0632312
0.515625 0.988669 -0.0113309 0.0631621
0.515625 0.988669 -0.0113309 0.0631621
0.53125 0.988766 -0.0112337 0.0629553
0.53125 0.988766 -0.0112337 0.0629553
0.546875 0.988907 -0.0110932 0.0626122
0.546875 0.988907 -0.0110932 0.0626122
0.5625 0.989092 -0.0109085 0.062135
0.5625 0.989092 -0.0109085 0.062135
0.578125 0.989322 -0.0106778 0.0615272
0.578125 0.989322 -0.0106778 0.0615272
0.59375 0.989601 -0.0103991 0.0607929
0.59375 0.989601 -0.0103991 0.0607929
0.609375 0.98993 -0.0100696 0.0599374
0.609375 0.98993 -0.0100696 0.0599374
0.625 0.990314 -0.00968592 0.0589669
0.625 0.990314 -0.00968592 0.0589669
0.640625 0.990756 -0.00924421 0.0578886
0.640625 0.990756 -0.00924421 0.0578886
0.65625 0.99126 -0.00873988 0.0567107
0.65625 0.99126 -0.00873988 0.0567107
0.671875 0.991832 -0.00816778 0.0554426
0.671875 0.991832 -0.00816778 0.0554426
0.6875 0.992478 -0.00752211 0.0540945
0.6875 0.992478 -0.00752211 0.0540945
0.703125 0.993204 -0.00679649 0.0526775
0.703125 0.993204 -0.00679649 0.0526775
0.71875 0.994016 -0.00598398 0.051204
0.71875 0.994016 -0.00598398 0.051204
0.734375 0.994923 -0.00507712 0.0496869
0.734375 0.994923 -0.00507712 0.0496869
0.75 0.995932 -0.004068 0.0481401
0.75 0.995932 -0.004068 0.0481401
0.765625 0.997052 -0.00294836 0.0465782
0.765625 0.997052 -0.00294836 0.0465782
0.78125 0.99829 -0.00170968 0.0450164
0.78125 0.99829 -0.00170968 0.0450164
0.796875 0.999657 -0.000343333 0.0434701
0.796875 0.999657 -0.000343333 0.0434701
0.8125 1.00116 0.00115927 0.0419552
0.8125 1.00116 0.00115927 0.0419552
0.828125 1.00281 0.00280651 0.0404878
0.828125 1.00281 0.00280651 0.0404878
0.84375 1.00461 0.00460639 0.0390836
0.84375 1.00461 0.00460639 0.0390836
0.859375 1.00657 0.00656632 0.037758
0.859375 1.00657 0.00656632 0.037758
0.875 1.00869 0.00869294 0.0365261
0.875 1.00869 0.00869294 0.0365261
0.890625 1.01099 0.0109919 0.035402
0.890625 1.01099 0.0109919 0.035402
0.90625 1.01347 0.0134675 0.0343988
0.90625 1.01347 0.0134675 0.0343988
0.921875 1.01612 0.016123 0.0335283
0.921875 1.01612 0.016123 0.0335283
0.9375 1.01896 0.0189597 0.0328012
0.9375 1.01896 0.0189597 0.0328012
0.953125 1.02198 0.0219775 0.0322261
0.953125 1.02198 0.0219775 0.0322261
0.96875 1.02517 0.0251745 0.0318102
0.96875 1.02517 0.0251745 0.0318102
0.984375 1.02855 0.0285491 0.0315586
0.984375 1.02855 0.0285491 0.0315586
1 1 0 0.0314744
