# x y topography analytical topography
0 1 0 0.0203595
0.015625 1.02523 0.0252271 0.0205378
0.015625 1.02523 0.0252271 0.0205378
0.03125 1.02922 0.0292166 0.0210686
0.03125 1.02922 0.0292166 0.0210686
0.046875 1.0334 0.0333975 0.0219391
0.046875 1.0334 0.0333975 0.0219391
0.0625 1.03772 0.0377154 0.0231292
0.0625 1.03772 0.0377154 0.0231292
0.078125 1.04209 0.042092 0.0246118
0.078125 1.04209 0.042092 0.0246118
0.09375 1.04644 0.0464443 0.0263548
0.09375 1.04644 0.0464443 0.0263548
0.109375 1.05069 0.0506872 0.028322
0.109375 1.05069 0.0506872 0.028322
0.125 1.05474 0.0547363 0.0304752
0.125 1.05474 0.0547363 0.0304752
0.140625 1.05851 0.0585096 0.0327753
0.140625 1.05851 0.0585096 0.0327753
0.15625 1.06193 0.0619293 0.0351837
0.15625 1.06193 0.0619293 0.0351837
0.171875 1.06492 0.0649238 0.0376636
0.171875 1.06492 0.0649238 0.0376636
0.1875 1.06743 0.067429 0.0401806
0.1875 1.06743 0.067429 0.0401806
0.203125 1.06939 0.0693891 0.0427035
0.203125 1.06939 0.0693891 0.0427035
0.21875 1.07076 0.0707579 0.0452044
0.21875 1.07076 0.0707579 0.0452044
0.234375 1.0715 0.0714988 0.0476588
0.234375 1.0715 0.0714988 0.0476588
0.25 1.07159 0.0715852 0.0500459
0.25 1.07159 0.0715852 0.0500459
0.265625 1.071 0.0710003 0.0523476
0.265625 1.071 0.0710003 0.0523476
0.28125 1.06974 0.0697369 0.054549
0.28125 1.06974 0.0697369 0.054549
0.296875 1.0678 0.0677974 0.0566373
0.296875 1.0678 0.0677974 0.0566373
0.3125 1.06519 0.0651926 0.0586022
0.3125 1.06519 0.0651926 0.0586022
0.328125 1.06194 0.0619417 0.0604348
0.328125 1.06194 0.0619417 0.0604348
0.34375 1.05807 0.0580719 0.0621278
0.34375 1.05807 0.0580719 0.0621278
0.359375 1.05362 0.053617 0.0636752
0.359375 1.05362 0.053617 0.0636752
0.375 1.04862 0.0486179 0.0650718
0.375 1.04862 0.0486179 0.0650718
0.390625 1.04312 0.0431208 0.0663133
0.390625 1.04312 0.0431208 0.0663133
0.40625 1.03718 0.0371777 0.067396
0.40625 1.03718 0.0371777 0.067396
0.421875 1.03085 0.030845 0.0683171
0.421875 1.03085 0.030845 0.0683171
0.4375 1.02418 0.0241833 0.0690739
0.4375 1.02418 0.0241833 0.0690739
0.453125 1.01726 0.0172563 0.0696646
0.453125 1.01726 0.0172563 0.0696646
0.46875 1.01013 0.0101308 0.0700876
0.46875 1.01013 0.0101308 0.0700876
0.484375 1.00288 0.00287528 0.0703418
0.484375 1.00288 0.00287528 0.0703418
0.5 0.99556 -0.00444016 0.0704266
0.5 0.99556 -0.00444016 0.0704266
0.515625 0.995606 -0.00439355 0.0703418
0.515625 0.995606 -0.00439355 0.0703418
0.53125 0.995664 -0.0043363 0.0700876
0.53125 0.995664 -0.0043363 0.0700876
0.546875 0.995731 -0.00426851 0.0696646
0.546875 0.995731 -0.00426851 0.0696646
0.5625 0.99581 -0.00419028 0.0690739
0.5625 0.99581 -0.00419028 0.0690739
0.578125 0.995898 -0.0041017 0.0683171
0.578125 0.995898 -0.0041017 0.0683171
0.59375 0.995997 -0.00400283 0.067396
0.59375 0.995997 -0.00400283 0.067396
0.609375 0.996106 -0.00389361 0.0663133
0.609375 0.996106 -0.00389361 0.0663133
0.625 0.996226 -0.00377388 0.0650718
0.625 0.996226 -0.00377388 0.0650718
0.640625 0.996357 -0.00364327 0.0636752
0.640625 0.996357 -0.00364327 0.0636752
0.65625 0.996499 -0.00350107 0.0621278
0.65625 0.996499 -0.00350107 0.0621278
0.671875 0.996654 -0.00334616 0.0604348
0.671875 0.996654 -0.00334616 0.0604348
0.6875 0.996823 -0.00317674 0.0586022
0.6875 0.996823 -0.00317674 0.0586022
0.703125 0.99701 -0.00299019 0.0566373
0.703125 0.99701 -0.00299019 0.0566373
0.71875 0.997217 -0.00278272 0.054549
0.71875 0.997217 -0.00278272 0.054549
0.734375 0.997451 -0.00254911 0.0523476
0.734375 0.997451 -0.00254911 0.0523476
0.75 0.997718 -0.00228233 0.0500459
0.75 0.997718 -0.00228233 0.0500459
0.765625 0.998027 -0.00197316 0.0476588
0.765625 0.998027 -0.00197316 0.0476588
0.78125 0.99839 -0.00160988 0.0452044
0.78125 0.99839 -0.00160988 0.0452044
0.796875 0.998822 -0.00117787 0.0427035
0.796875 0.998822 -0.00117787 0.0427035
0.8125 0.99934 -0.000659511 0.0401806
0.8125 0.99934 -0.000659511 0.0401806
0.828125 0.999966 -3.39957e-05 0.0376636
0.828125 0.999966 -3.39957e-05 0.0376636
0.84375 1.00072 0.000722493 0.0351837
0.84375 1.00072 0.000722493 0.0351837
0.859375 1.00164 0.00163646 0.0327753
0.859375 1.00164 0.00163646 0.0327753
0.875 1.00274 0.0027365 0.0304752
0.875 1.00274 0.0027365 0.0304752
0.890625 1.00405 0.00405243 0.028322
0.890625 1.00405 0.00405243 0.028322
0.90625 1.00561 0.00561413 0.0263548
0.90625 1.00561 0.00561413 0.0263548
0.921875 1.00745 0.00745028 0.0246118
0.921875 1.00745 0.00745028 0.0246118
0.9375 1.00959 0.00958685 0.0231292
0.9375 1.00959 0.00958685 0.0231292
0.953125 1.01205 0.0120457 0.0219391
0.953125 1.01205 0.0120457 0.0219391
0.96875 1.01484 0.0148434 0.0210686
0.96875 1.01484 0.0148434 0.0210686
0.984375 1.01799 0.0179949 0.0205378
0.984375 1.01799 0.0179949 0.0205378
1 1 0 0.0203595
