# x y topography analytical topography
0 1 0 0.0166197
0.015625 1.02164 0.021637 0.0168517
0.015625 1.02164 0.021637 0.0168517
0.03125 1.02571 0.0257115 0.0175396
0.03125 1.02571 0.0257115 0.0175396
0.046875 1.03007 0.0300691 0.0186605
0.046875 1.03007 0.0300691 0.0186605
0.0625 1.03465 0.0346498 0.0201779
0.0625 1.03465 0.0346498 0.0201779
0.078125 1.03936 0.0393592 0.0220448
0.078125 1.03936 0.0393592 0.0220448
0.09375 1.04409 0.044094 0.0242074
0.09375 1.04409 0.044094 0.0242074
0.109375 1.04875 0.0487483 0.0266083
0.109375 1.04875 0.0487483 0.0266083
0.125 1.05322 0.0532174 0.02919
0.125 1.05322 0.0532174 0.02919
0.140625 1.0574 0.0574014 0.0318979
0.140625 1.0574 0.0574014 0.0318979
0.15625 1.06121 0.0612084 0.0346818
0.15625 1.06121 0.0612084 0.0346818
0.171875 1.06456 0.0645568 0.0374978
0.171875 1.06456 0.0645568 0.0374978
0.1875 1.06738 0.0673763 0.0403083
0.1875 1.06738 0.0673763 0.0403083
0.203125 1.06961 0.0696093 0.0430821
0.203125 1.06961 0.0696093 0.0430821
0.21875 1.07121 0.07121 0.0457941
0.21875 1.07121 0.07121 0.0457941
0.234375 1.07214 0.072145 0.0484238
0.234375 1.07214 0.072145 0.0484238
0.25 1.07239 0.0723918 0.0509552
0.25 1.07239 0.0723918 0.0509552
0.265625 1.07194 0.0719386 0.0533755
0.265625 1.07194 0.0719386 0.0533755
0.28125 1.07078 0.0707831 0.0556744
0.28125 1.07078 0.0707831 0.0556744
0.296875 1.06893 0.0689321 0.0578434
0.296875 1.06893 0.0689321 0.0578434
0.3125 1.0664 0.0664003 0.0598755
0.3125 1.0664 0.0664003 0.0598755
0.328125 1.06321 0.0632102 0.0617648
0.328125 1.06321 0.0632102 0.0617648
0.34375 1.05939 0.0593914 0.0635061
0.34375 1.05939 0.0593914 0.0635061
0.359375 1.05498 0.0549797 0.0650948
0.359375 1.05498 0.0549797 0.0650948
0.375 1.05002 0.0500173 0.0665268
0.375 1.05002 0.0500173 0.0665268
0.390625 1.04455 0.0445516 0.0677987
0.390625 1.04455 0.0445516 0.0677987
0.40625 1.03864 0.0386351 0.0689073
0.40625 1.03864 0.0386351 0.0689073
0.421875 1.03232 0.0323246 0.0698499
0.421875 1.03232 0.0323246 0.0698499
0.4375 1.02568 0.025681 0.0706243
0.4375 1.02568 0.025681 0.0706243
0.453125 1.01877 0.0187682 0.0712285
0.453125 1.01877 0.0187682 0.0712285
0.46875 1.01165 0.011653 0.0716612
0.46875 1.01165 0.011653 0.0716612
0.484375 1.0044 0.00440405 0.0719212
0.484375 1.0044 0.00440405 0.0719212
0.5 0.997091 -0.00290859 0.0720079
0.5 0.997091 -0.00290859 0.0720079
0.515625 0.997137 -0.00286293 0.0719212
0.515625 0.997137 -0.00286293 0.0719212
0.53125 0.99719 -0.00281037 0.0716612
0.53125 0.99719 -0.00281037 0.0716612
0.546875 0.997249 -0.00275104 0.0712285
0.546875 0.997249 -0.00275104 0.0712285
0.5625 0.997315 -0.00268508 0.0706243
0.5625 0.997315 -0.00268508 0.0706243
0.578125 0.997387 -0.00261265 0.0698499
0.578125 0.997387 -0.00261265 0.0698499
0.59375 0.997466 -0.00253391 0.0689073
0.59375 0.997466 -0.00253391 0.0689073
0.609375 0.997551 -0.00244903 0.0677987
0.609375 0.997551 -0.00244903 0.0677987
0.625 0.997642 -0.0023582 0.0665268
0.625 0.997642 -0.0023582 0.0665268
0.640625 0.997738 -0.00226157 0.0650948
0.640625 0.997738 -0.00226157 0.0650948
0.65625 0.997841 -0.00215925 0.0635061
0.65625 0.997841 -0.00215925 0.0635061
0.671875 0.997949 -0.00205127 0.0617648
0.671875 0.997949 -0.00205127 0.0617648
0.6875 0.998063 -0.00193749 0.0598755
0.6875 0.998063 -0.00193749 0.0598755
0.703125 0.998183 -0.00181748 0.0578434
0.703125 0.998183 -0.00181748 0.0578434
0.71875 0.99831 -0.00169032 0.0556744
0.71875 0.99831 -0.00169032 0.0556744
0.734375 0.998446 -0.00155436 0.0533755
0.734375 0.998446 -0.00155436 0.0533755
0.75 0.998593 -0.00140678 0.0509552
0.75 0.998593 -0.00140678 0.0509552
0.765625 0.998757 -0.00124311 0.0484238
0.765625 0.998757 -0.00124311 0.0484238
0.78125 0.998943 -0.00105653 0.0457941
0.78125 0.998943 -0.00105653 0.0457941
0.796875 0.999163 -0.000837088 0.0430821
0.796875 0.999163 -0.000837088 0.0430821
0.8125 0.999429 -0.000570854 0.0403083
0.8125 0.999429 -0.000570854 0.0403083
0.828125 0.999761 -0.000239013 0.0374978
0.828125 0.999761 -0.000239013 0.0374978
0.84375 1.00018 0.000182862 0.0346818
0.84375 1.00018 0.000182862 0.0346818
0.859375 1.00073 0.000725266 0.0318979
0.859375 1.00073 0.000725266 0.0318979
0.875 1.00142 0.00142475 0.02919
0.875 1.00142 0.00142475 0.02919
0.890625 1.00232 0.0023233 0.0266083
0.890625 1.00232 0.0023233 0.0266083
0.90625 1.00347 0.00346692 0.0242074
0.90625 1.00347 0.00346692 0.0242074
0.921875 1.0049 0.00490347 0.0220448
0.921875 1.0049 0.00490347 0.0220448
0.9375 1.00668 0.00667985 0.0201779
0.9375 1.00668 0.00667985 0.0201779
0.953125 1.00884 0.00883871 0.0186605
0.953125 1.00884 0.00883871 0.0186605
0.96875 1.01142 0.0114154 0.0175396
0.96875 1.01142 0.0114154 0.0175396
0.984375 1.01444 0.0144409 0.0168517
0.984375 1.01444 0.0144409 0.0168517
1 1 0 0.0166197
