# x y topography analytical topography
0 1 0 0.0313006
0.015625 1.03568 0.0356793 0.0313859
0.015625 1.03568 0.0356793 0.0313859
0.03125 1.03952 0.0395211 0.0316408
0.03125 1.03952 0.0395211 0.0316408
0.046875 1.04339 0.0433902 0.032062
0.046875 1.04339 0.0433902 0.032062
0.0625 1.04723 0.0472323 0.0326443
0.0625 1.04723 0.0472323 0.0326443
0.078125 1.05098 0.0509842 0.0333806
0.078125 1.05098 0.0509842 0.0333806
0.09375 1.05458 0.0545829 0.0342619
0.09375 1.05458 0.0545829 0.0342619
0.109375 1.05797 0.0579669 0.0352774
0.109375 1.05797 0.0579669 0.0352774
0.125 1.06108 0.0610765 0.0364151
0.125 1.06108 0.0610765 0.0364151
0.140625 1.06386 0.0638552 0.0376617
0.140625 1.06386 0.0638552 0.0376617
0.15625 1.06625 0.0662501 0.0390026
0.15625 1.06625 0.0662501 0.0390026
0.171875 1.06821 0.0682124 0.0404229
0.171875 1.06821 0.0682124 0.0404229
0.1875 1.0697 0.0696984 0.0419067
0.1875 1.0697 0.0696984 0.0419067
0.203125 1.07067 0.0706696 0.0434379
0.203125 1.07067 0.0706696 0.0434379
0.21875 1.07109 0.0710937 0.0450006
0.21875 1.07109 0.0710937 0.0450006
0.234375 1.07094 0.0709445 0.0465785
0.234375 1.07094 0.0709445 0.0465785
0.25 1.0702 0.0702028 0.048156
0.25 1.0702 0.0702028 0.048156
0.265625 1.06886 0.0688561 0.0497177
0.265625 1.06886 0.0688561 0.0497177
0.28125 1.0669 0.0668992 0.0512491
0.28125 1.0669 0.0668992 0.0512491
0.296875 1.06433 0.0643342 0.052736
0.296875 1.06433 0.0643342 0.052736
0.3125 1.06117 0.0611704 0.0541655
0.3125 1.06117 0.0611704 0.0541655
0.328125 1.05742 0.0574241 0.0555252
0.328125 1.05742 0.0574241 0.0555252
0.34375 1.05312 0.0531188 0.0568038
0.34375 1.05312 0.0531188 0.0568038
0.359375 1.04828 0.0482846 0.0579911
0.359375 1.04828 0.0482846 0.0579911
0.375 1.04296 0.042958 0.0590779
0.375 1.04296 0.042958 0.0590779
0.390625 1.03718 0.0371816 0.0600558
0.390625 1.03718 0.0371816 0.0600558
0.40625 1.031 0.0310035 0.0609177
0.40625 1.031 0.0310035 0.0609177
0.421875 1.02448 0.0244768 0.0616573
0.421875 1.02448 0.0244768 0.0616573
0.4375 1.01766 0.0176591 0.0622695
0.4375 1.01766 0.0176591 0.0622695
0.453125 1.01061 0.0106117 0.0627499
0.453125 1.01061 0.0106117 0.0627499
0.46875 1.0034 0.00339943 0.0630955
0.46875 1.0034 0.00339943 0.0630955
0.484375 0.996089 -0.00391058 0.0633037
0.484375 0.996089 -0.00391058 0.0633037
0.5 0.988751 -0.0112492 0.0633733
0.5 0.988751 -0.0112492 0.0633733
0.515625 0.988805 -0.0111949 0.0633037
0.515625 0.988805 -0.0111949 0.0633037
0.53125 0.988901 -0.0110988 0.0630955
0.53125 0.988901 -0.0110988 0.0630955
0.546875 0.989039 -0.0109605 0.0627499
0.546875 0.989039 -0.0109605 0.0627499
0.5625 0.989221 -0.0107789 0.0622695
0.5625 0.989221 -0.0107789 0.0622695
0.578125 0.989448 -0.0105524 0.0616573
0.578125 0.989448 -0.0105524 0.0616573
0.59375 0.989721 -0.0102788 0.0609177
0.59375 0.989721 -0.0102788 0.0609177
0.609375 0.990045 -0.00995542 0.0600558
0.609375 0.990045 -0.00995542 0.0600558
0.625 0.990421 -0.00957894 0.0590779
0.625 0.990421 -0.00957894 0.0590779
0.640625 0.990855 -0.00914543 0.0579911
0.640625 0.990855 -0.00914543 0.0579911
0.65625 0.99135 -0.00865034 0.0568038
0.65625 0.99135 -0.00865034 0.0568038
0.671875 0.991912 -0.00808848 0.0555252
0.671875 0.991912 -0.00808848 0.0555252
0.6875 0.992546 -0.00745405 0.0541655
0.6875 0.992546 -0.00745405 0.0541655
0.703125 0.993259 -0.00674061 0.052736
0.703125 0.993259 -0.00674061 0.052736
0.71875 0.994059 -0.00594117 0.0512491
0.71875 0.994059 -0.00594117 0.0512491
0.734375 0.994952 -0.00504818 0.0497177
0.734375 0.994952 -0.00504818 0.0497177
0.75 0.995946 -0.00405362 0.048156
0.75 0.995946 -0.00405362 0.048156
0.765625 0.997051 -0.00294911 0.0465785
0.765625 0.997051 -0.00294911 0.0465785
0.78125 0.998274 -0.00172598 0.0450006
0.78125 0.998274 -0.00172598 0.0450006
0.796875 0.999625 -0.000375439 0.0434379
0.796875 0.999625 -0.000375439 0.0434379
0.8125 1.00111 0.0011113 0.0419067
0.8125 1.00111 0.0011113 0.0419067
0.828125 1.00274 0.00274283 0.0404229
0.828125 1.00274 0.00274283 0.0404229
0.84375 1.00453 0.00452736 0.0390026
0.84375 1.00453 0.00452736 0.0390026
0.859375 1.00647 0.00647255 0.0376617
0.859375 1.00647 0.00647255 0.0376617
0.875 1.00859 0.00858525 0.0364151
0.875 1.00859 0.00858525 0.0364151
0.890625 1.01087 0.0108713 0.0352774
0.890625 1.01087 0.0108713 0.0352774
0.90625 1.01334 0.0133354 0.0342619
0.90625 1.01334 0.0133354 0.0342619
0.921875 1.01598 0.0159808 0.0333806
0.921875 1.01598 0.0159808 0.0333806
0.9375 1.01881 0.0188091 0.0326443
0.9375 1.01881 0.0188091 0.0326443
0.953125 1.02182 0.0218203 0.032062
0.953125 1.02182 0.0218203 0.032062
0.96875 1.02501 0.0250126 0.0316408
0.96875 1.02501 0.0250126 0.0316408
0.984375 1.02838 0.0283846 0.0313859
0.984375 1.02838 0.0283846 0.0313859
1 1 0 0.0313006
