# x y topography analytical topography
0 1 0 0.0321479
0.015625 1.03648 0.0364844 0.032228
0.015625 1.03648 0.0364844 0.032228
0.03125 1.04032 0.0403179 0.0324673
0.03125 1.04032 0.0403179 0.0324673
0.046875 1.04417 0.0441694 0.0328629
0.046875 1.04417 0.0441694 0.0328629
0.0625 1.04798 0.0479843 0.0334101
0.0625 1.04798 0.0479843 0.0334101
0.078125 1.0517 0.0517 0.0341023
0.078125 1.0517 0.0517 0.0341023
0.09375 1.05525 0.055254 0.0349313
0.09375 1.05525 0.055254 0.0349313
0.109375 1.05859 0.0585855 0.0358874
0.109375 1.05859 0.0585855 0.0358874
0.125 1.06164 0.061636 0.0369595
0.125 1.06164 0.061636 0.0369595
0.140625 1.06435 0.0643499 0.0381352
0.140625 1.06435 0.0643499 0.0381352
0.15625 1.06668 0.0666752 0.0394014
0.15625 1.06668 0.0666752 0.0394014
0.171875 1.06856 0.0685645 0.0407439
0.171875 1.06856 0.0685645 0.0407439
0.1875 1.06997 0.0699749 0.0421483
0.1875 1.06997 0.0699749 0.0421483
0.203125 1.07087 0.0708692 0.0435994
0.203125 1.07087 0.0708692 0.0435994
0.21875 1.07122 0.0712159 0.0450822
0.21875 1.07122 0.0712159 0.0450822
0.234375 1.07099 0.0709901 0.0465816
0.234375 1.07099 0.0709901 0.0465816
0.25 1.07017 0.0701731 0.0480826
0.25 1.07017 0.0701731 0.0480826
0.265625 1.06875 0.0687535 0.0495707
0.265625 1.06875 0.0687535 0.0495707
0.28125 1.06673 0.0667267 0.0510319
0.28125 1.06673 0.0667267 0.0510319
0.296875 1.0641 0.0640953 0.0524526
0.296875 1.0641 0.0640953 0.0524526
0.3125 1.06087 0.060869 0.0538201
0.3125 1.06087 0.060869 0.0538201
0.328125 1.05706 0.0570647 0.0551226
0.328125 1.05706 0.0570647 0.0551226
0.34375 1.05271 0.0527061 0.0563489
0.34375 1.05271 0.0527061 0.0563489
0.359375 1.04782 0.0478234 0.0574889
0.359375 1.04782 0.0478234 0.0574889
0.375 1.04245 0.0424533 0.0585335
0.375 1.04245 0.0424533 0.0585335
0.390625 1.03664 0.0366386 0.0594744
0.390625 1.03664 0.0366386 0.0594744
0.40625 1.03043 0.0304271 0.0603043
0.40625 1.03043 0.0304271 0.0603043
0.421875 1.02387 0.0238721 0.0610171
0.421875 1.02387 0.0238721 0.0610171
0.4375 1.01703 0.0170312 0.0616074
0.4375 1.01703 0.0170312 0.0616074
0.453125 1.00997 0.00996554 0.062071
0.453125 1.00997 0.00996554 0.062071
0.46875 1.00274 0.00273991 0.0624045
0.46875 1.00274 0.00273991 0.0624045
0.484375 0.995421 -0.00457857 0.0626056
0.484375 0.995421 -0.00457857 0.0626056
0.5 0.988079 -0.0119208 0.0626727
0.5 0.988079 -0.0119208 0.0626727
0.515625 0.988135 -0.0118653 0.0626056
0.515625 0.988135 -0.0118653 0.0626056
0.53125 0.988237 -0.0117632 0.0624045
0.53125 0.988237 -0.0117632 0.0624045
0.546875 0.988386 -0.011614 0.062071
0.546875 0.988386 -0.011614 0.062071
0.5625 0.988583 -0.0114166 0.0616074
0.5625 0.988583 -0.0114166 0.0616074
0.578125 0.988831 -0.0111693 0.0610171
0.578125 0.988831 -0.0111693 0.0610171
0.59375 0.98913 -0.0108699 0.0603043
0.59375 0.98913 -0.0108699 0.0603043
0.609375 0.989484 -0.0105158 0.0594744
0.609375 0.989484 -0.0105158 0.0594744
0.625 0.989897 -0.0101034 0.0585335
0.625 0.989897 -0.0101034 0.0585335
0.640625 0.990371 -0.00962897 0.0574889
0.640625 0.990371 -0.00962897 0.0574889
0.65625 0.990912 -0.0090879 0.0563489
0.65625 0.990912 -0.0090879 0.0563489
0.671875 0.991525 -0.00847512 0.0551226
0.671875 0.991525 -0.00847512 0.0551226
0.6875 0.992215 -0.00778498 0.0538201
0.6875 0.992215 -0.00778498 0.0538201
0.703125 0.992989 -0.0070113 0.0524526
0.703125 0.992989 -0.0070113 0.0524526
0.71875 0.993853 -0.00614739 0.0510319
0.71875 0.993853 -0.00614739 0.0510319
0.734375 0.994814 -0.00518614 0.0495707
0.734375 0.994814 -0.00518614 0.0495707
0.75 0.99588 -0.00412005 0.0480826
0.75 0.99588 -0.00412005 0.0480826
0.765625 0.997059 -0.00294138 0.0465816
0.765625 0.997059 -0.00294138 0.0465816
0.78125 0.998358 -0.0016422 0.0450822
0.78125 0.998358 -0.0016422 0.0450822
0.796875 0.999785 -0.000214545 0.0435994
0.796875 0.999785 -0.000214545 0.0435994
0.8125 1.00135 0.00134944 0.0421483
0.8125 1.00135 0.00134944 0.0421483
0.828125 1.00306 0.00305735 0.0407439
0.828125 1.00306 0.00305735 0.0407439
0.84375 1.00492 0.00491635 0.0394014
0.84375 1.00492 0.00491635 0.0394014
0.859375 1.00693 0.00693299 0.0381352
0.859375 1.00693 0.00693299 0.0381352
0.875 1.00911 0.00911302 0.0369595
0.875 1.00911 0.00911302 0.0369595
0.890625 1.01146 0.0114612 0.0358874
0.890625 1.01146 0.0114612 0.0358874
0.90625 1.01398 0.0139812 0.0349313
0.90625 1.01398 0.0139812 0.0349313
0.921875 1.01668 0.0166752 0.0341023
0.921875 1.01668 0.0166752 0.0341023
0.9375 1.01954 0.0195442 0.0334101
0.9375 1.01954 0.0195442 0.0334101
0.953125 1.02259 0.0225871 0.0328629
0.953125 1.02259 0.0225871 0.0328629
0.96875 1.0258 0.0258018 0.0324673
0.96875 1.0258 0.0258018 0.0324673
0.984375 1.02919 0.0291862 0.032228
0.984375 1.02919 0.0291862 0.032228
1 1 0 0.0321479
