# x y topography analytical topography
0 1 0 0.0181933
0.015625 1.02315 0.0231484 0.0184003
0.015625 1.02315 0.0231484 0.0184003
0.03125 1.02718 0.0271835 0.0190155
0.03125 1.02718 0.0271835 0.0190155
0.046875 1.03146 0.0314593 0.020021
0.046875 1.03146 0.0314593 0.020021
0.0625 1.03592 0.0359193 0.0213889
0.0625 1.03592 0.0359193 0.0213889
0.078125 1.04048 0.040477 0.0230822
0.078125 1.04048 0.040477 0.0230822
0.09375 1.04504 0.0450396 0.0250578
0.09375 1.04504 0.0450396 0.0250578
0.109375 1.04951 0.0495114 0.0272686
0.109375 1.04951 0.0495114 0.0272686
0.125 1.0538 0.0537974 0.0296662
0.125 1.0538 0.0537974 0.0296662
0.140625 1.05781 0.0578059 0.0322027
0.140625 1.05781 0.0578059 0.0322027
0.15625 1.06145 0.0614511 0.0348326
0.15625 1.06145 0.0614511 0.0348326
0.171875 1.06466 0.0646553 0.0375144
0.171875 1.06466 0.0646553 0.0375144
0.1875 1.06735 0.0673503 0.040211
0.1875 1.06735 0.0673503 0.040211
0.203125 1.06948 0.0694781 0.0428903
0.203125 1.06948 0.0694781 0.0428903
0.21875 1.07099 0.0709921 0.0455249
0.21875 1.07099 0.0709921 0.0455249
0.234375 1.07186 0.0718565 0.0480921
0.234375 1.07186 0.0718565 0.0480921
0.25 1.07205 0.0720464 0.0505731
0.25 1.07205 0.0720464 0.0505731
0.265625 1.07155 0.0715475 0.0529527
0.265625 1.07155 0.0715475 0.0529527
0.28125 1.07036 0.0703552 0.0552184
0.28125 1.07036 0.0703552 0.0552184
0.296875 1.06847 0.0684741 0.0573599
0.296875 1.06847 0.0684741 0.0573599
0.3125 1.06592 0.0659174 0.059369
0.3125 1.06592 0.0659174 0.059369
0.328125 1.06271 0.0627065 0.0612386
0.328125 1.06271 0.0627065 0.0612386
0.34375 1.05887 0.0588699 0.0629628
0.34375 1.05887 0.0588699 0.0629628
0.359375 1.05444 0.054443 0.0645365
0.359375 1.05444 0.054443 0.0645365
0.375 1.04947 0.0494673 0.0659556
0.375 1.04947 0.0494673 0.0659556
0.390625 1.04399 0.0439901 0.0672161
0.390625 1.04399 0.0439901 0.0672161
0.40625 1.03806 0.0380637 0.068315
0.40625 1.03806 0.0380637 0.068315
0.421875 1.03174 0.0317448 0.0692494
0.421875 1.03174 0.0317448 0.0692494
0.4375 1.02509 0.0250943 0.0700171
0.4375 1.02509 0.0250943 0.0700171
0.453125 1.01818 0.0181761 0.0706161
0.453125 1.01818 0.0181761 0.0706161
0.46875 1.01106 0.0110569 0.071045
0.46875 1.01106 0.0110569 0.071045
0.484375 1.00381 0.00380545 0.0713028
0.484375 1.00381 0.00380545 0.0713028
0.5 0.996492 -0.00350827 0.0713887
0.5 0.996492 -0.00350827 0.0713887
0.515625 0.996538 -0.00346225 0.0713028
0.515625 0.996538 -0.00346225 0.0713028
0.53125 0.996592 -0.00340787 0.071045
0.53125 0.996592 -0.00340787 0.071045
0.546875 0.996655 -0.00334528 0.0706161
0.546875 0.996655 -0.00334528 0.0706161
0.5625 0.996725 -0.00327461 0.0700171
0.5625 0.996725 -0.00327461 0.0700171
0.578125 0.996804 -0.00319601 0.0692494
0.578125 0.996804 -0.00319601 0.0692494
0.59375 0.99689 -0.00310964 0.068315
0.59375 0.99689 -0.00310964 0.068315
0.609375 0.996984 -0.00301565 0.0672161
0.609375 0.996984 -0.00301565 0.0672161
0.625 0.997086 -0.00291412 0.0659556
0.625 0.997086 -0.00291412 0.0659556
0.640625 0.997195 -0.00280512 0.0645365
0.640625 0.997195 -0.00280512 0.0645365
0.65625 0.997311 -0.00268854 0.0629628
0.65625 0.997311 -0.00268854 0.0629628
0.671875 0.997436 -0.00256408 0.0612386
0.671875 0.997436 -0.00256408 0.0612386
0.6875 0.997569 -0.00243108 0.059369
0.6875 0.997569 -0.00243108 0.059369
0.703125 0.997712 -0.00228836 0.0573599
0.703125 0.997712 -0.00228836 0.0573599
0.71875 0.997866 -0.00213394 0.0552184
0.71875 0.997866 -0.00213394 0.0552184
0.734375 0.998035 -0.00196475 0.0529527
0.734375 0.998035 -0.00196475 0.0529527
0.75 0.998224 -0.00177616 0.0505731
0.75 0.998224 -0.00177616 0.0505731
0.765625 0.998438 -0.0015615 0.0480921
0.765625 0.998438 -0.0015615 0.0480921
0.78125 0.998688 -0.0013115 0.0455249
0.78125 0.998688 -0.0013115 0.0455249
0.796875 0.998986 -0.00101367 0.0428903
0.796875 0.998986 -0.00101367 0.0428903
0.8125 0.999348 -0.000651712 0.040211
0.8125 0.999348 -0.000651712 0.040211
0.828125 0.999795 -0.000205095 0.0375144
0.828125 0.999795 -0.000205095 0.0375144
0.84375 1.00035 0.000351273 0.0348326
0.84375 1.00035 0.000351273 0.0348326
0.859375 1.00105 0.001047 0.0322027
0.859375 1.00105 0.001047 0.0322027
0.875 1.00192 0.00191578 0.0296662
0.875 1.00192 0.00191578 0.0296662
0.890625 1.00299 0.00299456 0.0272686
0.890625 1.00299 0.00299456 0.0272686
0.90625 1.00432 0.00432213 0.0250578
0.90625 1.00432 0.00432213 0.0250578
0.921875 1.00594 0.00593732 0.0230822
0.921875 1.00594 0.00593732 0.0230822
0.9375 1.00788 0.00787687 0.0213889
0.9375 1.00788 0.00787687 0.0213889
0.953125 1.01017 0.010173 0.020021
0.953125 1.01017 0.010173 0.020021
0.96875 1.01285 0.0128517 0.0190155
0.96875 1.01285 0.0128517 0.0190155
0.984375 1.01594 0.0159355 0.0184003
0.984375 1.01594 0.0159355 0.0184003
1 1 0 0.0181933
