# x y topography analytical topography
0 1 0 0.0256963
0.015625 1.03034 0.0303366 0.0258217
0.015625 1.03034 0.0303366 0.0258217
0.03125 1.03424 0.034242 0.0261957
0.03125 1.03424 0.034242 0.0261957
0.046875 1.03825 0.038246 0.0268124
0.046875 1.03825 0.038246 0.0268124
0.0625 1.0423 0.0422953 0.0276615
0.0625 1.0423 0.0422953 0.0276615
0.078125 1.04632 0.0463223 0.0287295
0.078125 1.04632 0.0463223 0.0287295
0.09375 1.05026 0.0502571 0.0299997
0.09375 1.05026 0.0502571 0.0299997
0.109375 1.05403 0.0540304 0.0314526
0.109375 1.05403 0.0540304 0.0314526
0.125 1.05757 0.0575739 0.0330666
0.125 1.05757 0.0575739 0.0330666
0.140625 1.06082 0.0608215 0.0348185
0.140625 1.06082 0.0608215 0.0348185
0.15625 1.06371 0.0637109 0.036684
0.15625 1.06371 0.0637109 0.036684
0.171875 1.06618 0.0661837 0.0386386
0.171875 1.06618 0.0661837 0.0386386
0.1875 1.06819 0.0681871 0.0406576
0.1875 1.06819 0.0681871 0.0406576
0.203125 1.06967 0.0696742 0.0427169
0.203125 1.06967 0.0696742 0.0427169
0.21875 1.0706 0.0706049 0.0447933
0.21875 1.0706 0.0706049 0.0447933
0.234375 1.07095 0.0709467 0.0468647
0.234375 1.07095 0.0709467 0.0468647
0.25 1.07067 0.0706746 0.0489106
0.25 1.07067 0.0706746 0.0489106
0.265625 1.06977 0.0697719 0.050912
0.265625 1.06977 0.0697719 0.050912
0.28125 1.06823 0.0682299 0.0528514
0.28125 1.06823 0.0682299 0.0528514
0.296875 1.06605 0.0660486 0.0547135
0.296875 1.06605 0.0660486 0.0547135
0.3125 1.06324 0.0632357 0.0564841
0.3125 1.06324 0.0632357 0.0564841
0.328125 1.05981 0.0598072 0.0581511
0.328125 1.05981 0.0598072 0.0581511
0.34375 1.05579 0.0557866 0.0597036
0.34375 1.05579 0.0557866 0.0597036
0.359375 1.0512 0.0512047 0.0611325
0.359375 1.0512 0.0512047 0.0611325
0.375 1.0461 0.046099 0.0624298
0.375 1.0461 0.046099 0.0624298
0.390625 1.04051 0.0405134 0.0635886
0.390625 1.04051 0.0405134 0.0635886
0.40625 1.0345 0.0344975 0.0646033
0.40625 1.0345 0.0344975 0.0646033
0.421875 1.02811 0.0281058 0.0654693
0.421875 1.02811 0.0281058 0.0654693
0.4375 1.0214 0.0213973 0.0661828
0.4375 1.0214 0.0213973 0.0661828
0.453125 1.01443 0.0144347 0.0667406
0.453125 1.01443 0.0144347 0.0667406
0.46875 1.00728 0.0072836 0.0671406
0.46875 1.00728 0.0072836 0.0671406
0.484375 1.00001 1.21466e-05 0.0673813
0.484375 1.00001 1.21466e-05 0.0673813
0.5 0.99269 -0.00731006 0.0674616
0.5 0.99269 -0.00731006 0.0674616
0.515625 0.992739 -0.00726119 0.0673813
0.515625 0.992739 -0.00726119 0.0673813
0.53125 0.992807 -0.0071926 0.0671406
0.53125 0.992807 -0.0071926 0.0671406
0.546875 0.992896 -0.00710412 0.0667406
0.546875 0.992896 -0.00710412 0.0667406
0.5625 0.993005 -0.00699536 0.0661828
0.5625 0.993005 -0.00699536 0.0661828
0.578125 0.993134 -0.00686567 0.0654693
0.578125 0.993134 -0.00686567 0.0654693
0.59375 0.993286 -0.00671405 0.0646033
0.59375 0.993286 -0.00671405 0.0646033
0.609375 0.993461 -0.0065391 0.0635886
0.609375 0.993461 -0.0065391 0.0635886
0.625 0.993661 -0.00633896 0.0624298
0.625 0.993661 -0.00633896 0.0624298
0.640625 0.993889 -0.00611115 0.0611325
0.640625 0.993889 -0.00611115 0.0611325
0.65625 0.994147 -0.00585252 0.0597036
0.65625 0.994147 -0.00585252 0.0597036
0.671875 0.994441 -0.00555906 0.0581511
0.671875 0.994441 -0.00555906 0.0581511
0.6875 0.994774 -0.00522583 0.0564841
0.6875 0.994774 -0.00522583 0.0564841
0.703125 0.995153 -0.00484681 0.0547135
0.703125 0.995153 -0.00484681 0.0547135
0.71875 0.995585 -0.00441481 0.0528514
0.71875 0.995585 -0.00441481 0.0528514
0.734375 0.996079 -0.00392134 0.050912
0.734375 0.996079 -0.00392134 0.050912
0.75 0.996643 -0.00335659 0.0489106
0.75 0.996643 -0.00335659 0.0489106
0.765625 0.997291 -0.00270936 0.0468647
0.765625 0.997291 -0.00270936 0.0468647
0.78125 0.998033 -0.00196715 0.0447933
0.78125 0.998033 -0.00196715 0.0447933
0.796875 0.998884 -0.00111618 0.0427169
0.796875 0.998884 -0.00111618 0.0427169
0.8125 0.999858 -0.000141606 0.0406576
0.8125 0.999858 -0.000141606 0.0406576
0.828125 1.00097 0.000972292 0.0386386
0.828125 1.00097 0.000972292 0.0386386
0.84375 1.00224 0.00224179 0.036684
0.84375 1.00224 0.00224179 0.036684
0.859375 1.00368 0.00368333 0.0348185
0.859375 1.00368 0.00368333 0.0348185
0.875 1.00531 0.00531313 0.0330666
0.875 1.00531 0.00531313 0.0330666
0.890625 1.00715 0.00714662 0.0314526
0.890625 1.00715 0.00714662 0.0314526
0.90625 1.0092 0.009198 0.0299997
0.90625 1.0092 0.009198 0.0299997
0.921875 1.01148 0.0114796 0.0287295
0.921875 1.01148 0.0114796 0.0287295
0.9375 1.014 0.0140015 0.0276615
0.9375 1.014 0.0140015 0.0276615
0.953125 1.01677 0.0167709 0.0268124
0.953125 1.01677 0.0167709 0.0268124
0.96875 1.01979 0.019792 0.0261957
0.96875 1.01979 0.019792 0.0261957
0.984375 1.02307 0.0230689 0.0258217
0.984375 1.02307 0.0230689 0.0258217
1 1 0 0.0256963
