# x y topography analytical topography
0 1 0 0.0334735
0.015625 1.03774 0.0377424 0.0335458
0.015625 1.03774 0.0377424 0.0335458
0.03125 1.04156 0.0415635 0.0337617
0.03125 1.04156 0.0415635 0.0337617
0.046875 1.04539 0.0453885 0.0341188
0.046875 1.04539 0.0453885 0.0341188
0.0625 1.04916 0.0491625 0.034613
0.0625 1.04916 0.0491625 0.034613
0.078125 1.05282 0.0528235 0.0352386
0.078125 1.05282 0.0528235 0.0352386
0.09375 1.05631 0.0563099 0.0359886
0.09375 1.05631 0.0563099 0.0359886
0.109375 1.05956 0.0595621 0.0368544
0.109375 1.05956 0.0595621 0.0368544
0.125 1.06252 0.0625227 0.0378263
0.125 1.06252 0.0625227 0.0378263
0.140625 1.06514 0.0651376 0.0388938
0.140625 1.06514 0.0651376 0.0388938
0.15625 1.06736 0.0673566 0.040045
0.15625 1.06736 0.0673566 0.040045
0.171875 1.06913 0.0691334 0.0412676
0.171875 1.06913 0.0691334 0.0412676
0.1875 1.07043 0.070427 0.0425486
0.1875 1.07043 0.070427 0.0425486
0.203125 1.0712 0.0712018 0.0438747
0.203125 1.0712 0.0712018 0.0438747
0.21875 1.07143 0.0714277 0.0452322
0.21875 1.07143 0.0714277 0.0452322
0.234375 1.07108 0.0710813 0.0466074
0.234375 1.07108 0.0710813 0.0466074
0.25 1.07015 0.0701454 0.0479868
0.25 1.07015 0.0701454 0.0479868
0.265625 1.06861 0.0686096 0.049357
0.265625 1.06861 0.0686096 0.049357
0.28125 1.06647 0.0664707 0.0507049
0.28125 1.06647 0.0664707 0.0507049
0.296875 1.06373 0.063732 0.052018
0.296875 1.06373 0.063732 0.052018
0.3125 1.0604 0.0604043 0.0532842
0.3125 1.0604 0.0604043 0.0532842
0.328125 1.05651 0.056505 0.0544924
0.328125 1.05651 0.056505 0.0544924
0.34375 1.05206 0.0520584 0.0556319
0.34375 1.05206 0.0520584 0.0556319
0.359375 1.0471 0.0470953 0.056693
0.359375 1.0471 0.0470953 0.056693
0.375 1.04165 0.0416526 0.0576666
0.375 1.04165 0.0416526 0.0576666
0.390625 1.03577 0.0357732 0.0585448
0.390625 1.03577 0.0357732 0.0585448
0.40625 1.02951 0.0295054 0.0593205
0.40625 1.02951 0.0295054 0.0593205
0.421875 1.0229 0.0229024 0.0599873
0.421875 1.0229 0.0229024 0.0599873
0.4375 1.01602 0.0160217 0.0605401
0.4375 1.01602 0.0160217 0.0605401
0.453125 1.00892 0.00892472 0.0609745
0.453125 1.00892 0.00892472 0.0609745
0.46875 1.00168 0.00167612 0.0612872
0.46875 1.00168 0.00167612 0.0612872
0.484375 0.994343 -0.00565697 0.0614758
0.484375 0.994343 -0.00565697 0.0614758
0.5 0.986995 -0.0130055 0.0615388
0.5 0.986995 -0.0130055 0.0615388
0.515625 0.987052 -0.0129478 0.0614758
0.515625 0.987052 -0.0129478 0.0614758
0.53125 0.987165 -0.0128353 0.0612872
0.53125 0.987165 -0.0128353 0.0612872
0.546875 0.987333 -0.0126673 0.0609745
0.546875 0.987333 -0.0126673 0.0609745
0.5625 0.987557 -0.0124427 0.0605401
0.5625 0.987557 -0.0124427 0.0605401
0.578125 0.98784 -0.0121599 0.0599873
0.578125 0.98784 -0.0121599 0.0599873
0.59375 0.988183 -0.0118167 0.0593205
0.59375 0.988183 -0.0118167 0.0593205
0.609375 0.98859 -0.0114103 0.0585448
0.609375 0.98859 -0.0114103 0.0585448
0.625 0.989063 -0.0109375 0.0576666
0.625 0.989063 -0.0109375 0.0576666
0.640625 0.989606 -0.0103944 0.056693
0.640625 0.989606 -0.0103944 0.056693
0.65625 0.990223 -0.00977669 0.0556319
0.65625 0.990223 -0.00977669 0.0556319
0.671875 0.99092 -0.00907965 0.0544924
0.671875 0.99092 -0.00907965 0.0544924
0.6875 0.991702 -0.00829799 0.0532842
0.6875 0.991702 -0.00829799 0.0532842
0.703125 0.992574 -0.00742601 0.052018
0.703125 0.992574 -0.00742601 0.052018
0.71875 0.993542 -0.00645766 0.0507049
0.71875 0.993542 -0.00645766 0.0507049
0.734375 0.994613 -0.00538659 0.049357
0.734375 0.994613 -0.00538659 0.049357
0.75 0.995794 -0.00420623 0.0479868
0.75 0.995794 -0.00420623 0.0479868
0.765625 0.99709 -0.00290987 0.0466074
0.765625 0.99709 -0.00290987 0.0466074
0.78125 0.998509 -0.00149076 0.0452322
0.78125 0.998509 -0.00149076 0.0452322
0.796875 1.00006 5.77496e-05 0.0438747
0.796875 1.00006 5.77496e-05 0.0438747
0.8125 1.00174 0.00174209 0.0425486
0.8125 1.00174 0.00174209 0.0425486
0.828125 1.00357 0.00356836 0.0412676
0.828125 1.00357 0.00356836 0.0412676
0.84375 1.00554 0.00554215 0.040045
0.84375 1.00554 0.00554215 0.040045
0.859375 1.00767 0.00766842 0.0388938
0.859375 1.00767 0.00766842 0.0388938
0.875 1.00995 0.00995132 0.0378263
0.875 1.00995 0.00995132 0.0378263
0.890625 1.01239 0.0123941 0.0368544
0.890625 1.01239 0.0123941 0.0368544
0.90625 1.015 0.0149988 0.0359886
0.90625 1.015 0.0149988 0.0359886
0.921875 1.01777 0.0177665 0.0352386
0.921875 1.01777 0.0177665 0.0352386
0.9375 1.0207 0.0206967 0.034613
0.9375 1.0207 0.0206967 0.034613
0.953125 1.02379 0.0237876 0.0341188
0.953125 1.02379 0.0237876 0.0341188
0.96875 1.02704 0.0270359 0.0337617
0.96875 1.02704 0.0270359 0.0337617
0.984375 1.03044 0.0304389 0.0335458
0.984375 1.03044 0.0304389 0.0335458
1 1 0 0.0334735
