# x y topography analytical topography
0 1 0 0.0109949
0.015625 1.01623 0.0162274 0.0113672
0.015625 1.01623 0.0162274 0.0113672
0.03125 1.02052 0.0205232 0.0124572
0.03125 1.02052 0.0205232 0.0124572
0.046875 1.02533 0.0253265 0.0141891
0.046875 1.02533 0.0253265 0.0141891
0.0625 1.03054 0.0305361 0.0164522
0.0625 1.03054 0.0305361 0.0164522
0.078125 1.03599 0.035985 0.0191199
0.078125 1.03599 0.035985 0.0191199
0.09375 1.04149 0.0414945 0.0220672
0.09375 1.04149 0.0414945 0.0220672
0.109375 1.04689 0.046894 0.0251844
0.109375 1.04689 0.046894 0.0251844
0.125 1.05203 0.0520332 0.0283832
0.125 1.05203 0.0520332 0.0283832
0.140625 1.05679 0.0567877 0.0315986
0.140625 1.05679 0.0567877 0.0315986
0.15625 1.06106 0.0610595 0.034785
0.15625 1.06106 0.0610595 0.034785
0.171875 1.06477 0.0647738 0.0379123
0.171875 1.06477 0.0647738 0.0379123
0.1875 1.06787 0.0678747 0.04096
0.1875 1.06787 0.0678747 0.04096
0.203125 1.07032 0.0703216 0.0439145
0.203125 1.07032 0.0703216 0.0439145
0.21875 1.07209 0.0720851 0.0467655
0.21875 1.07209 0.0720851 0.0467655
0.234375 1.07315 0.0731455 0.0495047
0.234375 1.07315 0.0731455 0.0495047
0.25 1.07349 0.0734915 0.052125
0.25 1.07349 0.0734915 0.052125
0.265625 1.07312 0.073119 0.0546198
0.265625 1.07312 0.073119 0.0546198
0.28125 1.07203 0.0720314 0.056983
0.28125 1.07203 0.0720314 0.056983
0.296875 1.07024 0.0702392 0.059209
0.296875 1.07024 0.0702392 0.059209
0.3125 1.06776 0.0677594 0.0612924
0.3125 1.06776 0.0677594 0.0612924
0.328125 1.06462 0.0646161 0.0632281
0.328125 1.06462 0.0646161 0.0632281
0.34375 1.06084 0.0608394 0.0650115
0.34375 1.06084 0.0608394 0.0650115
0.359375 1.05647 0.0564658 0.0666382
0.359375 1.05647 0.0564658 0.0666382
0.375 1.05154 0.0515375 0.0681045
0.375 1.05154 0.0515375 0.0681045
0.390625 1.0461 0.0461021 0.0694066
0.390625 1.0461 0.0461021 0.0694066
0.40625 1.04021 0.040212 0.0705416
0.40625 1.04021 0.040212 0.0705416
0.421875 1.03392 0.0339241 0.0715066
0.421875 1.03392 0.0339241 0.0715066
0.4375 1.0273 0.0272993 0.0722993
0.4375 1.0273 0.0272993 0.0722993
0.453125 1.0204 0.0204013 0.0729179
0.453125 1.0204 0.0204013 0.0729179
0.46875 1.0133 0.013297 0.0733608
0.46875 1.0133 0.013297 0.0733608
0.484375 1.00606 0.00605505 0.0736269
0.484375 1.00606 0.00605505 0.0736269
0.5 0.998745 -0.00125462 0.0737157
0.5 0.998745 -0.00125462 0.0737157
0.515625 0.99879 -0.00120998 0.0736269
0.515625 0.99879 -0.00120998 0.0736269
0.53125 0.998838 -0.00116242 0.0733608
0.53125 0.998838 -0.00116242 0.0733608
0.546875 0.998888 -0.00111206 0.0729179
0.546875 0.998888 -0.00111206 0.0729179
0.5625 0.998941 -0.00105902 0.0722993
0.5625 0.998941 -0.00105902 0.0722993
0.578125 0.998997 -0.00100343 0.0715066
0.578125 0.998997 -0.00100343 0.0715066
0.59375 0.999055 -0.000945427 0.0705416
0.59375 0.999055 -0.000945427 0.0705416
0.609375 0.999115 -0.000885144 0.0694066
0.609375 0.999115 -0.000885144 0.0694066
0.625 0.999177 -0.000822727 0.0681045
0.625 0.999177 -0.000822727 0.0681045
0.640625 0.999242 -0.000758329 0.0666382
0.640625 0.999242 -0.000758329 0.0666382
0.65625 0.999308 -0.000692104 0.0650115
0.65625 0.999308 -0.000692104 0.0650115
0.671875 0.999376 -0.000624212 0.0632281
0.671875 0.999376 -0.000624212 0.0632281
0.6875 0.999445 -0.000554815 0.0612924
0.6875 0.999445 -0.000554815 0.0612924
0.703125 0.999516 -0.000484081 0.059209
0.703125 0.999516 -0.000484081 0.059209
0.71875 0.999588 -0.000412177 0.056983
0.71875 0.999588 -0.000412177 0.056983
0.734375 0.999661 -0.000339265 0.0546198
0.734375 0.999661 -0.000339265 0.0546198
0.75 0.999735 -0.000265489 0.052125
0.75 0.999735 -0.000265489 0.052125
0.765625 0.999809 -0.000190926 0.0495047
0.765625 0.999809 -0.000190926 0.0495047
0.78125 0.999885 -0.000115479 0.0467655
0.78125 0.999885 -0.000115479 0.0467655
0.796875 0.999961 -3.86212e-05 0.0439145
0.796875 0.999961 -3.86212e-05 0.0439145
0.8125 1.00004 4.11577e-05 0.04096
0.8125 1.00004 4.11577e-05 0.04096
0.828125 1.00013 0.000127413 0.0379123
0.828125 1.00013 0.000127413 0.0379123
0.84375 1.00023 0.000227616 0.034785
0.84375 1.00023 0.000227616 0.034785
0.859375 1.00036 0.000356089 0.0315986
0.859375 1.00036 0.000356089 0.0315986
0.875 1.00054 0.000538062 0.0283832
0.875 1.00054 0.000538062 0.0283832
0.890625 1.00081 0.000814414 0.0251844
0.890625 1.00081 0.000814414 0.0251844
0.90625 1.00125 0.00124599 0.0220672
0.90625 1.00125 0.00124599 0.0220672
0.921875 1.00192 0.00191565 0.0191199
0.921875 1.00192 0.00191565 0.0191199
0.9375 1.00293 0.00292599 0.0164522
0.9375 1.00293 0.00292599 0.0164522
0.953125 1.00439 0.00439112 0.0141891
0.953125 1.00439 0.00439112 0.0141891
0.96875 1.00642 0.00642342 0.0124572
0.96875 1.00642 0.00642342 0.0124572
0.984375 1.00913 0.00912554 0.0113672
0.984375 1.00913 0.00912554 0.0113672
1 1 0 0.0109949
