# x y topography analytical topography
0 1 0 0.0328667
0.015625 1.03717 0.0371668 0.0329425
0.015625 1.03717 0.0371668 0.0329425
0.03125 1.04099 0.0409935 0.033169
0.03125 1.04099 0.0409935 0.033169
0.046875 1.04483 0.0448305 0.0335435
0.046875 1.04483 0.0448305 0.0335435
0.0625 1.04862 0.048623 0.0340617
0.0625 1.04862 0.048623 0.0340617
0.078125 1.05231 0.0523087 0.0347174
0.078125 1.05231 0.0523087 0.0347174
0.09375 1.05583 0.0558257 0.0355032
0.09375 1.05583 0.0558257 0.0355032
0.109375 1.05911 0.0591138 0.0364099
0.109375 1.05911 0.0591138 0.0364099
0.125 1.06212 0.0621152 0.0374273
0.125 1.06212 0.0621152 0.0374273
0.140625 1.06478 0.0647751 0.038544
0.140625 1.06478 0.0647751 0.038544
0.15625 1.06704 0.0670424 0.0397475
0.15625 1.06704 0.0670424 0.0397475
0.171875 1.06887 0.0688704 0.0410248
0.171875 1.06887 0.0688704 0.0410248
0.1875 1.07022 0.0702173 0.0423621
0.1875 1.07022 0.0702173 0.0423621
0.203125 1.07105 0.0710466 0.0437454
0.203125 1.07105 0.0710466 0.0437454
0.21875 1.07133 0.0713278 0.0451603
0.21875 1.07133 0.0713278 0.0451603
0.234375 1.07104 0.0710367 0.0465926
0.234375 1.07104 0.0710367 0.0465926
0.25 1.07016 0.0701554 0.0480279
0.25 1.07016 0.0701554 0.0480279
0.265625 1.06867 0.0686731 0.0494525
0.265625 1.06867 0.0686731 0.0494525
0.28125 1.06659 0.0665858 0.0508527
0.28125 1.06659 0.0665858 0.0508527
0.296875 1.0639 0.0638967 0.0522156
0.296875 1.0639 0.0638967 0.0522156
0.3125 1.06062 0.060616 0.0535289
0.3125 1.06062 0.060616 0.0535289
0.328125 1.05676 0.0567608 0.0547809
0.328125 1.05676 0.0567608 0.0547809
0.34375 1.05236 0.0523551 0.0559609
0.34375 1.05236 0.0523551 0.0559609
0.359375 1.04743 0.0474295 0.0570588
0.359375 1.04743 0.0474295 0.0570588
0.375 1.04202 0.0420207 0.0580656
0.375 1.04202 0.0420207 0.0580656
0.390625 1.03617 0.0361716 0.0589732
0.390625 1.03617 0.0361716 0.0589732
0.40625 1.02993 0.0299302 0.0597744
0.40625 1.02993 0.0299302 0.0597744
0.421875 1.02335 0.0233497 0.0604628
0.421875 1.02335 0.0233497 0.0604628
0.4375 1.01649 0.0164877 0.0610333
0.4375 1.01649 0.0164877 0.0610333
0.453125 1.00941 0.00940548 0.0614814
0.453125 1.00941 0.00940548 0.0614814
0.46875 1.00217 0.0021677 0.0618039
0.46875 1.00217 0.0021677 0.0618039
0.484375 0.994841 -0.00515851 0.0619984
0.484375 0.994841 -0.00515851 0.0619984
0.5 0.987496 -0.0125041 0.0620634
0.5 0.987496 -0.0125041 0.0620634
0.515625 0.987553 -0.0124474 0.0619984
0.515625 0.987553 -0.0124474 0.0619984
0.53125 0.98766 -0.0123398 0.0618039
0.53125 0.98766 -0.0123398 0.0618039
0.546875 0.987819 -0.0121807 0.0614814
0.546875 0.987819 -0.0121807 0.0614814
0.5625 0.988031 -0.0119689 0.0610333
0.5625 0.988031 -0.0119689 0.0610333
0.578125 0.988297 -0.0117028 0.0604628
0.578125 0.988297 -0.0117028 0.0604628
0.59375 0.98862 -0.0113802 0.0597744
0.59375 0.98862 -0.0113802 0.0597744
0.609375 0.989002 -0.0109983 0.0589732
0.609375 0.989002 -0.0109983 0.0589732
0.625 0.989446 -0.0105538 0.0580656
0.625 0.989446 -0.0105538 0.0580656
0.640625 0.989957 -0.0100427 0.0570588
0.640625 0.989957 -0.0100427 0.0570588
0.65625 0.990539 -0.00946082 0.0559609
0.65625 0.990539 -0.00946082 0.0559609
0.671875 0.991197 -0.00880301 0.0547809
0.671875 0.991197 -0.00880301 0.0547809
0.6875 0.991936 -0.00806388 0.0535289
0.6875 0.991936 -0.00806388 0.0535289
0.703125 0.992763 -0.00723747 0.0522156
0.703125 0.992763 -0.00723747 0.0522156
0.71875 0.993683 -0.00631744 0.0508527
0.71875 0.993683 -0.00631744 0.0508527
0.734375 0.994703 -0.00529707 0.0494525
0.734375 0.994703 -0.00529707 0.0494525
0.75 0.995831 -0.00416936 0.0480279
0.75 0.995831 -0.00416936 0.0480279
0.765625 0.997073 -0.0029271 0.0465926
0.765625 0.997073 -0.0029271 0.0465926
0.78125 0.998437 -0.00156301 0.0451603
0.78125 0.998437 -0.00156301 0.0451603
0.796875 0.99993 -6.98472e-05 0.0437454
0.796875 0.99993 -6.98472e-05 0.0437454
0.8125 1.00156 0.00155948 0.0423621
0.8125 1.00156 0.00155948 0.0423621
0.828125 1.00333 0.00333174 0.0410248
0.828125 1.00333 0.00333174 0.0410248
0.84375 1.00525 0.00525324 0.0397475
0.84375 1.00525 0.00525324 0.0397475
0.859375 1.00733 0.00732963 0.038544
0.859375 1.00733 0.00732963 0.038544
0.875 1.00957 0.00956579 0.0374273
0.875 1.00957 0.00956579 0.0374273
0.890625 1.01197 0.0119656 0.0364099
0.890625 1.01197 0.0119656 0.0364099
0.90625 1.01453 0.014532 0.0355032
0.90625 1.01453 0.014532 0.0355032
0.921875 1.01727 0.0172663 0.0347174
0.921875 1.01727 0.0172663 0.0347174
0.9375 1.02017 0.0201688 0.0340617
0.9375 1.02017 0.0201688 0.0340617
0.953125 1.02324 0.023238 0.0335435
0.953125 1.02324 0.023238 0.0335435
0.96875 1.02647 0.0264711 0.033169
0.96875 1.02647 0.0264711 0.033169
0.984375 1.02987 0.0298657 0.0329425
0.984375 1.02987 0.0298657 0.0329425
1 1 0 0.0328667
