# x y topography analytical topography
0 1 0 0.0322297
0.015625 1.03656 0.0365621 0.0323093
0.015625 1.03656 0.0365621 0.0323093
0.03125 1.04039 0.0403949 0.0325472
0.03125 1.04039 0.0403949 0.0325472
0.046875 1.04424 0.0442447 0.0329404
0.046875 1.04424 0.0442447 0.0329404
0.0625 1.04806 0.048057 0.0334842
0.0625 1.04806 0.048057 0.0334842
0.078125 1.05177 0.0517692 0.0341722
0.078125 1.05177 0.0517692 0.0341722
0.09375 1.05532 0.055319 0.0349963
0.09375 1.05532 0.055319 0.0349963
0.109375 1.05865 0.0586455 0.0359467
0.109375 1.05865 0.0586455 0.0359467
0.125 1.06169 0.0616904 0.0370125
0.125 1.06169 0.0616904 0.0370125
0.140625 1.0644 0.064398 0.0381815
0.140625 1.0644 0.064398 0.0381815
0.15625 1.06672 0.0667167 0.0394405
0.15625 1.06672 0.0667167 0.0394405
0.171875 1.0686 0.068599 0.0407755
0.171875 1.0686 0.068599 0.0407755
0.1875 1.07 0.0700021 0.0421722
0.1875 1.07 0.0700021 0.0421722
0.203125 1.07089 0.070889 0.0436156
0.203125 1.07089 0.070889 0.0436156
0.21875 1.07123 0.0712283 0.0450907
0.21875 1.07123 0.0712283 0.0450907
0.234375 1.071 0.070995 0.0465825
0.234375 1.071 0.070995 0.0465825
0.25 1.07017 0.0701708 0.0480761
0.25 1.07017 0.0701708 0.0480761
0.265625 1.06874 0.068744 0.049557
0.265625 1.06874 0.068744 0.049557
0.28125 1.06671 0.0667104 0.0510112
0.28125 1.06671 0.0667104 0.0510112
0.296875 1.06407 0.0640725 0.0524254
0.296875 1.06407 0.0640725 0.0524254
0.3125 1.06084 0.0608401 0.0537869
0.3125 1.06084 0.0608401 0.0537869
0.328125 1.05703 0.0570301 0.0550837
0.328125 1.05703 0.0570301 0.0550837
0.34375 1.05267 0.0526661 0.0563048
0.34375 1.05267 0.0526661 0.0563048
0.359375 1.04778 0.0477786 0.0574401
0.359375 1.04778 0.0477786 0.0574401
0.375 1.0424 0.0424043 0.0584805
0.375 1.0424 0.0424043 0.0584805
0.390625 1.03659 0.0365857 0.0594177
0.390625 1.03659 0.0365857 0.0594177
0.40625 1.03037 0.0303709 0.0602444
0.40625 1.03037 0.0303709 0.0602444
0.421875 1.02381 0.0238131 0.0609545
0.421875 1.02381 0.0238131 0.0609545
0.4375 1.01697 0.0169698 0.0615426
0.4375 1.01697 0.0169698 0.0615426
0.453125 1.0099 0.00990231 0.0620045
0.453125 1.0099 0.00990231 0.0620045
0.46875 1.00268 0.00267533 0.0623368
0.46875 1.00268 0.00267533 0.0623368
0.484375 0.995356 -0.00464401 0.0625371
0.484375 0.995356 -0.00464401 0.0625371
0.5 0.988013 -0.0119866 0.062604
0.5 0.988013 -0.0119866 0.062604
0.515625 0.988069 -0.011931 0.0625371
0.515625 0.988069 -0.011931 0.0625371
0.53125 0.988172 -0.0118282 0.0623368
0.53125 0.988172 -0.0118282 0.0623368
0.546875 0.988322 -0.0116779 0.0620045
0.546875 0.988322 -0.0116779 0.0620045
0.5625 0.988521 -0.0114789 0.0615426
0.5625 0.988521 -0.0114789 0.0615426
0.578125 0.98877 -0.0112296 0.0609545
0.578125 0.98877 -0.0112296 0.0609545
0.59375 0.989072 -0.0109276 0.0602444
0.59375 0.989072 -0.0109276 0.0602444
0.609375 0.98943 -0.0105704 0.0594177
0.609375 0.98943 -0.0105704 0.0594177
0.625 0.989846 -0.0101545 0.0584805
0.625 0.989846 -0.0101545 0.0584805
0.640625 0.990324 -0.00967593 0.0574401
0.640625 0.990324 -0.00967593 0.0574401
0.65625 0.99087 -0.00913028 0.0563048
0.65625 0.99087 -0.00913028 0.0563048
0.671875 0.991488 -0.00851246 0.0550837
0.671875 0.991488 -0.00851246 0.0550837
0.6875 0.992183 -0.00781682 0.0537869
0.6875 0.992183 -0.00781682 0.0537869
0.703125 0.992963 -0.00703721 0.0524254
0.703125 0.992963 -0.00703721 0.0524254
0.71875 0.993833 -0.00616697 0.0510112
0.71875 0.993833 -0.00616697 0.0510112
0.734375 0.994801 -0.00519904 0.049557
0.734375 0.994801 -0.00519904 0.049557
0.75 0.995874 -0.00412599 0.0480761
0.75 0.995874 -0.00412599 0.0480761
0.765625 0.99706 -0.0029401 0.0465825
0.765625 0.99706 -0.0029401 0.0465825
0.78125 0.998366 -0.00163355 0.0450907
0.78125 0.998366 -0.00163355 0.0450907
0.796875 0.999802 -0.000198437 0.0436156
0.796875 0.999802 -0.000198437 0.0436156
0.8125 1.00137 0.001373 0.0421722
0.8125 1.00137 0.001373 0.0421722
0.828125 1.00309 0.00308826 0.0407755
0.828125 1.00309 0.00308826 0.0407755
0.84375 1.00495 0.0049544 0.0394405
0.84375 1.00495 0.0049544 0.0394405
0.859375 1.00698 0.00697788 0.0381815
0.859375 1.00698 0.00697788 0.0381815
0.875 1.00916 0.00916435 0.0370125
0.875 1.00916 0.00916435 0.0370125
0.890625 1.01152 0.0115185 0.0359467
0.890625 1.01152 0.0115185 0.0359467
0.90625 1.01404 0.0140438 0.0349963
0.90625 1.01404 0.0140438 0.0349963
0.921875 1.01674 0.0167424 0.0341722
0.921875 1.01674 0.0167424 0.0341722
0.9375 1.01962 0.0196152 0.0334842
0.9375 1.01962 0.0196152 0.0334842
0.953125 1.02266 0.0226612 0.0329404
0.953125 1.02266 0.0226612 0.0329404
0.96875 1.02588 0.025878 0.0325472
0.96875 1.02588 0.025878 0.0325472
0.984375 1.02926 0.0292636 0.0323093
0.984375 1.02926 0.0292636 0.0323093
1 1 0 0.0322297
