# x y topography analytical topography
0 1 0 0.0273967
0.015625 1.03196 0.0319605 0.0275087
0.015625 1.03196 0.0319605 0.0275087
0.03125 1.03584 0.0358446 0.027843
0.03125 1.03584 0.0358446 0.027843
0.046875 1.0398 0.0398036 0.0283946
0.046875 1.0398 0.0398036 0.0283946
0.0625 1.04378 0.043784 0.0291553
0.0625 1.04378 0.043784 0.0291553
0.078125 1.04772 0.04772 0.0301141
0.078125 1.04772 0.04772 0.0301141
0.09375 1.05154 0.0515442 0.031257
0.09375 1.05154 0.0515442 0.031257
0.109375 1.05519 0.0551903 0.0325679
0.109375 1.05519 0.0551903 0.0325679
0.125 1.05859 0.0585932 0.0340287
0.125 1.05859 0.0585932 0.0340287
0.140625 1.06169 0.0616904 0.0356199
0.140625 1.06169 0.0616904 0.0356199
0.15625 1.06442 0.0644229 0.0373206
0.15625 1.06442 0.0644229 0.0373206
0.171875 1.06674 0.0667358 0.0391095
0.171875 1.06674 0.0667358 0.0391095
0.1875 1.06858 0.0685793 0.0409649
0.1875 1.06858 0.0685793 0.0409649
0.203125 1.06991 0.0699094 0.0428654
0.203125 1.06991 0.0699094 0.0428654
0.21875 1.07069 0.0706883 0.0447898
0.21875 1.07069 0.0706883 0.0447898
0.234375 1.07089 0.0708855 0.0467179
0.234375 1.07089 0.0708855 0.0467179
0.25 1.07048 0.0704776 0.0486303
0.25 1.07048 0.0704776 0.0486303
0.265625 1.06945 0.069449 0.0505087
0.265625 1.06945 0.069449 0.0505087
0.28125 1.06779 0.0677916 0.0523364
0.28125 1.06779 0.0677916 0.0523364
0.296875 1.06551 0.0655058 0.0540978
0.296875 1.06551 0.0655058 0.0540978
0.3125 1.0626 0.0625992 0.0557787
0.3125 1.0626 0.0625992 0.0557787
0.328125 1.05909 0.0590877 0.0573666
0.328125 1.05909 0.0590877 0.0573666
0.34375 1.05499 0.0549942 0.05885
0.34375 1.05499 0.0549942 0.05885
0.359375 1.05035 0.050349 0.0602192
0.359375 1.05035 0.050349 0.0602192
0.375 1.04519 0.045189 0.0614654
0.375 1.04519 0.045189 0.0614654
0.390625 1.03956 0.0395574 0.062581
0.390625 1.03956 0.0395574 0.062581
0.40625 1.0335 0.033503 0.0635599
0.40625 1.0335 0.033503 0.0635599
0.421875 1.02708 0.0270798 0.0643967
0.421875 1.02708 0.0270798 0.0643967
0.4375 1.02035 0.0203461 0.065087
0.4375 1.02035 0.0203461 0.065087
0.453125 1.01336 0.0133642 0.0656273
0.453125 1.01336 0.0133642 0.0656273
0.46875 1.0062 0.00619933 0.0660152
0.46875 1.0062 0.00619933 0.0660152
0.484375 0.998919 -0.00108077 0.0662486
0.484375 0.998919 -0.00108077 0.0662486
0.5 0.991593 -0.00840664 0.0663265
0.5 0.991593 -0.00840664 0.0663265
0.515625 0.991643 -0.00835655 0.0662486
0.515625 0.991643 -0.00835655 0.0662486
0.53125 0.991718 -0.00828181 0.0660152
0.53125 0.991718 -0.00828181 0.0660152
0.546875 0.991818 -0.00818213 0.0656273
0.546875 0.991818 -0.00818213 0.0656273
0.5625 0.991943 -0.00805687 0.065087
0.5625 0.991943 -0.00805687 0.065087
0.578125 0.992095 -0.007905 0.0643967
0.578125 0.992095 -0.007905 0.0643967
0.59375 0.992275 -0.0077251 0.0635599
0.59375 0.992275 -0.0077251 0.0635599
0.609375 0.992485 -0.00751524 0.062581
0.609375 0.992485 -0.00751524 0.062581
0.625 0.992727 -0.00727291 0.0614654
0.625 0.992727 -0.00727291 0.0614654
0.640625 0.993005 -0.00699501 0.0602192
0.640625 0.993005 -0.00699501 0.0602192
0.65625 0.993322 -0.00667766 0.05885
0.65625 0.993322 -0.00667766 0.05885
0.671875 0.993684 -0.00631621 0.0573666
0.671875 0.993684 -0.00631621 0.0573666
0.6875 0.994095 -0.00590509 0.0557787
0.6875 0.994095 -0.00590509 0.0557787
0.703125 0.994562 -0.00543776 0.0540978
0.703125 0.994562 -0.00543776 0.0540978
0.71875 0.995093 -0.00490667 0.0523364
0.71875 0.995093 -0.00490667 0.0523364
0.734375 0.995697 -0.00430322 0.0505087
0.734375 0.995697 -0.00430322 0.0505087
0.75 0.996382 -0.00361774 0.0486303
0.75 0.996382 -0.00361774 0.0486303
0.765625 0.99716 -0.00283954 0.0467179
0.765625 0.99716 -0.00283954 0.0467179
0.78125 0.998043 -0.00195698 0.0447898
0.78125 0.998043 -0.00195698 0.0447898
0.796875 0.999042 -0.000957625 0.0428654
0.796875 0.999042 -0.000957625 0.0428654
0.8125 1.00017 0.000171641 0.0409649
0.8125 1.00017 0.000171641 0.0409649
0.828125 1.00144 0.00144433 0.0391095
0.828125 1.00144 0.00144433 0.0391095
0.84375 1.00287 0.00287411 0.0373206
0.84375 1.00287 0.00287411 0.0373206
0.859375 1.00447 0.00447445 0.0356199
0.859375 1.00447 0.00447445 0.0356199
0.875 1.00626 0.00625832 0.0340287
0.875 1.00626 0.00625832 0.0340287
0.890625 1.00824 0.00823773 0.0325679
0.890625 1.00824 0.00823773 0.0325679
0.90625 1.01042 0.0104234 0.031257
0.90625 1.01042 0.0104234 0.031257
0.921875 1.01282 0.0128243 0.0301141
0.921875 1.01282 0.0128243 0.0301141
0.9375 1.01545 0.0154474 0.0291553
0.9375 1.01545 0.0154474 0.0291553
0.953125 1.0183 0.018297 0.0283946
0.953125 1.0183 0.018297 0.0283946
0.96875 1.02138 0.0213751 0.027843
0.96875 1.02138 0.0213751 0.027843
0.984375 1.02468 0.0246837 0.0275087
0.984375 1.02468 0.0246837 0.0275087
1 1 0 0.0273967
