# x y topography analytical topography
0 1 0 0.0205413
0.015625 1.0254 0.0254015 0.0207175
0.015625 1.0254 0.0254015 0.0207175
0.03125 1.02939 0.0293875 0.0212419
0.03125 1.02939 0.0293875 0.0212419
0.046875 1.03356 0.0335612 0.0221021
0.046875 1.03356 0.0335612 0.0221021
0.0625 1.03787 0.0378683 0.0232785
0.0625 1.03787 0.0378683 0.0232785
0.078125 1.04223 0.0422309 0.0247448
0.078125 1.04223 0.0422309 0.0247448
0.09375 1.04657 0.0465668 0.0264694
0.09375 1.04657 0.0465668 0.0264694
0.109375 1.05079 0.0507916 0.0284172
0.109375 1.05079 0.0507916 0.0284172
0.125 1.05482 0.0548217 0.0305505
0.125 1.05482 0.0548217 0.0305505
0.140625 1.05858 0.0585757 0.0328309
0.140625 1.05858 0.0585757 0.0328309
0.15625 1.06198 0.0619766 0.0352205
0.15625 1.06198 0.0619766 0.0352205
0.171875 1.06495 0.0649532 0.0376829
0.171875 1.06495 0.0649532 0.0376829
0.1875 1.06744 0.0674418 0.0401839
0.1875 1.06744 0.0674418 0.0401839
0.203125 1.06939 0.0693869 0.0426925
0.203125 1.06939 0.0693869 0.0426925
0.21875 1.07074 0.0707424 0.0451809
0.21875 1.07074 0.0707424 0.0451809
0.234375 1.07147 0.0714717 0.0476246
0.234375 1.07147 0.0714717 0.0476246
0.25 1.07155 0.0715481 0.0500025
0.25 1.07155 0.0715481 0.0500025
0.265625 1.07095 0.0709547 0.0522964
0.265625 1.07095 0.0709547 0.0522964
0.28125 1.06968 0.0696843 0.0544913
0.28125 1.06968 0.0696843 0.0544913
0.296875 1.06774 0.0677388 0.0565743
0.296875 1.06774 0.0677388 0.0565743
0.3125 1.06513 0.0651291 0.0585346
0.3125 1.06513 0.0651291 0.0585346
0.328125 1.06187 0.0618742 0.0603635
0.328125 1.06187 0.0618742 0.0603635
0.34375 1.058 0.0580009 0.0620533
0.34375 1.058 0.0580009 0.0620533
0.359375 1.05354 0.0535433 0.0635981
0.359375 1.05354 0.0535433 0.0635981
0.375 1.04854 0.0485417 0.0649924
0.375 1.04854 0.0485417 0.0649924
0.390625 1.04304 0.0430427 0.0662321
0.390625 1.04304 0.0430427 0.0662321
0.40625 1.0371 0.037098 0.0673133
0.40625 1.0371 0.037098 0.0673133
0.421875 1.03076 0.030764 0.068233
0.421875 1.03076 0.030764 0.068233
0.4375 1.0241 0.0241012 0.0689889
0.4375 1.0241 0.0241012 0.0689889
0.453125 1.01717 0.0171734 0.0695788
0.453125 1.01717 0.0171734 0.0695788
0.46875 1.01005 0.0100472 0.0700012
0.46875 1.01005 0.0100472 0.0700012
0.484375 1.00279 0.00279136 0.0702551
0.484375 1.00279 0.00279136 0.0702551
0.5 0.995476 -0.00452423 0.0703398
0.5 0.995476 -0.00452423 0.0703398
0.515625 0.995522 -0.00447757 0.0702551
0.515625 0.995522 -0.00447757 0.0702551
0.53125 0.99558 -0.00442005 0.0700012
0.53125 0.99558 -0.00442005 0.0700012
0.546875 0.995648 -0.00435177 0.0695788
0.546875 0.995648 -0.00435177 0.0695788
0.5625 0.995727 -0.00427284 0.0689889
0.5625 0.995727 -0.00427284 0.0689889
0.578125 0.995817 -0.00418332 0.068233
0.578125 0.995817 -0.00418332 0.068233
0.59375 0.995917 -0.00408324 0.0673133
0.59375 0.995917 -0.00408324 0.0673133
0.609375 0.996027 -0.00397255 0.0662321
0.609375 0.996027 -0.00397255 0.0662321
0.625 0.996149 -0.00385104 0.0649924
0.625 0.996149 -0.00385104 0.0649924
0.640625 0.996282 -0.00371828 0.0635981
0.640625 0.996282 -0.00371828 0.0635981
0.65625 0.996426 -0.00357351 0.0620533
0.65625 0.996426 -0.00357351 0.0620533
0.671875 0.996584 -0.00341551 0.0603635
0.671875 0.996584 -0.00341551 0.0603635
0.6875 0.996758 -0.00324237 0.0585346
0.6875 0.996758 -0.00324237 0.0585346
0.703125 0.996949 -0.00305133 0.0565743
0.703125 0.996949 -0.00305133 0.0565743
0.71875 0.997162 -0.00283847 0.0544913
0.71875 0.997162 -0.00283847 0.0544913
0.734375 0.997402 -0.00259837 0.0522964
0.734375 0.997402 -0.00259837 0.0522964
0.75 0.997676 -0.00232384 0.0500025
0.75 0.997676 -0.00232384 0.0500025
0.765625 0.997995 -0.00200548 0.0476246
0.765625 0.997995 -0.00200548 0.0476246
0.78125 0.998369 -0.00163141 0.0451809
0.78125 0.998369 -0.00163141 0.0451809
0.796875 0.998813 -0.00118694 0.0426925
0.796875 0.998813 -0.00118694 0.0426925
0.8125 0.999346 -0.000654396 0.0401839
0.8125 0.999346 -0.000654396 0.0401839
0.828125 0.999987 -1.30566e-05 0.0376829
0.828125 0.999987 -1.30566e-05 0.0376829
0.84375 1.00076 0.000760714 0.0352205
0.84375 1.00076 0.000760714 0.0352205
0.859375 1.00169 0.00169311 0.0328309
0.859375 1.00169 0.00169311 0.0328309
0.875 1.00281 0.00281226 0.0305505
0.875 1.00281 0.00281226 0.0305505
0.890625 1.00415 0.00414741 0.0284172
0.890625 1.00415 0.00414741 0.0284172
0.90625 1.00573 0.00572777 0.0264694
0.90625 1.00573 0.00572777 0.0264694
0.921875 1.00758 0.00758126 0.0247448
0.921875 1.00758 0.00758126 0.0247448
0.9375 1.00973 0.00973311 0.0232785
0.9375 1.00973 0.00973311 0.0232785
0.953125 1.0122 0.0122044 0.0221021
0.953125 1.0122 0.0122044 0.0221021
0.96875 1.01501 0.0150113 0.0212419
0.96875 1.01501 0.0150113 0.0212419
0.984375 1.01817 0.0181679 0.0207175
0.984375 1.01817 0.0181679 0.0207175
1 1 0 0.0205413
