# x y topography analytical topography
0 1 0 0.0281795
0.015625 1.03271 0.0327072 0.0282857
0.015625 1.03271 0.0327072 0.0282857
0.03125 1.03658 0.0365822 0.0286029
0.03125 1.03658 0.0365822 0.0286029
0.046875 1.04052 0.0405218 0.0291264
0.046875 1.04052 0.0405218 0.0291264
0.0625 1.04447 0.0444725 0.0298489
0.0625 1.04447 0.0444725 0.0298489
0.078125 1.04837 0.048369 0.0307601
0.078125 1.04837 0.048369 0.0307601
0.09375 1.05215 0.0521451 0.0318474
0.09375 1.05215 0.0521451 0.0318474
0.109375 1.05574 0.0557355 0.0330959
0.109375 1.05574 0.0557355 0.0330959
0.125 1.05908 0.0590766 0.034489
0.125 1.05908 0.0590766 0.034489
0.140625 1.06211 0.0621071 0.0360084
0.140625 1.06211 0.0621071 0.0360084
0.15625 1.06477 0.0647695 0.0376349
0.15625 1.06477 0.0647695 0.0376349
0.171875 1.06701 0.0670102 0.0393484
0.171875 1.06701 0.0670102 0.0393484
0.1875 1.06878 0.0687808 0.0411288
0.1875 1.06878 0.0687808 0.0411288
0.203125 1.07004 0.0700385 0.0429555
0.203125 1.07004 0.0700385 0.0429555
0.21875 1.07075 0.0707468 0.0448085
0.21875 1.07075 0.0707468 0.0448085
0.234375 1.07088 0.0708758 0.0466684
0.234375 1.07088 0.0708758 0.0466684
0.25 1.0704 0.0704031 0.0485164
0.25 1.0704 0.0704031 0.0485164
0.265625 1.06931 0.0693135 0.0503348
0.265625 1.06931 0.0693135 0.0503348
0.28125 1.0676 0.0675997 0.0521072
0.28125 1.0676 0.0675997 0.0521072
0.296875 1.06526 0.0652619 0.0538181
0.296875 1.06526 0.0652619 0.0538181
0.3125 1.06231 0.0623082 0.0554534
0.3125 1.06231 0.0623082 0.0554534
0.328125 1.05875 0.0587543 0.0570006
0.328125 1.05875 0.0587543 0.0570006
0.34375 1.05462 0.0546232 0.058448
0.34375 1.05462 0.0546232 0.058448
0.359375 1.04994 0.0499449 0.0597857
0.359375 1.04994 0.0499449 0.0597857
0.375 1.04476 0.0447561 0.0610046
0.375 1.04476 0.0447561 0.0610046
0.390625 1.0391 0.0390999 0.0620971
0.390625 1.0391 0.0390999 0.0620971
0.40625 1.03302 0.0330247 0.0630565
0.40625 1.03302 0.0330247 0.0630565
0.421875 1.02658 0.0265843 0.0638773
0.421875 1.02658 0.0265843 0.0638773
0.4375 1.01984 0.0198368 0.0645548
0.4375 1.01984 0.0198368 0.0645548
0.453125 1.01284 0.0128442 0.0650855
0.453125 1.01284 0.0128442 0.0650855
0.46875 1.00567 0.00567166 0.0654665
0.46875 1.00567 0.00567166 0.0654665
0.484375 0.998387 -0.00161325 0.0656959
0.484375 0.998387 -0.00161325 0.0656959
0.5 0.991059 -0.00894117 0.0657724
0.5 0.991059 -0.00894117 0.0657724
0.515625 0.99111 -0.0088904 0.0656959
0.515625 0.99111 -0.0088904 0.0656959
0.53125 0.991188 -0.00881223 0.0654665
0.53125 0.991188 -0.00881223 0.0654665
0.546875 0.991294 -0.00870632 0.0650855
0.546875 0.991294 -0.00870632 0.0650855
0.5625 0.991428 -0.0085719 0.0645548
0.5625 0.991428 -0.0085719 0.0645548
0.578125 0.991592 -0.00840782 0.0638773
0.578125 0.991592 -0.00840782 0.0638773
0.59375 0.991788 -0.00821244 0.0630565
0.59375 0.991788 -0.00821244 0.0630565
0.609375 0.992016 -0.00798362 0.0620971
0.609375 0.992016 -0.00798362 0.0620971
0.625 0.992281 -0.00771861 0.0610046
0.625 0.992281 -0.00771861 0.0610046
0.640625 0.992586 -0.00741403 0.0597857
0.640625 0.992586 -0.00741403 0.0597857
0.65625 0.992934 -0.00706579 0.058448
0.65625 0.992934 -0.00706579 0.058448
0.671875 0.993331 -0.00666898 0.0570006
0.671875 0.993331 -0.00666898 0.0570006
0.6875 0.993782 -0.00621786 0.0554534
0.6875 0.993782 -0.00621786 0.0554534
0.703125 0.994294 -0.00570578 0.0538181
0.703125 0.994294 -0.00570578 0.0538181
0.71875 0.994875 -0.00512515 0.0521072
0.71875 0.994875 -0.00512515 0.0521072
0.734375 0.995533 -0.00446744 0.0503348
0.734375 0.995533 -0.00446744 0.0503348
0.75 0.996277 -0.00372319 0.0485164
0.75 0.996277 -0.00372319 0.0485164
0.765625 0.997118 -0.00288206 0.0466684
0.765625 0.997118 -0.00288206 0.0466684
0.78125 0.998067 -0.00193293 0.0448085
0.78125 0.998067 -0.00193293 0.0448085
0.796875 0.999136 -0.000864028 0.0429555
0.796875 0.999136 -0.000864028 0.0429555
0.8125 1.00034 0.000336886 0.0411288
0.8125 1.00034 0.000336886 0.0411288
0.828125 1.00168 0.00168232 0.0393484
0.828125 1.00168 0.00168232 0.0393484
0.84375 1.00318 0.00318477 0.0376349
0.84375 1.00318 0.00318477 0.0376349
0.859375 1.00486 0.00485643 0.0360084
0.859375 1.00486 0.00485643 0.0360084
0.875 1.00671 0.0067089 0.034489
0.875 1.00671 0.0067089 0.034489
0.890625 1.00875 0.00875279 0.0330959
0.890625 1.00875 0.00875279 0.0330959
0.90625 1.011 0.0109974 0.0318474
0.90625 1.011 0.0109974 0.0318474
0.921875 1.01345 0.0134503 0.0307601
0.921875 1.01345 0.0134503 0.0307601
0.9375 1.01612 0.0161173 0.0298489
0.9375 1.01612 0.0161173 0.0298489
0.953125 1.019 0.0190016 0.0291264
0.953125 1.019 0.0190016 0.0291264
0.96875 1.0221 0.0221043 0.0286029
0.96875 1.0221 0.0221043 0.0286029
0.984375 1.02543 0.0254266 0.0282857
0.984375 1.02543 0.0254266 0.0282857
1 1 0 0.0281795
