# x y topography analytical topography
0 1 0 0.019019
0.015625 1.02394 0.0239411 0.0192145
0.015625 1.02394 0.0239411 0.0192145
0.03125 1.02796 0.0279577 0.0197956
0.03125 1.02796 0.0279577 0.0197956
0.046875 1.0322 0.0321953 0.0207468
0.046875 1.0322 0.0321953 0.0207468
0.0625 1.0366 0.0365981 0.0220434
0.0625 1.0366 0.0365981 0.0220434
0.078125 1.04108 0.0410834 0.0236528
0.078125 1.04108 0.0410834 0.0236528
0.09375 1.04556 0.0455624 0.0255365
0.09375 1.04556 0.0455624 0.0255365
0.109375 1.04994 0.049944 0.0276519
0.109375 1.04994 0.049944 0.0276519
0.125 1.05414 0.0541375 0.0299549
0.125 1.05414 0.0541375 0.0299549
0.140625 1.05806 0.0580551 0.0324008
0.140625 1.05806 0.0580551 0.0324008
0.15625 1.06161 0.0616143 0.0349471
0.15625 1.06161 0.0616143 0.0349471
0.171875 1.06474 0.0647397 0.0375538
0.171875 1.06474 0.0647397 0.0375538
0.1875 1.06736 0.0673642 0.0401845
0.1875 1.06736 0.0673642 0.0401845
0.203125 1.06943 0.0694308 0.0428074
0.203125 1.06943 0.0694308 0.0428074
0.21875 1.07089 0.0708927 0.0453945
0.21875 1.07089 0.0708927 0.0453945
0.234375 1.07171 0.0717134 0.0479222
0.234375 1.07171 0.0717134 0.0479222
0.25 1.07187 0.0718672 0.0503708
0.25 1.07187 0.0718672 0.0503708
0.265625 1.07134 0.0713387 0.0527239
0.265625 1.07134 0.0713387 0.0527239
0.28125 1.07012 0.0701222 0.0549678
0.28125 1.07012 0.0701222 0.0549678
0.296875 1.06822 0.0682214 0.0570914
0.296875 1.06822 0.0682214 0.0570914
0.3125 1.06565 0.0656485 0.0590855
0.3125 1.06565 0.0656485 0.0590855
0.328125 1.06242 0.0624242 0.0609426
0.328125 1.06242 0.0624242 0.0609426
0.34375 1.05858 0.0585763 0.0626561
0.34375 1.05858 0.0585763 0.0626561
0.359375 1.05414 0.0541399 0.0642208
0.359375 1.05414 0.0541399 0.0642208
0.375 1.04916 0.0491561 0.065632
0.375 1.04916 0.0491561 0.065632
0.390625 1.04367 0.043672 0.0668859
0.390625 1.04367 0.043672 0.0668859
0.40625 1.03774 0.0377397 0.0679791
0.40625 1.03774 0.0377397 0.0679791
0.421875 1.03142 0.031416 0.0689087
0.421875 1.03142 0.031416 0.0689087
0.4375 1.02476 0.0247614 0.0696725
0.4375 1.02476 0.0247614 0.0696725
0.453125 1.01784 0.0178401 0.0702685
0.453125 1.01784 0.0178401 0.0702685
0.46875 1.01072 0.0107186 0.0706953
0.46875 1.01072 0.0107186 0.0706953
0.484375 1.00347 0.00346571 0.0709518
0.484375 1.00347 0.00346571 0.0709518
0.5 0.996151 -0.00384863 0.0710373
0.5 0.996151 -0.00384863 0.0710373
0.515625 0.996198 -0.00380239 0.0709518
0.515625 0.996198 -0.00380239 0.0709518
0.53125 0.996253 -0.00374698 0.0706953
0.53125 0.996253 -0.00374698 0.0706953
0.546875 0.996317 -0.00368252 0.0702685
0.546875 0.996317 -0.00368252 0.0702685
0.5625 0.996391 -0.00360914 0.0696725
0.5625 0.996391 -0.00360914 0.0696725
0.578125 0.996473 -0.00352698 0.0689087
0.578125 0.996473 -0.00352698 0.0689087
0.59375 0.996564 -0.00343617 0.0679791
0.59375 0.996564 -0.00343617 0.0679791
0.609375 0.996663 -0.00333681 0.0668859
0.609375 0.996663 -0.00333681 0.0668859
0.625 0.996771 -0.00322893 0.065632
0.625 0.996771 -0.00322893 0.065632
0.640625 0.996888 -0.00311244 0.0642208
0.640625 0.996888 -0.00311244 0.0642208
0.65625 0.997013 -0.00298708 0.0626561
0.65625 0.997013 -0.00298708 0.0626561
0.671875 0.997148 -0.00285227 0.0609426
0.671875 0.997148 -0.00285227 0.0609426
0.6875 0.997293 -0.00270697 0.0590855
0.6875 0.997293 -0.00270697 0.0590855
0.703125 0.997451 -0.00254949 0.0570914
0.703125 0.997451 -0.00254949 0.0570914
0.71875 0.997623 -0.0023772 0.0549678
0.71875 0.997623 -0.0023772 0.0549678
0.734375 0.997814 -0.00218618 0.0527239
0.734375 0.997814 -0.00218618 0.0527239
0.75 0.998029 -0.00197085 0.0503708
0.75 0.998029 -0.00197085 0.0503708
0.765625 0.998277 -0.00172349 0.0479222
0.765625 0.998277 -0.00172349 0.0479222
0.78125 0.998566 -0.00143372 0.0453945
0.78125 0.998566 -0.00143372 0.0453945
0.796875 0.998912 -0.00108805 0.0428074
0.796875 0.998912 -0.00108805 0.0428074
0.8125 0.999331 -0.000669444 0.0401845
0.8125 0.999331 -0.000669444 0.0401845
0.828125 0.999843 -0.000156997 0.0375538
0.828125 0.999843 -0.000156997 0.0375538
0.84375 1.00047 0.000474133 0.0349471
0.84375 1.00047 0.000474133 0.0349471
0.859375 1.00125 0.00125255 0.0324008
0.859375 1.00125 0.00125255 0.0324008
0.875 1.00221 0.00221011 0.0299549
0.875 1.00221 0.00221011 0.0299549
0.890625 1.00338 0.003381 0.0276519
0.890625 1.00338 0.003381 0.0276519
0.90625 1.0048 0.00480044 0.0255365
0.90625 1.0048 0.00480044 0.0255365
0.921875 1.0065 0.0065031 0.0236528
0.921875 1.0065 0.0065031 0.0236528
0.9375 1.00852 0.00852122 0.0220434
0.9375 1.00852 0.00852122 0.0220434
0.953125 1.01088 0.0108826 0.0207468
0.953125 1.01088 0.0108826 0.0207468
0.96875 1.01361 0.0136092 0.0197956
0.96875 1.01361 0.0136092 0.0197956
0.984375 1.01672 0.0167204 0.0192145
0.984375 1.01672 0.0167204 0.0192145
1 1 0 0.019019
