# x y topography analytical topography
0 1 0 0.0354504
0.015625 1.03961 0.039614 0.0355116
0.015625 1.03961 0.039614 0.0355116
0.03125 1.04342 0.0434175 0.0356945
0.03125 1.04342 0.0434175 0.0356945
0.046875 1.04721 0.0472052 0.035997
0.046875 1.04721 0.0472052 0.035997
0.0625 1.05092 0.0509214 0.036416
0.0625 1.05092 0.0509214 0.036416
0.078125 1.0545 0.0545047 0.0369469
0.078125 1.0545 0.0545047 0.0369469
0.09375 1.05789 0.057895 0.037584
0.09375 1.05789 0.057895 0.037584
0.109375 1.06103 0.0610339 0.0383204
0.109375 1.06103 0.0610339 0.0383204
0.125 1.06387 0.0638657 0.0391484
0.125 1.06387 0.0638657 0.0391484
0.140625 1.06634 0.0663382 0.0400591
0.140625 1.06634 0.0663382 0.0400591
0.15625 1.0684 0.0684031 0.0410431
0.15625 1.0684 0.0684031 0.0410431
0.171875 1.07002 0.0700162 0.0420901
0.171875 1.07002 0.0700162 0.0420901
0.1875 1.07114 0.0711388 0.0431894
0.1875 1.07114 0.0711388 0.0431894
0.203125 1.07174 0.0717372 0.0443297
0.203125 1.07174 0.0717372 0.0443297
0.21875 1.07178 0.0717836 0.0454997
0.21875 1.07178 0.0717836 0.0454997
0.234375 1.07126 0.0712567 0.0466877
0.234375 1.07126 0.0712567 0.0466877
0.25 1.07014 0.0701411 0.0478821
0.25 1.07014 0.0701411 0.0478821
0.265625 1.06843 0.0684286 0.0490712
0.265625 1.06843 0.0684286 0.0490712
0.28125 1.06612 0.0661173 0.0502438
0.28125 1.06612 0.0661173 0.0502438
0.296875 1.06321 0.0632125 0.0513887
0.296875 1.06321 0.0632125 0.0513887
0.3125 1.05973 0.0597262 0.0524954
0.3125 1.05973 0.0597262 0.0524954
0.328125 1.05568 0.0556771 0.0535535
0.328125 1.05568 0.0556771 0.0535535
0.34375 1.05109 0.0510905 0.0545537
0.34375 1.05109 0.0510905 0.0545537
0.359375 1.046 0.0459982 0.0554868
0.359375 1.046 0.0459982 0.0554868
0.375 1.04044 0.040438 0.0563446
0.375 1.04044 0.040438 0.0563446
0.390625 1.03445 0.0344533 0.0571196
0.390625 1.03445 0.0344533 0.0571196
0.40625 1.02809 0.0280929 0.0578052
0.40625 1.02809 0.0280929 0.0578052
0.421875 1.02141 0.0214103 0.0583954
0.421875 1.02141 0.0214103 0.0583954
0.4375 1.01446 0.0144636 0.0588852
0.4375 1.01446 0.0144636 0.0588852
0.453125 1.00731 0.00731429 0.0592705
0.453125 1.00731 0.00731429 0.0592705
0.46875 1.00003 2.71774e-05 0.059548
0.46875 1.00003 2.71774e-05 0.059548
0.484375 0.99267 -0.00733047 0.0597154
0.484375 0.99267 -0.00733047 0.0597154
0.5 0.98531 -0.0146895 0.0597714
0.5 0.98531 -0.0146895 0.0597714
0.515625 0.985372 -0.0146284 0.0597154
0.515625 0.985372 -0.0146284 0.0597154
0.53125 0.985502 -0.0144983 0.059548
0.53125 0.985502 -0.0144983 0.059548
0.546875 0.985701 -0.0142987 0.0592705
0.546875 0.985701 -0.0142987 0.0592705
0.5625 0.985971 -0.0140287 0.0588852
0.5625 0.985971 -0.0140287 0.0588852
0.578125 0.986313 -0.0136867 0.0583954
0.578125 0.986313 -0.0136867 0.0583954
0.59375 0.986729 -0.0132706 0.0578052
0.59375 0.986729 -0.0132706 0.0578052
0.609375 0.987222 -0.0127781 0.0571196
0.609375 0.987222 -0.0127781 0.0571196
0.625 0.987794 -0.0122063 0.0563446
0.625 0.987794 -0.0122063 0.0563446
0.640625 0.988448 -0.0115516 0.0554868
0.640625 0.988448 -0.0115516 0.0554868
0.65625 0.989189 -0.0108105 0.0545537
0.65625 0.989189 -0.0108105 0.0545537
0.671875 0.990021 -0.00997884 0.0535535
0.671875 0.990021 -0.00997884 0.0535535
0.6875 0.990948 -0.00905217 0.0524954
0.6875 0.990948 -0.00905217 0.0524954
0.703125 0.991974 -0.00802582 0.0513887
0.703125 0.991974 -0.00802582 0.0513887
0.71875 0.993105 -0.00689492 0.0502438
0.71875 0.993105 -0.00689492 0.0502438
0.734375 0.994346 -0.00565444 0.0490712
0.734375 0.994346 -0.00565444 0.0490712
0.75 0.995701 -0.00429933 0.0478821
0.75 0.995701 -0.00429933 0.0478821
0.765625 0.997175 -0.00282452 0.0466877
0.765625 0.997175 -0.00282452 0.0466877
0.78125 0.998775 -0.00122508 0.0454997
0.78125 0.998775 -0.00122508 0.0454997
0.796875 1.0005 0.000503714 0.0443297
0.796875 1.0005 0.000503714 0.0443297
0.8125 1.00237 0.00236625 0.0431894
0.8125 1.00237 0.00236625 0.0431894
0.828125 1.00437 0.00436652 0.0420901
0.828125 1.00437 0.00436652 0.0420901
0.84375 1.00651 0.00650796 0.0410431
0.84375 1.00651 0.00650796 0.0410431
0.859375 1.00879 0.00879335 0.0400591
0.859375 1.00879 0.00879335 0.0400591
0.875 1.01122 0.0112248 0.0391484
0.875 1.01122 0.0112248 0.0391484
0.890625 1.0138 0.0138033 0.0383204
0.890625 1.0138 0.0138033 0.0383204
0.90625 1.01653 0.0165293 0.037584
0.90625 1.01653 0.0165293 0.037584
0.921875 1.0194 0.0194019 0.0369469
0.921875 1.0194 0.0194019 0.0369469
0.9375 1.02242 0.0224191 0.036416
0.9375 1.02242 0.0224191 0.036416
0.953125 1.02558 0.0255778 0.035997
0.953125 1.02558 0.0255778 0.035997
0.96875 1.02887 0.0288738 0.0356945
0.96875 1.02887 0.0288738 0.0356945
0.984375 1.0323 0.0323031 0.0355116
0.984375 1.0323 0.0323031 0.0355116
1 1 0 0.0354504
