# x y topography
0 1 0
0.015625 1.03002 0.0300166
0.015625 1.03002 0.0300166
0.03125 1.03042 0.0304164
0.03125 1.03042 0.0304164
0.046875 1.03104 0.0310445
0.046875 1.03104 0.0310445
0.0625 1.03186 0.031864
0.0625 1.03186 0.031864
0.078125 1.03285 0.0328475
0.078125 1.03285 0.0328475
0.09375 1.03397 0.0339724
0.09375 1.03397 0.0339724
0.109375 1.03522 0.0352188
0.109375 1.03522 0.0352188
0.125 1.03657 0.0365686
0.125 1.03657 0.0365686
0.140625 1.038 0.0380045
0.140625 1.038 0.0380045
0.15625 1.03951 0.0395102
0.15625 1.03951 0.0395102
0.171875 1.04107 0.04107
0.171875 1.04107 0.04107
0.1875 1.04267 0.0426687
0.1875 1.04267 0.0426687
0.203125 1.04429 0.0442913
0.203125 1.04429 0.0442913
0.21875 1.04592 0.0459237
0.21875 1.04592 0.0459237
0.234375 1.04755 0.0475518
0.234375 1.04755 0.0475518
0.25 1.04916 0.0491625
0.25 1.04916 0.0491625
0.265625 1.05074 0.0507428
0.265625 1.05074 0.0507428
0.28125 1.05228 0.0522805
0.28125 1.05228 0.0522805
0.296875 1.05376 0.0537642
0.296875 1.05376 0.0537642
0.3125 1.05518 0.0551828
0.3125 1.05518 0.0551828
0.328125 1.05653 0.0565262
0.328125 1.05653 0.0565262
0.34375 1.05778 0.0577849
0.34375 1.05778 0.0577849
0.359375 1.05895 0.0589503
0.359375 1.05895 0.0589503
0.375 1.06001 0.0600143
0.375 1.06001 0.0600143
0.390625 1.06097 0.06097
0.390625 1.06097 0.06097
0.40625 1.06181 0.061811
0.40625 1.06181 0.061811
0.421875 1.06253 0.0625319
0.421875 1.06253 0.0625319
0.4375 1.06313 0.063128
0.4375 1.06313 0.063128
0.453125 1.0636 0.0635956
0.453125 1.0636 0.0635956
0.46875 1.06393 0.0639316
0.46875 1.06393 0.0639316
0.484375 1.06413 0.0641341
0.484375 1.06413 0.0641341
0.5 1.0642 0.0642018
0.5 1.0642 0.0642018
0.515625 1.06413 0.0641341
0.515625 1.06413 0.0641341
0.53125 1.06393 0.0639316
0.53125 1.06393 0.0639316
0.546875 1.0636 0.0635956
0.546875 1.0636 0.0635956
0.5625 1.06313 0.063128
0.5625 1.06313 0.063128
0.578125 1.06253 0.0625319
0.578125 1.06253 0.0625319
0.59375 1.06181 0.061811
0.59375 1.06181 0.061811
0.609375 1.06097 0.06097
0.609375 1.06097 0.06097
0.625 1.06001 0.0600143
0.625 1.06001 0.0600143
0.640625 1.05895 0.0589503
0.640625 1.05895 0.0589503
0.65625 1.05778 0.0577849
0.65625 1.05778 0.0577849
0.671875 1.05653 0.0565262
0.671875 1.05653 0.0565262
0.6875 1.05518 0.0551828
0.6875 1.05518 0.0551828
0.703125 1.05376 0.0537642
0.703125 1.05376 0.0537642
0.71875 1.05228 0.0522805
0.71875 1.05228 0.0522805
0.734375 1.05074 0.0507428
0.734375 1.05074 0.0507428
0.75 1.04916 0.0491625
0.75 1.04916 0.0491625
0.765625 1.04755 0.0475518
0.765625 1.04755 0.0475518
0.78125 1.04592 0.0459237
0.78125 1.04592 0.0459237
0.796875 1.04429 0.0442913
0.796875 1.04429 0.0442913
0.8125 1.04267 0.0426687
0.8125 1.04267 0.0426687
0.828125 1.04107 0.04107
0.828125 1.04107 0.04107
0.84375 1.03951 0.0395102
0.84375 1.03951 0.0395102
0.859375 1.038 0.0380045
0.859375 1.038 0.0380045
0.875 1.03657 0.0365686
0.875 1.03657 0.0365686
0.890625 1.03522 0.0352188
0.890625 1.03522 0.0352188
0.90625 1.03397 0.0339724
0.90625 1.03397 0.0339724
0.921875 1.03285 0.0328475
0.921875 1.03285 0.0328475
0.9375 1.03186 0.031864
0.9375 1.03186 0.031864
0.953125 1.03104 0.0310445
0.953125 1.03104 0.0310445
0.96875 1.03042 0.0304164
0.96875 1.03042 0.0304164
0.984375 1.03002 0.0300166
0.984375 1.03002 0.0300166
1 1 0
