# x y topography
0 1 0
0.015625 1.01259 0.01259
0.015625 1.01259 0.01259
0.03125 1.01346 0.0134579
0.03125 1.01346 0.0134579
0.046875 1.01498 0.0149824
0.046875 1.01498 0.0149824
0.0625 1.01705 0.0170545
0.0625 1.01705 0.0170545
0.078125 1.01956 0.0195553
0.078125 1.01956 0.0195553
0.09375 1.02237 0.0223666
0.09375 1.02237 0.0223666
0.109375 1.02538 0.0253805
0.109375 1.02538 0.0253805
0.125 1.02851 0.0285063
0.125 1.02851 0.0285063
0.140625 1.03167 0.0316736
0.140625 1.03167 0.0316736
0.15625 1.03483 0.0348307
0.15625 1.03483 0.0348307
0.171875 1.03794 0.0379413
0.171875 1.03794 0.0379413
0.1875 1.04098 0.0409804
0.1875 1.04098 0.0409804
0.203125 1.04393 0.0439308
0.203125 1.04393 0.0439308
0.21875 1.04678 0.0467802
0.21875 1.04678 0.0467802
0.234375 1.04952 0.0495191
0.234375 1.04952 0.0495191
0.25 1.05214 0.0521397
0.25 1.05214 0.0521397
0.265625 1.05464 0.054635
0.265625 1.05464 0.054635
0.28125 1.057 0.0569989
0.28125 1.057 0.0569989
0.296875 1.05923 0.0592255
0.296875 1.05923 0.0592255
0.3125 1.06131 0.0613094
0.3125 1.06131 0.0613094
0.328125 1.06325 0.0632456
0.328125 1.06325 0.0632456
0.34375 1.06503 0.0650295
0.34375 1.06503 0.0650295
0.359375 1.06666 0.0666567
0.359375 1.06666 0.0666567
0.375 1.06812 0.0681233
0.375 1.06812 0.0681233
0.390625 1.06943 0.0694258
0.390625 1.06943 0.0694258
0.40625 1.07056 0.0705611
0.40625 1.07056 0.0705611
0.421875 1.07153 0.0715264
0.421875 1.07153 0.0715264
0.4375 1.07232 0.0723193
0.4375 1.07232 0.0723193
0.453125 1.07294 0.0729381
0.453125 1.07294 0.0729381
0.46875 1.07338 0.0733811
0.46875 1.07338 0.0733811
0.484375 1.07365 0.0736473
0.484375 1.07365 0.0736473
0.5 1.07374 0.0737362
0.5 1.07374 0.0737362
0.515625 1.07365 0.0736473
0.515625 1.07365 0.0736473
0.53125 1.07338 0.0733811
0.53125 1.07338 0.0733811
0.546875 1.07294 0.0729381
0.546875 1.07294 0.0729381
0.5625 1.07232 0.0723193
0.5625 1.07232 0.0723193
0.578125 1.07153 0.0715264
0.578125 1.07153 0.0715264
0.59375 1.07056 0.0705611
0.59375 1.07056 0.0705611
0.609375 1.06943 0.0694258
0.609375 1.06943 0.0694258
0.625 1.06812 0.0681233
0.625 1.06812 0.0681233
0.640625 1.06666 0.0666567
0.640625 1.06666 0.0666567
0.65625 1.06503 0.0650295
0.65625 1.06503 0.0650295
0.671875 1.06325 0.0632456
0.671875 1.06325 0.0632456
0.6875 1.06131 0.0613094
0.6875 1.06131 0.0613094
0.703125 1.05923 0.0592255
0.703125 1.05923 0.0592255
0.71875 1.057 0.0569989
0.71875 1.057 0.0569989
0.734375 1.05464 0.054635
0.734375 1.05464 0.054635
0.75 1.05214 0.0521397
0.75 1.05214 0.0521397
0.765625 1.04952 0.0495191
0.765625 1.04952 0.0495191
0.78125 1.04678 0.0467802
0.78125 1.04678 0.0467802
0.796875 1.04393 0.0439308
0.796875 1.04393 0.0439308
0.8125 1.04098 0.0409804
0.8125 1.04098 0.0409804
0.828125 1.03794 0.0379413
0.828125 1.03794 0.0379413
0.84375 1.03483 0.0348307
0.84375 1.03483 0.0348307
0.859375 1.03167 0.0316736
0.859375 1.03167 0.0316736
0.875 1.02851 0.0285063
0.875 1.02851 0.0285063
0.890625 1.02538 0.0253805
0.890625 1.02538 0.0253805
0.90625 1.02237 0.0223666
0.90625 1.02237 0.0223666
0.921875 1.01956 0.0195553
0.921875 1.01956 0.0195553
0.9375 1.01705 0.0170545
0.9375 1.01705 0.0170545
0.953125 1.01498 0.0149824
0.953125 1.01498 0.0149824
0.96875 1.01346 0.0134579
0.96875 1.01346 0.0134579
0.984375 1.01259 0.01259
0.984375 1.01259 0.01259
1 1 0
