# x y topography
0 1 0
0.015625 1.01886 0.0188614
0.015625 1.01886 0.0188614
0.03125 1.01946 0.0194559
0.03125 1.01946 0.0194559
0.046875 1.02047 0.0204664
0.046875 1.02047 0.0204664
0.0625 1.02184 0.0218419
0.0625 1.02184 0.0218419
0.078125 1.02354 0.0235356
0.078125 1.02354 0.0235356
0.09375 1.0255 0.0255008
0.09375 1.0255 0.0255008
0.109375 1.02769 0.0276912
0.109375 1.02769 0.0276912
0.125 1.03006 0.0300606
0.125 1.03006 0.0300606
0.140625 1.03256 0.0325644
0.140625 1.03256 0.0325644
0.15625 1.03516 0.0351604
0.15625 1.03516 0.0351604
0.171875 1.03781 0.0378098
0.171875 1.03781 0.0378098
0.1875 1.04048 0.0404774
0.1875 1.04048 0.0404774
0.203125 1.04313 0.0431322
0.203125 1.04313 0.0431322
0.21875 1.04575 0.0457474
0.21875 1.04575 0.0457474
0.234375 1.0483 0.0483002
0.234375 1.0483 0.0483002
0.25 1.05077 0.0507714
0.25 1.05077 0.0507714
0.265625 1.05315 0.0531451
0.265625 1.05315 0.0531451
0.28125 1.05541 0.055408
0.28125 1.05541 0.055408
0.296875 1.05755 0.0575491
0.296875 1.05755 0.0575491
0.3125 1.05956 0.0595595
0.3125 1.05956 0.0595595
0.328125 1.06143 0.0614315
0.328125 1.06143 0.0614315
0.34375 1.06316 0.0631588
0.34375 1.06316 0.0631588
0.359375 1.06474 0.064736
0.359375 1.06474 0.064736
0.375 1.06616 0.0661585
0.375 1.06616 0.0661585
0.390625 1.06742 0.0674224
0.390625 1.06742 0.0674224
0.40625 1.06852 0.0685243
0.40625 1.06852 0.0685243
0.421875 1.06946 0.0694613
0.421875 1.06946 0.0694613
0.4375 1.07023 0.0702312
0.4375 1.07023 0.0702312
0.453125 1.07083 0.070832
0.453125 1.07083 0.070832
0.46875 1.07126 0.0712622
0.46875 1.07126 0.0712622
0.484375 1.07152 0.0715207
0.484375 1.07152 0.0715207
0.5 1.07161 0.071607
0.5 1.07161 0.071607
0.515625 1.07152 0.0715207
0.515625 1.07152 0.0715207
0.53125 1.07126 0.0712622
0.53125 1.07126 0.0712622
0.546875 1.07083 0.070832
0.546875 1.07083 0.070832
0.5625 1.07023 0.0702312
0.5625 1.07023 0.0702312
0.578125 1.06946 0.0694613
0.578125 1.06946 0.0694613
0.59375 1.06852 0.0685243
0.59375 1.06852 0.0685243
0.609375 1.06742 0.0674224
0.609375 1.06742 0.0674224
0.625 1.06616 0.0661585
0.625 1.06616 0.0661585
0.640625 1.06474 0.064736
0.640625 1.06474 0.064736
0.65625 1.06316 0.0631588
0.65625 1.06316 0.0631588
0.671875 1.06143 0.0614315
0.671875 1.06143 0.0614315
0.6875 1.05956 0.0595595
0.6875 1.05956 0.0595595
0.703125 1.05755 0.0575491
0.703125 1.05755 0.0575491
0.71875 1.05541 0.055408
0.71875 1.05541 0.055408
0.734375 1.05315 0.0531451
0.734375 1.05315 0.0531451
0.75 1.05077 0.0507714
0.75 1.05077 0.0507714
0.765625 1.0483 0.0483002
0.765625 1.0483 0.0483002
0.78125 1.04575 0.0457474
0.78125 1.04575 0.0457474
0.796875 1.04313 0.0431322
0.796875 1.04313 0.0431322
0.8125 1.04048 0.0404774
0.8125 1.04048 0.0404774
0.828125 1.03781 0.0378098
0.828125 1.03781 0.0378098
0.84375 1.03516 0.0351604
0.84375 1.03516 0.0351604
0.859375 1.03256 0.0325644
0.859375 1.03256 0.0325644
0.875 1.03006 0.0300606
0.875 1.03006 0.0300606
0.890625 1.02769 0.0276912
0.890625 1.02769 0.0276912
0.90625 1.0255 0.0255008
0.90625 1.0255 0.0255008
0.921875 1.02354 0.0235356
0.921875 1.02354 0.0235356
0.9375 1.02184 0.0218419
0.9375 1.02184 0.0218419
0.953125 1.02047 0.0204664
0.953125 1.02047 0.0204664
0.96875 1.01946 0.0194559
0.96875 1.01946 0.0194559
0.984375 1.01886 0.0188614
0.984375 1.01886 0.0188614
1 1 0
