# x y topography
0 1 0
0.015625 1.0284 0.0283962
0.015625 1.0284 0.0283962
0.03125 1.02882 0.0288155
0.03125 1.02882 0.0288155
0.046875 1.02948 0.0294823
0.046875 1.02948 0.0294823
0.0625 1.03036 0.030359
0.0625 1.03036 0.030359
0.078125 1.03142 0.0314173
0.078125 1.03142 0.0314173
0.09375 1.03263 0.0326332
0.09375 1.03263 0.0326332
0.109375 1.03399 0.0339854
0.109375 1.03399 0.0339854
0.125 1.03545 0.035454
0.125 1.03545 0.035454
0.140625 1.03702 0.03702
0.140625 1.03702 0.03702
0.15625 1.03867 0.0386651
0.15625 1.03867 0.0386651
0.171875 1.04037 0.0403715
0.171875 1.04037 0.0403715
0.1875 1.04212 0.0421218
0.1875 1.04212 0.0421218
0.203125 1.0439 0.0438993
0.203125 1.0439 0.0438993
0.21875 1.04569 0.0456876
0.21875 1.04569 0.0456876
0.234375 1.04747 0.0474711
0.234375 1.04747 0.0474711
0.25 1.04923 0.0492346
0.25 1.04923 0.0492346
0.265625 1.05096 0.0509638
0.265625 1.05096 0.0509638
0.28125 1.05265 0.052645
0.28125 1.05265 0.052645
0.296875 1.05427 0.0542656
0.296875 1.05427 0.0542656
0.3125 1.05581 0.0558135
0.3125 1.05581 0.0558135
0.328125 1.05728 0.0572776
0.328125 1.05728 0.0572776
0.34375 1.05865 0.0586479
0.34375 1.05865 0.0586479
0.359375 1.05991 0.059915
0.359375 1.05991 0.059915
0.375 1.06107 0.0610706
0.375 1.06107 0.0610706
0.390625 1.06211 0.0621074
0.390625 1.06211 0.0621074
0.40625 1.06302 0.0630189
0.40625 1.06302 0.0630189
0.421875 1.0638 0.0637995
0.421875 1.0638 0.0637995
0.4375 1.06444 0.0644444
0.4375 1.06444 0.0644444
0.453125 1.06495 0.06495
0.453125 1.06495 0.06495
0.46875 1.06531 0.0653132
0.46875 1.06531 0.0653132
0.484375 1.06553 0.065532
0.484375 1.06553 0.065532
0.5 1.06561 0.065605
0.5 1.06561 0.065605
0.515625 1.06553 0.065532
0.515625 1.06553 0.065532
0.53125 1.06531 0.0653132
0.53125 1.06531 0.0653132
0.546875 1.06495 0.06495
0.546875 1.06495 0.06495
0.5625 1.06444 0.0644444
0.5625 1.06444 0.0644444
0.578125 1.0638 0.0637995
0.578125 1.0638 0.0637995
0.59375 1.06302 0.0630189
0.59375 1.06302 0.0630189
0.609375 1.06211 0.0621074
0.609375 1.06211 0.0621074
0.625 1.06107 0.0610706
0.625 1.06107 0.0610706
0.640625 1.05991 0.059915
0.640625 1.05991 0.059915
0.65625 1.05865 0.0586479
0.65625 1.05865 0.0586479
0.671875 1.05728 0.0572776
0.671875 1.05728 0.0572776
0.6875 1.05581 0.0558135
0.6875 1.05581 0.0558135
0.703125 1.05427 0.0542656
0.703125 1.05427 0.0542656
0.71875 1.05265 0.052645
0.71875 1.05265 0.052645
0.734375 1.05096 0.0509638
0.734375 1.05096 0.0509638
0.75 1.04923 0.0492346
0.75 1.04923 0.0492346
0.765625 1.04747 0.0474711
0.765625 1.04747 0.0474711
0.78125 1.04569 0.0456876
0.78125 1.04569 0.0456876
0.796875 1.0439 0.0438993
0.796875 1.0439 0.0438993
0.8125 1.04212 0.0421218
0.8125 1.04212 0.0421218
0.828125 1.04037 0.0403715
0.828125 1.04037 0.0403715
0.84375 1.03867 0.0386651
0.84375 1.03867 0.0386651
0.859375 1.03702 0.03702
0.859375 1.03702 0.03702
0.875 1.03545 0.035454
0.875 1.03545 0.035454
0.890625 1.03399 0.0339854
0.890625 1.03399 0.0339854
0.90625 1.03263 0.0326332
0.90625 1.03263 0.0326332
0.921875 1.03142 0.0314173
0.921875 1.03142 0.0314173
0.9375 1.03036 0.030359
0.9375 1.03036 0.030359
0.953125 1.02948 0.0294823
0.953125 1.02948 0.0294823
0.96875 1.02882 0.0288155
0.96875 1.02882 0.0288155
0.984375 1.0284 0.0283962
0.984375 1.0284 0.0283962
1 1 0
