# x y topography
0 1 0
0.015625 1.02997 0.0299717
0.015625 1.02997 0.0299717
0.03125 1.03037 0.0303719
0.03125 1.03037 0.0303719
0.046875 1.031 0.0310011
0.046875 1.031 0.0310011
0.0625 1.03182 0.0318221
0.0625 1.03182 0.0318221
0.078125 1.03281 0.0328077
0.078125 1.03281 0.0328077
0.09375 1.03393 0.033935
0.09375 1.03393 0.033935
0.109375 1.03518 0.0351842
0.109375 1.03518 0.0351842
0.125 1.03654 0.0365372
0.125 1.03654 0.0365372
0.140625 1.03798 0.0379766
0.140625 1.03798 0.0379766
0.15625 1.03949 0.0394861
0.15625 1.03949 0.0394861
0.171875 1.04105 0.04105
0.171875 1.04105 0.04105
0.1875 1.04265 0.0426528
0.1875 1.04265 0.0426528
0.203125 1.04428 0.0442797
0.203125 1.04428 0.0442797
0.21875 1.04592 0.0459164
0.21875 1.04592 0.0459164
0.234375 1.04755 0.0475489
0.234375 1.04755 0.0475489
0.25 1.04916 0.0491638
0.25 1.04916 0.0491638
0.265625 1.05075 0.0507483
0.265625 1.05075 0.0507483
0.28125 1.05229 0.0522902
0.28125 1.05229 0.0522902
0.296875 1.05378 0.0537777
0.296875 1.05378 0.0537777
0.3125 1.0552 0.0552001
0.3125 1.0552 0.0552001
0.328125 1.05655 0.056547
0.328125 1.05655 0.056547
0.34375 1.05781 0.057809
0.34375 1.05781 0.057809
0.359375 1.05898 0.0589773
0.359375 1.05898 0.0589773
0.375 1.06004 0.0600441
0.375 1.06004 0.0600441
0.390625 1.061 0.0610022
0.390625 1.061 0.0610022
0.40625 1.06185 0.0618453
0.40625 1.06185 0.0618453
0.421875 1.06257 0.062568
0.421875 1.06257 0.062568
0.4375 1.06317 0.0631656
0.4375 1.06317 0.0631656
0.453125 1.06363 0.0636343
0.453125 1.06363 0.0636343
0.46875 1.06397 0.0639712
0.46875 1.06397 0.0639712
0.484375 1.06417 0.0641742
0.484375 1.06417 0.0641742
0.5 1.06424 0.064242
0.5 1.06424 0.064242
0.515625 1.06417 0.0641742
0.515625 1.06417 0.0641742
0.53125 1.06397 0.0639712
0.53125 1.06397 0.0639712
0.546875 1.06363 0.0636343
0.546875 1.06363 0.0636343
0.5625 1.06317 0.0631656
0.5625 1.06317 0.0631656
0.578125 1.06257 0.062568
0.578125 1.06257 0.062568
0.59375 1.06185 0.0618453
0.59375 1.06185 0.0618453
0.609375 1.061 0.0610022
0.609375 1.061 0.0610022
0.625 1.06004 0.0600441
0.625 1.06004 0.0600441
0.640625 1.05898 0.0589773
0.640625 1.05898 0.0589773
0.65625 1.05781 0.057809
0.65625 1.05781 0.057809
0.671875 1.05655 0.056547
0.671875 1.05655 0.056547
0.6875 1.0552 0.0552001
0.6875 1.0552 0.0552001
0.703125 1.05378 0.0537777
0.703125 1.05378 0.0537777
0.71875 1.05229 0.0522902
0.71875 1.05229 0.0522902
0.734375 1.05075 0.0507483
0.734375 1.05075 0.0507483
0.75 1.04916 0.0491638
0.75 1.04916 0.0491638
0.765625 1.04755 0.0475489
0.765625 1.04755 0.0475489
0.78125 1.04592 0.0459164
0.78125 1.04592 0.0459164
0.796875 1.04428 0.0442797
0.796875 1.04428 0.0442797
0.8125 1.04265 0.0426528
0.8125 1.04265 0.0426528
0.828125 1.04105 0.04105
0.828125 1.04105 0.04105
0.84375 1.03949 0.0394861
0.84375 1.03949 0.0394861
0.859375 1.03798 0.0379766
0.859375 1.03798 0.0379766
0.875 1.03654 0.0365372
0.875 1.03654 0.0365372
0.890625 1.03518 0.0351842
0.890625 1.03518 0.0351842
0.90625 1.03393 0.033935
0.90625 1.03393 0.033935
0.921875 1.03281 0.0328077
0.921875 1.03281 0.0328077
0.9375 1.03182 0.0318221
0.9375 1.03182 0.0318221
0.953125 1.031 0.0310011
0.953125 1.031 0.0310011
0.96875 1.03037 0.0303719
0.96875 1.03037 0.0303719
0.984375 1.02997 0.0299717
0.984375 1.02997 0.0299717
1 1 0
