# x y topography
0 1 0
0.015625 1.01782 0.0178211
0.015625 1.01782 0.0178211
0.03125 1.01845 0.0184464
0.03125 1.01845 0.0184464
0.046875 1.01952 0.0195161
0.046875 1.01952 0.0195161
0.0625 1.02098 0.0209756
0.0625 1.02098 0.0209756
0.078125 1.02277 0.0227723
0.078125 1.02277 0.0227723
0.09375 1.02485 0.0248537
0.09375 1.02485 0.0248537
0.109375 1.02717 0.0271667
0.109375 1.02717 0.0271667
0.125 1.02966 0.0296593
0.125 1.02966 0.0296593
0.140625 1.03228 0.032282
0.140625 1.03228 0.032282
0.15625 1.03499 0.0349885
0.15625 1.03499 0.0349885
0.171875 1.03774 0.0377374
0.171875 1.03774 0.0377374
0.1875 1.04049 0.0404923
0.1875 1.04049 0.0404923
0.203125 1.04322 0.0432219
0.203125 1.04322 0.0432219
0.21875 1.0459 0.0458998
0.21875 1.0459 0.0458998
0.234375 1.0485 0.0485046
0.234375 1.0485 0.0485046
0.25 1.05102 0.0510183
0.25 1.05102 0.0510183
0.265625 1.05343 0.0534265
0.265625 1.05343 0.0534265
0.28125 1.05572 0.0557175
0.28125 1.05572 0.0557175
0.296875 1.05788 0.0578817
0.296875 1.05788 0.0578817
0.3125 1.05991 0.0599111
0.3125 1.05991 0.0599111
0.328125 1.0618 0.061799
0.328125 1.0618 0.061799
0.34375 1.06354 0.0635397
0.34375 1.06354 0.0635397
0.359375 1.06513 0.0651284
0.359375 1.06513 0.0651284
0.375 1.06656 0.0665607
0.375 1.06656 0.0665607
0.390625 1.06783 0.0678329
0.390625 1.06783 0.0678329
0.40625 1.06894 0.068942
0.40625 1.06894 0.068942
0.421875 1.06988 0.069885
0.421875 1.06988 0.069885
0.4375 1.07066 0.0706597
0.4375 1.07066 0.0706597
0.453125 1.07126 0.0712642
0.453125 1.07126 0.0712642
0.46875 1.0717 0.0716971
0.46875 1.0717 0.0716971
0.484375 1.07196 0.0719572
0.484375 1.07196 0.0719572
0.5 1.07204 0.072044
0.5 1.07204 0.072044
0.515625 1.07196 0.0719572
0.515625 1.07196 0.0719572
0.53125 1.0717 0.0716971
0.53125 1.0717 0.0716971
0.546875 1.07126 0.0712642
0.546875 1.07126 0.0712642
0.5625 1.07066 0.0706597
0.5625 1.07066 0.0706597
0.578125 1.06988 0.069885
0.578125 1.06988 0.069885
0.59375 1.06894 0.068942
0.59375 1.06894 0.068942
0.609375 1.06783 0.0678329
0.609375 1.06783 0.0678329
0.625 1.06656 0.0665607
0.625 1.06656 0.0665607
0.640625 1.06513 0.0651284
0.640625 1.06513 0.0651284
0.65625 1.06354 0.0635397
0.65625 1.06354 0.0635397
0.671875 1.0618 0.061799
0.671875 1.0618 0.061799
0.6875 1.05991 0.0599111
0.6875 1.05991 0.0599111
0.703125 1.05788 0.0578817
0.703125 1.05788 0.0578817
0.71875 1.05572 0.0557175
0.71875 1.05572 0.0557175
0.734375 1.05343 0.0534265
0.734375 1.05343 0.0534265
0.75 1.05102 0.0510183
0.75 1.05102 0.0510183
0.765625 1.0485 0.0485046
0.765625 1.0485 0.0485046
0.78125 1.0459 0.0458998
0.78125 1.0459 0.0458998
0.796875 1.04322 0.0432219
0.796875 1.04322 0.0432219
0.8125 1.04049 0.0404923
0.8125 1.04049 0.0404923
0.828125 1.03774 0.0377374
0.828125 1.03774 0.0377374
0.84375 1.03499 0.0349885
0.84375 1.03499 0.0349885
0.859375 1.03228 0.032282
0.859375 1.03228 0.032282
0.875 1.02966 0.0296593
0.875 1.02966 0.0296593
0.890625 1.02717 0.0271667
0.890625 1.02717 0.0271667
0.90625 1.02485 0.0248537
0.90625 1.02485 0.0248537
0.921875 1.02277 0.0227723
0.921875 1.02277 0.0227723
0.9375 1.02098 0.0209756
0.9375 1.02098 0.0209756
0.953125 1.01952 0.0195161
0.953125 1.01952 0.0195161
0.96875 1.01845 0.0184464
0.96875 1.01845 0.0184464
0.984375 1.01782 0.0178211
0.984375 1.01782 0.0178211
1 1 0
