# x y topography
0 1 0
0.015625 1.02969 0.0296949
0.015625 1.02969 0.0296949
0.03125 1.0301 0.0300984
0.03125 1.0301 0.0300984
0.046875 1.03073 0.0307339
0.046875 1.03073 0.0307339
0.0625 1.03156 0.0315645
0.0625 1.03156 0.0315645
0.078125 1.03256 0.0325624
0.078125 1.03256 0.0325624
0.09375 1.0337 0.0337048
0.09375 1.0337 0.0337048
0.109375 1.03497 0.0349717
0.109375 1.03497 0.0349717
0.125 1.03634 0.0363445
0.125 1.03634 0.0363445
0.140625 1.03781 0.0378057
0.140625 1.03781 0.0378057
0.15625 1.03934 0.0393387
0.15625 1.03934 0.0393387
0.171875 1.04093 0.0409272
0.171875 1.04093 0.0409272
0.1875 1.04256 0.0425557
0.1875 1.04256 0.0425557
0.203125 1.04421 0.044209
0.203125 1.04421 0.044209
0.21875 1.04587 0.0458723
0.21875 1.04587 0.0458723
0.234375 1.04753 0.0475315
0.234375 1.04753 0.0475315
0.25 1.04917 0.0491728
0.25 1.04917 0.0491728
0.265625 1.05078 0.0507832
0.265625 1.05078 0.0507832
0.28125 1.05235 0.0523501
0.28125 1.05235 0.0523501
0.296875 1.05386 0.0538617
0.296875 1.05386 0.0538617
0.3125 1.05531 0.0553068
0.3125 1.05531 0.0553068
0.328125 1.05668 0.0566751
0.328125 1.05668 0.0566751
0.34375 1.05796 0.057957
0.34375 1.05796 0.057957
0.359375 1.05914 0.0591436
0.359375 1.05914 0.0591436
0.375 1.06023 0.0602269
0.375 1.06023 0.0602269
0.390625 1.0612 0.0611997
0.390625 1.0612 0.0611997
0.40625 1.06206 0.0620556
0.40625 1.06206 0.0620556
0.421875 1.06279 0.0627892
0.421875 1.06279 0.0627892
0.4375 1.0634 0.0633957
0.4375 1.0634 0.0633957
0.453125 1.06387 0.0638714
0.453125 1.06387 0.0638714
0.46875 1.06421 0.0642133
0.46875 1.06421 0.0642133
0.484375 1.06442 0.0644193
0.484375 1.06442 0.0644193
0.5 1.06449 0.0644881
0.5 1.06449 0.0644881
0.515625 1.06442 0.0644193
0.515625 1.06442 0.0644193
0.53125 1.06421 0.0642133
0.53125 1.06421 0.0642133
0.546875 1.06387 0.0638714
0.546875 1.06387 0.0638714
0.5625 1.0634 0.0633957
0.5625 1.0634 0.0633957
0.578125 1.06279 0.0627892
0.578125 1.06279 0.0627892
0.59375 1.06206 0.0620556
0.59375 1.06206 0.0620556
0.609375 1.0612 0.0611997
0.609375 1.0612 0.0611997
0.625 1.06023 0.0602269
0.625 1.06023 0.0602269
0.640625 1.05914 0.0591436
0.640625 1.05914 0.0591436
0.65625 1.05796 0.057957
0.65625 1.05796 0.057957
0.671875 1.05668 0.0566751
0.671875 1.05668 0.0566751
0.6875 1.05531 0.0553068
0.6875 1.05531 0.0553068
0.703125 1.05386 0.0538617
0.703125 1.05386 0.0538617
0.71875 1.05235 0.0523501
0.71875 1.05235 0.0523501
0.734375 1.05078 0.0507832
0.734375 1.05078 0.0507832
0.75 1.04917 0.0491728
0.75 1.04917 0.0491728
0.765625 1.04753 0.0475315
0.765625 1.04753 0.0475315
0.78125 1.04587 0.0458723
0.78125 1.04587 0.0458723
0.796875 1.04421 0.044209
0.796875 1.04421 0.044209
0.8125 1.04256 0.0425557
0.8125 1.04256 0.0425557
0.828125 1.04093 0.0409272
0.828125 1.04093 0.0409272
0.84375 1.03934 0.0393387
0.84375 1.03934 0.0393387
0.859375 1.03781 0.0378057
0.859375 1.03781 0.0378057
0.875 1.03634 0.0363445
0.875 1.03634 0.0363445
0.890625 1.03497 0.0349717
0.890625 1.03497 0.0349717
0.90625 1.0337 0.0337048
0.90625 1.0337 0.0337048
0.921875 1.03256 0.0325624
0.921875 1.03256 0.0325624
0.9375 1.03156 0.0315645
0.9375 1.03156 0.0315645
0.953125 1.03073 0.0307339
0.953125 1.03073 0.0307339
0.96875 1.0301 0.0300984
0.96875 1.0301 0.0300984
0.984375 1.02969 0.0296949
0.984375 1.02969 0.0296949
1 1 0
