# x y topography
0 1 0
0.015625 1.02889 0.0288928
0.015625 1.02889 0.0288928
0.03125 1.02931 0.0293059
0.03125 1.02931 0.0293059
0.046875 1.02996 0.0299605
0.046875 1.02996 0.0299605
0.0625 1.03082 0.0308192
0.0625 1.03082 0.0308192
0.078125 1.03185 0.0318539
0.078125 1.03185 0.0318539
0.09375 1.03304 0.0330413
0.09375 1.03304 0.0330413
0.109375 1.03436 0.0343603
0.109375 1.03436 0.0343603
0.125 1.03579 0.0357917
0.125 1.03579 0.0357917
0.140625 1.03732 0.0373171
0.140625 1.03732 0.0373171
0.15625 1.03892 0.0389189
0.15625 1.03892 0.0389189
0.171875 1.04058 0.0405798
0.171875 1.04058 0.0405798
0.1875 1.04228 0.0422833
0.1875 1.04228 0.0422833
0.203125 1.04401 0.0440132
0.203125 1.04401 0.0440132
0.21875 1.04575 0.0457538
0.21875 1.04575 0.0457538
0.234375 1.04749 0.0474899
0.234375 1.04749 0.0474899
0.25 1.04921 0.049207
0.25 1.04921 0.049207
0.265625 1.05089 0.0508913
0.265625 1.05089 0.0508913
0.28125 1.05253 0.0525295
0.28125 1.05253 0.0525295
0.296875 1.05411 0.0541091
0.296875 1.05411 0.0541091
0.3125 1.05562 0.0556186
0.3125 1.05562 0.0556186
0.328125 1.05705 0.057047
0.328125 1.05705 0.057047
0.34375 1.05838 0.0583845
0.34375 1.05838 0.0583845
0.359375 1.05962 0.0596219
0.359375 1.05962 0.0596219
0.375 1.06075 0.0607509
0.375 1.06075 0.0607509
0.390625 1.06176 0.0617642
0.390625 1.06176 0.0617642
0.40625 1.06266 0.0626553
0.40625 1.06266 0.0626553
0.421875 1.06342 0.0634187
0.421875 1.06342 0.0634187
0.4375 1.06405 0.0640497
0.4375 1.06405 0.0640497
0.453125 1.06454 0.0645444
0.453125 1.06454 0.0645444
0.46875 1.0649 0.0648999
0.46875 1.0649 0.0648999
0.484375 1.06511 0.065114
0.484375 1.06511 0.065114
0.5 1.06519 0.0651856
0.5 1.06519 0.0651856
0.515625 1.06511 0.065114
0.515625 1.06511 0.065114
0.53125 1.0649 0.0648999
0.53125 1.0649 0.0648999
0.546875 1.06454 0.0645444
0.546875 1.06454 0.0645444
0.5625 1.06405 0.0640497
0.5625 1.06405 0.0640497
0.578125 1.06342 0.0634187
0.578125 1.06342 0.0634187
0.59375 1.06266 0.0626553
0.59375 1.06266 0.0626553
0.609375 1.06176 0.0617642
0.609375 1.06176 0.0617642
0.625 1.06075 0.0607509
0.625 1.06075 0.0607509
0.640625 1.05962 0.0596219
0.640625 1.05962 0.0596219
0.65625 1.05838 0.0583845
0.65625 1.05838 0.0583845
0.671875 1.05705 0.057047
0.671875 1.05705 0.057047
0.6875 1.05562 0.0556186
0.6875 1.05562 0.0556186
0.703125 1.05411 0.0541091
0.703125 1.05411 0.0541091
0.71875 1.05253 0.0525295
0.71875 1.05253 0.0525295
0.734375 1.05089 0.0508913
0.734375 1.05089 0.0508913
0.75 1.04921 0.049207
0.75 1.04921 0.049207
0.765625 1.04749 0.0474899
0.765625 1.04749 0.0474899
0.78125 1.04575 0.0457538
0.78125 1.04575 0.0457538
0.796875 1.04401 0.0440132
0.796875 1.04401 0.0440132
0.8125 1.04228 0.0422833
0.8125 1.04228 0.0422833
0.828125 1.04058 0.0405798
0.828125 1.04058 0.0405798
0.84375 1.03892 0.0389189
0.84375 1.03892 0.0389189
0.859375 1.03732 0.0373171
0.859375 1.03732 0.0373171
0.875 1.03579 0.0357917
0.875 1.03579 0.0357917
0.890625 1.03436 0.0343603
0.890625 1.03436 0.0343603
0.90625 1.03304 0.0330413
0.90625 1.03304 0.0330413
0.921875 1.03185 0.0318539
0.921875 1.03185 0.0318539
0.9375 1.03082 0.0308192
0.9375 1.03082 0.0308192
0.953125 1.02996 0.0299605
0.953125 1.02996 0.0299605
0.96875 1.02931 0.0293059
0.96875 1.02931 0.0293059
0.984375 1.02889 0.0288928
0.984375 1.02889 0.0288928
1 1 0
