# x y topography
0 1 0
0.015625 1.01666 0.0166578
0.015625 1.01666 0.0166578
0.03125 1.01732 0.0173224
0.03125 1.01732 0.0173224
0.046875 1.01847 0.0184675
0.046875 1.01847 0.0184675
0.0625 1.02003 0.0200325
0.0625 1.02003 0.0200325
0.078125 1.02196 0.0219569
0.078125 1.02196 0.0219569
0.09375 1.02418 0.0241793
0.09375 1.02418 0.0241793
0.109375 1.02664 0.0266378
0.109375 1.02664 0.0266378
0.125 1.02927 0.0292729
0.125 1.02927 0.0292729
0.140625 1.03203 0.0320287
0.140625 1.03203 0.0320287
0.15625 1.03485 0.0348549
0.15625 1.03485 0.0348549
0.171875 1.03771 0.0377079
0.171875 1.03771 0.0377079
0.1875 1.04055 0.0405507
0.1875 1.04055 0.0405507
0.203125 1.04335 0.0433529
0.203125 1.04335 0.0433529
0.21875 1.04609 0.0460896
0.21875 1.04609 0.0460896
0.234375 1.04874 0.0487414
0.234375 1.04874 0.0487414
0.25 1.05129 0.0512927
0.25 1.05129 0.0512927
0.265625 1.05373 0.053731
0.265625 1.05373 0.053731
0.28125 1.05605 0.0560464
0.28125 1.05605 0.0560464
0.296875 1.05823 0.0582305
0.296875 1.05823 0.0582305
0.3125 1.06028 0.0602767
0.3125 1.06028 0.0602767
0.328125 1.06218 0.0621788
0.328125 1.06218 0.0621788
0.34375 1.06393 0.0639318
0.34375 1.06393 0.0639318
0.359375 1.06553 0.0655312
0.359375 1.06553 0.0655312
0.375 1.06697 0.0669729
0.375 1.06697 0.0669729
0.390625 1.06825 0.0682533
0.390625 1.06825 0.0682533
0.40625 1.06937 0.0693693
0.40625 1.06937 0.0693693
0.421875 1.07032 0.0703183
0.421875 1.07032 0.0703183
0.4375 1.0711 0.0710979
0.4375 1.0711 0.0710979
0.453125 1.07171 0.0717061
0.453125 1.07171 0.0717061
0.46875 1.07214 0.0721417
0.46875 1.07214 0.0721417
0.484375 1.0724 0.0724034
0.484375 1.0724 0.0724034
0.5 1.07249 0.0724907
0.5 1.07249 0.0724907
0.515625 1.0724 0.0724034
0.515625 1.0724 0.0724034
0.53125 1.07214 0.0721417
0.53125 1.07214 0.0721417
0.546875 1.07171 0.0717061
0.546875 1.07171 0.0717061
0.5625 1.0711 0.0710979
0.5625 1.0711 0.0710979
0.578125 1.07032 0.0703183
0.578125 1.07032 0.0703183
0.59375 1.06937 0.0693693
0.59375 1.06937 0.0693693
0.609375 1.06825 0.0682533
0.609375 1.06825 0.0682533
0.625 1.06697 0.0669729
0.625 1.06697 0.0669729
0.640625 1.06553 0.0655312
0.640625 1.06553 0.0655312
0.65625 1.06393 0.0639318
0.65625 1.06393 0.0639318
0.671875 1.06218 0.0621788
0.671875 1.06218 0.0621788
0.6875 1.06028 0.0602767
0.6875 1.06028 0.0602767
0.703125 1.05823 0.0582305
0.703125 1.05823 0.0582305
0.71875 1.05605 0.0560464
0.71875 1.05605 0.0560464
0.734375 1.05373 0.053731
0.734375 1.05373 0.053731
0.75 1.05129 0.0512927
0.75 1.05129 0.0512927
0.765625 1.04874 0.0487414
0.765625 1.04874 0.0487414
0.78125 1.04609 0.0460896
0.78125 1.04609 0.0460896
0.796875 1.04335 0.0433529
0.796875 1.04335 0.0433529
0.8125 1.04055 0.0405507
0.8125 1.04055 0.0405507
0.828125 1.03771 0.0377079
0.828125 1.03771 0.0377079
0.84375 1.03485 0.0348549
0.84375 1.03485 0.0348549
0.859375 1.03203 0.0320287
0.859375 1.03203 0.0320287
0.875 1.02927 0.0292729
0.875 1.02927 0.0292729
0.890625 1.02664 0.0266378
0.890625 1.02664 0.0266378
0.90625 1.02418 0.0241793
0.90625 1.02418 0.0241793
0.921875 1.02196 0.0219569
0.921875 1.02196 0.0219569
0.9375 1.02003 0.0200325
0.9375 1.02003 0.0200325
0.953125 1.01847 0.0184675
0.953125 1.01847 0.0184675
0.96875 1.01732 0.0173224
0.96875 1.01732 0.0173224
0.984375 1.01666 0.0166578
0.984375 1.01666 0.0166578
1 1 0
