# x y topography
0 1 0
0.015625 1.03065 0.030653
0.015625 1.03065 0.030653
0.03125 1.03105 0.0310455
0.03125 1.03105 0.0310455
0.046875 1.03166 0.0316592
0.046875 1.03166 0.0316592
0.0625 1.03246 0.0324574
0.0625 1.03246 0.0324574
0.078125 1.03341 0.033413
0.078125 1.03341 0.033413
0.09375 1.0345 0.0345038
0.09375 1.0345 0.0345038
0.109375 1.03571 0.0357105
0.109375 1.03571 0.0357105
0.125 1.03702 0.0370153
0.125 1.03702 0.0370153
0.140625 1.0384 0.0384018
0.140625 1.0384 0.0384018
0.15625 1.03985 0.0398544
0.15625 1.03985 0.0398544
0.171875 1.04136 0.0413579
0.171875 1.04136 0.0413579
0.1875 1.0429 0.0428978
0.1875 1.0429 0.0428978
0.203125 1.04446 0.0444601
0.203125 1.04446 0.0444601
0.21875 1.04603 0.0460311
0.21875 1.04603 0.0460311
0.234375 1.0476 0.0475977
0.234375 1.0476 0.0475977
0.25 1.04915 0.0491472
0.25 1.04915 0.0491472
0.265625 1.05067 0.0506675
0.265625 1.05067 0.0506675
0.28125 1.05215 0.0521468
0.28125 1.05215 0.0521468
0.296875 1.05357 0.0535742
0.296875 1.05357 0.0535742
0.3125 1.05494 0.0549392
0.3125 1.05494 0.0549392
0.328125 1.05623 0.056232
0.328125 1.05623 0.056232
0.34375 1.05744 0.0574436
0.34375 1.05744 0.0574436
0.359375 1.05857 0.0585656
0.359375 1.05857 0.0585656
0.375 1.05959 0.0595903
0.375 1.05959 0.0595903
0.390625 1.06051 0.0605108
0.390625 1.06051 0.0605108
0.40625 1.06132 0.061321
0.40625 1.06132 0.061321
0.421875 1.06202 0.0620156
0.421875 1.06202 0.0620156
0.4375 1.06259 0.0625901
0.4375 1.06259 0.0625901
0.453125 1.06304 0.0630408
0.453125 1.06304 0.0630408
0.46875 1.06336 0.0633648
0.46875 1.06336 0.0633648
0.484375 1.06356 0.06356
0.484375 1.06356 0.06356
0.5 1.06363 0.0636253
0.5 1.06363 0.0636253
0.515625 1.06356 0.06356
0.515625 1.06356 0.06356
0.53125 1.06336 0.0633648
0.53125 1.06336 0.0633648
0.546875 1.06304 0.0630408
0.546875 1.06304 0.0630408
0.5625 1.06259 0.0625901
0.5625 1.06259 0.0625901
0.578125 1.06202 0.0620156
0.578125 1.06202 0.0620156
0.59375 1.06132 0.061321
0.59375 1.06132 0.061321
0.609375 1.06051 0.0605108
0.609375 1.06051 0.0605108
0.625 1.05959 0.0595903
0.625 1.05959 0.0595903
0.640625 1.05857 0.0585656
0.640625 1.05857 0.0585656
0.65625 1.05744 0.0574436
0.65625 1.05744 0.0574436
0.671875 1.05623 0.056232
0.671875 1.05623 0.056232
0.6875 1.05494 0.0549392
0.6875 1.05494 0.0549392
0.703125 1.05357 0.0535742
0.703125 1.05357 0.0535742
0.71875 1.05215 0.0521468
0.71875 1.05215 0.0521468
0.734375 1.05067 0.0506675
0.734375 1.05067 0.0506675
0.75 1.04915 0.0491472
0.75 1.04915 0.0491472
0.765625 1.0476 0.0475977
0.765625 1.0476 0.0475977
0.78125 1.04603 0.0460311
0.78125 1.04603 0.0460311
0.796875 1.04446 0.0444601
0.796875 1.04446 0.0444601
0.8125 1.0429 0.0428978
0.8125 1.0429 0.0428978
0.828125 1.04136 0.0413579
0.828125 1.04136 0.0413579
0.84375 1.03985 0.0398544
0.84375 1.03985 0.0398544
0.859375 1.0384 0.0384018
0.859375 1.0384 0.0384018
0.875 1.03702 0.0370153
0.875 1.03702 0.0370153
0.890625 1.03571 0.0357105
0.890625 1.03571 0.0357105
0.90625 1.0345 0.0345038
0.90625 1.0345 0.0345038
0.921875 1.03341 0.033413
0.921875 1.03341 0.033413
0.9375 1.03246 0.0324574
0.9375 1.03246 0.0324574
0.953125 1.03166 0.0316592
0.953125 1.03166 0.0316592
0.96875 1.03105 0.0310455
0.96875 1.03105 0.0310455
0.984375 1.03065 0.030653
0.984375 1.03065 0.030653
1 1 0
