# x y topography
0 1 0
0.015625 1.01602 0.0160192
0.015625 1.01602 0.0160192
0.03125 1.01671 0.0167081
0.03125 1.01671 0.0167081
0.046875 1.0179 0.0178995
0.046875 1.0179 0.0178995
0.0625 1.01953 0.0195284
0.0625 1.01953 0.0195284
0.078125 1.02153 0.0215292
0.078125 1.02153 0.0215292
0.09375 1.02383 0.0238342
0.09375 1.02383 0.0238342
0.109375 1.02638 0.0263762
0.109375 1.02638 0.0263762
0.125 1.02909 0.0290908
0.125 1.02909 0.0290908
0.140625 1.03192 0.0319187
0.140625 1.03192 0.0319187
0.15625 1.03481 0.0348077
0.15625 1.03481 0.0348077
0.171875 1.03771 0.0377135
0.171875 1.03771 0.0377135
0.1875 1.0406 0.0405992
0.1875 1.0406 0.0405992
0.203125 1.04344 0.0434356
0.203125 1.04344 0.0434356
0.21875 1.0462 0.0461993
0.21875 1.0462 0.0461993
0.234375 1.04887 0.0488721
0.234375 1.04887 0.0488721
0.25 1.05144 0.0514399
0.25 1.05144 0.0514399
0.265625 1.05389 0.0538913
0.265625 1.05389 0.0538913
0.28125 1.05622 0.0562174
0.28125 1.05622 0.0562174
0.296875 1.05841 0.0584104
0.296875 1.05841 0.0584104
0.3125 1.06046 0.0604642
0.3125 1.06046 0.0604642
0.328125 1.06237 0.062373
0.328125 1.06237 0.062373
0.34375 1.06413 0.0641319
0.34375 1.06413 0.0641319
0.359375 1.06574 0.0657364
0.359375 1.06574 0.0657364
0.375 1.06718 0.0671827
0.375 1.06718 0.0671827
0.390625 1.06847 0.0684672
0.390625 1.06847 0.0684672
0.40625 1.06959 0.0695868
0.40625 1.06959 0.0695868
0.421875 1.07054 0.0705387
0.421875 1.07054 0.0705387
0.4375 1.07132 0.0713207
0.4375 1.07132 0.0713207
0.453125 1.07193 0.0719309
0.453125 1.07193 0.0719309
0.46875 1.07237 0.0723678
0.46875 1.07237 0.0723678
0.484375 1.07263 0.0726304
0.484375 1.07263 0.0726304
0.5 1.07272 0.072718
0.5 1.07272 0.072718
0.515625 1.07263 0.0726304
0.515625 1.07263 0.0726304
0.53125 1.07237 0.0723678
0.53125 1.07237 0.0723678
0.546875 1.07193 0.0719309
0.546875 1.07193 0.0719309
0.5625 1.07132 0.0713207
0.5625 1.07132 0.0713207
0.578125 1.07054 0.0705387
0.578125 1.07054 0.0705387
0.59375 1.06959 0.0695868
0.59375 1.06959 0.0695868
0.609375 1.06847 0.0684672
0.609375 1.06847 0.0684672
0.625 1.06718 0.0671827
0.625 1.06718 0.0671827
0.640625 1.06574 0.0657364
0.640625 1.06574 0.0657364
0.65625 1.06413 0.0641319
0.65625 1.06413 0.0641319
0.671875 1.06237 0.062373
0.671875 1.06237 0.062373
0.6875 1.06046 0.0604642
0.6875 1.06046 0.0604642
0.703125 1.05841 0.0584104
0.703125 1.05841 0.0584104
0.71875 1.05622 0.0562174
0.71875 1.05622 0.0562174
0.734375 1.05389 0.0538913
0.734375 1.05389 0.0538913
0.75 1.05144 0.0514399
0.75 1.05144 0.0514399
0.765625 1.04887 0.0488721
0.765625 1.04887 0.0488721
0.78125 1.0462 0.0461993
0.78125 1.0462 0.0461993
0.796875 1.04344 0.0434356
0.796875 1.04344 0.0434356
0.8125 1.0406 0.0405992
0.8125 1.0406 0.0405992
0.828125 1.03771 0.0377135
0.828125 1.03771 0.0377135
0.84375 1.03481 0.0348077
0.84375 1.03481 0.0348077
0.859375 1.03192 0.0319187
0.859375 1.03192 0.0319187
0.875 1.02909 0.0290908
0.875 1.02909 0.0290908
0.890625 1.02638 0.0263762
0.890625 1.02638 0.0263762
0.90625 1.02383 0.0238342
0.90625 1.02383 0.0238342
0.921875 1.02153 0.0215292
0.921875 1.02153 0.0215292
0.9375 1.01953 0.0195284
0.9375 1.01953 0.0195284
0.953125 1.0179 0.0178995
0.953125 1.0179 0.0178995
0.96875 1.01671 0.0167081
0.96875 1.01671 0.0167081
0.984375 1.01602 0.0160192
0.984375 1.01602 0.0160192
1 1 0
