# x y topography
0 1 0
0.015625 1.03097 0.0309653
0.015625 1.03097 0.0309653
0.03125 1.03135 0.0313543
0.03125 1.03135 0.0313543
0.046875 1.03196 0.0319612
0.046875 1.03196 0.0319612
0.0625 1.03275 0.0327491
0.0625 1.03275 0.0327491
0.078125 1.03369 0.0336913
0.078125 1.03369 0.0336913
0.09375 1.03477 0.0347657
0.09375 1.03477 0.0347657
0.109375 1.03595 0.0359531
0.109375 1.03595 0.0359531
0.125 1.03724 0.0372362
0.125 1.03724 0.0372362
0.140625 1.0386 0.0385988
0.140625 1.0386 0.0385988
0.15625 1.04003 0.0400255
0.15625 1.04003 0.0400255
0.171875 1.0415 0.0415015
0.171875 1.0415 0.0415015
0.1875 1.04301 0.0430128
0.1875 1.04301 0.0430128
0.203125 1.04455 0.0445456
0.203125 1.04455 0.0445456
0.21875 1.04609 0.0460865
0.21875 1.04609 0.0460865
0.234375 1.04762 0.0476228
0.234375 1.04762 0.0476228
0.25 1.04914 0.0491422
0.25 1.04914 0.0491422
0.265625 1.05063 0.0506326
0.265625 1.05063 0.0506326
0.28125 1.05208 0.0520829
0.28125 1.05208 0.0520829
0.296875 1.05348 0.0534822
0.296875 1.05348 0.0534822
0.3125 1.05482 0.0548204
0.3125 1.05482 0.0548204
0.328125 1.05609 0.0560879
0.328125 1.05609 0.0560879
0.34375 1.05728 0.0572757
0.34375 1.05728 0.0572757
0.359375 1.05838 0.0583757
0.359375 1.05838 0.0583757
0.375 1.05938 0.0593804
0.375 1.05938 0.0593804
0.390625 1.06028 0.0602831
0.390625 1.06028 0.0602831
0.40625 1.06108 0.0610776
0.40625 1.06108 0.0610776
0.421875 1.06176 0.0617588
0.421875 1.06176 0.0617588
0.4375 1.06232 0.0623223
0.4375 1.06232 0.0623223
0.453125 1.06276 0.0627644
0.453125 1.06276 0.0627644
0.46875 1.06308 0.0630822
0.46875 1.06308 0.0630822
0.484375 1.06327 0.0632736
0.484375 1.06327 0.0632736
0.5 1.06334 0.0633376
0.5 1.06334 0.0633376
0.515625 1.06327 0.0632736
0.515625 1.06327 0.0632736
0.53125 1.06308 0.0630822
0.53125 1.06308 0.0630822
0.546875 1.06276 0.0627644
0.546875 1.06276 0.0627644
0.5625 1.06232 0.0623223
0.5625 1.06232 0.0623223
0.578125 1.06176 0.0617588
0.578125 1.06176 0.0617588
0.59375 1.06108 0.0610776
0.59375 1.06108 0.0610776
0.609375 1.06028 0.0602831
0.609375 1.06028 0.0602831
0.625 1.05938 0.0593804
0.625 1.05938 0.0593804
0.640625 1.05838 0.0583757
0.640625 1.05838 0.0583757
0.65625 1.05728 0.0572757
0.65625 1.05728 0.0572757
0.671875 1.05609 0.0560879
0.671875 1.05609 0.0560879
0.6875 1.05482 0.0548204
0.6875 1.05482 0.0548204
0.703125 1.05348 0.0534822
0.703125 1.05348 0.0534822
0.71875 1.05208 0.0520829
0.71875 1.05208 0.0520829
0.734375 1.05063 0.0506326
0.734375 1.05063 0.0506326
0.75 1.04914 0.0491422
0.75 1.04914 0.0491422
0.765625 1.04762 0.0476228
0.765625 1.04762 0.0476228
0.78125 1.04609 0.0460865
0.78125 1.04609 0.0460865
0.796875 1.04455 0.0445456
0.796875 1.04455 0.0445456
0.8125 1.04301 0.0430128
0.8125 1.04301 0.0430128
0.828125 1.0415 0.0415015
0.828125 1.0415 0.0415015
0.84375 1.04003 0.0400255
0.84375 1.04003 0.0400255
0.859375 1.0386 0.0385988
0.859375 1.0386 0.0385988
0.875 1.03724 0.0372362
0.875 1.03724 0.0372362
0.890625 1.03595 0.0359531
0.890625 1.03595 0.0359531
0.90625 1.03477 0.0347657
0.90625 1.03477 0.0347657
0.921875 1.03369 0.0336913
0.921875 1.03369 0.0336913
0.9375 1.03275 0.0327491
0.9375 1.03275 0.0327491
0.953125 1.03196 0.0319612
0.953125 1.03196 0.0319612
0.96875 1.03135 0.0313543
0.96875 1.03135 0.0313543
0.984375 1.03097 0.0309653
0.984375 1.03097 0.0309653
1 1 0
