# x y topography
0 1 0
0.015625 1.02857 0.0285657
0.015625 1.02857 0.0285657
0.03125 1.02898 0.0289828
0.03125 1.02898 0.0289828
0.046875 1.02965 0.0296454
0.046875 1.02965 0.0296454
0.0625 1.03052 0.0305159
0.0625 1.03052 0.0305159
0.078125 1.03157 0.0315661
0.078125 1.03157 0.0315661
0.09375 1.03277 0.0327722
0.09375 1.03277 0.0327722
0.109375 1.03411 0.034113
0.109375 1.03411 0.034113
0.125 1.03557 0.0355688
0.125 1.03557 0.0355688
0.140625 1.03712 0.0371209
0.140625 1.03712 0.0371209
0.15625 1.03875 0.0387511
0.15625 1.03875 0.0387511
0.171875 1.04044 0.040442
0.171875 1.04044 0.040442
0.1875 1.04218 0.0421763
0.1875 1.04218 0.0421763
0.203125 1.04394 0.0439375
0.203125 1.04394 0.0439375
0.21875 1.04571 0.0457095
0.21875 1.04571 0.0457095
0.234375 1.04748 0.0474769
0.234375 1.04748 0.0474769
0.25 1.04922 0.0492246
0.25 1.04922 0.0492246
0.265625 1.05094 0.0509385
0.265625 1.05094 0.0509385
0.28125 1.05261 0.0526052
0.28125 1.05261 0.0526052
0.296875 1.05421 0.0542119
0.296875 1.05421 0.0542119
0.3125 1.05575 0.0557468
0.3125 1.05575 0.0557468
0.328125 1.0572 0.0571989
0.328125 1.0572 0.0571989
0.34375 1.05856 0.0585581
0.34375 1.05856 0.0585581
0.359375 1.05982 0.0598152
0.359375 1.05982 0.0598152
0.375 1.06096 0.0609619
0.375 1.06096 0.0609619
0.390625 1.06199 0.0619909
0.390625 1.06199 0.0619909
0.40625 1.0629 0.0628955
0.40625 1.0629 0.0628955
0.421875 1.06367 0.0636704
0.421875 1.06367 0.0636704
0.4375 1.06431 0.0643107
0.4375 1.06431 0.0643107
0.453125 1.06481 0.0648126
0.453125 1.06481 0.0648126
0.46875 1.06517 0.0651732
0.46875 1.06517 0.0651732
0.484375 1.06539 0.0653905
0.484375 1.06539 0.0653905
0.5 1.06546 0.065463
0.5 1.06546 0.065463
0.515625 1.06539 0.0653905
0.515625 1.06539 0.0653905
0.53125 1.06517 0.0651732
0.53125 1.06517 0.0651732
0.546875 1.06481 0.0648126
0.546875 1.06481 0.0648126
0.5625 1.06431 0.0643107
0.5625 1.06431 0.0643107
0.578125 1.06367 0.0636704
0.578125 1.06367 0.0636704
0.59375 1.0629 0.0628955
0.59375 1.0629 0.0628955
0.609375 1.06199 0.0619909
0.609375 1.06199 0.0619909
0.625 1.06096 0.0609619
0.625 1.06096 0.0609619
0.640625 1.05982 0.0598152
0.640625 1.05982 0.0598152
0.65625 1.05856 0.0585581
0.65625 1.05856 0.0585581
0.671875 1.0572 0.0571989
0.671875 1.0572 0.0571989
0.6875 1.05575 0.0557468
0.6875 1.05575 0.0557468
0.703125 1.05421 0.0542119
0.703125 1.05421 0.0542119
0.71875 1.05261 0.0526052
0.71875 1.05261 0.0526052
0.734375 1.05094 0.0509385
0.734375 1.05094 0.0509385
0.75 1.04922 0.0492246
0.75 1.04922 0.0492246
0.765625 1.04748 0.0474769
0.765625 1.04748 0.0474769
0.78125 1.04571 0.0457095
0.78125 1.04571 0.0457095
0.796875 1.04394 0.0439375
0.796875 1.04394 0.0439375
0.8125 1.04218 0.0421763
0.8125 1.04218 0.0421763
0.828125 1.04044 0.040442
0.828125 1.04044 0.040442
0.84375 1.03875 0.0387511
0.84375 1.03875 0.0387511
0.859375 1.03712 0.0371209
0.859375 1.03712 0.0371209
0.875 1.03557 0.0355688
0.875 1.03557 0.0355688
0.890625 1.03411 0.034113
0.890625 1.03411 0.034113
0.90625 1.03277 0.0327722
0.90625 1.03277 0.0327722
0.921875 1.03157 0.0315661
0.921875 1.03157 0.0315661
0.9375 1.03052 0.0305159
0.9375 1.03052 0.0305159
0.953125 1.02965 0.0296454
0.953125 1.02965 0.0296454
0.96875 1.02898 0.0289828
0.96875 1.02898 0.0289828
0.984375 1.02857 0.0285657
0.984375 1.02857 0.0285657
1 1 0
