# x y topography
0 1 0
0.015625 1.026 0.0259982
0.015625 1.026 0.0259982
0.03125 1.02645 0.0264499
0.03125 1.02645 0.0264499
0.046875 1.02718 0.027181
0.046875 1.02718 0.027181
0.0625 1.02815 0.0281523
0.0625 1.02815 0.0281523
0.078125 1.02933 0.0293335
0.078125 1.02933 0.0293335
0.09375 1.0307 0.0306981
0.09375 1.0307 0.0306981
0.109375 1.03222 0.0322218
0.109375 1.03222 0.0322218
0.125 1.03388 0.033881
0.125 1.03388 0.033881
0.140625 1.03565 0.0356533
0.140625 1.03565 0.0356533
0.15625 1.03752 0.0375165
0.15625 1.03752 0.0375165
0.171875 1.03945 0.039449
0.171875 1.03945 0.039449
0.1875 1.04143 0.0414299
0.1875 1.04143 0.0414299
0.203125 1.04344 0.0434387
0.203125 1.04344 0.0434387
0.21875 1.04546 0.0454561
0.21875 1.04546 0.0454561
0.234375 1.04746 0.0474633
0.234375 1.04746 0.0474633
0.25 1.04944 0.0494428
0.25 1.04944 0.0494428
0.265625 1.05138 0.0513782
0.265625 1.05138 0.0513782
0.28125 1.05325 0.0532541
0.28125 1.05325 0.0532541
0.296875 1.05506 0.0550564
0.296875 1.05506 0.0550564
0.3125 1.05677 0.0567722
0.3125 1.05677 0.0567722
0.328125 1.05839 0.0583899
0.328125 1.05839 0.0583899
0.34375 1.0599 0.059899
0.34375 1.0599 0.059899
0.359375 1.06129 0.0612903
0.359375 1.06129 0.0612903
0.375 1.06256 0.0625555
0.375 1.06256 0.0625555
0.390625 1.06369 0.0636876
0.390625 1.06369 0.0636876
0.40625 1.06468 0.0646804
0.40625 1.06468 0.0646804
0.421875 1.06553 0.0655288
0.421875 1.06553 0.0655288
0.4375 1.06623 0.0662286
0.4375 1.06623 0.0662286
0.453125 1.06678 0.0667763
0.453125 1.06678 0.0667763
0.46875 1.06717 0.0671694
0.46875 1.06717 0.0671694
0.484375 1.06741 0.0674059
0.484375 1.06741 0.0674059
0.5 1.06748 0.0674849
0.5 1.06748 0.0674849
0.515625 1.06741 0.0674059
0.515625 1.06741 0.0674059
0.53125 1.06717 0.0671694
0.53125 1.06717 0.0671694
0.546875 1.06678 0.0667763
0.546875 1.06678 0.0667763
0.5625 1.06623 0.0662286
0.5625 1.06623 0.0662286
0.578125 1.06553 0.0655288
0.578125 1.06553 0.0655288
0.59375 1.06468 0.0646804
0.59375 1.06468 0.0646804
0.609375 1.06369 0.0636876
0.609375 1.06369 0.0636876
0.625 1.06256 0.0625555
0.625 1.06256 0.0625555
0.640625 1.06129 0.0612903
0.640625 1.06129 0.0612903
0.65625 1.0599 0.059899
0.65625 1.0599 0.059899
0.671875 1.05839 0.0583899
0.671875 1.05839 0.0583899
0.6875 1.05677 0.0567722
0.6875 1.05677 0.0567722
0.703125 1.05506 0.0550564
0.703125 1.05506 0.0550564
0.71875 1.05325 0.0532541
0.71875 1.05325 0.0532541
0.734375 1.05138 0.0513782
0.734375 1.05138 0.0513782
0.75 1.04944 0.0494428
0.75 1.04944 0.0494428
0.765625 1.04746 0.0474633
0.765625 1.04746 0.0474633
0.78125 1.04546 0.0454561
0.78125 1.04546 0.0454561
0.796875 1.04344 0.0434387
0.796875 1.04344 0.0434387
0.8125 1.04143 0.0414299
0.8125 1.04143 0.0414299
0.828125 1.03945 0.039449
0.828125 1.03945 0.039449
0.84375 1.03752 0.0375165
0.84375 1.03752 0.0375165
0.859375 1.03565 0.0356533
0.859375 1.03565 0.0356533
0.875 1.03388 0.033881
0.875 1.03388 0.033881
0.890625 1.03222 0.0322218
0.890625 1.03222 0.0322218
0.90625 1.0307 0.0306981
0.90625 1.0307 0.0306981
0.921875 1.02933 0.0293335
0.921875 1.02933 0.0293335
0.9375 1.02815 0.0281523
0.9375 1.02815 0.0281523
0.953125 1.02718 0.027181
0.953125 1.02718 0.027181
0.96875 1.02645 0.0264499
0.96875 1.02645 0.0264499
0.984375 1.026 0.0259982
0.984375 1.026 0.0259982
1 1 0
