# x y topography
0 1 0
0.015625 1.02319 0.0231912
0.015625 1.02319 0.0231912
0.03125 1.02369 0.0236886
0.03125 1.02369 0.0236886
0.046875 1.02451 0.0245098
0.046875 1.02451 0.0245098
0.0625 1.02561 0.0256128
0.0625 1.02561 0.0256128
0.078125 1.02696 0.0269635
0.078125 1.02696 0.0269635
0.09375 1.02853 0.0285305
0.09375 1.02853 0.0285305
0.109375 1.03028 0.030284
0.109375 1.03028 0.030284
0.125 1.03219 0.0321944
0.125 1.03219 0.0321944
0.140625 1.03423 0.034233
0.140625 1.03423 0.034233
0.15625 1.03637 0.0363714
0.15625 1.03637 0.0363714
0.171875 1.03858 0.0385824
0.171875 1.03858 0.0385824
0.1875 1.04084 0.0408394
0.1875 1.04084 0.0408394
0.203125 1.04312 0.0431175
0.203125 1.04312 0.0431175
0.21875 1.04539 0.0453933
0.21875 1.04539 0.0453933
0.234375 1.04764 0.0476449
0.234375 1.04764 0.0476449
0.25 1.04985 0.0498526
0.25 1.04985 0.0498526
0.265625 1.052 0.0519982
0.265625 1.052 0.0519982
0.28125 1.05407 0.0540656
0.28125 1.05407 0.0540656
0.296875 1.05604 0.0560405
0.296875 1.05604 0.0560405
0.3125 1.05791 0.0579102
0.3125 1.05791 0.0579102
0.328125 1.05966 0.0596637
0.328125 1.05966 0.0596637
0.34375 1.06129 0.0612914
0.34375 1.06129 0.0612914
0.359375 1.06279 0.0627853
0.359375 1.06279 0.0627853
0.375 1.06414 0.0641382
0.375 1.06414 0.0641382
0.390625 1.06534 0.0653443
0.390625 1.06534 0.0653443
0.40625 1.0664 0.0663988
0.40625 1.0664 0.0663988
0.421875 1.0673 0.0672973
0.421875 1.0673 0.0672973
0.4375 1.06804 0.0680368
0.4375 1.06804 0.0680368
0.453125 1.06861 0.0686146
0.453125 1.06861 0.0686146
0.46875 1.06903 0.0690286
0.46875 1.06903 0.0690286
0.484375 1.06928 0.0692776
0.484375 1.06928 0.0692776
0.5 1.06936 0.0693607
0.5 1.06936 0.0693607
0.515625 1.06928 0.0692776
0.515625 1.06928 0.0692776
0.53125 1.06903 0.0690286
0.53125 1.06903 0.0690286
0.546875 1.06861 0.0686146
0.546875 1.06861 0.0686146
0.5625 1.06804 0.0680368
0.5625 1.06804 0.0680368
0.578125 1.0673 0.0672973
0.578125 1.0673 0.0672973
0.59375 1.0664 0.0663988
0.59375 1.0664 0.0663988
0.609375 1.06534 0.0653443
0.609375 1.06534 0.0653443
0.625 1.06414 0.0641382
0.625 1.06414 0.0641382
0.640625 1.06279 0.0627853
0.640625 1.06279 0.0627853
0.65625 1.06129 0.0612914
0.65625 1.06129 0.0612914
0.671875 1.05966 0.0596637
0.671875 1.05966 0.0596637
0.6875 1.05791 0.0579102
0.6875 1.05791 0.0579102
0.703125 1.05604 0.0560405
0.703125 1.05604 0.0560405
0.71875 1.05407 0.0540656
0.71875 1.05407 0.0540656
0.734375 1.052 0.0519982
0.734375 1.052 0.0519982
0.75 1.04985 0.0498526
0.75 1.04985 0.0498526
0.765625 1.04764 0.0476449
0.765625 1.04764 0.0476449
0.78125 1.04539 0.0453933
0.78125 1.04539 0.0453933
0.796875 1.04312 0.0431175
0.796875 1.04312 0.0431175
0.8125 1.04084 0.0408394
0.8125 1.04084 0.0408394
0.828125 1.03858 0.0385824
0.828125 1.03858 0.0385824
0.84375 1.03637 0.0363714
0.84375 1.03637 0.0363714
0.859375 1.03423 0.034233
0.859375 1.03423 0.034233
0.875 1.03219 0.0321944
0.875 1.03219 0.0321944
0.890625 1.03028 0.030284
0.890625 1.03028 0.030284
0.90625 1.02853 0.0285305
0.90625 1.02853 0.0285305
0.921875 1.02696 0.0269635
0.921875 1.02696 0.0269635
0.9375 1.02561 0.0256128
0.9375 1.02561 0.0256128
0.953125 1.02451 0.0245098
0.953125 1.02451 0.0245098
0.96875 1.02369 0.0236886
0.96875 1.02369 0.0236886
0.984375 1.02319 0.0231912
0.984375 1.02319 0.0231912
1 1 0
