# x y topography
0 1 0
0.015625 1.02638 0.0263774
0.015625 1.02638 0.0263774
0.03125 1.02682 0.0268237
0.03125 1.02682 0.0268237
0.046875 1.02754 0.0275439
0.046875 1.02754 0.0275439
0.0625 1.0285 0.0284994
0.0625 1.0285 0.0284994
0.078125 1.02966 0.02966
0.078125 1.02966 0.02966
0.09375 1.031 0.0309998
0.09375 1.031 0.0309998
0.109375 1.03249 0.0324949
0.109375 1.03249 0.0324949
0.125 1.03412 0.0341227
0.125 1.03412 0.0341227
0.140625 1.03586 0.0358611
0.140625 1.03586 0.0358611
0.15625 1.03769 0.0376888
0.15625 1.03769 0.0376888
0.171875 1.03958 0.0395848
0.171875 1.03958 0.0395848
0.1875 1.04153 0.0415288
0.1875 1.04153 0.0415288
0.203125 1.0435 0.0435009
0.203125 1.0435 0.0435009
0.21875 1.04548 0.0454823
0.21875 1.04548 0.0454823
0.234375 1.04745 0.0474549
0.234375 1.04745 0.0474549
0.25 1.0494 0.0494013
0.25 1.0494 0.0494013
0.265625 1.05131 0.0513054
0.265625 1.05131 0.0513054
0.28125 1.05315 0.0531521
0.28125 1.05315 0.0531521
0.296875 1.05493 0.0549276
0.296875 1.05493 0.0549276
0.3125 1.05662 0.056619
0.3125 1.05662 0.056619
0.328125 1.05821 0.0582146
0.328125 1.05821 0.0582146
0.34375 1.0597 0.059704
0.34375 1.0597 0.059704
0.359375 1.06108 0.0610779
0.359375 1.06108 0.0610779
0.375 1.06233 0.062328
0.375 1.06233 0.062328
0.390625 1.06345 0.063447
0.390625 1.06345 0.063447
0.40625 1.06443 0.0644288
0.40625 1.06443 0.0644288
0.421875 1.06527 0.0652681
0.421875 1.06527 0.0652681
0.4375 1.06596 0.0659606
0.4375 1.06596 0.0659606
0.453125 1.0665 0.0665028
0.453125 1.0665 0.0665028
0.46875 1.06689 0.0668919
0.46875 1.06689 0.0668919
0.484375 1.06713 0.0671261
0.484375 1.06713 0.0671261
0.5 1.0672 0.0672043
0.5 1.0672 0.0672043
0.515625 1.06713 0.0671261
0.515625 1.06713 0.0671261
0.53125 1.06689 0.0668919
0.53125 1.06689 0.0668919
0.546875 1.0665 0.0665028
0.546875 1.0665 0.0665028
0.5625 1.06596 0.0659606
0.5625 1.06596 0.0659606
0.578125 1.06527 0.0652681
0.578125 1.06527 0.0652681
0.59375 1.06443 0.0644288
0.59375 1.06443 0.0644288
0.609375 1.06345 0.063447
0.609375 1.06345 0.063447
0.625 1.06233 0.062328
0.625 1.06233 0.062328
0.640625 1.06108 0.0610779
0.640625 1.06108 0.0610779
0.65625 1.0597 0.059704
0.65625 1.0597 0.059704
0.671875 1.05821 0.0582146
0.671875 1.05821 0.0582146
0.6875 1.05662 0.056619
0.6875 1.05662 0.056619
0.703125 1.05493 0.0549276
0.703125 1.05493 0.0549276
0.71875 1.05315 0.0531521
0.71875 1.05315 0.0531521
0.734375 1.05131 0.0513054
0.734375 1.05131 0.0513054
0.75 1.0494 0.0494013
0.75 1.0494 0.0494013
0.765625 1.04745 0.0474549
0.765625 1.04745 0.0474549
0.78125 1.04548 0.0454823
0.78125 1.04548 0.0454823
0.796875 1.0435 0.0435009
0.796875 1.0435 0.0435009
0.8125 1.04153 0.0415288
0.8125 1.04153 0.0415288
0.828125 1.03958 0.0395848
0.828125 1.03958 0.0395848
0.84375 1.03769 0.0376888
0.84375 1.03769 0.0376888
0.859375 1.03586 0.0358611
0.859375 1.03586 0.0358611
0.875 1.03412 0.0341227
0.875 1.03412 0.0341227
0.890625 1.03249 0.0324949
0.890625 1.03249 0.0324949
0.90625 1.031 0.0309998
0.90625 1.031 0.0309998
0.921875 1.02966 0.02966
0.921875 1.02966 0.02966
0.9375 1.0285 0.0284994
0.9375 1.0285 0.0284994
0.953125 1.02754 0.0275439
0.953125 1.02754 0.0275439
0.96875 1.02682 0.0268237
0.96875 1.02682 0.0268237
0.984375 1.02638 0.0263774
0.984375 1.02638 0.0263774
1 1 0
