# x y topography
0 1 0
0.015625 1.02988 0.0298808
0.015625 1.02988 0.0298808
0.03125 1.03028 0.0302821
0.03125 1.03028 0.0302821
0.046875 1.03091 0.0309133
0.046875 1.03091 0.0309133
0.0625 1.03174 0.0317375
0.0625 1.03174 0.0317375
0.078125 1.03273 0.0327271
0.078125 1.03273 0.0327271
0.09375 1.03386 0.0338593
0.09375 1.03386 0.0338593
0.109375 1.03511 0.0351144
0.109375 1.03511 0.0351144
0.125 1.03647 0.0364738
0.125 1.03647 0.0364738
0.140625 1.03792 0.0379204
0.140625 1.03792 0.0379204
0.15625 1.03944 0.0394376
0.15625 1.03944 0.0394376
0.171875 1.04101 0.0410095
0.171875 1.04101 0.0410095
0.1875 1.04262 0.0426207
0.1875 1.04262 0.0426207
0.203125 1.04426 0.0442563
0.203125 1.04426 0.0442563
0.21875 1.0459 0.0459017
0.21875 1.0459 0.0459017
0.234375 1.04754 0.047543
0.234375 1.04754 0.047543
0.25 1.04917 0.0491666
0.25 1.04917 0.0491666
0.265625 1.05076 0.0507596
0.265625 1.05076 0.0507596
0.28125 1.05231 0.0523097
0.28125 1.05231 0.0523097
0.296875 1.05381 0.0538052
0.296875 1.05381 0.0538052
0.3125 1.05524 0.0552351
0.3125 1.05524 0.0552351
0.328125 1.05659 0.0565891
0.328125 1.05659 0.0565891
0.34375 1.05786 0.0578576
0.34375 1.05786 0.0578576
0.359375 1.05903 0.059032
0.359375 1.05903 0.059032
0.375 1.0601 0.0601042
0.375 1.0601 0.0601042
0.390625 1.06107 0.0610672
0.390625 1.06107 0.0610672
0.40625 1.06191 0.0619145
0.40625 1.06191 0.0619145
0.421875 1.06264 0.0626408
0.421875 1.06264 0.0626408
0.4375 1.06324 0.0632414
0.4375 1.06324 0.0632414
0.453125 1.06371 0.0637124
0.453125 1.06371 0.0637124
0.46875 1.06405 0.064051
0.46875 1.06405 0.064051
0.484375 1.06425 0.064255
0.484375 1.06425 0.064255
0.5 1.06432 0.0643231
0.5 1.06432 0.0643231
0.515625 1.06425 0.064255
0.515625 1.06425 0.064255
0.53125 1.06405 0.064051
0.53125 1.06405 0.064051
0.546875 1.06371 0.0637124
0.546875 1.06371 0.0637124
0.5625 1.06324 0.0632414
0.5625 1.06324 0.0632414
0.578125 1.06264 0.0626408
0.578125 1.06264 0.0626408
0.59375 1.06191 0.0619145
0.59375 1.06191 0.0619145
0.609375 1.06107 0.0610672
0.609375 1.06107 0.0610672
0.625 1.0601 0.0601042
0.625 1.0601 0.0601042
0.640625 1.05903 0.059032
0.640625 1.05903 0.059032
0.65625 1.05786 0.0578576
0.65625 1.05786 0.0578576
0.671875 1.05659 0.0565891
0.671875 1.05659 0.0565891
0.6875 1.05524 0.0552351
0.6875 1.05524 0.0552351
0.703125 1.05381 0.0538052
0.703125 1.05381 0.0538052
0.71875 1.05231 0.0523097
0.71875 1.05231 0.0523097
0.734375 1.05076 0.0507596
0.734375 1.05076 0.0507596
0.75 1.04917 0.0491666
0.75 1.04917 0.0491666
0.765625 1.04754 0.047543
0.765625 1.04754 0.047543
0.78125 1.0459 0.0459017
0.78125 1.0459 0.0459017
0.796875 1.04426 0.0442563
0.796875 1.04426 0.0442563
0.8125 1.04262 0.0426207
0.8125 1.04262 0.0426207
0.828125 1.04101 0.0410095
0.828125 1.04101 0.0410095
0.84375 1.03944 0.0394376
0.84375 1.03944 0.0394376
0.859375 1.03792 0.0379204
0.859375 1.03792 0.0379204
0.875 1.03647 0.0364738
0.875 1.03647 0.0364738
0.890625 1.03511 0.0351144
0.890625 1.03511 0.0351144
0.90625 1.03386 0.0338593
0.90625 1.03386 0.0338593
0.921875 1.03273 0.0327271
0.921875 1.03273 0.0327271
0.9375 1.03174 0.0317375
0.9375 1.03174 0.0317375
0.953125 1.03091 0.0309133
0.953125 1.03091 0.0309133
0.96875 1.03028 0.0302821
0.96875 1.03028 0.0302821
0.984375 1.02988 0.0298808
0.984375 1.02988 0.0298808
1 1 0
