# x y topography
0 1 0
0.015625 1.01533 0.0153347
0.015625 1.01533 0.0153347
0.03125 1.01605 0.0160521
0.03125 1.01605 0.0160521
0.046875 1.0173 0.0172975
0.046875 1.0173 0.0172975
0.0625 1.019 0.0190006
0.0625 1.019 0.0190006
0.078125 1.02109 0.0210886
0.078125 1.02109 0.0210886
0.09375 1.02349 0.0234865
0.09375 1.02349 0.0234865
0.109375 1.02612 0.0261204
0.109375 1.02612 0.0261204
0.125 1.02892 0.0289205
0.125 1.02892 0.0289205
0.140625 1.03182 0.031824
0.140625 1.03182 0.031824
0.15625 1.03478 0.034777
0.15625 1.03478 0.034777
0.171875 1.03773 0.0377349
0.171875 1.03773 0.0377349
0.1875 1.04066 0.040662
0.1875 1.04066 0.040662
0.203125 1.04353 0.0435305
0.203125 1.04353 0.0435305
0.21875 1.04632 0.0463188
0.21875 1.04632 0.0463188
0.234375 1.04901 0.0490106
0.234375 1.04901 0.0490106
0.25 1.05159 0.0515932
0.25 1.05159 0.0515932
0.265625 1.05406 0.0540564
0.265625 1.05406 0.0540564
0.28125 1.05639 0.0563922
0.28125 1.05639 0.0563922
0.296875 1.05859 0.0585936
0.296875 1.05859 0.0585936
0.3125 1.06065 0.0606546
0.3125 1.06065 0.0606546
0.328125 1.06257 0.0625698
0.328125 1.06257 0.0625698
0.34375 1.06433 0.0643345
0.34375 1.06433 0.0643345
0.359375 1.06594 0.0659443
0.359375 1.06594 0.0659443
0.375 1.0674 0.0673952
0.375 1.0674 0.0673952
0.390625 1.06868 0.0686838
0.390625 1.06868 0.0686838
0.40625 1.06981 0.0698069
0.40625 1.06981 0.0698069
0.421875 1.07076 0.0707618
0.421875 1.07076 0.0707618
0.4375 1.07155 0.0715463
0.4375 1.07155 0.0715463
0.453125 1.07216 0.0721584
0.453125 1.07216 0.0721584
0.46875 1.0726 0.0725967
0.46875 1.0726 0.0725967
0.484375 1.07286 0.0728601
0.484375 1.07286 0.0728601
0.5 1.07295 0.072948
0.5 1.07295 0.072948
0.515625 1.07286 0.0728601
0.515625 1.07286 0.0728601
0.53125 1.0726 0.0725967
0.53125 1.0726 0.0725967
0.546875 1.07216 0.0721584
0.546875 1.07216 0.0721584
0.5625 1.07155 0.0715463
0.5625 1.07155 0.0715463
0.578125 1.07076 0.0707618
0.578125 1.07076 0.0707618
0.59375 1.06981 0.0698069
0.59375 1.06981 0.0698069
0.609375 1.06868 0.0686838
0.609375 1.06868 0.0686838
0.625 1.0674 0.0673952
0.625 1.0674 0.0673952
0.640625 1.06594 0.0659443
0.640625 1.06594 0.0659443
0.65625 1.06433 0.0643345
0.65625 1.06433 0.0643345
0.671875 1.06257 0.0625698
0.671875 1.06257 0.0625698
0.6875 1.06065 0.0606546
0.6875 1.06065 0.0606546
0.703125 1.05859 0.0585936
0.703125 1.05859 0.0585936
0.71875 1.05639 0.0563922
0.71875 1.05639 0.0563922
0.734375 1.05406 0.0540564
0.734375 1.05406 0.0540564
0.75 1.05159 0.0515932
0.75 1.05159 0.0515932
0.765625 1.04901 0.0490106
0.765625 1.04901 0.0490106
0.78125 1.04632 0.0463188
0.78125 1.04632 0.0463188
0.796875 1.04353 0.0435305
0.796875 1.04353 0.0435305
0.8125 1.04066 0.040662
0.8125 1.04066 0.040662
0.828125 1.03773 0.0377349
0.828125 1.03773 0.0377349
0.84375 1.03478 0.034777
0.84375 1.03478 0.034777
0.859375 1.03182 0.031824
0.859375 1.03182 0.031824
0.875 1.02892 0.0289205
0.875 1.02892 0.0289205
0.890625 1.02612 0.0261204
0.890625 1.02612 0.0261204
0.90625 1.02349 0.0234865
0.90625 1.02349 0.0234865
0.921875 1.02109 0.0210886
0.921875 1.02109 0.0210886
0.9375 1.019 0.0190006
0.9375 1.019 0.0190006
0.953125 1.0173 0.0172975
0.953125 1.0173 0.0172975
0.96875 1.01605 0.0160521
0.96875 1.01605 0.0160521
0.984375 1.01533 0.0153347
0.984375 1.01533 0.0153347
1 1 0
