# x y topography
0 1 0
0.015625 1.02133 0.021327
0.015625 1.02133 0.021327
0.03125 1.02186 0.0218613
0.03125 1.02186 0.0218613
0.046875 1.02275 0.0227546
0.046875 1.02275 0.0227546
0.0625 1.02396 0.0239623
0.0625 1.02396 0.0239623
0.078125 1.02545 0.025446
0.078125 1.02545 0.025446
0.09375 1.02717 0.0271696
0.09375 1.02717 0.0271696
0.109375 1.0291 0.0290974
0.109375 1.0291 0.0290974
0.125 1.03119 0.0311942
0.125 1.03119 0.0311942
0.140625 1.03343 0.0334256
0.140625 1.03343 0.0334256
0.15625 1.03576 0.0357579
0.15625 1.03576 0.0357579
0.171875 1.03816 0.0381589
0.171875 1.03816 0.0381589
0.1875 1.0406 0.0405983
0.1875 1.0406 0.0405983
0.203125 1.04305 0.043048
0.203125 1.04305 0.043048
0.21875 1.04548 0.0454824
0.21875 1.04548 0.0454824
0.234375 1.04788 0.0478783
0.234375 1.04788 0.0478783
0.25 1.05022 0.0502153
0.25 1.05022 0.0502153
0.265625 1.05248 0.0524753
0.265625 1.05248 0.0524753
0.28125 1.05464 0.0546428
0.28125 1.05464 0.0546428
0.296875 1.0567 0.0567043
0.296875 1.0567 0.0567043
0.3125 1.05865 0.0586483
0.3125 1.05865 0.0586483
0.328125 1.06047 0.0604651
0.328125 1.06047 0.0604651
0.34375 1.06215 0.0621463
0.34375 1.06215 0.0621463
0.359375 1.06369 0.0636851
0.359375 1.06369 0.0636851
0.375 1.06508 0.0650755
0.375 1.06508 0.0650755
0.390625 1.06631 0.0663126
0.390625 1.06631 0.0663126
0.40625 1.06739 0.0673924
0.40625 1.06739 0.0673924
0.421875 1.06831 0.0683114
0.421875 1.06831 0.0683114
0.4375 1.06907 0.0690669
0.4375 1.06907 0.0690669
0.453125 1.06966 0.0696567
0.453125 1.06966 0.0696567
0.46875 1.07008 0.0700791
0.46875 1.07008 0.0700791
0.484375 1.07033 0.070333
0.484375 1.07033 0.070333
0.5 1.07042 0.0704177
0.5 1.07042 0.0704177
0.515625 1.07033 0.070333
0.515625 1.07033 0.070333
0.53125 1.07008 0.0700791
0.53125 1.07008 0.0700791
0.546875 1.06966 0.0696567
0.546875 1.06966 0.0696567
0.5625 1.06907 0.0690669
0.5625 1.06907 0.0690669
0.578125 1.06831 0.0683114
0.578125 1.06831 0.0683114
0.59375 1.06739 0.0673924
0.59375 1.06739 0.0673924
0.609375 1.06631 0.0663126
0.609375 1.06631 0.0663126
0.625 1.06508 0.0650755
0.625 1.06508 0.0650755
0.640625 1.06369 0.0636851
0.640625 1.06369 0.0636851
0.65625 1.06215 0.0621463
0.65625 1.06215 0.0621463
0.671875 1.06047 0.0604651
0.671875 1.06047 0.0604651
0.6875 1.05865 0.0586483
0.6875 1.05865 0.0586483
0.703125 1.0567 0.0567043
0.703125 1.0567 0.0567043
0.71875 1.05464 0.0546428
0.71875 1.05464 0.0546428
0.734375 1.05248 0.0524753
0.734375 1.05248 0.0524753
0.75 1.05022 0.0502153
0.75 1.05022 0.0502153
0.765625 1.04788 0.0478783
0.765625 1.04788 0.0478783
0.78125 1.04548 0.0454824
0.78125 1.04548 0.0454824
0.796875 1.04305 0.043048
0.796875 1.04305 0.043048
0.8125 1.0406 0.0405983
0.8125 1.0406 0.0405983
0.828125 1.03816 0.0381589
0.828125 1.03816 0.0381589
0.84375 1.03576 0.0357579
0.84375 1.03576 0.0357579
0.859375 1.03343 0.0334256
0.859375 1.03343 0.0334256
0.875 1.03119 0.0311942
0.875 1.03119 0.0311942
0.890625 1.0291 0.0290974
0.890625 1.0291 0.0290974
0.90625 1.02717 0.0271696
0.90625 1.02717 0.0271696
0.921875 1.02545 0.025446
0.921875 1.02545 0.025446
0.9375 1.02396 0.0239623
0.9375 1.02396 0.0239623
0.953125 1.02275 0.0227546
0.953125 1.02275 0.0227546
0.96875 1.02186 0.0218613
0.96875 1.02186 0.0218613
0.984375 1.02133 0.021327
0.984375 1.02133 0.021327
1 1 0
