# x y topography
0 1 0
0.015625 1.01726 0.0172568
0.015625 1.01726 0.0172568
0.03125 1.0179 0.0179004
0.03125 1.0179 0.0179004
0.046875 1.01901 0.0190054
0.046875 1.01901 0.0190054
0.0625 1.02051 0.0205144
0.0625 1.02051 0.0205144
0.078125 1.02237 0.0223713
0.078125 1.02237 0.0223713
0.09375 1.02452 0.0245195
0.09375 1.02452 0.0245195
0.109375 1.0269 0.0269021
0.109375 1.0269 0.0269021
0.125 1.02946 0.0294633
0.125 1.02946 0.0294633
0.140625 1.03215 0.0321506
0.140625 1.03215 0.0321506
0.15625 1.03492 0.034916
0.15625 1.03492 0.034916
0.171875 1.03772 0.0377165
0.171875 1.03772 0.0377165
0.1875 1.04052 0.0405155
0.1875 1.04052 0.0405155
0.203125 1.04328 0.0432818
0.203125 1.04328 0.0432818
0.21875 1.04599 0.0459899
0.21875 1.04599 0.0459899
0.234375 1.04862 0.0486189
0.234375 1.04862 0.0486189
0.25 1.05115 0.0511521
0.25 1.05115 0.0511521
0.265625 1.05358 0.053576
0.265625 1.05358 0.053576
0.28125 1.05588 0.0558797
0.28125 1.05588 0.0558797
0.296875 1.05805 0.0580542
0.296875 1.05805 0.0580542
0.3125 1.06009 0.0600922
0.3125 1.06009 0.0600922
0.328125 1.06199 0.0619874
0.328125 1.06199 0.0619874
0.34375 1.06373 0.0637344
0.34375 1.06373 0.0637344
0.359375 1.06533 0.0653285
0.359375 1.06533 0.0653285
0.375 1.06677 0.0667655
0.375 1.06677 0.0667655
0.390625 1.06804 0.0680419
0.390625 1.06804 0.0680419
0.40625 1.06915 0.0691544
0.40625 1.06915 0.0691544
0.421875 1.0701 0.0701004
0.421875 1.0701 0.0701004
0.4375 1.07088 0.0708775
0.4375 1.07088 0.0708775
0.453125 1.07148 0.0714839
0.453125 1.07148 0.0714839
0.46875 1.07192 0.0719181
0.46875 1.07192 0.0719181
0.484375 1.07218 0.072179
0.484375 1.07218 0.072179
0.5 1.07227 0.0722661
0.5 1.07227 0.0722661
0.515625 1.07218 0.072179
0.515625 1.07218 0.072179
0.53125 1.07192 0.0719181
0.53125 1.07192 0.0719181
0.546875 1.07148 0.0714839
0.546875 1.07148 0.0714839
0.5625 1.07088 0.0708775
0.5625 1.07088 0.0708775
0.578125 1.0701 0.0701004
0.578125 1.0701 0.0701004
0.59375 1.06915 0.0691544
0.59375 1.06915 0.0691544
0.609375 1.06804 0.0680419
0.609375 1.06804 0.0680419
0.625 1.06677 0.0667655
0.625 1.06677 0.0667655
0.640625 1.06533 0.0653285
0.640625 1.06533 0.0653285
0.65625 1.06373 0.0637344
0.65625 1.06373 0.0637344
0.671875 1.06199 0.0619874
0.671875 1.06199 0.0619874
0.6875 1.06009 0.0600922
0.6875 1.06009 0.0600922
0.703125 1.05805 0.0580542
0.703125 1.05805 0.0580542
0.71875 1.05588 0.0558797
0.71875 1.05588 0.0558797
0.734375 1.05358 0.053576
0.734375 1.05358 0.053576
0.75 1.05115 0.0511521
0.75 1.05115 0.0511521
0.765625 1.04862 0.0486189
0.765625 1.04862 0.0486189
0.78125 1.04599 0.0459899
0.78125 1.04599 0.0459899
0.796875 1.04328 0.0432818
0.796875 1.04328 0.0432818
0.8125 1.04052 0.0405155
0.8125 1.04052 0.0405155
0.828125 1.03772 0.0377165
0.828125 1.03772 0.0377165
0.84375 1.03492 0.034916
0.84375 1.03492 0.034916
0.859375 1.03215 0.0321506
0.859375 1.03215 0.0321506
0.875 1.02946 0.0294633
0.875 1.02946 0.0294633
0.890625 1.0269 0.0269021
0.890625 1.0269 0.0269021
0.90625 1.02452 0.0245195
0.90625 1.02452 0.0245195
0.921875 1.02237 0.0223713
0.921875 1.02237 0.0223713
0.9375 1.02051 0.0205144
0.9375 1.02051 0.0205144
0.953125 1.01901 0.0190054
0.953125 1.01901 0.0190054
0.96875 1.0179 0.0179004
0.96875 1.0179 0.0179004
0.984375 1.01726 0.0172568
0.984375 1.01726 0.0172568
1 1 0
