# x y topography
0 1 0
0.015625 1.0296 0.0295999
0.015625 1.0296 0.0295999
0.03125 1.03 0.0300045
0.03125 1.03 0.0300045
0.046875 1.03064 0.0306423
0.046875 1.03064 0.0306423
0.0625 1.03148 0.0314761
0.0625 1.03148 0.0314761
0.078125 1.03248 0.0324783
0.078125 1.03248 0.0324783
0.09375 1.03363 0.0336259
0.09375 1.03363 0.0336259
0.109375 1.0349 0.0348989
0.109375 1.0349 0.0348989
0.125 1.03628 0.0362786
0.125 1.03628 0.0362786
0.140625 1.03775 0.0377473
0.140625 1.03775 0.0377473
0.15625 1.03929 0.0392883
0.15625 1.03929 0.0392883
0.171875 1.04089 0.0408854
0.171875 1.04089 0.0408854
0.1875 1.04252 0.0425228
0.1875 1.04252 0.0425228
0.203125 1.04419 0.0441851
0.203125 1.04419 0.0441851
0.21875 1.04586 0.0458576
0.21875 1.04586 0.0458576
0.234375 1.04753 0.0475259
0.234375 1.04753 0.0475259
0.25 1.04918 0.0491762
0.25 1.04918 0.0491762
0.265625 1.0508 0.0507954
0.265625 1.0508 0.0507954
0.28125 1.05237 0.0523709
0.28125 1.05237 0.0523709
0.296875 1.05389 0.0538906
0.296875 1.05389 0.0538906
0.3125 1.05534 0.0553436
0.3125 1.05534 0.0553436
0.328125 1.05672 0.0567192
0.328125 1.05672 0.0567192
0.34375 1.05801 0.0580078
0.34375 1.05801 0.0580078
0.359375 1.0592 0.0592006
0.359375 1.0592 0.0592006
0.375 1.06029 0.0602894
0.375 1.06029 0.0602894
0.390625 1.06127 0.0612672
0.390625 1.06127 0.0612672
0.40625 1.06213 0.0621274
0.40625 1.06213 0.0621274
0.421875 1.06286 0.0628646
0.421875 1.06286 0.0628646
0.4375 1.06347 0.0634742
0.4375 1.06347 0.0634742
0.453125 1.06395 0.0639522
0.453125 1.06395 0.0639522
0.46875 1.0643 0.0642958
0.46875 1.0643 0.0642958
0.484375 1.0645 0.0645028
0.484375 1.0645 0.0645028
0.5 1.06457 0.064572
0.5 1.06457 0.064572
0.515625 1.0645 0.0645028
0.515625 1.0645 0.0645028
0.53125 1.0643 0.0642958
0.53125 1.0643 0.0642958
0.546875 1.06395 0.0639522
0.546875 1.06395 0.0639522
0.5625 1.06347 0.0634742
0.5625 1.06347 0.0634742
0.578125 1.06286 0.0628646
0.578125 1.06286 0.0628646
0.59375 1.06213 0.0621274
0.59375 1.06213 0.0621274
0.609375 1.06127 0.0612672
0.609375 1.06127 0.0612672
0.625 1.06029 0.0602894
0.625 1.06029 0.0602894
0.640625 1.0592 0.0592006
0.640625 1.0592 0.0592006
0.65625 1.05801 0.0580078
0.65625 1.05801 0.0580078
0.671875 1.05672 0.0567192
0.671875 1.05672 0.0567192
0.6875 1.05534 0.0553436
0.6875 1.05534 0.0553436
0.703125 1.05389 0.0538906
0.703125 1.05389 0.0538906
0.71875 1.05237 0.0523709
0.71875 1.05237 0.0523709
0.734375 1.0508 0.0507954
0.734375 1.0508 0.0507954
0.75 1.04918 0.0491762
0.75 1.04918 0.0491762
0.765625 1.04753 0.0475259
0.765625 1.04753 0.0475259
0.78125 1.04586 0.0458576
0.78125 1.04586 0.0458576
0.796875 1.04419 0.0441851
0.796875 1.04419 0.0441851
0.8125 1.04252 0.0425228
0.8125 1.04252 0.0425228
0.828125 1.04089 0.0408854
0.828125 1.04089 0.0408854
0.84375 1.03929 0.0392883
0.84375 1.03929 0.0392883
0.859375 1.03775 0.0377473
0.859375 1.03775 0.0377473
0.875 1.03628 0.0362786
0.875 1.03628 0.0362786
0.890625 1.0349 0.0348989
0.890625 1.0349 0.0348989
0.90625 1.03363 0.0336259
0.90625 1.03363 0.0336259
0.921875 1.03248 0.0324783
0.921875 1.03248 0.0324783
0.9375 1.03148 0.0314761
0.9375 1.03148 0.0314761
0.953125 1.03064 0.0306423
0.953125 1.03064 0.0306423
0.96875 1.03 0.0300045
0.96875 1.03 0.0300045
0.984375 1.0296 0.0295999
0.984375 1.0296 0.0295999
1 1 0
