# x y topography
0 1 0
0.015625 1.0198 0.019803
0.015625 1.0198 0.019803
0.03125 1.02037 0.0203727
0.03125 1.02037 0.0203727
0.046875 1.02133 0.0213349
0.046875 1.02133 0.0213349
0.0625 1.02264 0.0226417
0.0625 1.02264 0.0226417
0.078125 1.02425 0.0242499
0.078125 1.02425 0.0242499
0.09375 1.02612 0.0261177
0.09375 1.02612 0.0261177
0.109375 1.0282 0.0282032
0.109375 1.0282 0.0282032
0.125 1.03047 0.0304651
0.125 1.03047 0.0304651
0.140625 1.03286 0.0328629
0.140625 1.03286 0.0328629
0.15625 1.03536 0.0353579
0.15625 1.03536 0.0353579
0.171875 1.03791 0.0379137
0.171875 1.03791 0.0379137
0.1875 1.0405 0.0404969
0.1875 1.0405 0.0404969
0.203125 1.04308 0.0430774
0.203125 1.04308 0.0430774
0.21875 1.04563 0.0456284
0.21875 1.04563 0.0456284
0.234375 1.04813 0.0481266
0.234375 1.04813 0.0481266
0.25 1.05055 0.050552
0.25 1.05055 0.050552
0.265625 1.05289 0.0528875
0.265625 1.05289 0.0528875
0.28125 1.05512 0.0551189
0.28125 1.05512 0.0551189
0.296875 1.05723 0.0572341
0.296875 1.05723 0.0572341
0.3125 1.05922 0.059223
0.3125 1.05922 0.059223
0.328125 1.06108 0.0610772
0.328125 1.06108 0.0610772
0.34375 1.06279 0.0627897
0.34375 1.06279 0.0627897
0.359375 1.06435 0.0643544
0.359375 1.06435 0.0643544
0.375 1.06577 0.0657665
0.375 1.06577 0.0657665
0.390625 1.06702 0.0670215
0.390625 1.06702 0.0670215
0.40625 1.06812 0.068116
0.40625 1.06812 0.068116
0.421875 1.06905 0.069047
0.421875 1.06905 0.069047
0.4375 1.06981 0.069812
0.4375 1.06981 0.069812
0.453125 1.07041 0.070409
0.453125 1.07041 0.070409
0.46875 1.07084 0.0708366
0.46875 1.07084 0.0708366
0.484375 1.07109 0.0710935
0.484375 1.07109 0.0710935
0.5 1.07118 0.0711792
0.5 1.07118 0.0711792
0.515625 1.07109 0.0710935
0.515625 1.07109 0.0710935
0.53125 1.07084 0.0708366
0.53125 1.07084 0.0708366
0.546875 1.07041 0.070409
0.546875 1.07041 0.070409
0.5625 1.06981 0.069812
0.5625 1.06981 0.069812
0.578125 1.06905 0.069047
0.578125 1.06905 0.069047
0.59375 1.06812 0.068116
0.59375 1.06812 0.068116
0.609375 1.06702 0.0670215
0.609375 1.06702 0.0670215
0.625 1.06577 0.0657665
0.625 1.06577 0.0657665
0.640625 1.06435 0.0643544
0.640625 1.06435 0.0643544
0.65625 1.06279 0.0627897
0.65625 1.06279 0.0627897
0.671875 1.06108 0.0610772
0.671875 1.06108 0.0610772
0.6875 1.05922 0.059223
0.6875 1.05922 0.059223
0.703125 1.05723 0.0572341
0.703125 1.05723 0.0572341
0.71875 1.05512 0.0551189
0.71875 1.05512 0.0551189
0.734375 1.05289 0.0528875
0.734375 1.05289 0.0528875
0.75 1.05055 0.050552
0.75 1.05055 0.050552
0.765625 1.04813 0.0481266
0.765625 1.04813 0.0481266
0.78125 1.04563 0.0456284
0.78125 1.04563 0.0456284
0.796875 1.04308 0.0430774
0.796875 1.04308 0.0430774
0.8125 1.0405 0.0404969
0.8125 1.0405 0.0404969
0.828125 1.03791 0.0379137
0.828125 1.03791 0.0379137
0.84375 1.03536 0.0353579
0.84375 1.03536 0.0353579
0.859375 1.03286 0.0328629
0.859375 1.03286 0.0328629
0.875 1.03047 0.0304651
0.875 1.03047 0.0304651
0.890625 1.0282 0.0282032
0.890625 1.0282 0.0282032
0.90625 1.02612 0.0261177
0.90625 1.02612 0.0261177
0.921875 1.02425 0.0242499
0.921875 1.02425 0.0242499
0.9375 1.02264 0.0226417
0.9375 1.02264 0.0226417
0.953125 1.02133 0.0213349
0.953125 1.02133 0.0213349
0.96875 1.02037 0.0203727
0.96875 1.02037 0.0203727
0.984375 1.0198 0.019803
0.984375 1.0198 0.019803
1 1 0
