# x y topography
0 3.00556 0.00555986
0.046875 3.00631 0.00631278
0.046875 3.00631 0.00631278
0.09375 3.00838 0.00837797
0.09375 3.00838 0.00837797
0.140625 3.01131 0.0113088
0.140625 3.01131 0.0113088
0.1875 3.01467 0.0146657
0.1875 3.01467 0.0146657
0.234375 3.01817 0.0181672
0.234375 3.01817 0.0181672
0.28125 3.02168 0.0216816
0.28125 3.02168 0.0216816
0.328125 3.02516 0.0251581
0.328125 3.02516 0.0251581
0.375 3.02858 0.0285771
0.375 3.02858 0.0285771
0.421875 3.03193 0.0319277
0.421875 3.03193 0.0319277
0.46875 3.0352 0.0352015
0.46875 3.0352 0.0352015
0.515625 3.03839 0.0383905
0.515625 3.03839 0.0383905
0.5625 3.04149 0.041487
0.5625 3.04149 0.041487
0.609375 3.04448 0.0444835
0.609375 3.04448 0.0444835
0.65625 3.04737 0.0473728
0.65625 3.04737 0.0473728
0.703125 3.05015 0.050148
0.703125 3.05015 0.050148
0.75 3.0528 0.0528024
0.75 3.0528 0.0528024
0.796875 3.05533 0.0553295
0.796875 3.05533 0.0553295
0.84375 3.05772 0.0577233
0.84375 3.05772 0.0577233
0.890625 3.05998 0.0599781
0.890625 3.05998 0.0599781
0.9375 3.06209 0.0620884
0.9375 3.06209 0.0620884
0.984375 3.06405 0.064049
0.984375 3.06405 0.064049
1.03125 3.06586 0.0658554
1.03125 3.06586 0.0658554
1.07812 3.0675 0.0675031
1.07812 3.0675 0.0675031
1.125 3.06899 0.0689883
1.125 3.06899 0.0689883
1.17188 3.07031 0.0703072
1.17188 3.07031 0.0703072
1.21875 3.07146 0.0714567
1.21875 3.07146 0.0714567
1.26562 3.07243 0.0724342
1.26562 3.07243 0.0724342
1.3125 3.07324 0.0732371
1.3125 3.07324 0.0732371
1.35938 3.07386 0.0738636
1.35938 3.07386 0.0738636
1.40625 3.07431 0.0743122
1.40625 3.07431 0.0743122
1.45312 3.07458 0.0745818
1.45312 3.07458 0.0745818
1.5 3.07467 0.0746717
1.5 3.07467 0.0746717
1.54688 3.07458 0.0745818
1.54688 3.07458 0.0745818
1.59375 3.07431 0.0743122
1.59375 3.07431 0.0743122
1.64062 3.07386 0.0738636
1.64062 3.07386 0.0738636
1.6875 3.07324 0.0732371
1.6875 3.07324 0.0732371
1.73438 3.07243 0.0724342
1.73438 3.07243 0.0724342
1.78125 3.07146 0.0714567
1.78125 3.07146 0.0714567
1.82812 3.07031 0.0703072
1.82812 3.07031 0.0703072
1.875 3.06899 0.0689883
1.875 3.06899 0.0689883
1.92188 3.0675 0.0675031
1.92188 3.0675 0.0675031
1.96875 3.06586 0.0658554
1.96875 3.06586 0.0658554
2.01562 3.06405 0.064049
2.01562 3.06405 0.064049
2.0625 3.06209 0.0620884
2.0625 3.06209 0.0620884
2.10938 3.05998 0.0599781
2.10938 3.05998 0.0599781
2.15625 3.05772 0.0577233
2.15625 3.05772 0.0577233
2.20312 3.05533 0.0553295
2.20312 3.05533 0.0553295
2.25 3.0528 0.0528024
2.25 3.0528 0.0528024
2.29688 3.05015 0.050148
2.29688 3.05015 0.050148
2.34375 3.04737 0.0473728
2.34375 3.04737 0.0473728
2.39062 3.04448 0.0444835
2.39062 3.04448 0.0444835
2.4375 3.04149 0.041487
2.4375 3.04149 0.041487
2.48438 3.03839 0.0383905
2.48438 3.03839 0.0383905
2.53125 3.0352 0.0352015
2.53125 3.0352 0.0352015
2.57812 3.03193 0.0319277
2.57812 3.03193 0.0319277
2.625 3.02858 0.0285771
2.625 3.02858 0.0285771
2.67188 3.02516 0.0251581
2.67188 3.02516 0.0251581
2.71875 3.02168 0.0216816
2.71875 3.02168 0.0216816
2.76562 3.01817 0.0181672
2.76562 3.01817 0.0181672
2.8125 3.01467 0.0146657
2.8125 3.01467 0.0146657
2.85938 3.01131 0.0113088
2.85938 3.01131 0.0113088
2.90625 3.00838 0.00837797
2.90625 3.00838 0.00837797
2.95312 3.00631 0.00631278
2.95312 3.00631 0.00631278
3 3.00556 0.00555986
