# x y topography
0 3.0059 0.00589751
0.046875 3.00661 0.00660761
0.046875 3.00661 0.00660761
0.09375 3.00857 0.00857391
0.09375 3.00857 0.00857391
0.140625 3.01141 0.0114068
0.140625 3.01141 0.0114068
0.1875 3.0147 0.0147001
0.1875 3.0147 0.0147001
0.234375 3.01817 0.0181712
0.234375 3.01817 0.0181712
0.28125 3.02167 0.0216735
0.28125 3.02167 0.0216735
0.328125 3.02515 0.0251453
0.328125 3.02515 0.0251453
0.375 3.02856 0.0285617
0.375 3.02856 0.0285617
0.421875 3.03191 0.0319104
0.421875 3.03191 0.0319104
0.46875 3.03518 0.0351824
0.46875 3.03518 0.0351824
0.515625 3.03837 0.0383697
0.515625 3.03837 0.0383697
0.5625 3.04146 0.0414644
0.5625 3.04146 0.0414644
0.609375 3.04446 0.0444593
0.609375 3.04446 0.0444593
0.65625 3.04735 0.047347
0.65625 3.04735 0.047347
0.703125 3.05012 0.0501207
0.703125 3.05012 0.0501207
0.75 3.05277 0.0527736
0.75 3.05277 0.0527736
0.796875 3.0553 0.0552993
0.796875 3.0553 0.0552993
0.84375 3.05769 0.0576918
0.84375 3.05769 0.0576918
0.890625 3.05995 0.0599454
0.890625 3.05995 0.0599454
0.9375 3.06205 0.0620545
0.9375 3.06205 0.0620545
0.984375 3.06401 0.064014
0.984375 3.06401 0.064014
1.03125 3.06582 0.0658194
1.03125 3.06582 0.0658194
1.07812 3.06747 0.0674662
1.07812 3.06747 0.0674662
1.125 3.06895 0.0689505
1.125 3.06895 0.0689505
1.17188 3.07027 0.0702687
1.17188 3.07027 0.0702687
1.21875 3.07142 0.0714176
1.21875 3.07142 0.0714176
1.26562 3.07239 0.0723945
1.26562 3.07239 0.0723945
1.3125 3.0732 0.073197
1.3125 3.0732 0.073197
1.35938 3.07382 0.0738232
1.35938 3.07382 0.0738232
1.40625 3.07427 0.0742715
1.40625 3.07427 0.0742715
1.45312 3.07454 0.0745409
1.45312 3.07454 0.0745409
1.5 3.07463 0.0746308
1.5 3.07463 0.0746308
1.54688 3.07454 0.0745409
1.54688 3.07454 0.0745409
1.59375 3.07427 0.0742715
1.59375 3.07427 0.0742715
1.64062 3.07382 0.0738232
1.64062 3.07382 0.0738232
1.6875 3.0732 0.073197
1.6875 3.0732 0.073197
1.73438 3.07239 0.0723945
1.73438 3.07239 0.0723945
1.78125 3.07142 0.0714176
1.78125 3.07142 0.0714176
1.82812 3.07027 0.0702687
1.82812 3.07027 0.0702687
1.875 3.06895 0.0689505
1.875 3.06895 0.0689505
1.92188 3.06747 0.0674662
1.92188 3.06747 0.0674662
1.96875 3.06582 0.0658194
1.96875 3.06582 0.0658194
2.01562 3.06401 0.064014
2.01562 3.06401 0.064014
2.0625 3.06205 0.0620545
2.0625 3.06205 0.0620545
2.10938 3.05995 0.0599454
2.10938 3.05995 0.0599454
2.15625 3.05769 0.0576918
2.15625 3.05769 0.0576918
2.20312 3.0553 0.0552993
2.20312 3.0553 0.0552993
2.25 3.05277 0.0527736
2.25 3.05277 0.0527736
2.29688 3.05012 0.0501207
2.29688 3.05012 0.0501207
2.34375 3.04735 0.047347
2.34375 3.04735 0.047347
2.39062 3.04446 0.0444593
2.39062 3.04446 0.0444593
2.4375 3.04146 0.0414644
2.4375 3.04146 0.0414644
2.48438 3.03837 0.0383697
2.48438 3.03837 0.0383697
2.53125 3.03518 0.0351824
2.53125 3.03518 0.0351824
2.57812 3.03191 0.0319104
2.57812 3.03191 0.0319104
2.625 3.02856 0.0285617
2.625 3.02856 0.0285617
2.67188 3.02515 0.0251453
2.67188 3.02515 0.0251453
2.71875 3.02167 0.0216735
2.71875 3.02167 0.0216735
2.76562 3.01817 0.0181712
2.76562 3.01817 0.0181712
2.8125 3.0147 0.0147001
2.8125 3.0147 0.0147001
2.85938 3.01141 0.0114068
2.85938 3.01141 0.0114068
2.90625 3.00857 0.00857391
2.90625 3.00857 0.00857391
2.95312 3.00661 0.00660761
2.95312 3.00661 0.00660761
3 3.0059 0.00589751
