# x y topography
0 3.0121 0.0121006
0.046875 3.01244 0.0124357
0.046875 3.01244 0.0124357
0.09375 3.01342 0.0134209
0.09375 3.01342 0.0134209
0.140625 3.015 0.0149986
0.140625 3.015 0.0149986
0.1875 3.01708 0.0170826
0.1875 3.01708 0.0170826
0.234375 3.01957 0.0195704
0.234375 3.01957 0.0195704
0.28125 3.02236 0.0223554
0.28125 3.02236 0.0223554
0.328125 3.02534 0.0253384
0.328125 3.02534 0.0253384
0.375 3.02843 0.0284341
0.375 3.02843 0.0284341
0.421875 3.03157 0.0315747
0.421875 3.03157 0.0315747
0.46875 3.03471 0.034709
0.46875 3.03471 0.034709
0.515625 3.0378 0.0378004
0.515625 3.0378 0.0378004
0.5625 3.04082 0.0408233
0.5625 3.04082 0.0408233
0.609375 3.04376 0.0437594
0.609375 3.04376 0.0437594
0.65625 3.0466 0.046596
0.65625 3.0466 0.046596
0.703125 3.04932 0.0493229
0.703125 3.04932 0.0493229
0.75 3.05193 0.0519322
0.75 3.05193 0.0519322
0.796875 3.05442 0.0544169
0.796875 3.05442 0.0544169
0.84375 3.05677 0.0567706
0.84375 3.05677 0.0567706
0.890625 3.05899 0.0589876
0.890625 3.05899 0.0589876
0.9375 3.06106 0.0610624
0.9375 3.06106 0.0610624
0.984375 3.06299 0.0629902
0.984375 3.06299 0.0629902
1.03125 3.06477 0.0647662
1.03125 3.06477 0.0647662
1.07812 3.06639 0.0663862
1.07812 3.06639 0.0663862
1.125 3.06785 0.0678463
1.125 3.06785 0.0678463
1.17188 3.06914 0.069143
1.17188 3.06914 0.069143
1.21875 3.07027 0.0702732
1.21875 3.07027 0.0702732
1.26562 3.07123 0.0712341
1.26562 3.07123 0.0712341
1.3125 3.07202 0.0720234
1.3125 3.07202 0.0720234
1.35938 3.07264 0.0726394
1.35938 3.07264 0.0726394
1.40625 3.07308 0.0730804
1.40625 3.07308 0.0730804
1.45312 3.07335 0.0733454
1.45312 3.07335 0.0733454
1.5 3.07343 0.0734338
1.5 3.07343 0.0734338
1.54688 3.07335 0.0733454
1.54688 3.07335 0.0733454
1.59375 3.07308 0.0730804
1.59375 3.07308 0.0730804
1.64062 3.07264 0.0726394
1.64062 3.07264 0.0726394
1.6875 3.07202 0.0720234
1.6875 3.07202 0.0720234
1.73438 3.07123 0.0712341
1.73438 3.07123 0.0712341
1.78125 3.07027 0.0702732
1.78125 3.07027 0.0702732
1.82812 3.06914 0.069143
1.82812 3.06914 0.069143
1.875 3.06785 0.0678463
1.875 3.06785 0.0678463
1.92188 3.06639 0.0663862
1.92188 3.06639 0.0663862
1.96875 3.06477 0.0647662
1.96875 3.06477 0.0647662
2.01562 3.06299 0.0629902
2.01562 3.06299 0.0629902
2.0625 3.06106 0.0610624
2.0625 3.06106 0.0610624
2.10938 3.05899 0.0589876
2.10938 3.05899 0.0589876
2.15625 3.05677 0.0567706
2.15625 3.05677 0.0567706
2.20312 3.05442 0.0544169
2.20312 3.05442 0.0544169
2.25 3.05193 0.0519322
2.25 3.05193 0.0519322
2.29688 3.04932 0.0493229
2.29688 3.04932 0.0493229
2.34375 3.0466 0.046596
2.34375 3.0466 0.046596
2.39062 3.04376 0.0437594
2.39062 3.04376 0.0437594
2.4375 3.04082 0.0408233
2.4375 3.04082 0.0408233
2.48438 3.0378 0.0378004
2.48438 3.0378 0.0378004
2.53125 3.03471 0.034709
2.53125 3.03471 0.034709
2.57812 3.03157 0.0315747
2.57812 3.03157 0.0315747
2.625 3.02843 0.0284341
2.625 3.02843 0.0284341
2.67188 3.02534 0.0253384
2.67188 3.02534 0.0253384
2.71875 3.02236 0.0223554
2.71875 3.02236 0.0223554
2.76562 3.01957 0.0195704
2.76562 3.01957 0.0195704
2.8125 3.01708 0.0170826
2.8125 3.01708 0.0170826
2.85938 3.015 0.0149986
2.85938 3.015 0.0149986
2.90625 3.01342 0.0134209
2.90625 3.01342 0.0134209
2.95312 3.01244 0.0124357
2.95312 3.01244 0.0124357
3 3.0121 0.0121006
