# x y topography
0 3.00695 0.0069482
0.046875 3.00755 0.0075503
0.046875 3.00755 0.0075503
0.09375 3.00925 0.00925387
0.09375 3.00925 0.00925387
0.140625 3.0118 0.0117983
0.140625 3.0118 0.0117983
0.1875 3.01487 0.0148736
0.1875 3.01487 0.0148736
0.234375 3.01822 0.0182184
0.234375 3.01822 0.0182184
0.28125 3.02166 0.0216604
0.28125 3.02166 0.0216604
0.328125 3.02511 0.0251058
0.328125 3.02511 0.0251058
0.375 3.02851 0.0285096
0.375 3.02851 0.0285096
0.421875 3.03185 0.0318503
0.421875 3.03185 0.0318503
0.46875 3.03512 0.0351157
0.46875 3.03512 0.0351157
0.515625 3.0383 0.0382968
0.515625 3.0383 0.0382968
0.5625 3.04139 0.0413856
0.5625 3.04139 0.0413856
0.609375 3.04437 0.0443747
0.609375 3.04437 0.0443747
0.65625 3.04726 0.0472569
0.65625 3.04726 0.0472569
0.703125 3.05003 0.0500252
0.703125 3.05003 0.0500252
0.75 3.05267 0.052673
0.75 3.05267 0.052673
0.796875 3.05519 0.0551939
0.796875 3.05519 0.0551939
0.84375 3.05758 0.0575818
0.84375 3.05758 0.0575818
0.890625 3.05983 0.0598309
0.890625 3.05983 0.0598309
0.9375 3.06194 0.0619359
0.9375 3.06194 0.0619359
0.984375 3.06389 0.0638917
0.984375 3.06389 0.0638917
1.03125 3.06569 0.0656936
1.03125 3.06569 0.0656936
1.07812 3.06734 0.0673372
1.07812 3.06734 0.0673372
1.125 3.06882 0.0688186
1.125 3.06882 0.0688186
1.17188 3.07013 0.0701342
1.17188 3.07013 0.0701342
1.21875 3.07128 0.0712809
1.21875 3.07128 0.0712809
1.26562 3.07226 0.0722558
1.26562 3.07226 0.0722558
1.3125 3.07306 0.0730567
1.3125 3.07306 0.0730567
1.35938 3.07368 0.0736817
1.35938 3.07368 0.0736817
1.40625 3.07413 0.0741291
1.40625 3.07413 0.0741291
1.45312 3.0744 0.0743981
1.45312 3.0744 0.0743981
1.5 3.07449 0.0744878
1.5 3.07449 0.0744878
1.54688 3.0744 0.0743981
1.54688 3.0744 0.0743981
1.59375 3.07413 0.0741291
1.59375 3.07413 0.0741291
1.64062 3.07368 0.0736817
1.64062 3.07368 0.0736817
1.6875 3.07306 0.0730567
1.6875 3.07306 0.0730567
1.73438 3.07226 0.0722558
1.73438 3.07226 0.0722558
1.78125 3.07128 0.0712809
1.78125 3.07128 0.0712809
1.82812 3.07013 0.0701342
1.82812 3.07013 0.0701342
1.875 3.06882 0.0688186
1.875 3.06882 0.0688186
1.92188 3.06734 0.0673372
1.92188 3.06734 0.0673372
1.96875 3.06569 0.0656936
1.96875 3.06569 0.0656936
2.01562 3.06389 0.0638917
2.01562 3.06389 0.0638917
2.0625 3.06194 0.0619359
2.0625 3.06194 0.0619359
2.10938 3.05983 0.0598309
2.10938 3.05983 0.0598309
2.15625 3.05758 0.0575818
2.15625 3.05758 0.0575818
2.20312 3.05519 0.0551939
2.20312 3.05519 0.0551939
2.25 3.05267 0.052673
2.25 3.05267 0.052673
2.29688 3.05003 0.0500252
2.29688 3.05003 0.0500252
2.34375 3.04726 0.0472569
2.34375 3.04726 0.0472569
2.39062 3.04437 0.0443747
2.39062 3.04437 0.0443747
2.4375 3.04139 0.0413856
2.4375 3.04139 0.0413856
2.48438 3.0383 0.0382968
2.48438 3.0383 0.0382968
2.53125 3.03512 0.0351157
2.53125 3.03512 0.0351157
2.57812 3.03185 0.0318503
2.57812 3.03185 0.0318503
2.625 3.02851 0.0285096
2.625 3.02851 0.0285096
2.67188 3.02511 0.0251058
2.67188 3.02511 0.0251058
2.71875 3.02166 0.0216604
2.71875 3.02166 0.0216604
2.76562 3.01822 0.0182184
2.76562 3.01822 0.0182184
2.8125 3.01487 0.0148736
2.8125 3.01487 0.0148736
2.85938 3.0118 0.0117983
2.85938 3.0118 0.0117983
2.90625 3.00925 0.00925387
2.90625 3.00925 0.00925387
2.95312 3.00755 0.0075503
2.95312 3.00755 0.0075503
3 3.00695 0.0069482
