# x y topography
0 3.0085 0.00849765
0.046875 3.00899 0.00898717
0.046875 3.00899 0.00898717
0.09375 3.0104 0.0103984
0.09375 3.0104 0.0103984
0.140625 3.01258 0.0125776
0.140625 3.01258 0.0125776
0.1875 3.01532 0.0153198
0.1875 3.01532 0.0153198
0.234375 3.01842 0.01842
0.234375 3.01842 0.01842
0.28125 3.02171 0.02171
0.28125 3.02171 0.02171
0.328125 3.02507 0.0250718
0.328125 3.02507 0.0250718
0.375 3.02843 0.028432
0.375 3.02843 0.028432
0.421875 3.03175 0.0317487
0.421875 3.03175 0.0317487
0.46875 3.035 0.0349986
0.46875 3.035 0.0349986
0.515625 3.03817 0.0381674
0.515625 3.03817 0.0381674
0.5625 3.04125 0.0412453
0.5625 3.04125 0.0412453
0.609375 3.04422 0.0442241
0.609375 3.04422 0.0442241
0.65625 3.0471 0.0470964
0.65625 3.0471 0.0470964
0.703125 3.04986 0.0498552
0.703125 3.04986 0.0498552
0.75 3.05249 0.0524939
0.75 3.05249 0.0524939
0.796875 3.05501 0.0550061
0.796875 3.05501 0.0550061
0.84375 3.05739 0.0573857
0.84375 3.05739 0.0573857
0.890625 3.05963 0.0596271
0.890625 3.05963 0.0596271
0.9375 3.06172 0.0617248
0.9375 3.06172 0.0617248
0.984375 3.06367 0.0636738
0.984375 3.06367 0.0636738
1.03125 3.06547 0.0654695
1.03125 3.06547 0.0654695
1.07812 3.06711 0.0671074
1.07812 3.06711 0.0671074
1.125 3.06858 0.0685836
1.125 3.06858 0.0685836
1.17188 3.06989 0.0698946
1.17188 3.06989 0.0698946
1.21875 3.07104 0.0710373
1.21875 3.07104 0.0710373
1.26562 3.07201 0.0720089
1.26562 3.07201 0.0720089
1.3125 3.07281 0.072807
1.3125 3.07281 0.072807
1.35938 3.07343 0.0734297
1.35938 3.07343 0.0734297
1.40625 3.07388 0.0738756
1.40625 3.07388 0.0738756
1.45312 3.07414 0.0741436
1.45312 3.07414 0.0741436
1.5 3.07423 0.074233
1.5 3.07423 0.074233
1.54688 3.07414 0.0741436
1.54688 3.07414 0.0741436
1.59375 3.07388 0.0738756
1.59375 3.07388 0.0738756
1.64062 3.07343 0.0734297
1.64062 3.07343 0.0734297
1.6875 3.07281 0.072807
1.6875 3.07281 0.072807
1.73438 3.07201 0.0720089
1.73438 3.07201 0.0720089
1.78125 3.07104 0.0710373
1.78125 3.07104 0.0710373
1.82812 3.06989 0.0698946
1.82812 3.06989 0.0698946
1.875 3.06858 0.0685836
1.875 3.06858 0.0685836
1.92188 3.06711 0.0671074
1.92188 3.06711 0.0671074
1.96875 3.06547 0.0654695
1.96875 3.06547 0.0654695
2.01562 3.06367 0.0636738
2.01562 3.06367 0.0636738
2.0625 3.06172 0.0617248
2.0625 3.06172 0.0617248
2.10938 3.05963 0.0596271
2.10938 3.05963 0.0596271
2.15625 3.05739 0.0573857
2.15625 3.05739 0.0573857
2.20312 3.05501 0.0550061
2.20312 3.05501 0.0550061
2.25 3.05249 0.0524939
2.25 3.05249 0.0524939
2.29688 3.04986 0.0498552
2.29688 3.04986 0.0498552
2.34375 3.0471 0.0470964
2.34375 3.0471 0.0470964
2.39062 3.04422 0.0442241
2.39062 3.04422 0.0442241
2.4375 3.04125 0.0412453
2.4375 3.04125 0.0412453
2.48438 3.03817 0.0381674
2.48438 3.03817 0.0381674
2.53125 3.035 0.0349986
2.53125 3.035 0.0349986
2.57812 3.03175 0.0317487
2.57812 3.03175 0.0317487
2.625 3.02843 0.028432
2.625 3.02843 0.028432
2.67188 3.02507 0.0250718
2.67188 3.02507 0.0250718
2.71875 3.02171 0.02171
2.71875 3.02171 0.02171
2.76562 3.01842 0.01842
2.76562 3.01842 0.01842
2.8125 3.01532 0.0153198
2.8125 3.01532 0.0153198
2.85938 3.01258 0.0125776
2.85938 3.01258 0.0125776
2.90625 3.0104 0.0103984
2.90625 3.0104 0.0103984
2.95312 3.00899 0.00898717
2.95312 3.00899 0.00898717
3 3.0085 0.00849765
