# x y topography
0 3.00164 0.00164295
0.046875 3.00378 0.00377864
0.046875 3.00378 0.00377864
0.09375 3.00735 0.00735398
0.09375 3.00735 0.00735398
0.140625 3.011 0.0110006
0.140625 3.011 0.0110006
0.1875 3.01463 0.0146259
0.1875 3.01463 0.0146259
0.234375 3.01822 0.0182161
0.234375 3.01822 0.0182161
0.28125 3.02176 0.0217625
0.28125 3.02176 0.0217625
0.328125 3.02526 0.0252565
0.328125 3.02526 0.0252565
0.375 3.02869 0.0286896
0.375 3.02869 0.0286896
0.421875 3.03205 0.0320536
0.421875 3.03205 0.0320536
0.46875 3.03534 0.0353404
0.46875 3.03534 0.0353404
0.515625 3.03854 0.038542
0.515625 3.03854 0.038542
0.5625 3.04165 0.0416508
0.5625 3.04165 0.0416508
0.609375 3.04466 0.0446593
0.609375 3.04466 0.0446593
0.65625 3.04756 0.0475601
0.65625 3.04756 0.0475601
0.703125 3.05035 0.0503464
0.703125 3.05035 0.0503464
0.75 3.05301 0.0530114
0.75 3.05301 0.0530114
0.796875 3.05555 0.0555486
0.796875 3.05555 0.0555486
0.84375 3.05795 0.0579521
0.84375 3.05795 0.0579521
0.890625 3.06022 0.0602159
0.890625 3.06022 0.0602159
0.9375 3.06233 0.0623347
0.9375 3.06233 0.0623347
0.984375 3.0643 0.0643033
0.984375 3.0643 0.0643033
1.03125 3.06612 0.066117
1.03125 3.06612 0.066117
1.07812 3.06777 0.0677714
1.07812 3.06777 0.0677714
1.125 3.06926 0.0692625
1.125 3.06926 0.0692625
1.17188 3.07059 0.0705868
1.17188 3.07059 0.0705868
1.21875 3.07174 0.0717411
1.21875 3.07174 0.0717411
1.26562 3.07272 0.0727225
1.26562 3.07272 0.0727225
1.3125 3.07353 0.0735287
1.3125 3.07353 0.0735287
1.35938 3.07416 0.0741577
1.35938 3.07416 0.0741577
1.40625 3.07461 0.0746082
1.40625 3.07461 0.0746082
1.45312 3.07488 0.0748789
1.45312 3.07488 0.0748789
1.5 3.07497 0.0749692
1.5 3.07497 0.0749692
1.54688 3.07488 0.0748789
1.54688 3.07488 0.0748789
1.59375 3.07461 0.0746082
1.59375 3.07461 0.0746082
1.64062 3.07416 0.0741577
1.64062 3.07416 0.0741577
1.6875 3.07353 0.0735287
1.6875 3.07353 0.0735287
1.73438 3.07272 0.0727225
1.73438 3.07272 0.0727225
1.78125 3.07174 0.0717411
1.78125 3.07174 0.0717411
1.82812 3.07059 0.0705868
1.82812 3.07059 0.0705868
1.875 3.06926 0.0692625
1.875 3.06926 0.0692625
1.92188 3.06777 0.0677714
1.92188 3.06777 0.0677714
1.96875 3.06612 0.066117
1.96875 3.06612 0.066117
2.01562 3.0643 0.0643033
2.01562 3.0643 0.0643033
2.0625 3.06233 0.0623347
2.0625 3.06233 0.0623347
2.10938 3.06022 0.0602159
2.10938 3.06022 0.0602159
2.15625 3.05795 0.0579521
2.15625 3.05795 0.0579521
2.20312 3.05555 0.0555486
2.20312 3.05555 0.0555486
2.25 3.05301 0.0530114
2.25 3.05301 0.0530114
2.29688 3.05035 0.0503464
2.29688 3.05035 0.0503464
2.34375 3.04756 0.0475601
2.34375 3.04756 0.0475601
2.39062 3.04466 0.0446593
2.39062 3.04466 0.0446593
2.4375 3.04165 0.0416508
2.4375 3.04165 0.0416508
2.48438 3.03854 0.038542
2.48438 3.03854 0.038542
2.53125 3.03534 0.0353404
2.53125 3.03534 0.0353404
2.57812 3.03205 0.0320536
2.57812 3.03205 0.0320536
2.625 3.02869 0.0286896
2.625 3.02869 0.0286896
2.67188 3.02526 0.0252565
2.67188 3.02526 0.0252565
2.71875 3.02176 0.0217625
2.71875 3.02176 0.0217625
2.76562 3.01822 0.0182161
2.76562 3.01822 0.0182161
2.8125 3.01463 0.0146259
2.8125 3.01463 0.0146259
2.85938 3.011 0.0110006
2.85938 3.011 0.0110006
2.90625 3.00735 0.00735398
2.90625 3.00735 0.00735398
2.95312 3.00378 0.00377864
2.95312 3.00378 0.00377864
3 3.00164 0.00164295
