# x y topography
0 3.00955 0.00954991
0.046875 3.00998 0.00998293
0.046875 3.00998 0.00998293
0.09375 3.01124 0.0112413
0.09375 3.01124 0.0112413
0.140625 3.01321 0.0132132
0.140625 3.01321 0.0132132
0.1875 3.01574 0.0157421
0.1875 3.01574 0.0157421
0.234375 3.01866 0.01866
0.234375 3.01866 0.01866
0.28125 3.02182 0.0218152
0.28125 3.02182 0.0218152
0.328125 3.02509 0.025088
0.328125 3.02509 0.025088
0.375 3.02839 0.0283942
0.375 3.02839 0.0283942
0.421875 3.03168 0.0316793
0.421875 3.03168 0.0316793
0.46875 3.03491 0.0349101
0.46875 3.03491 0.0349101
0.515625 3.03807 0.0380661
0.515625 3.03807 0.0380661
0.5625 3.04113 0.041134
0.5625 3.04113 0.041134
0.609375 3.0441 0.0441041
0.609375 3.0441 0.0441041
0.65625 3.04697 0.0469684
0.65625 3.04697 0.0469684
0.703125 3.04972 0.0497196
0.703125 3.04972 0.0497196
0.75 3.05235 0.052351
0.75 3.05235 0.052351
0.796875 3.05486 0.0548563
0.796875 3.05486 0.0548563
0.84375 3.05723 0.0572294
0.84375 3.05723 0.0572294
0.890625 3.05946 0.0594646
0.890625 3.05946 0.0594646
0.9375 3.06156 0.0615565
0.9375 3.06156 0.0615565
0.984375 3.0635 0.0635001
0.984375 3.0635 0.0635001
1.03125 3.06529 0.0652907
1.03125 3.06529 0.0652907
1.07812 3.06692 0.0669241
1.07812 3.06692 0.0669241
1.125 3.0684 0.0683962
1.125 3.0684 0.0683962
1.17188 3.0697 0.0697036
1.17188 3.0697 0.0697036
1.21875 3.07084 0.0708431
1.21875 3.07084 0.0708431
1.26562 3.07181 0.0718119
1.26562 3.07181 0.0718119
1.3125 3.07261 0.0726078
1.3125 3.07261 0.0726078
1.35938 3.07323 0.0732288
1.35938 3.07323 0.0732288
1.40625 3.07367 0.0736735
1.40625 3.07367 0.0736735
1.45312 3.07394 0.0739407
1.45312 3.07394 0.0739407
1.5 3.07403 0.0740298
1.5 3.07403 0.0740298
1.54688 3.07394 0.0739407
1.54688 3.07394 0.0739407
1.59375 3.07367 0.0736735
1.59375 3.07367 0.0736735
1.64062 3.07323 0.0732288
1.64062 3.07323 0.0732288
1.6875 3.07261 0.0726078
1.6875 3.07261 0.0726078
1.73438 3.07181 0.0718119
1.73438 3.07181 0.0718119
1.78125 3.07084 0.0708431
1.78125 3.07084 0.0708431
1.82812 3.0697 0.0697036
1.82812 3.0697 0.0697036
1.875 3.0684 0.0683962
1.875 3.0684 0.0683962
1.92188 3.06692 0.0669241
1.92188 3.06692 0.0669241
1.96875 3.06529 0.0652907
1.96875 3.06529 0.0652907
2.01562 3.0635 0.0635001
2.01562 3.0635 0.0635001
2.0625 3.06156 0.0615565
2.0625 3.06156 0.0615565
2.10938 3.05946 0.0594646
2.10938 3.05946 0.0594646
2.15625 3.05723 0.0572294
2.15625 3.05723 0.0572294
2.20312 3.05486 0.0548563
2.20312 3.05486 0.0548563
2.25 3.05235 0.052351
2.25 3.05235 0.052351
2.29688 3.04972 0.0497196
2.29688 3.04972 0.0497196
2.34375 3.04697 0.0469684
2.34375 3.04697 0.0469684
2.39062 3.0441 0.0441041
2.39062 3.0441 0.0441041
2.4375 3.04113 0.041134
2.4375 3.04113 0.041134
2.48438 3.03807 0.0380661
2.48438 3.03807 0.0380661
2.53125 3.03491 0.0349101
2.53125 3.03491 0.0349101
2.57812 3.03168 0.0316793
2.57812 3.03168 0.0316793
2.625 3.02839 0.0283942
2.625 3.02839 0.0283942
2.67188 3.02509 0.025088
2.67188 3.02509 0.025088
2.71875 3.02182 0.0218152
2.71875 3.02182 0.0218152
2.76562 3.01866 0.01866
2.76562 3.01866 0.01866
2.8125 3.01574 0.0157421
2.8125 3.01574 0.0157421
2.85938 3.01321 0.0132132
2.85938 3.01321 0.0132132
2.90625 3.01124 0.0112413
2.90625 3.01124 0.0112413
2.95312 3.00998 0.00998293
2.95312 3.00998 0.00998293
3 3.00955 0.00954991
