# x y topography
0 3.00416 0.00416303
0.046875 3.00516 0.00515999
0.046875 3.00516 0.00515999
0.09375 3.00773 0.00772608
0.09375 3.00773 0.00772608
0.140625 3.01106 0.0110555
0.140625 3.01106 0.0110555
0.1875 3.01461 0.0146081
0.1875 3.01461 0.0146081
0.234375 3.01818 0.0181806
0.234375 3.01818 0.0181806
0.28125 3.02172 0.0217185
0.28125 3.02172 0.0217185
0.328125 3.02521 0.0252052
0.328125 3.02521 0.0252052
0.375 3.02863 0.0286313
0.375 3.02863 0.0286313
0.421875 3.03199 0.0319884
0.421875 3.03199 0.0319884
0.46875 3.03527 0.0352685
0.46875 3.03527 0.0352685
0.515625 3.03846 0.0384636
0.515625 3.03846 0.0384636
0.5625 3.04157 0.041566
0.5625 3.04157 0.041566
0.609375 3.04457 0.0445683
0.609375 3.04457 0.0445683
0.65625 3.04746 0.0474632
0.65625 3.04746 0.0474632
0.703125 3.05024 0.0502437
0.703125 3.05024 0.0502437
0.75 3.0529 0.0529032
0.75 3.0529 0.0529032
0.796875 3.05544 0.0554352
0.796875 3.05544 0.0554352
0.84375 3.05783 0.0578337
0.84375 3.05783 0.0578337
0.890625 3.06009 0.0600928
0.890625 3.06009 0.0600928
0.9375 3.06221 0.0622072
0.9375 3.06221 0.0622072
0.984375 3.06417 0.0641717
0.984375 3.06417 0.0641717
1.03125 3.06598 0.0659816
1.03125 3.06598 0.0659816
1.07812 3.06763 0.0676325
1.07812 3.06763 0.0676325
1.125 3.06912 0.0691205
1.125 3.06912 0.0691205
1.17188 3.07044 0.070442
1.17188 3.07044 0.070442
1.21875 3.07159 0.0715939
1.21875 3.07159 0.0715939
1.26562 3.07257 0.0725732
1.26562 3.07257 0.0725732
1.3125 3.07338 0.0733777
1.3125 3.07338 0.0733777
1.35938 3.07401 0.0740055
1.35938 3.07401 0.0740055
1.40625 3.07445 0.0744549
1.40625 3.07445 0.0744549
1.45312 3.07473 0.0747251
1.45312 3.07473 0.0747251
1.5 3.07482 0.0748152
1.5 3.07482 0.0748152
1.54688 3.07473 0.0747251
1.54688 3.07473 0.0747251
1.59375 3.07445 0.0744549
1.59375 3.07445 0.0744549
1.64062 3.07401 0.0740055
1.64062 3.07401 0.0740055
1.6875 3.07338 0.0733777
1.6875 3.07338 0.0733777
1.73438 3.07257 0.0725732
1.73438 3.07257 0.0725732
1.78125 3.07159 0.0715939
1.78125 3.07159 0.0715939
1.82812 3.07044 0.070442
1.82812 3.07044 0.070442
1.875 3.06912 0.0691205
1.875 3.06912 0.0691205
1.92188 3.06763 0.0676325
1.92188 3.06763 0.0676325
1.96875 3.06598 0.0659816
1.96875 3.06598 0.0659816
2.01562 3.06417 0.0641717
2.01562 3.06417 0.0641717
2.0625 3.06221 0.0622072
2.0625 3.06221 0.0622072
2.10938 3.06009 0.0600928
2.10938 3.06009 0.0600928
2.15625 3.05783 0.0578337
2.15625 3.05783 0.0578337
2.20312 3.05544 0.0554352
2.20312 3.05544 0.0554352
2.25 3.0529 0.0529032
2.25 3.0529 0.0529032
2.29688 3.05024 0.0502437
2.29688 3.05024 0.0502437
2.34375 3.04746 0.0474632
2.34375 3.04746 0.0474632
2.39062 3.04457 0.0445683
2.39062 3.04457 0.0445683
2.4375 3.04157 0.041566
2.4375 3.04157 0.041566
2.48438 3.03846 0.0384636
2.48438 3.03846 0.0384636
2.53125 3.03527 0.0352685
2.53125 3.03527 0.0352685
2.57812 3.03199 0.0319884
2.57812 3.03199 0.0319884
2.625 3.02863 0.0286313
2.625 3.02863 0.0286313
2.67188 3.02521 0.0252052
2.67188 3.02521 0.0252052
2.71875 3.02172 0.0217185
2.71875 3.02172 0.0217185
2.76562 3.01818 0.0181806
2.76562 3.01818 0.0181806
2.8125 3.01461 0.0146081
2.8125 3.01461 0.0146081
2.85938 3.01106 0.0110555
2.85938 3.01106 0.0110555
2.90625 3.00773 0.00772608
2.90625 3.00773 0.00772608
2.95312 3.00516 0.00515999
2.95312 3.00516 0.00515999
3 3.00416 0.00416303
