# x y z topography
0 0 1.00055 0.000548814
100 0 1.00072 0.000715189
0 100 1.00079 0.000791725
100 100 1.00099 0.00099376
100 0 1.00072 0.000715189
200 0 1.0006 0.000602763
100 100 1.00099 0.00099376
200 100 1.00116 0.00115953
200 0 1.0006 0.000602763
300 0 1.00054 0.000544883
200 100 1.00116 0.00115953
300 100 1.00129 0.00129457
300 0 1.00054 0.000544883
400 0 1.00042 0.000423655
300 100 1.00129 0.00129457
400 100 1.00137 0.00137022
0 100 1.00079 0.000791725
100 100 1.00099 0.00099376
0 200 1.00098 0.000978618
100 200 1.0013 0.00130088
100 100 1.00099 0.00099376
200 100 1.00116 0.00115953
100 200 1.0013 0.00130088
200 200 1.00173 0.00173236
200 100 1.00116 0.00115953
300 100 1.00129 0.00129457
200 200 1.00173 0.00173236
300 200 1.00228 0.00227919
300 100 1.00129 0.00129457
400 100 1.00137 0.00137022
300 200 1.00228 0.00227919
400 200 1.00249 0.00248556
0 200 1.00098 0.000978618
100 200 1.0013 0.00130088
0 300 1.00026 0.000264556
100 300 1.00166 0.00165804
100 200 1.0013 0.00130088
200 200 1.00173 0.00173236
100 300 1.00166 0.00165804
200 300 1.00252 0.00252453
400 0 1.00042 0.000423655
500 0 1.00065 0.000645894
400 100 1.00137 0.00137022
500 100 1.00144 0.00144147
500 0 1.00065 0.000645894
600 0 1.00044 0.000437587
500 100 1.00144 0.00144147
600 100 1.00136 0.00136463
400 100 1.00137 0.00137022
500 100 1.00144 0.00144147
400 200 1.00249 0.00248556
500 200 1.00254 0.00253921
500 100 1.00144 0.00144147
600 100 1.00136 0.00136463
500 200 1.00254 0.00253921
600 200 1.0024 0.00239724
200 200 1.00173 0.00173236
300 200 1.00228 0.00227919
200 300 1.00252 0.00252453
300 300 1.00312 0.0031204
300 200 1.00228 0.00227919
400 200 1.00249 0.00248556
300 300 1.00312 0.0031204
400 300 1.00345 0.00344874
0 300 1.00026 0.000264556
100 300 1.00166 0.00165804
0 400 1.00036 0.000359508
100 400 1.00223 0.00223417
100 300 1.00166 0.00165804
200 300 1.00252 0.00252453
100 400 1.00223 0.00223417
200 400 1.00342 0.00342479
200 300 1.00252 0.00252453
300 300 1.00312 0.0031204
200 400 1.00342 0.00342479
300 400 1.00425 0.00424669
300 300 1.00312 0.0031204
400 300 1.00345 0.00344874
300 400 1.00425 0.00424669
400 400 1.00468 0.00468371
600 0 1.00044 0.000437587
700 0 1.00089 0.000891773
600 100 1.00136 0.00136463
700 100 1.00133 0.00132757
700 0 1.00089 0.000891773
800 0 1.00096 0.000963663
700 100 1.00133 0.00132757
800 100 1.00112 0.0011243
600 100 1.00136 0.00136463
700 100 1.00133 0.00132757
600 200 1.0024 0.00239724
700 200 1.00207 0.00207136
700 100 1.00133 0.00132757
800 100 1.00112 0.0011243
700 200 1.00207 0.00207136
800 200 1.00149 0.0014937
400 200 1.00249 0.00248556
500 200 1.00254 0.00253921
400 300 1.00345 0.00344874
500 300 1.0037 0.00370361
500 200 1.00254 0.00253921
600 200 1.0024 0.00239724
500 300 1.0037 0.00370361
600 300 1.00346 0.00346217
600 200 1.0024 0.00239724
700 200 1.00207 0.00207136
600 300 1.00346 0.00346217
700 300 1.00291 0.00290883
700 200 1.00207 0.00207136
800 200 1.00149 0.0014937
700 300 1.00291 0.00290883
800 300 1.00205 0.00205274
400 300 1.00345 0.00344874
500 300 1.0037 0.00370361
400 400 1.00468 0.00468371
500 400 1.00473 0.00473141
500 300 1.0037 0.00370361
600 300 1.00346 0.00346217
500 400 1.00473 0.00473141
600 400 1.00437 0.00436966
600 300 1.00346 0.00346217
700 300 1.00291 0.00290883
600 400 1.00437 0.00436966
700 400 1.00377 0.00376953
700 300 1.00291 0.00290883
800 300 1.00205 0.00205274
700 400 1.00377 0.00376953
800 400 1.00253 0.00253018
0 400 1.00036 0.000359508
100 400 1.00223 0.00223417
0 500 1.00057 0.000570197
100 500 1.00289 0.00289307
100 400 1.00223 0.00223417
200 400 1.00342 0.00342479
100 500 1.00289 0.00289307
200 500 1.0044 0.00439611
200 400 1.00342 0.00342479
300 400 1.00425 0.00424669
200 500 1.0044 0.00439611
300 500 1.00544 0.00544203
300 400 1.00425 0.00424669
400 400 1.00468 0.00468371
300 500 1.00544 0.00544203
400 500 1.00599 0.0059865
0 500 1.00057 0.000570197
100 500 1.00289 0.00289307
0 600 1.00016 0.00015897
100 600 1.00347 0.00347143
100 500 1.00289 0.00289307
200 500 1.0044 0.00439611
100 600 1.00347 0.00347143
200 600 1.00538 0.00537835
200 500 1.0044 0.00439611
300 500 1.00544 0.00544203
200 600 1.00538 0.00537835
300 600 1.00667 0.00666787
300 500 1.00544 0.00544203
400 500 1.00599 0.0059865
300 600 1.00667 0.00666787
400 600 1.00733 0.00733007
400 400 1.00468 0.00468371
500 400 1.00473 0.00473141
400 500 1.00599 0.0059865
500 500 1.00602 0.00602343
500 400 1.00473 0.00473141
600 400 1.00437 0.00436966
500 500 1.00602 0.00602343
600 500 1.00553 0.00553227
0 600 1.00016 0.00015897
100 600 1.00347 0.00347143
0 700 1.00098 0.000976459
100 700 1.00407 0.00406825
100 600 1.00347 0.00347143
200 600 1.00538 0.00537835
100 700 1.00407 0.00406825
200 700 1.0062 0.00619798
200 600 1.00538 0.00537835
300 600 1.00667 0.00666787
200 700 1.0062 0.00619798
300 700 1.0079 0.0079009
300 600 1.00667 0.00666787
400 600 1.00733 0.00733007
300 700 1.0079 0.0079009
400 700 1.00868 0.00868094
0 700 1.00098 0.000976459
100 700 1.00407 0.00406825
0 800 1.00032 0.000317983
100 800 1.00457 0.0045654
100 700 1.00407 0.00406825
200 700 1.0062 0.00619798
100 800 1.00457 0.0045654
200 800 1.00715 0.00715118
200 700 1.0062 0.00619798
300 700 1.0079 0.0079009
200 800 1.00715 0.00715118
300 800 1.00891 0.00891027
300 700 1.0079 0.0079009
400 700 1.00868 0.00868094
300 800 1.00891 0.00891027
400 800 1.00981 0.00981331
600 400 1.00437 0.00436966
700 400 1.00377 0.00376953
600 500 1.00553 0.00553227
700 500 1.00448 0.00447787
700 400 1.00377 0.00376953
800 400 1.00253 0.00253018
700 500 1.00448 0.00447787
800 500 1.00286 0.00286079
400 500 1.00599 0.0059865
500 500 1.00602 0.00602343
400 600 1.00733 0.00733007
500 600 1.00736 0.0073649
500 500 1.00602 0.00602343
600 500 1.00553 0.00553227
500 600 1.00736 0.0073649
600 600 1.00675 0.00675055
600 500 1.00553 0.00553227
700 500 1.00448 0.00447787
600 600 1.00675 0.00675055
700 600 1.00545 0.00544563
700 500 1.00448 0.00447787
800 500 1.00286 0.00286079
700 600 1.00545 0.00544563
800 600 1.00344 0.00344296
400 600 1.00733 0.00733007
500 600 1.00736 0.0073649
400 700 1.00868 0.00868094
500 700 1.00872 0.00872357
500 600 1.00736 0.0073649
600 600 1.00675 0.00675055
500 700 1.00872 0.00872357
600 700 1.008 0.00800264
400 700 1.00868 0.00868094
500 700 1.00872 0.00872357
400 800 1.00981 0.00981331
500 800 1.01007 0.0100661
500 700 1.00872 0.00872357
600 700 1.008 0.00800264
500 800 1.01007 0.0100661
600 800 1.00925 0.00924849
800 0 1.00096 0.000963663
900 0 1.00038 0.000383442
800 100 1.00112 0.0011243
900 100 1.00087 0.000870012
800 100 1.00112 0.0011243
900 100 1.00087 0.000870012
800 200 1.00149 0.0014937
900 200 1.00041 0.000414662
800 200 1.00149 0.0014937
900 200 1.00041 0.000414662
800 300 1.00205 0.00205274
900 300 1.00068 0.00068182
800 300 1.00205 0.00205274
900 300 1.00068 0.00068182
800 400 1.00253 0.00253018
900 400 1.00036 0.000363711
800 400 1.00253 0.00253018
900 400 1.00036 0.000363711
800 500 1.00286 0.00286079
900 500 1.00024 0.000244426
800 500 1.00286 0.00286079
900 500 1.00024 0.000244426
800 600 1.00344 0.00344296
900 600 1.0001 9.60984e-05
600 600 1.00675 0.00675055
700 600 1.00545 0.00544563
600 700 1.008 0.00800264
700 700 1.00647 0.00647404
700 600 1.00545 0.00544563
800 600 1.00344 0.00344296
700 700 1.00647 0.00647404
800 700 1.00413 0.00413496
600 700 1.008 0.00800264
700 700 1.00647 0.00647404
600 800 1.00925 0.00924849
700 800 1.00753 0.0075258
700 700 1.00647 0.00647404
800 700 1.00413 0.00413496
700 800 1.00753 0.0075258
800 800 1.00497 0.00496977
800 600 1.00344 0.00344296
900 600 1.0001 9.60984e-05
800 700 1.00413 0.00413496
900 700 1.00012 0.000118728
800 700 1.00413 0.00413496
900 700 1.00012 0.000118728
800 800 1.00497 0.00496977
900 800 1.00093 0.000929296
0 800 1.00032 0.000317983
100 800 1.00457 0.0045654
0 900 1.00032 0.000318569
100 900 1.00518 0.00518139
100 800 1.00457 0.0045654
200 800 1.00715 0.00715118
100 900 1.00518 0.00518139
200 900 1.00812 0.00812024
200 800 1.00715 0.00715118
300 800 1.00891 0.00891027
200 900 1.00812 0.00812024
300 900 1.01011 0.0101086
300 800 1.00891 0.00891027
400 800 1.00981 0.00981331
300 900 1.01011 0.0101086
400 900 1.01112 0.0111206
0 900 1.00032 0.000318569
100 900 1.00518 0.00518139
0 1000 1.00068 0.000677817
100 1000 1.00588 0.00588046
100 900 1.00518 0.00518139
200 900 1.00812 0.00812024
100 1000 1.00588 0.00588046
200 1000 1.00909 0.00908602
200 900 1.00812 0.00812024
300 900 1.01011 0.0101086
200 1000 1.00909 0.00908602
300 1000 1.01127 0.0112732
300 900 1.01011 0.0101086
400 900 1.01112 0.0111206
300 1000 1.01127 0.0112732
400 1000 1.01238 0.0123816
400 800 1.00981 0.00981331
500 800 1.01007 0.0100661
400 900 1.01112 0.0111206
500 900 1.01117 0.0111727
500 800 1.01007 0.0100661
600 800 1.00925 0.00924849
500 900 1.01117 0.0111727
600 900 1.01025 0.0102457
0 1000 1.00068 0.000677817
100 1000 1.00588 0.00588046
0 1100 1.00045 0.000447125
100 1100 1.00643 0.00643176
100 1000 1.00588 0.00588046
200 1000 1.00909 0.00908602
100 1100 1.00643 0.00643176
200 1100 1.00996 0.00995879
200 1000 1.00909 0.00908602
300 1000 1.01127 0.0112732
200 1100 1.00996 0.00995879
300 1100 1.01234 0.0123389
300 1000 1.01127 0.0112732
400 1000 1.01238 0.0123816
300 1100 1.01234 0.0123389
400 1100 1.01354 0.0135384
0 1100 1.00045 0.000447125
100 1100 1.00643 0.00643176
0 1200 1.00073 0.000725254
100 1200 1.0068 0.00680224
100 1100 1.00643 0.00643176
200 1100 1.00996 0.00995879
100 1200 1.0068 0.00680224
200 1200 1.01052 0.0105203
200 1100 1.00996 0.00995879
300 1100 1.01234 0.0123389
200 1200 1.01052 0.0105203
300 1200 1.01324 0.0132413
300 1100 1.01234 0.0123389
400 1100 1.01354 0.0135384
300 1200 1.01324 0.0132413
400 1200 1.01451 0.0145115
600 800 1.00925 0.00924849
700 800 1.00753 0.0075258
600 900 1.01025 0.0102457
700 900 1.00848 0.0084833
700 800 1.00753 0.0075258
800 800 1.00497 0.00496977
700 900 1.00848 0.0084833
800 900 1.00546 0.00545794
400 900 1.01112 0.0111206
500 900 1.01117 0.0111727
400 1000 1.01238 0.0123816
500 1000 1.01243 0.0124288
500 900 1.01117 0.0111727
600 900 1.01025 0.0102457
500 1000 1.01243 0.0124288
600 1000 1.0114 0.0114007
600 900 1.01025 0.0102457
700 900 1.00848 0.0084833
600 1000 1.0114 0.0114007
700 1000 1.00926 0.00925613
700 900 1.00848 0.0084833
800 900 1.00546 0.00545794
700 1000 1.00926 0.00925613
800 1000 1.00606 0.00606048
400 1000 1.01238 0.0123816
500 1000 1.01243 0.0124288
400 1100 1.01354 0.0135384
500 1100 1.01358 0.0135831
500 1000 1.01243 0.0124288
600 1000 1.0114 0.0114007
500 1100 1.01358 0.0135831
600 1100 1.01246 0.0124579
400 1100 1.01354 0.0135384
500 1100 1.01358 0.0135831
400 1200 1.01451 0.0145115
500 1200 1.01456 0.014557
500 1100 1.01358 0.0135831
600 1100 1.01246 0.0124579
500 1200 1.01456 0.014557
600 1200 1.01336 0.0133557
600 1000 1.0114 0.0114007
700 1000 1.00926 0.00925613
600 1100 1.01246 0.0124579
700 1100 1.01011 0.0101115
700 1000 1.00926 0.00925613
800 1000 1.00606 0.00606048
700 1100 1.01011 0.0101115
800 1100 1.00658 0.00658294
600 1100 1.01246 0.0124579
700 1100 1.01011 0.0101115
600 1200 1.01336 0.0133557
700 1200 1.01083 0.0108339
700 1100 1.01011 0.0101115
800 1100 1.00658 0.00658294
700 1200 1.01083 0.0108339
800 1200 1.00698 0.0069815
0 1200 1.00073 0.000725254
100 1200 1.0068 0.00680224
0 1300 1.00062 0.000618015
100 1300 1.00721 0.0072096
100 1200 1.0068 0.00680224
200 1200 1.01052 0.0105203
100 1300 1.00721 0.0072096
200 1300 1.01109 0.0110909
200 1200 1.01052 0.0105203
300 1200 1.01324 0.0132413
200 1300 1.01109 0.0110909
300 1300 1.0137 0.013701
300 1200 1.01324 0.0132413
400 1200 1.01451 0.0145115
300 1300 1.0137 0.013701
400 1300 1.01501 0.0150092
0 1300 1.00062 0.000618015
100 1300 1.00721 0.0072096
0 1400 1.0009 0.000896547
100 1400 1.00751 0.00751313
100 1300 1.00721 0.0072096
200 1300 1.01109 0.0110909
100 1400 1.00751 0.00751313
200 1400 1.01141 0.011406
200 1300 1.01109 0.0110909
300 1300 1.0137 0.013701
200 1400 1.01141 0.011406
300 1400 1.01402 0.0140209
300 1300 1.0137 0.013701
400 1300 1.01501 0.0150092
300 1400 1.01402 0.0140209
400 1400 1.01532 0.0153191
0 1400 1.0009 0.000896547
100 1400 1.00751 0.00751313
0 1500 1.00015 0.000149448
100 1500 1.00741 0.00741454
100 1400 1.00751 0.00751313
200 1400 1.01141 0.011406
100 1500 1.00741 0.00741454
200 1500 1.0113 0.0113045
200 1400 1.01141 0.011406
300 1400 1.01402 0.0140209
200 1500 1.0113 0.0113045
300 1500 1.01384 0.0138392
300 1400 1.01402 0.0140209
400 1400 1.01532 0.0153191
300 1500 1.01384 0.0138392
400 1500 1.01507 0.0150723
0 1500 1.00015 0.000149448
100 1500 1.00741 0.00741454
0 1600 1.0007 0.000697429
100 1600 1.00725 0.00724522
100 1500 1.00741 0.00741454
200 1500 1.0113 0.0113045
100 1600 1.00725 0.00724522
200 1600 1.01067 0.0106745
200 1500 1.0113 0.0113045
300 1500 1.01384 0.0138392
200 1600 1.01067 0.0106745
300 1600 1.01293 0.0129314
300 1500 1.01384 0.0138392
400 1500 1.01507 0.0150723
300 1600 1.01293 0.0129314
400 1600 1.01401 0.014015
400 1200 1.01451 0.0145115
500 1200 1.01456 0.014557
400 1300 1.01501 0.0150092
500 1300 1.01525 0.015254
500 1200 1.01456 0.014557
600 1200 1.01336 0.0133557
500 1300 1.01525 0.015254
600 1300 1.01401 0.0140131
600 1200 1.01336 0.0133557
700 1200 1.01083 0.0108339
600 1300 1.01401 0.0140131
700 1300 1.0114 0.0114048
700 1200 1.01083 0.0108339
800 1200 1.00698 0.0069815
700 1300 1.0114 0.0114048
800 1300 1.00742 0.00742448
400 1300 1.01501 0.0150092
500 1300 1.01525 0.015254
400 1400 1.01532 0.0153191
500 1400 1.01535 0.0153541
500 1300 1.01525 0.015254
600 1300 1.01401 0.0140131
500 1400 1.01535 0.0153541
600 1400 1.01411 0.0141097
600 1300 1.01401 0.0140131
700 1300 1.0114 0.0114048
600 1400 1.01411 0.0141097
700 1400 1.0117 0.0117044
700 1300 1.0114 0.0114048
800 1300 1.00742 0.00742448
700 1400 1.0117 0.0117044
800 1400 1.00778 0.00777777
400 1400 1.01532 0.0153191
500 1400 1.01535 0.0153541
400 1500 1.01507 0.0150723
500 1500 1.01509 0.01509
500 1400 1.01535 0.0153541
600 1400 1.01411 0.0141097
500 1500 1.01509 0.01509
600 1500 1.01388 0.0138815
800 800 1.00497 0.00496977
900 800 1.00093 0.000929296
800 900 1.00546 0.00545794
900 900 1 4.69548e-06
800 900 1.00546 0.00545794
900 900 1 4.69548e-06
800 1000 1.00606 0.00606048
900 1000 1.00095 0.000952749
800 1000 1.00606 0.00606048
900 1000 1.00095 0.000952749
800 1100 1.00658 0.00658294
900 1100 1.00069 0.000692532
800 1100 1.00658 0.00658294
900 1100 1.00069 0.000692532
800 1200 1.00698 0.0069815
900 1200 1.00029 0.000290078
600 1400 1.01411 0.0141097
700 1400 1.0117 0.0117044
600 1500 1.01388 0.0138815
700 1500 1.01134 0.0113365
700 1400 1.0117 0.0117044
800 1400 1.00778 0.00777777
700 1500 1.01134 0.0113365
800 1500 1.00738 0.0073849
400 1500 1.01507 0.0150723
500 1500 1.01509 0.01509
400 1600 1.01401 0.014015
500 1600 1.01401 0.0140143
500 1500 1.01509 0.01509
600 1500 1.01388 0.0138815
500 1600 1.01401 0.0140143
600 1600 1.01293 0.0129254
600 1500 1.01388 0.0138815
700 1500 1.01134 0.0113365
600 1600 1.01293 0.0129254
700 1600 1.01063 0.0106341
700 1500 1.01134 0.0113365
800 1500 1.00738 0.0073849
700 1600 1.01063 0.0106341
800 1600 1.00706 0.00706297
800 1200 1.00698 0.0069815
900 1200 1.00029 0.000290078
800 1300 1.00742 0.00742448
900 1300 1.00043 0.000431418
800 1300 1.00742 0.00742448
900 1300 1.00043 0.000431418
800 1400 1.00778 0.00777777
900 1400 1.001 0.000998847
800 1400 1.00778 0.00777777
900 1400 1.001 0.000998847
800 1500 1.00738 0.0073849
900 1500 1.00007 6.9167e-05
800 1500 1.00738 0.0073849
900 1500 1.00007 6.9167e-05
800 1600 1.00706 0.00706297
900 1600 1.00017 0.00017163
0 1600 1.0007 0.000697429
100 1600 1.00725 0.00724522
0 1700 1.00052 0.000521037
100 1700 1.00626 0.00626018
100 1600 1.00725 0.00724522
200 1600 1.01067 0.0106745
100 1700 1.00626 0.00626018
200 1700 1.00898 0.00897839
0 1700 1.00052 0.000521037
100 1700 1.00626 0.00626018
0 1800 1.00016 0.000164694
100 1800 1.00483 0.00482611
100 1700 1.00626 0.00626018
200 1700 1.00898 0.00897839
100 1800 1.00483 0.00482611
200 1800 1.00643 0.00643182
0 1800 1.00016 0.000164694
100 1800 1.00483 0.00482611
0 1900 1.0004 0.000398221
100 1900 1.00021 0.000209844
100 1800 1.00483 0.00482611
200 1800 1.00643 0.00643182
100 1900 1.00021 0.000209844
200 1900 1.00019 0.000186193
200 1600 1.01067 0.0106745
300 1600 1.01293 0.0129314
200 1700 1.00898 0.00897839
300 1700 1.01098 0.0109794
300 1600 1.01293 0.0129314
400 1600 1.01401 0.014015
300 1700 1.01098 0.0109794
400 1700 1.01181 0.0118127
400 1600 1.01401 0.014015
500 1600 1.01401 0.0140143
400 1700 1.01181 0.0118127
500 1700 1.01179 0.0117857
500 1600 1.01401 0.0140143
600 1600 1.01293 0.0129254
500 1700 1.01179 0.0117857
600 1700 1.01092 0.0109173
200 1700 1.00898 0.00897839
300 1700 1.01098 0.0109794
200 1800 1.00643 0.00643182
300 1800 1.00762 0.00762225
300 1700 1.01098 0.0109794
400 1700 1.01181 0.0118127
300 1800 1.00762 0.00762225
400 1800 1.00806 0.00806274
400 1700 1.01181 0.0118127
500 1700 1.01179 0.0117857
400 1800 1.00806 0.00806274
500 1800 1.00817 0.00816868
500 1700 1.01179 0.0117857
600 1700 1.01092 0.0109173
500 1800 1.00817 0.00816868
600 1800 1.00761 0.00760686
200 1800 1.00643 0.00643182
300 1800 1.00762 0.00762225
200 1900 1.00019 0.000186193
300 1900 1.00094 0.000944372
300 1800 1.00762 0.00762225
400 1800 1.00806 0.00806274
300 1900 1.00094 0.000944372
400 1900 1.00074 0.000739551
600 1600 1.01293 0.0129254
700 1600 1.01063 0.0106341
600 1700 1.01092 0.0109173
700 1700 1.00912 0.0091172
700 1600 1.01063 0.0106341
800 1600 1.00706 0.00706297
700 1700 1.00912 0.0091172
800 1700 1.00628 0.0062814
800 1600 1.00706 0.00706297
900 1600 1.00017 0.00017163
800 1700 1.00628 0.0062814
900 1700 1.00003 3.18389e-05
600 1700 1.01092 0.0109173
700 1700 1.00912 0.0091172
600 1800 1.00761 0.00760686
700 1800 1.00659 0.00658673
700 1700 1.00912 0.0091172
800 1700 1.00628 0.0062814
700 1800 1.00659 0.00658673
800 1800 1.00498 0.00498204
800 1700 1.00628 0.0062814
900 1700 1.00003 3.18389e-05
800 1800 1.00498 0.00498204
900 1800 1.00031 0.000311945
400 1800 1.00806 0.00806274
500 1800 1.00817 0.00816868
400 1900 1.00074 0.000739551
500 1900 1.00049 0.000490459
500 1800 1.00817 0.00816868
600 1800 1.00761 0.00760686
500 1900 1.00049 0.000490459
600 1900 1.00023 0.000227415
600 1800 1.00761 0.00760686
700 1800 1.00659 0.00658673
600 1900 1.00023 0.000227415
700 1900 1.00025 0.000254356
700 1800 1.00659 0.00658673
800 1800 1.00498 0.00498204
700 1900 1.00025 0.000254356
800 1900 1.00006 5.80292e-05
800 1800 1.00498 0.00498204
900 1800 1.00031 0.000311945
800 1900 1.00006 5.80292e-05
900 1900 1.00043 0.000434417
