# x y topography
0 3.0127 0.0127022
0.046875 3.01313 0.0131342
0.046875 3.01313 0.0131342
0.09375 3.01414 0.0141383
0.09375 3.01414 0.0141383
0.140625 3.01567 0.0156675
0.140625 3.01567 0.0156675
0.1875 3.01765 0.0176536
0.1875 3.01765 0.0176536
0.234375 3.02002 0.0200152
0.234375 3.02002 0.0200152
0.28125 3.02267 0.022666
0.28125 3.02267 0.022666
0.328125 3.02552 0.0255222
0.328125 3.02552 0.0255222
0.375 3.02851 0.0285084
0.375 3.02851 0.0285084
0.421875 3.03156 0.0315606
0.421875 3.03156 0.0315606
0.46875 3.03463 0.0346272
0.46875 3.03463 0.0346272
0.515625 3.03767 0.0376686
0.515625 3.03767 0.0376686
0.5625 3.04065 0.0406548
0.5625 3.04065 0.0406548
0.609375 3.04356 0.043564
0.609375 3.04356 0.043564
0.65625 3.04638 0.04638
0.65625 3.04638 0.04638
0.703125 3.04909 0.0490904
0.703125 3.04909 0.0490904
0.75 3.05169 0.0516858
0.75 3.05169 0.0516858
0.796875 3.05416 0.0541583
0.796875 3.05416 0.0541583
0.84375 3.0565 0.056501
0.84375 3.0565 0.056501
0.890625 3.05871 0.0587079
0.890625 3.05871 0.0587079
0.9375 3.06077 0.0607736
0.9375 3.06077 0.0607736
0.984375 3.06269 0.0626928
0.984375 3.06269 0.0626928
1.03125 3.06446 0.0644611
1.03125 3.06446 0.0644611
1.07812 3.06607 0.0660741
1.07812 3.06607 0.0660741
1.125 3.06753 0.0675279
1.125 3.06753 0.0675279
1.17188 3.06882 0.068819
1.17188 3.06882 0.068819
1.21875 3.06994 0.0699444
1.21875 3.06994 0.0699444
1.26562 3.0709 0.0709012
1.26562 3.0709 0.0709012
1.3125 3.07169 0.0716872
1.3125 3.07169 0.0716872
1.35938 3.0723 0.0723006
1.35938 3.0723 0.0723006
1.40625 3.07274 0.0727397
1.40625 3.07274 0.0727397
1.45312 3.073 0.0730036
1.45312 3.073 0.0730036
1.5 3.07309 0.0730917
1.5 3.07309 0.0730917
1.54688 3.073 0.0730036
1.54688 3.073 0.0730036
1.59375 3.07274 0.0727397
1.59375 3.07274 0.0727397
1.64062 3.0723 0.0723006
1.64062 3.0723 0.0723006
1.6875 3.07169 0.0716872
1.6875 3.07169 0.0716872
1.73438 3.0709 0.0709012
1.73438 3.0709 0.0709012
1.78125 3.06994 0.0699444
1.78125 3.06994 0.0699444
1.82812 3.06882 0.068819
1.82812 3.06882 0.068819
1.875 3.06753 0.0675279
1.875 3.06753 0.0675279
1.92188 3.06607 0.0660741
1.92188 3.06607 0.0660741
1.96875 3.06446 0.0644611
1.96875 3.06446 0.0644611
2.01562 3.06269 0.0626928
2.01562 3.06269 0.0626928
2.0625 3.06077 0.0607736
2.0625 3.06077 0.0607736
2.10938 3.05871 0.0587079
2.10938 3.05871 0.0587079
2.15625 3.0565 0.056501
2.15625 3.0565 0.056501
2.20312 3.05416 0.0541583
2.20312 3.05416 0.0541583
2.25 3.05169 0.0516858
2.25 3.05169 0.0516858
2.29688 3.04909 0.0490904
2.29688 3.04909 0.0490904
2.34375 3.04638 0.04638
2.34375 3.04638 0.04638
2.39062 3.04356 0.043564
2.39062 3.04356 0.043564
2.4375 3.04065 0.0406548
2.4375 3.04065 0.0406548
2.48438 3.03767 0.0376686
2.48438 3.03767 0.0376686
2.53125 3.03463 0.0346272
2.53125 3.03463 0.0346272
2.57812 3.03156 0.0315606
2.57812 3.03156 0.0315606
2.625 3.02851 0.0285084
2.625 3.02851 0.0285084
2.67188 3.02552 0.0255222
2.67188 3.02552 0.0255222
2.71875 3.02267 0.022666
2.71875 3.02267 0.022666
2.76562 3.02002 0.0200152
2.76562 3.02002 0.0200152
2.8125 3.01765 0.0176536
2.8125 3.01765 0.0176536
2.85938 3.01567 0.0156675
2.85938 3.01567 0.0156675
2.90625 3.01414 0.0141383
2.90625 3.01414 0.0141383
2.95312 3.01313 0.0131342
2.95312 3.01313 0.0131342
3 3.0127 0.0127022
