# x y topography
0 3.01008 0.0100828
0.046875 3.01062 0.0106224
0.046875 3.01062 0.0106224
0.09375 3.01188 0.0118782
0.09375 3.01188 0.0118782
0.140625 3.01376 0.0137633
0.140625 3.01376 0.0137633
0.1875 3.01616 0.0161585
0.1875 3.01616 0.0161585
0.234375 3.01893 0.0189322
0.234375 3.01893 0.0189322
0.28125 3.02196 0.0219588
0.28125 3.02196 0.0219588
0.328125 3.02513 0.0251313
0.328125 3.02513 0.0251313
0.375 3.02837 0.0283665
0.375 3.02837 0.0283665
0.421875 3.0316 0.0316045
0.421875 3.0316 0.0316045
0.46875 3.0348 0.0348047
0.46875 3.0348 0.0348047
0.515625 3.03794 0.0379402
0.515625 3.03794 0.0379402
0.5625 3.04099 0.0409932
0.5625 3.04099 0.0409932
0.609375 3.04395 0.0439514
0.609375 3.04395 0.0439514
0.65625 3.04681 0.0468053
0.65625 3.04681 0.0468053
0.703125 3.04955 0.0495471
0.703125 3.04955 0.0495471
0.75 3.05217 0.0521696
0.75 3.05217 0.0521696
0.796875 3.05467 0.0546666
0.796875 3.05467 0.0546666
0.84375 3.05703 0.0570319
0.84375 3.05703 0.0570319
0.890625 3.05926 0.0592598
0.890625 3.05926 0.0592598
0.9375 3.06134 0.061345
0.9375 3.06134 0.061345
0.984375 3.06328 0.0632823
0.984375 3.06328 0.0632823
1.03125 3.06507 0.0650672
1.03125 3.06507 0.0650672
1.07812 3.0667 0.0666954
1.07812 3.0667 0.0666954
1.125 3.06816 0.0681629
1.125 3.06816 0.0681629
1.17188 3.06947 0.0694661
1.17188 3.06947 0.0694661
1.21875 3.0706 0.0706021
1.21875 3.0706 0.0706021
1.26562 3.07157 0.0715679
1.26562 3.07157 0.0715679
1.3125 3.07236 0.0723613
1.3125 3.07236 0.0723613
1.35938 3.07298 0.0729804
1.35938 3.07298 0.0729804
1.40625 3.07342 0.0734237
1.40625 3.07342 0.0734237
1.45312 3.07369 0.0736901
1.45312 3.07369 0.0736901
1.5 3.07378 0.073779
1.5 3.07378 0.073779
1.54688 3.07369 0.0736901
1.54688 3.07369 0.0736901
1.59375 3.07342 0.0734237
1.59375 3.07342 0.0734237
1.64062 3.07298 0.0729804
1.64062 3.07298 0.0729804
1.6875 3.07236 0.0723613
1.6875 3.07236 0.0723613
1.73438 3.07157 0.0715679
1.73438 3.07157 0.0715679
1.78125 3.0706 0.0706021
1.78125 3.0706 0.0706021
1.82812 3.06947 0.0694661
1.82812 3.06947 0.0694661
1.875 3.06816 0.0681629
1.875 3.06816 0.0681629
1.92188 3.0667 0.0666954
1.92188 3.0667 0.0666954
1.96875 3.06507 0.0650672
1.96875 3.06507 0.0650672
2.01562 3.06328 0.0632823
2.01562 3.06328 0.0632823
2.0625 3.06134 0.061345
2.0625 3.06134 0.061345
2.10938 3.05926 0.0592598
2.10938 3.05926 0.0592598
2.15625 3.05703 0.0570319
2.15625 3.05703 0.0570319
2.20312 3.05467 0.0546666
2.20312 3.05467 0.0546666
2.25 3.05217 0.0521696
2.25 3.05217 0.0521696
2.29688 3.04955 0.0495471
2.29688 3.04955 0.0495471
2.34375 3.04681 0.0468053
2.34375 3.04681 0.0468053
2.39062 3.04395 0.0439514
2.39062 3.04395 0.0439514
2.4375 3.04099 0.0409932
2.4375 3.04099 0.0409932
2.48438 3.03794 0.0379402
2.48438 3.03794 0.0379402
2.53125 3.0348 0.0348047
2.53125 3.0348 0.0348047
2.57812 3.0316 0.0316045
2.57812 3.0316 0.0316045
2.625 3.02837 0.0283665
2.625 3.02837 0.0283665
2.67188 3.02513 0.0251313
2.67188 3.02513 0.0251313
2.71875 3.02196 0.0219588
2.71875 3.02196 0.0219588
2.76562 3.01893 0.0189322
2.76562 3.01893 0.0189322
2.8125 3.01616 0.0161585
2.8125 3.01616 0.0161585
2.85938 3.01376 0.0137633
2.85938 3.01376 0.0137633
2.90625 3.01188 0.0118782
2.90625 3.01188 0.0118782
2.95312 3.01062 0.0106224
2.95312 3.01062 0.0106224
3 3.01008 0.0100828
