# x y topography
0 3.01153 0.0115283
0.046875 3.012 0.0120031
0.046875 3.012 0.0120031
0.09375 3.01311 0.0131084
0.09375 3.01311 0.0131084
0.140625 3.01478 0.0147831
0.140625 3.01478 0.0147831
0.1875 3.01694 0.0169405
0.1875 3.01694 0.0169405
0.234375 3.01948 0.01948
0.234375 3.01948 0.01948
0.28125 3.0223 0.0222988
0.28125 3.0223 0.0222988
0.328125 3.0253 0.0253022
0.328125 3.0253 0.0253022
0.375 3.02841 0.0284093
0.375 3.02841 0.0284093
0.421875 3.03156 0.0315557
0.421875 3.03156 0.0315557
0.46875 3.03469 0.0346926
0.46875 3.03469 0.0346926
0.515625 3.03778 0.037785
0.515625 3.03778 0.037785
0.5625 3.04081 0.0408079
0.5625 3.04081 0.0408079
0.609375 3.04374 0.0437439
0.609375 3.04374 0.0437439
0.65625 3.04658 0.0465802
0.65625 3.04658 0.0465802
0.703125 3.04931 0.0493069
0.703125 3.04931 0.0493069
0.75 3.05192 0.051916
0.75 3.05192 0.051916
0.796875 3.0544 0.0544005
0.796875 3.0544 0.0544005
0.84375 3.05675 0.0567541
0.84375 3.05675 0.0567541
0.890625 3.05897 0.0589712
0.890625 3.05897 0.0589712
0.9375 3.06105 0.0610461
0.9375 3.06105 0.0610461
0.984375 3.06297 0.0629741
0.984375 3.06297 0.0629741
1.03125 3.06475 0.0647503
1.03125 3.06475 0.0647503
1.07812 3.06637 0.0663705
1.07812 3.06637 0.0663705
1.125 3.06783 0.0678308
1.125 3.06783 0.0678308
1.17188 3.06913 0.0691277
1.17188 3.06913 0.0691277
1.21875 3.07026 0.0702581
1.21875 3.07026 0.0702581
1.26562 3.07122 0.0712193
1.26562 3.07122 0.0712193
1.3125 3.07201 0.0720088
1.3125 3.07201 0.0720088
1.35938 3.07262 0.0726249
1.35938 3.07262 0.0726249
1.40625 3.07307 0.073066
1.40625 3.07307 0.073066
1.45312 3.07333 0.0733311
1.45312 3.07333 0.0733311
1.5 3.07342 0.0734196
1.5 3.07342 0.0734196
1.54688 3.07333 0.0733311
1.54688 3.07333 0.0733311
1.59375 3.07307 0.073066
1.59375 3.07307 0.073066
1.64062 3.07262 0.0726249
1.64062 3.07262 0.0726249
1.6875 3.07201 0.0720088
1.6875 3.07201 0.0720088
1.73438 3.07122 0.0712193
1.73438 3.07122 0.0712193
1.78125 3.07026 0.0702581
1.78125 3.07026 0.0702581
1.82812 3.06913 0.0691277
1.82812 3.06913 0.0691277
1.875 3.06783 0.0678308
1.875 3.06783 0.0678308
1.92188 3.06637 0.0663705
1.92188 3.06637 0.0663705
1.96875 3.06475 0.0647503
1.96875 3.06475 0.0647503
2.01562 3.06297 0.0629741
2.01562 3.06297 0.0629741
2.0625 3.06105 0.0610461
2.0625 3.06105 0.0610461
2.10938 3.05897 0.0589712
2.10938 3.05897 0.0589712
2.15625 3.05675 0.0567541
2.15625 3.05675 0.0567541
2.20312 3.0544 0.0544005
2.20312 3.0544 0.0544005
2.25 3.05192 0.051916
2.25 3.05192 0.051916
2.29688 3.04931 0.0493069
2.29688 3.04931 0.0493069
2.34375 3.04658 0.0465802
2.34375 3.04658 0.0465802
2.39062 3.04374 0.0437439
2.39062 3.04374 0.0437439
2.4375 3.04081 0.0408079
2.4375 3.04081 0.0408079
2.48438 3.03778 0.037785
2.48438 3.03778 0.037785
2.53125 3.03469 0.0346926
2.53125 3.03469 0.0346926
2.57812 3.03156 0.0315557
2.57812 3.03156 0.0315557
2.625 3.02841 0.0284093
2.625 3.02841 0.0284093
2.67188 3.0253 0.0253022
2.67188 3.0253 0.0253022
2.71875 3.0223 0.0222988
2.71875 3.0223 0.0222988
2.76562 3.01948 0.01948
2.76562 3.01948 0.01948
2.8125 3.01694 0.0169405
2.8125 3.01694 0.0169405
2.85938 3.01478 0.0147831
2.85938 3.01478 0.0147831
2.90625 3.01311 0.0131084
2.90625 3.01311 0.0131084
2.95312 3.012 0.0120031
2.95312 3.012 0.0120031
3 3.01153 0.0115283
