# x y topography
0 3.01197 0.0119695
0.046875 3.01243 0.0124274
0.046875 3.01243 0.0124274
0.09375 3.01349 0.0134927
0.09375 3.01349 0.0134927
0.140625 3.01511 0.0151103
0.140625 3.01511 0.0151103
0.1875 3.0172 0.0172012
0.1875 3.0172 0.0172012
0.234375 3.01967 0.0196723
0.234375 3.01967 0.0196723
0.28125 3.02243 0.0224276
0.28125 3.02243 0.0224276
0.328125 3.02538 0.0253763
0.328125 3.02538 0.0253763
0.375 3.02844 0.0284394
0.375 3.02844 0.0284394
0.421875 3.03155 0.0315522
0.421875 3.03155 0.0315522
0.46875 3.03466 0.0346646
0.46875 3.03466 0.0346646
0.515625 3.03774 0.0377396
0.515625 3.03774 0.0377396
0.5625 3.04075 0.0407501
0.5625 3.04075 0.0407501
0.609375 3.04368 0.0436771
0.609375 3.04368 0.0436771
0.65625 3.04651 0.0465065
0.65625 3.04651 0.0465065
0.703125 3.04923 0.0492276
0.703125 3.04923 0.0492276
0.75 3.05183 0.0518319
0.75 3.05183 0.0518319
0.796875 3.05431 0.0543122
0.796875 3.05431 0.0543122
0.84375 3.05666 0.0566619
0.84375 3.05666 0.0566619
0.890625 3.05888 0.0588753
0.890625 3.05888 0.0588753
0.9375 3.06095 0.0609469
0.9375 3.06095 0.0609469
0.984375 3.06287 0.0628716
0.984375 3.06287 0.0628716
1.03125 3.06464 0.064645
1.03125 3.06464 0.064645
1.07812 3.06626 0.0662626
1.07812 3.06626 0.0662626
1.125 3.06772 0.0677205
1.125 3.06772 0.0677205
1.17188 3.06902 0.0690153
1.17188 3.06902 0.0690153
1.21875 3.07014 0.0701439
1.21875 3.07014 0.0701439
1.26562 3.0711 0.0711034
1.26562 3.0711 0.0711034
1.3125 3.07189 0.0718917
1.3125 3.07189 0.0718917
1.35938 3.07251 0.0725068
1.35938 3.07251 0.0725068
1.40625 3.07295 0.0729472
1.40625 3.07295 0.0729472
1.45312 3.07321 0.0732119
1.45312 3.07321 0.0732119
1.5 3.0733 0.0733002
1.5 3.0733 0.0733002
1.54688 3.07321 0.0732119
1.54688 3.07321 0.0732119
1.59375 3.07295 0.0729472
1.59375 3.07295 0.0729472
1.64062 3.07251 0.0725068
1.64062 3.07251 0.0725068
1.6875 3.07189 0.0718917
1.6875 3.07189 0.0718917
1.73438 3.0711 0.0711034
1.73438 3.0711 0.0711034
1.78125 3.07014 0.0701439
1.78125 3.07014 0.0701439
1.82812 3.06902 0.0690153
1.82812 3.06902 0.0690153
1.875 3.06772 0.0677205
1.875 3.06772 0.0677205
1.92188 3.06626 0.0662626
1.92188 3.06626 0.0662626
1.96875 3.06464 0.064645
1.96875 3.06464 0.064645
2.01562 3.06287 0.0628716
2.01562 3.06287 0.0628716
2.0625 3.06095 0.0609469
2.0625 3.06095 0.0609469
2.10938 3.05888 0.0588753
2.10938 3.05888 0.0588753
2.15625 3.05666 0.0566619
2.15625 3.05666 0.0566619
2.20312 3.05431 0.0543122
2.20312 3.05431 0.0543122
2.25 3.05183 0.0518319
2.25 3.05183 0.0518319
2.29688 3.04923 0.0492276
2.29688 3.04923 0.0492276
2.34375 3.04651 0.0465065
2.34375 3.04651 0.0465065
2.39062 3.04368 0.0436771
2.39062 3.04368 0.0436771
2.4375 3.04075 0.0407501
2.4375 3.04075 0.0407501
2.48438 3.03774 0.0377396
2.48438 3.03774 0.0377396
2.53125 3.03466 0.0346646
2.53125 3.03466 0.0346646
2.57812 3.03155 0.0315522
2.57812 3.03155 0.0315522
2.625 3.02844 0.0284394
2.625 3.02844 0.0284394
2.67188 3.02538 0.0253763
2.67188 3.02538 0.0253763
2.71875 3.02243 0.0224276
2.71875 3.02243 0.0224276
2.76562 3.01967 0.0196723
2.76562 3.01967 0.0196723
2.8125 3.0172 0.0172012
2.8125 3.0172 0.0172012
2.85938 3.01511 0.0151103
2.85938 3.01511 0.0151103
2.90625 3.01349 0.0134927
2.90625 3.01349 0.0134927
2.95312 3.01243 0.0124274
2.95312 3.01243 0.0124274
3 3.01197 0.0119695
