# x y topography
0 3.00807 0.0080672
0.046875 3.00873 0.00873043
0.046875 3.00873 0.00873043
0.09375 3.01026 0.0102647
0.09375 3.01026 0.0102647
0.140625 3.01252 0.0125175
0.140625 3.01252 0.0125175
0.1875 3.0153 0.0152953
0.1875 3.0153 0.0152953
0.234375 3.01841 0.018408
0.234375 3.01841 0.018408
0.28125 3.0217 0.0216997
0.28125 3.0217 0.0216997
0.328125 3.02506 0.0250595
0.328125 3.02506 0.0250595
0.375 3.02842 0.0284173
0.375 3.02842 0.0284173
0.421875 3.03173 0.0317319
0.421875 3.03173 0.0317319
0.46875 3.03498 0.0349799
0.46875 3.03498 0.0349799
0.515625 3.03815 0.0381472
0.515625 3.03815 0.0381472
0.5625 3.04122 0.0412237
0.5625 3.04122 0.0412237
0.609375 3.0442 0.0442012
0.609375 3.0442 0.0442012
0.65625 3.04707 0.0470723
0.65625 3.04707 0.0470723
0.703125 3.04983 0.04983
0.703125 3.04983 0.04983
0.75 3.05247 0.0524677
0.75 3.05247 0.0524677
0.796875 3.05498 0.0549789
0.796875 3.05498 0.0549789
0.84375 3.05736 0.0573578
0.84375 3.05736 0.0573578
0.890625 3.0596 0.0595984
0.890625 3.0596 0.0595984
0.9375 3.0617 0.0616955
0.9375 3.0617 0.0616955
0.984375 3.06364 0.0636439
0.984375 3.06364 0.0636439
1.03125 3.06544 0.065439
1.03125 3.06544 0.065439
1.07812 3.06708 0.0670765
1.07812 3.06708 0.0670765
1.125 3.06855 0.0685523
1.125 3.06855 0.0685523
1.17188 3.06986 0.069863
1.17188 3.06986 0.069863
1.21875 3.07101 0.0710054
1.21875 3.07101 0.0710054
1.26562 3.07198 0.0719768
1.26562 3.07198 0.0719768
1.3125 3.07277 0.0727748
1.3125 3.07277 0.0727748
1.35938 3.0734 0.0733974
1.35938 3.0734 0.0733974
1.40625 3.07384 0.0738432
1.40625 3.07384 0.0738432
1.45312 3.07411 0.0741111
1.45312 3.07411 0.0741111
1.5 3.0742 0.0742005
1.5 3.0742 0.0742005
1.54688 3.07411 0.0741111
1.54688 3.07411 0.0741111
1.59375 3.07384 0.0738432
1.59375 3.07384 0.0738432
1.64062 3.0734 0.0733974
1.64062 3.0734 0.0733974
1.6875 3.07277 0.0727748
1.6875 3.07277 0.0727748
1.73438 3.07198 0.0719768
1.73438 3.07198 0.0719768
1.78125 3.07101 0.0710054
1.78125 3.07101 0.0710054
1.82812 3.06986 0.069863
1.82812 3.06986 0.069863
1.875 3.06855 0.0685523
1.875 3.06855 0.0685523
1.92188 3.06708 0.0670765
1.92188 3.06708 0.0670765
1.96875 3.06544 0.065439
1.96875 3.06544 0.065439
2.01562 3.06364 0.0636439
2.01562 3.06364 0.0636439
2.0625 3.0617 0.0616955
2.0625 3.0617 0.0616955
2.10938 3.0596 0.0595984
2.10938 3.0596 0.0595984
2.15625 3.05736 0.0573578
2.15625 3.05736 0.0573578
2.20312 3.05498 0.0549789
2.20312 3.05498 0.0549789
2.25 3.05247 0.0524677
2.25 3.05247 0.0524677
2.29688 3.04983 0.04983
2.29688 3.04983 0.04983
2.34375 3.04707 0.0470723
2.34375 3.04707 0.0470723
2.39062 3.0442 0.0442012
2.39062 3.0442 0.0442012
2.4375 3.04122 0.0412237
2.4375 3.04122 0.0412237
2.48438 3.03815 0.0381472
2.48438 3.03815 0.0381472
2.53125 3.03498 0.0349799
2.53125 3.03498 0.0349799
2.57812 3.03173 0.0317319
2.57812 3.03173 0.0317319
2.625 3.02842 0.0284173
2.625 3.02842 0.0284173
2.67188 3.02506 0.0250595
2.67188 3.02506 0.0250595
2.71875 3.0217 0.0216997
2.71875 3.0217 0.0216997
2.76562 3.01841 0.018408
2.76562 3.01841 0.018408
2.8125 3.0153 0.0152953
2.8125 3.0153 0.0152953
2.85938 3.01252 0.0125175
2.85938 3.01252 0.0125175
2.90625 3.01026 0.0102647
2.90625 3.01026 0.0102647
2.95312 3.00873 0.00873043
2.95312 3.00873 0.00873043
3 3.00807 0.0080672
