# x y topography
0 3.01115 0.0111464
0.046875 3.01164 0.0116369
0.046875 3.01164 0.0116369
0.09375 3.01278 0.0127789
0.09375 3.01278 0.0127789
0.140625 3.01451 0.0145055
0.140625 3.01451 0.0145055
0.1875 3.01672 0.0167228
0.1875 3.01672 0.0167228
0.234375 3.01932 0.0193226
0.234375 3.01932 0.0193226
0.28125 3.0222 0.0221966
0.28125 3.0222 0.0221966
0.328125 3.02525 0.0252464
0.328125 3.02525 0.0252464
0.375 3.02839 0.02839
0.375 3.02839 0.02839
0.421875 3.03156 0.0315634
0.421875 3.03156 0.0315634
0.46875 3.03472 0.0347196
0.46875 3.03472 0.0347196
0.515625 3.03783 0.0378254
0.515625 3.03783 0.0378254
0.5625 3.04086 0.0408577
0.5625 3.04086 0.0408577
0.609375 3.0438 0.0438006
0.609375 3.0438 0.0438006
0.65625 3.04664 0.0466422
0.65625 3.04664 0.0466422
0.703125 3.04937 0.0493733
0.703125 3.04937 0.0493733
0.75 3.05199 0.0519862
0.75 3.05199 0.0519862
0.796875 3.05447 0.0544742
0.796875 3.05447 0.0544742
0.84375 3.05683 0.0568311
0.84375 3.05683 0.0568311
0.890625 3.05905 0.0590512
0.890625 3.05905 0.0590512
0.9375 3.06113 0.061129
0.9375 3.06113 0.061129
0.984375 3.06306 0.0630595
0.984375 3.06306 0.0630595
1.03125 3.06484 0.0648382
1.03125 3.06484 0.0648382
1.07812 3.06646 0.0664606
1.07812 3.06646 0.0664606
1.125 3.06792 0.0679229
1.125 3.06792 0.0679229
1.17188 3.06922 0.0692216
1.17188 3.06922 0.0692216
1.21875 3.07035 0.0703535
1.21875 3.07035 0.0703535
1.26562 3.07132 0.0713159
1.26562 3.07132 0.0713159
1.3125 3.07211 0.0721066
1.3125 3.07211 0.0721066
1.35938 3.07272 0.0727235
1.35938 3.07272 0.0727235
1.40625 3.07317 0.0731652
1.40625 3.07317 0.0731652
1.45312 3.07343 0.0734307
1.45312 3.07343 0.0734307
1.5 3.07352 0.0735192
1.5 3.07352 0.0735192
1.54688 3.07343 0.0734307
1.54688 3.07343 0.0734307
1.59375 3.07317 0.0731652
1.59375 3.07317 0.0731652
1.64062 3.07272 0.0727235
1.64062 3.07272 0.0727235
1.6875 3.07211 0.0721066
1.6875 3.07211 0.0721066
1.73438 3.07132 0.0713159
1.73438 3.07132 0.0713159
1.78125 3.07035 0.0703535
1.78125 3.07035 0.0703535
1.82812 3.06922 0.0692216
1.82812 3.06922 0.0692216
1.875 3.06792 0.0679229
1.875 3.06792 0.0679229
1.92188 3.06646 0.0664606
1.92188 3.06646 0.0664606
1.96875 3.06484 0.0648382
1.96875 3.06484 0.0648382
2.01562 3.06306 0.0630595
2.01562 3.06306 0.0630595
2.0625 3.06113 0.061129
2.0625 3.06113 0.061129
2.10938 3.05905 0.0590512
2.10938 3.05905 0.0590512
2.15625 3.05683 0.0568311
2.15625 3.05683 0.0568311
2.20312 3.05447 0.0544742
2.20312 3.05447 0.0544742
2.25 3.05199 0.0519862
2.25 3.05199 0.0519862
2.29688 3.04937 0.0493733
2.29688 3.04937 0.0493733
2.34375 3.04664 0.0466422
2.34375 3.04664 0.0466422
2.39062 3.0438 0.0438006
2.39062 3.0438 0.0438006
2.4375 3.04086 0.0408577
2.4375 3.04086 0.0408577
2.48438 3.03783 0.0378254
2.48438 3.03783 0.0378254
2.53125 3.03472 0.0347196
2.53125 3.03472 0.0347196
2.57812 3.03156 0.0315634
2.57812 3.03156 0.0315634
2.625 3.02839 0.02839
2.625 3.02839 0.02839
2.67188 3.02525 0.0252464
2.67188 3.02525 0.0252464
2.71875 3.0222 0.0221966
2.71875 3.0222 0.0221966
2.76562 3.01932 0.0193226
2.76562 3.01932 0.0193226
2.8125 3.01672 0.0167228
2.8125 3.01672 0.0167228
2.85938 3.01451 0.0145055
2.85938 3.01451 0.0145055
2.90625 3.01278 0.0127789
2.90625 3.01278 0.0127789
2.95312 3.01164 0.0116369
2.95312 3.01164 0.0116369
3 3.01115 0.0111464
