# x y topography
0 3.00854 0.00853927
0.046875 3.00917 0.00916897
0.046875 3.00917 0.00916897
0.09375 3.01063 0.010629
0.09375 3.01063 0.010629
0.140625 3.01279 0.0127867
0.140625 3.01279 0.0127867
0.1875 3.01547 0.01547
0.1875 3.01547 0.01547
0.234375 3.0185 0.0185039
0.234375 3.0185 0.0185039
0.28125 3.02174 0.0217386
0.28125 3.02174 0.0217386
0.328125 3.02506 0.0250615
0.328125 3.02506 0.0250615
0.375 3.0284 0.0283972
0.375 3.0284 0.0283972
0.421875 3.0317 0.0316991
0.421875 3.0317 0.0316991
0.46875 3.03494 0.0349394
0.46875 3.03494 0.0349394
0.515625 3.0381 0.0381014
0.515625 3.0381 0.0381014
0.5625 3.04117 0.0411736
0.5625 3.04117 0.0411736
0.609375 3.04415 0.0441473
0.609375 3.04415 0.0441473
0.65625 3.04701 0.0470149
0.65625 3.04701 0.0470149
0.703125 3.04977 0.0497692
0.703125 3.04977 0.0497692
0.75 3.0524 0.0524037
0.75 3.0524 0.0524037
0.796875 3.05491 0.0549119
0.796875 3.05491 0.0549119
0.84375 3.05729 0.0572878
0.84375 3.05729 0.0572878
0.890625 3.05953 0.0595257
0.890625 3.05953 0.0595257
0.9375 3.06162 0.0616202
0.9375 3.06162 0.0616202
0.984375 3.06357 0.0635662
0.984375 3.06357 0.0635662
1.03125 3.06536 0.0653591
1.03125 3.06536 0.0653591
1.07812 3.06699 0.0669946
1.07812 3.06699 0.0669946
1.125 3.06847 0.0684687
1.125 3.06847 0.0684687
1.17188 3.06978 0.0697778
1.17188 3.06978 0.0697778
1.21875 3.07092 0.0709188
1.21875 3.07092 0.0709188
1.26562 3.07189 0.071889
1.26562 3.07189 0.071889
1.3125 3.07269 0.072686
1.3125 3.07269 0.072686
1.35938 3.07331 0.0733078
1.35938 3.07331 0.0733078
1.40625 3.07375 0.0737531
1.40625 3.07375 0.0737531
1.45312 3.07402 0.0740207
1.45312 3.07402 0.0740207
1.5 3.07411 0.07411
1.5 3.07411 0.07411
1.54688 3.07402 0.0740207
1.54688 3.07402 0.0740207
1.59375 3.07375 0.0737531
1.59375 3.07375 0.0737531
1.64062 3.07331 0.0733078
1.64062 3.07331 0.0733078
1.6875 3.07269 0.072686
1.6875 3.07269 0.072686
1.73438 3.07189 0.071889
1.73438 3.07189 0.071889
1.78125 3.07092 0.0709188
1.78125 3.07092 0.0709188
1.82812 3.06978 0.0697778
1.82812 3.06978 0.0697778
1.875 3.06847 0.0684687
1.875 3.06847 0.0684687
1.92188 3.06699 0.0669946
1.92188 3.06699 0.0669946
1.96875 3.06536 0.0653591
1.96875 3.06536 0.0653591
2.01562 3.06357 0.0635662
2.01562 3.06357 0.0635662
2.0625 3.06162 0.0616202
2.0625 3.06162 0.0616202
2.10938 3.05953 0.0595257
2.10938 3.05953 0.0595257
2.15625 3.05729 0.0572878
2.15625 3.05729 0.0572878
2.20312 3.05491 0.0549119
2.20312 3.05491 0.0549119
2.25 3.0524 0.0524037
2.25 3.0524 0.0524037
2.29688 3.04977 0.0497692
2.29688 3.04977 0.0497692
2.34375 3.04701 0.0470149
2.34375 3.04701 0.0470149
2.39062 3.04415 0.0441473
2.39062 3.04415 0.0441473
2.4375 3.04117 0.0411736
2.4375 3.04117 0.0411736
2.48438 3.0381 0.0381014
2.48438 3.0381 0.0381014
2.53125 3.03494 0.0349394
2.53125 3.03494 0.0349394
2.57812 3.0317 0.0316991
2.57812 3.0317 0.0316991
2.625 3.0284 0.0283972
2.625 3.0284 0.0283972
2.67188 3.02506 0.0250615
2.67188 3.02506 0.0250615
2.71875 3.02174 0.0217386
2.71875 3.02174 0.0217386
2.76562 3.0185 0.0185039
2.76562 3.0185 0.0185039
2.8125 3.01547 0.01547
2.8125 3.01547 0.01547
2.85938 3.01279 0.0127867
2.85938 3.01279 0.0127867
2.90625 3.01063 0.010629
2.90625 3.01063 0.010629
2.95312 3.00917 0.00916897
2.95312 3.00917 0.00916897
3 3.00854 0.00853927
