# x y topography
0 3.00812 0.00812099
0.046875 3.00878 0.00878023
0.046875 3.00878 0.00878023
0.09375 3.01031 0.0103057
0.09375 3.01031 0.0103057
0.140625 3.01255 0.0125474
0.140625 3.01255 0.0125474
0.1875 3.01531 0.0153143
0.1875 3.01531 0.0153143
0.234375 3.01842 0.0184181
0.234375 3.01842 0.0184181
0.28125 3.0217 0.0217035
0.28125 3.0217 0.0217035
0.328125 3.02506 0.0250594
0.328125 3.02506 0.0250594
0.375 3.02841 0.0284148
0.375 3.02841 0.0284148
0.421875 3.03173 0.0317281
0.421875 3.03173 0.0317281
0.46875 3.03498 0.0349754
0.46875 3.03498 0.0349754
0.515625 3.03814 0.0381421
0.515625 3.03814 0.0381421
0.5625 3.04122 0.0412181
0.5625 3.04122 0.0412181
0.609375 3.0442 0.0441952
0.609375 3.0442 0.0441952
0.65625 3.04707 0.0470659
0.65625 3.04707 0.0470659
0.703125 3.04982 0.0498232
0.703125 3.04982 0.0498232
0.75 3.05246 0.0524606
0.75 3.05246 0.0524606
0.796875 3.05497 0.0549715
0.796875 3.05497 0.0549715
0.84375 3.05735 0.05735
0.84375 3.05735 0.05735
0.890625 3.05959 0.0595903
0.890625 3.05959 0.0595903
0.9375 3.06169 0.0616871
0.9375 3.06169 0.0616871
0.984375 3.06364 0.0636353
0.984375 3.06364 0.0636353
1.03125 3.06543 0.0654301
1.03125 3.06543 0.0654301
1.07812 3.06707 0.0670674
1.07812 3.06707 0.0670674
1.125 3.06854 0.068543
1.125 3.06854 0.068543
1.17188 3.06985 0.0698536
1.17188 3.06985 0.0698536
1.21875 3.071 0.0709958
1.21875 3.071 0.0709958
1.26562 3.07197 0.071967
1.26562 3.07197 0.071967
1.3125 3.07276 0.0727649
1.3125 3.07276 0.0727649
1.35938 3.07339 0.0733874
1.35938 3.07339 0.0733874
1.40625 3.07383 0.0738332
1.40625 3.07383 0.0738332
1.45312 3.0741 0.0741011
1.45312 3.0741 0.0741011
1.5 3.07419 0.0741904
1.5 3.07419 0.0741904
1.54688 3.0741 0.0741011
1.54688 3.0741 0.0741011
1.59375 3.07383 0.0738332
1.59375 3.07383 0.0738332
1.64062 3.07339 0.0733874
1.64062 3.07339 0.0733874
1.6875 3.07276 0.0727649
1.6875 3.07276 0.0727649
1.73438 3.07197 0.071967
1.73438 3.07197 0.071967
1.78125 3.071 0.0709958
1.78125 3.071 0.0709958
1.82812 3.06985 0.0698536
1.82812 3.06985 0.0698536
1.875 3.06854 0.068543
1.875 3.06854 0.068543
1.92188 3.06707 0.0670674
1.92188 3.06707 0.0670674
1.96875 3.06543 0.0654301
1.96875 3.06543 0.0654301
2.01562 3.06364 0.0636353
2.01562 3.06364 0.0636353
2.0625 3.06169 0.0616871
2.0625 3.06169 0.0616871
2.10938 3.05959 0.0595903
2.10938 3.05959 0.0595903
2.15625 3.05735 0.05735
2.15625 3.05735 0.05735
2.20312 3.05497 0.0549715
2.20312 3.05497 0.0549715
2.25 3.05246 0.0524606
2.25 3.05246 0.0524606
2.29688 3.04982 0.0498232
2.29688 3.04982 0.0498232
2.34375 3.04707 0.0470659
2.34375 3.04707 0.0470659
2.39062 3.0442 0.0441952
2.39062 3.0442 0.0441952
2.4375 3.04122 0.0412181
2.4375 3.04122 0.0412181
2.48438 3.03814 0.0381421
2.48438 3.03814 0.0381421
2.53125 3.03498 0.0349754
2.53125 3.03498 0.0349754
2.57812 3.03173 0.0317281
2.57812 3.03173 0.0317281
2.625 3.02841 0.0284148
2.625 3.02841 0.0284148
2.67188 3.02506 0.0250594
2.67188 3.02506 0.0250594
2.71875 3.0217 0.0217035
2.71875 3.0217 0.0217035
2.76562 3.01842 0.0184181
2.76562 3.01842 0.0184181
2.8125 3.01531 0.0153143
2.8125 3.01531 0.0153143
2.85938 3.01255 0.0125474
2.85938 3.01255 0.0125474
2.90625 3.01031 0.0103057
2.90625 3.01031 0.0103057
2.95312 3.00878 0.00878023
2.95312 3.00878 0.00878023
3 3.00812 0.00812099
