# x y topography
0 3.00828 0.00828029
0.046875 3.00893 0.00892797
0.046875 3.00893 0.00892797
0.09375 3.01043 0.0104279
0.09375 3.01043 0.0104279
0.140625 3.01264 0.0126371
0.140625 3.01264 0.0126371
0.1875 3.01537 0.0153719
0.1875 3.01537 0.0153719
0.234375 3.01845 0.0184492
0.234375 3.01845 0.0184492
0.28125 3.02172 0.0217157
0.28125 3.02172 0.0217157
0.328125 3.02506 0.0250595
0.328125 3.02506 0.0250595
0.375 3.02841 0.0284078
0.375 3.02841 0.0284078
0.421875 3.03172 0.031717
0.421875 3.03172 0.031717
0.46875 3.03496 0.0349618
0.46875 3.03496 0.0349618
0.515625 3.03813 0.0381268
0.515625 3.03813 0.0381268
0.5625 3.0412 0.0412014
0.5625 3.0412 0.0412014
0.609375 3.04418 0.0441773
0.609375 3.04418 0.0441773
0.65625 3.04705 0.0470468
0.65625 3.04705 0.0470468
0.703125 3.0498 0.049803
0.703125 3.0498 0.049803
0.75 3.05244 0.0524392
0.75 3.05244 0.0524392
0.796875 3.05495 0.0549491
0.796875 3.05495 0.0549491
0.84375 3.05733 0.0573266
0.84375 3.05733 0.0573266
0.890625 3.05957 0.0595661
0.890625 3.05957 0.0595661
0.9375 3.06166 0.061662
0.9375 3.06166 0.061662
0.984375 3.06361 0.0636094
0.984375 3.06361 0.0636094
1.03125 3.0654 0.0654035
1.03125 3.0654 0.0654035
1.07812 3.06704 0.0670401
1.07812 3.06704 0.0670401
1.125 3.06852 0.0685151
1.125 3.06852 0.0685151
1.17188 3.06983 0.0698251
1.17188 3.06983 0.0698251
1.21875 3.07097 0.0709669
1.21875 3.07097 0.0709669
1.26562 3.07194 0.0719378
1.26562 3.07194 0.0719378
1.3125 3.07274 0.0727353
1.3125 3.07274 0.0727353
1.35938 3.07336 0.0733576
1.35938 3.07336 0.0733576
1.40625 3.0738 0.0738031
1.40625 3.0738 0.0738031
1.45312 3.07407 0.0740709
1.45312 3.07407 0.0740709
1.5 3.07416 0.0741602
1.5 3.07416 0.0741602
1.54688 3.07407 0.0740709
1.54688 3.07407 0.0740709
1.59375 3.0738 0.0738031
1.59375 3.0738 0.0738031
1.64062 3.07336 0.0733576
1.64062 3.07336 0.0733576
1.6875 3.07274 0.0727353
1.6875 3.07274 0.0727353
1.73438 3.07194 0.0719378
1.73438 3.07194 0.0719378
1.78125 3.07097 0.0709669
1.78125 3.07097 0.0709669
1.82812 3.06983 0.0698251
1.82812 3.06983 0.0698251
1.875 3.06852 0.0685151
1.875 3.06852 0.0685151
1.92188 3.06704 0.0670401
1.92188 3.06704 0.0670401
1.96875 3.0654 0.0654035
1.96875 3.0654 0.0654035
2.01562 3.06361 0.0636094
2.01562 3.06361 0.0636094
2.0625 3.06166 0.061662
2.0625 3.06166 0.061662
2.10938 3.05957 0.0595661
2.10938 3.05957 0.0595661
2.15625 3.05733 0.0573266
2.15625 3.05733 0.0573266
2.20312 3.05495 0.0549491
2.20312 3.05495 0.0549491
2.25 3.05244 0.0524392
2.25 3.05244 0.0524392
2.29688 3.0498 0.049803
2.29688 3.0498 0.049803
2.34375 3.04705 0.0470468
2.34375 3.04705 0.0470468
2.39062 3.04418 0.0441773
2.39062 3.04418 0.0441773
2.4375 3.0412 0.0412014
2.4375 3.0412 0.0412014
2.48438 3.03813 0.0381268
2.48438 3.03813 0.0381268
2.53125 3.03496 0.0349618
2.53125 3.03496 0.0349618
2.57812 3.03172 0.031717
2.57812 3.03172 0.031717
2.625 3.02841 0.0284078
2.625 3.02841 0.0284078
2.67188 3.02506 0.0250595
2.67188 3.02506 0.0250595
2.71875 3.02172 0.0217157
2.71875 3.02172 0.0217157
2.76562 3.01845 0.0184492
2.76562 3.01845 0.0184492
2.8125 3.01537 0.0153719
2.8125 3.01537 0.0153719
2.85938 3.01264 0.0126371
2.85938 3.01264 0.0126371
2.90625 3.01043 0.0104279
2.90625 3.01043 0.0104279
2.95312 3.00893 0.00892797
2.95312 3.00893 0.00892797
3 3.00828 0.00828029
