# x y topography
0 3.01201 0.0120055
0.046875 3.01246 0.012462
0.046875 3.01246 0.012462
0.09375 3.01352 0.0135242
0.09375 3.01352 0.0135242
0.140625 3.01514 0.0151373
0.140625 3.01514 0.0151373
0.1875 3.01722 0.0172228
0.1875 3.01722 0.0172228
0.234375 3.01969 0.0196885
0.234375 3.01969 0.0196885
0.28125 3.02244 0.0224386
0.28125 3.02244 0.0224386
0.328125 3.02538 0.0253828
0.328125 3.02538 0.0253828
0.375 3.02844 0.0284422
0.375 3.02844 0.0284422
0.421875 3.03155 0.0315522
0.421875 3.03155 0.0315522
0.46875 3.03466 0.0346625
0.46875 3.03466 0.0346625
0.515625 3.03774 0.0377359
0.515625 3.03774 0.0377359
0.5625 3.04075 0.0407454
0.5625 3.04075 0.0407454
0.609375 3.04367 0.0436716
0.609375 3.04367 0.0436716
0.65625 3.0465 0.0465004
0.65625 3.0465 0.0465004
0.703125 3.04922 0.0492211
0.703125 3.04922 0.0492211
0.75 3.05182 0.051825
0.75 3.05182 0.051825
0.796875 3.0543 0.0543048
0.796875 3.0543 0.0543048
0.84375 3.05665 0.0566542
0.84375 3.05665 0.0566542
0.890625 3.05887 0.0588673
0.890625 3.05887 0.0588673
0.9375 3.06094 0.0609386
0.9375 3.06094 0.0609386
0.984375 3.06286 0.0628631
0.984375 3.06286 0.0628631
1.03125 3.06464 0.0646362
1.03125 3.06464 0.0646362
1.07812 3.06625 0.0662536
1.07812 3.06625 0.0662536
1.125 3.06771 0.0677113
1.125 3.06771 0.0677113
1.17188 3.06901 0.069006
1.17188 3.06901 0.069006
1.21875 3.07013 0.0701344
1.21875 3.07013 0.0701344
1.26562 3.07109 0.0710938
1.26562 3.07109 0.0710938
1.3125 3.07188 0.071882
1.3125 3.07188 0.071882
1.35938 3.0725 0.072497
1.35938 3.0725 0.072497
1.40625 3.07294 0.0729373
1.40625 3.07294 0.0729373
1.45312 3.0732 0.0732019
1.45312 3.0732 0.0732019
1.5 3.07329 0.0732902
1.5 3.07329 0.0732902
1.54688 3.0732 0.0732019
1.54688 3.0732 0.0732019
1.59375 3.07294 0.0729373
1.59375 3.07294 0.0729373
1.64062 3.0725 0.072497
1.64062 3.0725 0.072497
1.6875 3.07188 0.071882
1.6875 3.07188 0.071882
1.73438 3.07109 0.0710938
1.73438 3.07109 0.0710938
1.78125 3.07013 0.0701344
1.78125 3.07013 0.0701344
1.82812 3.06901 0.069006
1.82812 3.06901 0.069006
1.875 3.06771 0.0677113
1.875 3.06771 0.0677113
1.92188 3.06625 0.0662536
1.92188 3.06625 0.0662536
1.96875 3.06464 0.0646362
1.96875 3.06464 0.0646362
2.01562 3.06286 0.0628631
2.01562 3.06286 0.0628631
2.0625 3.06094 0.0609386
2.0625 3.06094 0.0609386
2.10938 3.05887 0.0588673
2.10938 3.05887 0.0588673
2.15625 3.05665 0.0566542
2.15625 3.05665 0.0566542
2.20312 3.0543 0.0543048
2.20312 3.0543 0.0543048
2.25 3.05182 0.051825
2.25 3.05182 0.051825
2.29688 3.04922 0.0492211
2.29688 3.04922 0.0492211
2.34375 3.0465 0.0465004
2.34375 3.0465 0.0465004
2.39062 3.04367 0.0436716
2.39062 3.04367 0.0436716
2.4375 3.04075 0.0407454
2.4375 3.04075 0.0407454
2.48438 3.03774 0.0377359
2.48438 3.03774 0.0377359
2.53125 3.03466 0.0346625
2.53125 3.03466 0.0346625
2.57812 3.03155 0.0315522
2.57812 3.03155 0.0315522
2.625 3.02844 0.0284422
2.625 3.02844 0.0284422
2.67188 3.02538 0.0253828
2.67188 3.02538 0.0253828
2.71875 3.02244 0.0224386
2.71875 3.02244 0.0224386
2.76562 3.01969 0.0196885
2.76562 3.01969 0.0196885
2.8125 3.01722 0.0172228
2.8125 3.01722 0.0172228
2.85938 3.01514 0.0151373
2.85938 3.01514 0.0151373
2.90625 3.01352 0.0135242
2.90625 3.01352 0.0135242
2.95312 3.01246 0.012462
2.95312 3.01246 0.012462
3 3.01201 0.0120055
