# x y topography
0 3.00665 0.00665095
0.046875 3.00744 0.00743913
0.046875 3.00744 0.00743913
0.09375 3.00924 0.00924118
0.09375 3.00924 0.00924118
0.140625 3.01182 0.0118163
0.140625 3.01182 0.0118163
0.1875 3.01489 0.0148876
0.1875 3.01489 0.0148876
0.234375 3.01822 0.0182196
0.234375 3.01822 0.0182196
0.28125 3.02165 0.0216513
0.28125 3.02165 0.0216513
0.328125 3.02509 0.0250906
0.328125 3.02509 0.0250906
0.375 3.02849 0.0284907
0.375 3.02849 0.0284907
0.421875 3.03183 0.0318289
0.421875 3.03183 0.0318289
0.46875 3.03509 0.0350921
0.46875 3.03509 0.0350921
0.515625 3.03827 0.0382711
0.515625 3.03827 0.0382711
0.5625 3.04136 0.041358
0.5625 3.04136 0.041358
0.609375 3.04435 0.0443453
0.609375 3.04435 0.0443453
0.65625 3.04723 0.0472258
0.65625 3.04723 0.0472258
0.703125 3.04999 0.0499925
0.703125 3.04999 0.0499925
0.75 3.05264 0.0526388
0.75 3.05264 0.0526388
0.796875 3.05516 0.0551582
0.796875 3.05516 0.0551582
0.84375 3.05754 0.0575448
0.84375 3.05754 0.0575448
0.890625 3.05979 0.0597927
0.890625 3.05979 0.0597927
0.9375 3.0619 0.0618966
0.9375 3.0619 0.0618966
0.984375 3.06385 0.0638514
0.984375 3.06385 0.0638514
1.03125 3.06565 0.0656524
1.03125 3.06565 0.0656524
1.07812 3.0673 0.0672952
1.07812 3.0673 0.0672952
1.125 3.06878 0.0687759
1.125 3.06878 0.0687759
1.17188 3.07009 0.0700909
1.17188 3.07009 0.0700909
1.21875 3.07124 0.071237
1.21875 3.07124 0.071237
1.26562 3.07221 0.0722115
1.26562 3.07221 0.0722115
1.3125 3.07301 0.0730121
1.3125 3.07301 0.0730121
1.35938 3.07364 0.0736367
1.35938 3.07364 0.0736367
1.40625 3.07408 0.074084
1.40625 3.07408 0.074084
1.45312 3.07435 0.0743528
1.45312 3.07435 0.0743528
1.5 3.07444 0.0744425
1.5 3.07444 0.0744425
1.54688 3.07435 0.0743528
1.54688 3.07435 0.0743528
1.59375 3.07408 0.074084
1.59375 3.07408 0.074084
1.64062 3.07364 0.0736367
1.64062 3.07364 0.0736367
1.6875 3.07301 0.0730121
1.6875 3.07301 0.0730121
1.73438 3.07221 0.0722115
1.73438 3.07221 0.0722115
1.78125 3.07124 0.071237
1.78125 3.07124 0.071237
1.82812 3.07009 0.0700909
1.82812 3.07009 0.0700909
1.875 3.06878 0.0687759
1.875 3.06878 0.0687759
1.92188 3.0673 0.0672952
1.92188 3.0673 0.0672952
1.96875 3.06565 0.0656524
1.96875 3.06565 0.0656524
2.01562 3.06385 0.0638514
2.01562 3.06385 0.0638514
2.0625 3.0619 0.0618966
2.0625 3.0619 0.0618966
2.10938 3.05979 0.0597927
2.10938 3.05979 0.0597927
2.15625 3.05754 0.0575448
2.15625 3.05754 0.0575448
2.20312 3.05516 0.0551582
2.20312 3.05516 0.0551582
2.25 3.05264 0.0526388
2.25 3.05264 0.0526388
2.29688 3.04999 0.0499925
2.29688 3.04999 0.0499925
2.34375 3.04723 0.0472258
2.34375 3.04723 0.0472258
2.39062 3.04435 0.0443453
2.39062 3.04435 0.0443453
2.4375 3.04136 0.041358
2.4375 3.04136 0.041358
2.48438 3.03827 0.0382711
2.48438 3.03827 0.0382711
2.53125 3.03509 0.0350921
2.53125 3.03509 0.0350921
2.57812 3.03183 0.0318289
2.57812 3.03183 0.0318289
2.625 3.02849 0.0284907
2.625 3.02849 0.0284907
2.67188 3.02509 0.0250906
2.67188 3.02509 0.0250906
2.71875 3.02165 0.0216513
2.71875 3.02165 0.0216513
2.76562 3.01822 0.0182196
2.76562 3.01822 0.0182196
2.8125 3.01489 0.0148876
2.8125 3.01489 0.0148876
2.85938 3.01182 0.0118163
2.85938 3.01182 0.0118163
2.90625 3.00924 0.00924118
2.90625 3.00924 0.00924118
2.95312 3.00744 0.00743913
2.95312 3.00744 0.00743913
3 3.00665 0.00665095
