# x y topography
0 3.00721 0.00721358
0.046875 3.00795 0.00794705
0.046875 3.00795 0.00794705
0.09375 3.00963 0.00963369
0.09375 3.00963 0.00963369
0.140625 3.01207 0.012074
0.140625 3.01207 0.012074
0.1875 3.01503 0.0150278
0.1875 3.01503 0.0150278
0.234375 3.01828 0.0182771
0.234375 3.01828 0.0182771
0.28125 3.02166 0.0216596
0.28125 3.02166 0.0216596
0.328125 3.02507 0.0250731
0.328125 3.02507 0.0250731
0.375 3.02846 0.0284603
0.375 3.02846 0.0284603
0.421875 3.03179 0.0317913
0.421875 3.03179 0.0317913
0.46875 3.03505 0.0350495
0.46875 3.03505 0.0350495
0.515625 3.03822 0.0382245
0.515625 3.03822 0.0382245
0.5625 3.04131 0.0413076
0.5625 3.04131 0.0413076
0.609375 3.04429 0.0442912
0.609375 3.04429 0.0442912
0.65625 3.04717 0.0471682
0.65625 3.04717 0.0471682
0.703125 3.04993 0.0499315
0.703125 3.04993 0.0499315
0.75 3.05257 0.0525745
0.75 3.05257 0.0525745
0.796875 3.05509 0.0550909
0.796875 3.05509 0.0550909
0.84375 3.05747 0.0574746
0.84375 3.05747 0.0574746
0.890625 3.05972 0.0597198
0.890625 3.05972 0.0597198
0.9375 3.06182 0.0618211
0.9375 3.06182 0.0618211
0.984375 3.06377 0.0637735
0.984375 3.06377 0.0637735
1.03125 3.06557 0.0655723
1.03125 3.06557 0.0655723
1.07812 3.06721 0.0672131
1.07812 3.06721 0.0672131
1.125 3.06869 0.068692
1.125 3.06869 0.068692
1.17188 3.07001 0.0700053
1.17188 3.07001 0.0700053
1.21875 3.07115 0.0711501
1.21875 3.07115 0.0711501
1.26562 3.07212 0.0721234
1.26562 3.07212 0.0721234
1.3125 3.07292 0.072923
1.3125 3.07292 0.072923
1.35938 3.07355 0.0735469
1.35938 3.07355 0.0735469
1.40625 3.07399 0.0739936
1.40625 3.07399 0.0739936
1.45312 3.07426 0.0742621
1.45312 3.07426 0.0742621
1.5 3.07435 0.0743516
1.5 3.07435 0.0743516
1.54688 3.07426 0.0742621
1.54688 3.07426 0.0742621
1.59375 3.07399 0.0739936
1.59375 3.07399 0.0739936
1.64062 3.07355 0.0735469
1.64062 3.07355 0.0735469
1.6875 3.07292 0.072923
1.6875 3.07292 0.072923
1.73438 3.07212 0.0721234
1.73438 3.07212 0.0721234
1.78125 3.07115 0.0711501
1.78125 3.07115 0.0711501
1.82812 3.07001 0.0700053
1.82812 3.07001 0.0700053
1.875 3.06869 0.068692
1.875 3.06869 0.068692
1.92188 3.06721 0.0672131
1.92188 3.06721 0.0672131
1.96875 3.06557 0.0655723
1.96875 3.06557 0.0655723
2.01562 3.06377 0.0637735
2.01562 3.06377 0.0637735
2.0625 3.06182 0.0618211
2.0625 3.06182 0.0618211
2.10938 3.05972 0.0597198
2.10938 3.05972 0.0597198
2.15625 3.05747 0.0574746
2.15625 3.05747 0.0574746
2.20312 3.05509 0.0550909
2.20312 3.05509 0.0550909
2.25 3.05257 0.0525745
2.25 3.05257 0.0525745
2.29688 3.04993 0.0499315
2.29688 3.04993 0.0499315
2.34375 3.04717 0.0471682
2.34375 3.04717 0.0471682
2.39062 3.04429 0.0442912
2.39062 3.04429 0.0442912
2.4375 3.04131 0.0413076
2.4375 3.04131 0.0413076
2.48438 3.03822 0.0382245
2.48438 3.03822 0.0382245
2.53125 3.03505 0.0350495
2.53125 3.03505 0.0350495
2.57812 3.03179 0.0317913
2.57812 3.03179 0.0317913
2.625 3.02846 0.0284603
2.625 3.02846 0.0284603
2.67188 3.02507 0.0250731
2.67188 3.02507 0.0250731
2.71875 3.02166 0.0216596
2.71875 3.02166 0.0216596
2.76562 3.01828 0.0182771
2.76562 3.01828 0.0182771
2.8125 3.01503 0.0150278
2.8125 3.01503 0.0150278
2.85938 3.01207 0.012074
2.85938 3.01207 0.012074
2.90625 3.00963 0.00963369
2.90625 3.00963 0.00963369
2.95312 3.00795 0.00794705
2.95312 3.00795 0.00794705
3 3.00721 0.00721358
