# x y z topography
0 0 100.001 0.000548814
90 0 100.001 0.000715189
0 190 100.001 0.000978618
90 190 100.001 0.000799159
90 0 100.001 0.000715189
180 0 100.001 0.000602763
90 190 100.001 0.000799159
180 190 100 0.000461479
0 190 100.001 0.000978618
90 190 100.001 0.000799159
0 380 100 0.000359508
90 380 100 0.000437032
90 190 100.001 0.000799159
180 190 100 0.000461479
90 380 100 0.000437032
180 380 100.001 0.000697631
180 0 100.001 0.000602763
270 0 100.001 0.000544883
180 190 100 0.000461479
270 190 100.001 0.000780529
270 0 100.001 0.000544883
360 0 100 0.000423655
270 190 100.001 0.000780529
360 190 100 0.000118274
180 190 100 0.000461479
270 190 100.001 0.000780529
180 380 100.001 0.000697631
270 380 100 6.02255e-05
270 190 100.001 0.000780529
360 190 100 0.000118274
270 380 100 6.02255e-05
360 380 100.001 0.000666767
0 380 100 0.000359508
90 380 100 0.000437032
0 570 100 0.00015897
90 570 100 0.000110375
90 380 100 0.000437032
180 380 100.001 0.000697631
90 570 100 0.000110375
180 570 100.001 0.00065633
0 570 100 0.00015897
90 570 100 0.000110375
0 760 100 0.000317983
90 760 100 0.000414263
90 570 100 0.000110375
180 570 100.001 0.00065633
90 760 100 0.000414263
180 760 100 6.41475e-05
180 380 100.001 0.000697631
270 380 100 6.02255e-05
180 570 100.001 0.00065633
270 570 100 0.000138183
270 380 100 6.02255e-05
360 380 100.001 0.000666767
270 570 100 0.000138183
360 570 100 0.000196582
180 570 100.001 0.00065633
270 570 100 0.000138183
180 760 100 6.41475e-05
270 760 100.001 0.000692472
270 570 100 0.000138183
360 570 100 0.000196582
270 760 100.001 0.000692472
360 760 100.001 0.000566601
360 0 100 0.000423655
450 0 100 0.000423655
360 190 100 0.000118274
450 190 100 0.000118274
450 0 100 0.000423655
540 0 100.001 0.000645894
450 190 100 0.000118274
540 190 100.001 0.000639921
360 190 100 0.000118274
450 190 100 0.000118274
360 380 100.001 0.000666767
450 380 100.001 0.000666767
450 190 100 0.000118274
540 190 100.001 0.000639921
450 380 100.001 0.000666767
540 380 100.001 0.000670638
540 0 100.001 0.000645894
630 0 100 0.000437587
540 190 100.001 0.000639921
630 190 100 0.000143353
630 0 100 0.000437587
720 0 100.001 0.000891773
630 190 100 0.000143353
720 190 100.001 0.000944669
540 190 100.001 0.000639921
630 190 100 0.000143353
540 380 100.001 0.000670638
630 380 100 0.000210383
630 190 100 0.000143353
720 190 100.001 0.000944669
630 380 100 0.000210383
720 380 100 0.000128926
360 380 100.001 0.000666767
450 380 100.001 0.000666767
360 570 100 0.000196582
450 570 100 0.000196582
450 380 100.001 0.000666767
540 380 100.001 0.000670638
450 570 100 0.000196582
540 570 100 0.000368725
360 570 100 0.000196582
450 570 100 0.000196582
360 760 100.001 0.000566601
450 760 100.001 0.000566601
450 570 100 0.000196582
540 570 100 0.000368725
450 760 100.001 0.000566601
540 760 100 0.000265389
540 380 100.001 0.000670638
630 380 100 0.000210383
540 570 100 0.000368725
630 570 100.001 0.000820993
630 380 100 0.000210383
720 380 100 0.000128926
630 570 100.001 0.000820993
720 570 100 9.71013e-05
540 570 100 0.000368725
630 570 100.001 0.000820993
540 760 100 0.000265389
630 760 100.001 0.000523248
630 570 100.001 0.000820993
720 570 100 9.71013e-05
630 760 100.001 0.000523248
720 760 100 9.39405e-05
0 760 100 0.000317983
90 760 100 0.000414263
0 950 100.001 0.000677817
90 950 100 0.000270008
90 760 100 0.000414263
180 760 100 6.41475e-05
90 950 100 0.000270008
180 950 100.001 0.000735194
0 950 100.001 0.000677817
90 950 100 0.000270008
0 1140 100 0.000447125
90 1140 100.001 0.000846409
90 950 100 0.000270008
180 950 100.001 0.000735194
90 1140 100.001 0.000846409
180 1140 100.001 0.000699479
180 760 100 6.41475e-05
270 760 100.001 0.000692472
180 950 100.001 0.000735194
270 950 100.001 0.000962189
270 760 100.001 0.000692472
360 760 100.001 0.000566601
270 950 100.001 0.000962189
360 950 100 0.000248753
180 950 100.001 0.000735194
270 950 100.001 0.000962189
180 1140 100.001 0.000699479
270 1140 100 0.000297437
270 950 100.001 0.000962189
360 950 100 0.000248753
270 1140 100 0.000297437
360 1140 100.001 0.000813798
0 1140 100 0.000447125
90 1140 100.001 0.000846409
0 1330 100.001 0.000618015
90 1330 100 0.000428769
90 1140 100.001 0.000846409
180 1140 100.001 0.000699479
90 1330 100 0.000428769
180 1330 100 0.000135474
0 1330 100.001 0.000618015
90 1330 100 0.000428769
0 1520 100 0.000149448
90 1520 100.001 0.000868126
90 1330 100 0.000428769
180 1330 100 0.000135474
90 1520 100.001 0.000868126
180 1520 100 0.000162493
180 1140 100.001 0.000699479
270 1140 100 0.000297437
180 1330 100 0.000135474
270 1330 100 0.000298282
270 1140 100 0.000297437
360 1140 100.001 0.000813798
270 1330 100 0.000298282
360 1330 100.001 0.000569965
180 1330 100 0.000135474
270 1330 100 0.000298282
180 1520 100 0.000162493
270 1520 100.001 0.00061556
270 1330 100 0.000298282
360 1330 100.001 0.000569965
270 1520 100.001 0.00061556
360 1520 100 0.00012382
360 760 100.001 0.000566601
450 760 100.001 0.000566601
360 950 100 0.000248753
450 950 100 0.000289406
450 760 100.001 0.000566601
540 760 100 0.000265389
450 950 100 0.000289406
540 950 100 0.000183191
360 950 100 0.000248753
450 950 100 0.000289406
360 1140 100.001 0.000813798
450 1140 100.001 0.000813798
450 950 100 0.000289406
540 950 100 0.000183191
450 1140 100.001 0.000813798
540 1140 100 0.000396506
540 760 100 0.000265389
630 760 100.001 0.000523248
540 950 100 0.000183191
630 950 100.001 0.000592042
630 760 100.001 0.000523248
720 760 100 9.39405e-05
630 950 100.001 0.000592042
720 950 100.001 0.000572252
540 950 100 0.000183191
630 950 100.001 0.000592042
540 1140 100 0.000396506
630 1140 100.001 0.000881103
630 950 100.001 0.000592042
720 950 100.001 0.000572252
630 1140 100.001 0.000881103
720 1140 100.001 0.000581273
360 1140 100.001 0.000813798
450 1140 100.001 0.000813798
360 1330 100.001 0.000569965
450 1330 100.001 0.000569965
450 1140 100.001 0.000813798
540 1140 100 0.000396506
450 1330 100.001 0.000569965
540 1330 100.001 0.000590873
360 1330 100.001 0.000569965
450 1330 100.001 0.000569965
360 1520 100 0.00012382
450 1520 100 0.00012382
450 1330 100.001 0.000569965
540 1330 100.001 0.000590873
450 1520 100 0.00012382
540 1520 100.001 0.000848008
540 1140 100 0.000396506
630 1140 100.001 0.000881103
540 1330 100.001 0.000590873
630 1330 100.001 0.000574325
630 1140 100.001 0.000881103
720 1140 100.001 0.000581273
630 1330 100.001 0.000574325
720 1330 100.001 0.000653201
540 1330 100.001 0.000590873
630 1330 100.001 0.000574325
540 1520 100.001 0.000848008
630 1520 100.001 0.000807319
630 1330 100.001 0.000574325
720 1330 100.001 0.000653201
630 1520 100.001 0.000807319
720 1520 100.001 0.000569101
720 0 100.001 0.000891773
810 0 100.001 0.000963663
720 190 100.001 0.000944669
810 190 100.001 0.000521848
810 0 100.001 0.000963663
900 0 100 0.000383442
810 190 100.001 0.000521848
900 190 100 0.000414662
720 190 100.001 0.000944669
810 190 100.001 0.000521848
720 380 100 0.000128926
810 380 100 0.000315428
810 190 100.001 0.000521848
900 190 100 0.000414662
810 380 100 0.000315428
900 380 100 0.000363711
720 380 100 0.000128926
810 380 100 0.000315428
720 570 100 9.71013e-05
810 570 100.001 0.000837945
810 380 100 0.000315428
900 380 100 0.000363711
810 570 100.001 0.000837945
900 570 100 9.60984e-05
720 570 100 9.71013e-05
810 570 100.001 0.000837945
720 760 100 9.39405e-05
810 760 100.001 0.000575946
810 570 100.001 0.000837945
900 570 100 9.60984e-05
810 760 100.001 0.000575946
900 760 100.001 0.000929296
720 760 100 9.39405e-05
810 760 100.001 0.000575946
720 950 100.001 0.000572252
810 950 100 0.000223082
810 760 100.001 0.000575946
900 760 100.001 0.000929296
810 950 100 0.000223082
900 950 100.001 0.000952749
720 950 100.001 0.000572252
810 950 100 0.000223082
720 1140 100.001 0.000581273
810 1140 100.001 0.000881735
810 950 100 0.000223082
900 950 100.001 0.000952749
810 1140 100.001 0.000881735
900 1140 100.001 0.000692532
720 1140 100.001 0.000581273
810 1140 100.001 0.000881735
720 1330 100.001 0.000653201
810 1330 100.001 0.000652103
810 1140 100.001 0.000881735
900 1140 100.001 0.000692532
810 1330 100.001 0.000652103
900 1330 100 0.000431418
720 1330 100.001 0.000653201
810 1330 100.001 0.000652103
720 1520 100.001 0.000569101
810 1520 100 0.000407183
810 1330 100.001 0.000652103
900 1330 100 0.000431418
810 1520 100 0.000407183
900 1520 100 6.9167e-05
0 1520 100 0.000149448
90 1520 100.001 0.000868126
0 1710 100.001 0.000521037
90 1710 100 5.4338e-05
90 1520 100.001 0.000868126
180 1520 100 0.000162493
90 1710 100 5.4338e-05
180 1710 100 0.000199997
0 1710 100.001 0.000521037
90 1710 100 5.4338e-05
0 1900 100 0.000398221
90 1900 100 0.000209844
90 1710 100 5.4338e-05
180 1710 100 0.000199997
90 1900 100 0.000209844
180 1900 100 0.000186193
180 1520 100 0.000162493
270 1520 100.001 0.00061556
180 1710 100 0.000199997
270 1710 100 1.85218e-05
270 1520 100.001 0.00061556
360 1520 100 0.00012382
270 1710 100 1.85218e-05
360 1710 100.001 0.000793698
180 1710 100 0.000199997
270 1710 100 1.85218e-05
180 1900 100 0.000186193
270 1900 100.001 0.000944372
270 1710 100 1.85218e-05
360 1710 100.001 0.000793698
270 1900 100.001 0.000944372
360 1900 100.001 0.000739551
360 1520 100 0.00012382
450 1520 100 0.00012382
360 1710 100.001 0.000793698
450 1710 100.001 0.000793698
450 1520 100 0.00012382
540 1520 100.001 0.000848008
450 1710 100.001 0.000793698
540 1710 100 0.000223925
360 1710 100.001 0.000793698
450 1710 100.001 0.000793698
360 1900 100.001 0.000739551
450 1900 100.001 0.000739551
450 1710 100.001 0.000793698
540 1710 100 0.000223925
450 1900 100.001 0.000739551
540 1900 100 0.000490459
540 1520 100.001 0.000848008
630 1520 100.001 0.000807319
540 1710 100 0.000223925
630 1710 100 0.000345352
630 1520 100.001 0.000807319
720 1520 100.001 0.000569101
630 1710 100 0.000345352
720 1710 100.001 0.000928081
540 1710 100 0.000223925
630 1710 100 0.000345352
540 1900 100 0.000490459
630 1900 100 0.000227415
630 1710 100 0.000345352
720 1710 100.001 0.000928081
630 1900 100 0.000227415
720 1900 100 0.000254356
720 1520 100.001 0.000569101
810 1520 100 0.000407183
720 1710 100.001 0.000928081
810 1710 100.001 0.000704414
810 1520 100 0.000407183
900 1520 100 6.9167e-05
810 1710 100.001 0.000704414
900 1710 100 3.18389e-05
720 1710 100.001 0.000928081
810 1710 100.001 0.000704414
720 1900 100 0.000254356
810 1900 100 5.80292e-05
810 1710 100.001 0.000704414
900 1710 100 3.18389e-05
810 1900 100 5.80292e-05
900 1900 100 0.000434417
