# x y topography
0 1.03019 0.0301901
0.015625 1.03045 0.0304532
0.015625 1.03045 0.0304532
0.03125 1.03087 0.0308673
0.03125 1.03087 0.0308673
0.046875 1.03143 0.0314289
0.046875 1.03143 0.0314289
0.0625 1.03213 0.0321322
0.0625 1.03213 0.0321322
0.078125 1.03297 0.0329703
0.078125 1.03297 0.0329703
0.09375 1.03393 0.0339344
0.09375 1.03393 0.0339344
0.109375 1.03501 0.0350147
0.109375 1.03501 0.0350147
0.125 1.0362 0.0362
0.125 1.0362 0.0362
0.140625 1.03748 0.0374781
0.140625 1.03748 0.0374781
0.15625 1.03884 0.038836
0.15625 1.03884 0.038836
0.171875 1.04026 0.0402601
0.171875 1.04026 0.0402601
0.1875 1.04174 0.0417363
0.1875 1.04174 0.0417363
0.203125 1.04325 0.0432501
0.203125 1.04325 0.0432501
0.21875 1.04479 0.044787
0.21875 1.04479 0.044787
0.234375 1.04633 0.0463326
0.234375 1.04633 0.0463326
0.25 1.04787 0.0478728
0.25 1.04787 0.0478728
0.265625 1.04939 0.0493936
0.265625 1.04939 0.0493936
0.28125 1.05088 0.0508817
0.28125 1.05088 0.0508817
0.296875 1.05232 0.0523244
0.296875 1.05232 0.0523244
0.3125 1.05371 0.0537096
0.3125 1.05371 0.0537096
0.328125 1.05503 0.055026
0.328125 1.05503 0.055026
0.34375 1.05626 0.0562632
0.34375 1.05626 0.0562632
0.359375 1.05741 0.0574115
0.359375 1.05741 0.0574115
0.375 1.05846 0.0584623
0.375 1.05846 0.0584623
0.390625 1.05941 0.0594077
0.390625 1.05941 0.0594077
0.40625 1.06024 0.0602408
0.40625 1.06024 0.0602408
0.421875 1.06096 0.0609558
0.421875 1.06096 0.0609558
0.4375 1.06155 0.0615475
0.4375 1.06155 0.0615475
0.453125 1.06201 0.062012
0.453125 1.06201 0.062012
0.46875 1.06235 0.062346
0.46875 1.06235 0.062346
0.484375 1.06255 0.0625473
0.484375 1.06255 0.0625473
0.5 1.06261 0.0626146
0.5 1.06261 0.0626146
0.515625 1.06255 0.0625473
0.515625 1.06255 0.0625473
0.53125 1.06235 0.062346
0.53125 1.06235 0.062346
0.546875 1.06201 0.062012
0.546875 1.06201 0.062012
0.5625 1.06155 0.0615475
0.5625 1.06155 0.0615475
0.578125 1.06096 0.0609558
0.578125 1.06096 0.0609558
0.59375 1.06024 0.0602408
0.59375 1.06024 0.0602408
0.609375 1.05941 0.0594077
0.609375 1.05941 0.0594077
0.625 1.05846 0.0584623
0.625 1.05846 0.0584623
0.640625 1.05741 0.0574115
0.640625 1.05741 0.0574115
0.65625 1.05626 0.0562632
0.65625 1.05626 0.0562632
0.671875 1.05503 0.055026
0.671875 1.05503 0.055026
0.6875 1.05371 0.0537096
0.6875 1.05371 0.0537096
0.703125 1.05232 0.0523244
0.703125 1.05232 0.0523244
0.71875 1.05088 0.0508817
0.71875 1.05088 0.0508817
0.734375 1.04939 0.0493936
0.734375 1.04939 0.0493936
0.75 1.04787 0.0478728
0.75 1.04787 0.0478728
0.765625 1.04633 0.0463326
0.765625 1.04633 0.0463326
0.78125 1.04479 0.044787
0.78125 1.04479 0.044787
0.796875 1.04325 0.0432501
0.796875 1.04325 0.0432501
0.8125 1.04174 0.0417363
0.8125 1.04174 0.0417363
0.828125 1.04026 0.0402601
0.828125 1.04026 0.0402601
0.84375 1.03884 0.038836
0.84375 1.03884 0.038836
0.859375 1.03748 0.0374781
0.859375 1.03748 0.0374781
0.875 1.0362 0.0362
0.875 1.0362 0.0362
0.890625 1.03501 0.0350147
0.890625 1.03501 0.0350147
0.90625 1.03393 0.0339344
0.90625 1.03393 0.0339344
0.921875 1.03297 0.0329703
0.921875 1.03297 0.0329703
0.9375 1.03213 0.0321322
0.9375 1.03213 0.0321322
0.953125 1.03143 0.0314289
0.953125 1.03143 0.0314289
0.96875 1.03087 0.0308673
0.96875 1.03087 0.0308673
0.984375 1.03045 0.0304532
0.984375 1.03045 0.0304532
1 1.03019 0.0301901
