# x y topography
0 1.0316 0.0316002
0.015625 1.03185 0.0318472
0.015625 1.03185 0.0318472
0.03125 1.03223 0.0322295
0.03125 1.03223 0.0322295
0.046875 1.03274 0.0327439
0.046875 1.03274 0.0327439
0.0625 1.03339 0.0333856
0.0625 1.03339 0.0333856
0.078125 1.03415 0.0341484
0.078125 1.03415 0.0341484
0.09375 1.03503 0.035025
0.09375 1.03503 0.035025
0.109375 1.03601 0.0360068
0.109375 1.03601 0.0360068
0.125 1.03708 0.0370841
0.125 1.03708 0.0370841
0.140625 1.03825 0.0382462
0.140625 1.03825 0.0382462
0.15625 1.03948 0.0394819
0.15625 1.03948 0.0394819
0.171875 1.04078 0.040779
0.171875 1.04078 0.040779
0.1875 1.04213 0.0421252
0.1875 1.04213 0.0421252
0.203125 1.04351 0.0435076
0.203125 1.04351 0.0435076
0.21875 1.04491 0.0449132
0.21875 1.04491 0.0449132
0.234375 1.04633 0.0463291
0.234375 1.04633 0.0463291
0.25 1.04774 0.0477422
0.25 1.04774 0.0477422
0.265625 1.04914 0.04914
0.265625 1.04914 0.04914
0.28125 1.05051 0.0505101
0.28125 1.05051 0.0505101
0.296875 1.05184 0.0518407
0.296875 1.05184 0.0518407
0.3125 1.05312 0.0531204
0.3125 1.05312 0.0531204
0.328125 1.05434 0.0543386
0.328125 1.05434 0.0543386
0.34375 1.05549 0.0554852
0.34375 1.05549 0.0554852
0.359375 1.05655 0.0565512
0.359375 1.05655 0.0565512
0.375 1.05753 0.0575279
0.375 1.05753 0.0575279
0.390625 1.05841 0.0584078
0.390625 1.05841 0.0584078
0.40625 1.05918 0.0591841
0.40625 1.05918 0.0591841
0.421875 1.05985 0.059851
0.421875 1.05985 0.059851
0.4375 1.0604 0.0604035
0.4375 1.0604 0.0604035
0.453125 1.06084 0.0608374
0.453125 1.06084 0.0608374
0.46875 1.06115 0.0611496
0.46875 1.06115 0.0611496
0.484375 1.06134 0.0613379
0.484375 1.06134 0.0613379
0.5 1.0614 0.0614008
0.5 1.0614 0.0614008
0.515625 1.06134 0.0613379
0.515625 1.06134 0.0613379
0.53125 1.06115 0.0611496
0.53125 1.06115 0.0611496
0.546875 1.06084 0.0608374
0.546875 1.06084 0.0608374
0.5625 1.0604 0.0604035
0.5625 1.0604 0.0604035
0.578125 1.05985 0.059851
0.578125 1.05985 0.059851
0.59375 1.05918 0.0591841
0.59375 1.05918 0.0591841
0.609375 1.05841 0.0584078
0.609375 1.05841 0.0584078
0.625 1.05753 0.0575279
0.625 1.05753 0.0575279
0.640625 1.05655 0.0565512
0.640625 1.05655 0.0565512
0.65625 1.05549 0.0554852
0.65625 1.05549 0.0554852
0.671875 1.05434 0.0543386
0.671875 1.05434 0.0543386
0.6875 1.05312 0.0531204
0.6875 1.05312 0.0531204
0.703125 1.05184 0.0518407
0.703125 1.05184 0.0518407
0.71875 1.05051 0.0505101
0.71875 1.05051 0.0505101
0.734375 1.04914 0.04914
0.734375 1.04914 0.04914
0.75 1.04774 0.0477422
0.75 1.04774 0.0477422
0.765625 1.04633 0.0463291
0.765625 1.04633 0.0463291
0.78125 1.04491 0.0449132
0.78125 1.04491 0.0449132
0.796875 1.04351 0.0435076
0.796875 1.04351 0.0435076
0.8125 1.04213 0.0421252
0.8125 1.04213 0.0421252
0.828125 1.04078 0.040779
0.828125 1.04078 0.040779
0.84375 1.03948 0.0394819
0.84375 1.03948 0.0394819
0.859375 1.03825 0.0382462
0.859375 1.03825 0.0382462
0.875 1.03708 0.0370841
0.875 1.03708 0.0370841
0.890625 1.03601 0.0360068
0.890625 1.03601 0.0360068
0.90625 1.03503 0.035025
0.90625 1.03503 0.035025
0.921875 1.03415 0.0341484
0.921875 1.03415 0.0341484
0.9375 1.03339 0.0333856
0.9375 1.03339 0.0333856
0.953125 1.03274 0.0327439
0.953125 1.03274 0.0327439
0.96875 1.03223 0.0322295
0.96875 1.03223 0.0322295
0.984375 1.03185 0.0318472
0.984375 1.03185 0.0318472
1 1.0316 0.0316002
