# x y topography
0 1.01579 0.0157861
0.015625 1.01631 0.0163072
0.015625 1.01631 0.0163072
0.03125 1.01723 0.0172272
0.03125 1.01723 0.0172272
0.046875 1.01852 0.0185223
0.046875 1.01852 0.0185223
0.0625 1.02016 0.020159
0.0625 1.02016 0.020159
0.078125 1.0221 0.0220966
0.078125 1.0221 0.0220966
0.09375 1.02429 0.0242891
0.09375 1.02429 0.0242891
0.109375 1.02669 0.0266881
0.109375 1.02669 0.0266881
0.125 1.02925 0.0292452
0.125 1.02925 0.0292452
0.140625 1.03191 0.0319139
0.140625 1.03191 0.0319139
0.15625 1.03465 0.0346511
0.15625 1.03465 0.0346511
0.171875 1.03742 0.0374181
0.171875 1.03742 0.0374181
0.1875 1.04018 0.0401812
0.1875 1.04018 0.0401812
0.203125 1.04291 0.0429115
0.203125 1.04291 0.0429115
0.21875 1.04558 0.0455848
0.21875 1.04558 0.0455848
0.234375 1.04818 0.0481811
0.234375 1.04818 0.0481811
0.25 1.05068 0.0506839
0.25 1.05068 0.0506839
0.265625 1.05308 0.05308
0.265625 1.05308 0.05308
0.28125 1.05536 0.0553584
0.28125 1.05536 0.0553584
0.296875 1.05751 0.0575098
0.296875 1.05751 0.0575098
0.3125 1.05953 0.0595269
0.3125 1.05953 0.0595269
0.328125 1.0614 0.061403
0.328125 1.0614 0.061403
0.34375 1.06313 0.0631328
0.34375 1.06313 0.0631328
0.359375 1.06471 0.0647113
0.359375 1.06471 0.0647113
0.375 1.06613 0.0661345
0.375 1.06613 0.0661345
0.390625 1.0674 0.0673986
0.390625 1.0674 0.0673986
0.40625 1.0685 0.0685005
0.40625 1.0685 0.0685005
0.421875 1.06944 0.0694375
0.421875 1.06944 0.0694375
0.4375 1.07021 0.0702073
0.4375 1.07021 0.0702073
0.453125 1.07081 0.0708079
0.453125 1.07081 0.0708079
0.46875 1.07124 0.071238
0.46875 1.07124 0.071238
0.484375 1.0715 0.0714965
0.484375 1.0715 0.0714965
0.5 1.07158 0.0715827
0.5 1.07158 0.0715827
0.515625 1.0715 0.0714965
0.515625 1.0715 0.0714965
0.53125 1.07124 0.071238
0.53125 1.07124 0.071238
0.546875 1.07081 0.0708079
0.546875 1.07081 0.0708079
0.5625 1.07021 0.0702073
0.5625 1.07021 0.0702073
0.578125 1.06944 0.0694375
0.578125 1.06944 0.0694375
0.59375 1.0685 0.0685005
0.59375 1.0685 0.0685005
0.609375 1.0674 0.0673986
0.609375 1.0674 0.0673986
0.625 1.06613 0.0661345
0.625 1.06613 0.0661345
0.640625 1.06471 0.0647113
0.640625 1.06471 0.0647113
0.65625 1.06313 0.0631328
0.65625 1.06313 0.0631328
0.671875 1.0614 0.061403
0.671875 1.0614 0.061403
0.6875 1.05953 0.0595269
0.6875 1.05953 0.0595269
0.703125 1.05751 0.0575098
0.703125 1.05751 0.0575098
0.71875 1.05536 0.0553584
0.71875 1.05536 0.0553584
0.734375 1.05308 0.05308
0.734375 1.05308 0.05308
0.75 1.05068 0.0506839
0.75 1.05068 0.0506839
0.765625 1.04818 0.0481811
0.765625 1.04818 0.0481811
0.78125 1.04558 0.0455848
0.78125 1.04558 0.0455848
0.796875 1.04291 0.0429115
0.796875 1.04291 0.0429115
0.8125 1.04018 0.0401812
0.8125 1.04018 0.0401812
0.828125 1.03742 0.0374181
0.828125 1.03742 0.0374181
0.84375 1.03465 0.0346511
0.84375 1.03465 0.0346511
0.859375 1.03191 0.0319139
0.859375 1.03191 0.0319139
0.875 1.02925 0.0292452
0.875 1.02925 0.0292452
0.890625 1.02669 0.0266881
0.890625 1.02669 0.0266881
0.90625 1.02429 0.0242891
0.90625 1.02429 0.0242891
0.921875 1.0221 0.0220966
0.921875 1.0221 0.0220966
0.9375 1.02016 0.020159
0.9375 1.02016 0.020159
0.953125 1.01852 0.0185223
0.953125 1.01852 0.0185223
0.96875 1.01723 0.0172272
0.96875 1.01723 0.0172272
0.984375 1.01631 0.0163072
0.984375 1.01631 0.0163072
1 1.01579 0.0157861
