# x y topography
0 1.02088 0.0208799
0.015625 1.02128 0.0212802
0.015625 1.02128 0.0212802
0.03125 1.02197 0.0219651
0.03125 1.02197 0.0219651
0.046875 1.02292 0.0229234
0.046875 1.02292 0.0229234
0.0625 1.02414 0.024139
0.0625 1.02414 0.024139
0.078125 1.02559 0.0255915
0.078125 1.02559 0.0255915
0.09375 1.02726 0.0272568
0.09375 1.02726 0.0272568
0.109375 1.02911 0.0291084
0.109375 1.02911 0.0291084
0.125 1.03112 0.0311175
0.125 1.03112 0.0311175
0.140625 1.03325 0.0332546
0.140625 1.03325 0.0332546
0.15625 1.03549 0.0354899
0.15625 1.03549 0.0354899
0.171875 1.03779 0.0377942
0.171875 1.03779 0.0377942
0.1875 1.04014 0.0401393
0.1875 1.04014 0.0401393
0.203125 1.0425 0.0424989
0.203125 1.0425 0.0424989
0.21875 1.04485 0.0448482
0.21875 1.04485 0.0448482
0.234375 1.04716 0.0471649
0.234375 1.04716 0.0471649
0.25 1.04943 0.0494289
0.25 1.04943 0.0494289
0.265625 1.05162 0.0516223
0.265625 1.05162 0.0516223
0.28125 1.05373 0.0537293
0.28125 1.05373 0.0537293
0.296875 1.05574 0.0557362
0.296875 1.05574 0.0557362
0.3125 1.05763 0.0576313
0.3125 1.05763 0.0576313
0.328125 1.0594 0.0594045
0.328125 1.0594 0.0594045
0.34375 1.06105 0.0610471
0.34375 1.06105 0.0610471
0.359375 1.06255 0.0625518
0.359375 1.06255 0.0625518
0.375 1.06391 0.0639124
0.375 1.06391 0.0639124
0.390625 1.06512 0.0651237
0.390625 1.06512 0.0651237
0.40625 1.06618 0.0661815
0.40625 1.06618 0.0661815
0.421875 1.06708 0.0670822
0.421875 1.06708 0.0670822
0.4375 1.06782 0.0678228
0.4375 1.06782 0.0678228
0.453125 1.0684 0.0684012
0.453125 1.0684 0.0684012
0.46875 1.06882 0.0688155
0.46875 1.06882 0.0688155
0.484375 1.06906 0.0690645
0.484375 1.06906 0.0690645
0.5 1.06915 0.0691476
0.5 1.06915 0.0691476
0.515625 1.06906 0.0690645
0.515625 1.06906 0.0690645
0.53125 1.06882 0.0688155
0.53125 1.06882 0.0688155
0.546875 1.0684 0.0684012
0.546875 1.0684 0.0684012
0.5625 1.06782 0.0678228
0.5625 1.06782 0.0678228
0.578125 1.06708 0.0670822
0.578125 1.06708 0.0670822
0.59375 1.06618 0.0661815
0.59375 1.06618 0.0661815
0.609375 1.06512 0.0651237
0.609375 1.06512 0.0651237
0.625 1.06391 0.0639124
0.625 1.06391 0.0639124
0.640625 1.06255 0.0625518
0.640625 1.06255 0.0625518
0.65625 1.06105 0.0610471
0.65625 1.06105 0.0610471
0.671875 1.0594 0.0594045
0.671875 1.0594 0.0594045
0.6875 1.05763 0.0576313
0.6875 1.05763 0.0576313
0.703125 1.05574 0.0557362
0.703125 1.05574 0.0557362
0.71875 1.05373 0.0537293
0.71875 1.05373 0.0537293
0.734375 1.05162 0.0516223
0.734375 1.05162 0.0516223
0.75 1.04943 0.0494289
0.75 1.04943 0.0494289
0.765625 1.04716 0.0471649
0.765625 1.04716 0.0471649
0.78125 1.04485 0.0448482
0.78125 1.04485 0.0448482
0.796875 1.0425 0.0424989
0.796875 1.0425 0.0424989
0.8125 1.04014 0.0401393
0.8125 1.04014 0.0401393
0.828125 1.03779 0.0377942
0.828125 1.03779 0.0377942
0.84375 1.03549 0.0354899
0.84375 1.03549 0.0354899
0.859375 1.03325 0.0332546
0.859375 1.03325 0.0332546
0.875 1.03112 0.0311175
0.875 1.03112 0.0311175
0.890625 1.02911 0.0291084
0.890625 1.02911 0.0291084
0.90625 1.02726 0.0272568
0.90625 1.02726 0.0272568
0.921875 1.02559 0.0255915
0.921875 1.02559 0.0255915
0.9375 1.02414 0.024139
0.9375 1.02414 0.024139
0.953125 1.02292 0.0229234
0.953125 1.02292 0.0229234
0.96875 1.02197 0.0219651
0.96875 1.02197 0.0219651
0.984375 1.02128 0.0212802
0.984375 1.02128 0.0212802
1 1.02088 0.0208799
