# x y topography
0 1.02296 0.022961
0.015625 1.02332 0.0233241
0.015625 1.02332 0.0233241
0.03125 1.02394 0.0239359
0.03125 1.02394 0.0239359
0.046875 1.02479 0.0247878
0.046875 1.02479 0.0247878
0.0625 1.02587 0.0258674
0.0625 1.02587 0.0258674
0.078125 1.02716 0.0271589
0.078125 1.02716 0.0271589
0.09375 1.02864 0.0286435
0.09375 1.02864 0.0286435
0.109375 1.0303 0.0302999
0.109375 1.0303 0.0302999
0.125 1.03211 0.0321051
0.125 1.03211 0.0321051
0.140625 1.03403 0.0340347
0.140625 1.03403 0.0340347
0.15625 1.03606 0.0360639
0.15625 1.03606 0.0360639
0.171875 1.03817 0.0381676
0.171875 1.03817 0.0381676
0.1875 1.04032 0.0403211
0.1875 1.04032 0.0403211
0.203125 1.0425 0.0425006
0.203125 1.0425 0.0425006
0.21875 1.04468 0.0446834
0.21875 1.04468 0.0446834
0.234375 1.04685 0.0468482
0.234375 1.04685 0.0468482
0.25 1.04898 0.0489753
0.25 1.04898 0.0489753
0.265625 1.05105 0.0510467
0.265625 1.05105 0.0510467
0.28125 1.05305 0.0530462
0.28125 1.05305 0.0530462
0.296875 1.05496 0.0549592
0.296875 1.05496 0.0549592
0.3125 1.05677 0.056773
0.3125 1.05677 0.056773
0.328125 1.05848 0.0584762
0.328125 1.05848 0.0584762
0.34375 1.06006 0.060059
0.34375 1.06006 0.060059
0.359375 1.06151 0.061513
0.359375 1.06151 0.061513
0.375 1.06283 0.0628309
0.375 1.06283 0.0628309
0.390625 1.06401 0.0640067
0.390625 1.06401 0.0640067
0.40625 1.06504 0.0650352
0.40625 1.06504 0.0650352
0.421875 1.06591 0.0659121
0.421875 1.06591 0.0659121
0.4375 1.06663 0.066634
0.4375 1.06663 0.066634
0.453125 1.0672 0.0671982
0.453125 1.0672 0.0671982
0.46875 1.0676 0.0676026
0.46875 1.0676 0.0676026
0.484375 1.06785 0.0678459
0.484375 1.06785 0.0678459
0.5 1.06793 0.067927
0.5 1.06793 0.067927
0.515625 1.06785 0.0678459
0.515625 1.06785 0.0678459
0.53125 1.0676 0.0676026
0.53125 1.0676 0.0676026
0.546875 1.0672 0.0671982
0.546875 1.0672 0.0671982
0.5625 1.06663 0.066634
0.5625 1.06663 0.066634
0.578125 1.06591 0.0659121
0.578125 1.06591 0.0659121
0.59375 1.06504 0.0650352
0.59375 1.06504 0.0650352
0.609375 1.06401 0.0640067
0.609375 1.06401 0.0640067
0.625 1.06283 0.0628309
0.625 1.06283 0.0628309
0.640625 1.06151 0.061513
0.640625 1.06151 0.061513
0.65625 1.06006 0.060059
0.65625 1.06006 0.060059
0.671875 1.05848 0.0584762
0.671875 1.05848 0.0584762
0.6875 1.05677 0.056773
0.6875 1.05677 0.056773
0.703125 1.05496 0.0549592
0.703125 1.05496 0.0549592
0.71875 1.05305 0.0530462
0.71875 1.05305 0.0530462
0.734375 1.05105 0.0510467
0.734375 1.05105 0.0510467
0.75 1.04898 0.0489753
0.75 1.04898 0.0489753
0.765625 1.04685 0.0468482
0.765625 1.04685 0.0468482
0.78125 1.04468 0.0446834
0.78125 1.04468 0.0446834
0.796875 1.0425 0.0425006
0.796875 1.0425 0.0425006
0.8125 1.04032 0.0403211
0.8125 1.04032 0.0403211
0.828125 1.03817 0.0381676
0.828125 1.03817 0.0381676
0.84375 1.03606 0.0360639
0.84375 1.03606 0.0360639
0.859375 1.03403 0.0340347
0.859375 1.03403 0.0340347
0.875 1.03211 0.0321051
0.875 1.03211 0.0321051
0.890625 1.0303 0.0302999
0.890625 1.0303 0.0302999
0.90625 1.02864 0.0286435
0.90625 1.02864 0.0286435
0.921875 1.02716 0.0271589
0.921875 1.02716 0.0271589
0.9375 1.02587 0.0258674
0.9375 1.02587 0.0258674
0.953125 1.02479 0.0247878
0.953125 1.02479 0.0247878
0.96875 1.02394 0.0239359
0.96875 1.02394 0.0239359
0.984375 1.02332 0.0233241
0.984375 1.02332 0.0233241
1 1.02296 0.022961
