# x y topography
0 1.01793 0.0179315
0.015625 1.0184 0.0183953
0.015625 1.0184 0.0183953
0.03125 1.0192 0.0192041
0.03125 1.0192 0.0192041
0.046875 1.02034 0.0203411
0.046875 1.02034 0.0203411
0.0625 1.02178 0.0217821
0.0625 1.02178 0.0217821
0.078125 1.0235 0.023497
0.078125 1.0235 0.023497
0.09375 1.02545 0.0254512
0.09375 1.02545 0.0254512
0.109375 1.02761 0.0276072
0.109375 1.02761 0.0276072
0.125 1.02993 0.0299263
0.125 1.02993 0.0299263
0.140625 1.03237 0.0323694
0.140625 1.03237 0.0323694
0.15625 1.0349 0.0348993
0.15625 1.0349 0.0348993
0.171875 1.03748 0.0374805
0.171875 1.03748 0.0374805
0.1875 1.04008 0.0400808
0.1875 1.04008 0.0400808
0.203125 1.04267 0.0426711
0.203125 1.04267 0.0426711
0.21875 1.04523 0.0452258
0.21875 1.04523 0.0452258
0.234375 1.04772 0.047723
0.234375 1.04772 0.047723
0.25 1.05014 0.0501435
0.25 1.05014 0.0501435
0.265625 1.05247 0.0524713
0.265625 1.05247 0.0524713
0.28125 1.05469 0.0546931
0.28125 1.05469 0.0546931
0.296875 1.0568 0.0567974
0.296875 1.0568 0.0567974
0.3125 1.05877 0.0587749
0.3125 1.05877 0.0587749
0.328125 1.06062 0.0606176
0.328125 1.06062 0.0606176
0.34375 1.06232 0.0623188
0.34375 1.06232 0.0623188
0.359375 1.06387 0.0638728
0.359375 1.06387 0.0638728
0.375 1.06527 0.0652749
0.375 1.06527 0.0652749
0.390625 1.06652 0.066521
0.390625 1.06652 0.066521
0.40625 1.06761 0.0676076
0.40625 1.06761 0.0676076
0.421875 1.06853 0.0685318
0.421875 1.06853 0.0685318
0.4375 1.06929 0.0692912
0.4375 1.06929 0.0692912
0.453125 1.06988 0.0698838
0.453125 1.06988 0.0698838
0.46875 1.07031 0.0703081
0.46875 1.07031 0.0703081
0.484375 1.07056 0.0705632
0.484375 1.07056 0.0705632
0.5 1.07065 0.0706483
0.5 1.07065 0.0706483
0.515625 1.07056 0.0705632
0.515625 1.07056 0.0705632
0.53125 1.07031 0.0703081
0.53125 1.07031 0.0703081
0.546875 1.06988 0.0698838
0.546875 1.06988 0.0698838
0.5625 1.06929 0.0692912
0.5625 1.06929 0.0692912
0.578125 1.06853 0.0685318
0.578125 1.06853 0.0685318
0.59375 1.06761 0.0676076
0.59375 1.06761 0.0676076
0.609375 1.06652 0.066521
0.609375 1.06652 0.066521
0.625 1.06527 0.0652749
0.625 1.06527 0.0652749
0.640625 1.06387 0.0638728
0.640625 1.06387 0.0638728
0.65625 1.06232 0.0623188
0.65625 1.06232 0.0623188
0.671875 1.06062 0.0606176
0.671875 1.06062 0.0606176
0.6875 1.05877 0.0587749
0.6875 1.05877 0.0587749
0.703125 1.0568 0.0567974
0.703125 1.0568 0.0567974
0.71875 1.05469 0.0546931
0.71875 1.05469 0.0546931
0.734375 1.05247 0.0524713
0.734375 1.05247 0.0524713
0.75 1.05014 0.0501435
0.75 1.05014 0.0501435
0.765625 1.04772 0.047723
0.765625 1.04772 0.047723
0.78125 1.04523 0.0452258
0.78125 1.04523 0.0452258
0.796875 1.04267 0.0426711
0.796875 1.04267 0.0426711
0.8125 1.04008 0.0400808
0.8125 1.04008 0.0400808
0.828125 1.03748 0.0374805
0.828125 1.03748 0.0374805
0.84375 1.0349 0.0348993
0.84375 1.0349 0.0348993
0.859375 1.03237 0.0323694
0.859375 1.03237 0.0323694
0.875 1.02993 0.0299263
0.875 1.02993 0.0299263
0.890625 1.02761 0.0276072
0.890625 1.02761 0.0276072
0.90625 1.02545 0.0254512
0.90625 1.02545 0.0254512
0.921875 1.0235 0.023497
0.921875 1.0235 0.023497
0.9375 1.02178 0.0217821
0.9375 1.02178 0.0217821
0.953125 1.02034 0.0203411
0.953125 1.02034 0.0203411
0.96875 1.0192 0.0192041
0.96875 1.0192 0.0192041
0.984375 1.0184 0.0183953
0.984375 1.0184 0.0183953
1 1.01793 0.0179315
