# x y topography
0 1.02384 0.0238424
0.015625 1.02419 0.0241911
0.015625 1.02419 0.0241911
0.03125 1.02477 0.0247747
0.03125 1.02477 0.0247747
0.046875 1.02559 0.0255854
0.046875 1.02559 0.0255854
0.0625 1.02661 0.026612
0.0625 1.02661 0.026612
0.078125 1.02784 0.0278403
0.078125 1.02784 0.0278403
0.09375 1.02925 0.0292533
0.09375 1.02925 0.0292533
0.109375 1.03083 0.0308316
0.109375 1.03083 0.0308316
0.125 1.03255 0.0325541
0.125 1.03255 0.0325541
0.140625 1.0344 0.0343986
0.140625 1.0344 0.0343986
0.15625 1.03634 0.0363419
0.15625 1.03634 0.0363419
0.171875 1.03836 0.0383607
0.171875 1.03836 0.0383607
0.1875 1.04043 0.0404317
0.1875 1.04043 0.0404317
0.203125 1.04253 0.0425323
0.203125 1.04253 0.0425323
0.21875 1.04464 0.0446408
0.21875 1.04464 0.0446408
0.234375 1.04674 0.0467364
0.234375 1.04674 0.0467364
0.25 1.0488 0.0488001
0.25 1.0488 0.0488001
0.265625 1.05081 0.0508139
0.265625 1.05081 0.0508139
0.28125 1.05276 0.0527617
0.28125 1.05276 0.0527617
0.296875 1.05463 0.0546288
0.296875 1.05463 0.0546288
0.3125 1.0564 0.056402
0.3125 1.0564 0.056402
0.328125 1.05807 0.0580699
0.328125 1.05807 0.0580699
0.34375 1.05962 0.0596221
0.34375 1.05962 0.0596221
0.359375 1.06105 0.0610499
0.359375 1.06105 0.0610499
0.375 1.06235 0.0623456
0.375 1.06235 0.0623456
0.390625 1.0635 0.0635027
0.390625 1.0635 0.0635027
0.40625 1.06452 0.0645157
0.40625 1.06452 0.0645157
0.421875 1.06538 0.06538
0.421875 1.06538 0.06538
0.4375 1.06609 0.066092
0.4375 1.06609 0.066092
0.453125 1.06665 0.0666487
0.453125 1.06665 0.0666487
0.46875 1.06705 0.0670479
0.46875 1.06705 0.0670479
0.484375 1.06729 0.067288
0.484375 1.06729 0.067288
0.5 1.06737 0.0673682
0.5 1.06737 0.0673682
0.515625 1.06729 0.067288
0.515625 1.06729 0.067288
0.53125 1.06705 0.0670479
0.53125 1.06705 0.0670479
0.546875 1.06665 0.0666487
0.546875 1.06665 0.0666487
0.5625 1.06609 0.066092
0.5625 1.06609 0.066092
0.578125 1.06538 0.06538
0.578125 1.06538 0.06538
0.59375 1.06452 0.0645157
0.59375 1.06452 0.0645157
0.609375 1.0635 0.0635027
0.609375 1.0635 0.0635027
0.625 1.06235 0.0623456
0.625 1.06235 0.0623456
0.640625 1.06105 0.0610499
0.640625 1.06105 0.0610499
0.65625 1.05962 0.0596221
0.65625 1.05962 0.0596221
0.671875 1.05807 0.0580699
0.671875 1.05807 0.0580699
0.6875 1.0564 0.056402
0.6875 1.0564 0.056402
0.703125 1.05463 0.0546288
0.703125 1.05463 0.0546288
0.71875 1.05276 0.0527617
0.71875 1.05276 0.0527617
0.734375 1.05081 0.0508139
0.734375 1.05081 0.0508139
0.75 1.0488 0.0488001
0.75 1.0488 0.0488001
0.765625 1.04674 0.0467364
0.765625 1.04674 0.0467364
0.78125 1.04464 0.0446408
0.78125 1.04464 0.0446408
0.796875 1.04253 0.0425323
0.796875 1.04253 0.0425323
0.8125 1.04043 0.0404317
0.8125 1.04043 0.0404317
0.828125 1.03836 0.0383607
0.828125 1.03836 0.0383607
0.84375 1.03634 0.0363419
0.84375 1.03634 0.0363419
0.859375 1.0344 0.0343986
0.859375 1.0344 0.0343986
0.875 1.03255 0.0325541
0.875 1.03255 0.0325541
0.890625 1.03083 0.0308316
0.890625 1.03083 0.0308316
0.90625 1.02925 0.0292533
0.90625 1.02925 0.0292533
0.921875 1.02784 0.0278403
0.921875 1.02784 0.0278403
0.9375 1.02661 0.026612
0.9375 1.02661 0.026612
0.953125 1.02559 0.0255854
0.953125 1.02559 0.0255854
0.96875 1.02477 0.0247747
0.96875 1.02477 0.0247747
0.984375 1.02419 0.0241911
0.984375 1.02419 0.0241911
1 1.02384 0.0238424
