# x y topography
0 1.03117 0.0311716
0.015625 1.03142 0.0314234
0.015625 1.03142 0.0314234
0.03125 1.03182 0.0318152
0.03125 1.03182 0.0318152
0.046875 1.03234 0.0323437
0.046875 1.03234 0.0323437
0.0625 1.033 0.0330038
0.0625 1.033 0.0330038
0.078125 1.03379 0.0337892
0.078125 1.03379 0.0337892
0.09375 1.03469 0.0346921
0.09375 1.03469 0.0346921
0.109375 1.0357 0.0357034
0.109375 1.0357 0.0357034
0.125 1.03681 0.0368132
0.125 1.03681 0.0368132
0.140625 1.03801 0.0380103
0.140625 1.03801 0.0380103
0.15625 1.03928 0.0392828
0.15625 1.03928 0.0392828
0.171875 1.04062 0.0406184
0.171875 1.04062 0.0406184
0.1875 1.042 0.042004
0.1875 1.042 0.042004
0.203125 1.04343 0.0434263
0.203125 1.04343 0.0434263
0.21875 1.04487 0.0448719
0.21875 1.04487 0.0448719
0.234375 1.04633 0.0463273
0.234375 1.04633 0.0463273
0.25 1.04778 0.0477793
0.25 1.04778 0.0477793
0.265625 1.04921 0.0492149
0.265625 1.04921 0.0492149
0.28125 1.05062 0.0506213
0.28125 1.05062 0.0506213
0.296875 1.05199 0.0519865
0.296875 1.05199 0.0519865
0.3125 1.0533 0.0532989
0.3125 1.0533 0.0532989
0.328125 1.05455 0.0545476
0.328125 1.05455 0.0545476
0.34375 1.05572 0.0557225
0.34375 1.05572 0.0557225
0.359375 1.05681 0.0568141
0.359375 1.05681 0.0568141
0.375 1.05781 0.057814
0.375 1.05781 0.057814
0.390625 1.05871 0.0587144
0.390625 1.05871 0.0587144
0.40625 1.05951 0.0595086
0.40625 1.05951 0.0595086
0.421875 1.06019 0.0601907
0.421875 1.06019 0.0601907
0.4375 1.06076 0.0607555
0.4375 1.06076 0.0607555
0.453125 1.0612 0.0611991
0.453125 1.0612 0.0611991
0.46875 1.06152 0.0615183
0.46875 1.06152 0.0615183
0.484375 1.06171 0.0617106
0.484375 1.06171 0.0617106
0.5 1.06177 0.0617749
0.5 1.06177 0.0617749
0.515625 1.06171 0.0617106
0.515625 1.06171 0.0617106
0.53125 1.06152 0.0615183
0.53125 1.06152 0.0615183
0.546875 1.0612 0.0611991
0.546875 1.0612 0.0611991
0.5625 1.06076 0.0607555
0.5625 1.06076 0.0607555
0.578125 1.06019 0.0601907
0.578125 1.06019 0.0601907
0.59375 1.05951 0.0595086
0.59375 1.05951 0.0595086
0.609375 1.05871 0.0587144
0.609375 1.05871 0.0587144
0.625 1.05781 0.057814
0.625 1.05781 0.057814
0.640625 1.05681 0.0568141
0.640625 1.05681 0.0568141
0.65625 1.05572 0.0557225
0.65625 1.05572 0.0557225
0.671875 1.05455 0.0545476
0.671875 1.05455 0.0545476
0.6875 1.0533 0.0532989
0.6875 1.0533 0.0532989
0.703125 1.05199 0.0519865
0.703125 1.05199 0.0519865
0.71875 1.05062 0.0506213
0.71875 1.05062 0.0506213
0.734375 1.04921 0.0492149
0.734375 1.04921 0.0492149
0.75 1.04778 0.0477793
0.75 1.04778 0.0477793
0.765625 1.04633 0.0463273
0.765625 1.04633 0.0463273
0.78125 1.04487 0.0448719
0.78125 1.04487 0.0448719
0.796875 1.04343 0.0434263
0.796875 1.04343 0.0434263
0.8125 1.042 0.042004
0.8125 1.042 0.042004
0.828125 1.04062 0.0406184
0.828125 1.04062 0.0406184
0.84375 1.03928 0.0392828
0.84375 1.03928 0.0392828
0.859375 1.03801 0.0380103
0.859375 1.03801 0.0380103
0.875 1.03681 0.0368132
0.875 1.03681 0.0368132
0.890625 1.0357 0.0357034
0.890625 1.0357 0.0357034
0.90625 1.03469 0.0346921
0.90625 1.03469 0.0346921
0.921875 1.03379 0.0337892
0.921875 1.03379 0.0337892
0.9375 1.033 0.0330038
0.9375 1.033 0.0330038
0.953125 1.03234 0.0323437
0.953125 1.03234 0.0323437
0.96875 1.03182 0.0318152
0.96875 1.03182 0.0318152
0.984375 1.03142 0.0314234
0.984375 1.03142 0.0314234
1 1.03117 0.0311716
