# x y topography
0 1.01423 0.0142263
0.015625 1.0148 0.0147975
0.015625 1.0148 0.0147975
0.03125 1.01581 0.0158138
0.03125 1.01581 0.0158138
0.046875 1.01724 0.017244
0.046875 1.01724 0.017244
0.0625 1.01904 0.0190449
0.0625 1.01904 0.0190449
0.078125 1.02116 0.0211646
0.078125 1.02116 0.0211646
0.09375 1.02355 0.0235462
0.09375 1.02355 0.0235462
0.109375 1.02613 0.0261316
0.109375 1.02613 0.0261316
0.125 1.02886 0.0288644
0.125 1.02886 0.0288644
0.140625 1.03169 0.0316925
0.140625 1.03169 0.0316925
0.15625 1.03457 0.0345698
0.15625 1.03457 0.0345698
0.171875 1.03746 0.0374566
0.171875 1.03746 0.0374566
0.1875 1.04032 0.0403196
0.1875 1.04032 0.0403196
0.203125 1.04313 0.0431319
0.203125 1.04313 0.0431319
0.21875 1.04587 0.0458716
0.21875 1.04587 0.0458716
0.234375 1.04852 0.0485215
0.234375 1.04852 0.0485215
0.25 1.05107 0.0510678
0.25 1.05107 0.0510678
0.265625 1.0535 0.0534992
0.265625 1.0535 0.0534992
0.28125 1.05581 0.0558068
0.28125 1.05581 0.0558068
0.296875 1.05798 0.0579829
0.296875 1.05798 0.0579829
0.3125 1.06002 0.060021
0.3125 1.06002 0.060021
0.328125 1.06192 0.0619154
0.328125 1.06192 0.0619154
0.34375 1.06366 0.0636611
0.34375 1.06366 0.0636611
0.359375 1.06525 0.0652538
0.359375 1.06525 0.0652538
0.375 1.06669 0.0666894
0.375 1.06669 0.0666894
0.390625 1.06796 0.0679645
0.390625 1.06796 0.0679645
0.40625 1.06908 0.0690758
0.40625 1.06908 0.0690758
0.421875 1.07002 0.0700207
0.421875 1.07002 0.0700207
0.4375 1.0708 0.070797
0.4375 1.0708 0.070797
0.453125 1.0714 0.0714027
0.453125 1.0714 0.0714027
0.46875 1.07184 0.0718364
0.46875 1.07184 0.0718364
0.484375 1.0721 0.0720971
0.484375 1.0721 0.0720971
0.5 1.07218 0.072184
0.5 1.07218 0.072184
0.515625 1.0721 0.0720971
0.515625 1.0721 0.0720971
0.53125 1.07184 0.0718364
0.53125 1.07184 0.0718364
0.546875 1.0714 0.0714027
0.546875 1.0714 0.0714027
0.5625 1.0708 0.070797
0.5625 1.0708 0.070797
0.578125 1.07002 0.0700207
0.578125 1.07002 0.0700207
0.59375 1.06908 0.0690758
0.59375 1.06908 0.0690758
0.609375 1.06796 0.0679645
0.609375 1.06796 0.0679645
0.625 1.06669 0.0666894
0.625 1.06669 0.0666894
0.640625 1.06525 0.0652538
0.640625 1.06525 0.0652538
0.65625 1.06366 0.0636611
0.65625 1.06366 0.0636611
0.671875 1.06192 0.0619154
0.671875 1.06192 0.0619154
0.6875 1.06002 0.060021
0.6875 1.06002 0.060021
0.703125 1.05798 0.0579829
0.703125 1.05798 0.0579829
0.71875 1.05581 0.0558068
0.71875 1.05581 0.0558068
0.734375 1.0535 0.0534992
0.734375 1.0535 0.0534992
0.75 1.05107 0.0510678
0.75 1.05107 0.0510678
0.765625 1.04852 0.0485215
0.765625 1.04852 0.0485215
0.78125 1.04587 0.0458716
0.78125 1.04587 0.0458716
0.796875 1.04313 0.0431319
0.796875 1.04313 0.0431319
0.8125 1.04032 0.0403196
0.8125 1.04032 0.0403196
0.828125 1.03746 0.0374566
0.828125 1.03746 0.0374566
0.84375 1.03457 0.0345698
0.84375 1.03457 0.0345698
0.859375 1.03169 0.0316925
0.859375 1.03169 0.0316925
0.875 1.02886 0.0288644
0.875 1.02886 0.0288644
0.890625 1.02613 0.0261316
0.890625 1.02613 0.0261316
0.90625 1.02355 0.0235462
0.90625 1.02355 0.0235462
0.921875 1.02116 0.0211646
0.921875 1.02116 0.0211646
0.9375 1.01904 0.0190449
0.9375 1.01904 0.0190449
0.953125 1.01724 0.017244
0.953125 1.01724 0.017244
0.96875 1.01581 0.0158138
0.96875 1.01581 0.0158138
0.984375 1.0148 0.0147975
0.984375 1.0148 0.0147975
1 1.01423 0.0142263
