# x y topography
0 1.02243 0.0224334
0.015625 1.02281 0.0228054
0.015625 1.02281 0.0228054
0.03125 1.02343 0.0234348
0.03125 1.02343 0.0234348
0.046875 1.02431 0.0243124
0.046875 1.02431 0.0243124
0.0625 1.02542 0.025425
0.0625 1.02542 0.025425
0.078125 1.02676 0.0267557
0.078125 1.02676 0.0267557
0.09375 1.02828 0.0282845
0.09375 1.02828 0.0282845
0.109375 1.02999 0.0299889
0.109375 1.02999 0.0299889
0.125 1.03184 0.0318446
0.125 1.03184 0.0318446
0.140625 1.03383 0.033826
0.140625 1.03383 0.033826
0.15625 1.03591 0.0359071
0.15625 1.03591 0.0359071
0.171875 1.03806 0.0380617
0.171875 1.03806 0.0380617
0.1875 1.04026 0.0402643
0.1875 1.04026 0.0402643
0.203125 1.04249 0.0424904
0.203125 1.04249 0.0424904
0.21875 1.04472 0.0447167
0.21875 1.04472 0.0447167
0.234375 1.04692 0.0469216
0.234375 1.04692 0.0469216
0.25 1.04909 0.0490852
0.25 1.04909 0.0490852
0.265625 1.05119 0.0511895
0.265625 1.05119 0.0511895
0.28125 1.05322 0.0532182
0.28125 1.05322 0.0532182
0.296875 1.05516 0.055157
0.296875 1.05516 0.055157
0.3125 1.05699 0.0569933
0.3125 1.05699 0.0569933
0.328125 1.05872 0.058716
0.328125 1.05872 0.058716
0.34375 1.06032 0.0603156
0.34375 1.06032 0.0603156
0.359375 1.06178 0.0617839
0.359375 1.06178 0.0617839
0.375 1.06311 0.0631139
0.375 1.06311 0.0631139
0.390625 1.0643 0.0642998
0.390625 1.0643 0.0642998
0.40625 1.06534 0.0653366
0.40625 1.06534 0.0653366
0.421875 1.06622 0.0662203
0.421875 1.06622 0.0662203
0.4375 1.06695 0.0669475
0.4375 1.06695 0.0669475
0.453125 1.06752 0.0675158
0.453125 1.06752 0.0675158
0.46875 1.06792 0.067923
0.46875 1.06792 0.067923
0.484375 1.06817 0.0681679
0.484375 1.06817 0.0681679
0.5 1.06825 0.0682496
0.5 1.06825 0.0682496
0.515625 1.06817 0.0681679
0.515625 1.06817 0.0681679
0.53125 1.06792 0.067923
0.53125 1.06792 0.067923
0.546875 1.06752 0.0675158
0.546875 1.06752 0.0675158
0.5625 1.06695 0.0669475
0.5625 1.06695 0.0669475
0.578125 1.06622 0.0662203
0.578125 1.06622 0.0662203
0.59375 1.06534 0.0653366
0.59375 1.06534 0.0653366
0.609375 1.0643 0.0642998
0.609375 1.0643 0.0642998
0.625 1.06311 0.0631139
0.625 1.06311 0.0631139
0.640625 1.06178 0.0617839
0.640625 1.06178 0.0617839
0.65625 1.06032 0.0603156
0.65625 1.06032 0.0603156
0.671875 1.05872 0.058716
0.671875 1.05872 0.058716
0.6875 1.05699 0.0569933
0.6875 1.05699 0.0569933
0.703125 1.05516 0.055157
0.703125 1.05516 0.055157
0.71875 1.05322 0.0532182
0.71875 1.05322 0.0532182
0.734375 1.05119 0.0511895
0.734375 1.05119 0.0511895
0.75 1.04909 0.0490852
0.75 1.04909 0.0490852
0.765625 1.04692 0.0469216
0.765625 1.04692 0.0469216
0.78125 1.04472 0.0447167
0.78125 1.04472 0.0447167
0.796875 1.04249 0.0424904
0.796875 1.04249 0.0424904
0.8125 1.04026 0.0402643
0.8125 1.04026 0.0402643
0.828125 1.03806 0.0380617
0.828125 1.03806 0.0380617
0.84375 1.03591 0.0359071
0.84375 1.03591 0.0359071
0.859375 1.03383 0.033826
0.859375 1.03383 0.033826
0.875 1.03184 0.0318446
0.875 1.03184 0.0318446
0.890625 1.02999 0.0299889
0.890625 1.02999 0.0299889
0.90625 1.02828 0.0282845
0.90625 1.02828 0.0282845
0.921875 1.02676 0.0267557
0.921875 1.02676 0.0267557
0.9375 1.02542 0.025425
0.9375 1.02542 0.025425
0.953125 1.02431 0.0243124
0.953125 1.02431 0.0243124
0.96875 1.02343 0.0234348
0.96875 1.02343 0.0234348
0.984375 1.02281 0.0228054
0.984375 1.02281 0.0228054
1 1.02243 0.0224334
