# x y topography
0 1.01881 0.0188107
0.015625 1.01925 0.019254
0.015625 1.01925 0.019254
0.03125 1.02002 0.0200229
0.03125 1.02002 0.0200229
0.046875 1.0211 0.0211025
0.046875 1.0211 0.0211025
0.0625 1.02247 0.0224716
0.0625 1.02247 0.0224716
0.078125 1.0241 0.0241034
0.078125 1.0241 0.0241034
0.09375 1.02597 0.0259671
0.09375 1.02597 0.0259671
0.109375 1.02803 0.0280287
0.109375 1.02803 0.0280287
0.125 1.03025 0.0302529
0.125 1.03025 0.0302529
0.140625 1.0326 0.0326038
0.140625 1.0326 0.0326038
0.15625 1.03505 0.0350461
0.15625 1.03505 0.0350461
0.171875 1.03755 0.0375465
0.171875 1.03755 0.0375465
0.1875 1.04007 0.0400737
0.1875 1.04007 0.0400737
0.203125 1.0426 0.0425991
0.203125 1.0426 0.0425991
0.21875 1.0451 0.0450972
0.21875 1.0451 0.0450972
0.234375 1.04755 0.0475454
0.234375 1.04755 0.0475454
0.25 1.04992 0.0499243
0.25 1.04992 0.0499243
0.265625 1.05222 0.052217
0.265625 1.05222 0.052217
0.28125 1.05441 0.0544092
0.28125 1.05441 0.0544092
0.296875 1.05649 0.0564888
0.296875 1.05649 0.0564888
0.3125 1.05845 0.0584455
0.3125 1.05845 0.0584455
0.328125 1.06027 0.0602707
0.328125 1.06027 0.0602707
0.34375 1.06196 0.0619571
0.34375 1.06196 0.0619571
0.359375 1.0635 0.0634987
0.359375 1.0635 0.0634987
0.375 1.06489 0.0648903
0.375 1.06489 0.0648903
0.390625 1.06613 0.0661275
0.390625 1.06613 0.0661275
0.40625 1.06721 0.0672067
0.40625 1.06721 0.0672067
0.421875 1.06812 0.0681248
0.421875 1.06812 0.0681248
0.4375 1.06888 0.0688793
0.4375 1.06888 0.0688793
0.453125 1.06947 0.0694681
0.453125 1.06947 0.0694681
0.46875 1.06989 0.0698898
0.46875 1.06989 0.0698898
0.484375 1.07014 0.0701432
0.484375 1.07014 0.0701432
0.5 1.07023 0.0702278
0.5 1.07023 0.0702278
0.515625 1.07014 0.0701432
0.515625 1.07014 0.0701432
0.53125 1.06989 0.0698898
0.53125 1.06989 0.0698898
0.546875 1.06947 0.0694681
0.546875 1.06947 0.0694681
0.5625 1.06888 0.0688793
0.5625 1.06888 0.0688793
0.578125 1.06812 0.0681248
0.578125 1.06812 0.0681248
0.59375 1.06721 0.0672067
0.59375 1.06721 0.0672067
0.609375 1.06613 0.0661275
0.609375 1.06613 0.0661275
0.625 1.06489 0.0648903
0.625 1.06489 0.0648903
0.640625 1.0635 0.0634987
0.640625 1.0635 0.0634987
0.65625 1.06196 0.0619571
0.65625 1.06196 0.0619571
0.671875 1.06027 0.0602707
0.671875 1.06027 0.0602707
0.6875 1.05845 0.0584455
0.6875 1.05845 0.0584455
0.703125 1.05649 0.0564888
0.703125 1.05649 0.0564888
0.71875 1.05441 0.0544092
0.71875 1.05441 0.0544092
0.734375 1.05222 0.052217
0.734375 1.05222 0.052217
0.75 1.04992 0.0499243
0.75 1.04992 0.0499243
0.765625 1.04755 0.0475454
0.765625 1.04755 0.0475454
0.78125 1.0451 0.0450972
0.78125 1.0451 0.0450972
0.796875 1.0426 0.0425991
0.796875 1.0426 0.0425991
0.8125 1.04007 0.0400737
0.8125 1.04007 0.0400737
0.828125 1.03755 0.0375465
0.828125 1.03755 0.0375465
0.84375 1.03505 0.0350461
0.84375 1.03505 0.0350461
0.859375 1.0326 0.0326038
0.859375 1.0326 0.0326038
0.875 1.03025 0.0302529
0.875 1.03025 0.0302529
0.890625 1.02803 0.0280287
0.890625 1.02803 0.0280287
0.90625 1.02597 0.0259671
0.90625 1.02597 0.0259671
0.921875 1.0241 0.0241034
0.921875 1.0241 0.0241034
0.9375 1.02247 0.0224716
0.9375 1.02247 0.0224716
0.953125 1.0211 0.0211025
0.953125 1.0211 0.0211025
0.96875 1.02002 0.0200229
0.96875 1.02002 0.0200229
0.984375 1.01925 0.019254
0.984375 1.01925 0.019254
1 1.01881 0.0188107
