# x y topography
0 1.01775 0.0177492
0.015625 1.01822 0.0182174
0.015625 1.01822 0.0182174
0.03125 1.01903 0.0190349
0.03125 1.01903 0.0190349
0.046875 1.02018 0.0201842
0.046875 1.02018 0.0201842
0.0625 1.02164 0.0216407
0.0625 1.02164 0.0216407
0.078125 1.02337 0.0233734
0.078125 1.02337 0.0233734
0.09375 1.02535 0.0253469
0.09375 1.02535 0.0253469
0.109375 1.02752 0.0275229
0.109375 1.02752 0.0275229
0.125 1.02986 0.0298618
0.125 1.02986 0.0298618
0.140625 1.03232 0.0323242
0.140625 1.03232 0.0323242
0.15625 1.03487 0.034872
0.15625 1.03487 0.034872
0.171875 1.03747 0.0374698
0.171875 1.03747 0.0374698
0.1875 1.04008 0.0400848
0.1875 1.04008 0.0400848
0.203125 1.04269 0.0426881
0.203125 1.04269 0.0426881
0.21875 1.04525 0.045254
0.21875 1.04525 0.045254
0.234375 1.04776 0.0477607
0.234375 1.04776 0.0477607
0.25 1.05019 0.0501893
0.25 1.05019 0.0501893
0.265625 1.05252 0.0525239
0.265625 1.05252 0.0525239
0.28125 1.05475 0.0547513
0.28125 1.05475 0.0547513
0.296875 1.05686 0.0568604
0.296875 1.05686 0.0568604
0.3125 1.05884 0.0588418
0.3125 1.05884 0.0588418
0.328125 1.06069 0.0606878
0.328125 1.06069 0.0606878
0.34375 1.06239 0.0623918
0.34375 1.06239 0.0623918
0.359375 1.06395 0.0639482
0.359375 1.06395 0.0639482
0.375 1.06535 0.0653524
0.375 1.06535 0.0653524
0.390625 1.0666 0.0666002
0.390625 1.0666 0.0666002
0.40625 1.06769 0.0676882
0.40625 1.06769 0.0676882
0.421875 1.06861 0.0686136
0.421875 1.06861 0.0686136
0.4375 1.06937 0.0693739
0.4375 1.06937 0.0693739
0.453125 1.06997 0.0699673
0.453125 1.06997 0.0699673
0.46875 1.07039 0.0703921
0.46875 1.07039 0.0703921
0.484375 1.07065 0.0706475
0.484375 1.07065 0.0706475
0.5 1.07073 0.0707327
0.5 1.07073 0.0707327
0.515625 1.07065 0.0706475
0.515625 1.07065 0.0706475
0.53125 1.07039 0.0703921
0.53125 1.07039 0.0703921
0.546875 1.06997 0.0699673
0.546875 1.06997 0.0699673
0.5625 1.06937 0.0693739
0.5625 1.06937 0.0693739
0.578125 1.06861 0.0686136
0.578125 1.06861 0.0686136
0.59375 1.06769 0.0676882
0.59375 1.06769 0.0676882
0.609375 1.0666 0.0666002
0.609375 1.0666 0.0666002
0.625 1.06535 0.0653524
0.625 1.06535 0.0653524
0.640625 1.06395 0.0639482
0.640625 1.06395 0.0639482
0.65625 1.06239 0.0623918
0.65625 1.06239 0.0623918
0.671875 1.06069 0.0606878
0.671875 1.06069 0.0606878
0.6875 1.05884 0.0588418
0.6875 1.05884 0.0588418
0.703125 1.05686 0.0568604
0.703125 1.05686 0.0568604
0.71875 1.05475 0.0547513
0.71875 1.05475 0.0547513
0.734375 1.05252 0.0525239
0.734375 1.05252 0.0525239
0.75 1.05019 0.0501893
0.75 1.05019 0.0501893
0.765625 1.04776 0.0477607
0.765625 1.04776 0.0477607
0.78125 1.04525 0.045254
0.78125 1.04525 0.045254
0.796875 1.04269 0.0426881
0.796875 1.04269 0.0426881
0.8125 1.04008 0.0400848
0.8125 1.04008 0.0400848
0.828125 1.03747 0.0374698
0.828125 1.03747 0.0374698
0.84375 1.03487 0.034872
0.84375 1.03487 0.034872
0.859375 1.03232 0.0323242
0.859375 1.03232 0.0323242
0.875 1.02986 0.0298618
0.875 1.02986 0.0298618
0.890625 1.02752 0.0275229
0.890625 1.02752 0.0275229
0.90625 1.02535 0.0253469
0.90625 1.02535 0.0253469
0.921875 1.02337 0.0233734
0.921875 1.02337 0.0233734
0.9375 1.02164 0.0216407
0.9375 1.02164 0.0216407
0.953125 1.02018 0.0201842
0.953125 1.02018 0.0201842
0.96875 1.01903 0.0190349
0.96875 1.01903 0.0190349
0.984375 1.01822 0.0182174
0.984375 1.01822 0.0182174
1 1.01775 0.0177492
