# x y topography
0 1.03065 0.0306524
0.015625 1.03091 0.0309101
0.015625 1.03091 0.0309101
0.03125 1.03131 0.0313137
0.03125 1.03131 0.0313137
0.046875 1.03186 0.0318595
0.046875 1.03186 0.0318595
0.0625 1.03254 0.0325423
0.0625 1.03254 0.0325423
0.078125 1.03336 0.0333554
0.078125 1.03336 0.0333554
0.09375 1.03429 0.0342904
0.09375 1.03429 0.0342904
0.109375 1.03534 0.035338
0.109375 1.03534 0.035338
0.125 1.03649 0.0364875
0.125 1.03649 0.0364875
0.140625 1.03773 0.0377273
0.140625 1.03773 0.0377273
0.15625 1.03904 0.0390449
0.15625 1.03904 0.0390449
0.171875 1.04043 0.0404272
0.171875 1.04043 0.0404272
0.1875 1.04186 0.0418606
0.1875 1.04186 0.0418606
0.203125 1.04333 0.0433313
0.203125 1.04333 0.0433313
0.21875 1.04483 0.0448252
0.21875 1.04483 0.0448252
0.234375 1.04633 0.0463285
0.234375 1.04633 0.0463285
0.25 1.04783 0.0478273
0.25 1.04783 0.0478273
0.265625 1.04931 0.0493081
0.265625 1.04931 0.0493081
0.28125 1.05076 0.0507581
0.28125 1.05076 0.0507581
0.296875 1.05216 0.0521646
0.296875 1.05216 0.0521646
0.3125 1.05352 0.0535158
0.3125 1.05352 0.0535158
0.328125 1.0548 0.0548007
0.328125 1.0548 0.0548007
0.34375 1.05601 0.056009
0.34375 1.05601 0.056009
0.359375 1.05713 0.057131
0.359375 1.05713 0.057131
0.375 1.05816 0.0581582
0.375 1.05816 0.0581582
0.390625 1.05908 0.0590828
0.390625 1.05908 0.0590828
0.40625 1.0599 0.0598979
0.40625 1.0599 0.0598979
0.421875 1.0606 0.0605977
0.421875 1.0606 0.0605977
0.4375 1.06118 0.061177
0.4375 1.06118 0.061177
0.453125 1.06163 0.0616319
0.453125 1.06163 0.0616319
0.46875 1.06196 0.061959
0.46875 1.06196 0.061959
0.484375 1.06216 0.0621562
0.484375 1.06216 0.0621562
0.5 1.06222 0.0622221
0.5 1.06222 0.0622221
0.515625 1.06216 0.0621562
0.515625 1.06216 0.0621562
0.53125 1.06196 0.061959
0.53125 1.06196 0.061959
0.546875 1.06163 0.0616319
0.546875 1.06163 0.0616319
0.5625 1.06118 0.061177
0.5625 1.06118 0.061177
0.578125 1.0606 0.0605977
0.578125 1.0606 0.0605977
0.59375 1.0599 0.0598979
0.59375 1.0599 0.0598979
0.609375 1.05908 0.0590828
0.609375 1.05908 0.0590828
0.625 1.05816 0.0581582
0.625 1.05816 0.0581582
0.640625 1.05713 0.057131
0.640625 1.05713 0.057131
0.65625 1.05601 0.056009
0.65625 1.05601 0.056009
0.671875 1.0548 0.0548007
0.671875 1.0548 0.0548007
0.6875 1.05352 0.0535158
0.6875 1.05352 0.0535158
0.703125 1.05216 0.0521646
0.703125 1.05216 0.0521646
0.71875 1.05076 0.0507581
0.71875 1.05076 0.0507581
0.734375 1.04931 0.0493081
0.734375 1.04931 0.0493081
0.75 1.04783 0.0478273
0.75 1.04783 0.0478273
0.765625 1.04633 0.0463285
0.765625 1.04633 0.0463285
0.78125 1.04483 0.0448252
0.78125 1.04483 0.0448252
0.796875 1.04333 0.0433313
0.796875 1.04333 0.0433313
0.8125 1.04186 0.0418606
0.8125 1.04186 0.0418606
0.828125 1.04043 0.0404272
0.828125 1.04043 0.0404272
0.84375 1.03904 0.0390449
0.84375 1.03904 0.0390449
0.859375 1.03773 0.0377273
0.859375 1.03773 0.0377273
0.875 1.03649 0.0364875
0.875 1.03649 0.0364875
0.890625 1.03534 0.035338
0.890625 1.03534 0.035338
0.90625 1.03429 0.0342904
0.90625 1.03429 0.0342904
0.921875 1.03336 0.0333554
0.921875 1.03336 0.0333554
0.9375 1.03254 0.0325423
0.9375 1.03254 0.0325423
0.953125 1.03186 0.0318595
0.953125 1.03186 0.0318595
0.96875 1.03131 0.0313137
0.96875 1.03131 0.0313137
0.984375 1.03091 0.0309101
0.984375 1.03091 0.0309101
1 1.03065 0.0306524
