# x y topography
0 1.017 0.016996
0.015625 1.01748 0.0174834
0.015625 1.01748 0.0174834
0.03125 1.01834 0.018338
0.03125 1.01834 0.018338
0.046875 1.01954 0.0195405
0.046875 1.01954 0.0195405
0.0625 1.02106 0.0210631
0.0625 1.02106 0.0210631
0.078125 1.02287 0.0228714
0.078125 1.02287 0.0228714
0.09375 1.02493 0.0249264
0.09375 1.02493 0.0249264
0.109375 1.02719 0.0271863
0.109375 1.02719 0.0271863
0.125 1.02961 0.0296081
0.125 1.02961 0.0296081
0.140625 1.03215 0.0321499
0.140625 1.03215 0.0321499
0.15625 1.03477 0.0347716
0.15625 1.03477 0.0347716
0.171875 1.03744 0.0374362
0.171875 1.03744 0.0374362
0.1875 1.04011 0.0401106
0.1875 1.04011 0.0401106
0.203125 1.04277 0.0427654
0.203125 1.04277 0.0427654
0.21875 1.04538 0.0453755
0.21875 1.04538 0.0453755
0.234375 1.04792 0.0479194
0.234375 1.04792 0.0479194
0.25 1.05038 0.0503792
0.25 1.05038 0.0503792
0.265625 1.05274 0.0527398
0.265625 1.05274 0.0527398
0.28125 1.05499 0.0549888
0.28125 1.05499 0.0549888
0.296875 1.05712 0.0571159
0.296875 1.05712 0.0571159
0.3125 1.05911 0.0591124
0.3125 1.05911 0.0591124
0.328125 1.06097 0.0609711
0.328125 1.06097 0.0609711
0.34375 1.06269 0.0626859
0.34375 1.06269 0.0626859
0.359375 1.06425 0.0642515
0.359375 1.06425 0.0642515
0.375 1.06566 0.0656635
0.375 1.06566 0.0656635
0.390625 1.06692 0.066918
0.390625 1.06692 0.066918
0.40625 1.06801 0.0680117
0.40625 1.06801 0.0680117
0.421875 1.06894 0.0689418
0.421875 1.06894 0.0689418
0.4375 1.06971 0.0697059
0.4375 1.06971 0.0697059
0.453125 1.0703 0.0703022
0.453125 1.0703 0.0703022
0.46875 1.07073 0.0707292
0.46875 1.07073 0.0707292
0.484375 1.07099 0.0709858
0.484375 1.07099 0.0709858
0.5 1.07107 0.0710714
0.5 1.07107 0.0710714
0.515625 1.07099 0.0709858
0.515625 1.07099 0.0709858
0.53125 1.07073 0.0707292
0.53125 1.07073 0.0707292
0.546875 1.0703 0.0703022
0.546875 1.0703 0.0703022
0.5625 1.06971 0.0697059
0.5625 1.06971 0.0697059
0.578125 1.06894 0.0689418
0.578125 1.06894 0.0689418
0.59375 1.06801 0.0680117
0.59375 1.06801 0.0680117
0.609375 1.06692 0.066918
0.609375 1.06692 0.066918
0.625 1.06566 0.0656635
0.625 1.06566 0.0656635
0.640625 1.06425 0.0642515
0.640625 1.06425 0.0642515
0.65625 1.06269 0.0626859
0.65625 1.06269 0.0626859
0.671875 1.06097 0.0609711
0.671875 1.06097 0.0609711
0.6875 1.05911 0.0591124
0.6875 1.05911 0.0591124
0.703125 1.05712 0.0571159
0.703125 1.05712 0.0571159
0.71875 1.05499 0.0549888
0.71875 1.05499 0.0549888
0.734375 1.05274 0.0527398
0.734375 1.05274 0.0527398
0.75 1.05038 0.0503792
0.75 1.05038 0.0503792
0.765625 1.04792 0.0479194
0.765625 1.04792 0.0479194
0.78125 1.04538 0.0453755
0.78125 1.04538 0.0453755
0.796875 1.04277 0.0427654
0.796875 1.04277 0.0427654
0.8125 1.04011 0.0401106
0.8125 1.04011 0.0401106
0.828125 1.03744 0.0374362
0.828125 1.03744 0.0374362
0.84375 1.03477 0.0347716
0.84375 1.03477 0.0347716
0.859375 1.03215 0.0321499
0.859375 1.03215 0.0321499
0.875 1.02961 0.0296081
0.875 1.02961 0.0296081
0.890625 1.02719 0.0271863
0.890625 1.02719 0.0271863
0.90625 1.02493 0.0249264
0.90625 1.02493 0.0249264
0.921875 1.02287 0.0228714
0.921875 1.02287 0.0228714
0.9375 1.02106 0.0210631
0.9375 1.02106 0.0210631
0.953125 1.01954 0.0195405
0.953125 1.01954 0.0195405
0.96875 1.01834 0.018338
0.96875 1.01834 0.018338
0.984375 1.01748 0.0174834
0.984375 1.01748 0.0174834
1 1.017 0.016996
