# x y topography
0 1.0276 0.0276045
0.015625 1.0279 0.0278994
0.015625 1.0279 0.0278994
0.03125 1.02838 0.0283766
0.03125 1.02838 0.0283766
0.046875 1.02903 0.0290312
0.046875 1.02903 0.0290312
0.0625 1.02986 0.0298558
0.0625 1.02986 0.0298558
0.078125 1.03084 0.0308411
0.078125 1.03084 0.0308411
0.09375 1.03198 0.0319758
0.09375 1.03198 0.0319758
0.109375 1.03325 0.0332469
0.109375 1.03325 0.0332469
0.125 1.03464 0.0346399
0.125 1.03464 0.0346399
0.140625 1.03614 0.0361392
0.140625 1.03614 0.0361392
0.15625 1.03773 0.0377284
0.15625 1.03773 0.0377284
0.171875 1.03939 0.0393902
0.171875 1.03939 0.0393902
0.1875 1.04111 0.0411073
0.1875 1.04111 0.0411073
0.203125 1.04286 0.042862
0.203125 1.04286 0.042862
0.21875 1.04464 0.044637
0.21875 1.04464 0.044637
0.234375 1.04642 0.0464151
0.234375 1.04642 0.0464151
0.25 1.04818 0.0481798
0.25 1.04818 0.0481798
0.265625 1.04992 0.0499154
0.265625 1.04992 0.0499154
0.28125 1.05161 0.0516068
0.28125 1.05161 0.0516068
0.296875 1.05324 0.0532401
0.296875 1.05324 0.0532401
0.3125 1.0548 0.0548023
0.3125 1.0548 0.0548023
0.328125 1.05628 0.0562813
0.328125 1.05628 0.0562813
0.34375 1.05767 0.0576663
0.34375 1.05767 0.0576663
0.359375 1.05895 0.0589475
0.359375 1.05895 0.0589475
0.375 1.06012 0.0601162
0.375 1.06012 0.0601162
0.390625 1.06116 0.0611647
0.390625 1.06116 0.0611647
0.40625 1.06209 0.0620864
0.40625 1.06209 0.0620864
0.421875 1.06288 0.0628755
0.421875 1.06288 0.0628755
0.4375 1.06353 0.0635275
0.4375 1.06353 0.0635275
0.453125 1.06404 0.0640384
0.453125 1.06404 0.0640384
0.46875 1.06441 0.0644054
0.46875 1.06441 0.0644054
0.484375 1.06463 0.0646264
0.484375 1.06463 0.0646264
0.5 1.0647 0.0647003
0.5 1.0647 0.0647003
0.515625 1.06463 0.0646264
0.515625 1.06463 0.0646264
0.53125 1.06441 0.0644054
0.53125 1.06441 0.0644054
0.546875 1.06404 0.0640384
0.546875 1.06404 0.0640384
0.5625 1.06353 0.0635275
0.5625 1.06353 0.0635275
0.578125 1.06288 0.0628755
0.578125 1.06288 0.0628755
0.59375 1.06209 0.0620864
0.59375 1.06209 0.0620864
0.609375 1.06116 0.0611647
0.609375 1.06116 0.0611647
0.625 1.06012 0.0601162
0.625 1.06012 0.0601162
0.640625 1.05895 0.0589475
0.640625 1.05895 0.0589475
0.65625 1.05767 0.0576663
0.65625 1.05767 0.0576663
0.671875 1.05628 0.0562813
0.671875 1.05628 0.0562813
0.6875 1.0548 0.0548023
0.6875 1.0548 0.0548023
0.703125 1.05324 0.0532401
0.703125 1.05324 0.0532401
0.71875 1.05161 0.0516068
0.71875 1.05161 0.0516068
0.734375 1.04992 0.0499154
0.734375 1.04992 0.0499154
0.75 1.04818 0.0481798
0.75 1.04818 0.0481798
0.765625 1.04642 0.0464151
0.765625 1.04642 0.0464151
0.78125 1.04464 0.044637
0.78125 1.04464 0.044637
0.796875 1.04286 0.042862
0.796875 1.04286 0.042862
0.8125 1.04111 0.0411073
0.8125 1.04111 0.0411073
0.828125 1.03939 0.0393902
0.828125 1.03939 0.0393902
0.84375 1.03773 0.0377284
0.84375 1.03773 0.0377284
0.859375 1.03614 0.0361392
0.859375 1.03614 0.0361392
0.875 1.03464 0.0346399
0.875 1.03464 0.0346399
0.890625 1.03325 0.0332469
0.890625 1.03325 0.0332469
0.90625 1.03198 0.0319758
0.90625 1.03198 0.0319758
0.921875 1.03084 0.0308411
0.921875 1.03084 0.0308411
0.9375 1.02986 0.0298558
0.9375 1.02986 0.0298558
0.953125 1.02903 0.0290312
0.953125 1.02903 0.0290312
0.96875 1.02838 0.0283766
0.96875 1.02838 0.0283766
0.984375 1.0279 0.0278994
0.984375 1.0279 0.0278994
1 1.0276 0.0276045
