# x y topography
0 1.02621 0.0262129
0.015625 1.02653 0.0265265
0.015625 1.02653 0.0265265
0.03125 1.02704 0.0270407
0.03125 1.02704 0.0270407
0.046875 1.02775 0.0277498
0.046875 1.02775 0.0277498
0.0625 1.02865 0.0286451
0.0625 1.02865 0.0286451
0.078125 1.02972 0.0297157
0.078125 1.02972 0.0297157
0.09375 1.03095 0.0309486
0.09375 1.03095 0.0309486
0.109375 1.03233 0.0323288
0.109375 1.03233 0.0323288
0.125 1.03384 0.0338396
0.125 1.03384 0.0338396
0.140625 1.03546 0.0354632
0.140625 1.03546 0.0354632
0.15625 1.03718 0.0371809
0.15625 1.03718 0.0371809
0.171875 1.03897 0.0389734
0.171875 1.03897 0.0389734
0.1875 1.04082 0.0408213
0.1875 1.04082 0.0408213
0.203125 1.04271 0.0427051
0.203125 1.04271 0.0427051
0.21875 1.04461 0.0446057
0.21875 1.04461 0.0446057
0.234375 1.0465 0.0465048
0.234375 1.0465 0.0465048
0.25 1.04838 0.0483847
0.25 1.04838 0.0483847
0.265625 1.05023 0.0502287
0.265625 1.05023 0.0502287
0.28125 1.05202 0.0520211
0.28125 1.05202 0.0520211
0.296875 1.05375 0.0537475
0.296875 1.05375 0.0537475
0.3125 1.05539 0.0553947
0.3125 1.05539 0.0553947
0.328125 1.05695 0.0569505
0.328125 1.05695 0.0569505
0.34375 1.0584 0.0584043
0.34375 1.0584 0.0584043
0.359375 1.05975 0.0597463
0.359375 1.05975 0.0597463
0.375 1.06097 0.0609682
0.375 1.06097 0.0609682
0.390625 1.06206 0.0620626
0.390625 1.06206 0.0620626
0.40625 1.06302 0.0630231
0.40625 1.06302 0.0630231
0.421875 1.06384 0.0638444
0.421875 1.06384 0.0638444
0.4375 1.06452 0.0645222
0.4375 1.06452 0.0645222
0.453125 1.06505 0.065053
0.453125 1.06505 0.065053
0.46875 1.06543 0.0654339
0.46875 1.06543 0.0654339
0.484375 1.06566 0.0656633
0.484375 1.06566 0.0656633
0.5 1.06574 0.0657399
0.5 1.06574 0.0657399
0.515625 1.06566 0.0656633
0.515625 1.06566 0.0656633
0.53125 1.06543 0.0654339
0.53125 1.06543 0.0654339
0.546875 1.06505 0.065053
0.546875 1.06505 0.065053
0.5625 1.06452 0.0645222
0.5625 1.06452 0.0645222
0.578125 1.06384 0.0638444
0.578125 1.06384 0.0638444
0.59375 1.06302 0.0630231
0.59375 1.06302 0.0630231
0.609375 1.06206 0.0620626
0.609375 1.06206 0.0620626
0.625 1.06097 0.0609682
0.625 1.06097 0.0609682
0.640625 1.05975 0.0597463
0.640625 1.05975 0.0597463
0.65625 1.0584 0.0584043
0.65625 1.0584 0.0584043
0.671875 1.05695 0.0569505
0.671875 1.05695 0.0569505
0.6875 1.05539 0.0553947
0.6875 1.05539 0.0553947
0.703125 1.05375 0.0537475
0.703125 1.05375 0.0537475
0.71875 1.05202 0.0520211
0.71875 1.05202 0.0520211
0.734375 1.05023 0.0502287
0.734375 1.05023 0.0502287
0.75 1.04838 0.0483847
0.75 1.04838 0.0483847
0.765625 1.0465 0.0465048
0.765625 1.0465 0.0465048
0.78125 1.04461 0.0446057
0.78125 1.04461 0.0446057
0.796875 1.04271 0.0427051
0.796875 1.04271 0.0427051
0.8125 1.04082 0.0408213
0.8125 1.04082 0.0408213
0.828125 1.03897 0.0389734
0.828125 1.03897 0.0389734
0.84375 1.03718 0.0371809
0.84375 1.03718 0.0371809
0.859375 1.03546 0.0354632
0.859375 1.03546 0.0354632
0.875 1.03384 0.0338396
0.875 1.03384 0.0338396
0.890625 1.03233 0.0323288
0.890625 1.03233 0.0323288
0.90625 1.03095 0.0309486
0.90625 1.03095 0.0309486
0.921875 1.02972 0.0297157
0.921875 1.02972 0.0297157
0.9375 1.02865 0.0286451
0.9375 1.02865 0.0286451
0.953125 1.02775 0.0277498
0.953125 1.02775 0.0277498
0.96875 1.02704 0.0270407
0.96875 1.02704 0.0270407
0.984375 1.02653 0.0265265
0.984375 1.02653 0.0265265
1 1.02621 0.0262129
