# x y topography
0 1.02816 0.0281618
0.015625 1.02845 0.0284495
0.015625 1.02845 0.0284495
0.03125 1.02891 0.0289126
0.03125 1.02891 0.0289126
0.046875 1.02955 0.0295463
0.046875 1.02955 0.0295463
0.0625 1.03034 0.0303438
0.0625 1.03034 0.0303438
0.078125 1.0313 0.0312962
0.078125 1.0313 0.0312962
0.09375 1.03239 0.0323928
0.09375 1.03239 0.0323928
0.109375 1.03362 0.0336215
0.109375 1.03362 0.0336215
0.125 1.03497 0.0349686
0.125 1.03497 0.0349686
0.140625 1.03642 0.0364193
0.140625 1.03642 0.0364193
0.15625 1.03796 0.0379578
0.15625 1.03796 0.0379578
0.171875 1.03957 0.0395678
0.171875 1.03957 0.0395678
0.1875 1.04123 0.0412327
0.1875 1.04123 0.0412327
0.203125 1.04294 0.0429356
0.203125 1.04294 0.0429356
0.21875 1.04466 0.0446596
0.21875 1.04466 0.0446596
0.234375 1.04639 0.0463883
0.234375 1.04639 0.0463883
0.25 1.04811 0.0481057
0.25 1.04811 0.0481057
0.265625 1.0498 0.0497964
0.265625 1.0498 0.0497964
0.28125 1.05145 0.0514456
0.28125 1.05145 0.0514456
0.296875 1.05304 0.0530397
0.296875 1.05304 0.0530397
0.3125 1.05457 0.0545656
0.3125 1.05457 0.0545656
0.328125 1.05601 0.0560117
0.328125 1.05601 0.0560117
0.34375 1.05737 0.057367
0.34375 1.05737 0.057367
0.359375 1.05862 0.0586217
0.359375 1.05862 0.0586217
0.375 1.05977 0.059767
0.375 1.05977 0.059767
0.390625 1.0608 0.0607952
0.390625 1.0608 0.0607952
0.40625 1.0617 0.0616996
0.40625 1.0617 0.0616996
0.421875 1.06247 0.0624743
0.421875 1.06247 0.0624743
0.4375 1.06311 0.0631147
0.4375 1.06311 0.0631147
0.453125 1.06362 0.0636166
0.453125 1.06362 0.0636166
0.46875 1.06398 0.0639773
0.46875 1.06398 0.0639773
0.484375 1.06419 0.0641946
0.484375 1.06419 0.0641946
0.5 1.06427 0.0642671
0.5 1.06427 0.0642671
0.515625 1.06419 0.0641946
0.515625 1.06419 0.0641946
0.53125 1.06398 0.0639773
0.53125 1.06398 0.0639773
0.546875 1.06362 0.0636166
0.546875 1.06362 0.0636166
0.5625 1.06311 0.0631147
0.5625 1.06311 0.0631147
0.578125 1.06247 0.0624743
0.578125 1.06247 0.0624743
0.59375 1.0617 0.0616996
0.59375 1.0617 0.0616996
0.609375 1.0608 0.0607952
0.609375 1.0608 0.0607952
0.625 1.05977 0.059767
0.625 1.05977 0.059767
0.640625 1.05862 0.0586217
0.640625 1.05862 0.0586217
0.65625 1.05737 0.057367
0.65625 1.05737 0.057367
0.671875 1.05601 0.0560117
0.671875 1.05601 0.0560117
0.6875 1.05457 0.0545656
0.6875 1.05457 0.0545656
0.703125 1.05304 0.0530397
0.703125 1.05304 0.0530397
0.71875 1.05145 0.0514456
0.71875 1.05145 0.0514456
0.734375 1.0498 0.0497964
0.734375 1.0498 0.0497964
0.75 1.04811 0.0481057
0.75 1.04811 0.0481057
0.765625 1.04639 0.0463883
0.765625 1.04639 0.0463883
0.78125 1.04466 0.0446596
0.78125 1.04466 0.0446596
0.796875 1.04294 0.0429356
0.796875 1.04294 0.0429356
0.8125 1.04123 0.0412327
0.8125 1.04123 0.0412327
0.828125 1.03957 0.0395678
0.828125 1.03957 0.0395678
0.84375 1.03796 0.0379578
0.84375 1.03796 0.0379578
0.859375 1.03642 0.0364193
0.859375 1.03642 0.0364193
0.875 1.03497 0.0349686
0.875 1.03497 0.0349686
0.890625 1.03362 0.0336215
0.890625 1.03362 0.0336215
0.90625 1.03239 0.0323928
0.90625 1.03239 0.0323928
0.921875 1.0313 0.0312962
0.921875 1.0313 0.0312962
0.9375 1.03034 0.0303438
0.9375 1.03034 0.0303438
0.953125 1.02955 0.0295463
0.953125 1.02955 0.0295463
0.96875 1.02891 0.0289126
0.96875 1.02891 0.0289126
0.984375 1.02845 0.0284495
0.984375 1.02845 0.0284495
1 1.02816 0.0281618
