# x y topography
0 1.03312 0.0331154
0.015625 1.03335 0.0333459
0.015625 1.03335 0.0333459
0.03125 1.0337 0.0336955
0.03125 1.0337 0.0336955
0.046875 1.03416 0.0341615
0.046875 1.03416 0.0341615
0.0625 1.03474 0.0347397
0.0625 1.03474 0.0347397
0.078125 1.03543 0.035425
0.078125 1.03543 0.035425
0.09375 1.03621 0.0362111
0.09375 1.03621 0.0362111
0.109375 1.03709 0.0370905
0.109375 1.03709 0.0370905
0.125 1.03806 0.0380551
0.125 1.03806 0.0380551
0.140625 1.0391 0.0390958
0.140625 1.0391 0.0390958
0.15625 1.0402 0.0402027
0.15625 1.0402 0.0402027
0.171875 1.04137 0.0413654
0.171875 1.04137 0.0413654
0.1875 1.04257 0.0425731
0.1875 1.04257 0.0425731
0.203125 1.04381 0.0438146
0.203125 1.04381 0.0438146
0.21875 1.04508 0.0450784
0.21875 1.04508 0.0450784
0.234375 1.04635 0.0463531
0.234375 1.04635 0.0463531
0.25 1.04763 0.0476271
0.25 1.04763 0.0476271
0.265625 1.04889 0.048889
0.265625 1.04889 0.048889
0.28125 1.05013 0.0501278
0.28125 1.05013 0.0501278
0.296875 1.05133 0.0513326
0.296875 1.05133 0.0513326
0.3125 1.05249 0.0524931
0.3125 1.05249 0.0524931
0.328125 1.0536 0.0535993
0.328125 1.0536 0.0535993
0.34375 1.05464 0.0546421
0.34375 1.05464 0.0546421
0.359375 1.05561 0.0556127
0.359375 1.05561 0.0556127
0.375 1.0565 0.0565031
0.375 1.0565 0.0565031
0.390625 1.05731 0.0573063
0.390625 1.05731 0.0573063
0.40625 1.05802 0.0580156
0.40625 1.05802 0.0580156
0.421875 1.05863 0.0586255
0.421875 1.05863 0.0586255
0.4375 1.05913 0.0591311
0.4375 1.05913 0.0591311
0.453125 1.05953 0.0595285
0.453125 1.05953 0.0595285
0.46875 1.05981 0.0598146
0.46875 1.05981 0.0598146
0.484375 1.05999 0.0599871
0.484375 1.05999 0.0599871
0.5 1.06004 0.0600448
0.5 1.06004 0.0600448
0.515625 1.05999 0.0599871
0.515625 1.05999 0.0599871
0.53125 1.05981 0.0598146
0.53125 1.05981 0.0598146
0.546875 1.05953 0.0595285
0.546875 1.05953 0.0595285
0.5625 1.05913 0.0591311
0.5625 1.05913 0.0591311
0.578125 1.05863 0.0586255
0.578125 1.05863 0.0586255
0.59375 1.05802 0.0580156
0.59375 1.05802 0.0580156
0.609375 1.05731 0.0573063
0.609375 1.05731 0.0573063
0.625 1.0565 0.0565031
0.625 1.0565 0.0565031
0.640625 1.05561 0.0556127
0.640625 1.05561 0.0556127
0.65625 1.05464 0.0546421
0.65625 1.05464 0.0546421
0.671875 1.0536 0.0535993
0.671875 1.0536 0.0535993
0.6875 1.05249 0.0524931
0.6875 1.05249 0.0524931
0.703125 1.05133 0.0513326
0.703125 1.05133 0.0513326
0.71875 1.05013 0.0501278
0.71875 1.05013 0.0501278
0.734375 1.04889 0.048889
0.734375 1.04889 0.048889
0.75 1.04763 0.0476271
0.75 1.04763 0.0476271
0.765625 1.04635 0.0463531
0.765625 1.04635 0.0463531
0.78125 1.04508 0.0450784
0.78125 1.04508 0.0450784
0.796875 1.04381 0.0438146
0.796875 1.04381 0.0438146
0.8125 1.04257 0.0425731
0.8125 1.04257 0.0425731
0.828125 1.04137 0.0413654
0.828125 1.04137 0.0413654
0.84375 1.0402 0.0402027
0.84375 1.0402 0.0402027
0.859375 1.0391 0.0390958
0.859375 1.0391 0.0390958
0.875 1.03806 0.0380551
0.875 1.03806 0.0380551
0.890625 1.03709 0.0370905
0.890625 1.03709 0.0370905
0.90625 1.03621 0.0362111
0.90625 1.03621 0.0362111
0.921875 1.03543 0.035425
0.921875 1.03543 0.035425
0.9375 1.03474 0.0347397
0.9375 1.03474 0.0347397
0.953125 1.03416 0.0341615
0.953125 1.03416 0.0341615
0.96875 1.0337 0.0336955
0.96875 1.0337 0.0336955
0.984375 1.03335 0.0333459
0.984375 1.03335 0.0333459
1 1.03312 0.0331154
