# x y topography
0 1.01132 0.0113185
0.015625 1.01201 0.0120116
0.015625 1.01201 0.0120116
0.03125 1.01326 0.0132584
0.03125 1.01326 0.0132584
0.046875 1.015 0.0150036
0.046875 1.015 0.0150036
0.0625 1.01717 0.0171734
0.0625 1.01717 0.0171734
0.078125 1.01968 0.019684
0.078125 1.01968 0.019684
0.09375 1.02245 0.02245
0.09375 1.02245 0.02245
0.109375 1.02539 0.0253911
0.109375 1.02539 0.0253911
0.125 1.02844 0.0284369
0.125 1.02844 0.0284369
0.140625 1.03153 0.031529
0.140625 1.03153 0.031529
0.15625 1.03462 0.0346213
0.15625 1.03462 0.0346213
0.171875 1.03768 0.0376785
0.171875 1.03768 0.0376785
0.1875 1.04067 0.0406743
0.1875 1.04067 0.0406743
0.203125 1.04359 0.0435894
0.203125 1.04359 0.0435894
0.21875 1.04641 0.046409
0.21875 1.04641 0.046409
0.234375 1.04912 0.0491221
0.234375 1.04912 0.0491221
0.25 1.05172 0.0517195
0.25 1.05172 0.0517195
0.265625 1.05419 0.0541937
0.265625 1.05419 0.0541937
0.28125 1.05654 0.056538
0.28125 1.05654 0.056538
0.296875 1.05875 0.0587464
0.296875 1.05875 0.0587464
0.3125 1.06081 0.0608133
0.3125 1.06081 0.0608133
0.328125 1.06273 0.0627339
0.328125 1.06273 0.0627339
0.34375 1.0645 0.0645033
0.34375 1.0645 0.0645033
0.359375 1.06612 0.0661173
0.359375 1.06612 0.0661173
0.375 1.06757 0.0675721
0.375 1.06757 0.0675721
0.390625 1.06886 0.0688641
0.390625 1.06886 0.0688641
0.40625 1.06999 0.0699901
0.40625 1.06999 0.0699901
0.421875 1.07095 0.0709476
0.421875 1.07095 0.0709476
0.4375 1.07173 0.0717341
0.4375 1.07173 0.0717341
0.453125 1.07235 0.0723479
0.453125 1.07235 0.0723479
0.46875 1.07279 0.0727873
0.46875 1.07279 0.0727873
0.484375 1.07305 0.0730514
0.484375 1.07305 0.0730514
0.5 1.07314 0.0731395
0.5 1.07314 0.0731395
0.515625 1.07305 0.0730514
0.515625 1.07305 0.0730514
0.53125 1.07279 0.0727873
0.53125 1.07279 0.0727873
0.546875 1.07235 0.0723479
0.546875 1.07235 0.0723479
0.5625 1.07173 0.0717341
0.5625 1.07173 0.0717341
0.578125 1.07095 0.0709476
0.578125 1.07095 0.0709476
0.59375 1.06999 0.0699901
0.59375 1.06999 0.0699901
0.609375 1.06886 0.0688641
0.609375 1.06886 0.0688641
0.625 1.06757 0.0675721
0.625 1.06757 0.0675721
0.640625 1.06612 0.0661173
0.640625 1.06612 0.0661173
0.65625 1.0645 0.0645033
0.65625 1.0645 0.0645033
0.671875 1.06273 0.0627339
0.671875 1.06273 0.0627339
0.6875 1.06081 0.0608133
0.6875 1.06081 0.0608133
0.703125 1.05875 0.0587464
0.703125 1.05875 0.0587464
0.71875 1.05654 0.056538
0.71875 1.05654 0.056538
0.734375 1.05419 0.0541937
0.734375 1.05419 0.0541937
0.75 1.05172 0.0517195
0.75 1.05172 0.0517195
0.765625 1.04912 0.0491221
0.765625 1.04912 0.0491221
0.78125 1.04641 0.046409
0.78125 1.04641 0.046409
0.796875 1.04359 0.0435894
0.796875 1.04359 0.0435894
0.8125 1.04067 0.0406743
0.8125 1.04067 0.0406743
0.828125 1.03768 0.0376785
0.828125 1.03768 0.0376785
0.84375 1.03462 0.0346213
0.84375 1.03462 0.0346213
0.859375 1.03153 0.031529
0.859375 1.03153 0.031529
0.875 1.02844 0.0284369
0.875 1.02844 0.0284369
0.890625 1.02539 0.0253911
0.890625 1.02539 0.0253911
0.90625 1.02245 0.02245
0.90625 1.02245 0.02245
0.921875 1.01968 0.019684
0.921875 1.01968 0.019684
0.9375 1.01717 0.0171734
0.9375 1.01717 0.0171734
0.953125 1.015 0.0150036
0.953125 1.015 0.0150036
0.96875 1.01326 0.0132584
0.96875 1.01326 0.0132584
0.984375 1.01201 0.0120116
0.984375 1.01201 0.0120116
1 1.01132 0.0113185
