# x y topography
0 1.02741 0.0274137
0.015625 1.02771 0.0277111
0.015625 1.02771 0.0277111
0.03125 1.02819 0.0281933
0.03125 1.02819 0.0281933
0.046875 1.02886 0.0288551
0.046875 1.02886 0.0288551
0.0625 1.02969 0.0296892
0.0625 1.02969 0.0296892
0.078125 1.03069 0.0306859
0.078125 1.03069 0.0306859
0.09375 1.03183 0.0318338
0.09375 1.03183 0.0318338
0.109375 1.03312 0.0331195
0.109375 1.03312 0.0331195
0.125 1.03453 0.0345284
0.125 1.03453 0.0345284
0.140625 1.03604 0.0360445
0.140625 1.03604 0.0360445
0.15625 1.03765 0.0376511
0.15625 1.03765 0.0376511
0.171875 1.03933 0.0393308
0.171875 1.03933 0.0393308
0.1875 1.04107 0.0410658
0.1875 1.04107 0.0410658
0.203125 1.04284 0.0428382
0.203125 1.04284 0.0428382
0.21875 1.04463 0.0446305
0.21875 1.04463 0.0446305
0.234375 1.04643 0.0464254
0.234375 1.04643 0.0464254
0.25 1.04821 0.0482062
0.25 1.04821 0.0482062
0.265625 1.04996 0.049957
0.265625 1.04996 0.049957
0.28125 1.05166 0.0516627
0.28125 1.05166 0.0516627
0.296875 1.05331 0.0533091
0.296875 1.05331 0.0533091
0.3125 1.05488 0.0548834
0.3125 1.05488 0.0548834
0.328125 1.05637 0.0563734
0.328125 1.05637 0.0563734
0.34375 1.05777 0.0577683
0.34375 1.05777 0.0577683
0.359375 1.05906 0.0590583
0.359375 1.05906 0.0590583
0.375 1.06023 0.0602347
0.375 1.06023 0.0602347
0.390625 1.06129 0.0612899
0.390625 1.06129 0.0612899
0.40625 1.06222 0.0622172
0.40625 1.06222 0.0622172
0.421875 1.06301 0.0630111
0.421875 1.06301 0.0630111
0.4375 1.06367 0.0636669
0.4375 1.06367 0.0636669
0.453125 1.06418 0.0641808
0.453125 1.06418 0.0641808
0.46875 1.06455 0.0645498
0.46875 1.06455 0.0645498
0.484375 1.06477 0.0647721
0.484375 1.06477 0.0647721
0.5 1.06485 0.0648463
0.5 1.06485 0.0648463
0.515625 1.06477 0.0647721
0.515625 1.06477 0.0647721
0.53125 1.06455 0.0645498
0.53125 1.06455 0.0645498
0.546875 1.06418 0.0641808
0.546875 1.06418 0.0641808
0.5625 1.06367 0.0636669
0.5625 1.06367 0.0636669
0.578125 1.06301 0.0630111
0.578125 1.06301 0.0630111
0.59375 1.06222 0.0622172
0.59375 1.06222 0.0622172
0.609375 1.06129 0.0612899
0.609375 1.06129 0.0612899
0.625 1.06023 0.0602347
0.625 1.06023 0.0602347
0.640625 1.05906 0.0590583
0.640625 1.05906 0.0590583
0.65625 1.05777 0.0577683
0.65625 1.05777 0.0577683
0.671875 1.05637 0.0563734
0.671875 1.05637 0.0563734
0.6875 1.05488 0.0548834
0.6875 1.05488 0.0548834
0.703125 1.05331 0.0533091
0.703125 1.05331 0.0533091
0.71875 1.05166 0.0516627
0.71875 1.05166 0.0516627
0.734375 1.04996 0.049957
0.734375 1.04996 0.049957
0.75 1.04821 0.0482062
0.75 1.04821 0.0482062
0.765625 1.04643 0.0464254
0.765625 1.04643 0.0464254
0.78125 1.04463 0.0446305
0.78125 1.04463 0.0446305
0.796875 1.04284 0.0428382
0.796875 1.04284 0.0428382
0.8125 1.04107 0.0410658
0.8125 1.04107 0.0410658
0.828125 1.03933 0.0393308
0.828125 1.03933 0.0393308
0.84375 1.03765 0.0376511
0.84375 1.03765 0.0376511
0.859375 1.03604 0.0360445
0.859375 1.03604 0.0360445
0.875 1.03453 0.0345284
0.875 1.03453 0.0345284
0.890625 1.03312 0.0331195
0.890625 1.03312 0.0331195
0.90625 1.03183 0.0318338
0.90625 1.03183 0.0318338
0.921875 1.03069 0.0306859
0.921875 1.03069 0.0306859
0.9375 1.02969 0.0296892
0.9375 1.02969 0.0296892
0.953125 1.02886 0.0288551
0.953125 1.02886 0.0288551
0.96875 1.02819 0.0281933
0.96875 1.02819 0.0281933
0.984375 1.02771 0.0277111
0.984375 1.02771 0.0277111
1 1.02741 0.0274137
