# x y topography
0 1.02372 0.0237196
0.015625 1.02407 0.0240703
0.015625 1.02407 0.0240703
0.03125 1.02466 0.0246577
0.03125 1.02466 0.0246577
0.046875 1.02547 0.025474
0.046875 1.02547 0.025474
0.0625 1.02651 0.0265079
0.0625 1.02651 0.0265079
0.078125 1.02774 0.0277448
0.078125 1.02774 0.0277448
0.09375 1.02917 0.0291676
0.09375 1.02917 0.0291676
0.109375 1.03076 0.0307566
0.109375 1.03076 0.0307566
0.125 1.03249 0.0324906
0.125 1.03249 0.0324906
0.140625 1.03435 0.0343468
0.140625 1.03435 0.0343468
0.15625 1.0363 0.036302
0.15625 1.0363 0.036302
0.171875 1.03833 0.0383326
0.171875 1.03833 0.0383326
0.1875 1.04042 0.0404152
0.1875 1.04042 0.0404152
0.203125 1.04253 0.0425268
0.203125 1.04253 0.0425268
0.21875 1.04465 0.0446457
0.21875 1.04465 0.0446457
0.234375 1.04675 0.0467512
0.234375 1.04675 0.0467512
0.25 1.04882 0.0488238
0.25 1.04882 0.0488238
0.265625 1.05085 0.0508459
0.265625 1.05085 0.0508459
0.28125 1.0528 0.0528011
0.28125 1.0528 0.0528011
0.296875 1.05467 0.0546748
0.296875 1.05467 0.0546748
0.3125 1.05645 0.0564539
0.3125 1.05645 0.0564539
0.328125 1.05813 0.0581269
0.328125 1.05813 0.0581269
0.34375 1.05968 0.0596836
0.34375 1.05968 0.0596836
0.359375 1.06112 0.0611152
0.359375 1.06112 0.0611152
0.375 1.06241 0.0624141
0.375 1.06241 0.0624141
0.390625 1.06357 0.063574
0.390625 1.06357 0.063574
0.40625 1.06459 0.0645892
0.40625 1.06459 0.0645892
0.421875 1.06546 0.0654554
0.421875 1.06546 0.0654554
0.4375 1.06617 0.0661689
0.4375 1.06617 0.0661689
0.453125 1.06673 0.0667267
0.453125 1.06673 0.0667267
0.46875 1.06713 0.0671267
0.46875 1.06713 0.0671267
0.484375 1.06737 0.0673673
0.484375 1.06737 0.0673673
0.5 1.06745 0.0674476
0.5 1.06745 0.0674476
0.515625 1.06737 0.0673673
0.515625 1.06737 0.0673673
0.53125 1.06713 0.0671267
0.53125 1.06713 0.0671267
0.546875 1.06673 0.0667267
0.546875 1.06673 0.0667267
0.5625 1.06617 0.0661689
0.5625 1.06617 0.0661689
0.578125 1.06546 0.0654554
0.578125 1.06546 0.0654554
0.59375 1.06459 0.0645892
0.59375 1.06459 0.0645892
0.609375 1.06357 0.063574
0.609375 1.06357 0.063574
0.625 1.06241 0.0624141
0.625 1.06241 0.0624141
0.640625 1.06112 0.0611152
0.640625 1.06112 0.0611152
0.65625 1.05968 0.0596836
0.65625 1.05968 0.0596836
0.671875 1.05813 0.0581269
0.671875 1.05813 0.0581269
0.6875 1.05645 0.0564539
0.6875 1.05645 0.0564539
0.703125 1.05467 0.0546748
0.703125 1.05467 0.0546748
0.71875 1.0528 0.0528011
0.71875 1.0528 0.0528011
0.734375 1.05085 0.0508459
0.734375 1.05085 0.0508459
0.75 1.04882 0.0488238
0.75 1.04882 0.0488238
0.765625 1.04675 0.0467512
0.765625 1.04675 0.0467512
0.78125 1.04465 0.0446457
0.78125 1.04465 0.0446457
0.796875 1.04253 0.0425268
0.796875 1.04253 0.0425268
0.8125 1.04042 0.0404152
0.8125 1.04042 0.0404152
0.828125 1.03833 0.0383326
0.828125 1.03833 0.0383326
0.84375 1.0363 0.036302
0.84375 1.0363 0.036302
0.859375 1.03435 0.0343468
0.859375 1.03435 0.0343468
0.875 1.03249 0.0324906
0.875 1.03249 0.0324906
0.890625 1.03076 0.0307566
0.890625 1.03076 0.0307566
0.90625 1.02917 0.0291676
0.90625 1.02917 0.0291676
0.921875 1.02774 0.0277448
0.921875 1.02774 0.0277448
0.9375 1.02651 0.0265079
0.9375 1.02651 0.0265079
0.953125 1.02547 0.025474
0.953125 1.02547 0.025474
0.96875 1.02466 0.0246577
0.96875 1.02466 0.0246577
0.984375 1.02407 0.0240703
0.984375 1.02407 0.0240703
1 1.02372 0.0237196
