# x y topography
0 1.01931 0.0193142
0.015625 1.01975 0.0197464
0.015625 1.01975 0.0197464
0.03125 1.02049 0.0204936
0.03125 1.02049 0.0204936
0.046875 1.02154 0.0215421
0.046875 1.02154 0.0215421
0.0625 1.02287 0.0228719
0.0625 1.02287 0.0228719
0.078125 1.02446 0.0244581
0.078125 1.02446 0.0244581
0.09375 1.02627 0.0262717
0.09375 1.02627 0.0262717
0.109375 1.02828 0.0282806
0.109375 1.02828 0.0282806
0.125 1.03045 0.0304514
0.125 1.03045 0.0304514
0.140625 1.03275 0.0327497
0.140625 1.03275 0.0327497
0.15625 1.03514 0.0351417
0.15625 1.03514 0.0351417
0.171875 1.03759 0.037595
0.171875 1.03759 0.037595
0.1875 1.04008 0.040079
0.1875 1.04008 0.040079
0.203125 1.04257 0.0425655
0.203125 1.04257 0.0425655
0.21875 1.04503 0.0450293
0.21875 1.04503 0.0450293
0.234375 1.04745 0.0474476
0.234375 1.04745 0.0474476
0.25 1.0498 0.0498007
0.25 1.0498 0.0498007
0.265625 1.05207 0.0520714
0.265625 1.05207 0.0520714
0.28125 1.05424 0.0542449
0.28125 1.05424 0.0542449
0.296875 1.05631 0.0563086
0.296875 1.05631 0.0563086
0.3125 1.05825 0.058252
0.3125 1.05825 0.058252
0.328125 1.06007 0.060066
0.328125 1.06007 0.060066
0.34375 1.06174 0.0617431
0.34375 1.06174 0.0617431
0.359375 1.06328 0.0632768
0.359375 1.06328 0.0632768
0.375 1.06466 0.0646617
0.375 1.06466 0.0646617
0.390625 1.06589 0.0658933
0.390625 1.06589 0.0658933
0.40625 1.06697 0.0669678
0.40625 1.06697 0.0669678
0.421875 1.06788 0.0678821
0.421875 1.06788 0.0678821
0.4375 1.06863 0.0686335
0.4375 1.06863 0.0686335
0.453125 1.06922 0.0692201
0.453125 1.06922 0.0692201
0.46875 1.06964 0.0696401
0.46875 1.06964 0.0696401
0.484375 1.06989 0.0698926
0.484375 1.06989 0.0698926
0.5 1.06998 0.0699768
0.5 1.06998 0.0699768
0.515625 1.06989 0.0698926
0.515625 1.06989 0.0698926
0.53125 1.06964 0.0696401
0.53125 1.06964 0.0696401
0.546875 1.06922 0.0692201
0.546875 1.06922 0.0692201
0.5625 1.06863 0.0686335
0.5625 1.06863 0.0686335
0.578125 1.06788 0.0678821
0.578125 1.06788 0.0678821
0.59375 1.06697 0.0669678
0.59375 1.06697 0.0669678
0.609375 1.06589 0.0658933
0.609375 1.06589 0.0658933
0.625 1.06466 0.0646617
0.625 1.06466 0.0646617
0.640625 1.06328 0.0632768
0.640625 1.06328 0.0632768
0.65625 1.06174 0.0617431
0.65625 1.06174 0.0617431
0.671875 1.06007 0.060066
0.671875 1.06007 0.060066
0.6875 1.05825 0.058252
0.6875 1.05825 0.058252
0.703125 1.05631 0.0563086
0.703125 1.05631 0.0563086
0.71875 1.05424 0.0542449
0.71875 1.05424 0.0542449
0.734375 1.05207 0.0520714
0.734375 1.05207 0.0520714
0.75 1.0498 0.0498007
0.75 1.0498 0.0498007
0.765625 1.04745 0.0474476
0.765625 1.04745 0.0474476
0.78125 1.04503 0.0450293
0.78125 1.04503 0.0450293
0.796875 1.04257 0.0425655
0.796875 1.04257 0.0425655
0.8125 1.04008 0.040079
0.8125 1.04008 0.040079
0.828125 1.03759 0.037595
0.828125 1.03759 0.037595
0.84375 1.03514 0.0351417
0.84375 1.03514 0.0351417
0.859375 1.03275 0.0327497
0.859375 1.03275 0.0327497
0.875 1.03045 0.0304514
0.875 1.03045 0.0304514
0.890625 1.02828 0.0282806
0.890625 1.02828 0.0282806
0.90625 1.02627 0.0262717
0.90625 1.02627 0.0262717
0.921875 1.02446 0.0244581
0.921875 1.02446 0.0244581
0.9375 1.02287 0.0228719
0.9375 1.02287 0.0228719
0.953125 1.02154 0.0215421
0.953125 1.02154 0.0215421
0.96875 1.02049 0.0204936
0.96875 1.02049 0.0204936
0.984375 1.01975 0.0197464
0.984375 1.01975 0.0197464
1 1.01931 0.0193142
