# x y topography
0 1.03201 0.0320144
0.015625 1.03226 0.0322568
0.015625 1.03226 0.0322568
0.03125 1.03263 0.03263
0.03125 1.03263 0.03263
0.046875 1.03313 0.033131
0.046875 1.03313 0.033131
0.0625 1.03376 0.033755
0.0625 1.03376 0.033755
0.078125 1.0345 0.0344964
0.078125 1.0345 0.0344964
0.09375 1.03535 0.0353479
0.09375 1.03535 0.0353479
0.109375 1.0363 0.0363014
0.109375 1.0363 0.0363014
0.125 1.03735 0.0373475
0.125 1.03735 0.0373475
0.140625 1.03848 0.0384761
0.140625 1.03848 0.0384761
0.15625 1.03968 0.0396763
0.15625 1.03968 0.0396763
0.171875 1.04094 0.0409366
0.171875 1.04094 0.0409366
0.1875 1.04224 0.0422448
0.1875 1.04224 0.0422448
0.203125 1.04359 0.0435886
0.203125 1.04359 0.0435886
0.21875 1.04496 0.0449555
0.21875 1.04496 0.0449555
0.234375 1.04633 0.0463329
0.234375 1.04633 0.0463329
0.25 1.04771 0.0477083
0.25 1.04771 0.0477083
0.265625 1.04907 0.0490693
0.265625 1.04907 0.0490693
0.28125 1.0504 0.0504039
0.28125 1.0504 0.0504039
0.296875 1.0517 0.0517006
0.296875 1.0517 0.0517006
0.3125 1.05295 0.0529483
0.3125 1.05295 0.0529483
0.328125 1.05414 0.0541365
0.328125 1.05414 0.0541365
0.34375 1.05526 0.0552554
0.34375 1.05526 0.0552554
0.359375 1.0563 0.0562959
0.359375 1.0563 0.0562959
0.375 1.05725 0.0572497
0.375 1.05725 0.0572497
0.390625 1.05811 0.0581093
0.390625 1.05811 0.0581093
0.40625 1.05887 0.0588679
0.40625 1.05887 0.0588679
0.421875 1.05952 0.0595197
0.421875 1.05952 0.0595197
0.4375 1.06006 0.0600598
0.4375 1.06006 0.0600598
0.453125 1.06048 0.0604841
0.453125 1.06048 0.0604841
0.46875 1.06079 0.0607895
0.46875 1.06079 0.0607895
0.484375 1.06097 0.0609736
0.484375 1.06097 0.0609736
0.5 1.06104 0.0610351
0.5 1.06104 0.0610351
0.515625 1.06097 0.0609736
0.515625 1.06097 0.0609736
0.53125 1.06079 0.0607895
0.53125 1.06079 0.0607895
0.546875 1.06048 0.0604841
0.546875 1.06048 0.0604841
0.5625 1.06006 0.0600598
0.5625 1.06006 0.0600598
0.578125 1.05952 0.0595197
0.578125 1.05952 0.0595197
0.59375 1.05887 0.0588679
0.59375 1.05887 0.0588679
0.609375 1.05811 0.0581093
0.609375 1.05811 0.0581093
0.625 1.05725 0.0572497
0.625 1.05725 0.0572497
0.640625 1.0563 0.0562959
0.640625 1.0563 0.0562959
0.65625 1.05526 0.0552554
0.65625 1.05526 0.0552554
0.671875 1.05414 0.0541365
0.671875 1.05414 0.0541365
0.6875 1.05295 0.0529483
0.6875 1.05295 0.0529483
0.703125 1.0517 0.0517006
0.703125 1.0517 0.0517006
0.71875 1.0504 0.0504039
0.71875 1.0504 0.0504039
0.734375 1.04907 0.0490693
0.734375 1.04907 0.0490693
0.75 1.04771 0.0477083
0.75 1.04771 0.0477083
0.765625 1.04633 0.0463329
0.765625 1.04633 0.0463329
0.78125 1.04496 0.0449555
0.78125 1.04496 0.0449555
0.796875 1.04359 0.0435886
0.796875 1.04359 0.0435886
0.8125 1.04224 0.0422448
0.8125 1.04224 0.0422448
0.828125 1.04094 0.0409366
0.828125 1.04094 0.0409366
0.84375 1.03968 0.0396763
0.84375 1.03968 0.0396763
0.859375 1.03848 0.0384761
0.859375 1.03848 0.0384761
0.875 1.03735 0.0373475
0.875 1.03735 0.0373475
0.890625 1.0363 0.0363014
0.890625 1.0363 0.0363014
0.90625 1.03535 0.0353479
0.90625 1.03535 0.0353479
0.921875 1.0345 0.0344964
0.921875 1.0345 0.0344964
0.9375 1.03376 0.033755
0.9375 1.03376 0.033755
0.953125 1.03313 0.033131
0.953125 1.03313 0.033131
0.96875 1.03263 0.03263
0.96875 1.03263 0.03263
0.984375 1.03226 0.0322568
0.984375 1.03226 0.0322568
1 1.03201 0.0320144
