# x y topography
0 1.01039 0.010385
0.015625 1.01113 0.0111287
0.015625 1.01113 0.0111287
0.03125 1.01247 0.0124691
0.03125 1.01247 0.0124691
0.046875 1.01434 0.0143384
0.046875 1.01434 0.0143384
0.0625 1.01665 0.0166473
0.0625 1.01665 0.0166473
0.078125 1.0193 0.0192975
0.078125 1.0193 0.0192975
0.09375 1.02219 0.0221919
0.09375 1.02219 0.0221919
0.109375 1.02524 0.0252431
0.109375 1.02524 0.0252431
0.125 1.02838 0.0283778
0.125 1.02838 0.0283778
0.140625 1.03154 0.0315386
0.140625 1.03154 0.0315386
0.15625 1.03468 0.0346819
0.15625 1.03468 0.0346819
0.171875 1.03778 0.0377763
0.171875 1.03778 0.0377763
0.1875 1.0408 0.0407993
0.1875 1.0408 0.0407993
0.203125 1.04373 0.0437346
0.203125 1.04373 0.0437346
0.21875 1.04657 0.0465699
0.21875 1.04657 0.0465699
0.234375 1.0493 0.0492957
0.234375 1.0493 0.0492957
0.25 1.0519 0.051904
0.25 1.0519 0.051904
0.265625 1.05439 0.0543878
0.265625 1.05439 0.0543878
0.28125 1.05674 0.0567409
0.28125 1.05674 0.0567409
0.296875 1.05896 0.0589573
0.296875 1.05896 0.0589573
0.3125 1.06103 0.0610318
0.3125 1.06103 0.0610318
0.328125 1.06296 0.0629593
0.328125 1.06296 0.0629593
0.34375 1.06474 0.0647351
0.34375 1.06474 0.0647351
0.359375 1.06635 0.0663549
0.359375 1.06635 0.0663549
0.375 1.06781 0.0678149
0.375 1.06781 0.0678149
0.390625 1.06911 0.0691115
0.390625 1.06911 0.0691115
0.40625 1.07024 0.0702417
0.40625 1.07024 0.0702417
0.421875 1.0712 0.0712026
0.421875 1.0712 0.0712026
0.4375 1.07199 0.0719919
0.4375 1.07199 0.0719919
0.453125 1.07261 0.0726079
0.453125 1.07261 0.0726079
0.46875 1.07305 0.0730489
0.46875 1.07305 0.0730489
0.484375 1.07331 0.0733139
0.484375 1.07331 0.0733139
0.5 1.0734 0.0734023
0.5 1.0734 0.0734023
0.515625 1.07331 0.0733139
0.515625 1.07331 0.0733139
0.53125 1.07305 0.0730489
0.53125 1.07305 0.0730489
0.546875 1.07261 0.0726079
0.546875 1.07261 0.0726079
0.5625 1.07199 0.0719919
0.5625 1.07199 0.0719919
0.578125 1.0712 0.0712026
0.578125 1.0712 0.0712026
0.59375 1.07024 0.0702417
0.59375 1.07024 0.0702417
0.609375 1.06911 0.0691115
0.609375 1.06911 0.0691115
0.625 1.06781 0.0678149
0.625 1.06781 0.0678149
0.640625 1.06635 0.0663549
0.640625 1.06635 0.0663549
0.65625 1.06474 0.0647351
0.65625 1.06474 0.0647351
0.671875 1.06296 0.0629593
0.671875 1.06296 0.0629593
0.6875 1.06103 0.0610318
0.6875 1.06103 0.0610318
0.703125 1.05896 0.0589573
0.703125 1.05896 0.0589573
0.71875 1.05674 0.0567409
0.71875 1.05674 0.0567409
0.734375 1.05439 0.0543878
0.734375 1.05439 0.0543878
0.75 1.0519 0.051904
0.75 1.0519 0.051904
0.765625 1.0493 0.0492957
0.765625 1.0493 0.0492957
0.78125 1.04657 0.0465699
0.78125 1.04657 0.0465699
0.796875 1.04373 0.0437346
0.796875 1.04373 0.0437346
0.8125 1.0408 0.0407993
0.8125 1.0408 0.0407993
0.828125 1.03778 0.0377763
0.828125 1.03778 0.0377763
0.84375 1.03468 0.0346819
0.84375 1.03468 0.0346819
0.859375 1.03154 0.0315386
0.859375 1.03154 0.0315386
0.875 1.02838 0.0283778
0.875 1.02838 0.0283778
0.890625 1.02524 0.0252431
0.890625 1.02524 0.0252431
0.90625 1.02219 0.0221919
0.90625 1.02219 0.0221919
0.921875 1.0193 0.0192975
0.921875 1.0193 0.0192975
0.9375 1.01665 0.0166473
0.9375 1.01665 0.0166473
0.953125 1.01434 0.0143384
0.953125 1.01434 0.0143384
0.96875 1.01247 0.0124691
0.96875 1.01247 0.0124691
0.984375 1.01113 0.0111287
0.984375 1.01113 0.0111287
1 1.01039 0.010385
