# x y topography
0 1.02175 0.0217469
0.015625 1.02213 0.022131
0.015625 1.02213 0.022131
0.03125 1.02278 0.0227843
0.03125 1.02278 0.0227843
0.046875 1.0237 0.0236966
0.046875 1.0237 0.0236966
0.0625 1.02485 0.0248535
0.0625 1.02485 0.0248535
0.078125 1.02624 0.0262368
0.078125 1.02624 0.0262368
0.09375 1.02782 0.0278247
0.09375 1.02782 0.0278247
0.109375 1.02959 0.0295931
0.109375 1.02959 0.0295931
0.125 1.03152 0.0315157
0.125 1.03152 0.0315157
0.140625 1.03357 0.0335653
0.140625 1.03357 0.0335653
0.15625 1.03571 0.0357143
0.15625 1.03571 0.0357143
0.171875 1.03794 0.0379352
0.171875 1.03794 0.0379352
0.1875 1.0402 0.0402012
0.1875 1.0402 0.0402012
0.203125 1.04249 0.042487
0.203125 1.04249 0.042487
0.21875 1.04477 0.0447687
0.21875 1.04477 0.0447687
0.234375 1.04702 0.0470242
0.234375 1.04702 0.0470242
0.25 1.04923 0.0492336
0.25 1.04923 0.0492336
0.265625 1.05138 0.0513787
0.265625 1.05138 0.0513787
0.28125 1.05344 0.0534434
0.28125 1.05344 0.0534434
0.296875 1.05541 0.0554138
0.296875 1.05541 0.0554138
0.3125 1.05728 0.0572775
0.3125 1.05728 0.0572775
0.328125 1.05902 0.0590238
0.328125 1.05902 0.0590238
0.34375 1.06064 0.0606435
0.34375 1.06064 0.0606435
0.359375 1.06213 0.0621289
0.359375 1.06213 0.0621289
0.375 1.06347 0.0634733
0.375 1.06347 0.0634733
0.390625 1.06467 0.0646712
0.390625 1.06467 0.0646712
0.40625 1.06572 0.0657179
0.40625 1.06572 0.0657179
0.421875 1.06661 0.0666095
0.421875 1.06661 0.0666095
0.4375 1.06734 0.0673431
0.4375 1.06734 0.0673431
0.453125 1.06792 0.0679161
0.453125 1.06792 0.0679161
0.46875 1.06833 0.0683266
0.46875 1.06833 0.0683266
0.484375 1.06857 0.0685735
0.484375 1.06857 0.0685735
0.5 1.06866 0.0686559
0.5 1.06866 0.0686559
0.515625 1.06857 0.0685735
0.515625 1.06857 0.0685735
0.53125 1.06833 0.0683266
0.53125 1.06833 0.0683266
0.546875 1.06792 0.0679161
0.546875 1.06792 0.0679161
0.5625 1.06734 0.0673431
0.5625 1.06734 0.0673431
0.578125 1.06661 0.0666095
0.578125 1.06661 0.0666095
0.59375 1.06572 0.0657179
0.59375 1.06572 0.0657179
0.609375 1.06467 0.0646712
0.609375 1.06467 0.0646712
0.625 1.06347 0.0634733
0.625 1.06347 0.0634733
0.640625 1.06213 0.0621289
0.640625 1.06213 0.0621289
0.65625 1.06064 0.0606435
0.65625 1.06064 0.0606435
0.671875 1.05902 0.0590238
0.671875 1.05902 0.0590238
0.6875 1.05728 0.0572775
0.6875 1.05728 0.0572775
0.703125 1.05541 0.0554138
0.703125 1.05541 0.0554138
0.71875 1.05344 0.0534434
0.71875 1.05344 0.0534434
0.734375 1.05138 0.0513787
0.734375 1.05138 0.0513787
0.75 1.04923 0.0492336
0.75 1.04923 0.0492336
0.765625 1.04702 0.0470242
0.765625 1.04702 0.0470242
0.78125 1.04477 0.0447687
0.78125 1.04477 0.0447687
0.796875 1.04249 0.042487
0.796875 1.04249 0.042487
0.8125 1.0402 0.0402012
0.8125 1.0402 0.0402012
0.828125 1.03794 0.0379352
0.828125 1.03794 0.0379352
0.84375 1.03571 0.0357143
0.84375 1.03571 0.0357143
0.859375 1.03357 0.0335653
0.859375 1.03357 0.0335653
0.875 1.03152 0.0315157
0.875 1.03152 0.0315157
0.890625 1.02959 0.0295931
0.890625 1.02959 0.0295931
0.90625 1.02782 0.0278247
0.90625 1.02782 0.0278247
0.921875 1.02624 0.0262368
0.921875 1.02624 0.0262368
0.9375 1.02485 0.0248535
0.9375 1.02485 0.0248535
0.953125 1.0237 0.0236966
0.953125 1.0237 0.0236966
0.96875 1.02278 0.0227843
0.96875 1.02278 0.0227843
0.984375 1.02213 0.022131
0.984375 1.02213 0.022131
1 1.02175 0.0217469
