# x y topography
0 1.02557 0.0255733
0.015625 1.0259 0.0258959
0.015625 1.0259 0.0258959
0.03125 1.02643 0.026428
0.03125 1.02643 0.026428
0.046875 1.02716 0.0271633
0.046875 1.02716 0.0271633
0.0625 1.02809 0.0280926
0.0625 1.02809 0.0280926
0.078125 1.0292 0.0292041
0.078125 1.0292 0.0292041
0.09375 1.03048 0.030484
0.09375 1.03048 0.030484
0.109375 1.03192 0.031916
0.109375 1.03192 0.031916
0.125 1.03348 0.0334825
0.125 1.03348 0.0334825
0.140625 1.03516 0.0351645
0.140625 1.03516 0.0351645
0.15625 1.03694 0.0369423
0.15625 1.03694 0.0369423
0.171875 1.0388 0.0387954
0.171875 1.0388 0.0387954
0.1875 1.0407 0.0407035
0.1875 1.0407 0.0407035
0.203125 1.04265 0.0426463
0.203125 1.04265 0.0426463
0.21875 1.0446 0.044604
0.21875 1.0446 0.044604
0.234375 1.04656 0.0465574
0.234375 1.04656 0.0465574
0.25 1.04849 0.0484886
0.25 1.04849 0.0484886
0.265625 1.05038 0.0503804
0.265625 1.05038 0.0503804
0.28125 1.05222 0.0522169
0.28125 1.05222 0.0522169
0.296875 1.05398 0.0539836
0.296875 1.05398 0.0539836
0.3125 1.05567 0.0556672
0.3125 1.05567 0.0556672
0.328125 1.05726 0.0572556
0.328125 1.05726 0.0572556
0.34375 1.05874 0.0587383
0.34375 1.05874 0.0587383
0.359375 1.06011 0.0601057
0.359375 1.06011 0.0601057
0.375 1.06135 0.0613496
0.375 1.06135 0.0613496
0.390625 1.06246 0.0624627
0.390625 1.06246 0.0624627
0.40625 1.06344 0.063439
0.40625 1.06344 0.063439
0.421875 1.06427 0.0642734
0.421875 1.06427 0.0642734
0.4375 1.06496 0.0649616
0.4375 1.06496 0.0649616
0.453125 1.0655 0.0655003
0.453125 1.0655 0.0655003
0.46875 1.06589 0.0658868
0.46875 1.06589 0.0658868
0.484375 1.06612 0.0661195
0.484375 1.06612 0.0661195
0.5 1.0662 0.0661971
0.5 1.0662 0.0661971
0.515625 1.06612 0.0661195
0.515625 1.06612 0.0661195
0.53125 1.06589 0.0658868
0.53125 1.06589 0.0658868
0.546875 1.0655 0.0655003
0.546875 1.0655 0.0655003
0.5625 1.06496 0.0649616
0.5625 1.06496 0.0649616
0.578125 1.06427 0.0642734
0.578125 1.06427 0.0642734
0.59375 1.06344 0.063439
0.59375 1.06344 0.063439
0.609375 1.06246 0.0624627
0.609375 1.06246 0.0624627
0.625 1.06135 0.0613496
0.625 1.06135 0.0613496
0.640625 1.06011 0.0601057
0.640625 1.06011 0.0601057
0.65625 1.05874 0.0587383
0.65625 1.05874 0.0587383
0.671875 1.05726 0.0572556
0.671875 1.05726 0.0572556
0.6875 1.05567 0.0556672
0.6875 1.05567 0.0556672
0.703125 1.05398 0.0539836
0.703125 1.05398 0.0539836
0.71875 1.05222 0.0522169
0.71875 1.05222 0.0522169
0.734375 1.05038 0.0503804
0.734375 1.05038 0.0503804
0.75 1.04849 0.0484886
0.75 1.04849 0.0484886
0.765625 1.04656 0.0465574
0.765625 1.04656 0.0465574
0.78125 1.0446 0.044604
0.78125 1.0446 0.044604
0.796875 1.04265 0.0426463
0.796875 1.04265 0.0426463
0.8125 1.0407 0.0407035
0.8125 1.0407 0.0407035
0.828125 1.0388 0.0387954
0.828125 1.0388 0.0387954
0.84375 1.03694 0.0369423
0.84375 1.03694 0.0369423
0.859375 1.03516 0.0351645
0.859375 1.03516 0.0351645
0.875 1.03348 0.0334825
0.875 1.03348 0.0334825
0.890625 1.03192 0.031916
0.890625 1.03192 0.031916
0.90625 1.03048 0.030484
0.90625 1.03048 0.030484
0.921875 1.0292 0.0292041
0.921875 1.0292 0.0292041
0.9375 1.02809 0.0280926
0.9375 1.02809 0.0280926
0.953125 1.02716 0.0271633
0.953125 1.02716 0.0271633
0.96875 1.02643 0.026428
0.96875 1.02643 0.026428
0.984375 1.0259 0.0258959
0.984375 1.0259 0.0258959
1 1.02557 0.0255733
