# x y topography
0 1.01375 0.0137451
0.015625 1.01433 0.0143336
0.015625 1.01433 0.0143336
0.03125 1.01538 0.0153829
0.03125 1.01538 0.0153829
0.046875 1.01686 0.0168589
0.046875 1.01686 0.0168589
0.0625 1.01871 0.0187148
0.0625 1.01871 0.0187148
0.078125 1.02089 0.0208945
0.078125 1.02089 0.0208945
0.09375 1.02334 0.0233371
0.09375 1.02334 0.0233371
0.109375 1.02598 0.0259811
0.109375 1.02598 0.0259811
0.125 1.02877 0.0287678
0.125 1.02877 0.0287678
0.140625 1.03164 0.0316434
0.140625 1.03164 0.0316434
0.15625 1.03456 0.0345611
0.15625 1.03456 0.0345611
0.171875 1.03748 0.0374813
0.171875 1.03748 0.0374813
0.1875 1.04037 0.0403714
0.1875 1.04037 0.0403714
0.203125 1.04321 0.0432051
0.203125 1.04321 0.0432051
0.21875 1.04596 0.0459619
0.21875 1.04596 0.0459619
0.234375 1.04863 0.0486254
0.234375 1.04863 0.0486254
0.25 1.05118 0.0511825
0.25 1.05118 0.0511825
0.265625 1.05362 0.0536228
0.265625 1.05362 0.0536228
0.28125 1.05594 0.0559378
0.28125 1.05594 0.0559378
0.296875 1.05812 0.0581202
0.296875 1.05812 0.0581202
0.3125 1.06016 0.0601638
0.3125 1.06016 0.0601638
0.328125 1.06206 0.0620631
0.328125 1.06206 0.0620631
0.34375 1.06381 0.0638133
0.34375 1.06381 0.0638133
0.359375 1.06541 0.0654099
0.359375 1.06541 0.0654099
0.375 1.06685 0.066849
0.375 1.06685 0.066849
0.390625 1.06813 0.0681271
0.390625 1.06813 0.0681271
0.40625 1.06924 0.0692411
0.40625 1.06924 0.0692411
0.421875 1.07019 0.0701883
0.421875 1.07019 0.0701883
0.4375 1.07097 0.0709665
0.4375 1.07097 0.0709665
0.453125 1.07157 0.0715736
0.453125 1.07157 0.0715736
0.46875 1.07201 0.0720083
0.46875 1.07201 0.0720083
0.484375 1.07227 0.0722696
0.484375 1.07227 0.0722696
0.5 1.07236 0.0723568
0.5 1.07236 0.0723568
0.515625 1.07227 0.0722696
0.515625 1.07227 0.0722696
0.53125 1.07201 0.0720083
0.53125 1.07201 0.0720083
0.546875 1.07157 0.0715736
0.546875 1.07157 0.0715736
0.5625 1.07097 0.0709665
0.5625 1.07097 0.0709665
0.578125 1.07019 0.0701883
0.578125 1.07019 0.0701883
0.59375 1.06924 0.0692411
0.59375 1.06924 0.0692411
0.609375 1.06813 0.0681271
0.609375 1.06813 0.0681271
0.625 1.06685 0.066849
0.625 1.06685 0.066849
0.640625 1.06541 0.0654099
0.640625 1.06541 0.0654099
0.65625 1.06381 0.0638133
0.65625 1.06381 0.0638133
0.671875 1.06206 0.0620631
0.671875 1.06206 0.0620631
0.6875 1.06016 0.0601638
0.6875 1.06016 0.0601638
0.703125 1.05812 0.0581202
0.703125 1.05812 0.0581202
0.71875 1.05594 0.0559378
0.71875 1.05594 0.0559378
0.734375 1.05362 0.0536228
0.734375 1.05362 0.0536228
0.75 1.05118 0.0511825
0.75 1.05118 0.0511825
0.765625 1.04863 0.0486254
0.765625 1.04863 0.0486254
0.78125 1.04596 0.0459619
0.78125 1.04596 0.0459619
0.796875 1.04321 0.0432051
0.796875 1.04321 0.0432051
0.8125 1.04037 0.0403714
0.8125 1.04037 0.0403714
0.828125 1.03748 0.0374813
0.828125 1.03748 0.0374813
0.84375 1.03456 0.0345611
0.84375 1.03456 0.0345611
0.859375 1.03164 0.0316434
0.859375 1.03164 0.0316434
0.875 1.02877 0.0287678
0.875 1.02877 0.0287678
0.890625 1.02598 0.0259811
0.890625 1.02598 0.0259811
0.90625 1.02334 0.0233371
0.90625 1.02334 0.0233371
0.921875 1.02089 0.0208945
0.921875 1.02089 0.0208945
0.9375 1.01871 0.0187148
0.9375 1.01871 0.0187148
0.953125 1.01686 0.0168589
0.953125 1.01686 0.0168589
0.96875 1.01538 0.0153829
0.96875 1.01538 0.0153829
0.984375 1.01433 0.0143336
0.984375 1.01433 0.0143336
1 1.01375 0.0137451
