# x y topography
0 1.02456 0.0245589
0.015625 1.0249 0.0248966
0.015625 1.0249 0.0248966
0.03125 1.02546 0.0254582
0.03125 1.02546 0.0254582
0.046875 1.02624 0.0262368
0.046875 1.02624 0.0262368
0.0625 1.02722 0.0272222
0.0625 1.02722 0.0272222
0.078125 1.0284 0.028401
0.078125 1.0284 0.028401
0.09375 1.02976 0.0297577
0.09375 1.02976 0.0297577
0.109375 1.03127 0.0312743
0.109375 1.03127 0.0312743
0.125 1.03293 0.0329313
0.125 1.03293 0.0329313
0.140625 1.03471 0.0347078
0.140625 1.03471 0.0347078
0.15625 1.03658 0.0365821
0.15625 1.03658 0.0365821
0.171875 1.03853 0.038532
0.171875 1.03853 0.038532
0.1875 1.04054 0.0405357
0.1875 1.04054 0.0405357
0.203125 1.04257 0.0425714
0.203125 1.04257 0.0425714
0.21875 1.04462 0.0446181
0.21875 1.04462 0.0446181
0.234375 1.04666 0.0466558
0.234375 1.04666 0.0466558
0.25 1.04867 0.0486658
0.25 1.04867 0.0486658
0.265625 1.05063 0.0506305
0.265625 1.05063 0.0506305
0.28125 1.05253 0.0525337
0.28125 1.05253 0.0525337
0.296875 1.05436 0.0543608
0.296875 1.05436 0.0543608
0.3125 1.0561 0.0560985
0.3125 1.0561 0.0560985
0.328125 1.05774 0.0577351
0.328125 1.05774 0.0577351
0.34375 1.05926 0.0592601
0.34375 1.05926 0.0592601
0.359375 1.06066 0.0606643
0.359375 1.06066 0.0606643
0.375 1.06194 0.0619399
0.375 1.06194 0.0619399
0.390625 1.06308 0.06308
0.390625 1.06308 0.06308
0.40625 1.06408 0.0640789
0.40625 1.06408 0.0640789
0.421875 1.06493 0.0649317
0.421875 1.06493 0.0649317
0.4375 1.06563 0.0656346
0.4375 1.06563 0.0656346
0.453125 1.06618 0.0661844
0.453125 1.06618 0.0661844
0.46875 1.06658 0.0665787
0.46875 1.06658 0.0665787
0.484375 1.06682 0.066816
0.484375 1.06682 0.066816
0.5 1.0669 0.0668952
0.5 1.0669 0.0668952
0.515625 1.06682 0.066816
0.515625 1.06682 0.066816
0.53125 1.06658 0.0665787
0.53125 1.06658 0.0665787
0.546875 1.06618 0.0661844
0.546875 1.06618 0.0661844
0.5625 1.06563 0.0656346
0.5625 1.06563 0.0656346
0.578125 1.06493 0.0649317
0.578125 1.06493 0.0649317
0.59375 1.06408 0.0640789
0.59375 1.06408 0.0640789
0.609375 1.06308 0.06308
0.609375 1.06308 0.06308
0.625 1.06194 0.0619399
0.625 1.06194 0.0619399
0.640625 1.06066 0.0606643
0.640625 1.06066 0.0606643
0.65625 1.05926 0.0592601
0.65625 1.05926 0.0592601
0.671875 1.05774 0.0577351
0.671875 1.05774 0.0577351
0.6875 1.0561 0.0560985
0.6875 1.0561 0.0560985
0.703125 1.05436 0.0543608
0.703125 1.05436 0.0543608
0.71875 1.05253 0.0525337
0.71875 1.05253 0.0525337
0.734375 1.05063 0.0506305
0.734375 1.05063 0.0506305
0.75 1.04867 0.0486658
0.75 1.04867 0.0486658
0.765625 1.04666 0.0466558
0.765625 1.04666 0.0466558
0.78125 1.04462 0.0446181
0.78125 1.04462 0.0446181
0.796875 1.04257 0.0425714
0.796875 1.04257 0.0425714
0.8125 1.04054 0.0405357
0.8125 1.04054 0.0405357
0.828125 1.03853 0.038532
0.828125 1.03853 0.038532
0.84375 1.03658 0.0365821
0.84375 1.03658 0.0365821
0.859375 1.03471 0.0347078
0.859375 1.03471 0.0347078
0.875 1.03293 0.0329313
0.875 1.03293 0.0329313
0.890625 1.03127 0.0312743
0.890625 1.03127 0.0312743
0.90625 1.02976 0.0297577
0.90625 1.02976 0.0297577
0.921875 1.0284 0.028401
0.921875 1.0284 0.028401
0.9375 1.02722 0.0272222
0.9375 1.02722 0.0272222
0.953125 1.02624 0.0262368
0.953125 1.02624 0.0262368
0.96875 1.02546 0.0254582
0.96875 1.02546 0.0254582
0.984375 1.0249 0.0248966
0.984375 1.0249 0.0248966
1 1.02456 0.0245589
