# x y topography
0 1.016 0.0159951
0.015625 1.01651 0.0165101
0.015625 1.01651 0.0165101
0.03125 1.01742 0.0174182
0.03125 1.01742 0.0174182
0.046875 1.0187 0.0186966
0.046875 1.0187 0.0186966
0.0625 1.02031 0.0203129
0.0625 1.02031 0.0203129
0.078125 1.02223 0.0222275
0.078125 1.02223 0.0222275
0.09375 1.0244 0.0243956
0.09375 1.0244 0.0243956
0.109375 1.02677 0.0267702
0.109375 1.02677 0.0267702
0.125 1.0293 0.0293038
0.125 1.0293 0.0293038
0.140625 1.03195 0.0319507
0.140625 1.03195 0.0319507
0.15625 1.03467 0.0346683
0.15625 1.03467 0.0346683
0.171875 1.03742 0.0374182
0.171875 1.03742 0.0374182
0.1875 1.04017 0.0401666
0.1875 1.04017 0.0401666
0.203125 1.04288 0.0428845
0.203125 1.04288 0.0428845
0.21875 1.04555 0.0455476
0.21875 1.04555 0.0455476
0.234375 1.04814 0.0481355
0.234375 1.04814 0.0481355
0.25 1.05063 0.0506315
0.25 1.05063 0.0506315
0.265625 1.05302 0.053022
0.265625 1.05302 0.053022
0.28125 1.0553 0.0552958
0.28125 1.0553 0.0552958
0.296875 1.05744 0.0574434
0.296875 1.05744 0.0574434
0.3125 1.05946 0.0594572
0.3125 1.05946 0.0594572
0.328125 1.06133 0.0613305
0.328125 1.06133 0.0613305
0.34375 1.06306 0.0630579
0.34375 1.06306 0.0630579
0.359375 1.06463 0.0646343
0.359375 1.06463 0.0646343
0.375 1.06606 0.0660557
0.375 1.06606 0.0660557
0.390625 1.06732 0.0673182
0.390625 1.06732 0.0673182
0.40625 1.06842 0.0684188
0.40625 1.06842 0.0684188
0.421875 1.06935 0.0693546
0.421875 1.06935 0.0693546
0.4375 1.07012 0.0701235
0.4375 1.07012 0.0701235
0.453125 1.07072 0.0707234
0.453125 1.07072 0.0707234
0.46875 1.07115 0.0711529
0.46875 1.07115 0.0711529
0.484375 1.07141 0.0714111
0.484375 1.07141 0.0714111
0.5 1.0715 0.0714972
0.5 1.0715 0.0714972
0.515625 1.07141 0.0714111
0.515625 1.07141 0.0714111
0.53125 1.07115 0.0711529
0.53125 1.07115 0.0711529
0.546875 1.07072 0.0707234
0.546875 1.07072 0.0707234
0.5625 1.07012 0.0701235
0.5625 1.07012 0.0701235
0.578125 1.06935 0.0693546
0.578125 1.06935 0.0693546
0.59375 1.06842 0.0684188
0.59375 1.06842 0.0684188
0.609375 1.06732 0.0673182
0.609375 1.06732 0.0673182
0.625 1.06606 0.0660557
0.625 1.06606 0.0660557
0.640625 1.06463 0.0646343
0.640625 1.06463 0.0646343
0.65625 1.06306 0.0630579
0.65625 1.06306 0.0630579
0.671875 1.06133 0.0613305
0.671875 1.06133 0.0613305
0.6875 1.05946 0.0594572
0.6875 1.05946 0.0594572
0.703125 1.05744 0.0574434
0.703125 1.05744 0.0574434
0.71875 1.0553 0.0552958
0.71875 1.0553 0.0552958
0.734375 1.05302 0.053022
0.734375 1.05302 0.053022
0.75 1.05063 0.0506315
0.75 1.05063 0.0506315
0.765625 1.04814 0.0481355
0.765625 1.04814 0.0481355
0.78125 1.04555 0.0455476
0.78125 1.04555 0.0455476
0.796875 1.04288 0.0428845
0.796875 1.04288 0.0428845
0.8125 1.04017 0.0401666
0.8125 1.04017 0.0401666
0.828125 1.03742 0.0374182
0.828125 1.03742 0.0374182
0.84375 1.03467 0.0346683
0.84375 1.03467 0.0346683
0.859375 1.03195 0.0319507
0.859375 1.03195 0.0319507
0.875 1.0293 0.0293038
0.875 1.0293 0.0293038
0.890625 1.02677 0.0267702
0.890625 1.02677 0.0267702
0.90625 1.0244 0.0243956
0.90625 1.0244 0.0243956
0.921875 1.02223 0.0222275
0.921875 1.02223 0.0222275
0.9375 1.02031 0.0203129
0.9375 1.02031 0.0203129
0.953125 1.0187 0.0186966
0.953125 1.0187 0.0186966
0.96875 1.01742 0.0174182
0.96875 1.01742 0.0174182
0.984375 1.01651 0.0165101
0.984375 1.01651 0.0165101
1 1.016 0.0159951
