# x y topography
0 1.02955 0.0295472
0.015625 1.02982 0.0298179
0.015625 1.02982 0.0298179
0.03125 1.03025 0.0302471
0.03125 1.03025 0.0302471
0.046875 1.03083 0.0308309
0.046875 1.03083 0.0308309
0.0625 1.03156 0.0315633
0.0625 1.03156 0.0315633
0.078125 1.03244 0.0324368
0.078125 1.03244 0.0324368
0.09375 1.03344 0.033442
0.09375 1.03344 0.033442
0.109375 1.03457 0.0345684
0.109375 1.03457 0.0345684
0.125 1.0358 0.0358041
0.125 1.0358 0.0358041
0.140625 1.03714 0.0371362
0.140625 1.03714 0.0371362
0.15625 1.03855 0.0385507
0.15625 1.03855 0.0385507
0.171875 1.04003 0.0400333
0.171875 1.04003 0.0400333
0.1875 1.04157 0.0415691
0.1875 1.04157 0.0415691
0.203125 1.04314 0.0431428
0.203125 1.04314 0.0431428
0.21875 1.04474 0.0447393
0.21875 1.04474 0.0447393
0.234375 1.04634 0.0463435
0.234375 1.04634 0.0463435
0.25 1.04794 0.0479406
0.25 1.04794 0.0479406
0.265625 1.04952 0.0495162
0.265625 1.04952 0.0495162
0.28125 1.05106 0.0510566
0.28125 1.05106 0.0510566
0.296875 1.05255 0.0525486
0.296875 1.05255 0.0525486
0.3125 1.05398 0.0539799
0.3125 1.05398 0.0539799
0.328125 1.05534 0.055339
0.328125 1.05534 0.055339
0.34375 1.05662 0.0566153
0.34375 1.05662 0.0566153
0.359375 1.0578 0.0577989
0.359375 1.0578 0.0577989
0.375 1.05888 0.0588812
0.375 1.05888 0.0588812
0.390625 1.05985 0.0598544
0.390625 1.05985 0.0598544
0.40625 1.06071 0.0607115
0.40625 1.06071 0.0607115
0.421875 1.06145 0.0614466
0.421875 1.06145 0.0614466
0.4375 1.06205 0.0620548
0.4375 1.06205 0.0620548
0.453125 1.06253 0.062532
0.453125 1.06253 0.062532
0.46875 1.06288 0.0628751
0.46875 1.06288 0.0628751
0.484375 1.06308 0.0630818
0.484375 1.06308 0.0630818
0.5 1.06315 0.0631509
0.5 1.06315 0.0631509
0.515625 1.06308 0.0630818
0.515625 1.06308 0.0630818
0.53125 1.06288 0.0628751
0.53125 1.06288 0.0628751
0.546875 1.06253 0.062532
0.546875 1.06253 0.062532
0.5625 1.06205 0.0620548
0.5625 1.06205 0.0620548
0.578125 1.06145 0.0614466
0.578125 1.06145 0.0614466
0.59375 1.06071 0.0607115
0.59375 1.06071 0.0607115
0.609375 1.05985 0.0598544
0.609375 1.05985 0.0598544
0.625 1.05888 0.0588812
0.625 1.05888 0.0588812
0.640625 1.0578 0.0577989
0.640625 1.0578 0.0577989
0.65625 1.05662 0.0566153
0.65625 1.05662 0.0566153
0.671875 1.05534 0.055339
0.671875 1.05534 0.055339
0.6875 1.05398 0.0539799
0.6875 1.05398 0.0539799
0.703125 1.05255 0.0525486
0.703125 1.05255 0.0525486
0.71875 1.05106 0.0510566
0.71875 1.05106 0.0510566
0.734375 1.04952 0.0495162
0.734375 1.04952 0.0495162
0.75 1.04794 0.0479406
0.75 1.04794 0.0479406
0.765625 1.04634 0.0463435
0.765625 1.04634 0.0463435
0.78125 1.04474 0.0447393
0.78125 1.04474 0.0447393
0.796875 1.04314 0.0431428
0.796875 1.04314 0.0431428
0.8125 1.04157 0.0415691
0.8125 1.04157 0.0415691
0.828125 1.04003 0.0400333
0.828125 1.04003 0.0400333
0.84375 1.03855 0.0385507
0.84375 1.03855 0.0385507
0.859375 1.03714 0.0371362
0.859375 1.03714 0.0371362
0.875 1.0358 0.0358041
0.875 1.0358 0.0358041
0.890625 1.03457 0.0345684
0.890625 1.03457 0.0345684
0.90625 1.03344 0.033442
0.90625 1.03344 0.033442
0.921875 1.03244 0.0324368
0.921875 1.03244 0.0324368
0.9375 1.03156 0.0315633
0.9375 1.03156 0.0315633
0.953125 1.03083 0.0308309
0.953125 1.03083 0.0308309
0.96875 1.03025 0.0302471
0.96875 1.03025 0.0302471
0.984375 1.02982 0.0298179
0.984375 1.02982 0.0298179
1 1.02955 0.0295472
