# x y topography
0 1.01246 0.0124565
0.015625 1.0131 0.0130965
0.015625 1.0131 0.0130965
0.03125 1.01424 0.0142435
0.03125 1.01424 0.0142435
0.046875 1.01585 0.0158538
0.046875 1.01585 0.0158538
0.0625 1.01787 0.0178683
0.0625 1.01787 0.0178683
0.078125 1.02022 0.0202178
0.078125 1.02022 0.0202178
0.09375 1.02283 0.0228293
0.09375 1.02283 0.0228293
0.109375 1.02563 0.0256317
0.109375 1.02563 0.0256317
0.125 1.02856 0.0285595
0.125 1.02856 0.0285595
0.140625 1.03156 0.0315558
0.140625 1.03156 0.0315558
0.15625 1.03457 0.034573
0.15625 1.03457 0.034573
0.171875 1.03757 0.0375729
0.171875 1.03757 0.0375729
0.1875 1.04053 0.0405256
0.1875 1.04053 0.0405256
0.203125 1.04341 0.0434081
0.203125 1.04341 0.0434081
0.21875 1.0462 0.0462028
0.21875 1.0462 0.0462028
0.234375 1.0489 0.0488961
0.234375 1.0489 0.0488961
0.25 1.05148 0.0514772
0.25 1.05148 0.0514772
0.265625 1.05394 0.0539374
0.265625 1.05394 0.0539374
0.28125 1.05627 0.0562694
0.28125 1.05627 0.0562694
0.296875 1.05847 0.0584666
0.296875 1.05847 0.0584666
0.3125 1.06052 0.0605234
0.3125 1.06052 0.0605234
0.328125 1.06243 0.0624347
0.328125 1.06243 0.0624347
0.34375 1.0642 0.0641956
0.34375 1.0642 0.0641956
0.359375 1.0658 0.0658019
0.359375 1.0658 0.0658019
0.375 1.06725 0.0672497
0.375 1.06725 0.0672497
0.390625 1.06854 0.0685355
0.390625 1.06854 0.0685355
0.40625 1.06966 0.0696562
0.40625 1.06966 0.0696562
0.421875 1.07061 0.0706091
0.421875 1.07061 0.0706091
0.4375 1.07139 0.0713919
0.4375 1.07139 0.0713919
0.453125 1.072 0.0720027
0.453125 1.072 0.0720027
0.46875 1.07244 0.07244
0.46875 1.07244 0.07244
0.484375 1.0727 0.0727029
0.484375 1.0727 0.0727029
0.5 1.07279 0.0727905
0.5 1.07279 0.0727905
0.515625 1.0727 0.0727029
0.515625 1.0727 0.0727029
0.53125 1.07244 0.07244
0.53125 1.07244 0.07244
0.546875 1.072 0.0720027
0.546875 1.072 0.0720027
0.5625 1.07139 0.0713919
0.5625 1.07139 0.0713919
0.578125 1.07061 0.0706091
0.578125 1.07061 0.0706091
0.59375 1.06966 0.0696562
0.59375 1.06966 0.0696562
0.609375 1.06854 0.0685355
0.609375 1.06854 0.0685355
0.625 1.06725 0.0672497
0.625 1.06725 0.0672497
0.640625 1.0658 0.0658019
0.640625 1.0658 0.0658019
0.65625 1.0642 0.0641956
0.65625 1.0642 0.0641956
0.671875 1.06243 0.0624347
0.671875 1.06243 0.0624347
0.6875 1.06052 0.0605234
0.6875 1.06052 0.0605234
0.703125 1.05847 0.0584666
0.703125 1.05847 0.0584666
0.71875 1.05627 0.0562694
0.71875 1.05627 0.0562694
0.734375 1.05394 0.0539374
0.734375 1.05394 0.0539374
0.75 1.05148 0.0514772
0.75 1.05148 0.0514772
0.765625 1.0489 0.0488961
0.765625 1.0489 0.0488961
0.78125 1.0462 0.0462028
0.78125 1.0462 0.0462028
0.796875 1.04341 0.0434081
0.796875 1.04341 0.0434081
0.8125 1.04053 0.0405256
0.8125 1.04053 0.0405256
0.828125 1.03757 0.0375729
0.828125 1.03757 0.0375729
0.84375 1.03457 0.034573
0.84375 1.03457 0.034573
0.859375 1.03156 0.0315558
0.859375 1.03156 0.0315558
0.875 1.02856 0.0285595
0.875 1.02856 0.0285595
0.890625 1.02563 0.0256317
0.890625 1.02563 0.0256317
0.90625 1.02283 0.0228293
0.90625 1.02283 0.0228293
0.921875 1.02022 0.0202178
0.921875 1.02022 0.0202178
0.9375 1.01787 0.0178683
0.9375 1.01787 0.0178683
0.953125 1.01585 0.0158538
0.953125 1.01585 0.0158538
0.96875 1.01424 0.0142435
0.96875 1.01424 0.0142435
0.984375 1.0131 0.0130965
0.984375 1.0131 0.0130965
1 1.01246 0.0124565
