# x y topography
0 1.00862 0.00862226
0.015625 1.00948 0.00948444
0.015625 1.00948 0.00948444
0.03125 1.01104 0.01104
0.03125 1.01104 0.01104
0.046875 1.01318 0.0131839
0.046875 1.01318 0.0131839
0.0625 1.01579 0.015786
0.0625 1.01579 0.015786
0.078125 1.01871 0.0187126
0.078125 1.01871 0.0187126
0.09375 1.02184 0.0218437
0.09375 1.02184 0.0218437
0.109375 1.02508 0.0250824
0.109375 1.02508 0.0250824
0.125 1.02836 0.0283566
0.125 1.02836 0.0283566
0.140625 1.03162 0.0316164
0.140625 1.03162 0.0316164
0.15625 1.03483 0.0348285
0.15625 1.03483 0.0348285
0.171875 1.03797 0.0379706
0.171875 1.03797 0.0379706
0.1875 1.04103 0.0410279
0.1875 1.04103 0.0410279
0.203125 1.04399 0.0439891
0.203125 1.04399 0.0439891
0.21875 1.04685 0.0468457
0.21875 1.04685 0.0468457
0.234375 1.04959 0.0495898
0.234375 1.04959 0.0495898
0.25 1.05221 0.0522146
0.25 1.05221 0.0522146
0.265625 1.05471 0.0547138
0.265625 1.05471 0.0547138
0.28125 1.05708 0.0570811
0.28125 1.05708 0.0570811
0.296875 1.05931 0.0593109
0.296875 1.05931 0.0593109
0.3125 1.0614 0.0613979
0.3125 1.0614 0.0613979
0.328125 1.06334 0.0633369
0.328125 1.06334 0.0633369
0.34375 1.06512 0.0651233
0.34375 1.06512 0.0651233
0.359375 1.06675 0.0667529
0.359375 1.06675 0.0667529
0.375 1.06822 0.0682216
0.375 1.06822 0.0682216
0.390625 1.06953 0.069526
0.390625 1.06953 0.069526
0.40625 1.07066 0.0706629
0.40625 1.07066 0.0706629
0.421875 1.07163 0.0716296
0.421875 1.07163 0.0716296
0.4375 1.07242 0.0724237
0.4375 1.07242 0.0724237
0.453125 1.07304 0.0730433
0.453125 1.07304 0.0730433
0.46875 1.07349 0.073487
0.46875 1.07349 0.073487
0.484375 1.07375 0.0737536
0.484375 1.07375 0.0737536
0.5 1.07384 0.0738426
0.5 1.07384 0.0738426
0.515625 1.07375 0.0737536
0.515625 1.07375 0.0737536
0.53125 1.07349 0.073487
0.53125 1.07349 0.073487
0.546875 1.07304 0.0730433
0.546875 1.07304 0.0730433
0.5625 1.07242 0.0724237
0.5625 1.07242 0.0724237
0.578125 1.07163 0.0716296
0.578125 1.07163 0.0716296
0.59375 1.07066 0.0706629
0.59375 1.07066 0.0706629
0.609375 1.06953 0.069526
0.609375 1.06953 0.069526
0.625 1.06822 0.0682216
0.625 1.06822 0.0682216
0.640625 1.06675 0.0667529
0.640625 1.06675 0.0667529
0.65625 1.06512 0.0651233
0.65625 1.06512 0.0651233
0.671875 1.06334 0.0633369
0.671875 1.06334 0.0633369
0.6875 1.0614 0.0613979
0.6875 1.0614 0.0613979
0.703125 1.05931 0.0593109
0.703125 1.05931 0.0593109
0.71875 1.05708 0.0570811
0.71875 1.05708 0.0570811
0.734375 1.05471 0.0547138
0.734375 1.05471 0.0547138
0.75 1.05221 0.0522146
0.75 1.05221 0.0522146
0.765625 1.04959 0.0495898
0.765625 1.04959 0.0495898
0.78125 1.04685 0.0468457
0.78125 1.04685 0.0468457
0.796875 1.04399 0.0439891
0.796875 1.04399 0.0439891
0.8125 1.04103 0.0410279
0.8125 1.04103 0.0410279
0.828125 1.03797 0.0379706
0.828125 1.03797 0.0379706
0.84375 1.03483 0.0348285
0.84375 1.03483 0.0348285
0.859375 1.03162 0.0316164
0.859375 1.03162 0.0316164
0.875 1.02836 0.0283566
0.875 1.02836 0.0283566
0.890625 1.02508 0.0250824
0.890625 1.02508 0.0250824
0.90625 1.02184 0.0218437
0.90625 1.02184 0.0218437
0.921875 1.01871 0.0187126
0.921875 1.01871 0.0187126
0.9375 1.01579 0.015786
0.9375 1.01579 0.015786
0.953125 1.01318 0.0131839
0.953125 1.01318 0.0131839
0.96875 1.01104 0.01104
0.96875 1.01104 0.01104
0.984375 1.00948 0.00948444
0.984375 1.00948 0.00948444
1 1.00862 0.00862226
