# x y topography
0 1.03174 0.0317398
0.015625 1.03199 0.0319853
0.015625 1.03199 0.0319853
0.03125 1.03236 0.0323645
0.03125 1.03236 0.0323645
0.046875 1.03287 0.0328743
0.046875 1.03287 0.0328743
0.0625 1.03351 0.03351
0.0625 1.03351 0.03351
0.078125 1.03427 0.0342656
0.078125 1.03427 0.0342656
0.09375 1.03513 0.0351338
0.09375 1.03513 0.0351338
0.109375 1.03611 0.036106
0.109375 1.03611 0.036106
0.125 1.03717 0.0371727
0.125 1.03717 0.0371727
0.140625 1.03832 0.0383235
0.140625 1.03832 0.0383235
0.15625 1.03955 0.0395472
0.15625 1.03955 0.0395472
0.171875 1.04083 0.0408319
0.171875 1.04083 0.0408319
0.1875 1.04217 0.0421653
0.1875 1.04217 0.0421653
0.203125 1.04353 0.0435347
0.203125 1.04353 0.0435347
0.21875 1.04493 0.0449272
0.21875 1.04493 0.0449272
0.234375 1.04633 0.0463301
0.234375 1.04633 0.0463301
0.25 1.04773 0.0477306
0.25 1.04773 0.0477306
0.265625 1.04912 0.049116
0.265625 1.04912 0.049116
0.28125 1.05047 0.0504741
0.28125 1.05047 0.0504741
0.296875 1.05179 0.0517933
0.296875 1.05179 0.0517933
0.3125 1.05306 0.0530623
0.3125 1.05306 0.0530623
0.328125 1.05427 0.0542704
0.328125 1.05427 0.0542704
0.34375 1.05541 0.0554078
0.34375 1.05541 0.0554078
0.359375 1.05647 0.0564652
0.359375 1.05647 0.0564652
0.375 1.05743 0.0574343
0.375 1.05743 0.0574343
0.390625 1.05831 0.0583074
0.390625 1.05831 0.0583074
0.40625 1.05908 0.0590778
0.40625 1.05908 0.0590778
0.421875 1.05974 0.0597396
0.421875 1.05974 0.0597396
0.4375 1.06029 0.060288
0.4375 1.06029 0.060288
0.453125 1.06072 0.0607187
0.453125 1.06072 0.0607187
0.46875 1.06103 0.0610286
0.46875 1.06103 0.0610286
0.484375 1.06122 0.0612155
0.484375 1.06122 0.0612155
0.5 1.06128 0.061278
0.5 1.06128 0.061278
0.515625 1.06122 0.0612155
0.515625 1.06122 0.0612155
0.53125 1.06103 0.0610286
0.53125 1.06103 0.0610286
0.546875 1.06072 0.0607187
0.546875 1.06072 0.0607187
0.5625 1.06029 0.060288
0.5625 1.06029 0.060288
0.578125 1.05974 0.0597396
0.578125 1.05974 0.0597396
0.59375 1.05908 0.0590778
0.59375 1.05908 0.0590778
0.609375 1.05831 0.0583074
0.609375 1.05831 0.0583074
0.625 1.05743 0.0574343
0.625 1.05743 0.0574343
0.640625 1.05647 0.0564652
0.640625 1.05647 0.0564652
0.65625 1.05541 0.0554078
0.65625 1.05541 0.0554078
0.671875 1.05427 0.0542704
0.671875 1.05427 0.0542704
0.6875 1.05306 0.0530623
0.6875 1.05306 0.0530623
0.703125 1.05179 0.0517933
0.703125 1.05179 0.0517933
0.71875 1.05047 0.0504741
0.71875 1.05047 0.0504741
0.734375 1.04912 0.049116
0.734375 1.04912 0.049116
0.75 1.04773 0.0477306
0.75 1.04773 0.0477306
0.765625 1.04633 0.0463301
0.765625 1.04633 0.0463301
0.78125 1.04493 0.0449272
0.78125 1.04493 0.0449272
0.796875 1.04353 0.0435347
0.796875 1.04353 0.0435347
0.8125 1.04217 0.0421653
0.8125 1.04217 0.0421653
0.828125 1.04083 0.0408319
0.828125 1.04083 0.0408319
0.84375 1.03955 0.0395472
0.84375 1.03955 0.0395472
0.859375 1.03832 0.0383235
0.859375 1.03832 0.0383235
0.875 1.03717 0.0371727
0.875 1.03717 0.0371727
0.890625 1.03611 0.036106
0.890625 1.03611 0.036106
0.90625 1.03513 0.0351338
0.90625 1.03513 0.0351338
0.921875 1.03427 0.0342656
0.921875 1.03427 0.0342656
0.9375 1.03351 0.03351
0.9375 1.03351 0.03351
0.953125 1.03287 0.0328743
0.953125 1.03287 0.0328743
0.96875 1.03236 0.0323645
0.96875 1.03236 0.0323645
0.984375 1.03199 0.0319853
0.984375 1.03199 0.0319853
1 1.03174 0.0317398
