# x y topography
0 1.02642 0.0264201
0.015625 1.02673 0.0267308
0.015625 1.02673 0.0267308
0.03125 1.02724 0.0272394
0.03125 1.02724 0.0272394
0.046875 1.02794 0.0279401
0.046875 1.02794 0.0279401
0.0625 1.02882 0.0288246
0.0625 1.02882 0.0288246
0.078125 1.02988 0.0298822
0.078125 1.02988 0.0298822
0.09375 1.0311 0.0311002
0.09375 1.0311 0.0311002
0.109375 1.03246 0.0324638
0.109375 1.03246 0.0324638
0.125 1.03396 0.0339567
0.125 1.03396 0.0339567
0.140625 1.03556 0.0355616
0.140625 1.03556 0.0355616
0.15625 1.03726 0.03726
0.15625 1.03726 0.03726
0.171875 1.03903 0.0390329
0.171875 1.03903 0.0390329
0.1875 1.04086 0.0408613
0.1875 1.04086 0.0408613
0.203125 1.04273 0.0427259
0.203125 1.04273 0.0427259
0.21875 1.04461 0.044608
0.21875 1.04461 0.044608
0.234375 1.04649 0.0464894
0.234375 1.04649 0.0464894
0.25 1.04835 0.0483524
0.25 1.04835 0.0483524
0.265625 1.05018 0.0501806
0.265625 1.05018 0.0501806
0.28125 1.05196 0.0519584
0.28125 1.05196 0.0519584
0.296875 1.05367 0.0536714
0.296875 1.05367 0.0536714
0.3125 1.05531 0.0553064
0.3125 1.05531 0.0553064
0.328125 1.05685 0.0568513
0.328125 1.05685 0.0568513
0.34375 1.0583 0.0582954
0.34375 1.0583 0.0582954
0.359375 1.05963 0.0596288
0.359375 1.05963 0.0596288
0.375 1.06084 0.0608433
0.375 1.06084 0.0608433
0.390625 1.06193 0.0619312
0.390625 1.06193 0.0619312
0.40625 1.06289 0.0628864
0.40625 1.06289 0.0628864
0.421875 1.0637 0.0637033
0.421875 1.0637 0.0637033
0.4375 1.06438 0.0643775
0.4375 1.06438 0.0643775
0.453125 1.06491 0.0649055
0.453125 1.06491 0.0649055
0.46875 1.06528 0.0652846
0.46875 1.06528 0.0652846
0.484375 1.06551 0.0655128
0.484375 1.06551 0.0655128
0.5 1.06559 0.0655889
0.5 1.06559 0.0655889
0.515625 1.06551 0.0655128
0.515625 1.06551 0.0655128
0.53125 1.06528 0.0652846
0.53125 1.06528 0.0652846
0.546875 1.06491 0.0649055
0.546875 1.06491 0.0649055
0.5625 1.06438 0.0643775
0.5625 1.06438 0.0643775
0.578125 1.0637 0.0637033
0.578125 1.0637 0.0637033
0.59375 1.06289 0.0628864
0.59375 1.06289 0.0628864
0.609375 1.06193 0.0619312
0.609375 1.06193 0.0619312
0.625 1.06084 0.0608433
0.625 1.06084 0.0608433
0.640625 1.05963 0.0596288
0.640625 1.05963 0.0596288
0.65625 1.0583 0.0582954
0.65625 1.0583 0.0582954
0.671875 1.05685 0.0568513
0.671875 1.05685 0.0568513
0.6875 1.05531 0.0553064
0.6875 1.05531 0.0553064
0.703125 1.05367 0.0536714
0.703125 1.05367 0.0536714
0.71875 1.05196 0.0519584
0.71875 1.05196 0.0519584
0.734375 1.05018 0.0501806
0.734375 1.05018 0.0501806
0.75 1.04835 0.0483524
0.75 1.04835 0.0483524
0.765625 1.04649 0.0464894
0.765625 1.04649 0.0464894
0.78125 1.04461 0.044608
0.78125 1.04461 0.044608
0.796875 1.04273 0.0427259
0.796875 1.04273 0.0427259
0.8125 1.04086 0.0408613
0.8125 1.04086 0.0408613
0.828125 1.03903 0.0390329
0.828125 1.03903 0.0390329
0.84375 1.03726 0.03726
0.84375 1.03726 0.03726
0.859375 1.03556 0.0355616
0.859375 1.03556 0.0355616
0.875 1.03396 0.0339567
0.875 1.03396 0.0339567
0.890625 1.03246 0.0324638
0.890625 1.03246 0.0324638
0.90625 1.0311 0.0311002
0.90625 1.0311 0.0311002
0.921875 1.02988 0.0298822
0.921875 1.02988 0.0298822
0.9375 1.02882 0.0288246
0.9375 1.02882 0.0288246
0.953125 1.02794 0.0279401
0.953125 1.02794 0.0279401
0.96875 1.02724 0.0272394
0.96875 1.02724 0.0272394
0.984375 1.02673 0.0267308
0.984375 1.02673 0.0267308
1 1.02642 0.0264201
