# x y topography
0 1.0293 0.0292979
0.015625 1.02957 0.0295716
0.015625 1.02957 0.0295716
0.03125 1.03001 0.0300068
0.03125 1.03001 0.0300068
0.046875 1.0306 0.0305994
0.046875 1.0306 0.0305994
0.0625 1.03134 0.0313432
0.0625 1.03134 0.0313432
0.078125 1.03223 0.0322306
0.078125 1.03223 0.0322306
0.09375 1.03325 0.033252
0.09375 1.03325 0.033252
0.109375 1.0344 0.0343965
0.109375 1.0344 0.0343965
0.125 1.03565 0.035652
0.125 1.03565 0.035652
0.140625 1.03701 0.0370051
0.140625 1.03701 0.0370051
0.15625 1.03844 0.0384418
0.15625 1.03844 0.0384418
0.171875 1.03995 0.0399472
0.171875 1.03995 0.0399472
0.1875 1.04151 0.0415061
0.1875 1.04151 0.0415061
0.203125 1.0431 0.043103
0.203125 1.0431 0.043103
0.21875 1.04472 0.0447226
0.21875 1.04472 0.0447226
0.234375 1.04635 0.0463494
0.234375 1.04635 0.0463494
0.25 1.04797 0.0479683
0.25 1.04797 0.0479683
0.265625 1.04956 0.049565
0.265625 1.04956 0.049565
0.28125 1.05113 0.0511253
0.28125 1.05113 0.0511253
0.296875 1.05264 0.0526362
0.296875 1.05264 0.0526362
0.3125 1.05409 0.054085
0.3125 1.05409 0.054085
0.328125 1.05546 0.0554603
0.328125 1.05546 0.0554603
0.34375 1.05675 0.0567513
0.34375 1.05675 0.0567513
0.359375 1.05795 0.0579482
0.359375 1.05795 0.0579482
0.375 1.05904 0.0590424
0.375 1.05904 0.0590424
0.390625 1.06003 0.0600259
0.390625 1.06003 0.0600259
0.40625 1.06089 0.060892
0.40625 1.06089 0.060892
0.421875 1.06163 0.0616346
0.421875 1.06163 0.0616346
0.4375 1.06225 0.0622489
0.4375 1.06225 0.0622489
0.453125 1.06273 0.0627309
0.453125 1.06273 0.0627309
0.46875 1.06308 0.0630773
0.46875 1.06308 0.0630773
0.484375 1.06329 0.0632861
0.484375 1.06329 0.0632861
0.5 1.06336 0.0633558
0.5 1.06336 0.0633558
0.515625 1.06329 0.0632861
0.515625 1.06329 0.0632861
0.53125 1.06308 0.0630773
0.53125 1.06308 0.0630773
0.546875 1.06273 0.0627309
0.546875 1.06273 0.0627309
0.5625 1.06225 0.0622489
0.5625 1.06225 0.0622489
0.578125 1.06163 0.0616346
0.578125 1.06163 0.0616346
0.59375 1.06089 0.060892
0.59375 1.06089 0.060892
0.609375 1.06003 0.0600259
0.609375 1.06003 0.0600259
0.625 1.05904 0.0590424
0.625 1.05904 0.0590424
0.640625 1.05795 0.0579482
0.640625 1.05795 0.0579482
0.65625 1.05675 0.0567513
0.65625 1.05675 0.0567513
0.671875 1.05546 0.0554603
0.671875 1.05546 0.0554603
0.6875 1.05409 0.054085
0.6875 1.05409 0.054085
0.703125 1.05264 0.0526362
0.703125 1.05264 0.0526362
0.71875 1.05113 0.0511253
0.71875 1.05113 0.0511253
0.734375 1.04956 0.049565
0.734375 1.04956 0.049565
0.75 1.04797 0.0479683
0.75 1.04797 0.0479683
0.765625 1.04635 0.0463494
0.765625 1.04635 0.0463494
0.78125 1.04472 0.0447226
0.78125 1.04472 0.0447226
0.796875 1.0431 0.043103
0.796875 1.0431 0.043103
0.8125 1.04151 0.0415061
0.8125 1.04151 0.0415061
0.828125 1.03995 0.0399472
0.828125 1.03995 0.0399472
0.84375 1.03844 0.0384418
0.84375 1.03844 0.0384418
0.859375 1.03701 0.0370051
0.859375 1.03701 0.0370051
0.875 1.03565 0.035652
0.875 1.03565 0.035652
0.890625 1.0344 0.0343965
0.890625 1.0344 0.0343965
0.90625 1.03325 0.033252
0.90625 1.03325 0.033252
0.921875 1.03223 0.0322306
0.921875 1.03223 0.0322306
0.9375 1.03134 0.0313432
0.9375 1.03134 0.0313432
0.953125 1.0306 0.0305994
0.953125 1.0306 0.0305994
0.96875 1.03001 0.0300068
0.96875 1.03001 0.0300068
0.984375 1.02957 0.0295716
0.984375 1.02957 0.0295716
1 1.0293 0.0292979
