# x y topography analytical topography
0 2.01551 0.0155103 0.0166197
0.03125 2.01591 0.0159102 0.0168517
0.03125 2.01591 0.0159102 0.0168517
0.0625 2.01676 0.0167568 0.0175396
0.0625 2.01676 0.0167568 0.0175396
0.09375 2.01802 0.0180238 0.0186605
0.09375 2.01802 0.0180238 0.0186605
0.125 2.01967 0.0196722 0.0201779
0.125 2.01967 0.0196722 0.0201779
0.15625 2.02165 0.0216535 0.0220448
0.15625 2.02165 0.0216535 0.0220448
0.1875 2.02391 0.0239132 0.0242074
0.1875 2.02391 0.0239132 0.0242074
0.21875 2.02639 0.0263944 0.0266083
0.21875 2.02639 0.0263944 0.0266083
0.25 2.02904 0.0290408 0.02919
0.25 2.02904 0.0290408 0.02919
0.28125 2.0318 0.0317992 0.0318979
0.28125 2.0318 0.0317992 0.0318979
0.3125 2.03462 0.0346217 0.0346818
0.3125 2.03462 0.0346217 0.0346818
0.34375 2.03747 0.0374663 0.0374978
0.34375 2.03747 0.0374663 0.0374978
0.375 2.0403 0.0402977 0.0403083
0.375 2.0403 0.0402977 0.0403083
0.40625 2.04309 0.0430865 0.0430821
0.40625 2.04309 0.0430865 0.0430821
0.4375 2.04581 0.0458089 0.0457941
0.4375 2.04581 0.0458089 0.0457941
0.46875 2.04845 0.048446 0.0484238
0.46875 2.04845 0.048446 0.0484238
0.5 2.05098 0.0509826 0.0509552
0.5 2.05098 0.0509826 0.0509552
0.53125 2.05341 0.0534066 0.0533755
0.53125 2.05341 0.0534066 0.0533755
0.5625 2.05571 0.0557082 0.0556744
0.5625 2.05571 0.0557082 0.0556744
0.59375 2.05788 0.0578793 0.0578434
0.59375 2.05788 0.0578793 0.0578434
0.625 2.05991 0.0599132 0.0598755
0.625 2.05991 0.0599132 0.0598755
0.65625 2.0618 0.0618039 0.0617648
0.65625 2.0618 0.0618039 0.0617648
0.6875 2.06355 0.0635464 0.0635061
0.6875 2.06355 0.0635464 0.0635061
0.71875 2.06514 0.0651361 0.0650948
0.71875 2.06514 0.0651361 0.0650948
0.75 2.06657 0.0665691 0.0665268
0.75 2.06657 0.0665691 0.0665268
0.78125 2.06784 0.0678418 0.0677987
0.78125 2.06784 0.0678418 0.0677987
0.8125 2.06895 0.0689511 0.0689073
0.8125 2.06895 0.0689511 0.0689073
0.84375 2.06989 0.0698943 0.0698499
0.84375 2.06989 0.0698943 0.0698499
0.875 2.07067 0.0706692 0.0706243
0.875 2.07067 0.0706692 0.0706243
0.90625 2.07127 0.0712738 0.0712285
0.90625 2.07127 0.0712738 0.0712285
0.9375 2.07171 0.0717067 0.0716612
0.9375 2.07171 0.0717067 0.0716612
0.96875 2.07197 0.0719669 0.0719212
0.96875 2.07197 0.0719669 0.0719212
1 2.07205 0.0720537 0.0720079
1 2.07205 0.0720537 0.0720079
1.03125 2.07197 0.0719669 0.0719212
1.03125 2.07197 0.0719669 0.0719212
1.0625 2.07171 0.0717067 0.0716612
1.0625 2.07171 0.0717067 0.0716612
1.09375 2.07127 0.0712738 0.0712285
1.09375 2.07127 0.0712738 0.0712285
1.125 2.07067 0.0706692 0.0706243
1.125 2.07067 0.0706692 0.0706243
1.15625 2.06989 0.0698943 0.0698499
1.15625 2.06989 0.0698943 0.0698499
1.1875 2.06895 0.0689511 0.0689073
1.1875 2.06895 0.0689511 0.0689073
1.21875 2.06784 0.0678418 0.0677987
1.21875 2.06784 0.0678418 0.0677987
1.25 2.06657 0.0665691 0.0665268
1.25 2.06657 0.0665691 0.0665268
1.28125 2.06514 0.0651361 0.0650948
1.28125 2.06514 0.0651361 0.0650948
1.3125 2.06355 0.0635464 0.0635061
1.3125 2.06355 0.0635464 0.0635061
1.34375 2.0618 0.0618039 0.0617648
1.34375 2.0618 0.0618039 0.0617648
1.375 2.05991 0.0599132 0.0598755
1.375 2.05991 0.0599132 0.0598755
1.40625 2.05788 0.0578793 0.0578434
1.40625 2.05788 0.0578793 0.0578434
1.4375 2.05571 0.0557082 0.0556744
1.4375 2.05571 0.0557082 0.0556744
1.46875 2.05341 0.0534066 0.0533755
1.46875 2.05341 0.0534066 0.0533755
1.5 2.05098 0.0509826 0.0509552
1.5 2.05098 0.0509826 0.0509552
1.53125 2.04845 0.048446 0.0484238
1.53125 2.04845 0.048446 0.0484238
1.5625 2.04581 0.0458089 0.0457941
1.5625 2.04581 0.0458089 0.0457941
1.59375 2.04309 0.0430865 0.0430821
1.59375 2.04309 0.0430865 0.0430821
1.625 2.0403 0.0402977 0.0403083
1.625 2.0403 0.0402977 0.0403083
1.65625 2.03747 0.0374663 0.0374978
1.65625 2.03747 0.0374663 0.0374978
1.6875 2.03462 0.0346217 0.0346818
1.6875 2.03462 0.0346217 0.0346818
1.71875 2.0318 0.0317992 0.0318979
1.71875 2.0318 0.0317992 0.0318979
1.75 2.02904 0.0290408 0.02919
1.75 2.02904 0.0290408 0.02919
1.78125 2.02639 0.0263944 0.0266083
1.78125 2.02639 0.0263944 0.0266083
1.8125 2.02391 0.0239132 0.0242074
1.8125 2.02391 0.0239132 0.0242074
1.84375 2.02165 0.0216535 0.0220448
1.84375 2.02165 0.0216535 0.0220448
1.875 2.01967 0.0196722 0.0201779
1.875 2.01967 0.0196722 0.0201779
1.90625 2.01802 0.0180238 0.0186605
1.90625 2.01802 0.0180238 0.0186605
1.9375 2.01676 0.0167568 0.0175396
1.9375 2.01676 0.0167568 0.0175396
1.96875 2.01591 0.0159102 0.0168517
1.96875 2.01591 0.0159102 0.0168517
2 2.01551 0.0155103 0.0166197
