# x y topography analytical topography
0 2.01402 0.0140163 0.0151071
0.03125 2.01446 0.0144578 0.0153673
0.03125 2.01446 0.0144578 0.0153673
0.0625 2.0154 0.0153978 0.0161375
0.0625 2.0154 0.0153978 0.0161375
0.09375 2.0168 0.0168014 0.017387
0.09375 2.0168 0.0168014 0.017387
0.125 2.01862 0.018618 0.0190682
0.125 2.01862 0.018618 0.0190682
0.15625 2.02079 0.020786 0.0211213
0.15625 2.02079 0.020786 0.0211213
0.1875 2.02324 0.0232379 0.0234787
0.1875 2.02324 0.0232379 0.0234787
0.21875 2.02591 0.0259052 0.0260711
0.21875 2.02591 0.0259052 0.0260711
0.25 2.02872 0.0287231 0.0288315
0.25 2.02872 0.0287231 0.0288315
0.28125 2.03163 0.031633 0.0316987
0.28125 2.03163 0.031633 0.0316987
0.3125 2.03458 0.0345843 0.0346193
0.3125 2.03458 0.0345843 0.0346193
0.34375 2.03754 0.0375353 0.0375488
0.34375 2.03754 0.0375353 0.0375488
0.375 2.04045 0.0404522 0.0404511
0.375 2.04045 0.0404522 0.0404511
0.40625 2.04331 0.0433087 0.0432978
0.40625 2.04331 0.0433087 0.0432978
0.4375 2.04608 0.0460843 0.0460669
0.4375 2.04608 0.0460843 0.0460669
0.46875 2.04876 0.0487631 0.0487414
0.46875 2.04876 0.0487631 0.0487414
0.5 2.05133 0.051333 0.0513082
0.5 2.05133 0.051333 0.0513082
0.53125 2.05378 0.053784 0.0537571
0.53125 2.05378 0.053784 0.0537571
0.5625 2.05611 0.0561081 0.0560795
0.5625 2.05611 0.0561081 0.0560795
0.59375 2.0583 0.0582984 0.0582684
0.59375 2.0583 0.0582984 0.0582684
0.625 2.06035 0.060349 0.0603179
0.625 2.06035 0.060349 0.0603179
0.65625 2.06225 0.0622546 0.0622224
0.65625 2.06225 0.0622546 0.0622224
0.6875 2.06401 0.0640104 0.0639773
0.6875 2.06401 0.0640104 0.0639773
0.71875 2.06561 0.065612 0.0655781
0.71875 2.06561 0.065612 0.0655781
0.75 2.06706 0.0670557 0.0670209
0.75 2.06706 0.0670557 0.0670209
0.78125 2.06834 0.0683377 0.0683024
0.78125 2.06834 0.0683377 0.0683024
0.8125 2.06946 0.0694552 0.0694192
0.8125 2.06946 0.0694552 0.0694192
0.84375 2.07041 0.0704054 0.0703689
0.84375 2.07041 0.0704054 0.0703689
0.875 2.07119 0.0711859 0.071149
0.875 2.07119 0.0711859 0.071149
0.90625 2.07179 0.0717949 0.0717577
0.90625 2.07179 0.0717949 0.0717577
0.9375 2.07223 0.072231 0.0721936
0.9375 2.07223 0.072231 0.0721936
0.96875 2.07249 0.0724931 0.0724555
0.96875 2.07249 0.0724931 0.0724555
1 2.07258 0.0725805 0.0725429
1 2.07258 0.0725805 0.0725429
1.03125 2.07249 0.0724931 0.0724555
1.03125 2.07249 0.0724931 0.0724555
1.0625 2.07223 0.072231 0.0721936
1.0625 2.07223 0.072231 0.0721936
1.09375 2.07179 0.0717949 0.0717577
1.09375 2.07179 0.0717949 0.0717577
1.125 2.07119 0.0711859 0.071149
1.125 2.07119 0.0711859 0.071149
1.15625 2.07041 0.0704054 0.0703689
1.15625 2.07041 0.0704054 0.0703689
1.1875 2.06946 0.0694552 0.0694192
1.1875 2.06946 0.0694552 0.0694192
1.21875 2.06834 0.0683377 0.0683024
1.21875 2.06834 0.0683377 0.0683024
1.25 2.06706 0.0670557 0.0670209
1.25 2.06706 0.0670557 0.0670209
1.28125 2.06561 0.065612 0.0655781
1.28125 2.06561 0.065612 0.0655781
1.3125 2.06401 0.0640104 0.0639773
1.3125 2.06401 0.0640104 0.0639773
1.34375 2.06225 0.0622546 0.0622224
1.34375 2.06225 0.0622546 0.0622224
1.375 2.06035 0.060349 0.0603179
1.375 2.06035 0.060349 0.0603179
1.40625 2.0583 0.0582984 0.0582684
1.40625 2.0583 0.0582984 0.0582684
1.4375 2.05611 0.0561081 0.0560795
1.4375 2.05611 0.0561081 0.0560795
1.46875 2.05378 0.053784 0.0537571
1.46875 2.05378 0.053784 0.0537571
1.5 2.05133 0.051333 0.0513082
1.5 2.05133 0.051333 0.0513082
1.53125 2.04876 0.0487631 0.0487414
1.53125 2.04876 0.0487631 0.0487414
1.5625 2.04608 0.0460843 0.0460669
1.5625 2.04608 0.0460843 0.0460669
1.59375 2.04331 0.0433087 0.0432978
1.59375 2.04331 0.0433087 0.0432978
1.625 2.04045 0.0404522 0.0404511
1.625 2.04045 0.0404522 0.0404511
1.65625 2.03754 0.0375353 0.0375488
1.65625 2.03754 0.0375353 0.0375488
1.6875 2.03458 0.0345843 0.0346193
1.6875 2.03458 0.0345843 0.0346193
1.71875 2.03163 0.031633 0.0316987
1.71875 2.03163 0.031633 0.0316987
1.75 2.02872 0.0287231 0.0288315
1.75 2.02872 0.0287231 0.0288315
1.78125 2.02591 0.0259052 0.0260711
1.78125 2.02591 0.0259052 0.0260711
1.8125 2.02324 0.0232379 0.0234787
1.8125 2.02324 0.0232379 0.0234787
1.84375 2.02079 0.020786 0.0211213
1.84375 2.02079 0.020786 0.0211213
1.875 2.01862 0.018618 0.0190682
1.875 2.01862 0.018618 0.0190682
1.90625 2.0168 0.0168014 0.017387
1.90625 2.0168 0.0168014 0.017387
1.9375 2.0154 0.0153978 0.0161375
1.9375 2.0154 0.0153978 0.0161375
1.96875 2.01446 0.0144578 0.0153673
1.96875 2.01446 0.0144578 0.0153673
2 2.01402 0.0140163 0.0151071
