# x y topography analytical topography
0 2.01808 0.018079 0.0192182
0.03125 2.01842 0.0184212 0.019411
0.03125 2.01842 0.0184212 0.019411
0.0625 2.01914 0.0191372 0.0199842
0.0625 2.01914 0.0191372 0.0199842
0.09375 2.02021 0.0202097 0.0209229
0.09375 2.02021 0.0202097 0.0209229
0.125 2.02161 0.021613 0.022203
0.125 2.02161 0.021613 0.022203
0.15625 2.02331 0.023314 0.0237929
0.15625 2.02331 0.023314 0.0237929
0.1875 2.02527 0.0252744 0.025655
0.1875 2.02527 0.0252744 0.025655
0.21875 2.02745 0.0274527 0.0277479
0.21875 2.02745 0.0274527 0.0277479
0.25 2.02981 0.0298056 0.0300283
0.25 2.02981 0.0298056 0.0300283
0.28125 2.03229 0.0322903 0.0324524
0.28125 2.03229 0.0322903 0.0324524
0.3125 2.03487 0.0348658 0.0349784
0.3125 2.03487 0.0348658 0.0349784
0.34375 2.03749 0.0374938 0.0375665
0.34375 2.03749 0.0374938 0.0375665
0.375 2.04014 0.0401396 0.0401808
0.375 2.04014 0.0401396 0.0401808
0.40625 2.04277 0.0427727 0.0427894
0.40625 2.04277 0.0427727 0.0427894
0.4375 2.04537 0.0453664 0.0453644
0.4375 2.04537 0.0453664 0.0453644
0.46875 2.0479 0.0478982 0.047882
0.46875 2.0479 0.0478982 0.047882
0.5 2.05035 0.050349 0.0503222
0.5 2.05035 0.050349 0.0503222
0.53125 2.0527 0.052703 0.0526682
0.53125 2.0527 0.052703 0.0526682
0.5625 2.05495 0.0549471 0.0549063
0.5625 2.05495 0.0549471 0.0549063
0.59375 2.05707 0.0570705 0.0570252
0.59375 2.05707 0.0570705 0.0570252
0.625 2.05906 0.0590642 0.0590154
0.625 2.05906 0.0590642 0.0590154
0.65625 2.06092 0.0609207 0.0608692
0.65625 2.06092 0.0609207 0.0608692
0.6875 2.06263 0.0626337 0.06258
0.6875 2.06263 0.0626337 0.06258
0.71875 2.0642 0.0641978 0.0641423
0.71875 2.0642 0.0641978 0.0641423
0.75 2.06561 0.0656085 0.0655515
0.75 2.06561 0.0656085 0.0655515
0.78125 2.06686 0.0668619 0.0668037
0.78125 2.06686 0.0668619 0.0668037
0.8125 2.06795 0.0679546 0.0678954
0.8125 2.06795 0.0679546 0.0678954
0.84375 2.06888 0.0688839 0.0688238
0.84375 2.06888 0.0688839 0.0688238
0.875 2.06965 0.0696474 0.0695867
0.875 2.06965 0.0696474 0.0695867
0.90625 2.07024 0.0702432 0.0701819
0.90625 2.07024 0.0702432 0.0701819
0.9375 2.07067 0.0706698 0.0706081
0.9375 2.07067 0.0706698 0.0706081
0.96875 2.07093 0.0709262 0.0708643
0.96875 2.07093 0.0709262 0.0708643
1 2.07101 0.0710117 0.0709498
1 2.07101 0.0710117 0.0709498
1.03125 2.07093 0.0709262 0.0708643
1.03125 2.07093 0.0709262 0.0708643
1.0625 2.07067 0.0706698 0.0706081
1.0625 2.07067 0.0706698 0.0706081
1.09375 2.07024 0.0702432 0.0701819
1.09375 2.07024 0.0702432 0.0701819
1.125 2.06965 0.0696474 0.0695867
1.125 2.06965 0.0696474 0.0695867
1.15625 2.06888 0.0688839 0.0688238
1.15625 2.06888 0.0688839 0.0688238
1.1875 2.06795 0.0679546 0.0678954
1.1875 2.06795 0.0679546 0.0678954
1.21875 2.06686 0.0668619 0.0668037
1.21875 2.06686 0.0668619 0.0668037
1.25 2.06561 0.0656085 0.0655515
1.25 2.06561 0.0656085 0.0655515
1.28125 2.0642 0.0641978 0.0641423
1.28125 2.0642 0.0641978 0.0641423
1.3125 2.06263 0.0626337 0.06258
1.3125 2.06263 0.0626337 0.06258
1.34375 2.06092 0.0609207 0.0608692
1.34375 2.06092 0.0609207 0.0608692
1.375 2.05906 0.0590642 0.0590154
1.375 2.05906 0.0590642 0.0590154
1.40625 2.05707 0.0570705 0.0570252
1.40625 2.05707 0.0570705 0.0570252
1.4375 2.05495 0.0549471 0.0549063
1.4375 2.05495 0.0549471 0.0549063
1.46875 2.0527 0.052703 0.0526682
1.46875 2.0527 0.052703 0.0526682
1.5 2.05035 0.050349 0.0503222
1.5 2.05035 0.050349 0.0503222
1.53125 2.0479 0.0478982 0.047882
1.53125 2.0479 0.0478982 0.047882
1.5625 2.04537 0.0453664 0.0453644
1.5625 2.04537 0.0453664 0.0453644
1.59375 2.04277 0.0427727 0.0427894
1.59375 2.04277 0.0427727 0.0427894
1.625 2.04014 0.0401396 0.0401808
1.625 2.04014 0.0401396 0.0401808
1.65625 2.03749 0.0374938 0.0375665
1.65625 2.03749 0.0374938 0.0375665
1.6875 2.03487 0.0348658 0.0349784
1.6875 2.03487 0.0348658 0.0349784
1.71875 2.03229 0.0322903 0.0324524
1.71875 2.03229 0.0322903 0.0324524
1.75 2.02981 0.0298056 0.0300283
1.75 2.02981 0.0298056 0.0300283
1.78125 2.02745 0.0274527 0.0277479
1.78125 2.02745 0.0274527 0.0277479
1.8125 2.02527 0.0252744 0.025655
1.8125 2.02527 0.0252744 0.025655
1.84375 2.02331 0.023314 0.0237929
1.84375 2.02331 0.023314 0.0237929
1.875 2.02161 0.021613 0.022203
1.875 2.02161 0.021613 0.022203
1.90625 2.02021 0.0202097 0.0209229
1.90625 2.02021 0.0202097 0.0209229
1.9375 2.01914 0.0191372 0.0199842
1.9375 2.01914 0.0191372 0.0199842
1.96875 2.01842 0.0184212 0.019411
1.96875 2.01842 0.0184212 0.019411
2 2.01808 0.018079 0.0192182
