# x y topography analytical topography
0 2.00684 0.00683748 0.00781936
0.03125 2.00768 0.00767753 0.00835213
0.03125 2.00768 0.00767753 0.00835213
0.0625 2.00946 0.00945953 0.00987769
0.0625 2.00946 0.00945953 0.00987769
0.09375 2.01197 0.0119741 0.0122051
0.09375 2.01197 0.0119741 0.0122051
0.125 2.01498 0.014978 0.0150902
0.125 2.01498 0.014978 0.0150902
0.15625 2.01826 0.0182566 0.0183033
0.15625 2.01826 0.0182566 0.0183033
0.1875 2.02165 0.0216541 0.0216697
0.1875 2.02165 0.0216541 0.0216697
0.21875 2.02507 0.0250744 0.025077
0.21875 2.02507 0.0250744 0.025077
0.25 2.02846 0.0284644 0.0284623
0.25 2.02846 0.0284644 0.0284623
0.28125 2.0318 0.0317967 0.0317929
0.28125 2.0318 0.0317967 0.0317929
0.3125 2.03506 0.0350558 0.0350512
0.3125 2.03506 0.0350558 0.0350512
0.34375 2.03823 0.0382313 0.0382262
0.34375 2.03823 0.0382313 0.0382262
0.375 2.04131 0.041315 0.0413095
0.375 2.04131 0.041315 0.0413095
0.40625 2.0443 0.0442992 0.0442933
0.40625 2.0443 0.0442992 0.0442933
0.4375 2.04718 0.0471766 0.0471704
0.4375 2.04718 0.0471766 0.0471704
0.46875 2.04994 0.0499405 0.0499338
0.46875 2.04994 0.0499405 0.0499338
0.5 2.05258 0.052584 0.052577
0.5 2.05258 0.052584 0.052577
0.53125 2.0551 0.0551008 0.0550935
0.53125 2.0551 0.0551008 0.0550935
0.5625 2.05748 0.0574849 0.0574773
0.5625 2.05748 0.0574849 0.0574773
0.59375 2.05973 0.0597305 0.0597226
0.59375 2.05973 0.0597305 0.0597226
0.625 2.06183 0.0618322 0.061824
0.625 2.06183 0.0618322 0.061824
0.65625 2.06378 0.063785 0.0637765
0.65625 2.06378 0.063785 0.0637765
0.6875 2.06558 0.065584 0.0655753
0.6875 2.06558 0.065584 0.0655753
0.71875 2.06723 0.0672251 0.0672162
0.71875 2.06723 0.0672251 0.0672162
0.75 2.0687 0.0687043 0.0686952
0.75 2.0687 0.0687043 0.0686952
0.78125 2.07002 0.0700179 0.0700086
0.78125 2.07002 0.0700179 0.0700086
0.8125 2.07116 0.0711628 0.0711534
0.8125 2.07116 0.0711628 0.0711534
0.84375 2.07214 0.0721363 0.0721268
0.84375 2.07214 0.0721363 0.0721268
0.875 2.07294 0.0729361 0.0729264
0.875 2.07294 0.0729361 0.0729264
0.90625 2.07356 0.0735601 0.0735503
0.90625 2.07356 0.0735601 0.0735503
0.9375 2.07401 0.0740069 0.0739971
0.9375 2.07401 0.0740069 0.0739971
0.96875 2.07428 0.0742754 0.0742655
0.96875 2.07428 0.0742754 0.0742655
1 2.07436 0.074365 0.0743551
1 2.07436 0.074365 0.0743551
1.03125 2.07428 0.0742754 0.0742655
1.03125 2.07428 0.0742754 0.0742655
1.0625 2.07401 0.0740069 0.0739971
1.0625 2.07401 0.0740069 0.0739971
1.09375 2.07356 0.0735601 0.0735503
1.09375 2.07356 0.0735601 0.0735503
1.125 2.07294 0.0729361 0.0729264
1.125 2.07294 0.0729361 0.0729264
1.15625 2.07214 0.0721363 0.0721268
1.15625 2.07214 0.0721363 0.0721268
1.1875 2.07116 0.0711628 0.0711534
1.1875 2.07116 0.0711628 0.0711534
1.21875 2.07002 0.0700179 0.0700086
1.21875 2.07002 0.0700179 0.0700086
1.25 2.0687 0.0687043 0.0686952
1.25 2.0687 0.0687043 0.0686952
1.28125 2.06723 0.0672251 0.0672162
1.28125 2.06723 0.0672251 0.0672162
1.3125 2.06558 0.065584 0.0655753
1.3125 2.06558 0.065584 0.0655753
1.34375 2.06378 0.063785 0.0637765
1.34375 2.06378 0.063785 0.0637765
1.375 2.06183 0.0618322 0.061824
1.375 2.06183 0.0618322 0.061824
1.40625 2.05973 0.0597305 0.0597226
1.40625 2.05973 0.0597305 0.0597226
1.4375 2.05748 0.0574849 0.0574773
1.4375 2.05748 0.0574849 0.0574773
1.46875 2.0551 0.0551008 0.0550935
1.46875 2.0551 0.0551008 0.0550935
1.5 2.05258 0.052584 0.052577
1.5 2.05258 0.052584 0.052577
1.53125 2.04994 0.0499405 0.0499338
1.53125 2.04994 0.0499405 0.0499338
1.5625 2.04718 0.0471766 0.0471704
1.5625 2.04718 0.0471766 0.0471704
1.59375 2.0443 0.0442992 0.0442933
1.59375 2.0443 0.0442992 0.0442933
1.625 2.04131 0.041315 0.0413095
1.625 2.04131 0.041315 0.0413095
1.65625 2.03823 0.0382313 0.0382262
1.65625 2.03823 0.0382313 0.0382262
1.6875 2.03506 0.0350558 0.0350512
1.6875 2.03506 0.0350558 0.0350512
1.71875 2.0318 0.0317967 0.0317929
1.71875 2.0318 0.0317967 0.0317929
1.75 2.02846 0.0284644 0.0284623
1.75 2.02846 0.0284644 0.0284623
1.78125 2.02507 0.0250744 0.025077
1.78125 2.02507 0.0250744 0.025077
1.8125 2.02165 0.0216541 0.0216697
1.8125 2.02165 0.0216541 0.0216697
1.84375 2.01826 0.0182566 0.0183033
1.84375 2.01826 0.0182566 0.0183033
1.875 2.01498 0.014978 0.0150902
1.875 2.01498 0.014978 0.0150902
1.90625 2.01197 0.0119741 0.0122051
1.90625 2.01197 0.0119741 0.0122051
1.9375 2.00946 0.00945953 0.00987769
1.9375 2.00946 0.00945953 0.00987769
1.96875 2.00768 0.00767753 0.00835213
1.96875 2.00768 0.00767753 0.00835213
2 2.00684 0.00683748 0.00781936
