# x y topography analytical topography
0 2.00996 0.0099608 0.0109949
0.03125 2.01057 0.0105669 0.0113672
0.03125 2.01057 0.0105669 0.0113672
0.0625 2.01187 0.0118674 0.0124572
0.0625 2.01187 0.0118674 0.0124572
0.09375 2.01378 0.0137771 0.0141891
0.09375 2.01378 0.0137771 0.0141891
0.125 2.01618 0.0161809 0.0164522
0.125 2.01618 0.0161809 0.0164522
0.15625 2.01895 0.0189526 0.0191199
0.15625 2.01895 0.0189526 0.0191199
0.1875 2.02197 0.0219718 0.0220672
0.1875 2.02197 0.0219718 0.0220672
0.21875 2.02514 0.0251351 0.0251844
0.21875 2.02514 0.0251351 0.0251844
0.25 2.02836 0.0283619 0.0283832
0.25 2.02836 0.0283619 0.0283832
0.28125 2.03159 0.0315931 0.0315986
0.28125 2.03159 0.0315931 0.0315986
0.3125 2.03479 0.0347881 0.034785
0.3125 2.03479 0.0347881 0.034785
0.34375 2.03792 0.0379198 0.0379123
0.34375 2.03792 0.0379198 0.0379123
0.375 2.04097 0.04097 0.04096
0.375 2.04097 0.04097 0.04096
0.40625 2.04393 0.0439259 0.0439145
0.40625 2.04393 0.0439259 0.0439145
0.4375 2.04678 0.0467778 0.0467655
0.4375 2.04678 0.0467778 0.0467655
0.46875 2.04952 0.0495179 0.0495047
0.46875 2.04952 0.0495179 0.0495047
0.5 2.05214 0.0521389 0.052125
0.5 2.05214 0.0521389 0.052125
0.53125 2.05463 0.0546343 0.0546198
0.53125 2.05463 0.0546343 0.0546198
0.5625 2.057 0.0569982 0.056983
0.5625 2.057 0.0569982 0.056983
0.59375 2.05922 0.0592248 0.059209
0.59375 2.05922 0.0592248 0.059209
0.625 2.06131 0.0613087 0.0612924
0.625 2.06131 0.0613087 0.0612924
0.65625 2.06324 0.063245 0.0632281
0.65625 2.06324 0.063245 0.0632281
0.6875 2.06503 0.0650288 0.0650115
0.6875 2.06503 0.0650288 0.0650115
0.71875 2.06666 0.066656 0.0666382
0.71875 2.06666 0.066656 0.0666382
0.75 2.06812 0.0681226 0.0681045
0.75 2.06812 0.0681226 0.0681045
0.78125 2.06943 0.0694251 0.0694066
0.78125 2.06943 0.0694251 0.0694066
0.8125 2.07056 0.0705604 0.0705416
0.8125 2.07056 0.0705604 0.0705416
0.84375 2.07153 0.0715256 0.0715066
0.84375 2.07153 0.0715256 0.0715066
0.875 2.07232 0.0723186 0.0722993
0.875 2.07232 0.0723186 0.0722993
0.90625 2.07294 0.0729373 0.0729179
0.90625 2.07294 0.0729373 0.0729179
0.9375 2.07338 0.0733803 0.0733608
0.9375 2.07338 0.0733803 0.0733608
0.96875 2.07365 0.0736466 0.0736269
0.96875 2.07365 0.0736466 0.0736269
1 2.07374 0.0737354 0.0737157
1 2.07374 0.0737354 0.0737157
1.03125 2.07365 0.0736466 0.0736269
1.03125 2.07365 0.0736466 0.0736269
1.0625 2.07338 0.0733803 0.0733608
1.0625 2.07338 0.0733803 0.0733608
1.09375 2.07294 0.0729373 0.0729179
1.09375 2.07294 0.0729373 0.0729179
1.125 2.07232 0.0723186 0.0722993
1.125 2.07232 0.0723186 0.0722993
1.15625 2.07153 0.0715256 0.0715066
1.15625 2.07153 0.0715256 0.0715066
1.1875 2.07056 0.0705604 0.0705416
1.1875 2.07056 0.0705604 0.0705416
1.21875 2.06943 0.0694251 0.0694066
1.21875 2.06943 0.0694251 0.0694066
1.25 2.06812 0.0681226 0.0681045
1.25 2.06812 0.0681226 0.0681045
1.28125 2.06666 0.066656 0.0666382
1.28125 2.06666 0.066656 0.0666382
1.3125 2.06503 0.0650288 0.0650115
1.3125 2.06503 0.0650288 0.0650115
1.34375 2.06324 0.063245 0.0632281
1.34375 2.06324 0.063245 0.0632281
1.375 2.06131 0.0613087 0.0612924
1.375 2.06131 0.0613087 0.0612924
1.40625 2.05922 0.0592248 0.059209
1.40625 2.05922 0.0592248 0.059209
1.4375 2.057 0.0569982 0.056983
1.4375 2.057 0.0569982 0.056983
1.46875 2.05463 0.0546343 0.0546198
1.46875 2.05463 0.0546343 0.0546198
1.5 2.05214 0.0521389 0.052125
1.5 2.05214 0.0521389 0.052125
1.53125 2.04952 0.0495179 0.0495047
1.53125 2.04952 0.0495179 0.0495047
1.5625 2.04678 0.0467778 0.0467655
1.5625 2.04678 0.0467778 0.0467655
1.59375 2.04393 0.0439259 0.0439145
1.59375 2.04393 0.0439259 0.0439145
1.625 2.04097 0.04097 0.04096
1.625 2.04097 0.04097 0.04096
1.65625 2.03792 0.0379198 0.0379123
1.65625 2.03792 0.0379198 0.0379123
1.6875 2.03479 0.0347881 0.034785
1.6875 2.03479 0.0347881 0.034785
1.71875 2.03159 0.0315931 0.0315986
1.71875 2.03159 0.0315931 0.0315986
1.75 2.02836 0.0283619 0.0283832
1.75 2.02836 0.0283619 0.0283832
1.78125 2.02514 0.0251351 0.0251844
1.78125 2.02514 0.0251351 0.0251844
1.8125 2.02197 0.0219718 0.0220672
1.8125 2.02197 0.0219718 0.0220672
1.84375 2.01895 0.0189526 0.0191199
1.84375 2.01895 0.0189526 0.0191199
1.875 2.01618 0.0161809 0.0164522
1.875 2.01618 0.0161809 0.0164522
1.90625 2.01378 0.0137771 0.0141891
1.90625 2.01378 0.0137771 0.0141891
1.9375 2.01187 0.0118674 0.0124572
1.9375 2.01187 0.0118674 0.0124572
1.96875 2.01057 0.0105669 0.0113672
1.96875 2.01057 0.0105669 0.0113672
2 2.00996 0.0099608 0.0109949
