# x y topography analytical topography
0 2.01574 0.0157436 0.0168558
0.03125 2.01614 0.0161376 0.0170838
0.03125 2.01614 0.0161376 0.0170838
0.0625 2.01697 0.016971 0.0177601
0.0625 2.01697 0.016971 0.0177601
0.09375 2.01822 0.0182184 0.0188626
0.09375 2.01822 0.0182184 0.0188626
0.125 2.01984 0.0198423 0.0203562
0.125 2.01984 0.0198423 0.0203562
0.15625 2.0218 0.0217961 0.0221959
0.15625 2.0218 0.0217961 0.0221959
0.1875 2.02403 0.0240271 0.0243294
0.1875 2.02403 0.0240271 0.0243294
0.21875 2.02648 0.0264797 0.0267011
0.21875 2.02648 0.0264797 0.0267011
0.25 2.0291 0.0290992 0.029255
0.25 2.0291 0.0290992 0.029255
0.28125 2.03183 0.0318332 0.0319374
0.28125 2.03183 0.0318332 0.0319374
0.3125 2.03463 0.0346343 0.0346988
0.3125 2.03463 0.0346343 0.0346988
0.34375 2.03746 0.0374608 0.0374955
0.34375 2.03746 0.0374608 0.0374955
0.375 2.04028 0.0402772 0.04029
0.375 2.04028 0.0402772 0.04029
0.40625 2.04305 0.0430538 0.0430509
0.40625 2.04305 0.0430538 0.0430509
0.4375 2.04577 0.0457665 0.0457524
0.4375 2.04577 0.0457665 0.0457524
0.46875 2.0484 0.0483958 0.0483738
0.46875 2.0484 0.0483958 0.0483738
0.5 2.05093 0.0509262 0.0508986
0.5 2.05093 0.0509262 0.0508986
0.53125 2.05335 0.0533452 0.0533135
0.53125 2.05335 0.0533452 0.0533135
0.5625 2.05564 0.0556426 0.055608
0.5625 2.05564 0.0556426 0.055608
0.59375 2.05781 0.0578103 0.0577734
0.59375 2.05781 0.0578103 0.0577734
0.625 2.05984 0.0598411 0.0598025
0.625 2.05984 0.0598411 0.0598025
0.65625 2.06173 0.0617293 0.0616891
0.65625 2.06173 0.0617293 0.0616891
0.6875 2.06347 0.0634694 0.063428
0.6875 2.06347 0.0634694 0.063428
0.71875 2.06506 0.0650572 0.0650146
0.71875 2.06506 0.0650572 0.0650146
0.75 2.06649 0.0664884 0.0664448
0.75 2.06649 0.0664884 0.0664448
0.78125 2.06776 0.0677595 0.0677151
0.78125 2.06776 0.0677595 0.0677151
0.8125 2.06887 0.0688675 0.0688224
0.8125 2.06887 0.0688675 0.0688224
0.84375 2.06981 0.0698095 0.0697638
0.84375 2.06981 0.0698095 0.0697638
0.875 2.07058 0.0705835 0.0705372
0.875 2.07058 0.0705835 0.0705372
0.90625 2.07119 0.0711873 0.0711407
0.90625 2.07119 0.0711873 0.0711407
0.9375 2.07162 0.0716197 0.0715728
0.9375 2.07162 0.0716197 0.0715728
0.96875 2.07188 0.0718796 0.0718325
0.96875 2.07188 0.0718796 0.0718325
1 2.07197 0.0719663 0.0719191
1 2.07197 0.0719663 0.0719191
1.03125 2.07188 0.0718796 0.0718325
1.03125 2.07188 0.0718796 0.0718325
1.0625 2.07162 0.0716197 0.0715728
1.0625 2.07162 0.0716197 0.0715728
1.09375 2.07119 0.0711873 0.0711407
1.09375 2.07119 0.0711873 0.0711407
1.125 2.07058 0.0705835 0.0705372
1.125 2.07058 0.0705835 0.0705372
1.15625 2.06981 0.0698095 0.0697638
1.15625 2.06981 0.0698095 0.0697638
1.1875 2.06887 0.0688675 0.0688224
1.1875 2.06887 0.0688675 0.0688224
1.21875 2.06776 0.0677595 0.0677151
1.21875 2.06776 0.0677595 0.0677151
1.25 2.06649 0.0664884 0.0664448
1.25 2.06649 0.0664884 0.0664448
1.28125 2.06506 0.0650572 0.0650146
1.28125 2.06506 0.0650572 0.0650146
1.3125 2.06347 0.0634694 0.063428
1.3125 2.06347 0.0634694 0.063428
1.34375 2.06173 0.0617293 0.0616891
1.34375 2.06173 0.0617293 0.0616891
1.375 2.05984 0.0598411 0.0598025
1.375 2.05984 0.0598411 0.0598025
1.40625 2.05781 0.0578103 0.0577734
1.40625 2.05781 0.0578103 0.0577734
1.4375 2.05564 0.0556426 0.055608
1.4375 2.05564 0.0556426 0.055608
1.46875 2.05335 0.0533452 0.0533135
1.46875 2.05335 0.0533452 0.0533135
1.5 2.05093 0.0509262 0.0508986
1.5 2.05093 0.0509262 0.0508986
1.53125 2.0484 0.0483958 0.0483738
1.53125 2.0484 0.0483958 0.0483738
1.5625 2.04577 0.0457665 0.0457524
1.5625 2.04577 0.0457665 0.0457524
1.59375 2.04305 0.0430538 0.0430509
1.59375 2.04305 0.0430538 0.0430509
1.625 2.04028 0.0402772 0.04029
1.625 2.04028 0.0402772 0.04029
1.65625 2.03746 0.0374608 0.0374955
1.65625 2.03746 0.0374608 0.0374955
1.6875 2.03463 0.0346343 0.0346988
1.6875 2.03463 0.0346343 0.0346988
1.71875 2.03183 0.0318332 0.0319374
1.71875 2.03183 0.0318332 0.0319374
1.75 2.0291 0.0290992 0.029255
1.75 2.0291 0.0290992 0.029255
1.78125 2.02648 0.0264797 0.0267011
1.78125 2.02648 0.0264797 0.0267011
1.8125 2.02403 0.0240271 0.0243294
1.8125 2.02403 0.0240271 0.0243294
1.84375 2.0218 0.0217961 0.0221959
1.84375 2.0218 0.0217961 0.0221959
1.875 2.01984 0.0198423 0.0203562
1.875 2.01984 0.0198423 0.0203562
1.90625 2.01822 0.0182184 0.0188626
1.90625 2.01822 0.0182184 0.0188626
1.9375 2.01697 0.016971 0.0177601
1.9375 2.01697 0.016971 0.0177601
1.96875 2.01614 0.0161376 0.0170838
1.96875 2.01614 0.0161376 0.0170838
2 2.01574 0.0157436 0.0168558
