# x y topography analytical topography
0 2.01865 0.0186545 0.0198
0.03125 2.01899 0.0189856 0.0199852
0.03125 2.01899 0.0189856 0.0199852
0.0625 2.01968 0.0196763 0.0205363
0.0625 2.01968 0.0196763 0.0205363
0.09375 2.02071 0.0207108 0.0214395
0.09375 2.02071 0.0207108 0.0214395
0.125 2.02207 0.0220655 0.0226727
0.125 2.02207 0.0220655 0.0226727
0.15625 2.02371 0.0237099 0.0242069
0.15625 2.02371 0.0237099 0.0242069
0.1875 2.02561 0.0256085 0.0260074
0.1875 2.02561 0.0256085 0.0260074
0.21875 2.02772 0.0277226 0.0280355
0.21875 2.02772 0.0277226 0.0280355
0.25 2.03001 0.0300114 0.0302506
0.25 2.03001 0.0300114 0.0302506
0.28125 2.03243 0.0324344 0.0326113
0.28125 2.03243 0.0324344 0.0326113
0.3125 2.03495 0.0349522 0.0350775
0.3125 2.03495 0.0349522 0.0350775
0.34375 2.03753 0.0375276 0.0376108
0.34375 2.03753 0.0375276 0.0376108
0.375 2.04013 0.0401266 0.0401762
0.375 2.04013 0.0401266 0.0401762
0.40625 2.04272 0.0427189 0.042742
0.40625 2.04272 0.0427189 0.042742
0.4375 2.04528 0.0452778 0.0452802
0.4375 2.04528 0.0452778 0.0452802
0.46875 2.04778 0.0477801 0.0477666
0.46875 2.04778 0.0477801 0.0477666
0.5 2.05021 0.0502062 0.0501806
0.5 2.05021 0.0502062 0.0501806
0.53125 2.05254 0.0525398 0.052505
0.53125 2.05254 0.0525398 0.052505
0.5625 2.05477 0.054767 0.0547253
0.5625 2.05477 0.054767 0.0547253
0.59375 2.05688 0.0568763 0.0568293
0.59375 2.05688 0.0568763 0.0568293
0.625 2.05886 0.0588583 0.0588072
0.625 2.05886 0.0588583 0.0588072
0.65625 2.0607 0.0607049 0.0606507
0.65625 2.0607 0.0607049 0.0606507
0.6875 2.06241 0.0624096 0.0623528
0.6875 2.06241 0.0624096 0.0623528
0.71875 2.06397 0.0639667 0.0639079
0.71875 2.06397 0.0639667 0.0639079
0.75 2.06537 0.0653714 0.0653109
0.75 2.06537 0.0653714 0.0653109
0.78125 2.06662 0.0666197 0.0665578
0.78125 2.06662 0.0666197 0.0665578
0.8125 2.06771 0.0677081 0.0676451
0.8125 2.06771 0.0677081 0.0676451
0.84375 2.06863 0.0686338 0.0685699
0.84375 2.06863 0.0686338 0.0685699
0.875 2.06939 0.0693944 0.0693298
0.875 2.06939 0.0693944 0.0693298
0.90625 2.06999 0.069988 0.0699227
0.90625 2.06999 0.069988 0.0699227
0.9375 2.07041 0.070413 0.0703474
0.9375 2.07041 0.070413 0.0703474
0.96875 2.07067 0.0706684 0.0706025
0.96875 2.07067 0.0706684 0.0706025
1 2.07075 0.0707536 0.0706877
1 2.07075 0.0707536 0.0706877
1.03125 2.07067 0.0706684 0.0706025
1.03125 2.07067 0.0706684 0.0706025
1.0625 2.07041 0.070413 0.0703474
1.0625 2.07041 0.070413 0.0703474
1.09375 2.06999 0.069988 0.0699227
1.09375 2.06999 0.069988 0.0699227
1.125 2.06939 0.0693944 0.0693298
1.125 2.06939 0.0693944 0.0693298
1.15625 2.06863 0.0686338 0.0685699
1.15625 2.06863 0.0686338 0.0685699
1.1875 2.06771 0.0677081 0.0676451
1.1875 2.06771 0.0677081 0.0676451
1.21875 2.06662 0.0666197 0.0665578
1.21875 2.06662 0.0666197 0.0665578
1.25 2.06537 0.0653714 0.0653109
1.25 2.06537 0.0653714 0.0653109
1.28125 2.06397 0.0639667 0.0639079
1.28125 2.06397 0.0639667 0.0639079
1.3125 2.06241 0.0624096 0.0623528
1.3125 2.06241 0.0624096 0.0623528
1.34375 2.0607 0.0607049 0.0606507
1.34375 2.0607 0.0607049 0.0606507
1.375 2.05886 0.0588583 0.0588072
1.375 2.05886 0.0588583 0.0588072
1.40625 2.05688 0.0568763 0.0568293
1.40625 2.05688 0.0568763 0.0568293
1.4375 2.05477 0.054767 0.0547253
1.4375 2.05477 0.054767 0.0547253
1.46875 2.05254 0.0525398 0.052505
1.46875 2.05254 0.0525398 0.052505
1.5 2.05021 0.0502062 0.0501806
1.5 2.05021 0.0502062 0.0501806
1.53125 2.04778 0.0477801 0.0477666
1.53125 2.04778 0.0477801 0.0477666
1.5625 2.04528 0.0452778 0.0452802
1.5625 2.04528 0.0452778 0.0452802
1.59375 2.04272 0.0427189 0.042742
1.59375 2.04272 0.0427189 0.042742
1.625 2.04013 0.0401266 0.0401762
1.625 2.04013 0.0401266 0.0401762
1.65625 2.03753 0.0375276 0.0376108
1.65625 2.03753 0.0375276 0.0376108
1.6875 2.03495 0.0349522 0.0350775
1.6875 2.03495 0.0349522 0.0350775
1.71875 2.03243 0.0324344 0.0326113
1.71875 2.03243 0.0324344 0.0326113
1.75 2.03001 0.0300114 0.0302506
1.75 2.03001 0.0300114 0.0302506
1.78125 2.02772 0.0277226 0.0280355
1.78125 2.02772 0.0277226 0.0280355
1.8125 2.02561 0.0256085 0.0260074
1.8125 2.02561 0.0256085 0.0260074
1.84375 2.02371 0.0237099 0.0242069
1.84375 2.02371 0.0237099 0.0242069
1.875 2.02207 0.0220655 0.0226727
1.875 2.02207 0.0220655 0.0226727
1.90625 2.02071 0.0207108 0.0214395
1.90625 2.02071 0.0207108 0.0214395
1.9375 2.01968 0.0196763 0.0205363
1.9375 2.01968 0.0196763 0.0205363
1.96875 2.01899 0.0189856 0.0199852
1.96875 2.01899 0.0189856 0.0199852
2 2.01865 0.0186545 0.0198
