# x y topography analytical topography
0 2.00797 0.00797 0.00897203
0.03125 2.00871 0.00870733 0.00943419
0.03125 2.00871 0.00870733 0.00943419
0.0625 2.01028 0.0102831 0.0107718
0.0625 2.01028 0.0102831 0.0107718
0.09375 2.01255 0.0125502 0.0128521
0.09375 2.01255 0.0125502 0.0128521
0.125 2.01532 0.0153247 0.0154945
0.125 2.01532 0.0153247 0.0154945
0.15625 2.01843 0.0184263 0.0185121
0.15625 2.01843 0.0184263 0.0185121
0.1875 2.02171 0.021706 0.0217438
0.1875 2.02171 0.021706 0.0217438
0.21875 2.02506 0.0250561 0.0250692
0.21875 2.02506 0.0250561 0.0250692
0.25 2.02841 0.0284071 0.0284088
0.25 2.02841 0.0284071 0.0284088
0.28125 2.03172 0.0317174 0.031714
0.28125 2.03172 0.0317174 0.031714
0.3125 2.03496 0.0349626 0.0349571
0.3125 2.03496 0.0349626 0.0349571
0.34375 2.03813 0.0381277 0.0381212
0.34375 2.03813 0.0381277 0.0381212
0.375 2.0412 0.0412024 0.0411952
0.375 2.0412 0.0412024 0.0411952
0.40625 2.04418 0.0441783 0.0441706
0.40625 2.04418 0.0441783 0.0441706
0.4375 2.04705 0.0470479 0.0470396
0.4375 2.04705 0.0470479 0.0470396
0.46875 2.0498 0.0498042 0.0497954
0.46875 2.0498 0.0498042 0.0497954
0.5 2.05244 0.0524405 0.0524313
0.5 2.05244 0.0524405 0.0524313
0.53125 2.05495 0.0549504 0.0549408
0.53125 2.05495 0.0549504 0.0549408
0.5625 2.05733 0.057328 0.0573179
0.5625 2.05733 0.057328 0.0573179
0.59375 2.05957 0.0595675 0.059557
0.59375 2.05957 0.0595675 0.059557
0.625 2.06166 0.0616635 0.0616526
0.625 2.06166 0.0616635 0.0616526
0.65625 2.06361 0.0636109 0.0635997
0.65625 2.06361 0.0636109 0.0635997
0.6875 2.06541 0.0654051 0.0653936
0.6875 2.06541 0.0654051 0.0653936
0.71875 2.06704 0.0670417 0.0670299
0.71875 2.06704 0.0670417 0.0670299
0.75 2.06852 0.0685168 0.0685047
0.75 2.06852 0.0685168 0.0685047
0.78125 2.06983 0.0698268 0.0698145
0.78125 2.06983 0.0698268 0.0698145
0.8125 2.07097 0.0709686 0.0709562
0.8125 2.07097 0.0709686 0.0709562
0.84375 2.07194 0.0719395 0.0719268
0.84375 2.07194 0.0719395 0.0719268
0.875 2.07274 0.072737 0.0727242
0.875 2.07274 0.072737 0.0727242
0.90625 2.07336 0.0733593 0.0733464
0.90625 2.07336 0.0733593 0.0733464
0.9375 2.0738 0.0738049 0.0737919
0.9375 2.0738 0.0738049 0.0737919
0.96875 2.07407 0.0740727 0.0740597
0.96875 2.07407 0.0740727 0.0740597
1 2.07416 0.074162 0.074149
1 2.07416 0.074162 0.074149
1.03125 2.07407 0.0740727 0.0740597
1.03125 2.07407 0.0740727 0.0740597
1.0625 2.0738 0.0738049 0.0737919
1.0625 2.0738 0.0738049 0.0737919
1.09375 2.07336 0.0733593 0.0733464
1.09375 2.07336 0.0733593 0.0733464
1.125 2.07274 0.072737 0.0727242
1.125 2.07274 0.072737 0.0727242
1.15625 2.07194 0.0719395 0.0719268
1.15625 2.07194 0.0719395 0.0719268
1.1875 2.07097 0.0709686 0.0709562
1.1875 2.07097 0.0709686 0.0709562
1.21875 2.06983 0.0698268 0.0698145
1.21875 2.06983 0.0698268 0.0698145
1.25 2.06852 0.0685168 0.0685047
1.25 2.06852 0.0685168 0.0685047
1.28125 2.06704 0.0670417 0.0670299
1.28125 2.06704 0.0670417 0.0670299
1.3125 2.06541 0.0654051 0.0653936
1.3125 2.06541 0.0654051 0.0653936
1.34375 2.06361 0.0636109 0.0635997
1.34375 2.06361 0.0636109 0.0635997
1.375 2.06166 0.0616635 0.0616526
1.375 2.06166 0.0616635 0.0616526
1.40625 2.05957 0.0595675 0.059557
1.40625 2.05957 0.0595675 0.059557
1.4375 2.05733 0.057328 0.0573179
1.4375 2.05733 0.057328 0.0573179
1.46875 2.05495 0.0549504 0.0549408
1.46875 2.05495 0.0549504 0.0549408
1.5 2.05244 0.0524405 0.0524313
1.5 2.05244 0.0524405 0.0524313
1.53125 2.0498 0.0498042 0.0497954
1.53125 2.0498 0.0498042 0.0497954
1.5625 2.04705 0.0470479 0.0470396
1.5625 2.04705 0.0470479 0.0470396
1.59375 2.04418 0.0441783 0.0441706
1.59375 2.04418 0.0441783 0.0441706
1.625 2.0412 0.0412024 0.0411952
1.625 2.0412 0.0412024 0.0411952
1.65625 2.03813 0.0381277 0.0381212
1.65625 2.03813 0.0381277 0.0381212
1.6875 2.03496 0.0349626 0.0349571
1.6875 2.03496 0.0349626 0.0349571
1.71875 2.03172 0.0317174 0.031714
1.71875 2.03172 0.0317174 0.031714
1.75 2.02841 0.0284071 0.0284088
1.75 2.02841 0.0284071 0.0284088
1.78125 2.02506 0.0250561 0.0250692
1.78125 2.02506 0.0250561 0.0250692
1.8125 2.02171 0.021706 0.0217438
1.8125 2.02171 0.021706 0.0217438
1.84375 2.01843 0.0184263 0.0185121
1.84375 2.01843 0.0184263 0.0185121
1.875 2.01532 0.0153247 0.0154945
1.875 2.01532 0.0153247 0.0154945
1.90625 2.01255 0.0125502 0.0128521
1.90625 2.01255 0.0125502 0.0128521
1.9375 2.01028 0.0102831 0.0107718
1.9375 2.01028 0.0102831 0.0107718
1.96875 2.00871 0.00870733 0.00943419
1.96875 2.00871 0.00870733 0.00943419
2 2.00797 0.00797 0.00897203
