# x y topography analytical topography
0 2.00761 0.0076101 0.00860591
0.03125 2.00838 0.00837729 0.00908856
0.03125 2.00838 0.00837729 0.00908856
0.0625 2.01001 0.0100139 0.0104813
0.0625 2.01001 0.0100139 0.0104813
0.09375 2.01236 0.0123559 0.0126359
0.09375 2.01236 0.0123559 0.0126359
0.125 2.0152 0.0152025 0.0153537
0.125 2.0152 0.0152025 0.0153537
0.15625 2.01836 0.0183622 0.0184347
0.15625 2.01836 0.0183622 0.0184347
0.1875 2.02168 0.0216826 0.0217123
0.1875 2.02168 0.0216826 0.0217123
0.21875 2.02506 0.0250582 0.0250672
0.21875 2.02506 0.0250582 0.0250672
0.25 2.02842 0.0284241 0.028424
0.25 2.02842 0.0284241 0.028424
0.28125 2.03174 0.0317428 0.031739
0.28125 2.03174 0.0317428 0.031739
0.3125 2.03499 0.0349932 0.0349879
0.3125 2.03499 0.0349932 0.0349879
0.34375 2.03816 0.0381621 0.038156
0.34375 2.03816 0.0381621 0.038156
0.375 2.04124 0.0412399 0.0412332
0.375 2.04124 0.0412399 0.0412332
0.40625 2.04422 0.0442185 0.0442114
0.40625 2.04422 0.0442185 0.0442114
0.4375 2.04709 0.0470908 0.0470832
0.4375 2.04709 0.0470908 0.0470832
0.46875 2.04985 0.0498496 0.0498415
0.46875 2.04985 0.0498496 0.0498415
0.5 2.05249 0.0524883 0.0524798
0.5 2.05249 0.0524883 0.0524798
0.53125 2.055 0.0550005 0.0549916
0.53125 2.055 0.0550005 0.0549916
0.5625 2.05738 0.0573803 0.057371
0.5625 2.05738 0.0573803 0.057371
0.59375 2.05962 0.0596218 0.0596122
0.59375 2.05962 0.0596218 0.0596122
0.625 2.06172 0.0617197 0.0617097
0.625 2.06172 0.0617197 0.0617097
0.65625 2.06367 0.0636688 0.0636586
0.65625 2.06367 0.0636688 0.0636586
0.6875 2.06546 0.0654647 0.0654541
0.6875 2.06546 0.0654647 0.0654541
0.71875 2.0671 0.0671028 0.0670919
0.71875 2.0671 0.0671028 0.0670919
0.75 2.06858 0.0685792 0.0685681
0.75 2.06858 0.0685792 0.0685681
0.78125 2.06989 0.0698904 0.0698792
0.78125 2.06989 0.0698904 0.0698792
0.8125 2.07103 0.0710333 0.0710218
0.8125 2.07103 0.0710333 0.0710218
0.84375 2.07201 0.072005 0.0719934
0.84375 2.07201 0.072005 0.0719934
0.875 2.0728 0.0728033 0.0727916
0.875 2.0728 0.0728033 0.0727916
0.90625 2.07343 0.0734262 0.0734143
0.90625 2.07343 0.0734262 0.0734143
0.9375 2.07387 0.0738722 0.0738602
0.9375 2.07387 0.0738722 0.0738602
0.96875 2.07414 0.0741402 0.0741282
0.96875 2.07414 0.0741402 0.0741282
1 2.07423 0.0742296 0.0742176
1 2.07423 0.0742296 0.0742176
1.03125 2.07414 0.0741402 0.0741282
1.03125 2.07414 0.0741402 0.0741282
1.0625 2.07387 0.0738722 0.0738602
1.0625 2.07387 0.0738722 0.0738602
1.09375 2.07343 0.0734262 0.0734143
1.09375 2.07343 0.0734262 0.0734143
1.125 2.0728 0.0728033 0.0727916
1.125 2.0728 0.0728033 0.0727916
1.15625 2.07201 0.072005 0.0719934
1.15625 2.07201 0.072005 0.0719934
1.1875 2.07103 0.0710333 0.0710218
1.1875 2.07103 0.0710333 0.0710218
1.21875 2.06989 0.0698904 0.0698792
1.21875 2.06989 0.0698904 0.0698792
1.25 2.06858 0.0685792 0.0685681
1.25 2.06858 0.0685792 0.0685681
1.28125 2.0671 0.0671028 0.0670919
1.28125 2.0671 0.0671028 0.0670919
1.3125 2.06546 0.0654647 0.0654541
1.3125 2.06546 0.0654647 0.0654541
1.34375 2.06367 0.0636688 0.0636586
1.34375 2.06367 0.0636688 0.0636586
1.375 2.06172 0.0617197 0.0617097
1.375 2.06172 0.0617197 0.0617097
1.40625 2.05962 0.0596218 0.0596122
1.40625 2.05962 0.0596218 0.0596122
1.4375 2.05738 0.0573803 0.057371
1.4375 2.05738 0.0573803 0.057371
1.46875 2.055 0.0550005 0.0549916
1.46875 2.055 0.0550005 0.0549916
1.5 2.05249 0.0524883 0.0524798
1.5 2.05249 0.0524883 0.0524798
1.53125 2.04985 0.0498496 0.0498415
1.53125 2.04985 0.0498496 0.0498415
1.5625 2.04709 0.0470908 0.0470832
1.5625 2.04709 0.0470908 0.0470832
1.59375 2.04422 0.0442185 0.0442114
1.59375 2.04422 0.0442185 0.0442114
1.625 2.04124 0.0412399 0.0412332
1.625 2.04124 0.0412399 0.0412332
1.65625 2.03816 0.0381621 0.038156
1.65625 2.03816 0.0381621 0.038156
1.6875 2.03499 0.0349932 0.0349879
1.6875 2.03499 0.0349932 0.0349879
1.71875 2.03174 0.0317428 0.031739
1.71875 2.03174 0.0317428 0.031739
1.75 2.02842 0.0284241 0.028424
1.75 2.02842 0.0284241 0.028424
1.78125 2.02506 0.0250582 0.0250672
1.78125 2.02506 0.0250582 0.0250672
1.8125 2.02168 0.0216826 0.0217123
1.8125 2.02168 0.0216826 0.0217123
1.84375 2.01836 0.0183622 0.0184347
1.84375 2.01836 0.0183622 0.0184347
1.875 2.0152 0.0152025 0.0153537
1.875 2.0152 0.0152025 0.0153537
1.90625 2.01236 0.0123559 0.0126359
1.90625 2.01236 0.0123559 0.0126359
1.9375 2.01001 0.0100139 0.0104813
1.9375 2.01001 0.0100139 0.0104813
1.96875 2.00838 0.00837729 0.00908856
1.96875 2.00838 0.00837729 0.00908856
2 2.00761 0.0076101 0.00860591
