# x y topography analytical topography
0 2.01078 0.0107774 0.0118236
0.03125 2.01134 0.0113418 0.0121676
0.03125 2.01134 0.0113418 0.0121676
0.0625 2.01255 0.0125526 0.0131776
0.0625 2.01255 0.0125526 0.0131776
0.09375 2.01434 0.01434 0.0147919
0.09375 2.01434 0.01434 0.0147919
0.125 2.01661 0.0166079 0.0169186
0.125 2.01661 0.0166079 0.0169186
0.15625 2.01925 0.0192475 0.0194496
0.15625 2.01925 0.0192475 0.0194496
0.1875 2.02215 0.022151 0.0222743
0.1875 2.02215 0.022151 0.0222743
0.21875 2.02522 0.0252215 0.0252908
0.21875 2.02522 0.0252215 0.0252908
0.25 2.02838 0.0283787 0.0284132
0.25 2.02838 0.0283787 0.0284132
0.28125 2.03156 0.0315606 0.0315738
0.28125 2.03156 0.0315606 0.0315738
0.3125 2.03472 0.034722 0.0347227
0.3125 2.03472 0.034722 0.0347227
0.34375 2.03783 0.0378309 0.0378245
0.34375 2.03783 0.0378309 0.0378245
0.375 2.04087 0.0408651 0.0408548
0.375 2.04087 0.0408651 0.0408548
0.40625 2.04381 0.0438091 0.0437965
0.40625 2.04381 0.0438091 0.0437965
0.4375 2.04665 0.0466515 0.0466374
0.4375 2.04665 0.0466515 0.0466374
0.46875 2.04938 0.0493833 0.0493681
0.46875 2.04938 0.0493833 0.0493681
0.5 2.052 0.0519968 0.0519807
0.5 2.052 0.0519968 0.0519807
0.53125 2.05449 0.0544853 0.0544685
0.53125 2.05449 0.0544853 0.0544685
0.5625 2.05684 0.0568427 0.0568251
0.5625 2.05684 0.0568427 0.0568251
0.59375 2.05906 0.0590632 0.0590449
0.59375 2.05906 0.0590632 0.0590449
0.625 2.06114 0.0611414 0.0611225
0.625 2.06114 0.0611414 0.0611225
0.65625 2.06307 0.0630724 0.0630528
0.65625 2.06307 0.0630724 0.0630528
0.6875 2.06485 0.0648514 0.0648313
0.6875 2.06485 0.0648514 0.0648313
0.71875 2.06647 0.0664741 0.0664535
0.71875 2.06647 0.0664741 0.0664535
0.75 2.06794 0.0679367 0.0679157
0.75 2.06794 0.0679367 0.0679157
0.78125 2.06924 0.0692357 0.0692142
0.78125 2.06924 0.0692357 0.0692142
0.8125 2.07037 0.0703678 0.070346
0.8125 2.07037 0.0703678 0.070346
0.84375 2.07133 0.0713304 0.0713084
0.84375 2.07133 0.0713304 0.0713084
0.875 2.07212 0.0721212 0.0720989
0.875 2.07212 0.0721212 0.0720989
0.90625 2.07274 0.0727383 0.0727157
0.90625 2.07274 0.0727383 0.0727157
0.9375 2.07318 0.0731801 0.0731574
0.9375 2.07318 0.0731801 0.0731574
0.96875 2.07345 0.0734456 0.0734229
0.96875 2.07345 0.0734456 0.0734229
1 2.07353 0.0735342 0.0735114
1 2.07353 0.0735342 0.0735114
1.03125 2.07345 0.0734456 0.0734229
1.03125 2.07345 0.0734456 0.0734229
1.0625 2.07318 0.0731801 0.0731574
1.0625 2.07318 0.0731801 0.0731574
1.09375 2.07274 0.0727383 0.0727157
1.09375 2.07274 0.0727383 0.0727157
1.125 2.07212 0.0721212 0.0720989
1.125 2.07212 0.0721212 0.0720989
1.15625 2.07133 0.0713304 0.0713084
1.15625 2.07133 0.0713304 0.0713084
1.1875 2.07037 0.0703678 0.070346
1.1875 2.07037 0.0703678 0.070346
1.21875 2.06924 0.0692357 0.0692142
1.21875 2.06924 0.0692357 0.0692142
1.25 2.06794 0.0679367 0.0679157
1.25 2.06794 0.0679367 0.0679157
1.28125 2.06647 0.0664741 0.0664535
1.28125 2.06647 0.0664741 0.0664535
1.3125 2.06485 0.0648514 0.0648313
1.3125 2.06485 0.0648514 0.0648313
1.34375 2.06307 0.0630724 0.0630528
1.34375 2.06307 0.0630724 0.0630528
1.375 2.06114 0.0611414 0.0611225
1.375 2.06114 0.0611414 0.0611225
1.40625 2.05906 0.0590632 0.0590449
1.40625 2.05906 0.0590632 0.0590449
1.4375 2.05684 0.0568427 0.0568251
1.4375 2.05684 0.0568427 0.0568251
1.46875 2.05449 0.0544853 0.0544685
1.46875 2.05449 0.0544853 0.0544685
1.5 2.052 0.0519968 0.0519807
1.5 2.052 0.0519968 0.0519807
1.53125 2.04938 0.0493833 0.0493681
1.53125 2.04938 0.0493833 0.0493681
1.5625 2.04665 0.0466515 0.0466374
1.5625 2.04665 0.0466515 0.0466374
1.59375 2.04381 0.0438091 0.0437965
1.59375 2.04381 0.0438091 0.0437965
1.625 2.04087 0.0408651 0.0408548
1.625 2.04087 0.0408651 0.0408548
1.65625 2.03783 0.0378309 0.0378245
1.65625 2.03783 0.0378309 0.0378245
1.6875 2.03472 0.034722 0.0347227
1.6875 2.03472 0.034722 0.0347227
1.71875 2.03156 0.0315606 0.0315738
1.71875 2.03156 0.0315606 0.0315738
1.75 2.02838 0.0283787 0.0284132
1.75 2.02838 0.0283787 0.0284132
1.78125 2.02522 0.0252215 0.0252908
1.78125 2.02522 0.0252215 0.0252908
1.8125 2.02215 0.022151 0.0222743
1.8125 2.02215 0.022151 0.0222743
1.84375 2.01925 0.0192475 0.0194496
1.84375 2.01925 0.0192475 0.0194496
1.875 2.01661 0.0166079 0.0169186
1.875 2.01661 0.0166079 0.0169186
1.90625 2.01434 0.01434 0.0147919
1.90625 2.01434 0.01434 0.0147919
1.9375 2.01255 0.0125526 0.0131776
1.9375 2.01255 0.0125526 0.0131776
1.96875 2.01134 0.0113418 0.0121676
1.96875 2.01134 0.0113418 0.0121676
2 2.01078 0.0107774 0.0118236
