# x y topography analytical topography
0 2.01675 0.0167467 0.0178708
0.03125 2.01712 0.0171169 0.0180826
0.03125 2.01712 0.0171169 0.0180826
0.0625 2.0179 0.0178967 0.0187118
0.0625 2.0179 0.0178967 0.0187118
0.09375 2.01906 0.0190645 0.0197397
0.09375 2.01906 0.0190645 0.0197397
0.125 2.02059 0.0205887 0.0211366
0.125 2.02059 0.0205887 0.0211366
0.15625 2.02243 0.0224291 0.0228639
0.15625 2.02243 0.0224291 0.0228639
0.1875 2.02454 0.0245399 0.0248766
0.1875 2.02454 0.0245399 0.0248766
0.21875 2.02687 0.0268721 0.0271255
0.21875 2.02687 0.0268721 0.0271255
0.25 2.02938 0.0293761 0.0295605
0.25 2.02938 0.0293761 0.0295605
0.28125 2.032 0.0320038 0.0321323
0.28125 2.032 0.0320038 0.0321323
0.3125 2.03471 0.0347103 0.0347945
0.3125 2.03471 0.0347103 0.0347945
0.34375 2.03745 0.037455 0.0375048
0.34375 2.03745 0.037455 0.0375048
0.375 2.0402 0.0402023 0.0402261
0.375 2.0402 0.0402023 0.0402261
0.40625 2.04292 0.0429219 0.0429262
0.40625 2.04292 0.0429219 0.0429262
0.4375 2.04559 0.0455881 0.0455781
0.4375 2.04559 0.0455881 0.0455781
0.46875 2.04818 0.04818 0.0481595
0.46875 2.04818 0.04818 0.0481595
0.5 2.05068 0.0506801 0.0506521
0.5 2.05068 0.0506801 0.0506521
0.53125 2.05307 0.0530746 0.053041
0.53125 2.05307 0.0530746 0.053041
0.5625 2.05535 0.055352 0.0553143
0.5625 2.05535 0.055352 0.0553143
0.59375 2.0575 0.0575029 0.0574622
0.59375 2.0575 0.0575029 0.0574622
0.625 2.05952 0.0595196 0.0594765
0.625 2.05952 0.0595196 0.0594765
0.65625 2.0614 0.0613955 0.0613505
0.65625 2.0614 0.0613955 0.0613505
0.6875 2.06313 0.0631251 0.0630785
0.6875 2.06313 0.0631251 0.0630785
0.71875 2.0647 0.0647035 0.0646556
0.71875 2.0647 0.0647035 0.0646556
0.75 2.06613 0.0661266 0.0660775
0.75 2.06613 0.0661266 0.0660775
0.78125 2.06739 0.0673906 0.0673405
0.78125 2.06739 0.0673906 0.0673405
0.8125 2.06849 0.0684924 0.0684415
0.8125 2.06849 0.0684924 0.0684415
0.84375 2.06943 0.0694293 0.0693777
0.84375 2.06943 0.0694293 0.0693777
0.875 2.0702 0.070199 0.0701468
0.875 2.0702 0.070199 0.0701468
0.90625 2.0708 0.0707995 0.0707469
0.90625 2.0708 0.0707995 0.0707469
0.9375 2.07123 0.0712296 0.0711766
0.9375 2.07123 0.0712296 0.0711766
0.96875 2.07149 0.071488 0.0714348
0.96875 2.07149 0.071488 0.0714348
1 2.07157 0.0715742 0.071521
1 2.07157 0.0715742 0.071521
1.03125 2.07149 0.071488 0.0714348
1.03125 2.07149 0.071488 0.0714348
1.0625 2.07123 0.0712296 0.0711766
1.0625 2.07123 0.0712296 0.0711766
1.09375 2.0708 0.0707995 0.0707469
1.09375 2.0708 0.0707995 0.0707469
1.125 2.0702 0.070199 0.0701468
1.125 2.0702 0.070199 0.0701468
1.15625 2.06943 0.0694293 0.0693777
1.15625 2.06943 0.0694293 0.0693777
1.1875 2.06849 0.0684924 0.0684415
1.1875 2.06849 0.0684924 0.0684415
1.21875 2.06739 0.0673906 0.0673405
1.21875 2.06739 0.0673906 0.0673405
1.25 2.06613 0.0661266 0.0660775
1.25 2.06613 0.0661266 0.0660775
1.28125 2.0647 0.0647035 0.0646556
1.28125 2.0647 0.0647035 0.0646556
1.3125 2.06313 0.0631251 0.0630785
1.3125 2.06313 0.0631251 0.0630785
1.34375 2.0614 0.0613955 0.0613505
1.34375 2.0614 0.0613955 0.0613505
1.375 2.05952 0.0595196 0.0594765
1.375 2.05952 0.0595196 0.0594765
1.40625 2.0575 0.0575029 0.0574622
1.40625 2.0575 0.0575029 0.0574622
1.4375 2.05535 0.055352 0.0553143
1.4375 2.05535 0.055352 0.0553143
1.46875 2.05307 0.0530746 0.053041
1.46875 2.05307 0.0530746 0.053041
1.5 2.05068 0.0506801 0.0506521
1.5 2.05068 0.0506801 0.0506521
1.53125 2.04818 0.04818 0.0481595
1.53125 2.04818 0.04818 0.0481595
1.5625 2.04559 0.0455881 0.0455781
1.5625 2.04559 0.0455881 0.0455781
1.59375 2.04292 0.0429219 0.0429262
1.59375 2.04292 0.0429219 0.0429262
1.625 2.0402 0.0402023 0.0402261
1.625 2.0402 0.0402023 0.0402261
1.65625 2.03745 0.037455 0.0375048
1.65625 2.03745 0.037455 0.0375048
1.6875 2.03471 0.0347103 0.0347945
1.6875 2.03471 0.0347103 0.0347945
1.71875 2.032 0.0320038 0.0321323
1.71875 2.032 0.0320038 0.0321323
1.75 2.02938 0.0293761 0.0295605
1.75 2.02938 0.0293761 0.0295605
1.78125 2.02687 0.0268721 0.0271255
1.78125 2.02687 0.0268721 0.0271255
1.8125 2.02454 0.0245399 0.0248766
1.8125 2.02454 0.0245399 0.0248766
1.84375 2.02243 0.0224291 0.0228639
1.84375 2.02243 0.0224291 0.0228639
1.875 2.02059 0.0205887 0.0211366
1.875 2.02059 0.0205887 0.0211366
1.90625 2.01906 0.0190645 0.0197397
1.90625 2.01906 0.0190645 0.0197397
1.9375 2.0179 0.0178967 0.0187118
1.9375 2.0179 0.0178967 0.0187118
1.96875 2.01712 0.0171169 0.0180826
1.96875 2.01712 0.0171169 0.0180826
2 2.01675 0.0167467 0.0178708
