# x y topography analytical topography
0 2.00736 0.00736098 0.00835239
0.03125 2.00815 0.00815026 0.00885022
0.03125 2.00815 0.00815026 0.00885022
0.0625 2.00983 0.00983144 0.0102835
0.0625 2.00983 0.00983144 0.0102835
0.09375 2.01223 0.0122273 0.0124917
0.09375 2.01223 0.0122273 0.0124917
0.125 2.01512 0.0151243 0.0152628
0.125 2.01512 0.0151243 0.0152628
0.15625 2.01832 0.0183234 0.0183872
0.15625 2.01832 0.0183234 0.0183872
0.1875 2.02167 0.0216703 0.021695
0.1875 2.02167 0.0216703 0.021695
0.21875 2.02506 0.0250619 0.0250684
0.21875 2.02506 0.0250619 0.0250684
0.25 2.02844 0.0284366 0.0284357
0.25 2.02844 0.0284366 0.0284357
0.28125 2.03176 0.0317604 0.0317565
0.28125 2.03176 0.0317604 0.0317565
0.3125 2.03501 0.0350139 0.0350088
0.3125 2.03501 0.0350139 0.0350088
0.34375 2.03819 0.0381851 0.0381793
0.34375 2.03819 0.0381851 0.0381793
0.375 2.04126 0.0412649 0.0412586
0.375 2.04126 0.0412649 0.0412586
0.40625 2.04425 0.0442454 0.0442387
0.40625 2.04425 0.0442454 0.0442387
0.4375 2.04712 0.0471194 0.0471122
0.4375 2.04712 0.0471194 0.0471122
0.46875 2.04988 0.0498798 0.0498723
0.46875 2.04988 0.0498798 0.0498723
0.5 2.05252 0.0525201 0.0525122
0.5 2.05252 0.0525201 0.0525122
0.53125 2.05503 0.0550339 0.0550256
0.53125 2.05503 0.0550339 0.0550256
0.5625 2.05742 0.0574151 0.0574064
0.5625 2.05742 0.0574151 0.0574064
0.59375 2.05966 0.059658 0.0596489
0.59375 2.05966 0.059658 0.0596489
0.625 2.06176 0.0617571 0.0617478
0.625 2.06176 0.0617571 0.0617478
0.65625 2.06371 0.0637075 0.0636979
0.65625 2.06371 0.0637075 0.0636979
0.6875 2.0655 0.0655044 0.0654945
0.6875 2.0655 0.0655044 0.0654945
0.71875 2.06714 0.0671435 0.0671333
0.71875 2.06714 0.0671435 0.0671333
0.75 2.06862 0.0686209 0.0686105
0.75 2.06862 0.0686209 0.0686105
0.78125 2.06993 0.0699329 0.0699223
0.78125 2.06993 0.0699329 0.0699223
0.8125 2.07108 0.0710764 0.0710657
0.8125 2.07108 0.0710764 0.0710657
0.84375 2.07205 0.0720488 0.0720378
0.84375 2.07205 0.0720488 0.0720378
0.875 2.07285 0.0728475 0.0728365
0.875 2.07285 0.0728475 0.0728365
0.90625 2.07347 0.0734708 0.0734596
0.90625 2.07347 0.0734708 0.0734596
0.9375 2.07392 0.073917 0.0739058
0.9375 2.07392 0.073917 0.0739058
0.96875 2.07419 0.0741852 0.074174
0.96875 2.07419 0.0741852 0.074174
1 2.07427 0.0742747 0.0742634
1 2.07427 0.0742747 0.0742634
1.03125 2.07419 0.0741852 0.074174
1.03125 2.07419 0.0741852 0.074174
1.0625 2.07392 0.073917 0.0739058
1.0625 2.07392 0.073917 0.0739058
1.09375 2.07347 0.0734708 0.0734596
1.09375 2.07347 0.0734708 0.0734596
1.125 2.07285 0.0728475 0.0728365
1.125 2.07285 0.0728475 0.0728365
1.15625 2.07205 0.0720488 0.0720378
1.15625 2.07205 0.0720488 0.0720378
1.1875 2.07108 0.0710764 0.0710657
1.1875 2.07108 0.0710764 0.0710657
1.21875 2.06993 0.0699329 0.0699223
1.21875 2.06993 0.0699329 0.0699223
1.25 2.06862 0.0686209 0.0686105
1.25 2.06862 0.0686209 0.0686105
1.28125 2.06714 0.0671435 0.0671333
1.28125 2.06714 0.0671435 0.0671333
1.3125 2.0655 0.0655044 0.0654945
1.3125 2.0655 0.0655044 0.0654945
1.34375 2.06371 0.0637075 0.0636979
1.34375 2.06371 0.0637075 0.0636979
1.375 2.06176 0.0617571 0.0617478
1.375 2.06176 0.0617571 0.0617478
1.40625 2.05966 0.059658 0.0596489
1.40625 2.05966 0.059658 0.0596489
1.4375 2.05742 0.0574151 0.0574064
1.4375 2.05742 0.0574151 0.0574064
1.46875 2.05503 0.0550339 0.0550256
1.46875 2.05503 0.0550339 0.0550256
1.5 2.05252 0.0525201 0.0525122
1.5 2.05252 0.0525201 0.0525122
1.53125 2.04988 0.0498798 0.0498723
1.53125 2.04988 0.0498798 0.0498723
1.5625 2.04712 0.0471194 0.0471122
1.5625 2.04712 0.0471194 0.0471122
1.59375 2.04425 0.0442454 0.0442387
1.59375 2.04425 0.0442454 0.0442387
1.625 2.04126 0.0412649 0.0412586
1.625 2.04126 0.0412649 0.0412586
1.65625 2.03819 0.0381851 0.0381793
1.65625 2.03819 0.0381851 0.0381793
1.6875 2.03501 0.0350139 0.0350088
1.6875 2.03501 0.0350139 0.0350088
1.71875 2.03176 0.0317604 0.0317565
1.71875 2.03176 0.0317604 0.0317565
1.75 2.02844 0.0284366 0.0284357
1.75 2.02844 0.0284366 0.0284357
1.78125 2.02506 0.0250619 0.0250684
1.78125 2.02506 0.0250619 0.0250684
1.8125 2.02167 0.0216703 0.021695
1.8125 2.02167 0.0216703 0.021695
1.84375 2.01832 0.0183234 0.0183872
1.84375 2.01832 0.0183234 0.0183872
1.875 2.01512 0.0151243 0.0152628
1.875 2.01512 0.0151243 0.0152628
1.90625 2.01223 0.0122273 0.0124917
1.90625 2.01223 0.0122273 0.0124917
1.9375 2.00983 0.00983144 0.0102835
1.9375 2.00983 0.00983144 0.0102835
1.96875 2.00815 0.00815026 0.00885022
1.96875 2.00815 0.00815026 0.00885022
2 2.00736 0.00736098 0.00835239
