# x y topography analytical topography
0 2.0106 0.0106014 0.0116451
0.03125 2.01117 0.0111743 0.0119948
0.03125 2.01117 0.0111743 0.0119948
0.0625 2.0124 0.0124036 0.0130212
0.0625 2.0124 0.0124036 0.0130212
0.09375 2.01422 0.0142163 0.0146598
0.09375 2.01422 0.0142163 0.0146598
0.125 2.01651 0.0165126 0.016815
0.125 2.01651 0.0165126 0.016815
0.15625 2.01918 0.0191803 0.019375
0.15625 2.01918 0.0191803 0.019375
0.1875 2.02211 0.0221089 0.0222261
0.1875 2.02211 0.0221089 0.0222261
0.21875 2.0252 0.0252 0.0252648
0.21875 2.0252 0.0252 0.0252648
0.25 2.02837 0.0283729 0.0284044
0.25 2.02837 0.0283729 0.0284044
0.28125 2.03157 0.0315663 0.0315776
0.28125 2.03157 0.0315663 0.0315776
0.3125 2.03474 0.0347356 0.0347353
0.3125 2.03474 0.0347356 0.0347353
0.34375 2.03785 0.0378499 0.0378432
0.34375 2.03785 0.0378499 0.0378432
0.375 2.04089 0.040888 0.0408777
0.375 2.04089 0.040888 0.0408777
0.40625 2.04383 0.0438348 0.0438225
0.40625 2.04383 0.0438348 0.0438225
0.4375 2.04668 0.0466794 0.0466657
0.4375 2.04668 0.0466794 0.0466657
0.46875 2.04941 0.0494131 0.0493984
0.46875 2.04941 0.0494131 0.0493984
0.5 2.05203 0.0520283 0.0520127
0.5 2.05203 0.0520283 0.0520127
0.53125 2.05452 0.0545184 0.054502
0.53125 2.05452 0.0545184 0.054502
0.5625 2.05688 0.0568772 0.0568602
0.5625 2.05688 0.0568772 0.0568602
0.59375 2.0591 0.0590991 0.0590813
0.59375 2.0591 0.0590991 0.0590813
0.625 2.06118 0.0611786 0.0611602
0.625 2.06118 0.0611786 0.0611602
0.65625 2.06311 0.0631107 0.0630917
0.65625 2.06311 0.0631107 0.0630917
0.6875 2.06489 0.0648907 0.0648713
0.6875 2.06489 0.0648907 0.0648713
0.71875 2.06651 0.0665145 0.0664945
0.71875 2.06651 0.0665145 0.0664945
0.75 2.06798 0.067978 0.0679576
0.75 2.06798 0.067978 0.0679576
0.78125 2.06928 0.0692777 0.0692569
0.78125 2.06928 0.0692777 0.0692569
0.8125 2.07041 0.0704106 0.0703894
0.8125 2.07041 0.0704106 0.0703894
0.84375 2.07137 0.0713738 0.0713524
0.84375 2.07137 0.0713738 0.0713524
0.875 2.07217 0.072165 0.0721434
0.875 2.07217 0.072165 0.0721434
0.90625 2.07278 0.0727825 0.0727606
0.90625 2.07278 0.0727825 0.0727606
0.9375 2.07322 0.0732245 0.0732026
0.9375 2.07322 0.0732245 0.0732026
0.96875 2.07349 0.0734902 0.0734682
0.96875 2.07349 0.0734902 0.0734682
1 2.07358 0.0735788 0.0735568
1 2.07358 0.0735788 0.0735568
1.03125 2.07349 0.0734902 0.0734682
1.03125 2.07349 0.0734902 0.0734682
1.0625 2.07322 0.0732245 0.0732026
1.0625 2.07322 0.0732245 0.0732026
1.09375 2.07278 0.0727825 0.0727606
1.09375 2.07278 0.0727825 0.0727606
1.125 2.07217 0.072165 0.0721434
1.125 2.07217 0.072165 0.0721434
1.15625 2.07137 0.0713738 0.0713524
1.15625 2.07137 0.0713738 0.0713524
1.1875 2.07041 0.0704106 0.0703894
1.1875 2.07041 0.0704106 0.0703894
1.21875 2.06928 0.0692777 0.0692569
1.21875 2.06928 0.0692777 0.0692569
1.25 2.06798 0.067978 0.0679576
1.25 2.06798 0.067978 0.0679576
1.28125 2.06651 0.0665145 0.0664945
1.28125 2.06651 0.0665145 0.0664945
1.3125 2.06489 0.0648907 0.0648713
1.3125 2.06489 0.0648907 0.0648713
1.34375 2.06311 0.0631107 0.0630917
1.34375 2.06311 0.0631107 0.0630917
1.375 2.06118 0.0611786 0.0611602
1.375 2.06118 0.0611786 0.0611602
1.40625 2.0591 0.0590991 0.0590813
1.40625 2.0591 0.0590991 0.0590813
1.4375 2.05688 0.0568772 0.0568602
1.4375 2.05688 0.0568772 0.0568602
1.46875 2.05452 0.0545184 0.054502
1.46875 2.05452 0.0545184 0.054502
1.5 2.05203 0.0520283 0.0520127
1.5 2.05203 0.0520283 0.0520127
1.53125 2.04941 0.0494131 0.0493984
1.53125 2.04941 0.0494131 0.0493984
1.5625 2.04668 0.0466794 0.0466657
1.5625 2.04668 0.0466794 0.0466657
1.59375 2.04383 0.0438348 0.0438225
1.59375 2.04383 0.0438348 0.0438225
1.625 2.04089 0.040888 0.0408777
1.625 2.04089 0.040888 0.0408777
1.65625 2.03785 0.0378499 0.0378432
1.65625 2.03785 0.0378499 0.0378432
1.6875 2.03474 0.0347356 0.0347353
1.6875 2.03474 0.0347356 0.0347353
1.71875 2.03157 0.0315663 0.0315776
1.71875 2.03157 0.0315663 0.0315776
1.75 2.02837 0.0283729 0.0284044
1.75 2.02837 0.0283729 0.0284044
1.78125 2.0252 0.0252 0.0252648
1.78125 2.0252 0.0252 0.0252648
1.8125 2.02211 0.0221089 0.0222261
1.8125 2.02211 0.0221089 0.0222261
1.84375 2.01918 0.0191803 0.019375
1.84375 2.01918 0.0191803 0.019375
1.875 2.01651 0.0165126 0.016815
1.875 2.01651 0.0165126 0.016815
1.90625 2.01422 0.0142163 0.0146598
1.90625 2.01422 0.0142163 0.0146598
1.9375 2.0124 0.0124036 0.0130212
1.9375 2.0124 0.0124036 0.0130212
1.96875 2.01117 0.0111743 0.0119948
1.96875 2.01117 0.0111743 0.0119948
2 2.0106 0.0106014 0.0116451
