# x y topography analytical topography
0 2.01485 0.0148467 0.015948
0.03125 2.01526 0.0152642 0.0161919
0.03125 2.01526 0.0152642 0.0161919
0.0625 2.01615 0.0161504 0.0169147
0.0625 2.01615 0.0161504 0.0169147
0.09375 2.01748 0.0174756 0.0180903
0.09375 2.01748 0.0174756 0.0180903
0.125 2.0192 0.0191961 0.0196777
0.125 2.0192 0.0191961 0.0196777
0.15625 2.02126 0.021258 0.0216248
0.15625 2.02126 0.021258 0.0216248
0.1875 2.0236 0.0236014 0.0238721
0.1875 2.0236 0.0236014 0.0238721
0.21875 2.02616 0.0261646 0.0263572
0.21875 2.02616 0.0261646 0.0263572
0.25 2.02889 0.0288875 0.0290183
0.25 2.02889 0.0288875 0.0290183
0.28125 2.03171 0.0317144 0.0317979
0.28125 2.03171 0.0317144 0.0317979
0.3125 2.0346 0.0345959 0.0346443
0.3125 2.0346 0.0345959 0.0346443
0.34375 2.03749 0.03749 0.0375129
0.34375 2.03749 0.03749 0.0375129
0.375 2.04036 0.0403617 0.0403665
0.375 2.04036 0.0403617 0.0403665
0.40625 2.04318 0.0431828 0.043175
0.40625 2.04318 0.0431828 0.043175
0.4375 2.04593 0.0459308 0.0459144
0.4375 2.04593 0.0459308 0.0459144
0.46875 2.04859 0.0485881 0.0485658
0.46875 2.04859 0.0485881 0.0485658
0.5 2.05114 0.0511408 0.0511144
0.5 2.05114 0.0511408 0.0511144
0.53125 2.05358 0.0535779 0.0535485
0.53125 2.05358 0.0535779 0.0535485
0.5625 2.05589 0.0558903 0.0558587
0.5625 2.05589 0.0558903 0.0558587
0.59375 2.05807 0.0580705 0.0580372
0.59375 2.05807 0.0580705 0.0580372
0.625 2.06011 0.0601122 0.0600775
0.625 2.06011 0.0601122 0.0600775
0.65625 2.06201 0.0620099 0.0619739
0.65625 2.06201 0.0620099 0.0619739
0.6875 2.06376 0.0637585 0.0637215
0.6875 2.06376 0.0637585 0.0637215
0.71875 2.06535 0.0653537 0.0653158
0.71875 2.06535 0.0653537 0.0653158
0.75 2.06679 0.0667916 0.0667528
0.75 2.06679 0.0667916 0.0667528
0.78125 2.06807 0.0680686 0.0680291
0.78125 2.06807 0.0680686 0.0680291
0.8125 2.06918 0.0691817 0.0691415
0.8125 2.06918 0.0691817 0.0691415
0.84375 2.07013 0.0701281 0.0700873
0.84375 2.07013 0.0701281 0.0700873
0.875 2.07091 0.0709055 0.0708643
0.875 2.07091 0.0709055 0.0708643
0.90625 2.07151 0.0715122 0.0714706
0.90625 2.07151 0.0715122 0.0714706
0.9375 2.07195 0.0719465 0.0719047
0.9375 2.07195 0.0719465 0.0719047
0.96875 2.07221 0.0722076 0.0721656
0.96875 2.07221 0.0722076 0.0721656
1 2.07229 0.0722947 0.0722526
1 2.07229 0.0722947 0.0722526
1.03125 2.07221 0.0722076 0.0721656
1.03125 2.07221 0.0722076 0.0721656
1.0625 2.07195 0.0719465 0.0719047
1.0625 2.07195 0.0719465 0.0719047
1.09375 2.07151 0.0715122 0.0714706
1.09375 2.07151 0.0715122 0.0714706
1.125 2.07091 0.0709055 0.0708643
1.125 2.07091 0.0709055 0.0708643
1.15625 2.07013 0.0701281 0.0700873
1.15625 2.07013 0.0701281 0.0700873
1.1875 2.06918 0.0691817 0.0691415
1.1875 2.06918 0.0691817 0.0691415
1.21875 2.06807 0.0680686 0.0680291
1.21875 2.06807 0.0680686 0.0680291
1.25 2.06679 0.0667916 0.0667528
1.25 2.06679 0.0667916 0.0667528
1.28125 2.06535 0.0653537 0.0653158
1.28125 2.06535 0.0653537 0.0653158
1.3125 2.06376 0.0637585 0.0637215
1.3125 2.06376 0.0637585 0.0637215
1.34375 2.06201 0.0620099 0.0619739
1.34375 2.06201 0.0620099 0.0619739
1.375 2.06011 0.0601122 0.0600775
1.375 2.06011 0.0601122 0.0600775
1.40625 2.05807 0.0580705 0.0580372
1.40625 2.05807 0.0580705 0.0580372
1.4375 2.05589 0.0558903 0.0558587
1.4375 2.05589 0.0558903 0.0558587
1.46875 2.05358 0.0535779 0.0535485
1.46875 2.05358 0.0535779 0.0535485
1.5 2.05114 0.0511408 0.0511144
1.5 2.05114 0.0511408 0.0511144
1.53125 2.04859 0.0485881 0.0485658
1.53125 2.04859 0.0485881 0.0485658
1.5625 2.04593 0.0459308 0.0459144
1.5625 2.04593 0.0459308 0.0459144
1.59375 2.04318 0.0431828 0.043175
1.59375 2.04318 0.0431828 0.043175
1.625 2.04036 0.0403617 0.0403665
1.625 2.04036 0.0403617 0.0403665
1.65625 2.03749 0.03749 0.0375129
1.65625 2.03749 0.03749 0.0375129
1.6875 2.0346 0.0345959 0.0346443
1.6875 2.0346 0.0345959 0.0346443
1.71875 2.03171 0.0317144 0.0317979
1.71875 2.03171 0.0317144 0.0317979
1.75 2.02889 0.0288875 0.0290183
1.75 2.02889 0.0288875 0.0290183
1.78125 2.02616 0.0261646 0.0263572
1.78125 2.02616 0.0261646 0.0263572
1.8125 2.0236 0.0236014 0.0238721
1.8125 2.0236 0.0236014 0.0238721
1.84375 2.02126 0.021258 0.0216248
1.84375 2.02126 0.021258 0.0216248
1.875 2.0192 0.0191961 0.0196777
1.875 2.0192 0.0191961 0.0196777
1.90625 2.01748 0.0174756 0.0180903
1.90625 2.01748 0.0174756 0.0180903
1.9375 2.01615 0.0161504 0.0169147
1.9375 2.01615 0.0161504 0.0169147
1.96875 2.01526 0.0152642 0.0161919
1.96875 2.01526 0.0152642 0.0161919
2 2.01485 0.0148467 0.015948
