# x y topography analytical topography
0 2.00843 0.00842709 0.00943681
0.03125 2.00913 0.00912963 0.00987513
0.03125 2.00913 0.00912963 0.00987513
0.0625 2.01063 0.0106337 0.0111478
0.0625 2.01063 0.0106337 0.0111478
0.09375 2.01281 0.0128105 0.0131393
0.09375 2.01281 0.0128105 0.0131393
0.125 2.0155 0.0154953 0.0156888
0.125 2.0155 0.0154953 0.0156888
0.15625 2.01852 0.0185217 0.0186253
0.15625 2.01852 0.0185217 0.0186253
0.1875 2.02175 0.0217461 0.0217954
0.1875 2.02175 0.0217461 0.0217954
0.21875 2.02506 0.0250597 0.0250792
0.21875 2.02506 0.0250597 0.0250792
0.25 2.02839 0.0283885 0.028393
0.25 2.02839 0.0283885 0.028393
0.28125 2.03169 0.0316856 0.0316832
0.28125 2.03169 0.0316856 0.0316832
0.3125 2.03492 0.0349227 0.0349172
0.3125 2.03492 0.0349227 0.0349172
0.34375 2.03808 0.0380823 0.0380753
0.34375 2.03808 0.0380823 0.0380753
0.375 2.04115 0.0411527 0.0411448
0.375 2.04115 0.0411527 0.0411448
0.40625 2.04412 0.0441248 0.0441162
0.40625 2.04412 0.0441248 0.0441162
0.4375 2.04699 0.0469908 0.0469817
0.4375 2.04699 0.0469908 0.0469817
0.46875 2.04974 0.0497437 0.049734
0.46875 2.04974 0.0497437 0.049734
0.5 2.05238 0.0523768 0.0523666
0.5 2.05238 0.0523768 0.0523666
0.53125 2.05488 0.0548837 0.054873
0.53125 2.05488 0.0548837 0.054873
0.5625 2.05726 0.0572584 0.0572473
0.5625 2.05726 0.0572584 0.0572473
0.59375 2.0595 0.0594952 0.0594836
0.59375 2.0595 0.0594952 0.0594836
0.625 2.06159 0.0615886 0.0615766
0.625 2.06159 0.0615886 0.0615766
0.65625 2.06353 0.0635337 0.0635213
0.65625 2.06353 0.0635337 0.0635213
0.6875 2.06533 0.0653257 0.0653129
0.6875 2.06533 0.0653257 0.0653129
0.71875 2.06696 0.0669603 0.0669472
0.71875 2.06696 0.0669603 0.0669472
0.75 2.06843 0.0684336 0.0684203
0.75 2.06843 0.0684336 0.0684203
0.78125 2.06974 0.069742 0.0697285
0.78125 2.06974 0.069742 0.0697285
0.8125 2.07088 0.0708825 0.0708687
0.8125 2.07088 0.0708825 0.0708687
0.84375 2.07185 0.0718521 0.0718382
0.84375 2.07185 0.0718521 0.0718382
0.875 2.07265 0.0726487 0.0726346
0.875 2.07265 0.0726487 0.0726346
0.90625 2.07327 0.0732703 0.073256
0.90625 2.07327 0.0732703 0.073256
0.9375 2.07372 0.0737153 0.073701
0.9375 2.07372 0.0737153 0.073701
0.96875 2.07398 0.0739828 0.0739684
0.96875 2.07398 0.0739828 0.0739684
1 2.07407 0.074072 0.0740576
1 2.07407 0.074072 0.0740576
1.03125 2.07398 0.0739828 0.0739684
1.03125 2.07398 0.0739828 0.0739684
1.0625 2.07372 0.0737153 0.073701
1.0625 2.07372 0.0737153 0.073701
1.09375 2.07327 0.0732703 0.073256
1.09375 2.07327 0.0732703 0.073256
1.125 2.07265 0.0726487 0.0726346
1.125 2.07265 0.0726487 0.0726346
1.15625 2.07185 0.0718521 0.0718382
1.15625 2.07185 0.0718521 0.0718382
1.1875 2.07088 0.0708825 0.0708687
1.1875 2.07088 0.0708825 0.0708687
1.21875 2.06974 0.069742 0.0697285
1.21875 2.06974 0.069742 0.0697285
1.25 2.06843 0.0684336 0.0684203
1.25 2.06843 0.0684336 0.0684203
1.28125 2.06696 0.0669603 0.0669472
1.28125 2.06696 0.0669603 0.0669472
1.3125 2.06533 0.0653257 0.0653129
1.3125 2.06533 0.0653257 0.0653129
1.34375 2.06353 0.0635337 0.0635213
1.34375 2.06353 0.0635337 0.0635213
1.375 2.06159 0.0615886 0.0615766
1.375 2.06159 0.0615886 0.0615766
1.40625 2.0595 0.0594952 0.0594836
1.40625 2.0595 0.0594952 0.0594836
1.4375 2.05726 0.0572584 0.0572473
1.4375 2.05726 0.0572584 0.0572473
1.46875 2.05488 0.0548837 0.054873
1.46875 2.05488 0.0548837 0.054873
1.5 2.05238 0.0523768 0.0523666
1.5 2.05238 0.0523768 0.0523666
1.53125 2.04974 0.0497437 0.049734
1.53125 2.04974 0.0497437 0.049734
1.5625 2.04699 0.0469908 0.0469817
1.5625 2.04699 0.0469908 0.0469817
1.59375 2.04412 0.0441248 0.0441162
1.59375 2.04412 0.0441248 0.0441162
1.625 2.04115 0.0411527 0.0411448
1.625 2.04115 0.0411527 0.0411448
1.65625 2.03808 0.0380823 0.0380753
1.65625 2.03808 0.0380823 0.0380753
1.6875 2.03492 0.0349227 0.0349172
1.6875 2.03492 0.0349227 0.0349172
1.71875 2.03169 0.0316856 0.0316832
1.71875 2.03169 0.0316856 0.0316832
1.75 2.02839 0.0283885 0.028393
1.75 2.02839 0.0283885 0.028393
1.78125 2.02506 0.0250597 0.0250792
1.78125 2.02506 0.0250597 0.0250792
1.8125 2.02175 0.0217461 0.0217954
1.8125 2.02175 0.0217461 0.0217954
1.84375 2.01852 0.0185217 0.0186253
1.84375 2.01852 0.0185217 0.0186253
1.875 2.0155 0.0154953 0.0156888
1.875 2.0155 0.0154953 0.0156888
1.90625 2.01281 0.0128105 0.0131393
1.90625 2.01281 0.0128105 0.0131393
1.9375 2.01063 0.0106337 0.0111478
1.9375 2.01063 0.0106337 0.0111478
1.96875 2.00913 0.00912963 0.00987513
1.96875 2.00913 0.00912963 0.00987513
2 2.00843 0.00842709 0.00943681
