# x y topography analytical topography
0 2.01193 0.0119347 0.0129976
0.03125 2.01245 0.0124486 0.0133071
0.03125 2.01245 0.0124486 0.0133071
0.0625 2.01355 0.0135492 0.0142192
0.0625 2.01355 0.0135492 0.0142192
0.09375 2.01518 0.0151829 0.0156866
0.09375 2.01518 0.0151829 0.0156866
0.125 2.01727 0.0172741 0.0176379
0.125 2.01727 0.0172741 0.0176379
0.15625 2.01973 0.0197348 0.019986
0.15625 2.01973 0.0197348 0.019986
0.1875 2.02247 0.0224734 0.0226382
0.1875 2.02247 0.0224734 0.0226382
0.21875 2.0254 0.0254033 0.025505
0.21875 2.0254 0.0254033 0.025505
0.25 2.02845 0.0284483 0.0285059
0.25 2.02845 0.0284483 0.0285059
0.28125 2.03155 0.0315453 0.0315735
0.28125 2.03155 0.0315453 0.0315735
0.3125 2.03464 0.0346449 0.0346543
0.3125 2.03464 0.0346449 0.0346543
0.34375 2.03771 0.0377099 0.0377076
0.34375 2.03771 0.0377099 0.0377076
0.375 2.04071 0.0407128 0.0407035
0.375 2.04071 0.0407128 0.0407035
0.40625 2.04363 0.043634 0.0436205
0.40625 2.04363 0.043634 0.0436205
0.4375 2.04646 0.0464588 0.0464426
0.4375 2.04646 0.0464588 0.0464426
0.46875 2.04918 0.0491762 0.0491582
0.46875 2.04918 0.0491762 0.0491582
0.5 2.05178 0.0517773 0.051758
0.5 2.05178 0.0517773 0.051758
0.53125 2.05425 0.0542547 0.0542343
0.53125 2.05425 0.0542547 0.0542343
0.5625 2.0566 0.0566018 0.0565805
0.5625 2.0566 0.0566018 0.0565805
0.59375 2.05881 0.0588128 0.0587906
0.59375 2.05881 0.0588128 0.0587906
0.625 2.06088 0.0608821 0.0608592
0.625 2.06088 0.0608821 0.0608592
0.65625 2.0628 0.0628049 0.0627812
0.65625 2.0628 0.0628049 0.0627812
0.6875 2.06458 0.0645763 0.0645519
0.6875 2.06458 0.0645763 0.0645519
0.71875 2.06619 0.0661922 0.0661672
0.71875 2.06619 0.0661922 0.0661672
0.75 2.06765 0.0676486 0.0676231
0.75 2.06765 0.0676486 0.0676231
0.78125 2.06894 0.068942 0.068916
0.78125 2.06894 0.068942 0.068916
0.8125 2.07007 0.0700694 0.0700429
0.8125 2.07007 0.0700694 0.0700429
0.84375 2.07103 0.0710279 0.0710011
0.84375 2.07103 0.0710279 0.0710011
0.875 2.07182 0.0718153 0.0717882
0.875 2.07182 0.0718153 0.0717882
0.90625 2.07243 0.0724298 0.0724024
0.90625 2.07243 0.0724298 0.0724024
0.9375 2.07287 0.0728697 0.0728422
0.9375 2.07287 0.0728697 0.0728422
0.96875 2.07313 0.0731341 0.0731065
0.96875 2.07313 0.0731341 0.0731065
1 2.07322 0.0732223 0.0731947
1 2.07322 0.0732223 0.0731947
1.03125 2.07313 0.0731341 0.0731065
1.03125 2.07313 0.0731341 0.0731065
1.0625 2.07287 0.0728697 0.0728422
1.0625 2.07287 0.0728697 0.0728422
1.09375 2.07243 0.0724298 0.0724024
1.09375 2.07243 0.0724298 0.0724024
1.125 2.07182 0.0718153 0.0717882
1.125 2.07182 0.0718153 0.0717882
1.15625 2.07103 0.0710279 0.0710011
1.15625 2.07103 0.0710279 0.0710011
1.1875 2.07007 0.0700694 0.0700429
1.1875 2.07007 0.0700694 0.0700429
1.21875 2.06894 0.068942 0.068916
1.21875 2.06894 0.068942 0.068916
1.25 2.06765 0.0676486 0.0676231
1.25 2.06765 0.0676486 0.0676231
1.28125 2.06619 0.0661922 0.0661672
1.28125 2.06619 0.0661922 0.0661672
1.3125 2.06458 0.0645763 0.0645519
1.3125 2.06458 0.0645763 0.0645519
1.34375 2.0628 0.0628049 0.0627812
1.34375 2.0628 0.0628049 0.0627812
1.375 2.06088 0.0608821 0.0608592
1.375 2.06088 0.0608821 0.0608592
1.40625 2.05881 0.0588128 0.0587906
1.40625 2.05881 0.0588128 0.0587906
1.4375 2.0566 0.0566018 0.0565805
1.4375 2.0566 0.0566018 0.0565805
1.46875 2.05425 0.0542547 0.0542343
1.46875 2.05425 0.0542547 0.0542343
1.5 2.05178 0.0517773 0.051758
1.5 2.05178 0.0517773 0.051758
1.53125 2.04918 0.0491762 0.0491582
1.53125 2.04918 0.0491762 0.0491582
1.5625 2.04646 0.0464588 0.0464426
1.5625 2.04646 0.0464588 0.0464426
1.59375 2.04363 0.043634 0.0436205
1.59375 2.04363 0.043634 0.0436205
1.625 2.04071 0.0407128 0.0407035
1.625 2.04071 0.0407128 0.0407035
1.65625 2.03771 0.0377099 0.0377076
1.65625 2.03771 0.0377099 0.0377076
1.6875 2.03464 0.0346449 0.0346543
1.6875 2.03464 0.0346449 0.0346543
1.71875 2.03155 0.0315453 0.0315735
1.71875 2.03155 0.0315453 0.0315735
1.75 2.02845 0.0284483 0.0285059
1.75 2.02845 0.0284483 0.0285059
1.78125 2.0254 0.0254033 0.025505
1.78125 2.0254 0.0254033 0.025505
1.8125 2.02247 0.0224734 0.0226382
1.8125 2.02247 0.0224734 0.0226382
1.84375 2.01973 0.0197348 0.019986
1.84375 2.01973 0.0197348 0.019986
1.875 2.01727 0.0172741 0.0176379
1.875 2.01727 0.0172741 0.0176379
1.90625 2.01518 0.0151829 0.0156866
1.90625 2.01518 0.0151829 0.0156866
1.9375 2.01355 0.0135492 0.0142192
1.9375 2.01355 0.0135492 0.0142192
1.96875 2.01245 0.0124486 0.0133071
1.96875 2.01245 0.0124486 0.0133071
2 2.01193 0.0119347 0.0129976
