# x y topography analytical topography
0 2.00304 0.00303639 0.00392659
0.03125 2.0046 0.00460083 0.0049705
0.03125 2.0046 0.00460083 0.0049705
0.0625 2.00753 0.00753381 0.00762807
0.0625 2.00753 0.00753381 0.00762807
0.09375 2.01101 0.0110107 0.0110239
0.09375 2.01101 0.0110107 0.0110239
0.125 2.0146 0.0146037 0.0146041
0.125 2.0146 0.0146037 0.0146041
0.15625 2.01819 0.018185 0.0181844
0.15625 2.01819 0.018185 0.0181844
0.1875 2.02173 0.0217251 0.0217244
0.1875 2.02173 0.0217251 0.0217244
0.21875 2.02521 0.0252131 0.0252122
0.21875 2.02521 0.0252131 0.0252122
0.25 2.02864 0.0286403 0.0286394
0.25 2.02864 0.0286403 0.0286394
0.28125 2.032 0.0319985 0.0319975
0.28125 2.032 0.0319985 0.0319975
0.3125 2.03528 0.0352797 0.0352785
0.3125 2.03528 0.0352797 0.0352785
0.34375 2.03848 0.0384758 0.0384746
0.34375 2.03848 0.0384758 0.0384746
0.375 2.04158 0.0415793 0.0415779
0.375 2.04158 0.0415793 0.0415779
0.40625 2.04458 0.0445826 0.0445811
0.40625 2.04458 0.0445826 0.0445811
0.4375 2.04748 0.0474785 0.0474769
0.4375 2.04748 0.0474785 0.0474769
0.46875 2.05026 0.05026 0.0502583
0.46875 2.05026 0.05026 0.0502583
0.5 2.05292 0.0529204 0.0529186
0.5 2.05292 0.0529204 0.0529186
0.53125 2.05545 0.0554533 0.0554515
0.53125 2.05545 0.0554533 0.0554515
0.5625 2.05785 0.0578527 0.0578508
0.5625 2.05785 0.0578527 0.0578508
0.59375 2.06011 0.0601126 0.0601106
0.59375 2.06011 0.0601126 0.0601106
0.625 2.06223 0.0622278 0.0622257
0.625 2.06223 0.0622278 0.0622257
0.65625 2.06419 0.064193 0.0641909
0.65625 2.06419 0.064193 0.0641909
0.6875 2.066 0.0660036 0.0660014
0.6875 2.066 0.0660036 0.0660014
0.71875 2.06766 0.0676552 0.067653
0.71875 2.06766 0.0676552 0.067653
0.75 2.06914 0.0691438 0.0691415
0.75 2.06914 0.0691438 0.0691415
0.78125 2.07047 0.0704658 0.0704635
0.78125 2.07047 0.0704658 0.0704635
0.8125 2.07162 0.0716181 0.0716157
0.8125 2.07162 0.0716181 0.0716157
0.84375 2.0726 0.0725978 0.0725954
0.84375 2.0726 0.0725978 0.0725954
0.875 2.0734 0.0734027 0.0734003
0.875 2.0734 0.0734027 0.0734003
0.90625 2.07403 0.0740307 0.0740282
0.90625 2.07403 0.0740307 0.0740282
0.9375 2.07448 0.0744803 0.0744779
0.9375 2.07448 0.0744803 0.0744779
0.96875 2.07475 0.0747506 0.0747481
0.96875 2.07475 0.0747506 0.0747481
1 2.07484 0.0748407 0.0748383
1 2.07484 0.0748407 0.0748383
1.03125 2.07475 0.0747506 0.0747481
1.03125 2.07475 0.0747506 0.0747481
1.0625 2.07448 0.0744803 0.0744779
1.0625 2.07448 0.0744803 0.0744779
1.09375 2.07403 0.0740307 0.0740282
1.09375 2.07403 0.0740307 0.0740282
1.125 2.0734 0.0734027 0.0734003
1.125 2.0734 0.0734027 0.0734003
1.15625 2.0726 0.0725978 0.0725954
1.15625 2.0726 0.0725978 0.0725954
1.1875 2.07162 0.0716181 0.0716157
1.1875 2.07162 0.0716181 0.0716157
1.21875 2.07047 0.0704658 0.0704635
1.21875 2.07047 0.0704658 0.0704635
1.25 2.06914 0.0691438 0.0691415
1.25 2.06914 0.0691438 0.0691415
1.28125 2.06766 0.0676552 0.067653
1.28125 2.06766 0.0676552 0.067653
1.3125 2.066 0.0660036 0.0660014
1.3125 2.066 0.0660036 0.0660014
1.34375 2.06419 0.064193 0.0641909
1.34375 2.06419 0.064193 0.0641909
1.375 2.06223 0.0622278 0.0622257
1.375 2.06223 0.0622278 0.0622257
1.40625 2.06011 0.0601126 0.0601106
1.40625 2.06011 0.0601126 0.0601106
1.4375 2.05785 0.0578527 0.0578508
1.4375 2.05785 0.0578527 0.0578508
1.46875 2.05545 0.0554533 0.0554515
1.46875 2.05545 0.0554533 0.0554515
1.5 2.05292 0.0529204 0.0529186
1.5 2.05292 0.0529204 0.0529186
1.53125 2.05026 0.05026 0.0502583
1.53125 2.05026 0.05026 0.0502583
1.5625 2.04748 0.0474785 0.0474769
1.5625 2.04748 0.0474785 0.0474769
1.59375 2.04458 0.0445826 0.0445811
1.59375 2.04458 0.0445826 0.0445811
1.625 2.04158 0.0415793 0.0415779
1.625 2.04158 0.0415793 0.0415779
1.65625 2.03848 0.0384758 0.0384746
1.65625 2.03848 0.0384758 0.0384746
1.6875 2.03528 0.0352797 0.0352785
1.6875 2.03528 0.0352797 0.0352785
1.71875 2.032 0.0319985 0.0319975
1.71875 2.032 0.0319985 0.0319975
1.75 2.02864 0.0286403 0.0286394
1.75 2.02864 0.0286403 0.0286394
1.78125 2.02521 0.0252131 0.0252122
1.78125 2.02521 0.0252131 0.0252122
1.8125 2.02173 0.0217251 0.0217244
1.8125 2.02173 0.0217251 0.0217244
1.84375 2.01819 0.018185 0.0181844
1.84375 2.01819 0.018185 0.0181844
1.875 2.0146 0.0146037 0.0146041
1.875 2.0146 0.0146037 0.0146041
1.90625 2.01101 0.0110107 0.0110239
1.90625 2.01101 0.0110107 0.0110239
1.9375 2.00753 0.00753381 0.00762807
1.9375 2.00753 0.00753381 0.00762807
1.96875 2.0046 0.00460083 0.0049705
1.96875 2.0046 0.00460083 0.0049705
2 2.00304 0.00303639 0.00392659
