# x y z topography
0 0 1.00055 0.000548814
100 0 1.00072 0.000715189
0 100 1.00079 0.000791725
100 100 1.00147 0.00146505
100 0 1.00072 0.000715189
200 0 1.0006 0.000602763
100 100 1.00147 0.00146505
200 100 1.00173 0.00173376
200 0 1.0006 0.000602763
300 0 1.00054 0.000544883
200 100 1.00173 0.00173376
300 100 1.00192 0.00192083
300 0 1.00054 0.000544883
400 0 1.00042 0.000423655
300 100 1.00192 0.00192083
400 100 1.002 0.00200438
0 100 1.00079 0.000791725
100 100 1.00147 0.00146505
0 200 1.00098 0.000978618
100 200 1.00221 0.00221425
100 100 1.00147 0.00146505
200 100 1.00173 0.00173376
100 200 1.00221 0.00221425
200 200 1.00283 0.00283312
200 100 1.00173 0.00173376
300 100 1.00192 0.00192083
200 200 1.00283 0.00283312
300 200 1.00328 0.00327759
300 100 1.00192 0.00192083
400 100 1.002 0.00200438
300 200 1.00328 0.00327759
400 200 1.0035 0.00350003
0 200 1.00098 0.000978618
100 200 1.00221 0.00221425
0 300 1.00026 0.000264556
100 300 1.00277 0.00276963
100 200 1.00221 0.00221425
200 200 1.00283 0.00283312
100 300 1.00277 0.00276963
200 300 1.00388 0.00388024
200 200 1.00283 0.00283312
300 200 1.00328 0.00327759
200 300 1.00388 0.00388024
300 300 1.00461 0.00461087
0 300 1.00026 0.000264556
100 300 1.00277 0.00276963
0 400 1.00036 0.000359508
100 400 1.0035 0.00350348
100 300 1.00277 0.00276963
200 300 1.00388 0.00388024
100 400 1.0035 0.00350348
200 400 1.00497 0.00496713
400 0 1.00042 0.000423655
500 0 1.00065 0.000645894
400 100 1.002 0.00200438
500 100 1.00205 0.00205347
500 0 1.00065 0.000645894
600 0 1.00044 0.000437587
500 100 1.00205 0.00205347
600 100 1.00193 0.00193233
400 100 1.002 0.00200438
500 100 1.00205 0.00205347
400 200 1.0035 0.00350003
500 200 1.00351 0.00351174
500 100 1.00205 0.00205347
600 100 1.00193 0.00193233
500 200 1.00351 0.00351174
600 200 1.00329 0.00328525
300 200 1.00328 0.00327759
400 200 1.0035 0.00350003
300 300 1.00461 0.00461087
400 300 1.00497 0.00496716
200 300 1.00388 0.00388024
300 300 1.00461 0.00461087
200 400 1.00497 0.00496713
300 400 1.00595 0.00594992
300 300 1.00461 0.00461087
400 300 1.00497 0.00496716
300 400 1.00595 0.00594992
400 400 1.00643 0.00642954
600 0 1.00044 0.000437587
700 0 1.00089 0.000891773
600 100 1.00193 0.00193233
700 100 1.00183 0.00183034
700 0 1.00089 0.000891773
800 0 1.00096 0.000963663
700 100 1.00183 0.00183034
800 100 1.00155 0.00154589
600 100 1.00193 0.00193233
700 100 1.00183 0.00183034
600 200 1.00329 0.00328525
700 200 1.00284 0.00283812
700 100 1.00183 0.00183034
800 100 1.00155 0.00154589
700 200 1.00284 0.00283812
800 200 1.00211 0.0021143
400 200 1.0035 0.00350003
500 200 1.00351 0.00351174
400 300 1.00497 0.00496716
500 300 1.00497 0.00496901
500 200 1.00351 0.00351174
600 200 1.00329 0.00328525
500 300 1.00497 0.00496901
600 300 1.00461 0.00461334
400 300 1.00497 0.00496716
500 300 1.00497 0.00496901
400 400 1.00643 0.00642954
500 400 1.00642 0.00642464
600 200 1.00329 0.00328525
700 200 1.00284 0.00283812
600 300 1.00461 0.00461334
700 300 1.0039 0.00389599
700 200 1.00284 0.00283812
800 200 1.00211 0.0021143
700 300 1.0039 0.00389599
800 300 1.00285 0.00284797
500 300 1.00497 0.00496901
600 300 1.00461 0.00461334
500 400 1.00642 0.00642464
600 400 1.00593 0.00593461
600 300 1.00461 0.00461334
700 300 1.0039 0.00389599
600 400 1.00593 0.00593461
700 400 1.00494 0.00494442
700 300 1.0039 0.00389599
800 300 1.00285 0.00284797
700 400 1.00494 0.00494442
800 400 1.00348 0.00348383
0 400 1.00036 0.000359508
100 400 1.0035 0.00350348
0 500 1.00057 0.000570197
100 500 1.0043 0.00429608
100 400 1.0035 0.00350348
200 400 1.00497 0.00496713
100 500 1.0043 0.00429608
200 500 1.00608 0.00608081
200 400 1.00497 0.00496713
300 400 1.00595 0.00594992
200 500 1.00608 0.00608081
300 500 1.0073 0.00730006
300 400 1.00595 0.00594992
400 400 1.00643 0.00642954
300 500 1.0073 0.00730006
400 500 1.0079 0.00789678
0 500 1.00057 0.000570197
100 500 1.0043 0.00429608
0 600 1.00016 0.00015897
100 600 1.005 0.00500238
100 500 1.0043 0.00429608
200 500 1.00608 0.00608081
100 600 1.005 0.00500238
200 600 1.00719 0.00719148
200 500 1.00608 0.00608081
300 500 1.0073 0.00730006
200 600 1.00719 0.00719148
300 600 1.00866 0.00865642
300 500 1.0073 0.00730006
400 500 1.0079 0.00789678
300 600 1.00866 0.00865642
400 600 1.00937 0.0093708
0 600 1.00016 0.00015897
100 600 1.005 0.00500238
0 700 1.00098 0.000976459
100 700 1.00593 0.00592916
100 600 1.005 0.00500238
200 600 1.00719 0.00719148
100 700 1.00593 0.00592916
200 700 1.00834 0.00834242
200 600 1.00719 0.00719148
300 600 1.00866 0.00865642
200 700 1.00834 0.00834242
300 700 1.01002 0.0100215
300 600 1.00866 0.00865642
400 600 1.00937 0.0093708
300 700 1.01002 0.0100215
400 700 1.01085 0.0108495
0 700 1.00098 0.000976459
100 700 1.00593 0.00592916
0 800 1.00032 0.000317983
100 800 1.00655 0.00655427
100 700 1.00593 0.00592916
200 700 1.00834 0.00834242
100 800 1.00655 0.00655427
200 800 1.00943 0.00942663
200 700 1.00834 0.00834242
300 700 1.01002 0.0100215
200 800 1.00943 0.00942663
300 800 1.01137 0.011368
400 400 1.00643 0.00642954
500 400 1.00642 0.00642464
400 500 1.0079 0.00789678
500 500 1.00789 0.00788578
500 400 1.00642 0.00642464
600 400 1.00593 0.00593461
500 500 1.00789 0.00788578
600 500 1.00726 0.00726406
600 400 1.00593 0.00593461
700 400 1.00494 0.00494442
600 500 1.00726 0.00726406
700 500 1.00601 0.00600929
700 400 1.00494 0.00494442
800 400 1.00348 0.00348383
700 500 1.00601 0.00600929
800 500 1.00416 0.00415772
400 500 1.0079 0.00789678
500 500 1.00789 0.00788578
400 600 1.00937 0.0093708
500 600 1.00936 0.00935671
500 500 1.00789 0.00788578
600 500 1.00726 0.00726406
500 600 1.00936 0.00935671
600 600 1.00861 0.00861036
300 700 1.01002 0.0100215
400 700 1.01085 0.0108495
300 800 1.01137 0.011368
400 800 1.01232 0.0123206
600 500 1.00726 0.00726406
700 500 1.00601 0.00600929
600 600 1.00861 0.00861036
700 600 1.0071 0.0071026
700 500 1.00601 0.00600929
800 500 1.00416 0.00415772
700 600 1.0071 0.0071026
800 600 1.00487 0.00486595
400 600 1.00937 0.0093708
500 600 1.00936 0.00935671
400 700 1.01085 0.0108495
500 700 1.01084 0.0108362
500 600 1.00936 0.00935671
600 600 1.00861 0.00861036
500 700 1.01084 0.0108362
600 700 1.00998 0.00997635
600 600 1.00861 0.00861036
700 600 1.0071 0.0071026
600 700 1.00998 0.00997635
700 700 1.00824 0.00824106
400 700 1.01085 0.0108495
500 700 1.01084 0.0108362
400 800 1.01232 0.0123206
500 800 1.01231 0.0123132
500 700 1.01084 0.0108362
600 700 1.00998 0.00997635
500 800 1.01231 0.0123132
600 800 1.01135 0.0113483
800 0 1.00096 0.000963663
900 0 1.00038 0.000383442
800 100 1.00155 0.00154589
900 100 1.00087 0.000870012
800 100 1.00155 0.00154589
900 100 1.00087 0.000870012
800 200 1.00211 0.0021143
900 200 1.00041 0.000414662
800 200 1.00211 0.0021143
900 200 1.00041 0.000414662
800 300 1.00285 0.00284797
900 300 1.00068 0.00068182
800 300 1.00285 0.00284797
900 300 1.00068 0.00068182
800 400 1.00348 0.00348383
900 400 1.00036 0.000363711
700 600 1.0071 0.0071026
800 600 1.00487 0.00486595
700 700 1.00824 0.00824106
800 700 1.00567 0.00567362
600 700 1.00998 0.00997635
700 700 1.00824 0.00824106
600 800 1.01135 0.0113483
700 800 1.00941 0.00941091
700 700 1.00824 0.00824106
800 700 1.00567 0.00567362
700 800 1.00941 0.00941091
800 800 1.00663 0.00662771
800 400 1.00348 0.00348383
900 400 1.00036 0.000363711
800 500 1.00416 0.00415772
900 500 1.00024 0.000244426
800 500 1.00416 0.00415772
900 500 1.00024 0.000244426
800 600 1.00487 0.00486595
900 600 1.0001 9.60984e-05
800 600 1.00487 0.00486595
900 600 1.0001 9.60984e-05
800 700 1.00567 0.00567362
900 700 1.00012 0.000118728
800 700 1.00567 0.00567362
900 700 1.00012 0.000118728
800 800 1.00663 0.00662771
900 800 1.00093 0.000929296
0 800 1.00032 0.000317983
100 800 1.00655 0.00655427
0 900 1.00032 0.000318569
100 900 1.00729 0.00729347
100 800 1.00655 0.00655427
200 800 1.00943 0.00942663
100 900 1.00729 0.00729347
200 900 1.01052 0.0105211
0 900 1.00032 0.000318569
100 900 1.00729 0.00729347
0 1000 1.00068 0.000677817
100 1000 1.00812 0.00811892
200 800 1.00943 0.00942663
300 800 1.01137 0.011368
200 900 1.01052 0.0105211
300 900 1.0127 0.0127021
300 800 1.01137 0.011368
400 800 1.01232 0.0123206
300 900 1.0127 0.0127021
400 900 1.01377 0.0137731
100 900 1.00729 0.00729347
200 900 1.01052 0.0105211
100 1000 1.00812 0.00811892
200 1000 1.01162 0.011617
200 900 1.01052 0.0105211
300 900 1.0127 0.0127021
200 1000 1.01162 0.011617
300 1000 1.01401 0.0140076
300 900 1.0127 0.0127021
400 900 1.01377 0.0137731
300 1000 1.01401 0.0140076
400 1000 1.01519 0.0151853
0 1000 1.00068 0.000677817
100 1000 1.00812 0.00811892
0 1100 1.00045 0.000447125
100 1100 1.00881 0.00881144
100 1000 1.00812 0.00811892
200 1000 1.01162 0.011617
100 1100 1.00881 0.00881144
200 1100 1.01264 0.0126439
200 1000 1.01162 0.011617
300 1000 1.01401 0.0140076
200 1100 1.01264 0.0126439
300 1100 1.01524 0.0152398
300 1000 1.01401 0.0140076
400 1000 1.01519 0.0151853
300 1100 1.01524 0.0152398
400 1100 1.01651 0.0165149
0 1100 1.00045 0.000447125
100 1100 1.00881 0.00881144
0 1200 1.00073 0.000725254
100 1200 1.00954 0.00953945
100 1100 1.00881 0.00881144
200 1100 1.01264 0.0126439
100 1200 1.00954 0.00953945
200 1200 1.01359 0.0135892
200 1100 1.01264 0.0126439
300 1100 1.01524 0.0152398
200 1200 1.01359 0.0135892
300 1200 1.01635 0.0163458
300 1100 1.01524 0.0152398
400 1100 1.01651 0.0165149
300 1200 1.01635 0.0163458
400 1200 1.0177 0.0176985
400 800 1.01232 0.0123206
500 800 1.01231 0.0123132
400 900 1.01377 0.0137731
500 900 1.01377 0.013769
500 800 1.01231 0.0123132
600 800 1.01135 0.0113483
500 900 1.01377 0.013769
600 900 1.01269 0.0126917
600 800 1.01135 0.0113483
700 800 1.00941 0.00941091
600 900 1.01269 0.0126917
700 900 1.01051 0.010506
700 800 1.00941 0.00941091
800 800 1.00663 0.00662771
700 900 1.01051 0.010506
800 900 1.00725 0.00724724
400 900 1.01377 0.0137731
500 900 1.01377 0.013769
400 1000 1.01519 0.0151853
500 1000 1.01518 0.015183
500 900 1.01377 0.013769
600 900 1.01269 0.0126917
500 1000 1.01518 0.015183
600 1000 1.014 0.0140046
600 900 1.01269 0.0126917
700 900 1.01051 0.010506
600 1000 1.014 0.0140046
700 1000 1.01163 0.0116289
700 900 1.01051 0.010506
800 900 1.00725 0.00724724
700 1000 1.01163 0.0116289
800 1000 1.00819 0.00818964
400 1000 1.01519 0.0151853
500 1000 1.01518 0.015183
400 1100 1.01651 0.0165149
500 1100 1.01651 0.0165102
500 1000 1.01518 0.015183
600 1000 1.014 0.0140046
500 1100 1.01651 0.0165102
600 1100 1.01523 0.0152288
600 1000 1.014 0.0140046
700 1000 1.01163 0.0116289
600 1100 1.01523 0.0152288
700 1100 1.01264 0.012639
700 1000 1.01163 0.0116289
800 1000 1.00819 0.00818964
700 1100 1.01264 0.012639
800 1100 1.00885 0.00885369
400 1100 1.01651 0.0165149
500 1100 1.01651 0.0165102
400 1200 1.0177 0.0176985
500 1200 1.01769 0.0176884
500 1100 1.01651 0.0165102
600 1100 1.01523 0.0152288
500 1200 1.01769 0.0176884
600 1200 1.01631 0.0163143
600 1100 1.01523 0.0152288
700 1100 1.01264 0.012639
600 1200 1.01631 0.0163143
700 1200 1.01353 0.0135264
700 1100 1.01264 0.012639
800 1100 1.00885 0.00885369
700 1200 1.01353 0.0135264
800 1200 1.0094 0.00939719
0 1200 1.00073 0.000725254
100 1200 1.00954 0.00953945
0 1300 1.00062 0.000618015
100 1300 1.01011 0.0101075
100 1200 1.00954 0.00953945
200 1200 1.01359 0.0135892
100 1300 1.01011 0.0101075
200 1300 1.01435 0.0143533
200 1200 1.01359 0.0135892
300 1200 1.01635 0.0163458
200 1300 1.01435 0.0143533
300 1300 1.01723 0.0172285
0 1300 1.00062 0.000618015
100 1300 1.01011 0.0101075
0 1400 1.0009 0.000896547
100 1400 1.01056 0.0105564
100 1300 1.01011 0.0101075
200 1300 1.01435 0.0143533
100 1400 1.01056 0.0105564
200 1400 1.01484 0.0148377
300 1200 1.01635 0.0163458
400 1200 1.0177 0.0176985
300 1300 1.01723 0.0172285
400 1300 1.01863 0.0186341
200 1300 1.01435 0.0143533
300 1300 1.01723 0.0172285
200 1400 1.01484 0.0148377
300 1400 1.01775 0.0177471
300 1300 1.01723 0.0172285
400 1300 1.01863 0.0186341
300 1400 1.01775 0.0177471
400 1400 1.01916 0.019164
0 1400 1.0009 0.000896547
100 1400 1.01056 0.0105564
0 1500 1.00015 0.000149448
100 1500 1.01057 0.010569
100 1400 1.01056 0.0105564
200 1400 1.01484 0.0148377
100 1500 1.01057 0.010569
200 1500 1.01484 0.0148425
0 1500 1.00015 0.000149448
100 1500 1.01057 0.010569
0 1600 1.0007 0.000697429
100 1600 1.01046 0.0104593
100 1500 1.01057 0.010569
200 1500 1.01484 0.0148425
100 1600 1.01046 0.0104593
200 1600 1.01422 0.0142175
400 1200 1.0177 0.0176985
500 1200 1.01769 0.0176884
400 1300 1.01863 0.0186341
500 1300 1.01862 0.0186199
500 1200 1.01769 0.0176884
600 1200 1.01631 0.0163143
500 1300 1.01862 0.0186199
600 1300 1.01719 0.0171862
400 1300 1.01863 0.0186341
500 1300 1.01862 0.0186199
400 1400 1.01916 0.019164
500 1400 1.01915 0.0191456
200 1400 1.01484 0.0148377
300 1400 1.01775 0.0177471
200 1500 1.01484 0.0148425
300 1500 1.01768 0.0176825
300 1400 1.01775 0.0177471
400 1400 1.01916 0.019164
300 1500 1.01768 0.0176825
400 1500 1.01905 0.0190489
200 1500 1.01484 0.0148425
300 1500 1.01768 0.0176825
200 1600 1.01422 0.0142175
300 1600 1.01675 0.0167521
300 1500 1.01768 0.0176825
400 1500 1.01905 0.0190489
300 1600 1.01675 0.0167521
400 1600 1.01796 0.0179621
600 1200 1.01631 0.0163143
700 1200 1.01353 0.0135264
600 1300 1.01719 0.0171862
700 1300 1.01428 0.0142808
700 1200 1.01353 0.0135264
800 1200 1.0094 0.00939719
700 1300 1.01428 0.0142808
800 1300 1.00999 0.0099941
500 1300 1.01862 0.0186199
600 1300 1.01719 0.0171862
500 1400 1.01915 0.0191456
600 1400 1.0177 0.0176957
600 1300 1.01719 0.0171862
700 1300 1.01428 0.0142808
600 1400 1.0177 0.0176957
700 1400 1.01477 0.0147663
700 1300 1.01428 0.0142808
800 1300 1.00999 0.0099941
700 1400 1.01477 0.0147663
800 1400 1.0105 0.0105038
400 1400 1.01916 0.019164
500 1400 1.01915 0.0191456
400 1500 1.01905 0.0190489
500 1500 1.01902 0.0190225
500 1400 1.01915 0.0191456
600 1400 1.0177 0.0176957
500 1500 1.01902 0.0190225
600 1500 1.01761 0.0176085
600 1400 1.0177 0.0176957
700 1400 1.01477 0.0147663
600 1500 1.01761 0.0176085
700 1500 1.01473 0.0147329
700 1400 1.01477 0.0147663
800 1400 1.0105 0.0105038
700 1500 1.01473 0.0147329
800 1500 1.01044 0.0104412
400 1500 1.01905 0.0190489
500 1500 1.01902 0.0190225
400 1600 1.01796 0.0179621
500 1600 1.01792 0.0179226
500 1500 1.01902 0.0190225
600 1500 1.01761 0.0176085
500 1600 1.01792 0.0179226
600 1600 1.01664 0.0166435
600 1500 1.01761 0.0176085
700 1500 1.01473 0.0147329
600 1600 1.01664 0.0166435
700 1600 1.01405 0.0140522
700 1500 1.01473 0.0147329
800 1500 1.01044 0.0104412
700 1600 1.01405 0.0140522
800 1600 1.01019 0.0101903
800 800 1.00663 0.00662771
900 800 1.00093 0.000929296
800 900 1.00725 0.00724724
900 900 1 4.69548e-06
800 900 1.00725 0.00724724
900 900 1 4.69548e-06
800 1000 1.00819 0.00818964
900 1000 1.00095 0.000952749
800 1000 1.00819 0.00818964
900 1000 1.00095 0.000952749
800 1100 1.00885 0.00885369
900 1100 1.00069 0.000692532
800 1100 1.00885 0.00885369
900 1100 1.00069 0.000692532
800 1200 1.0094 0.00939719
900 1200 1.00029 0.000290078
800 1200 1.0094 0.00939719
900 1200 1.00029 0.000290078
800 1300 1.00999 0.0099941
900 1300 1.00043 0.000431418
800 1300 1.00999 0.0099941
900 1300 1.00043 0.000431418
800 1400 1.0105 0.0105038
900 1400 1.001 0.000998847
800 1400 1.0105 0.0105038
900 1400 1.001 0.000998847
800 1500 1.01044 0.0104412
900 1500 1.00007 6.9167e-05
800 1500 1.01044 0.0104412
900 1500 1.00007 6.9167e-05
800 1600 1.01019 0.0101903
900 1600 1.00017 0.00017163
0 1600 1.0007 0.000697429
100 1600 1.01046 0.0104593
0 1700 1.00052 0.000521037
100 1700 1.00969 0.00968917
100 1600 1.01046 0.0104593
200 1600 1.01422 0.0142175
100 1700 1.00969 0.00968917
200 1700 1.01263 0.0126294
0 1700 1.00052 0.000521037
100 1700 1.00969 0.00968917
0 1800 1.00016 0.000164694
100 1800 1.00828 0.00828089
100 1700 1.00969 0.00968917
200 1700 1.01263 0.0126294
100 1800 1.00828 0.00828089
200 1800 1.00999 0.00998636
0 1800 1.00016 0.000164694
100 1800 1.00828 0.00828089
0 1900 1.0004 0.000398221
100 1900 1.00021 0.000209844
100 1800 1.00828 0.00828089
200 1800 1.00999 0.00998636
100 1900 1.00021 0.000209844
200 1900 1.00019 0.000186193
200 1600 1.01422 0.0142175
300 1600 1.01675 0.0167521
200 1700 1.01263 0.0126294
300 1700 1.01463 0.0146342
300 1600 1.01675 0.0167521
400 1600 1.01796 0.0179621
300 1700 1.01463 0.0146342
400 1700 1.01556 0.0155612
400 1600 1.01796 0.0179621
500 1600 1.01792 0.0179226
400 1700 1.01556 0.0155612
500 1700 1.0155 0.0154986
200 1700 1.01263 0.0126294
300 1700 1.01463 0.0146342
200 1800 1.00999 0.00998636
300 1800 1.01128 0.0112788
300 1700 1.01463 0.0146342
400 1700 1.01556 0.0155612
300 1800 1.01128 0.0112788
400 1800 1.01177 0.011766
200 1800 1.00999 0.00998636
300 1800 1.01128 0.0112788
200 1900 1.00019 0.000186193
300 1900 1.00094 0.000944372
300 1800 1.01128 0.0112788
400 1800 1.01177 0.011766
300 1900 1.00094 0.000944372
400 1900 1.00074 0.000739551
500 1600 1.01792 0.0179226
600 1600 1.01664 0.0166435
500 1700 1.0155 0.0154986
600 1700 1.01448 0.0144784
600 1600 1.01664 0.0166435
700 1600 1.01405 0.0140522
600 1700 1.01448 0.0144784
700 1700 1.01246 0.012455
700 1600 1.01405 0.0140522
800 1600 1.01019 0.0101903
700 1700 1.01246 0.012455
800 1700 1.00943 0.00943224
400 1700 1.01556 0.0155612
500 1700 1.0155 0.0154986
400 1800 1.01177 0.011766
500 1800 1.01165 0.0116482
500 1700 1.0155 0.0154986
600 1700 1.01448 0.0144784
500 1800 1.01165 0.0116482
600 1800 1.011 0.0110013
400 1800 1.01177 0.011766
500 1800 1.01165 0.0116482
400 1900 1.00074 0.000739551
500 1900 1.00049 0.000490459
500 1800 1.01165 0.0116482
600 1800 1.011 0.0110013
500 1900 1.00049 0.000490459
600 1900 1.00023 0.000227415
800 1600 1.01019 0.0101903
900 1600 1.00017 0.00017163
800 1700 1.00943 0.00943224
900 1700 1.00003 3.18389e-05
600 1700 1.01448 0.0144784
700 1700 1.01246 0.012455
600 1800 1.011 0.0110013
700 1800 1.00987 0.00986662
700 1700 1.01246 0.012455
800 1700 1.00943 0.00943224
700 1800 1.00987 0.00986662
800 1800 1.00819 0.00818559
800 1700 1.00943 0.00943224
900 1700 1.00003 3.18389e-05
800 1800 1.00819 0.00818559
900 1800 1.00031 0.000311945
600 1800 1.011 0.0110013
700 1800 1.00987 0.00986662
600 1900 1.00023 0.000227415
700 1900 1.00025 0.000254356
700 1800 1.00987 0.00986662
800 1800 1.00819 0.00818559
700 1900 1.00025 0.000254356
800 1900 1.00006 5.80292e-05
800 1800 1.00819 0.00818559
900 1800 1.00031 0.000311945
800 1900 1.00006 5.80292e-05
900 1900 1.00043 0.000434417
