# x y topography analytical topography
0 1.0327 0.0326966 0.0328667
0.015625 1.03277 0.0327732 0.0329425
0.015625 1.03277 0.0327732 0.0329425
0.03125 1.033 0.0330021 0.033169
0.03125 1.033 0.0330021 0.033169
0.046875 1.03338 0.0333806 0.0335435
0.046875 1.03338 0.0333806 0.0335435
0.0625 1.0339 0.0339045 0.0340617
0.0625 1.0339 0.0339045 0.0340617
0.078125 1.03457 0.0345677 0.0347174
0.078125 1.03457 0.0345677 0.0347174
0.09375 1.03536 0.0353629 0.0355032
0.09375 1.03536 0.0353629 0.0355032
0.109375 1.03628 0.0362809 0.0364099
0.109375 1.03628 0.0362809 0.0364099
0.125 1.03731 0.0373114 0.0374273
0.125 1.03731 0.0373114 0.0374273
0.140625 1.03844 0.038443 0.038544
0.140625 1.03844 0.038443 0.038544
0.15625 1.03966 0.039663 0.0397475
0.15625 1.03966 0.039663 0.0397475
0.171875 1.04096 0.0409581 0.0410248
0.171875 1.04096 0.0409581 0.0410248
0.1875 1.04231 0.0423142 0.0423621
0.1875 1.04231 0.0423142 0.0423621
0.203125 1.04372 0.0437167 0.0437454
0.203125 1.04372 0.0437167 0.0437454
0.21875 1.04515 0.0451509 0.0451603
0.21875 1.04515 0.0451509 0.0451603
0.234375 1.0466 0.0466021 0.0465926
0.234375 1.0466 0.0466021 0.0465926
0.25 1.04806 0.0480555 0.0480279
0.25 1.04806 0.0480555 0.0480279
0.265625 1.0495 0.0494968 0.0494525
0.265625 1.0495 0.0494968 0.0494525
0.28125 1.05091 0.0509122 0.0508527
0.28125 1.05091 0.0509122 0.0508527
0.296875 1.05229 0.0522885 0.0522156
0.296875 1.05229 0.0522885 0.0522156
0.3125 1.05361 0.0536131 0.0535289
0.3125 1.05361 0.0536131 0.0535289
0.328125 1.05487 0.0548744 0.0547809
0.328125 1.05487 0.0548744 0.0547809
0.34375 1.05606 0.0560615 0.0559609
0.34375 1.05606 0.0560615 0.0559609
0.359375 1.05716 0.0571648 0.0570588
0.359375 1.05716 0.0571648 0.0570588
0.375 1.05818 0.0581753 0.0580656
0.375 1.05818 0.0581753 0.0580656
0.390625 1.05909 0.059085 0.0589732
0.390625 1.05909 0.059085 0.0589732
0.40625 1.05989 0.0598872 0.0597744
0.40625 1.05989 0.0598872 0.0597744
0.421875 1.06058 0.0605759 0.0604628
0.421875 1.06058 0.0605759 0.0604628
0.4375 1.06115 0.061146 0.0610333
0.4375 1.06115 0.061146 0.0610333
0.453125 1.06159 0.0615936 0.0614814
0.453125 1.06159 0.0615936 0.0614814
0.46875 1.06192 0.0619155 0.0618039
0.46875 1.06192 0.0619155 0.0618039
0.484375 1.06211 0.0621096 0.0619984
0.484375 1.06211 0.0621096 0.0619984
0.5 1.06217 0.0621744 0.0620634
0.5 1.06217 0.0621744 0.0620634
0.515625 1.06211 0.0621096 0.0619984
0.515625 1.06211 0.0621096 0.0619984
0.53125 1.06192 0.0619155 0.0618039
0.53125 1.06192 0.0619155 0.0618039
0.546875 1.06159 0.0615936 0.0614814
0.546875 1.06159 0.0615936 0.0614814
0.5625 1.06115 0.061146 0.0610333
0.5625 1.06115 0.061146 0.0610333
0.578125 1.06058 0.0605759 0.0604628
0.578125 1.06058 0.0605759 0.0604628
0.59375 1.05989 0.0598872 0.0597744
0.59375 1.05989 0.0598872 0.0597744
0.609375 1.05909 0.059085 0.0589732
0.609375 1.05909 0.059085 0.0589732
0.625 1.05818 0.0581753 0.0580656
0.625 1.05818 0.0581753 0.0580656
0.640625 1.05716 0.0571648 0.0570588
0.640625 1.05716 0.0571648 0.0570588
0.65625 1.05606 0.0560615 0.0559609
0.65625 1.05606 0.0560615 0.0559609
0.671875 1.05487 0.0548744 0.0547809
0.671875 1.05487 0.0548744 0.0547809
0.6875 1.05361 0.0536131 0.0535289
0.6875 1.05361 0.0536131 0.0535289
0.703125 1.05229 0.0522885 0.0522156
0.703125 1.05229 0.0522885 0.0522156
0.71875 1.05091 0.0509122 0.0508527
0.71875 1.05091 0.0509122 0.0508527
0.734375 1.0495 0.0494968 0.0494525
0.734375 1.0495 0.0494968 0.0494525
0.75 1.04806 0.0480555 0.0480279
0.75 1.04806 0.0480555 0.0480279
0.765625 1.0466 0.0466021 0.0465926
0.765625 1.0466 0.0466021 0.0465926
0.78125 1.04515 0.0451509 0.0451603
0.78125 1.04515 0.0451509 0.0451603
0.796875 1.04372 0.0437167 0.0437454
0.796875 1.04372 0.0437167 0.0437454
0.8125 1.04231 0.0423142 0.0423621
0.8125 1.04231 0.0423142 0.0423621
0.828125 1.04096 0.0409581 0.0410248
0.828125 1.04096 0.0409581 0.0410248
0.84375 1.03966 0.039663 0.0397475
0.84375 1.03966 0.039663 0.0397475
0.859375 1.03844 0.038443 0.038544
0.859375 1.03844 0.038443 0.038544
0.875 1.03731 0.0373114 0.0374273
0.875 1.03731 0.0373114 0.0374273
0.890625 1.03628 0.0362809 0.0364099
0.890625 1.03628 0.0362809 0.0364099
0.90625 1.03536 0.0353629 0.0355032
0.90625 1.03536 0.0353629 0.0355032
0.921875 1.03457 0.0345677 0.0347174
0.921875 1.03457 0.0345677 0.0347174
0.9375 1.0339 0.0339045 0.0340617
0.9375 1.0339 0.0339045 0.0340617
0.953125 1.03338 0.0333806 0.0335435
0.953125 1.03338 0.0333806 0.0335435
0.96875 1.033 0.0330021 0.033169
0.96875 1.033 0.0330021 0.033169
0.984375 1.03277 0.0327732 0.0329425
0.984375 1.03277 0.0327732 0.0329425
1 1.0327 0.0326966 0.0328667
