# x y topography analytical topography
0 1.03067 0.0306726 0.0308562
0.015625 1.03076 0.0307616 0.0309443
0.015625 1.03076 0.0307616 0.0309443
0.03125 1.03103 0.0310274 0.0312076
0.03125 1.03103 0.0310274 0.0312076
0.046875 1.03147 0.0314667 0.0316425
0.046875 1.03147 0.0314667 0.0316425
0.0625 1.03207 0.0320743 0.0322438
0.0625 1.03207 0.0320743 0.0322438
0.078125 1.03284 0.0328427 0.0330037
0.078125 1.03284 0.0328427 0.0330037
0.09375 1.03376 0.0337626 0.0339129
0.09375 1.03376 0.0337626 0.0339129
0.109375 1.03482 0.0348229 0.0349603
0.109375 1.03482 0.0348229 0.0349603
0.125 1.03601 0.0360109 0.036133
0.125 1.03601 0.0360109 0.036133
0.140625 1.03731 0.0373125 0.0374172
0.140625 1.03731 0.0373125 0.0374172
0.15625 1.03871 0.0387124 0.0387978
0.15625 1.03871 0.0387124 0.0387978
0.171875 1.04019 0.0401944 0.0402591
0.171875 1.04019 0.0401944 0.0402591
0.1875 1.04174 0.0417417 0.0417847
0.1875 1.04174 0.0417417 0.0417847
0.203125 1.04334 0.0433371 0.0433581
0.203125 1.04334 0.0433371 0.0433581
0.21875 1.04496 0.0449633 0.0449625
0.21875 1.04496 0.0449633 0.0449625
0.234375 1.0466 0.0466031 0.0465813
0.234375 1.0466 0.0466031 0.0465813
0.25 1.04824 0.0482398 0.0481985
0.25 1.04824 0.0482398 0.0481985
0.265625 1.04986 0.0498572 0.0497982
0.265625 1.04986 0.0498572 0.0497982
0.28125 1.05144 0.05144 0.0513657
0.28125 1.05144 0.05144 0.0513657
0.296875 1.05297 0.0529737 0.0528865
0.296875 1.05297 0.0529737 0.0528865
0.3125 1.05444 0.0544448 0.0543475
0.3125 1.05444 0.0544448 0.0543475
0.328125 1.05584 0.055841 0.0557361
0.328125 1.05584 0.055841 0.0557361
0.34375 1.05715 0.0571511 0.0570412
0.34375 1.05715 0.0571511 0.0570412
0.359375 1.05836 0.058365 0.0582522
0.359375 1.05836 0.058365 0.0582522
0.375 1.05947 0.0594738 0.0593601
0.375 1.05947 0.0594738 0.0593601
0.390625 1.06047 0.0604696 0.0603564
0.390625 1.06047 0.0604696 0.0603564
0.40625 1.06135 0.0613457 0.0612341
0.40625 1.06135 0.0613457 0.0612341
0.421875 1.0621 0.0620964 0.061987
0.421875 1.0621 0.0620964 0.061987
0.4375 1.06272 0.0627169 0.06261
0.4375 1.06272 0.0627169 0.06261
0.453125 1.0632 0.0632034 0.0630987
0.453125 1.0632 0.0632034 0.0630987
0.46875 1.06355 0.0635529 0.0634502
0.46875 1.06355 0.0635529 0.0634502
0.484375 1.06376 0.0637635 0.0636619
0.484375 1.06376 0.0637635 0.0636619
0.5 1.06383 0.0638338 0.0637326
0.5 1.06383 0.0638338 0.0637326
0.515625 1.06376 0.0637635 0.0636619
0.515625 1.06376 0.0637635 0.0636619
0.53125 1.06355 0.0635529 0.0634502
0.53125 1.06355 0.0635529 0.0634502
0.546875 1.0632 0.0632034 0.0630987
0.546875 1.0632 0.0632034 0.0630987
0.5625 1.06272 0.0627169 0.06261
0.5625 1.06272 0.0627169 0.06261
0.578125 1.0621 0.0620964 0.061987
0.578125 1.0621 0.0620964 0.061987
0.59375 1.06135 0.0613457 0.0612341
0.59375 1.06135 0.0613457 0.0612341
0.609375 1.06047 0.0604696 0.0603564
0.609375 1.06047 0.0604696 0.0603564
0.625 1.05947 0.0594738 0.0593601
0.625 1.05947 0.0594738 0.0593601
0.640625 1.05836 0.058365 0.0582522
0.640625 1.05836 0.058365 0.0582522
0.65625 1.05715 0.0571511 0.0570412
0.65625 1.05715 0.0571511 0.0570412
0.671875 1.05584 0.055841 0.0557361
0.671875 1.05584 0.055841 0.0557361
0.6875 1.05444 0.0544448 0.0543475
0.6875 1.05444 0.0544448 0.0543475
0.703125 1.05297 0.0529737 0.0528865
0.703125 1.05297 0.0529737 0.0528865
0.71875 1.05144 0.05144 0.0513657
0.71875 1.05144 0.05144 0.0513657
0.734375 1.04986 0.0498572 0.0497982
0.734375 1.04986 0.0498572 0.0497982
0.75 1.04824 0.0482398 0.0481985
0.75 1.04824 0.0482398 0.0481985
0.765625 1.0466 0.0466031 0.0465813
0.765625 1.0466 0.0466031 0.0465813
0.78125 1.04496 0.0449633 0.0449625
0.78125 1.04496 0.0449633 0.0449625
0.796875 1.04334 0.0433371 0.0433581
0.796875 1.04334 0.0433371 0.0433581
0.8125 1.04174 0.0417417 0.0417847
0.8125 1.04174 0.0417417 0.0417847
0.828125 1.04019 0.0401944 0.0402591
0.828125 1.04019 0.0401944 0.0402591
0.84375 1.03871 0.0387124 0.0387978
0.84375 1.03871 0.0387124 0.0387978
0.859375 1.03731 0.0373125 0.0374172
0.859375 1.03731 0.0373125 0.0374172
0.875 1.03601 0.0360109 0.036133
0.875 1.03601 0.0360109 0.036133
0.890625 1.03482 0.0348229 0.0349603
0.890625 1.03482 0.0348229 0.0349603
0.90625 1.03376 0.0337626 0.0339129
0.90625 1.03376 0.0337626 0.0339129
0.921875 1.03284 0.0328427 0.0330037
0.921875 1.03284 0.0328427 0.0330037
0.9375 1.03207 0.0320743 0.0322438
0.9375 1.03207 0.0320743 0.0322438
0.953125 1.03147 0.0314667 0.0316425
0.953125 1.03147 0.0314667 0.0316425
0.96875 1.03103 0.0310274 0.0312076
0.96875 1.03103 0.0310274 0.0312076
0.984375 1.03076 0.0307616 0.0309443
0.984375 1.03076 0.0307616 0.0309443
1 1.03067 0.0306726 0.0308562
