# x y topography analytical topography
0 1.02787 0.0278711 0.0280701
0.015625 1.02798 0.027979 0.0281772
0.015625 1.02798 0.027979 0.0281772
0.03125 1.0283 0.0283014 0.0284967
0.03125 1.0283 0.0283014 0.0284967
0.046875 1.02883 0.0288337 0.0290241
0.046875 1.02883 0.0288337 0.0290241
0.0625 1.02957 0.0295687 0.0297518
0.0625 1.02957 0.0295687 0.0297518
0.078125 1.0305 0.0304964 0.0306696
0.078125 1.0305 0.0304964 0.0306696
0.09375 1.0316 0.0316041 0.0317646
0.09375 1.0316 0.0316041 0.0317646
0.109375 1.03288 0.032877 0.0330217
0.109375 1.03288 0.032877 0.0330217
0.125 1.0343 0.0342981 0.0344241
0.125 1.0343 0.0342981 0.0344241
0.140625 1.03585 0.0358488 0.0359534
0.140625 1.03585 0.0358488 0.0359534
0.15625 1.03751 0.0375092 0.0375902
0.15625 1.03751 0.0375092 0.0375902
0.171875 1.03926 0.0392583 0.0393143
0.171875 1.03926 0.0392583 0.0393143
0.1875 1.04108 0.041075 0.0411051
0.1875 1.04108 0.041075 0.0411051
0.203125 1.04294 0.0429378 0.0429421
0.203125 1.04294 0.0429378 0.0429421
0.21875 1.04483 0.0448256 0.0448051
0.21875 1.04483 0.0448256 0.0448051
0.234375 1.04672 0.046718 0.0466746
0.234375 1.04672 0.046718 0.0466746
0.25 1.0486 0.0485955 0.0485317
0.25 1.0486 0.0485955 0.0485317
0.265625 1.05044 0.0504399 0.0503587
0.265625 1.05044 0.0504399 0.0503587
0.28125 1.05223 0.0522341 0.0521389
0.28125 1.05223 0.0522341 0.0521389
0.296875 1.05396 0.0539627 0.0538569
0.296875 1.05396 0.0539627 0.0538569
0.3125 1.05561 0.0556117 0.0554988
0.3125 1.05561 0.0556117 0.0554988
0.328125 1.05717 0.0571685 0.0570518
0.328125 1.05717 0.0571685 0.0570518
0.34375 1.05862 0.0586221 0.0585045
0.34375 1.05862 0.0586221 0.0585045
0.359375 1.05996 0.0599629 0.0598467
0.359375 1.05996 0.0599629 0.0598467
0.375 1.06118 0.0611824 0.0610696
0.375 1.06118 0.0611824 0.0610696
0.390625 1.06227 0.0622737 0.0621654
0.390625 1.06227 0.0622737 0.0621654
0.40625 1.06323 0.0632306 0.0631277
0.40625 1.06323 0.0632306 0.0631277
0.421875 1.06405 0.0640482 0.0639508
0.421875 1.06405 0.0640482 0.0639508
0.4375 1.06472 0.0647224 0.0646302
0.4375 1.06472 0.0647224 0.0646302
0.453125 1.06525 0.0652499 0.0651623
0.453125 1.06525 0.0652499 0.0651623
0.46875 1.06563 0.0656285 0.0655443
0.46875 1.06563 0.0656285 0.0655443
0.484375 1.06586 0.0658562 0.0657742
0.484375 1.06586 0.0658562 0.0657742
0.5 1.06593 0.0659323 0.065851
0.5 1.06593 0.0659323 0.065851
0.515625 1.06586 0.0658562 0.0657742
0.515625 1.06586 0.0658562 0.0657742
0.53125 1.06563 0.0656285 0.0655443
0.53125 1.06563 0.0656285 0.0655443
0.546875 1.06525 0.0652499 0.0651623
0.546875 1.06525 0.0652499 0.0651623
0.5625 1.06472 0.0647224 0.0646302
0.5625 1.06472 0.0647224 0.0646302
0.578125 1.06405 0.0640482 0.0639508
0.578125 1.06405 0.0640482 0.0639508
0.59375 1.06323 0.0632306 0.0631277
0.59375 1.06323 0.0632306 0.0631277
0.609375 1.06227 0.0622737 0.0621654
0.609375 1.06227 0.0622737 0.0621654
0.625 1.06118 0.0611824 0.0610696
0.625 1.06118 0.0611824 0.0610696
0.640625 1.05996 0.0599629 0.0598467
0.640625 1.05996 0.0599629 0.0598467
0.65625 1.05862 0.0586221 0.0585045
0.65625 1.05862 0.0586221 0.0585045
0.671875 1.05717 0.0571685 0.0570518
0.671875 1.05717 0.0571685 0.0570518
0.6875 1.05561 0.0556117 0.0554988
0.6875 1.05561 0.0556117 0.0554988
0.703125 1.05396 0.0539627 0.0538569
0.703125 1.05396 0.0539627 0.0538569
0.71875 1.05223 0.0522341 0.0521389
0.71875 1.05223 0.0522341 0.0521389
0.734375 1.05044 0.0504399 0.0503587
0.734375 1.05044 0.0504399 0.0503587
0.75 1.0486 0.0485955 0.0485317
0.75 1.0486 0.0485955 0.0485317
0.765625 1.04672 0.046718 0.0466746
0.765625 1.04672 0.046718 0.0466746
0.78125 1.04483 0.0448256 0.0448051
0.78125 1.04483 0.0448256 0.0448051
0.796875 1.04294 0.0429378 0.0429421
0.796875 1.04294 0.0429378 0.0429421
0.8125 1.04108 0.041075 0.0411051
0.8125 1.04108 0.041075 0.0411051
0.828125 1.03926 0.0392583 0.0393143
0.828125 1.03926 0.0392583 0.0393143
0.84375 1.03751 0.0375092 0.0375902
0.84375 1.03751 0.0375092 0.0375902
0.859375 1.03585 0.0358488 0.0359534
0.859375 1.03585 0.0358488 0.0359534
0.875 1.0343 0.0342981 0.0344241
0.875 1.0343 0.0342981 0.0344241
0.890625 1.03288 0.032877 0.0330217
0.890625 1.03288 0.032877 0.0330217
0.90625 1.0316 0.0316041 0.0317646
0.90625 1.0316 0.0316041 0.0317646
0.921875 1.0305 0.0304964 0.0306696
0.921875 1.0305 0.0304964 0.0306696
0.9375 1.02957 0.0295687 0.0297518
0.9375 1.02957 0.0295687 0.0297518
0.953125 1.02883 0.0288337 0.0290241
0.953125 1.02883 0.0288337 0.0290241
0.96875 1.0283 0.0283014 0.0284967
0.96875 1.0283 0.0283014 0.0284967
0.984375 1.02798 0.027979 0.0281772
0.984375 1.02798 0.027979 0.0281772
1 1.02787 0.0278711 0.0280701
