# x y topography analytical topography
0 1.00758 0.00758086 0.00781936
0.015625 1.00814 0.00813991 0.00835213
0.015625 1.00814 0.00813991 0.00835213
0.03125 1.00973 0.0097332 0.00987769
0.03125 1.00973 0.0097332 0.00987769
0.046875 1.01214 0.0121402 0.0122051
0.046875 1.01214 0.0121402 0.0122051
0.0625 1.01509 0.0150863 0.0150902
0.0625 1.01509 0.0150863 0.0150902
0.078125 1.01833 0.0183304 0.0183033
0.078125 1.01833 0.0183304 0.0183033
0.09375 1.0217 0.021705 0.0216697
0.09375 1.0217 0.021705 0.0216697
0.109375 1.02511 0.0251103 0.025077
0.109375 1.02511 0.0251103 0.025077
0.125 1.02849 0.0284918 0.0284623
0.125 1.02849 0.0284918 0.0284623
0.140625 1.03182 0.0318198 0.0317929
0.140625 1.03182 0.0318198 0.0317929
0.15625 1.03508 0.0350771 0.0350512
0.15625 1.03508 0.0350771 0.0350512
0.171875 1.03825 0.038252 0.0382262
0.171875 1.03825 0.038252 0.0382262
0.1875 1.04134 0.0413353 0.0413095
0.1875 1.04134 0.0413353 0.0413095
0.203125 1.04432 0.0443191 0.0442933
0.203125 1.04432 0.0443191 0.0442933
0.21875 1.0472 0.0471959 0.0471704
0.21875 1.0472 0.0471959 0.0471704
0.234375 1.04996 0.0499588 0.0499338
0.234375 1.04996 0.0499588 0.0499338
0.25 1.0526 0.0526011 0.052577
0.25 1.0526 0.0526011 0.052577
0.265625 1.05512 0.0551164 0.0550935
0.265625 1.05512 0.0551164 0.0550935
0.28125 1.0575 0.0574988 0.0574773
0.28125 1.0575 0.0574988 0.0574773
0.296875 1.05974 0.0597424 0.0597226
0.296875 1.05974 0.0597424 0.0597226
0.3125 1.06184 0.0618421 0.061824
0.3125 1.06184 0.0618421 0.061824
0.328125 1.06379 0.0637926 0.0637765
0.328125 1.06379 0.0637926 0.0637765
0.34375 1.06559 0.0655895 0.0655753
0.34375 1.06559 0.0655895 0.0655753
0.359375 1.06723 0.0672283 0.0672162
0.359375 1.06723 0.0672283 0.0672162
0.375 1.06871 0.0687053 0.0686952
0.375 1.06871 0.0687053 0.0686952
0.390625 1.07002 0.0700169 0.0700086
0.390625 1.07002 0.0700169 0.0700086
0.40625 1.07116 0.0711599 0.0711534
0.40625 1.07116 0.0711599 0.0711534
0.421875 1.07213 0.0721317 0.0721268
0.421875 1.07213 0.0721317 0.0721268
0.4375 1.07293 0.07293 0.0729264
0.4375 1.07293 0.07293 0.0729264
0.453125 1.07355 0.0735528 0.0735503
0.453125 1.07355 0.0735528 0.0735503
0.46875 1.074 0.0739988 0.0739971
0.46875 1.074 0.0739988 0.0739971
0.484375 1.07427 0.0742668 0.0742655
0.484375 1.07427 0.0742668 0.0742655
0.5 1.07436 0.0743562 0.0743551
0.5 1.07436 0.0743562 0.0743551
0.515625 1.07427 0.0742668 0.0742655
0.515625 1.07427 0.0742668 0.0742655
0.53125 1.074 0.0739988 0.0739971
0.53125 1.074 0.0739988 0.0739971
0.546875 1.07355 0.0735528 0.0735503
0.546875 1.07355 0.0735528 0.0735503
0.5625 1.07293 0.07293 0.0729264
0.5625 1.07293 0.07293 0.0729264
0.578125 1.07213 0.0721317 0.0721268
0.578125 1.07213 0.0721317 0.0721268
0.59375 1.07116 0.0711599 0.0711534
0.59375 1.07116 0.0711599 0.0711534
0.609375 1.07002 0.0700169 0.0700086
0.609375 1.07002 0.0700169 0.0700086
0.625 1.06871 0.0687053 0.0686952
0.625 1.06871 0.0687053 0.0686952
0.640625 1.06723 0.0672283 0.0672162
0.640625 1.06723 0.0672283 0.0672162
0.65625 1.06559 0.0655895 0.0655753
0.65625 1.06559 0.0655895 0.0655753
0.671875 1.06379 0.0637926 0.0637765
0.671875 1.06379 0.0637926 0.0637765
0.6875 1.06184 0.0618421 0.061824
0.6875 1.06184 0.0618421 0.061824
0.703125 1.05974 0.0597424 0.0597226
0.703125 1.05974 0.0597424 0.0597226
0.71875 1.0575 0.0574988 0.0574773
0.71875 1.0575 0.0574988 0.0574773
0.734375 1.05512 0.0551164 0.0550935
0.734375 1.05512 0.0551164 0.0550935
0.75 1.0526 0.0526011 0.052577
0.75 1.0526 0.0526011 0.052577
0.765625 1.04996 0.0499588 0.0499338
0.765625 1.04996 0.0499588 0.0499338
0.78125 1.0472 0.0471959 0.0471704
0.78125 1.0472 0.0471959 0.0471704
0.796875 1.04432 0.0443191 0.0442933
0.796875 1.04432 0.0443191 0.0442933
0.8125 1.04134 0.0413353 0.0413095
0.8125 1.04134 0.0413353 0.0413095
0.828125 1.03825 0.038252 0.0382262
0.828125 1.03825 0.038252 0.0382262
0.84375 1.03508 0.0350771 0.0350512
0.84375 1.03508 0.0350771 0.0350512
0.859375 1.03182 0.0318198 0.0317929
0.859375 1.03182 0.0318198 0.0317929
0.875 1.02849 0.0284918 0.0284623
0.875 1.02849 0.0284918 0.0284623
0.890625 1.02511 0.0251103 0.025077
0.890625 1.02511 0.0251103 0.025077
0.90625 1.0217 0.021705 0.0216697
0.90625 1.0217 0.021705 0.0216697
0.921875 1.01833 0.0183304 0.0183033
0.921875 1.01833 0.0183304 0.0183033
0.9375 1.01509 0.0150863 0.0150902
0.9375 1.01509 0.0150863 0.0150902
0.953125 1.01214 0.0121402 0.0122051
0.953125 1.01214 0.0121402 0.0122051
0.96875 1.00973 0.0097332 0.00987769
0.96875 1.00973 0.0097332 0.00987769
0.984375 1.00814 0.00813991 0.00835213
0.984375 1.00814 0.00813991 0.00835213
1 1.00758 0.00758086 0.00781936
