# x y topography analytical topography
0 1.02137 0.0213689 0.0215882
0.015625 1.02153 0.0215343 0.0217525
0.015625 1.02153 0.0215343 0.0217525
0.03125 1.02203 0.0220273 0.0222417
0.03125 1.02203 0.0220273 0.0222417
0.046875 1.02284 0.0228379 0.0230454
0.046875 1.02284 0.0228379 0.0230454
0.0625 1.02395 0.0239498 0.0241464
0.0625 1.02395 0.0239498 0.0241464
0.078125 1.02534 0.0253409 0.0255219
0.078125 1.02534 0.0253409 0.0255219
0.09375 1.02698 0.0269841 0.0271444
0.09375 1.02698 0.0269841 0.0271444
0.109375 1.02885 0.0288482 0.0289829
0.109375 1.02885 0.0288482 0.0289829
0.125 1.0309 0.0308988 0.0310037
0.125 1.0309 0.0308988 0.0310037
0.140625 1.0331 0.0331 0.0331722
0.140625 1.0331 0.0331 0.0331722
0.15625 1.03542 0.0354154 0.0354536
0.15625 1.03542 0.0354154 0.0354536
0.171875 1.03781 0.0378093 0.0378139
0.171875 1.03781 0.0378093 0.0378139
0.1875 1.04025 0.0402476 0.040221
0.1875 1.04025 0.0402476 0.040221
0.203125 1.0427 0.0426991 0.0426447
0.203125 1.0427 0.0426991 0.0426447
0.21875 1.04514 0.0451353 0.0450578
0.21875 1.04514 0.0451353 0.0450578
0.234375 1.04753 0.0475312 0.0474358
0.234375 1.04753 0.0475312 0.0474358
0.25 1.04987 0.0498652 0.0497571
0.25 1.04987 0.0498652 0.0497571
0.265625 1.05212 0.0521186 0.0520028
0.265625 1.05212 0.0521186 0.0520028
0.28125 1.05428 0.0542758 0.054157
0.28125 1.05428 0.0542758 0.054157
0.296875 1.05632 0.0563237 0.0562057
0.296875 1.05632 0.0563237 0.0562057
0.3125 1.05825 0.0582515 0.0581374
0.3125 1.05825 0.0582515 0.0581374
0.328125 1.06005 0.0600501 0.0599422
0.328125 1.06005 0.0600501 0.0599422
0.34375 1.06171 0.0617119 0.0616121
0.34375 1.06171 0.0617119 0.0616121
0.359375 1.06323 0.0632309 0.06314
0.359375 1.06323 0.0632309 0.06314
0.375 1.0646 0.0646017 0.0645204
0.375 1.0646 0.0646017 0.0645204
0.390625 1.06582 0.0658202 0.0657483
0.390625 1.06582 0.0658202 0.0657483
0.40625 1.06688 0.0668828 0.0668198
0.40625 1.06688 0.0668828 0.0668198
0.421875 1.06779 0.0677865 0.0677317
0.421875 1.06779 0.0677865 0.0677317
0.4375 1.06853 0.0685289 0.0684813
0.4375 1.06853 0.0685289 0.0684813
0.453125 1.06911 0.0691083 0.0690664
0.453125 1.06911 0.0691083 0.0690664
0.46875 1.06952 0.0695231 0.0694854
0.46875 1.06952 0.0695231 0.0694854
0.484375 1.06977 0.0697724 0.0697373
0.484375 1.06977 0.0697724 0.0697373
0.5 1.06986 0.0698556 0.0698213
0.5 1.06986 0.0698556 0.0698213
0.515625 1.06977 0.0697724 0.0697373
0.515625 1.06977 0.0697724 0.0697373
0.53125 1.06952 0.0695231 0.0694854
0.53125 1.06952 0.0695231 0.0694854
0.546875 1.06911 0.0691083 0.0690664
0.546875 1.06911 0.0691083 0.0690664
0.5625 1.06853 0.0685289 0.0684813
0.5625 1.06853 0.0685289 0.0684813
0.578125 1.06779 0.0677865 0.0677317
0.578125 1.06779 0.0677865 0.0677317
0.59375 1.06688 0.0668828 0.0668198
0.59375 1.06688 0.0668828 0.0668198
0.609375 1.06582 0.0658202 0.0657483
0.609375 1.06582 0.0658202 0.0657483
0.625 1.0646 0.0646017 0.0645204
0.625 1.0646 0.0646017 0.0645204
0.640625 1.06323 0.0632309 0.06314
0.640625 1.06323 0.0632309 0.06314
0.65625 1.06171 0.0617119 0.0616121
0.65625 1.06171 0.0617119 0.0616121
0.671875 1.06005 0.0600501 0.0599422
0.671875 1.06005 0.0600501 0.0599422
0.6875 1.05825 0.0582515 0.0581374
0.6875 1.05825 0.0582515 0.0581374
0.703125 1.05632 0.0563237 0.0562057
0.703125 1.05632 0.0563237 0.0562057
0.71875 1.05428 0.0542758 0.054157
0.71875 1.05428 0.0542758 0.054157
0.734375 1.05212 0.0521186 0.0520028
0.734375 1.05212 0.0521186 0.0520028
0.75 1.04987 0.0498652 0.0497571
0.75 1.04987 0.0498652 0.0497571
0.765625 1.04753 0.0475312 0.0474358
0.765625 1.04753 0.0475312 0.0474358
0.78125 1.04514 0.0451353 0.0450578
0.78125 1.04514 0.0451353 0.0450578
0.796875 1.0427 0.0426991 0.0426447
0.796875 1.0427 0.0426991 0.0426447
0.8125 1.04025 0.0402476 0.040221
0.8125 1.04025 0.0402476 0.040221
0.828125 1.03781 0.0378093 0.0378139
0.828125 1.03781 0.0378093 0.0378139
0.84375 1.03542 0.0354154 0.0354536
0.84375 1.03542 0.0354154 0.0354536
0.859375 1.0331 0.0331 0.0331722
0.859375 1.0331 0.0331 0.0331722
0.875 1.0309 0.0308988 0.0310037
0.875 1.0309 0.0308988 0.0310037
0.890625 1.02885 0.0288482 0.0289829
0.890625 1.02885 0.0288482 0.0289829
0.90625 1.02698 0.0269841 0.0271444
0.90625 1.02698 0.0269841 0.0271444
0.921875 1.02534 0.0253409 0.0255219
0.921875 1.02534 0.0253409 0.0255219
0.9375 1.02395 0.0239498 0.0241464
0.9375 1.02395 0.0239498 0.0241464
0.953125 1.02284 0.0228379 0.0230454
0.953125 1.02284 0.0228379 0.0230454
0.96875 1.02203 0.0220273 0.0222417
0.96875 1.02203 0.0220273 0.0222417
0.984375 1.02153 0.0215343 0.0217525
0.984375 1.02153 0.0215343 0.0217525
1 1.02137 0.0213689 0.0215882
