# x y topography analytical topography
0 1.02496 0.0249623 0.0251731
0.015625 1.02509 0.025093 0.0253029
0.015625 1.02509 0.025093 0.0253029
0.03125 1.02548 0.0254833 0.02569
0.03125 1.02548 0.0254833 0.02569
0.046875 1.02613 0.0261267 0.0263279
0.046875 1.02613 0.0261267 0.0263279
0.0625 1.02701 0.0270131 0.0272058
0.0625 1.02701 0.0270131 0.0272058
0.078125 1.02813 0.0281285 0.0283093
0.078125 1.02813 0.0281285 0.0283093
0.09375 1.02946 0.0294554 0.0296207
0.09375 1.02946 0.0294554 0.0296207
0.109375 1.03097 0.0309733 0.0311191
0.109375 1.03097 0.0309733 0.0311191
0.125 1.03266 0.0326592 0.0327819
0.125 1.03266 0.0326592 0.0327819
0.140625 1.03449 0.034488 0.0345847
0.140625 1.03449 0.034488 0.0345847
0.15625 1.03643 0.0364338 0.0365019
0.15625 1.03643 0.0364338 0.0365019
0.171875 1.03847 0.0384695 0.0385079
0.171875 1.03847 0.0384695 0.0385079
0.1875 1.04057 0.0405684 0.0405772
0.1875 1.04057 0.0405684 0.0405772
0.203125 1.0427 0.0427044 0.0426848
0.203125 1.0427 0.0427044 0.0426848
0.21875 1.04485 0.0448526 0.0448068
0.21875 1.04485 0.0448526 0.0448068
0.234375 1.04699 0.0469894 0.0469207
0.234375 1.04699 0.0469894 0.0469207
0.25 1.04909 0.0490934 0.0490058
0.25 1.04909 0.0490934 0.0490058
0.265625 1.05115 0.051145 0.0510426
0.265625 1.05115 0.051145 0.0510426
0.28125 1.05313 0.0531268 0.053014
0.28125 1.05313 0.0531268 0.053014
0.296875 1.05502 0.0550232 0.0549044
0.296875 1.05502 0.0550232 0.0549044
0.3125 1.05682 0.0568211 0.0566999
0.3125 1.05682 0.0568211 0.0566999
0.328125 1.05851 0.0585087 0.0583886
0.328125 1.05851 0.0585087 0.0583886
0.34375 1.06008 0.0600763 0.05996
0.34375 1.06008 0.0600763 0.05996
0.359375 1.06152 0.0615154 0.0614049
0.359375 1.06152 0.0615154 0.0614049
0.375 1.06282 0.0628189 0.0627157
0.375 1.06282 0.0628189 0.0627157
0.390625 1.06398 0.0639811 0.0638859
0.390625 1.06398 0.0639811 0.0638859
0.40625 1.065 0.0649971 0.06491
0.40625 1.065 0.0649971 0.06491
0.421875 1.06586 0.0658628 0.0657836
0.421875 1.06586 0.0658628 0.0657836
0.4375 1.06658 0.0665752 0.066503
0.4375 1.06658 0.0665752 0.066503
0.453125 1.06713 0.0671317 0.0670653
0.453125 1.06713 0.0671317 0.0670653
0.46875 1.06753 0.0675305 0.0674685
0.46875 1.06753 0.0675305 0.0674685
0.484375 1.06777 0.0677703 0.067711
0.484375 1.06777 0.0677703 0.067711
0.5 1.06785 0.0678503 0.0677919
0.5 1.06785 0.0678503 0.0677919
0.515625 1.06777 0.0677703 0.067711
0.515625 1.06777 0.0677703 0.067711
0.53125 1.06753 0.0675305 0.0674685
0.53125 1.06753 0.0675305 0.0674685
0.546875 1.06713 0.0671317 0.0670653
0.546875 1.06713 0.0671317 0.0670653
0.5625 1.06658 0.0665752 0.066503
0.5625 1.06658 0.0665752 0.066503
0.578125 1.06586 0.0658628 0.0657836
0.578125 1.06586 0.0658628 0.0657836
0.59375 1.065 0.0649971 0.06491
0.59375 1.065 0.0649971 0.06491
0.609375 1.06398 0.0639811 0.0638859
0.609375 1.06398 0.0639811 0.0638859
0.625 1.06282 0.0628189 0.0627157
0.625 1.06282 0.0628189 0.0627157
0.640625 1.06152 0.0615154 0.0614049
0.640625 1.06152 0.0615154 0.0614049
0.65625 1.06008 0.0600763 0.05996
0.65625 1.06008 0.0600763 0.05996
0.671875 1.05851 0.0585087 0.0583886
0.671875 1.05851 0.0585087 0.0583886
0.6875 1.05682 0.0568211 0.0566999
0.6875 1.05682 0.0568211 0.0566999
0.703125 1.05502 0.0550232 0.0549044
0.703125 1.05502 0.0550232 0.0549044
0.71875 1.05313 0.0531268 0.053014
0.71875 1.05313 0.0531268 0.053014
0.734375 1.05115 0.051145 0.0510426
0.734375 1.05115 0.051145 0.0510426
0.75 1.04909 0.0490934 0.0490058
0.75 1.04909 0.0490934 0.0490058
0.765625 1.04699 0.0469894 0.0469207
0.765625 1.04699 0.0469894 0.0469207
0.78125 1.04485 0.0448526 0.0448068
0.78125 1.04485 0.0448526 0.0448068
0.796875 1.0427 0.0427044 0.0426848
0.796875 1.0427 0.0427044 0.0426848
0.8125 1.04057 0.0405684 0.0405772
0.8125 1.04057 0.0405684 0.0405772
0.828125 1.03847 0.0384695 0.0385079
0.828125 1.03847 0.0384695 0.0385079
0.84375 1.03643 0.0364338 0.0365019
0.84375 1.03643 0.0364338 0.0365019
0.859375 1.03449 0.034488 0.0345847
0.859375 1.03449 0.034488 0.0345847
0.875 1.03266 0.0326592 0.0327819
0.875 1.03266 0.0326592 0.0327819
0.890625 1.03097 0.0309733 0.0311191
0.890625 1.03097 0.0309733 0.0311191
0.90625 1.02946 0.0294554 0.0296207
0.90625 1.02946 0.0294554 0.0296207
0.921875 1.02813 0.0281285 0.0283093
0.921875 1.02813 0.0281285 0.0283093
0.9375 1.02701 0.0270131 0.0272058
0.9375 1.02701 0.0270131 0.0272058
0.953125 1.02613 0.0261267 0.0263279
0.953125 1.02613 0.0261267 0.0263279
0.96875 1.02548 0.0254833 0.02569
0.96875 1.02548 0.0254833 0.02569
0.984375 1.02509 0.025093 0.0253029
0.984375 1.02509 0.025093 0.0253029
1 1.02496 0.0249623 0.0251731
