# x y topography analytical topography
0 1.02649 0.0264861 0.0266913
0.015625 1.0266 0.0266045 0.0268087
0.015625 1.0266 0.0266045 0.0268087
0.03125 1.02696 0.0269578 0.0271591
0.03125 1.02696 0.0269578 0.0271591
0.046875 1.02754 0.0275408 0.0277369
0.046875 1.02754 0.0275408 0.0277369
0.0625 1.02835 0.0283451 0.0285334
0.0625 1.02835 0.0283451 0.0285334
0.078125 1.02936 0.0293589 0.0295365
0.078125 1.02936 0.0293589 0.0295365
0.09375 1.03057 0.0305675 0.030731
0.09375 1.03057 0.0305675 0.030731
0.109375 1.03195 0.0319536 0.0320997
0.109375 1.03195 0.0319536 0.0320997
0.125 1.0335 0.0334976 0.0336231
0.125 1.0335 0.0334976 0.0336231
0.140625 1.03518 0.0351781 0.0352801
0.140625 1.03518 0.0351781 0.0352801
0.15625 1.03697 0.0369725 0.0370485
0.15625 1.03697 0.0369725 0.0370485
0.171875 1.03886 0.0388571 0.0389058
0.171875 1.03886 0.0388571 0.0389058
0.1875 1.04081 0.0408082 0.0408291
0.1875 1.04081 0.0408082 0.0408291
0.203125 1.0428 0.0428021 0.0427958
0.203125 1.0428 0.0428021 0.0427958
0.21875 1.04482 0.0448159 0.0447838
0.21875 1.04482 0.0448159 0.0447838
0.234375 1.04683 0.0468276 0.0467722
0.234375 1.04683 0.0468276 0.0467722
0.25 1.04882 0.0488165 0.0487411
0.25 1.04882 0.0488165 0.0487411
0.265625 1.05076 0.0507638 0.0506719
0.265625 1.05076 0.0507638 0.0506719
0.28125 1.05265 0.0526519 0.0525474
0.28125 1.05265 0.0526519 0.0525474
0.296875 1.05447 0.0544652 0.054352
0.296875 1.05447 0.0544652 0.054352
0.3125 1.05619 0.0561898 0.0560717
0.3125 1.05619 0.0561898 0.0560717
0.328125 1.05781 0.0578137 0.057694
0.328125 1.05781 0.0578137 0.057694
0.34375 1.05933 0.059326 0.0592077
0.34375 1.05933 0.059326 0.0592077
0.359375 1.06072 0.0607177 0.060603
0.359375 1.06072 0.0607177 0.060603
0.375 1.06198 0.0619811 0.0618717
0.375 1.06198 0.0619811 0.0618717
0.390625 1.06311 0.0631095 0.0630065
0.390625 1.06311 0.0631095 0.0630065
0.40625 1.0641 0.0640974 0.0640013
0.40625 1.0641 0.0640974 0.0640013
0.421875 1.06494 0.0649403 0.064851
0.421875 1.06494 0.0649403 0.064851
0.4375 1.06563 0.0656347 0.0655516
0.4375 1.06563 0.0656347 0.0655516
0.453125 1.06618 0.0661775 0.0660998
0.453125 1.06618 0.0661775 0.0660998
0.46875 1.06657 0.0665668 0.0664931
0.46875 1.06657 0.0665668 0.0664931
0.484375 1.0668 0.0668009 0.0667298
0.484375 1.0668 0.0668009 0.0667298
0.5 1.06688 0.0668791 0.0668088
0.5 1.06688 0.0668791 0.0668088
0.515625 1.0668 0.0668009 0.0667298
0.515625 1.0668 0.0668009 0.0667298
0.53125 1.06657 0.0665668 0.0664931
0.53125 1.06657 0.0665668 0.0664931
0.546875 1.06618 0.0661775 0.0660998
0.546875 1.06618 0.0661775 0.0660998
0.5625 1.06563 0.0656347 0.0655516
0.5625 1.06563 0.0656347 0.0655516
0.578125 1.06494 0.0649403 0.064851
0.578125 1.06494 0.0649403 0.064851
0.59375 1.0641 0.0640974 0.0640013
0.59375 1.0641 0.0640974 0.0640013
0.609375 1.06311 0.0631095 0.0630065
0.609375 1.06311 0.0631095 0.0630065
0.625 1.06198 0.0619811 0.0618717
0.625 1.06198 0.0619811 0.0618717
0.640625 1.06072 0.0607177 0.060603
0.640625 1.06072 0.0607177 0.060603
0.65625 1.05933 0.059326 0.0592077
0.65625 1.05933 0.059326 0.0592077
0.671875 1.05781 0.0578137 0.057694
0.671875 1.05781 0.0578137 0.057694
0.6875 1.05619 0.0561898 0.0560717
0.6875 1.05619 0.0561898 0.0560717
0.703125 1.05447 0.0544652 0.054352
0.703125 1.05447 0.0544652 0.054352
0.71875 1.05265 0.0526519 0.0525474
0.71875 1.05265 0.0526519 0.0525474
0.734375 1.05076 0.0507638 0.0506719
0.734375 1.05076 0.0507638 0.0506719
0.75 1.04882 0.0488165 0.0487411
0.75 1.04882 0.0488165 0.0487411
0.765625 1.04683 0.0468276 0.0467722
0.765625 1.04683 0.0468276 0.0467722
0.78125 1.04482 0.0448159 0.0447838
0.78125 1.04482 0.0448159 0.0447838
0.796875 1.0428 0.0428021 0.0427958
0.796875 1.0428 0.0428021 0.0427958
0.8125 1.04081 0.0408082 0.0408291
0.8125 1.04081 0.0408082 0.0408291
0.828125 1.03886 0.0388571 0.0389058
0.828125 1.03886 0.0388571 0.0389058
0.84375 1.03697 0.0369725 0.0370485
0.84375 1.03697 0.0369725 0.0370485
0.859375 1.03518 0.0351781 0.0352801
0.859375 1.03518 0.0351781 0.0352801
0.875 1.0335 0.0334976 0.0336231
0.875 1.0335 0.0334976 0.0336231
0.890625 1.03195 0.0319536 0.0320997
0.890625 1.03195 0.0319536 0.0320997
0.90625 1.03057 0.0305675 0.030731
0.90625 1.03057 0.0305675 0.030731
0.921875 1.02936 0.0293589 0.0295365
0.921875 1.02936 0.0293589 0.0295365
0.9375 1.02835 0.0283451 0.0285334
0.9375 1.02835 0.0283451 0.0285334
0.953125 1.02754 0.0275408 0.0277369
0.953125 1.02754 0.0275408 0.0277369
0.96875 1.02696 0.0269578 0.0271591
0.96875 1.02696 0.0269578 0.0271591
0.984375 1.0266 0.0266045 0.0268087
0.984375 1.0266 0.0266045 0.0268087
1 1.02649 0.0264861 0.0266913
