# x y topography analytical topography
0 1.02636 0.0263648 0.0265705
0.015625 1.02648 0.0264841 0.0266888
0.015625 1.02648 0.0264841 0.0266888
0.03125 1.02684 0.0268402 0.027042
0.03125 1.02684 0.0268402 0.027042
0.046875 1.02743 0.0274279 0.0276244
0.046875 1.02743 0.0274279 0.0276244
0.0625 1.02824 0.0282385 0.0284272
0.0625 1.02824 0.0282385 0.0284272
0.078125 1.02926 0.0292601 0.0294379
0.078125 1.02926 0.0292601 0.0294379
0.09375 1.03048 0.0304778 0.0306415
0.09375 1.03048 0.0304778 0.0306415
0.109375 1.03187 0.0318741 0.0320203
0.109375 1.03187 0.0318741 0.0320203
0.125 1.03343 0.0334291 0.0335545
0.125 1.03343 0.0334291 0.0335545
0.140625 1.03512 0.0351212 0.0352229
0.140625 1.03512 0.0351212 0.0352229
0.15625 1.03693 0.0369275 0.037003
0.15625 1.03693 0.0369275 0.037003
0.171875 1.03882 0.0388241 0.0388721
0.171875 1.03882 0.0388241 0.0388721
0.1875 1.04079 0.040787 0.040807
0.1875 1.04079 0.040787 0.040807
0.203125 1.04279 0.0427923 0.042785
0.203125 1.04279 0.0427923 0.042785
0.21875 1.04482 0.044817 0.0447838
0.21875 1.04482 0.044817 0.0447838
0.234375 1.04684 0.0468389 0.0467825
0.234375 1.04684 0.0468389 0.0467825
0.25 1.04884 0.0488373 0.0487609
0.25 1.04884 0.0488373 0.0487609
0.265625 1.05079 0.0507932 0.0507004
0.265625 1.05079 0.0507932 0.0507004
0.28125 1.05269 0.0526891 0.0525839
0.28125 1.05269 0.0526891 0.0525839
0.296875 1.05451 0.0545095 0.0543958
0.296875 1.05451 0.0545095 0.0543958
0.3125 1.05624 0.0562404 0.0561219
0.3125 1.05624 0.0562404 0.0561219
0.328125 1.05787 0.0578696 0.0577498
0.328125 1.05787 0.0578696 0.0577498
0.34375 1.05939 0.0593867 0.0592684
0.34375 1.05939 0.0593867 0.0592684
0.359375 1.06078 0.0607826 0.0606681
0.359375 1.06078 0.0607826 0.0606681
0.375 1.06205 0.0620494 0.0619404
0.375 1.06205 0.0620494 0.0619404
0.390625 1.06318 0.0631808 0.0630783
0.390625 1.06318 0.0631808 0.0630783
0.40625 1.06417 0.0641711 0.0640757
0.40625 1.06417 0.0641711 0.0640757
0.421875 1.06502 0.0650161 0.0649276
0.421875 1.06502 0.0650161 0.0649276
0.4375 1.06571 0.065712 0.0656298
0.4375 1.06571 0.065712 0.0656298
0.453125 1.06626 0.0662561 0.0661793
0.453125 1.06626 0.0662561 0.0661793
0.46875 1.06665 0.0666462 0.0665734
0.46875 1.06665 0.0666462 0.0665734
0.484375 1.06688 0.0668808 0.0668106
0.484375 1.06688 0.0668808 0.0668106
0.5 1.06696 0.0669591 0.0668898
0.5 1.06696 0.0669591 0.0668898
0.515625 1.06688 0.0668808 0.0668106
0.515625 1.06688 0.0668808 0.0668106
0.53125 1.06665 0.0666462 0.0665734
0.53125 1.06665 0.0666462 0.0665734
0.546875 1.06626 0.0662561 0.0661793
0.546875 1.06626 0.0662561 0.0661793
0.5625 1.06571 0.065712 0.0656298
0.5625 1.06571 0.065712 0.0656298
0.578125 1.06502 0.0650161 0.0649276
0.578125 1.06502 0.0650161 0.0649276
0.59375 1.06417 0.0641711 0.0640757
0.59375 1.06417 0.0641711 0.0640757
0.609375 1.06318 0.0631808 0.0630783
0.609375 1.06318 0.0631808 0.0630783
0.625 1.06205 0.0620494 0.0619404
0.625 1.06205 0.0620494 0.0619404
0.640625 1.06078 0.0607826 0.0606681
0.640625 1.06078 0.0607826 0.0606681
0.65625 1.05939 0.0593867 0.0592684
0.65625 1.05939 0.0593867 0.0592684
0.671875 1.05787 0.0578696 0.0577498
0.671875 1.05787 0.0578696 0.0577498
0.6875 1.05624 0.0562404 0.0561219
0.6875 1.05624 0.0562404 0.0561219
0.703125 1.05451 0.0545095 0.0543958
0.703125 1.05451 0.0545095 0.0543958
0.71875 1.05269 0.0526891 0.0525839
0.71875 1.05269 0.0526891 0.0525839
0.734375 1.05079 0.0507932 0.0507004
0.734375 1.05079 0.0507932 0.0507004
0.75 1.04884 0.0488373 0.0487609
0.75 1.04884 0.0488373 0.0487609
0.765625 1.04684 0.0468389 0.0467825
0.765625 1.04684 0.0468389 0.0467825
0.78125 1.04482 0.044817 0.0447838
0.78125 1.04482 0.044817 0.0447838
0.796875 1.04279 0.0427923 0.042785
0.796875 1.04279 0.0427923 0.042785
0.8125 1.04079 0.040787 0.040807
0.8125 1.04079 0.040787 0.040807
0.828125 1.03882 0.0388241 0.0388721
0.828125 1.03882 0.0388241 0.0388721
0.84375 1.03693 0.0369275 0.037003
0.84375 1.03693 0.0369275 0.037003
0.859375 1.03512 0.0351212 0.0352229
0.859375 1.03512 0.0351212 0.0352229
0.875 1.03343 0.0334291 0.0335545
0.875 1.03343 0.0334291 0.0335545
0.890625 1.03187 0.0318741 0.0320203
0.890625 1.03187 0.0318741 0.0320203
0.90625 1.03048 0.0304778 0.0306415
0.90625 1.03048 0.0304778 0.0306415
0.921875 1.02926 0.0292601 0.0294379
0.921875 1.02926 0.0292601 0.0294379
0.9375 1.02824 0.0282385 0.0284272
0.9375 1.02824 0.0282385 0.0284272
0.953125 1.02743 0.0274279 0.0276244
0.953125 1.02743 0.0274279 0.0276244
0.96875 1.02684 0.0268402 0.027042
0.96875 1.02684 0.0268402 0.027042
0.984375 1.02648 0.0264841 0.0266888
0.984375 1.02648 0.0264841 0.0266888
1 1.02636 0.0263648 0.0265705
