# x y topography analytical topography
0 1.02536 0.0253577 0.0255672
0.015625 1.02549 0.0254851 0.0256936
0.015625 1.02549 0.0254851 0.0256936
0.03125 1.02587 0.0258654 0.0260709
0.03125 1.02587 0.0258654 0.0260709
0.046875 1.02649 0.0264927 0.0266927
0.046875 1.02649 0.0264927 0.0266927
0.0625 1.02736 0.0273572 0.0275488
0.0625 1.02736 0.0273572 0.0275488
0.078125 1.02845 0.0284454 0.0286256
0.078125 1.02845 0.0284454 0.0286256
0.09375 1.02974 0.0297408 0.0299058
0.09375 1.02974 0.0297408 0.0299058
0.109375 1.03122 0.0312237 0.0313699
0.109375 1.03122 0.0312237 0.0313699
0.125 1.03287 0.0328721 0.0329958
0.125 1.03287 0.0328721 0.0329958
0.140625 1.03466 0.0346619 0.0347602
0.140625 1.03466 0.0346619 0.0347602
0.15625 1.03657 0.036568 0.0366384
0.15625 1.03657 0.036568 0.0366384
0.171875 1.03856 0.0385643 0.0386057
0.171875 1.03856 0.0385643 0.0386057
0.1875 1.04062 0.040625 0.0406371
0.1875 1.04062 0.040625 0.0406371
0.203125 1.04272 0.0427244 0.0427084
0.203125 1.04272 0.0427244 0.0427084
0.21875 1.04484 0.0448382 0.0447961
0.21875 1.04484 0.0448382 0.0447961
0.234375 1.04694 0.0469433 0.0468781
0.234375 1.04694 0.0469433 0.0468781
0.25 1.04902 0.0490183 0.0489337
0.25 1.04902 0.0490183 0.0489337
0.265625 1.05104 0.0510438 0.0509439
0.265625 1.05104 0.0510438 0.0509439
0.28125 1.053 0.0530023 0.0528914
0.28125 1.053 0.0530023 0.0528914
0.296875 1.05488 0.0548782 0.0547605
0.296875 1.05488 0.0548782 0.0547605
0.3125 1.05666 0.0566581 0.0565374
0.3125 1.05666 0.0566581 0.0565374
0.328125 1.05833 0.0583302 0.0582099
0.328125 1.05833 0.0583302 0.0582099
0.34375 1.05988 0.0598844 0.0597672
0.34375 1.05988 0.0598844 0.0597672
0.359375 1.06131 0.061312 0.0612001
0.359375 1.06131 0.061312 0.0612001
0.375 1.06261 0.0626059 0.0625008
0.375 1.06261 0.0626059 0.0625008
0.390625 1.06376 0.06376 0.0636625
0.390625 1.06376 0.06376 0.0636625
0.40625 1.06477 0.0647692 0.0646797
0.40625 1.06477 0.0647692 0.0646797
0.421875 1.06563 0.0656295 0.0655476
0.421875 1.06563 0.0656295 0.0655476
0.4375 1.06634 0.0663376 0.0662625
0.4375 1.06634 0.0663376 0.0662625
0.453125 1.06689 0.0668909 0.0668215
0.453125 1.06689 0.0668909 0.0668215
0.46875 1.06729 0.0672874 0.0672224
0.46875 1.06729 0.0672874 0.0672224
0.484375 1.06753 0.0675258 0.0674635
0.484375 1.06753 0.0675258 0.0674635
0.5 1.06761 0.0676054 0.067544
0.5 1.06761 0.0676054 0.067544
0.515625 1.06753 0.0675258 0.0674635
0.515625 1.06753 0.0675258 0.0674635
0.53125 1.06729 0.0672874 0.0672224
0.53125 1.06729 0.0672874 0.0672224
0.546875 1.06689 0.0668909 0.0668215
0.546875 1.06689 0.0668909 0.0668215
0.5625 1.06634 0.0663376 0.0662625
0.5625 1.06634 0.0663376 0.0662625
0.578125 1.06563 0.0656295 0.0655476
0.578125 1.06563 0.0656295 0.0655476
0.59375 1.06477 0.0647692 0.0646797
0.59375 1.06477 0.0647692 0.0646797
0.609375 1.06376 0.06376 0.0636625
0.609375 1.06376 0.06376 0.0636625
0.625 1.06261 0.0626059 0.0625008
0.625 1.06261 0.0626059 0.0625008
0.640625 1.06131 0.061312 0.0612001
0.640625 1.06131 0.061312 0.0612001
0.65625 1.05988 0.0598844 0.0597672
0.65625 1.05988 0.0598844 0.0597672
0.671875 1.05833 0.0583302 0.0582099
0.671875 1.05833 0.0583302 0.0582099
0.6875 1.05666 0.0566581 0.0565374
0.6875 1.05666 0.0566581 0.0565374
0.703125 1.05488 0.0548782 0.0547605
0.703125 1.05488 0.0548782 0.0547605
0.71875 1.053 0.0530023 0.0528914
0.71875 1.053 0.0530023 0.0528914
0.734375 1.05104 0.0510438 0.0509439
0.734375 1.05104 0.0510438 0.0509439
0.75 1.04902 0.0490183 0.0489337
0.75 1.04902 0.0490183 0.0489337
0.765625 1.04694 0.0469433 0.0468781
0.765625 1.04694 0.0469433 0.0468781
0.78125 1.04484 0.0448382 0.0447961
0.78125 1.04484 0.0448382 0.0447961
0.796875 1.04272 0.0427244 0.0427084
0.796875 1.04272 0.0427244 0.0427084
0.8125 1.04062 0.040625 0.0406371
0.8125 1.04062 0.040625 0.0406371
0.828125 1.03856 0.0385643 0.0386057
0.828125 1.03856 0.0385643 0.0386057
0.84375 1.03657 0.036568 0.0366384
0.84375 1.03657 0.036568 0.0366384
0.859375 1.03466 0.0346619 0.0347602
0.859375 1.03466 0.0346619 0.0347602
0.875 1.03287 0.0328721 0.0329958
0.875 1.03287 0.0328721 0.0329958
0.890625 1.03122 0.0312237 0.0313699
0.890625 1.03122 0.0312237 0.0313699
0.90625 1.02974 0.0297408 0.0299058
0.90625 1.02974 0.0297408 0.0299058
0.921875 1.02845 0.0284454 0.0286256
0.921875 1.02845 0.0284454 0.0286256
0.9375 1.02736 0.0273572 0.0275488
0.9375 1.02736 0.0273572 0.0275488
0.953125 1.02649 0.0264927 0.0266927
0.953125 1.02649 0.0264927 0.0266927
0.96875 1.02587 0.0258654 0.0260709
0.96875 1.02587 0.0258654 0.0260709
0.984375 1.02549 0.0254851 0.0256936
0.984375 1.02549 0.0254851 0.0256936
1 1.02536 0.0253577 0.0255672
