# x y topography analytical topography
0 1.007 0.00700049 0.00724527
0.015625 1.00761 0.00761011 0.00782106
0.015625 1.00761 0.00761011 0.00782106
0.03125 1.00933 0.0093298 0.00945799
0.03125 1.00933 0.0093298 0.00945799
0.046875 1.01188 0.0118827 0.0119237
0.046875 1.01188 0.0118827 0.0119237
0.0625 1.01495 0.0149484 0.0149337
0.0625 1.01495 0.0149484 0.0149337
0.078125 1.01827 0.0182716 0.0182369
0.078125 1.01827 0.0182716 0.0182369
0.09375 1.02169 0.021692 0.0216574
0.09375 1.02169 0.021692 0.0216574
0.109375 1.02512 0.0251221 0.0250932
0.109375 1.02512 0.0251221 0.0250932
0.125 1.02852 0.0285171 0.0284926
0.125 1.02852 0.0285171 0.0284926
0.140625 1.03185 0.0318532 0.0318308
0.140625 1.03185 0.0318532 0.0318308
0.15625 1.03512 0.035116 0.0350941
0.15625 1.03512 0.035116 0.0350941
0.171875 1.0383 0.0382954 0.0382734
0.171875 1.0383 0.0382954 0.0382734
0.1875 1.04138 0.0413827 0.0413605
0.1875 1.04138 0.0413827 0.0413605
0.203125 1.04437 0.0443702 0.044348
0.203125 1.04437 0.0443702 0.044348
0.21875 1.04725 0.0472506 0.0472286
0.21875 1.04725 0.0472506 0.0472286
0.234375 1.05002 0.050017 0.0499955
0.234375 1.05002 0.050017 0.0499955
0.25 1.05266 0.0526627 0.0526419
0.25 1.05266 0.0526627 0.0526419
0.265625 1.05518 0.0551813 0.0551615
0.265625 1.05518 0.0551813 0.0551615
0.28125 1.05757 0.0575668 0.0575482
0.28125 1.05757 0.0575668 0.0575482
0.296875 1.05981 0.0598134 0.0597963
0.296875 1.05981 0.0598134 0.0597963
0.3125 1.06192 0.0619159 0.0619003
0.3125 1.06192 0.0619159 0.0619003
0.328125 1.06387 0.0638691 0.0638552
0.328125 1.06387 0.0638691 0.0638552
0.34375 1.06567 0.0656685 0.0656563
0.34375 1.06567 0.0656685 0.0656563
0.359375 1.06731 0.0673096 0.0672992
0.359375 1.06731 0.0673096 0.0672992
0.375 1.06879 0.0687887 0.06878
0.375 1.06879 0.0687887 0.06878
0.390625 1.0701 0.0701021 0.070095
0.390625 1.0701 0.0701021 0.070095
0.40625 1.07125 0.0712468 0.0712412
0.40625 1.07125 0.0712468 0.0712412
0.421875 1.07222 0.07222 0.0722158
0.421875 1.07222 0.07222 0.0722158
0.4375 1.07302 0.0730194 0.0730164
0.4375 1.07302 0.0730194 0.0730164
0.453125 1.07364 0.0736432 0.0736411
0.453125 1.07364 0.0736432 0.0736411
0.46875 1.07409 0.0740898 0.0740884
0.46875 1.07409 0.0740898 0.0740884
0.484375 1.07436 0.0743582 0.0743572
0.484375 1.07436 0.0743582 0.0743572
0.5 1.07445 0.0744477 0.0744469
0.5 1.07445 0.0744477 0.0744469
0.515625 1.07436 0.0743582 0.0743572
0.515625 1.07436 0.0743582 0.0743572
0.53125 1.07409 0.0740898 0.0740884
0.53125 1.07409 0.0740898 0.0740884
0.546875 1.07364 0.0736432 0.0736411
0.546875 1.07364 0.0736432 0.0736411
0.5625 1.07302 0.0730194 0.0730164
0.5625 1.07302 0.0730194 0.0730164
0.578125 1.07222 0.07222 0.0722158
0.578125 1.07222 0.07222 0.0722158
0.59375 1.07125 0.0712468 0.0712412
0.59375 1.07125 0.0712468 0.0712412
0.609375 1.0701 0.0701021 0.070095
0.609375 1.0701 0.0701021 0.070095
0.625 1.06879 0.0687887 0.06878
0.625 1.06879 0.0687887 0.06878
0.640625 1.06731 0.0673096 0.0672992
0.640625 1.06731 0.0673096 0.0672992
0.65625 1.06567 0.0656685 0.0656563
0.65625 1.06567 0.0656685 0.0656563
0.671875 1.06387 0.0638691 0.0638552
0.671875 1.06387 0.0638691 0.0638552
0.6875 1.06192 0.0619159 0.0619003
0.6875 1.06192 0.0619159 0.0619003
0.703125 1.05981 0.0598134 0.0597963
0.703125 1.05981 0.0598134 0.0597963
0.71875 1.05757 0.0575668 0.0575482
0.71875 1.05757 0.0575668 0.0575482
0.734375 1.05518 0.0551813 0.0551615
0.734375 1.05518 0.0551813 0.0551615
0.75 1.05266 0.0526627 0.0526419
0.75 1.05266 0.0526627 0.0526419
0.765625 1.05002 0.050017 0.0499955
0.765625 1.05002 0.050017 0.0499955
0.78125 1.04725 0.0472506 0.0472286
0.78125 1.04725 0.0472506 0.0472286
0.796875 1.04437 0.0443702 0.044348
0.796875 1.04437 0.0443702 0.044348
0.8125 1.04138 0.0413827 0.0413605
0.8125 1.04138 0.0413827 0.0413605
0.828125 1.0383 0.0382954 0.0382734
0.828125 1.0383 0.0382954 0.0382734
0.84375 1.03512 0.035116 0.0350941
0.84375 1.03512 0.035116 0.0350941
0.859375 1.03185 0.0318532 0.0318308
0.859375 1.03185 0.0318532 0.0318308
0.875 1.02852 0.0285171 0.0284926
0.875 1.02852 0.0285171 0.0284926
0.890625 1.02512 0.0251221 0.0250932
0.890625 1.02512 0.0251221 0.0250932
0.90625 1.02169 0.021692 0.0216574
0.90625 1.02169 0.021692 0.0216574
0.921875 1.01827 0.0182716 0.0182369
0.921875 1.01827 0.0182716 0.0182369
0.9375 1.01495 0.0149484 0.0149337
0.9375 1.01495 0.0149484 0.0149337
0.953125 1.01188 0.0118827 0.0119237
0.953125 1.01188 0.0118827 0.0119237
0.96875 1.00933 0.0093298 0.00945799
0.96875 1.00933 0.0093298 0.00945799
0.984375 1.00761 0.00761011 0.00782106
0.984375 1.00761 0.00761011 0.00782106
1 1.007 0.00700049 0.00724527
