# x y topography analytical topography
0 1.01317 0.013168 0.0133888
0.015625 1.01347 0.0134714 0.0136881
0.015625 1.01347 0.0134714 0.0136881
0.03125 1.01437 0.014367 0.014571
0.03125 1.01437 0.014367 0.014571
0.046875 1.01581 0.0158127 0.015994
0.046875 1.01581 0.0158127 0.015994
0.0625 1.01774 0.0177421 0.017891
0.0625 1.01774 0.0177421 0.017891
0.078125 1.02007 0.0200719 0.0201811
0.078125 1.02007 0.0200719 0.0201811
0.09375 1.02271 0.0227105 0.0227769
0.09375 1.02271 0.0227105 0.0227769
0.109375 1.02557 0.0255669 0.0255927
0.109375 1.02557 0.0255669 0.0255927
0.125 1.02856 0.0285593 0.0285506
0.125 1.02856 0.0285593 0.0285506
0.140625 1.03162 0.0316189 0.0315839
0.140625 1.03162 0.0316189 0.0315839
0.15625 1.03469 0.0346914 0.0346383
0.15625 1.03469 0.0346914 0.0346383
0.171875 1.03774 0.0377364 0.0376721
0.171875 1.03774 0.0377364 0.0376721
0.1875 1.04072 0.040724 0.0406539
0.1875 1.04072 0.040724 0.0406539
0.203125 1.04363 0.0436328 0.0435604
0.203125 1.04363 0.0436328 0.0435604
0.21875 1.04645 0.0464471 0.0463748
0.21875 1.04645 0.0464471 0.0463748
0.234375 1.04916 0.049155 0.0490843
0.234375 1.04916 0.049155 0.0490843
0.25 1.05175 0.0517472 0.0516791
0.25 1.05175 0.0517472 0.0516791
0.265625 1.05422 0.0542158 0.0541511
0.265625 1.05422 0.0542158 0.0541511
0.28125 1.05655 0.0565541 0.0564935
0.28125 1.05655 0.0565541 0.0564935
0.296875 1.05876 0.0587562 0.0587001
0.296875 1.05876 0.0587562 0.0587001
0.3125 1.06082 0.0608167 0.0607654
0.3125 1.06082 0.0608167 0.0607654
0.328125 1.06273 0.0627306 0.0626844
0.328125 1.06273 0.0627306 0.0626844
0.34375 1.06449 0.0644933 0.0644525
0.34375 1.06449 0.0644933 0.0644525
0.359375 1.0661 0.0661007 0.0660652
0.359375 1.0661 0.0661007 0.0660652
0.375 1.06755 0.0675491 0.0675189
0.375 1.06755 0.0675491 0.0675189
0.390625 1.06884 0.0688351 0.0688098
0.390625 1.06884 0.0688351 0.0688098
0.40625 1.06996 0.0699556 0.069935
0.40625 1.06996 0.0699556 0.069935
0.421875 1.07091 0.0709082 0.0708917
0.421875 1.07091 0.0709082 0.0708917
0.4375 1.07169 0.0716906 0.0716776
0.4375 1.07169 0.0716906 0.0716776
0.453125 1.0723 0.072301 0.0722909
0.453125 1.0723 0.072301 0.0722909
0.46875 1.07274 0.072738 0.07273
0.46875 1.07274 0.072738 0.07273
0.484375 1.073 0.0730006 0.0729938
0.484375 1.073 0.0730006 0.0729938
0.5 1.07309 0.0730882 0.0730819
0.5 1.07309 0.0730882 0.0730819
0.515625 1.073 0.0730006 0.0729938
0.515625 1.073 0.0730006 0.0729938
0.53125 1.07274 0.072738 0.07273
0.53125 1.07274 0.072738 0.07273
0.546875 1.0723 0.072301 0.0722909
0.546875 1.0723 0.072301 0.0722909
0.5625 1.07169 0.0716906 0.0716776
0.5625 1.07169 0.0716906 0.0716776
0.578125 1.07091 0.0709082 0.0708917
0.578125 1.07091 0.0709082 0.0708917
0.59375 1.06996 0.0699556 0.069935
0.59375 1.06996 0.0699556 0.069935
0.609375 1.06884 0.0688351 0.0688098
0.609375 1.06884 0.0688351 0.0688098
0.625 1.06755 0.0675491 0.0675189
0.625 1.06755 0.0675491 0.0675189
0.640625 1.0661 0.0661007 0.0660652
0.640625 1.0661 0.0661007 0.0660652
0.65625 1.06449 0.0644933 0.0644525
0.65625 1.06449 0.0644933 0.0644525
0.671875 1.06273 0.0627306 0.0626844
0.671875 1.06273 0.0627306 0.0626844
0.6875 1.06082 0.0608167 0.0607654
0.6875 1.06082 0.0608167 0.0607654
0.703125 1.05876 0.0587562 0.0587001
0.703125 1.05876 0.0587562 0.0587001
0.71875 1.05655 0.0565541 0.0564935
0.71875 1.05655 0.0565541 0.0564935
0.734375 1.05422 0.0542158 0.0541511
0.734375 1.05422 0.0542158 0.0541511
0.75 1.05175 0.0517472 0.0516791
0.75 1.05175 0.0517472 0.0516791
0.765625 1.04916 0.049155 0.0490843
0.765625 1.04916 0.049155 0.0490843
0.78125 1.04645 0.0464471 0.0463748
0.78125 1.04645 0.0464471 0.0463748
0.796875 1.04363 0.0436328 0.0435604
0.796875 1.04363 0.0436328 0.0435604
0.8125 1.04072 0.040724 0.0406539
0.8125 1.04072 0.040724 0.0406539
0.828125 1.03774 0.0377364 0.0376721
0.828125 1.03774 0.0377364 0.0376721
0.84375 1.03469 0.0346914 0.0346383
0.84375 1.03469 0.0346914 0.0346383
0.859375 1.03162 0.0316189 0.0315839
0.859375 1.03162 0.0316189 0.0315839
0.875 1.02856 0.0285593 0.0285506
0.875 1.02856 0.0285593 0.0285506
0.890625 1.02557 0.0255669 0.0255927
0.890625 1.02557 0.0255669 0.0255927
0.90625 1.02271 0.0227105 0.0227769
0.90625 1.02271 0.0227105 0.0227769
0.921875 1.02007 0.0200719 0.0201811
0.921875 1.02007 0.0200719 0.0201811
0.9375 1.01774 0.0177421 0.017891
0.9375 1.01774 0.0177421 0.017891
0.953125 1.01581 0.0158127 0.015994
0.953125 1.01581 0.0158127 0.015994
0.96875 1.01437 0.014367 0.014571
0.96875 1.01437 0.014367 0.014571
0.984375 1.01347 0.0134714 0.0136881
0.984375 1.01347 0.0134714 0.0136881
1 1.01317 0.013168 0.0133888
