# x y topography analytical topography
0 1.0186 0.0185953 0.018817
0.015625 1.01879 0.018795 0.0190152
0.015625 1.01879 0.018795 0.0190152
0.03125 1.01939 0.019389 0.0196044
0.03125 1.01939 0.019389 0.0196044
0.046875 1.02036 0.0203623 0.0205686
0.046875 1.02036 0.0203623 0.0205686
0.0625 1.02169 0.0216903 0.0218822
0.0625 1.02169 0.0216903 0.0218822
0.078125 1.02334 0.0233404 0.0235117
0.078125 1.02334 0.0233404 0.0235117
0.09375 1.02527 0.0252729 0.0254175
0.09375 1.02527 0.0252729 0.0254175
0.109375 1.02744 0.0274433 0.027556
0.109375 1.02744 0.0274433 0.027556
0.125 1.0298 0.0298048 0.0298819
0.125 1.0298 0.0298048 0.0298819
0.140625 1.03231 0.0323096 0.03235
0.140625 1.03231 0.0323096 0.03235
0.15625 1.03491 0.034912 0.0349169
0.15625 1.03491 0.034912 0.0349169
0.171875 1.03757 0.0375696 0.0375421
0.171875 1.03757 0.0375696 0.0375421
0.1875 1.04024 0.0402444 0.0401893
0.1875 1.04024 0.0402444 0.0401893
0.203125 1.0429 0.0429033 0.0428264
0.203125 1.0429 0.0429033 0.0428264
0.21875 1.04552 0.0455184 0.0454255
0.21875 1.04552 0.0455184 0.0454255
0.234375 1.04807 0.0480665 0.0479634
0.234375 1.04807 0.0480665 0.0479634
0.25 1.05053 0.0505288 0.0504203
0.25 1.05053 0.0505288 0.0504203
0.265625 1.05289 0.0528898 0.0527802
0.265625 1.05289 0.0528898 0.0527802
0.28125 1.05514 0.055137 0.0550297
0.28125 1.05514 0.055137 0.0550297
0.296875 1.05726 0.0572605 0.0571579
0.296875 1.05726 0.0572605 0.0571579
0.3125 1.05925 0.0592519 0.0591559
0.3125 1.05925 0.0592519 0.0591559
0.328125 1.0611 0.0611043 0.0610162
0.328125 1.0611 0.0611043 0.0610162
0.34375 1.06281 0.062812 0.0627325
0.34375 1.06281 0.062812 0.0627325
0.359375 1.06437 0.0643701 0.0642995
0.359375 1.06437 0.0643701 0.0642995
0.375 1.06577 0.0657745 0.0657127
0.375 1.06577 0.0657745 0.0657127
0.390625 1.06702 0.0670216 0.0669683
0.390625 1.06702 0.0670216 0.0669683
0.40625 1.06811 0.0681083 0.0680629
0.40625 1.06811 0.0681083 0.0680629
0.421875 1.06903 0.0690321 0.0689937
0.421875 1.06903 0.0690321 0.0689937
0.4375 1.06979 0.0697908 0.0697585
0.4375 1.06979 0.0697908 0.0697585
0.453125 1.07038 0.0703827 0.0703552
0.453125 1.07038 0.0703827 0.0703552
0.46875 1.07081 0.0708064 0.0707826
0.46875 1.07081 0.0708064 0.0707826
0.484375 1.07106 0.0710611 0.0710394
0.484375 1.07106 0.0710611 0.0710394
0.5 1.07115 0.071146 0.071125
0.5 1.07115 0.071146 0.071125
0.515625 1.07106 0.0710611 0.0710394
0.515625 1.07106 0.0710611 0.0710394
0.53125 1.07081 0.0708064 0.0707826
0.53125 1.07081 0.0708064 0.0707826
0.546875 1.07038 0.0703827 0.0703552
0.546875 1.07038 0.0703827 0.0703552
0.5625 1.06979 0.0697908 0.0697585
0.5625 1.06979 0.0697908 0.0697585
0.578125 1.06903 0.0690321 0.0689937
0.578125 1.06903 0.0690321 0.0689937
0.59375 1.06811 0.0681083 0.0680629
0.59375 1.06811 0.0681083 0.0680629
0.609375 1.06702 0.0670216 0.0669683
0.609375 1.06702 0.0670216 0.0669683
0.625 1.06577 0.0657745 0.0657127
0.625 1.06577 0.0657745 0.0657127
0.640625 1.06437 0.0643701 0.0642995
0.640625 1.06437 0.0643701 0.0642995
0.65625 1.06281 0.062812 0.0627325
0.65625 1.06281 0.062812 0.0627325
0.671875 1.0611 0.0611043 0.0610162
0.671875 1.0611 0.0611043 0.0610162
0.6875 1.05925 0.0592519 0.0591559
0.6875 1.05925 0.0592519 0.0591559
0.703125 1.05726 0.0572605 0.0571579
0.703125 1.05726 0.0572605 0.0571579
0.71875 1.05514 0.055137 0.0550297
0.71875 1.05514 0.055137 0.0550297
0.734375 1.05289 0.0528898 0.0527802
0.734375 1.05289 0.0528898 0.0527802
0.75 1.05053 0.0505288 0.0504203
0.75 1.05053 0.0505288 0.0504203
0.765625 1.04807 0.0480665 0.0479634
0.765625 1.04807 0.0480665 0.0479634
0.78125 1.04552 0.0455184 0.0454255
0.78125 1.04552 0.0455184 0.0454255
0.796875 1.0429 0.0429033 0.0428264
0.796875 1.0429 0.0429033 0.0428264
0.8125 1.04024 0.0402444 0.0401893
0.8125 1.04024 0.0402444 0.0401893
0.828125 1.03757 0.0375696 0.0375421
0.828125 1.03757 0.0375696 0.0375421
0.84375 1.03491 0.034912 0.0349169
0.84375 1.03491 0.034912 0.0349169
0.859375 1.03231 0.0323096 0.03235
0.859375 1.03231 0.0323096 0.03235
0.875 1.0298 0.0298048 0.0298819
0.875 1.0298 0.0298048 0.0298819
0.890625 1.02744 0.0274433 0.027556
0.890625 1.02744 0.0274433 0.027556
0.90625 1.02527 0.0252729 0.0254175
0.90625 1.02527 0.0252729 0.0254175
0.921875 1.02334 0.0233404 0.0235117
0.921875 1.02334 0.0233404 0.0235117
0.9375 1.02169 0.0216903 0.0218822
0.9375 1.02169 0.0216903 0.0218822
0.953125 1.02036 0.0203623 0.0205686
0.953125 1.02036 0.0203623 0.0205686
0.96875 1.01939 0.019389 0.0196044
0.96875 1.01939 0.019389 0.0196044
0.984375 1.01879 0.018795 0.0190152
0.984375 1.01879 0.018795 0.0190152
1 1.0186 0.0185953 0.018817
