# x y topography analytical topography
0 1.01797 0.0179714 0.0181933
0.015625 1.01818 0.0181801 0.0184003
0.015625 1.01818 0.0181801 0.0184003
0.03125 1.0188 0.0188005 0.0190155
0.03125 1.0188 0.0188005 0.0190155
0.046875 1.01982 0.0198159 0.020021
0.046875 1.01982 0.0198159 0.020021
0.0625 1.0212 0.0211993 0.0213889
0.0625 1.0212 0.0211993 0.0213889
0.078125 1.02291 0.0229146 0.0230822
0.078125 1.02291 0.0229146 0.0230822
0.09375 1.02492 0.0249186 0.0250578
0.09375 1.02492 0.0249186 0.0250578
0.109375 1.02716 0.027163 0.0272686
0.109375 1.02716 0.027163 0.0272686
0.125 1.0296 0.0295972 0.0296662
0.125 1.0296 0.0295972 0.0296662
0.140625 1.03217 0.0321708 0.0322027
0.140625 1.03217 0.0321708 0.0322027
0.15625 1.03484 0.034836 0.0348326
0.15625 1.03484 0.034836 0.0348326
0.171875 1.03755 0.037549 0.0375144
0.171875 1.03755 0.037549 0.0375144
0.1875 1.04027 0.0402715 0.040211
0.1875 1.04027 0.0402715 0.040211
0.203125 1.04297 0.0429705 0.0428903
0.203125 1.04297 0.0429705 0.0428903
0.21875 1.04562 0.045619 0.0455249
0.21875 1.04562 0.045619 0.0455249
0.234375 1.04819 0.0481946 0.0480921
0.234375 1.04819 0.0481946 0.0480921
0.25 1.05068 0.0506793 0.0505731
0.25 1.05068 0.0506793 0.0505731
0.265625 1.05306 0.0530588 0.0529527
0.265625 1.05306 0.0530588 0.0529527
0.28125 1.05532 0.0553214 0.0552184
0.28125 1.05532 0.0553214 0.0552184
0.296875 1.05746 0.0574577 0.0573599
0.296875 1.05746 0.0574577 0.0573599
0.3125 1.05946 0.0594599 0.059369
0.3125 1.05946 0.0594599 0.059369
0.328125 1.06132 0.0613216 0.0612386
0.328125 1.06132 0.0613216 0.0612386
0.34375 1.06304 0.0630374 0.0629628
0.34375 1.06304 0.0630374 0.0629628
0.359375 1.0646 0.0646026 0.0645365
0.359375 1.0646 0.0646026 0.0645365
0.375 1.06601 0.0660132 0.0659556
0.375 1.06601 0.0660132 0.0659556
0.390625 1.06727 0.0672656 0.0672161
0.390625 1.06727 0.0672656 0.0672161
0.40625 1.06836 0.0683569 0.068315
0.40625 1.06836 0.0683569 0.068315
0.421875 1.06928 0.0692846 0.0692494
0.421875 1.06928 0.0692846 0.0692494
0.4375 1.07005 0.0700465 0.0700171
0.4375 1.07005 0.0700465 0.0700171
0.453125 1.07064 0.0706409 0.0706161
0.453125 1.07064 0.0706409 0.0706161
0.46875 1.07107 0.0710664 0.071045
0.46875 1.07107 0.0710664 0.071045
0.484375 1.07132 0.0713221 0.0713028
0.484375 1.07132 0.0713221 0.0713028
0.5 1.07141 0.0714073 0.0713887
0.5 1.07141 0.0714073 0.0713887
0.515625 1.07132 0.0713221 0.0713028
0.515625 1.07132 0.0713221 0.0713028
0.53125 1.07107 0.0710664 0.071045
0.53125 1.07107 0.0710664 0.071045
0.546875 1.07064 0.0706409 0.0706161
0.546875 1.07064 0.0706409 0.0706161
0.5625 1.07005 0.0700465 0.0700171
0.5625 1.07005 0.0700465 0.0700171
0.578125 1.06928 0.0692846 0.0692494
0.578125 1.06928 0.0692846 0.0692494
0.59375 1.06836 0.0683569 0.068315
0.59375 1.06836 0.0683569 0.068315
0.609375 1.06727 0.0672656 0.0672161
0.609375 1.06727 0.0672656 0.0672161
0.625 1.06601 0.0660132 0.0659556
0.625 1.06601 0.0660132 0.0659556
0.640625 1.0646 0.0646026 0.0645365
0.640625 1.0646 0.0646026 0.0645365
0.65625 1.06304 0.0630374 0.0629628
0.65625 1.06304 0.0630374 0.0629628
0.671875 1.06132 0.0613216 0.0612386
0.671875 1.06132 0.0613216 0.0612386
0.6875 1.05946 0.0594599 0.059369
0.6875 1.05946 0.0594599 0.059369
0.703125 1.05746 0.0574577 0.0573599
0.703125 1.05746 0.0574577 0.0573599
0.71875 1.05532 0.0553214 0.0552184
0.71875 1.05532 0.0553214 0.0552184
0.734375 1.05306 0.0530588 0.0529527
0.734375 1.05306 0.0530588 0.0529527
0.75 1.05068 0.0506793 0.0505731
0.75 1.05068 0.0506793 0.0505731
0.765625 1.04819 0.0481946 0.0480921
0.765625 1.04819 0.0481946 0.0480921
0.78125 1.04562 0.045619 0.0455249
0.78125 1.04562 0.045619 0.0455249
0.796875 1.04297 0.0429705 0.0428903
0.796875 1.04297 0.0429705 0.0428903
0.8125 1.04027 0.0402715 0.040211
0.8125 1.04027 0.0402715 0.040211
0.828125 1.03755 0.037549 0.0375144
0.828125 1.03755 0.037549 0.0375144
0.84375 1.03484 0.034836 0.0348326
0.84375 1.03484 0.034836 0.0348326
0.859375 1.03217 0.0321708 0.0322027
0.859375 1.03217 0.0321708 0.0322027
0.875 1.0296 0.0295972 0.0296662
0.875 1.0296 0.0295972 0.0296662
0.890625 1.02716 0.027163 0.0272686
0.890625 1.02716 0.027163 0.0272686
0.90625 1.02492 0.0249186 0.0250578
0.90625 1.02492 0.0249186 0.0250578
0.921875 1.02291 0.0229146 0.0230822
0.921875 1.02291 0.0229146 0.0230822
0.9375 1.0212 0.0211993 0.0213889
0.9375 1.0212 0.0211993 0.0213889
0.953125 1.01982 0.0198159 0.020021
0.953125 1.01982 0.0198159 0.020021
0.96875 1.0188 0.0188005 0.0190155
0.96875 1.0188 0.0188005 0.0190155
0.984375 1.01818 0.0181801 0.0184003
0.984375 1.01818 0.0181801 0.0184003
1 1.01797 0.0179714 0.0181933
