# x y topography analytical topography
0 1.03021 0.0302107 0.0303971
0.015625 1.0303 0.0303026 0.0304882
0.015625 1.0303 0.0303026 0.0304882
0.03125 1.03058 0.0305772 0.0307602
0.03125 1.03058 0.0305772 0.0307602
0.046875 1.03103 0.0310312 0.0312096
0.046875 1.03103 0.0310312 0.0312096
0.0625 1.03166 0.0316587 0.0318307
0.0625 1.03166 0.0316587 0.0318307
0.078125 1.03245 0.0324522 0.0326155
0.078125 1.03245 0.0324522 0.0326155
0.09375 1.0334 0.0334018 0.0335541
0.09375 1.0334 0.0334018 0.0335541
0.109375 1.0345 0.0344958 0.0346347
0.109375 1.0345 0.0344958 0.0346347
0.125 1.03572 0.0357209 0.035844
0.125 1.03572 0.0357209 0.035844
0.140625 1.03706 0.0370624 0.0371675
0.140625 1.03706 0.0370624 0.0371675
0.15625 1.0385 0.0385043 0.0385895
0.15625 1.0385 0.0385043 0.0385895
0.171875 1.04003 0.0400297 0.0400934
0.171875 1.04003 0.0400297 0.0400934
0.1875 1.04162 0.0416211 0.0416625
0.1875 1.04162 0.0416211 0.0416625
0.203125 1.04326 0.0432606 0.0432793
0.203125 1.04326 0.0432606 0.0432793
0.21875 1.04493 0.0449303 0.0449267
0.21875 1.04493 0.0449303 0.0449267
0.234375 1.04661 0.0466126 0.0465876
0.234375 1.04661 0.0466126 0.0465876
0.25 1.04829 0.0482902 0.0482453
0.25 1.04829 0.0482902 0.0482453
0.265625 1.04995 0.0499465 0.0498839
0.265625 1.04995 0.0499465 0.0498839
0.28125 1.05157 0.0515659 0.0514881
0.28125 1.05157 0.0515659 0.0514881
0.296875 1.05313 0.0531337 0.0530433
0.296875 1.05313 0.0531337 0.0530433
0.3125 1.05464 0.0546362 0.0545361
0.3125 1.05464 0.0546362 0.0545361
0.328125 1.05606 0.0560611 0.0559539
0.328125 1.05606 0.0560611 0.0559539
0.34375 1.0574 0.0573971 0.0572854
0.34375 1.0574 0.0573971 0.0572854
0.359375 1.05863 0.0586341 0.0585202
0.359375 1.05863 0.0586341 0.0585202
0.375 1.05976 0.0597632 0.0596491
0.375 1.05976 0.0597632 0.0596491
0.390625 1.06078 0.0607767 0.0606637
0.390625 1.06078 0.0607767 0.0606637
0.40625 1.06167 0.0616679 0.0615571
0.40625 1.06167 0.0616679 0.0615571
0.421875 1.06243 0.0624311 0.0623231
0.421875 1.06243 0.0624311 0.0623231
0.4375 1.06306 0.0630617 0.0629567
0.4375 1.06306 0.0630617 0.0629567
0.453125 1.06356 0.063556 0.0634537
0.453125 1.06356 0.063556 0.0634537
0.46875 1.06391 0.063911 0.0638109
0.46875 1.06391 0.063911 0.0638109
0.484375 1.06412 0.0641248 0.0640261
0.484375 1.06412 0.0641248 0.0640261
0.5 1.0642 0.0641962 0.064098
0.5 1.0642 0.0641962 0.064098
0.515625 1.06412 0.0641248 0.0640261
0.515625 1.06412 0.0641248 0.0640261
0.53125 1.06391 0.063911 0.0638109
0.53125 1.06391 0.063911 0.0638109
0.546875 1.06356 0.063556 0.0634537
0.546875 1.06356 0.063556 0.0634537
0.5625 1.06306 0.0630617 0.0629567
0.5625 1.06306 0.0630617 0.0629567
0.578125 1.06243 0.0624311 0.0623231
0.578125 1.06243 0.0624311 0.0623231
0.59375 1.06167 0.0616679 0.0615571
0.59375 1.06167 0.0616679 0.0615571
0.609375 1.06078 0.0607767 0.0606637
0.609375 1.06078 0.0607767 0.0606637
0.625 1.05976 0.0597632 0.0596491
0.625 1.05976 0.0597632 0.0596491
0.640625 1.05863 0.0586341 0.0585202
0.640625 1.05863 0.0586341 0.0585202
0.65625 1.0574 0.0573971 0.0572854
0.65625 1.0574 0.0573971 0.0572854
0.671875 1.05606 0.0560611 0.0559539
0.671875 1.05606 0.0560611 0.0559539
0.6875 1.05464 0.0546362 0.0545361
0.6875 1.05464 0.0546362 0.0545361
0.703125 1.05313 0.0531337 0.0530433
0.703125 1.05313 0.0531337 0.0530433
0.71875 1.05157 0.0515659 0.0514881
0.71875 1.05157 0.0515659 0.0514881
0.734375 1.04995 0.0499465 0.0498839
0.734375 1.04995 0.0499465 0.0498839
0.75 1.04829 0.0482902 0.0482453
0.75 1.04829 0.0482902 0.0482453
0.765625 1.04661 0.0466126 0.0465876
0.765625 1.04661 0.0466126 0.0465876
0.78125 1.04493 0.0449303 0.0449267
0.78125 1.04493 0.0449303 0.0449267
0.796875 1.04326 0.0432606 0.0432793
0.796875 1.04326 0.0432606 0.0432793
0.8125 1.04162 0.0416211 0.0416625
0.8125 1.04162 0.0416211 0.0416625
0.828125 1.04003 0.0400297 0.0400934
0.828125 1.04003 0.0400297 0.0400934
0.84375 1.0385 0.0385043 0.0385895
0.84375 1.0385 0.0385043 0.0385895
0.859375 1.03706 0.0370624 0.0371675
0.859375 1.03706 0.0370624 0.0371675
0.875 1.03572 0.0357209 0.035844
0.875 1.03572 0.0357209 0.035844
0.890625 1.0345 0.0344958 0.0346347
0.890625 1.0345 0.0344958 0.0346347
0.90625 1.0334 0.0334018 0.0335541
0.90625 1.0334 0.0334018 0.0335541
0.921875 1.03245 0.0324522 0.0326155
0.921875 1.03245 0.0324522 0.0326155
0.9375 1.03166 0.0316587 0.0318307
0.9375 1.03166 0.0316587 0.0318307
0.953125 1.03103 0.0310312 0.0312096
0.953125 1.03103 0.0310312 0.0312096
0.96875 1.03058 0.0305772 0.0307602
0.96875 1.03058 0.0305772 0.0307602
0.984375 1.0303 0.0303026 0.0304882
0.984375 1.0303 0.0303026 0.0304882
1 1.03021 0.0302107 0.0303971
