# x y topography analytical topography
0 1.03431 0.0343111 0.034469
0.015625 1.03438 0.0343784 0.0345356
0.015625 1.03438 0.0343784 0.0345356
0.03125 1.03458 0.0345796 0.0347346
0.03125 1.03458 0.0345796 0.0347346
0.046875 1.03491 0.0349125 0.0350639
0.046875 1.03491 0.0349125 0.0350639
0.0625 1.03537 0.0353735 0.0355197
0.0625 1.03537 0.0353735 0.0355197
0.078125 1.03596 0.0359576 0.036097
0.078125 1.03596 0.0359576 0.036097
0.09375 1.03666 0.0366584 0.0367894
0.09375 1.03666 0.0366584 0.0367894
0.109375 1.03747 0.0374684 0.0375893
0.109375 1.03747 0.0374684 0.0375893
0.125 1.03838 0.0383788 0.0384881
0.125 1.03838 0.0383788 0.0384881
0.140625 1.03938 0.0393798 0.0394759
0.140625 1.03938 0.0393798 0.0394759
0.15625 1.04046 0.0404607 0.0405424
0.15625 1.04046 0.0404607 0.0405424
0.171875 1.04161 0.04161 0.0416761
0.171875 1.04161 0.04161 0.0416761
0.1875 1.04282 0.0428157 0.0428653
0.1875 1.04282 0.0428157 0.0428653
0.203125 1.04407 0.0440652 0.0440977
0.203125 1.04407 0.0440652 0.0440977
0.21875 1.04535 0.0453456 0.0453609
0.21875 1.04535 0.0453456 0.0453609
0.234375 1.04664 0.046644 0.0466421
0.234375 1.04664 0.046644 0.0466421
0.25 1.04795 0.0479473 0.0479288
0.25 1.04795 0.0479473 0.0479288
0.265625 1.04924 0.0492427 0.0492085
0.265625 1.04924 0.0492427 0.0492085
0.28125 1.05052 0.0505178 0.050469
0.28125 1.05052 0.0505178 0.050469
0.296875 1.05176 0.0517605 0.0516984
0.296875 1.05176 0.0517605 0.0516984
0.3125 1.05296 0.0529592 0.0528855
0.3125 1.05296 0.0529592 0.0528855
0.328125 1.0541 0.0541032 0.0540195
0.328125 1.0541 0.0541032 0.0540195
0.34375 1.05518 0.0551822 0.0550901
0.34375 1.05518 0.0551822 0.0550901
0.359375 1.05619 0.056187 0.0560882
0.359375 1.05619 0.056187 0.0560882
0.375 1.05711 0.0571089 0.0570049
0.375 1.05711 0.0571089 0.0570049
0.390625 1.05794 0.0579405 0.0578325
0.390625 1.05794 0.0579405 0.0578325
0.40625 1.05867 0.0586748 0.058564
0.40625 1.05867 0.0586748 0.058564
0.421875 1.05931 0.059306 0.0591934
0.421875 1.05931 0.059306 0.0591934
0.4375 1.05983 0.0598292 0.0597155
0.4375 1.05983 0.0598292 0.0597155
0.453125 1.06024 0.0602403 0.0601259
0.453125 1.06024 0.0602403 0.0601259
0.46875 1.06054 0.0605362 0.0604215
0.46875 1.06054 0.0605362 0.0604215
0.484375 1.06071 0.0607147 0.0605998
0.484375 1.06071 0.0607147 0.0605998
0.5 1.06077 0.0607743 0.0606594
0.5 1.06077 0.0607743 0.0606594
0.515625 1.06071 0.0607147 0.0605998
0.515625 1.06071 0.0607147 0.0605998
0.53125 1.06054 0.0605362 0.0604215
0.53125 1.06054 0.0605362 0.0604215
0.546875 1.06024 0.0602403 0.0601259
0.546875 1.06024 0.0602403 0.0601259
0.5625 1.05983 0.0598292 0.0597155
0.5625 1.05983 0.0598292 0.0597155
0.578125 1.05931 0.059306 0.0591934
0.578125 1.05931 0.059306 0.0591934
0.59375 1.05867 0.0586748 0.058564
0.59375 1.05867 0.0586748 0.058564
0.609375 1.05794 0.0579405 0.0578325
0.609375 1.05794 0.0579405 0.0578325
0.625 1.05711 0.0571089 0.0570049
0.625 1.05711 0.0571089 0.0570049
0.640625 1.05619 0.056187 0.0560882
0.640625 1.05619 0.056187 0.0560882
0.65625 1.05518 0.0551822 0.0550901
0.65625 1.05518 0.0551822 0.0550901
0.671875 1.0541 0.0541032 0.0540195
0.671875 1.0541 0.0541032 0.0540195
0.6875 1.05296 0.0529592 0.0528855
0.6875 1.05296 0.0529592 0.0528855
0.703125 1.05176 0.0517605 0.0516984
0.703125 1.05176 0.0517605 0.0516984
0.71875 1.05052 0.0505178 0.050469
0.71875 1.05052 0.0505178 0.050469
0.734375 1.04924 0.0492427 0.0492085
0.734375 1.04924 0.0492427 0.0492085
0.75 1.04795 0.0479473 0.0479288
0.75 1.04795 0.0479473 0.0479288
0.765625 1.04664 0.046644 0.0466421
0.765625 1.04664 0.046644 0.0466421
0.78125 1.04535 0.0453456 0.0453609
0.78125 1.04535 0.0453456 0.0453609
0.796875 1.04407 0.0440652 0.0440977
0.796875 1.04407 0.0440652 0.0440977
0.8125 1.04282 0.0428157 0.0428653
0.8125 1.04282 0.0428157 0.0428653
0.828125 1.04161 0.04161 0.0416761
0.828125 1.04161 0.04161 0.0416761
0.84375 1.04046 0.0404607 0.0405424
0.84375 1.04046 0.0404607 0.0405424
0.859375 1.03938 0.0393798 0.0394759
0.859375 1.03938 0.0393798 0.0394759
0.875 1.03838 0.0383788 0.0384881
0.875 1.03838 0.0383788 0.0384881
0.890625 1.03747 0.0374684 0.0375893
0.890625 1.03747 0.0374684 0.0375893
0.90625 1.03666 0.0366584 0.0367894
0.90625 1.03666 0.0366584 0.0367894
0.921875 1.03596 0.0359576 0.036097
0.921875 1.03596 0.0359576 0.036097
0.9375 1.03537 0.0353735 0.0355197
0.9375 1.03537 0.0353735 0.0355197
0.953125 1.03491 0.0349125 0.0350639
0.953125 1.03491 0.0349125 0.0350639
0.96875 1.03458 0.0345796 0.0347346
0.96875 1.03458 0.0345796 0.0347346
0.984375 1.03438 0.0343784 0.0345356
0.984375 1.03438 0.0343784 0.0345356
1 1.03431 0.0343111 0.034469
