# x y topography analytical topography
0 1.01347 0.0134718 0.0136927
0.015625 1.01377 0.0137673 0.0139844
0.015625 1.01377 0.0137673 0.0139844
0.03125 1.01464 0.0146404 0.0148455
0.03125 1.01464 0.0146404 0.0148455
0.046875 1.01605 0.0160515 0.0162354
0.046875 1.01605 0.0160515 0.0162354
0.0625 1.01794 0.0179385 0.0180917
0.0625 1.01794 0.0179385 0.0180917
0.078125 1.02022 0.020223 0.0203377
0.078125 1.02022 0.020223 0.0203377
0.09375 1.02282 0.0228175 0.0228902
0.09375 1.02282 0.0228175 0.0228902
0.109375 1.02563 0.0256346 0.0256664
0.109375 1.02563 0.0256346 0.0256664
0.125 1.02859 0.0285941 0.0285903
0.125 1.02859 0.0285941 0.0285903
0.140625 1.03163 0.0316276 0.0315958
0.140625 1.03163 0.0316276 0.0315958
0.15625 1.03468 0.0346804 0.0346287
0.15625 1.03468 0.0346804 0.0346287
0.171875 1.03771 0.0377107 0.0376462
0.171875 1.03771 0.0377107 0.0376462
0.1875 1.04069 0.0406875 0.0406159
0.1875 1.04069 0.0406875 0.0406159
0.203125 1.04359 0.0435883 0.0435136
0.203125 1.04359 0.0435883 0.0435136
0.21875 1.0464 0.0463964 0.0463214
0.21875 1.0464 0.0463964 0.0463214
0.234375 1.0491 0.0490993 0.0490257
0.234375 1.0491 0.0490993 0.0490257
0.25 1.05169 0.0516873 0.0516164
0.25 1.05169 0.0516873 0.0516164
0.265625 1.05415 0.0541523 0.0540848
0.265625 1.05415 0.0541523 0.0540848
0.28125 1.05649 0.0564873 0.056424
0.28125 1.05649 0.0564873 0.056424
0.296875 1.05869 0.0586864 0.0586278
0.296875 1.05869 0.0586864 0.0586278
0.3125 1.06074 0.0607441 0.0606905
0.3125 1.06074 0.0607441 0.0606905
0.328125 1.06266 0.0626554 0.0626072
0.328125 1.06266 0.0626554 0.0626072
0.34375 1.06442 0.0644157 0.064373
0.34375 1.06442 0.0644157 0.064373
0.359375 1.06602 0.0660209 0.0659838
0.359375 1.06602 0.0660209 0.0659838
0.375 1.06747 0.0674673 0.0674356
0.375 1.06747 0.0674673 0.0674356
0.390625 1.06875 0.0687515 0.068725
0.390625 1.06875 0.0687515 0.068725
0.40625 1.06987 0.0698705 0.0698488
0.40625 1.06987 0.0698705 0.0698488
0.421875 1.07082 0.0708217 0.0708043
0.421875 1.07082 0.0708217 0.0708043
0.4375 1.0716 0.071603 0.0715893
0.4375 1.0716 0.071603 0.0715893
0.453125 1.07221 0.0722125 0.0722017
0.453125 1.07221 0.0722125 0.0722017
0.46875 1.07265 0.0726489 0.0726403
0.46875 1.07265 0.0726489 0.0726403
0.484375 1.07291 0.0729111 0.0729038
0.484375 1.07291 0.0729111 0.0729038
0.5 1.073 0.0729986 0.0729918
0.5 1.073 0.0729986 0.0729918
0.515625 1.07291 0.0729111 0.0729038
0.515625 1.07291 0.0729111 0.0729038
0.53125 1.07265 0.0726489 0.0726403
0.53125 1.07265 0.0726489 0.0726403
0.546875 1.07221 0.0722125 0.0722017
0.546875 1.07221 0.0722125 0.0722017
0.5625 1.0716 0.071603 0.0715893
0.5625 1.0716 0.071603 0.0715893
0.578125 1.07082 0.0708217 0.0708043
0.578125 1.07082 0.0708217 0.0708043
0.59375 1.06987 0.0698705 0.0698488
0.59375 1.06987 0.0698705 0.0698488
0.609375 1.06875 0.0687515 0.068725
0.609375 1.06875 0.0687515 0.068725
0.625 1.06747 0.0674673 0.0674356
0.625 1.06747 0.0674673 0.0674356
0.640625 1.06602 0.0660209 0.0659838
0.640625 1.06602 0.0660209 0.0659838
0.65625 1.06442 0.0644157 0.064373
0.65625 1.06442 0.0644157 0.064373
0.671875 1.06266 0.0626554 0.0626072
0.671875 1.06266 0.0626554 0.0626072
0.6875 1.06074 0.0607441 0.0606905
0.6875 1.06074 0.0607441 0.0606905
0.703125 1.05869 0.0586864 0.0586278
0.703125 1.05869 0.0586864 0.0586278
0.71875 1.05649 0.0564873 0.056424
0.71875 1.05649 0.0564873 0.056424
0.734375 1.05415 0.0541523 0.0540848
0.734375 1.05415 0.0541523 0.0540848
0.75 1.05169 0.0516873 0.0516164
0.75 1.05169 0.0516873 0.0516164
0.765625 1.0491 0.0490993 0.0490257
0.765625 1.0491 0.0490993 0.0490257
0.78125 1.0464 0.0463964 0.0463214
0.78125 1.0464 0.0463964 0.0463214
0.796875 1.04359 0.0435883 0.0435136
0.796875 1.04359 0.0435883 0.0435136
0.8125 1.04069 0.0406875 0.0406159
0.8125 1.04069 0.0406875 0.0406159
0.828125 1.03771 0.0377107 0.0376462
0.828125 1.03771 0.0377107 0.0376462
0.84375 1.03468 0.0346804 0.0346287
0.84375 1.03468 0.0346804 0.0346287
0.859375 1.03163 0.0316276 0.0315958
0.859375 1.03163 0.0316276 0.0315958
0.875 1.02859 0.0285941 0.0285903
0.875 1.02859 0.0285941 0.0285903
0.890625 1.02563 0.0256346 0.0256664
0.890625 1.02563 0.0256346 0.0256664
0.90625 1.02282 0.0228175 0.0228902
0.90625 1.02282 0.0228175 0.0228902
0.921875 1.02022 0.020223 0.0203377
0.921875 1.02022 0.020223 0.0203377
0.9375 1.01794 0.0179385 0.0180917
0.9375 1.01794 0.0179385 0.0180917
0.953125 1.01605 0.0160515 0.0162354
0.953125 1.01605 0.0160515 0.0162354
0.96875 1.01464 0.0146404 0.0148455
0.96875 1.01464 0.0146404 0.0148455
0.984375 1.01377 0.0137673 0.0139844
0.984375 1.01377 0.0137673 0.0139844
1 1.01347 0.0134718 0.0136927
