# x y topography analytical topography
0 1.03103 0.0310315 0.0312129
0.015625 1.03112 0.0311182 0.0312987
0.015625 1.03112 0.0311182 0.0312987
0.03125 1.03138 0.0313772 0.0315552
0.03125 1.03138 0.0313772 0.0315552
0.046875 1.03181 0.0318055 0.0319791
0.046875 1.03181 0.0318055 0.0319791
0.0625 1.0324 0.0323978 0.0325652
0.0625 1.0324 0.0323978 0.0325652
0.078125 1.03315 0.033147 0.0333061
0.078125 1.03315 0.033147 0.0333061
0.09375 1.03404 0.0340442 0.0341929
0.09375 1.03404 0.0340442 0.0341929
0.109375 1.03508 0.0350786 0.0352147
0.109375 1.03508 0.0350786 0.0352147
0.125 1.03624 0.0362381 0.0363593
0.125 1.03624 0.0362381 0.0363593
0.140625 1.03751 0.037509 0.0376132
0.140625 1.03751 0.037509 0.0376132
0.15625 1.03888 0.0388765 0.038962
0.15625 1.03888 0.0388765 0.038962
0.171875 1.04032 0.040325 0.0403903
0.171875 1.04032 0.040325 0.0403903
0.1875 1.04184 0.0418382 0.0418823
0.1875 1.04184 0.0418382 0.0418823
0.203125 1.0434 0.0433993 0.0434219
0.203125 1.0434 0.0433993 0.0434219
0.21875 1.04499 0.0449916 0.0449928
0.21875 1.04499 0.0449916 0.0449928
0.234375 1.0466 0.0465982 0.0465788
0.234375 1.0466 0.0465982 0.0465788
0.25 1.0482 0.0482029 0.0481641
0.25 1.0482 0.0482029 0.0481641
0.265625 1.04979 0.0497897 0.0497335
0.265625 1.04979 0.0497897 0.0497335
0.28125 1.05134 0.0513436 0.051272
0.28125 1.05134 0.0513436 0.051272
0.296875 1.05285 0.0528503 0.0527657
0.296875 1.05285 0.0528503 0.0527657
0.3125 1.0543 0.0542964 0.0542014
0.3125 1.0543 0.0542964 0.0542014
0.328125 1.05567 0.0556698 0.0555668
0.328125 1.05567 0.0556698 0.0555668
0.34375 1.05696 0.0569592 0.0568507
0.34375 1.05696 0.0569592 0.0568507
0.359375 1.05815 0.0581546 0.0580428
0.359375 1.05815 0.0581546 0.0580428
0.375 1.05925 0.059247 0.0591338
0.375 1.05925 0.059247 0.0591338
0.390625 1.06023 0.0602286 0.0601154
0.390625 1.06023 0.0602286 0.0601154
0.40625 1.06109 0.0610926 0.0609804
0.40625 1.06109 0.0610926 0.0609804
0.421875 1.06183 0.0618331 0.0617227
0.421875 1.06183 0.0618331 0.0617227
0.4375 1.06245 0.0624454 0.0623371
0.4375 1.06245 0.0624454 0.0623371
0.453125 1.06293 0.0629256 0.0628192
0.453125 1.06293 0.0629256 0.0628192
0.46875 1.06327 0.0632706 0.0631659
0.46875 1.06327 0.0632706 0.0631659
0.484375 1.06348 0.0634785 0.0633749
0.484375 1.06348 0.0634785 0.0633749
0.5 1.06355 0.0635479 0.0634447
0.5 1.06355 0.0635479 0.0634447
0.515625 1.06348 0.0634785 0.0633749
0.515625 1.06348 0.0634785 0.0633749
0.53125 1.06327 0.0632706 0.0631659
0.53125 1.06327 0.0632706 0.0631659
0.546875 1.06293 0.0629256 0.0628192
0.546875 1.06293 0.0629256 0.0628192
0.5625 1.06245 0.0624454 0.0623371
0.5625 1.06245 0.0624454 0.0623371
0.578125 1.06183 0.0618331 0.0617227
0.578125 1.06183 0.0618331 0.0617227
0.59375 1.06109 0.0610926 0.0609804
0.59375 1.06109 0.0610926 0.0609804
0.609375 1.06023 0.0602286 0.0601154
0.609375 1.06023 0.0602286 0.0601154
0.625 1.05925 0.059247 0.0591338
0.625 1.05925 0.059247 0.0591338
0.640625 1.05815 0.0581546 0.0580428
0.640625 1.05815 0.0581546 0.0580428
0.65625 1.05696 0.0569592 0.0568507
0.65625 1.05696 0.0569592 0.0568507
0.671875 1.05567 0.0556698 0.0555668
0.671875 1.05567 0.0556698 0.0555668
0.6875 1.0543 0.0542964 0.0542014
0.6875 1.0543 0.0542964 0.0542014
0.703125 1.05285 0.0528503 0.0527657
0.703125 1.05285 0.0528503 0.0527657
0.71875 1.05134 0.0513436 0.051272
0.71875 1.05134 0.0513436 0.051272
0.734375 1.04979 0.0497897 0.0497335
0.734375 1.04979 0.0497897 0.0497335
0.75 1.0482 0.0482029 0.0481641
0.75 1.0482 0.0482029 0.0481641
0.765625 1.0466 0.0465982 0.0465788
0.765625 1.0466 0.0465982 0.0465788
0.78125 1.04499 0.0449916 0.0449928
0.78125 1.04499 0.0449916 0.0449928
0.796875 1.0434 0.0433993 0.0434219
0.796875 1.0434 0.0433993 0.0434219
0.8125 1.04184 0.0418382 0.0418823
0.8125 1.04184 0.0418382 0.0418823
0.828125 1.04032 0.040325 0.0403903
0.828125 1.04032 0.040325 0.0403903
0.84375 1.03888 0.0388765 0.038962
0.84375 1.03888 0.0388765 0.038962
0.859375 1.03751 0.037509 0.0376132
0.859375 1.03751 0.037509 0.0376132
0.875 1.03624 0.0362381 0.0363593
0.875 1.03624 0.0362381 0.0363593
0.890625 1.03508 0.0350786 0.0352147
0.890625 1.03508 0.0350786 0.0352147
0.90625 1.03404 0.0340442 0.0341929
0.90625 1.03404 0.0340442 0.0341929
0.921875 1.03315 0.033147 0.0333061
0.921875 1.03315 0.033147 0.0333061
0.9375 1.0324 0.0323978 0.0325652
0.9375 1.0324 0.0323978 0.0325652
0.953125 1.03181 0.0318055 0.0319791
0.953125 1.03181 0.0318055 0.0319791
0.96875 1.03138 0.0313772 0.0315552
0.96875 1.03138 0.0313772 0.0315552
0.984375 1.03112 0.0311182 0.0312987
0.984375 1.03112 0.0311182 0.0312987
1 1.03103 0.0310315 0.0312129
