# x y topography analytical topography
0 1.03277 0.0327747 0.0329441
0.015625 1.03285 0.0328508 0.0330195
0.015625 1.03285 0.0328508 0.0330195
0.03125 1.03308 0.0330783 0.0332446
0.03125 1.03308 0.0330783 0.0332446
0.046875 1.03345 0.0334545 0.0336169
0.046875 1.03345 0.0334545 0.0336169
0.0625 1.03398 0.0339753 0.034132
0.0625 1.03398 0.0339753 0.034132
0.078125 1.03463 0.0346346 0.0347839
0.078125 1.03463 0.0346346 0.0347839
0.09375 1.03543 0.0354251 0.035565
0.09375 1.03543 0.0354251 0.035565
0.109375 1.03634 0.0363378 0.0364665
0.109375 1.03634 0.0363378 0.0364665
0.125 1.03736 0.0373625 0.0374781
0.125 1.03736 0.0373625 0.0374781
0.140625 1.03849 0.0384876 0.0385884
0.140625 1.03849 0.0384876 0.0385884
0.15625 1.0397 0.0397008 0.0397852
0.15625 1.0397 0.0397008 0.0397852
0.171875 1.04099 0.0409888 0.0410555
0.171875 1.04099 0.0409888 0.0410555
0.1875 1.04234 0.0423375 0.0423857
0.1875 1.04234 0.0423375 0.0423857
0.203125 1.04373 0.0437326 0.0437616
0.203125 1.04373 0.0437326 0.0437616
0.21875 1.04516 0.0451595 0.0451692
0.21875 1.04516 0.0451595 0.0451692
0.234375 1.0466 0.0466033 0.0465942
0.234375 1.0466 0.0466033 0.0465942
0.25 1.04805 0.0480495 0.0480224
0.25 1.04805 0.0480495 0.0480224
0.265625 1.04948 0.0494839 0.0494401
0.265625 1.04948 0.0494839 0.0494401
0.28125 1.05089 0.0508926 0.0508336
0.28125 1.05089 0.0508926 0.0508336
0.296875 1.05226 0.0522626 0.0521902
0.296875 1.05226 0.0522626 0.0521902
0.3125 1.05358 0.0535813 0.0534976
0.3125 1.05358 0.0535813 0.0534976
0.328125 1.05484 0.0548371 0.0547441
0.328125 1.05484 0.0548371 0.0547441
0.34375 1.05602 0.0560192 0.0559189
0.34375 1.05602 0.0560192 0.0559189
0.359375 1.05712 0.0571179 0.0570122
0.359375 1.05712 0.0571179 0.0570122
0.375 1.05812 0.0581243 0.0580149
0.375 1.05812 0.0581243 0.0580149
0.390625 1.05903 0.0590305 0.0589188
0.390625 1.05903 0.0590305 0.0589188
0.40625 1.05983 0.0598296 0.0597167
0.40625 1.05983 0.0598296 0.0597167
0.421875 1.06052 0.0605156 0.0604025
0.421875 1.06052 0.0605156 0.0604025
0.4375 1.06108 0.0610836 0.0609707
0.4375 1.06108 0.0610836 0.0609707
0.453125 1.06153 0.0615296 0.0614172
0.453125 1.06153 0.0615296 0.0614172
0.46875 1.06185 0.0618503 0.0617385
0.46875 1.06185 0.0618503 0.0617385
0.484375 1.06204 0.0620436 0.0619322
0.484375 1.06204 0.0620436 0.0619322
0.5 1.06211 0.0621082 0.0619969
0.5 1.06211 0.0621082 0.0619969
0.515625 1.06204 0.0620436 0.0619322
0.515625 1.06204 0.0620436 0.0619322
0.53125 1.06185 0.0618503 0.0617385
0.53125 1.06185 0.0618503 0.0617385
0.546875 1.06153 0.0615296 0.0614172
0.546875 1.06153 0.0615296 0.0614172
0.5625 1.06108 0.0610836 0.0609707
0.5625 1.06108 0.0610836 0.0609707
0.578125 1.06052 0.0605156 0.0604025
0.578125 1.06052 0.0605156 0.0604025
0.59375 1.05983 0.0598296 0.0597167
0.59375 1.05983 0.0598296 0.0597167
0.609375 1.05903 0.0590305 0.0589188
0.609375 1.05903 0.0590305 0.0589188
0.625 1.05812 0.0581243 0.0580149
0.625 1.05812 0.0581243 0.0580149
0.640625 1.05712 0.0571179 0.0570122
0.640625 1.05712 0.0571179 0.0570122
0.65625 1.05602 0.0560192 0.0559189
0.65625 1.05602 0.0560192 0.0559189
0.671875 1.05484 0.0548371 0.0547441
0.671875 1.05484 0.0548371 0.0547441
0.6875 1.05358 0.0535813 0.0534976
0.6875 1.05358 0.0535813 0.0534976
0.703125 1.05226 0.0522626 0.0521902
0.703125 1.05226 0.0522626 0.0521902
0.71875 1.05089 0.0508926 0.0508336
0.71875 1.05089 0.0508926 0.0508336
0.734375 1.04948 0.0494839 0.0494401
0.734375 1.04948 0.0494839 0.0494401
0.75 1.04805 0.0480495 0.0480224
0.75 1.04805 0.0480495 0.0480224
0.765625 1.0466 0.0466033 0.0465942
0.765625 1.0466 0.0466033 0.0465942
0.78125 1.04516 0.0451595 0.0451692
0.78125 1.04516 0.0451595 0.0451692
0.796875 1.04373 0.0437326 0.0437616
0.796875 1.04373 0.0437326 0.0437616
0.8125 1.04234 0.0423375 0.0423857
0.8125 1.04234 0.0423375 0.0423857
0.828125 1.04099 0.0409888 0.0410555
0.828125 1.04099 0.0409888 0.0410555
0.84375 1.0397 0.0397008 0.0397852
0.84375 1.0397 0.0397008 0.0397852
0.859375 1.03849 0.0384876 0.0385884
0.859375 1.03849 0.0384876 0.0385884
0.875 1.03736 0.0373625 0.0374781
0.875 1.03736 0.0373625 0.0374781
0.890625 1.03634 0.0363378 0.0364665
0.890625 1.03634 0.0363378 0.0364665
0.90625 1.03543 0.0354251 0.035565
0.90625 1.03543 0.0354251 0.035565
0.921875 1.03463 0.0346346 0.0347839
0.921875 1.03463 0.0346346 0.0347839
0.9375 1.03398 0.0339753 0.034132
0.9375 1.03398 0.0339753 0.034132
0.953125 1.03345 0.0334545 0.0336169
0.953125 1.03345 0.0334545 0.0336169
0.96875 1.03308 0.0330783 0.0332446
0.96875 1.03308 0.0330783 0.0332446
0.984375 1.03285 0.0328508 0.0330195
0.984375 1.03285 0.0328508 0.0330195
1 1.03277 0.0327747 0.0329441
