# x y topography analytical topography
0 1.00862 0.00862123 0.00885177
0.015625 1.00911 0.00910723 0.00932049
0.015625 1.00911 0.00910723 0.00932049
0.03125 1.01051 0.0105101 0.0106758
0.03125 1.01051 0.0105101 0.0106758
0.046875 1.01268 0.0126789 0.01278
0.046875 1.01268 0.0126789 0.01278
0.0625 1.01541 0.0154077 0.015447
0.0625 1.01541 0.0154077 0.015447
0.078125 1.01849 0.0184905 0.0184856
0.078125 1.01849 0.0184905 0.0184856
0.09375 1.02176 0.0217609 0.0217326
0.09375 1.02176 0.0217609 0.0217326
0.109375 1.0251 0.0251046 0.025068
0.109375 1.0251 0.0251046 0.025068
0.125 1.02845 0.0284507 0.0284135
0.125 1.02845 0.0284507 0.0284135
0.140625 1.03176 0.0317579 0.0317222
0.140625 1.03176 0.0317579 0.0317222
0.15625 1.035 0.0350016 0.0349673
0.15625 1.035 0.0350016 0.0349673
0.171875 1.03817 0.0381663 0.0381327
0.171875 1.03817 0.0381663 0.0381327
0.1875 1.04124 0.0412411 0.0412079
0.1875 1.04124 0.0412411 0.0412079
0.203125 1.04422 0.0442172 0.0441842
0.203125 1.04422 0.0442172 0.0441842
0.21875 1.04709 0.0470867 0.0470541
0.21875 1.04709 0.0470867 0.0470541
0.234375 1.04984 0.0498425 0.0498108
0.234375 1.04984 0.0498425 0.0498108
0.25 1.05248 0.052478 0.0524474
0.25 1.05248 0.052478 0.0524474
0.265625 1.05499 0.0549869 0.0549577
0.265625 1.05499 0.0549869 0.0549577
0.28125 1.05736 0.057363 0.0573356
0.28125 1.05736 0.057363 0.0573356
0.296875 1.0596 0.0596007 0.0595754
0.296875 1.0596 0.0596007 0.0595754
0.3125 1.06169 0.0616946 0.0616716
0.3125 1.06169 0.0616946 0.0616716
0.328125 1.06364 0.0636399 0.0636193
0.328125 1.06364 0.0636399 0.0636193
0.34375 1.06543 0.0654318 0.0654137
0.34375 1.06543 0.0654318 0.0654137
0.359375 1.06707 0.0670661 0.0670506
0.359375 1.06707 0.0670661 0.0670506
0.375 1.06854 0.0685389 0.0685259
0.375 1.06854 0.0685389 0.0685259
0.390625 1.06985 0.0698467 0.0698361
0.390625 1.06985 0.0698467 0.0698361
0.40625 1.07099 0.0709865 0.070978
0.40625 1.07099 0.0709865 0.070978
0.421875 1.07196 0.0719555 0.071949
0.421875 1.07196 0.0719555 0.071949
0.4375 1.07275 0.0727514 0.0727467
0.4375 1.07275 0.0727514 0.0727467
0.453125 1.07337 0.0733725 0.0733691
0.453125 1.07337 0.0733725 0.0733691
0.46875 1.07382 0.0738171 0.0738147
0.46875 1.07382 0.0738171 0.0738147
0.484375 1.07408 0.0740843 0.0740825
0.484375 1.07408 0.0740843 0.0740825
0.5 1.07417 0.0741734 0.0741719
0.5 1.07417 0.0741734 0.0741719
0.515625 1.07408 0.0740843 0.0740825
0.515625 1.07408 0.0740843 0.0740825
0.53125 1.07382 0.0738171 0.0738147
0.53125 1.07382 0.0738171 0.0738147
0.546875 1.07337 0.0733725 0.0733691
0.546875 1.07337 0.0733725 0.0733691
0.5625 1.07275 0.0727514 0.0727467
0.5625 1.07275 0.0727514 0.0727467
0.578125 1.07196 0.0719555 0.071949
0.578125 1.07196 0.0719555 0.071949
0.59375 1.07099 0.0709865 0.070978
0.59375 1.07099 0.0709865 0.070978
0.609375 1.06985 0.0698467 0.0698361
0.609375 1.06985 0.0698467 0.0698361
0.625 1.06854 0.0685389 0.0685259
0.625 1.06854 0.0685389 0.0685259
0.640625 1.06707 0.0670661 0.0670506
0.640625 1.06707 0.0670661 0.0670506
0.65625 1.06543 0.0654318 0.0654137
0.65625 1.06543 0.0654318 0.0654137
0.671875 1.06364 0.0636399 0.0636193
0.671875 1.06364 0.0636399 0.0636193
0.6875 1.06169 0.0616946 0.0616716
0.6875 1.06169 0.0616946 0.0616716
0.703125 1.0596 0.0596007 0.0595754
0.703125 1.0596 0.0596007 0.0595754
0.71875 1.05736 0.057363 0.0573356
0.71875 1.05736 0.057363 0.0573356
0.734375 1.05499 0.0549869 0.0549577
0.734375 1.05499 0.0549869 0.0549577
0.75 1.05248 0.052478 0.0524474
0.75 1.05248 0.052478 0.0524474
0.765625 1.04984 0.0498425 0.0498108
0.765625 1.04984 0.0498425 0.0498108
0.78125 1.04709 0.0470867 0.0470541
0.78125 1.04709 0.0470867 0.0470541
0.796875 1.04422 0.0442172 0.0441842
0.796875 1.04422 0.0442172 0.0441842
0.8125 1.04124 0.0412411 0.0412079
0.8125 1.04124 0.0412411 0.0412079
0.828125 1.03817 0.0381663 0.0381327
0.828125 1.03817 0.0381663 0.0381327
0.84375 1.035 0.0350016 0.0349673
0.84375 1.035 0.0350016 0.0349673
0.859375 1.03176 0.0317579 0.0317222
0.859375 1.03176 0.0317579 0.0317222
0.875 1.02845 0.0284507 0.0284135
0.875 1.02845 0.0284507 0.0284135
0.890625 1.0251 0.0251046 0.025068
0.890625 1.0251 0.0251046 0.025068
0.90625 1.02176 0.0217609 0.0217326
0.90625 1.02176 0.0217609 0.0217326
0.921875 1.01849 0.0184905 0.0184856
0.921875 1.01849 0.0184905 0.0184856
0.9375 1.01541 0.0154077 0.015447
0.9375 1.01541 0.0154077 0.015447
0.953125 1.01268 0.0126789 0.01278
0.953125 1.01268 0.0126789 0.01278
0.96875 1.01051 0.0105101 0.0106758
0.96875 1.01051 0.0105101 0.0106758
0.984375 1.00911 0.00910723 0.00932049
0.984375 1.00911 0.00910723 0.00932049
1 1.00862 0.00862123 0.00885177
