# x y topography analytical topography
0 1.02428 0.0242798 0.0244928
0.015625 1.02442 0.0244165 0.0246285
0.015625 1.02442 0.0244165 0.0246285
0.03125 1.02482 0.0248244 0.0250331
0.03125 1.02482 0.0248244 0.0250331
0.046875 1.0255 0.0254966 0.0256996
0.046875 1.0255 0.0254966 0.0256996
0.0625 1.02642 0.0264222 0.0266163
0.0625 1.02642 0.0264222 0.0266163
0.078125 1.02759 0.0275857 0.0277675
0.078125 1.02759 0.0275857 0.0277675
0.09375 1.02897 0.0289684 0.0291338
0.09375 1.02897 0.0289684 0.0291338
0.109375 1.03055 0.030548 0.030693
0.109375 1.03055 0.030548 0.030693
0.125 1.0323 0.0322998 0.0324205
0.125 1.0323 0.0322998 0.0324205
0.140625 1.0342 0.034197 0.0342904
0.140625 1.0342 0.034197 0.0342904
0.15625 1.03621 0.0362118 0.0362755
0.15625 1.03621 0.0362118 0.0362755
0.171875 1.03832 0.0383156 0.0383487
0.171875 1.03832 0.0383156 0.0383487
0.1875 1.04048 0.0404804 0.0404831
0.1875 1.04048 0.0404804 0.0404831
0.203125 1.04268 0.0426789 0.0426528
0.203125 1.04268 0.0426789 0.0426528
0.21875 1.04489 0.0448853 0.0448332
0.21875 1.04489 0.0448853 0.0448332
0.234375 1.04708 0.0470757 0.0470012
0.234375 1.04708 0.0470757 0.0470012
0.25 1.04923 0.0492282 0.0491355
0.25 1.04923 0.0492282 0.0491355
0.265625 1.05132 0.0513232 0.0512168
0.265625 1.05132 0.0513232 0.0512168
0.28125 1.05334 0.0533433 0.0532278
0.28125 1.05334 0.0533433 0.0532278
0.296875 1.05527 0.0552734 0.0551531
0.296875 1.05527 0.0552734 0.0551531
0.3125 1.0571 0.0571005 0.0569791
0.3125 1.0571 0.0571005 0.0569791
0.328125 1.05881 0.0588134 0.0586942
0.328125 1.05881 0.0588134 0.0586942
0.34375 1.0604 0.0604026 0.0602882
0.34375 1.0604 0.0604026 0.0602882
0.359375 1.06186 0.0618601 0.0617523
0.359375 1.06186 0.0618601 0.0617523
0.375 1.06318 0.0631792 0.0630794
0.375 1.06318 0.0631792 0.0630794
0.390625 1.06435 0.0643543 0.0642631
0.390625 1.06435 0.0643543 0.0642631
0.40625 1.06538 0.065381 0.0652984
0.40625 1.06538 0.065381 0.0652984
0.421875 1.06626 0.0662555 0.0661809
0.421875 1.06626 0.0662555 0.0661809
0.4375 1.06697 0.0669748 0.0669074
0.4375 1.06697 0.0669748 0.0669074
0.453125 1.06754 0.0675365 0.0674751
0.453125 1.06754 0.0675365 0.0674751
0.46875 1.06794 0.0679389 0.067882
0.46875 1.06794 0.0679389 0.067882
0.484375 1.06818 0.0681809 0.0681266
0.484375 1.06818 0.0681809 0.0681266
0.5 1.06826 0.0682616 0.0682083
0.5 1.06826 0.0682616 0.0682083
0.515625 1.06818 0.0681809 0.0681266
0.515625 1.06818 0.0681809 0.0681266
0.53125 1.06794 0.0679389 0.067882
0.53125 1.06794 0.0679389 0.067882
0.546875 1.06754 0.0675365 0.0674751
0.546875 1.06754 0.0675365 0.0674751
0.5625 1.06697 0.0669748 0.0669074
0.5625 1.06697 0.0669748 0.0669074
0.578125 1.06626 0.0662555 0.0661809
0.578125 1.06626 0.0662555 0.0661809
0.59375 1.06538 0.065381 0.0652984
0.59375 1.06538 0.065381 0.0652984
0.609375 1.06435 0.0643543 0.0642631
0.609375 1.06435 0.0643543 0.0642631
0.625 1.06318 0.0631792 0.0630794
0.625 1.06318 0.0631792 0.0630794
0.640625 1.06186 0.0618601 0.0617523
0.640625 1.06186 0.0618601 0.0617523
0.65625 1.0604 0.0604026 0.0602882
0.65625 1.0604 0.0604026 0.0602882
0.671875 1.05881 0.0588134 0.0586942
0.671875 1.05881 0.0588134 0.0586942
0.6875 1.0571 0.0571005 0.0569791
0.6875 1.0571 0.0571005 0.0569791
0.703125 1.05527 0.0552734 0.0551531
0.703125 1.05527 0.0552734 0.0551531
0.71875 1.05334 0.0533433 0.0532278
0.71875 1.05334 0.0533433 0.0532278
0.734375 1.05132 0.0513232 0.0512168
0.734375 1.05132 0.0513232 0.0512168
0.75 1.04923 0.0492282 0.0491355
0.75 1.04923 0.0492282 0.0491355
0.765625 1.04708 0.0470757 0.0470012
0.765625 1.04708 0.0470757 0.0470012
0.78125 1.04489 0.0448853 0.0448332
0.78125 1.04489 0.0448853 0.0448332
0.796875 1.04268 0.0426789 0.0426528
0.796875 1.04268 0.0426789 0.0426528
0.8125 1.04048 0.0404804 0.0404831
0.8125 1.04048 0.0404804 0.0404831
0.828125 1.03832 0.0383156 0.0383487
0.828125 1.03832 0.0383156 0.0383487
0.84375 1.03621 0.0362118 0.0362755
0.84375 1.03621 0.0362118 0.0362755
0.859375 1.0342 0.034197 0.0342904
0.859375 1.0342 0.034197 0.0342904
0.875 1.0323 0.0322998 0.0324205
0.875 1.0323 0.0322998 0.0324205
0.890625 1.03055 0.030548 0.030693
0.890625 1.03055 0.030548 0.030693
0.90625 1.02897 0.0289684 0.0291338
0.90625 1.02897 0.0289684 0.0291338
0.921875 1.02759 0.0275857 0.0277675
0.921875 1.02759 0.0275857 0.0277675
0.9375 1.02642 0.0264222 0.0266163
0.9375 1.02642 0.0264222 0.0266163
0.953125 1.0255 0.0254966 0.0256996
0.953125 1.0255 0.0254966 0.0256996
0.96875 1.02482 0.0248244 0.0250331
0.96875 1.02482 0.0248244 0.0250331
0.984375 1.02442 0.0244165 0.0246285
0.984375 1.02442 0.0244165 0.0246285
1 1.02428 0.0242798 0.0244928
