# x y topography analytical topography
0 1.02742 0.0274234 0.0276246
0.015625 1.02753 0.0275346 0.0277349
0.015625 1.02753 0.0275346 0.0277349
0.03125 1.02787 0.0278668 0.0280641
0.03125 1.02787 0.0278668 0.0280641
0.046875 1.02842 0.0284151 0.0286075
0.046875 1.02842 0.0284151 0.0286075
0.0625 1.02917 0.029172 0.0293569
0.0625 1.02917 0.029172 0.0293569
0.078125 1.03013 0.0301269 0.0303016
0.078125 1.03013 0.0301269 0.0303016
0.09375 1.03127 0.0312666 0.0314282
0.09375 1.03127 0.0312666 0.0314282
0.109375 1.03258 0.0325754 0.0327208
0.109375 1.03258 0.0325754 0.0327208
0.125 1.03404 0.0340357 0.0341617
0.125 1.03404 0.0340357 0.0341617
0.140625 1.03563 0.0356278 0.0357318
0.140625 1.03563 0.0356278 0.0357318
0.15625 1.03733 0.0373311 0.0374108
0.15625 1.03733 0.0373311 0.0374108
0.171875 1.03912 0.0391238 0.0391777
0.171875 1.03912 0.0391238 0.0391777
0.1875 1.04098 0.0409839 0.0410112
0.1875 1.04098 0.0409839 0.0410112
0.203125 1.04289 0.0428892 0.0428902
0.203125 1.04289 0.0428892 0.0428902
0.21875 1.04482 0.044818 0.044794
0.21875 1.04482 0.044818 0.044794
0.234375 1.04675 0.0467495 0.0467023
0.234375 1.04675 0.0467495 0.0467023
0.25 1.04866 0.0486637 0.0485961
0.25 1.04866 0.0486637 0.0485961
0.265625 1.05054 0.0505421 0.0504573
0.265625 1.05054 0.0505421 0.0504573
0.28125 1.05237 0.0523675 0.0522691
0.28125 1.05237 0.0523675 0.0522691
0.296875 1.05412 0.0541244 0.054016
0.296875 1.05412 0.0541244 0.054016
0.3125 1.0558 0.0557987 0.055684
0.3125 1.0558 0.0557987 0.055684
0.328125 1.05738 0.0573781 0.0572603
0.328125 1.05738 0.0573781 0.0572603
0.34375 1.05885 0.0588516 0.0587335
0.34375 1.05885 0.0588516 0.0587335
0.359375 1.06021 0.0602097 0.0600938
0.359375 1.06021 0.0602097 0.0600938
0.375 1.06144 0.0614442 0.0613322
0.375 1.06144 0.0614442 0.0613322
0.390625 1.06255 0.0625482 0.0624414
0.390625 1.06255 0.0625482 0.0624414
0.40625 1.06352 0.0635157 0.0634148
0.40625 1.06352 0.0635157 0.0634148
0.421875 1.06434 0.064342 0.0642471
0.421875 1.06434 0.064342 0.0642471
0.4375 1.06502 0.0650232 0.0649338
0.4375 1.06502 0.0650232 0.0649338
0.453125 1.06556 0.065556 0.0654715
0.453125 1.06556 0.065556 0.0654715
0.46875 1.06594 0.0659382 0.0658574
0.46875 1.06594 0.0659382 0.0658574
0.484375 1.06617 0.0661682 0.0660897
0.484375 1.06617 0.0661682 0.0660897
0.5 1.06624 0.066245 0.0661672
0.5 1.06624 0.066245 0.0661672
0.515625 1.06617 0.0661682 0.0660897
0.515625 1.06617 0.0661682 0.0660897
0.53125 1.06594 0.0659382 0.0658574
0.53125 1.06594 0.0659382 0.0658574
0.546875 1.06556 0.065556 0.0654715
0.546875 1.06556 0.065556 0.0654715
0.5625 1.06502 0.0650232 0.0649338
0.5625 1.06502 0.0650232 0.0649338
0.578125 1.06434 0.064342 0.0642471
0.578125 1.06434 0.064342 0.0642471
0.59375 1.06352 0.0635157 0.0634148
0.59375 1.06352 0.0635157 0.0634148
0.609375 1.06255 0.0625482 0.0624414
0.609375 1.06255 0.0625482 0.0624414
0.625 1.06144 0.0614442 0.0613322
0.625 1.06144 0.0614442 0.0613322
0.640625 1.06021 0.0602097 0.0600938
0.640625 1.06021 0.0602097 0.0600938
0.65625 1.05885 0.0588516 0.0587335
0.65625 1.05885 0.0588516 0.0587335
0.671875 1.05738 0.0573781 0.0572603
0.671875 1.05738 0.0573781 0.0572603
0.6875 1.0558 0.0557987 0.055684
0.6875 1.0558 0.0557987 0.055684
0.703125 1.05412 0.0541244 0.054016
0.703125 1.05412 0.0541244 0.054016
0.71875 1.05237 0.0523675 0.0522691
0.71875 1.05237 0.0523675 0.0522691
0.734375 1.05054 0.0505421 0.0504573
0.734375 1.05054 0.0505421 0.0504573
0.75 1.04866 0.0486637 0.0485961
0.75 1.04866 0.0486637 0.0485961
0.765625 1.04675 0.0467495 0.0467023
0.765625 1.04675 0.0467495 0.0467023
0.78125 1.04482 0.044818 0.044794
0.78125 1.04482 0.044818 0.044794
0.796875 1.04289 0.0428892 0.0428902
0.796875 1.04289 0.0428892 0.0428902
0.8125 1.04098 0.0409839 0.0410112
0.8125 1.04098 0.0409839 0.0410112
0.828125 1.03912 0.0391238 0.0391777
0.828125 1.03912 0.0391238 0.0391777
0.84375 1.03733 0.0373311 0.0374108
0.84375 1.03733 0.0373311 0.0374108
0.859375 1.03563 0.0356278 0.0357318
0.859375 1.03563 0.0356278 0.0357318
0.875 1.03404 0.0340357 0.0341617
0.875 1.03404 0.0340357 0.0341617
0.890625 1.03258 0.0325754 0.0327208
0.890625 1.03258 0.0325754 0.0327208
0.90625 1.03127 0.0312666 0.0314282
0.90625 1.03127 0.0312666 0.0314282
0.921875 1.03013 0.0301269 0.0303016
0.921875 1.03013 0.0301269 0.0303016
0.9375 1.02917 0.029172 0.0293569
0.9375 1.02917 0.029172 0.0293569
0.953125 1.02842 0.0284151 0.0286075
0.953125 1.02842 0.0284151 0.0286075
0.96875 1.02787 0.0278668 0.0280641
0.96875 1.02787 0.0278668 0.0280641
0.984375 1.02753 0.0275346 0.0277349
0.984375 1.02753 0.0275346 0.0277349
1 1.02742 0.0274234 0.0276246
