# x y topography analytical topography
0 1.03293 0.0329293 0.0330976
0.015625 1.033 0.0330045 0.0331721
0.015625 1.033 0.0330045 0.0331721
0.03125 1.03323 0.0332293 0.0333945
0.03125 1.03323 0.0332293 0.0333945
0.046875 1.0336 0.0336011 0.0337624
0.046875 1.0336 0.0336011 0.0337624
0.0625 1.03412 0.0341157 0.0342714
0.0625 1.03412 0.0341157 0.0342714
0.078125 1.03477 0.0347673 0.0349156
0.078125 1.03477 0.0347673 0.0349156
0.09375 1.03555 0.0355486 0.0356877
0.09375 1.03555 0.0355486 0.0356877
0.109375 1.03645 0.0364508 0.0365788
0.109375 1.03645 0.0364508 0.0365788
0.125 1.03746 0.0374638 0.0375788
0.125 1.03746 0.0374638 0.0375788
0.140625 1.03858 0.0385763 0.0386766
0.140625 1.03858 0.0385763 0.0386766
0.15625 1.03978 0.039776 0.0398602
0.15625 1.03978 0.039776 0.0398602
0.171875 1.04105 0.0410499 0.0411166
0.171875 1.04105 0.0410499 0.0411166
0.1875 1.04238 0.0423842 0.0424325
0.1875 1.04238 0.0423842 0.0424325
0.203125 1.04376 0.0437646 0.043794
0.203125 1.04376 0.0437646 0.043794
0.21875 1.04518 0.0451767 0.0451871
0.21875 1.04518 0.0451767 0.0451871
0.234375 1.04661 0.0466059 0.0465976
0.234375 1.04661 0.0466059 0.0465976
0.25 1.04804 0.0480379 0.0480117
0.25 1.04804 0.0480379 0.0480117
0.265625 1.04946 0.0494585 0.0494157
0.265625 1.04946 0.0494585 0.0494157
0.28125 1.05085 0.050854 0.050796
0.28125 1.05085 0.050854 0.050796
0.296875 1.05221 0.0522114 0.0521401
0.296875 1.05221 0.0522114 0.0521401
0.3125 1.05352 0.0535183 0.0534356
0.3125 1.05352 0.0535183 0.0534356
0.328125 1.05476 0.0547632 0.0546711
0.328125 1.05476 0.0547632 0.0546711
0.34375 1.05594 0.0559353 0.0558358
0.34375 1.05594 0.0559353 0.0558358
0.359375 1.05702 0.0570249 0.0569198
0.359375 1.05702 0.0570249 0.0569198
0.375 1.05802 0.0580231 0.0579142
0.375 1.05802 0.0580231 0.0579142
0.390625 1.05892 0.0589221 0.0588107
0.390625 1.05892 0.0589221 0.0588107
0.40625 1.05971 0.059715 0.0596023
0.40625 1.05971 0.059715 0.0596023
0.421875 1.0604 0.0603958 0.0602826
0.421875 1.0604 0.0603958 0.0602826
0.4375 1.06096 0.0609595 0.0608464
0.4375 1.06096 0.0609595 0.0608464
0.453125 1.0614 0.0614022 0.0612894
0.453125 1.0614 0.0614022 0.0612894
0.46875 1.06172 0.0617206 0.0616083
0.46875 1.06172 0.0617206 0.0616083
0.484375 1.06191 0.0619125 0.0618005
0.484375 1.06191 0.0619125 0.0618005
0.5 1.06198 0.0619766 0.0618648
0.5 1.06198 0.0619766 0.0618648
0.515625 1.06191 0.0619125 0.0618005
0.515625 1.06191 0.0619125 0.0618005
0.53125 1.06172 0.0617206 0.0616083
0.53125 1.06172 0.0617206 0.0616083
0.546875 1.0614 0.0614022 0.0612894
0.546875 1.0614 0.0614022 0.0612894
0.5625 1.06096 0.0609595 0.0608464
0.5625 1.06096 0.0609595 0.0608464
0.578125 1.0604 0.0603958 0.0602826
0.578125 1.0604 0.0603958 0.0602826
0.59375 1.05971 0.059715 0.0596023
0.59375 1.05971 0.059715 0.0596023
0.609375 1.05892 0.0589221 0.0588107
0.609375 1.05892 0.0589221 0.0588107
0.625 1.05802 0.0580231 0.0579142
0.625 1.05802 0.0580231 0.0579142
0.640625 1.05702 0.0570249 0.0569198
0.640625 1.05702 0.0570249 0.0569198
0.65625 1.05594 0.0559353 0.0558358
0.65625 1.05594 0.0559353 0.0558358
0.671875 1.05476 0.0547632 0.0546711
0.671875 1.05476 0.0547632 0.0546711
0.6875 1.05352 0.0535183 0.0534356
0.6875 1.05352 0.0535183 0.0534356
0.703125 1.05221 0.0522114 0.0521401
0.703125 1.05221 0.0522114 0.0521401
0.71875 1.05085 0.050854 0.050796
0.71875 1.05085 0.050854 0.050796
0.734375 1.04946 0.0494585 0.0494157
0.734375 1.04946 0.0494585 0.0494157
0.75 1.04804 0.0480379 0.0480117
0.75 1.04804 0.0480379 0.0480117
0.765625 1.04661 0.0466059 0.0465976
0.765625 1.04661 0.0466059 0.0465976
0.78125 1.04518 0.0451767 0.0451871
0.78125 1.04518 0.0451767 0.0451871
0.796875 1.04376 0.0437646 0.043794
0.796875 1.04376 0.0437646 0.043794
0.8125 1.04238 0.0423842 0.0424325
0.8125 1.04238 0.0423842 0.0424325
0.828125 1.04105 0.0410499 0.0411166
0.828125 1.04105 0.0410499 0.0411166
0.84375 1.03978 0.039776 0.0398602
0.84375 1.03978 0.039776 0.0398602
0.859375 1.03858 0.0385763 0.0386766
0.859375 1.03858 0.0385763 0.0386766
0.875 1.03746 0.0374638 0.0375788
0.875 1.03746 0.0374638 0.0375788
0.890625 1.03645 0.0364508 0.0365788
0.890625 1.03645 0.0364508 0.0365788
0.90625 1.03555 0.0355486 0.0356877
0.90625 1.03555 0.0355486 0.0356877
0.921875 1.03477 0.0347673 0.0349156
0.921875 1.03477 0.0347673 0.0349156
0.9375 1.03412 0.0341157 0.0342714
0.9375 1.03412 0.0341157 0.0342714
0.953125 1.0336 0.0336011 0.0337624
0.953125 1.0336 0.0336011 0.0337624
0.96875 1.03323 0.0332293 0.0333945
0.96875 1.03323 0.0332293 0.0333945
0.984375 1.033 0.0330045 0.0331721
0.984375 1.033 0.0330045 0.0331721
1 1.03293 0.0329293 0.0330976
