# x y topography analytical topography
0 1.03285 0.0328522 0.0330211
0.015625 1.03293 0.0329279 0.033096
0.015625 1.03293 0.0329279 0.033096
0.03125 1.03315 0.033154 0.0333198
0.03125 1.03315 0.033154 0.0333198
0.046875 1.03353 0.033528 0.0336899
0.046875 1.03353 0.033528 0.0336899
0.0625 1.03405 0.0340457 0.0342019
0.0625 1.03405 0.0340457 0.0342019
0.078125 1.0347 0.0347012 0.0348499
0.078125 1.0347 0.0347012 0.0348499
0.09375 1.03549 0.035487 0.0356265
0.09375 1.03549 0.035487 0.0356265
0.109375 1.03639 0.0363944 0.0365228
0.109375 1.03639 0.0363944 0.0365228
0.125 1.03741 0.0374132 0.0375286
0.125 1.03741 0.0374132 0.0375286
0.140625 1.03853 0.038532 0.0386326
0.140625 1.03853 0.038532 0.0386326
0.15625 1.03974 0.0397385 0.0398228
0.15625 1.03974 0.0397385 0.0398228
0.171875 1.04102 0.0410194 0.0410861
0.171875 1.04102 0.0410194 0.0410861
0.1875 1.04236 0.0423609 0.0424091
0.1875 1.04236 0.0423609 0.0424091
0.203125 1.04375 0.0437486 0.0437778
0.203125 1.04375 0.0437486 0.0437778
0.21875 1.04517 0.0451681 0.0451781
0.21875 1.04517 0.0451681 0.0451781
0.234375 1.0466 0.0466046 0.0465959
0.234375 1.0466 0.0466046 0.0465959
0.25 1.04804 0.0480436 0.048017
0.25 1.04804 0.0480436 0.048017
0.265625 1.04947 0.0494711 0.0494278
0.265625 1.04947 0.0494711 0.0494278
0.28125 1.05087 0.0508732 0.0508148
0.28125 1.05087 0.0508732 0.0508148
0.296875 1.05224 0.0522369 0.0521651
0.296875 1.05224 0.0522369 0.0521651
0.3125 1.05355 0.0535497 0.0534665
0.3125 1.05355 0.0535497 0.0534665
0.328125 1.0548 0.0548 0.0547075
0.328125 1.0548 0.0548 0.0547075
0.34375 1.05598 0.0559771 0.0558772
0.34375 1.05598 0.0559771 0.0558772
0.359375 1.05707 0.0570713 0.0569659
0.359375 1.05707 0.0570713 0.0569659
0.375 1.05807 0.0580736 0.0579644
0.375 1.05807 0.0580736 0.0579644
0.390625 1.05898 0.0589762 0.0588646
0.390625 1.05898 0.0589762 0.0588646
0.40625 1.05977 0.0597722 0.0596594
0.40625 1.05977 0.0597722 0.0596594
0.421875 1.06046 0.0604556 0.0603424
0.421875 1.06046 0.0604556 0.0603424
0.4375 1.06102 0.0610215 0.0609085
0.4375 1.06102 0.0610215 0.0609085
0.453125 1.06147 0.0614657 0.0613532
0.453125 1.06147 0.0614657 0.0613532
0.46875 1.06179 0.0617853 0.0616732
0.46875 1.06179 0.0617853 0.0616732
0.484375 1.06198 0.0619779 0.0618662
0.484375 1.06198 0.0619779 0.0618662
0.5 1.06204 0.0620423 0.0619307
0.5 1.06204 0.0620423 0.0619307
0.515625 1.06198 0.0619779 0.0618662
0.515625 1.06198 0.0619779 0.0618662
0.53125 1.06179 0.0617853 0.0616732
0.53125 1.06179 0.0617853 0.0616732
0.546875 1.06147 0.0614657 0.0613532
0.546875 1.06147 0.0614657 0.0613532
0.5625 1.06102 0.0610215 0.0609085
0.5625 1.06102 0.0610215 0.0609085
0.578125 1.06046 0.0604556 0.0603424
0.578125 1.06046 0.0604556 0.0603424
0.59375 1.05977 0.0597722 0.0596594
0.59375 1.05977 0.0597722 0.0596594
0.609375 1.05898 0.0589762 0.0588646
0.609375 1.05898 0.0589762 0.0588646
0.625 1.05807 0.0580736 0.0579644
0.625 1.05807 0.0580736 0.0579644
0.640625 1.05707 0.0570713 0.0569659
0.640625 1.05707 0.0570713 0.0569659
0.65625 1.05598 0.0559771 0.0558772
0.65625 1.05598 0.0559771 0.0558772
0.671875 1.0548 0.0548 0.0547075
0.671875 1.0548 0.0548 0.0547075
0.6875 1.05355 0.0535497 0.0534665
0.6875 1.05355 0.0535497 0.0534665
0.703125 1.05224 0.0522369 0.0521651
0.703125 1.05224 0.0522369 0.0521651
0.71875 1.05087 0.0508732 0.0508148
0.71875 1.05087 0.0508732 0.0508148
0.734375 1.04947 0.0494711 0.0494278
0.734375 1.04947 0.0494711 0.0494278
0.75 1.04804 0.0480436 0.048017
0.75 1.04804 0.0480436 0.048017
0.765625 1.0466 0.0466046 0.0465959
0.765625 1.0466 0.0466046 0.0465959
0.78125 1.04517 0.0451681 0.0451781
0.78125 1.04517 0.0451681 0.0451781
0.796875 1.04375 0.0437486 0.0437778
0.796875 1.04375 0.0437486 0.0437778
0.8125 1.04236 0.0423609 0.0424091
0.8125 1.04236 0.0423609 0.0424091
0.828125 1.04102 0.0410194 0.0410861
0.828125 1.04102 0.0410194 0.0410861
0.84375 1.03974 0.0397385 0.0398228
0.84375 1.03974 0.0397385 0.0398228
0.859375 1.03853 0.038532 0.0386326
0.859375 1.03853 0.038532 0.0386326
0.875 1.03741 0.0374132 0.0375286
0.875 1.03741 0.0374132 0.0375286
0.890625 1.03639 0.0363944 0.0365228
0.890625 1.03639 0.0363944 0.0365228
0.90625 1.03549 0.035487 0.0356265
0.90625 1.03549 0.035487 0.0356265
0.921875 1.0347 0.0347012 0.0348499
0.921875 1.0347 0.0347012 0.0348499
0.9375 1.03405 0.0340457 0.0342019
0.9375 1.03405 0.0340457 0.0342019
0.953125 1.03353 0.033528 0.0336899
0.953125 1.03353 0.033528 0.0336899
0.96875 1.03315 0.033154 0.0333198
0.96875 1.03315 0.033154 0.0333198
0.984375 1.03293 0.0329279 0.033096
0.984375 1.03293 0.0329279 0.033096
1 1.03285 0.0328522 0.0330211
