# x y topography analytical topography
0 1.02154 0.0215367 0.0217558
0.015625 1.0217 0.0217003 0.0219183
0.015625 1.0217 0.0217003 0.0219183
0.03125 1.02219 0.0221879 0.0224021
0.03125 1.02219 0.0221879 0.0224021
0.046875 1.02299 0.0229897 0.0231971
0.046875 1.02299 0.0229897 0.0231971
0.0625 1.02409 0.0240899 0.0242865
0.0625 1.02409 0.0240899 0.0242865
0.078125 1.02547 0.0254668 0.025648
0.078125 1.02547 0.0254668 0.025648
0.09375 1.02709 0.0270939 0.0272547
0.09375 1.02709 0.0270939 0.0272547
0.109375 1.02894 0.0289405 0.0290761
0.109375 1.02894 0.0289405 0.0290761
0.125 1.03097 0.0309731 0.0310793
0.125 1.03097 0.0309731 0.0310793
0.140625 1.03316 0.0331563 0.0332301
0.140625 1.03316 0.0331563 0.0332301
0.15625 1.03545 0.0354542 0.0354941
0.15625 1.03545 0.0354542 0.0354941
0.171875 1.03783 0.0378315 0.037838
0.171875 1.03783 0.0378315 0.037838
0.1875 1.04025 0.0402546 0.0402298
0.1875 1.04025 0.0402546 0.0402298
0.203125 1.04269 0.0426923 0.0426395
0.203125 1.04269 0.0426923 0.0426395
0.21875 1.04512 0.0451163 0.0450401
0.21875 1.04512 0.0451163 0.0450401
0.234375 1.0475 0.0475015 0.047407
0.234375 1.0475 0.0475015 0.047407
0.25 1.04983 0.0498262 0.0497187
0.25 1.04983 0.0498262 0.0497187
0.265625 1.05207 0.0520717 0.0519561
0.265625 1.05207 0.0520717 0.0519561
0.28125 1.05422 0.0542223 0.0541032
0.28125 1.05422 0.0542223 0.0541032
0.296875 1.05626 0.0562645 0.0561459
0.296875 1.05626 0.0562645 0.0561459
0.3125 1.05819 0.0581875 0.0580726
0.3125 1.05819 0.0581875 0.0580726
0.328125 1.05998 0.059982 0.0598732
0.328125 1.05998 0.059982 0.0598732
0.34375 1.06164 0.0616405 0.0615395
0.34375 1.06164 0.0616405 0.0615395
0.359375 1.06316 0.0631565 0.0630645
0.359375 1.06316 0.0631565 0.0630645
0.375 1.06452 0.064525 0.0644424
0.375 1.06452 0.064525 0.0644424
0.390625 1.06574 0.0657414 0.0656683
0.390625 1.06574 0.0657414 0.0656683
0.40625 1.0668 0.0668022 0.0667382
0.40625 1.0668 0.0668022 0.0667382
0.421875 1.0677 0.0677045 0.0676487
0.421875 1.0677 0.0677045 0.0676487
0.4375 1.06845 0.0684458 0.0683971
0.4375 1.06845 0.0684458 0.0683971
0.453125 1.06902 0.0690243 0.0689814
0.453125 1.06902 0.0690243 0.0689814
0.46875 1.06944 0.0694386 0.0693999
0.46875 1.06944 0.0694386 0.0693999
0.484375 1.06969 0.0696875 0.0696514
0.484375 1.06969 0.0696875 0.0696514
0.5 1.06977 0.0697705 0.0697353
0.5 1.06977 0.0697705 0.0697353
0.515625 1.06969 0.0696875 0.0696514
0.515625 1.06969 0.0696875 0.0696514
0.53125 1.06944 0.0694386 0.0693999
0.53125 1.06944 0.0694386 0.0693999
0.546875 1.06902 0.0690243 0.0689814
0.546875 1.06902 0.0690243 0.0689814
0.5625 1.06845 0.0684458 0.0683971
0.5625 1.06845 0.0684458 0.0683971
0.578125 1.0677 0.0677045 0.0676487
0.578125 1.0677 0.0677045 0.0676487
0.59375 1.0668 0.0668022 0.0667382
0.59375 1.0668 0.0668022 0.0667382
0.609375 1.06574 0.0657414 0.0656683
0.609375 1.06574 0.0657414 0.0656683
0.625 1.06452 0.064525 0.0644424
0.625 1.06452 0.064525 0.0644424
0.640625 1.06316 0.0631565 0.0630645
0.640625 1.06316 0.0631565 0.0630645
0.65625 1.06164 0.0616405 0.0615395
0.65625 1.06164 0.0616405 0.0615395
0.671875 1.05998 0.059982 0.0598732
0.671875 1.05998 0.059982 0.0598732
0.6875 1.05819 0.0581875 0.0580726
0.6875 1.05819 0.0581875 0.0580726
0.703125 1.05626 0.0562645 0.0561459
0.703125 1.05626 0.0562645 0.0561459
0.71875 1.05422 0.0542223 0.0541032
0.71875 1.05422 0.0542223 0.0541032
0.734375 1.05207 0.0520717 0.0519561
0.734375 1.05207 0.0520717 0.0519561
0.75 1.04983 0.0498262 0.0497187
0.75 1.04983 0.0498262 0.0497187
0.765625 1.0475 0.0475015 0.047407
0.765625 1.0475 0.0475015 0.047407
0.78125 1.04512 0.0451163 0.0450401
0.78125 1.04512 0.0451163 0.0450401
0.796875 1.04269 0.0426923 0.0426395
0.796875 1.04269 0.0426923 0.0426395
0.8125 1.04025 0.0402546 0.0402298
0.8125 1.04025 0.0402546 0.0402298
0.828125 1.03783 0.0378315 0.037838
0.828125 1.03783 0.0378315 0.037838
0.84375 1.03545 0.0354542 0.0354941
0.84375 1.03545 0.0354542 0.0354941
0.859375 1.03316 0.0331563 0.0332301
0.859375 1.03316 0.0331563 0.0332301
0.875 1.03097 0.0309731 0.0310793
0.875 1.03097 0.0309731 0.0310793
0.890625 1.02894 0.0289405 0.0290761
0.890625 1.02894 0.0289405 0.0290761
0.90625 1.02709 0.0270939 0.0272547
0.90625 1.02709 0.0270939 0.0272547
0.921875 1.02547 0.0254668 0.025648
0.921875 1.02547 0.0254668 0.025648
0.9375 1.02409 0.0240899 0.0242865
0.9375 1.02409 0.0240899 0.0242865
0.953125 1.02299 0.0229897 0.0231971
0.953125 1.02299 0.0229897 0.0231971
0.96875 1.02219 0.0221879 0.0224021
0.96875 1.02219 0.0221879 0.0224021
0.984375 1.0217 0.0217003 0.0219183
0.984375 1.0217 0.0217003 0.0219183
1 1.02154 0.0215367 0.0217558
