# x y topography analytical topography
0 1.02754 0.0275366 0.0277372
0.015625 1.02765 0.027647 0.0278467
0.015625 1.02765 0.027647 0.0278467
0.03125 1.02798 0.0279766 0.0281735
0.03125 1.02798 0.0279766 0.0281735
0.046875 1.02852 0.0285209 0.0287127
0.046875 1.02852 0.0285209 0.0287127
0.0625 1.02927 0.0292722 0.0294567
0.0625 1.02927 0.0292722 0.0294567
0.078125 1.03022 0.0302202 0.0303945
0.078125 1.03022 0.0302202 0.0303945
0.09375 1.03135 0.0313517 0.031513
0.09375 1.03135 0.0313517 0.031513
0.109375 1.03265 0.0326514 0.0327966
0.109375 1.03265 0.0326514 0.0327966
0.125 1.0341 0.0341017 0.0342277
0.125 1.0341 0.0341017 0.0342277
0.140625 1.03568 0.0356833 0.0357875
0.140625 1.03568 0.0356833 0.0357875
0.15625 1.03738 0.0373757 0.0374557
0.15625 1.03738 0.0373757 0.0374557
0.171875 1.03916 0.0391574 0.0392118
0.171875 1.03916 0.0391574 0.0392118
0.1875 1.04101 0.0410065 0.0410345
0.1875 1.04101 0.0410065 0.0410345
0.203125 1.0429 0.0429011 0.0429029
0.203125 1.0429 0.0429011 0.0429029
0.21875 1.04482 0.0448195 0.0447964
0.21875 1.04482 0.0448195 0.0447964
0.234375 1.04674 0.0467412 0.046695
0.234375 1.04674 0.0467412 0.046695
0.25 1.04865 0.0486462 0.0485795
0.25 1.04865 0.0486462 0.0485795
0.265625 1.05052 0.050516 0.0504321
0.265625 1.05052 0.050516 0.0504321
0.28125 1.05233 0.0523336 0.052236
0.28125 1.05233 0.0523336 0.052236
0.296875 1.05408 0.0540834 0.0539757
0.296875 1.05408 0.0540834 0.0539757
0.3125 1.05575 0.0557514 0.0556372
0.3125 1.05575 0.0557514 0.0556372
0.328125 1.05733 0.0573252 0.0572076
0.328125 1.05733 0.0573252 0.0572076
0.34375 1.05879 0.0587938 0.0586758
0.34375 1.05879 0.0587938 0.0586758
0.359375 1.06015 0.0601476 0.0600315
0.359375 1.06015 0.0601476 0.0600315
0.375 1.06138 0.0613784 0.0612661
0.375 1.06138 0.0613784 0.0612661
0.390625 1.06248 0.0624792 0.062372
0.390625 1.06248 0.0624792 0.062372
0.40625 1.06344 0.0634441 0.0633426
0.40625 1.06344 0.0634441 0.0633426
0.421875 1.06427 0.0642682 0.0641727
0.421875 1.06427 0.0642682 0.0641727
0.4375 1.06495 0.0649476 0.0648576
0.4375 1.06495 0.0649476 0.0648576
0.453125 1.06548 0.0654792 0.0653939
0.453125 1.06548 0.0654792 0.0653939
0.46875 1.06586 0.0658605 0.0657788
0.46875 1.06586 0.0658605 0.0657788
0.484375 1.06609 0.0660899 0.0660105
0.484375 1.06609 0.0660899 0.0660105
0.5 1.06617 0.0661665 0.0660879
0.5 1.06617 0.0661665 0.0660879
0.515625 1.06609 0.0660899 0.0660105
0.515625 1.06609 0.0660899 0.0660105
0.53125 1.06586 0.0658605 0.0657788
0.53125 1.06586 0.0658605 0.0657788
0.546875 1.06548 0.0654792 0.0653939
0.546875 1.06548 0.0654792 0.0653939
0.5625 1.06495 0.0649476 0.0648576
0.5625 1.06495 0.0649476 0.0648576
0.578125 1.06427 0.0642682 0.0641727
0.578125 1.06427 0.0642682 0.0641727
0.59375 1.06344 0.0634441 0.0633426
0.59375 1.06344 0.0634441 0.0633426
0.609375 1.06248 0.0624792 0.062372
0.609375 1.06248 0.0624792 0.062372
0.625 1.06138 0.0613784 0.0612661
0.625 1.06138 0.0613784 0.0612661
0.640625 1.06015 0.0601476 0.0600315
0.640625 1.06015 0.0601476 0.0600315
0.65625 1.05879 0.0587938 0.0586758
0.65625 1.05879 0.0587938 0.0586758
0.671875 1.05733 0.0573252 0.0572076
0.671875 1.05733 0.0573252 0.0572076
0.6875 1.05575 0.0557514 0.0556372
0.6875 1.05575 0.0557514 0.0556372
0.703125 1.05408 0.0540834 0.0539757
0.703125 1.05408 0.0540834 0.0539757
0.71875 1.05233 0.0523336 0.052236
0.71875 1.05233 0.0523336 0.052236
0.734375 1.05052 0.050516 0.0504321
0.734375 1.05052 0.050516 0.0504321
0.75 1.04865 0.0486462 0.0485795
0.75 1.04865 0.0486462 0.0485795
0.765625 1.04674 0.0467412 0.046695
0.765625 1.04674 0.0467412 0.046695
0.78125 1.04482 0.0448195 0.0447964
0.78125 1.04482 0.0448195 0.0447964
0.796875 1.0429 0.0429011 0.0429029
0.796875 1.0429 0.0429011 0.0429029
0.8125 1.04101 0.0410065 0.0410345
0.8125 1.04101 0.0410065 0.0410345
0.828125 1.03916 0.0391574 0.0392118
0.828125 1.03916 0.0391574 0.0392118
0.84375 1.03738 0.0373757 0.0374557
0.84375 1.03738 0.0373757 0.0374557
0.859375 1.03568 0.0356833 0.0357875
0.859375 1.03568 0.0356833 0.0357875
0.875 1.0341 0.0341017 0.0342277
0.875 1.0341 0.0341017 0.0342277
0.890625 1.03265 0.0326514 0.0327966
0.890625 1.03265 0.0326514 0.0327966
0.90625 1.03135 0.0313517 0.031513
0.90625 1.03135 0.0313517 0.031513
0.921875 1.03022 0.0302202 0.0303945
0.921875 1.03022 0.0302202 0.0303945
0.9375 1.02927 0.0292722 0.0294567
0.9375 1.02927 0.0292722 0.0294567
0.953125 1.02852 0.0285209 0.0287127
0.953125 1.02852 0.0285209 0.0287127
0.96875 1.02798 0.0279766 0.0281735
0.96875 1.02798 0.0279766 0.0281735
0.984375 1.02765 0.027647 0.0278467
0.984375 1.02765 0.027647 0.0278467
1 1.02754 0.0275366 0.0277372
