# x y topography analytical topography
0 1.02469 0.0246929 0.0249046
0.015625 1.02483 0.024826 0.0250367
0.015625 1.02483 0.024826 0.0250367
0.03125 1.02522 0.0252231 0.0254306
0.03125 1.02522 0.0252231 0.0254306
0.046875 1.02588 0.0258778 0.0260797
0.046875 1.02588 0.0258778 0.0260797
0.0625 1.02678 0.0267794 0.0269727
0.0625 1.02678 0.0267794 0.0269727
0.078125 1.02791 0.0279136 0.0280949
0.078125 1.02791 0.0279136 0.0280949
0.09375 1.02926 0.0292623 0.0294277
0.09375 1.02926 0.0292623 0.0294277
0.109375 1.0308 0.0308044 0.0309499
0.109375 1.0308 0.0308044 0.0309499
0.125 1.03252 0.0325161 0.0326381
0.125 1.03252 0.0325161 0.0326381
0.140625 1.03437 0.0343718 0.0344672
0.140625 1.03437 0.0343718 0.0344672
0.15625 1.03634 0.0363446 0.0364111
0.15625 1.03634 0.0363446 0.0364111
0.171875 1.03841 0.0384072 0.0384436
0.171875 1.03841 0.0384072 0.0384436
0.1875 1.04053 0.0405322 0.0405386
0.1875 1.04053 0.0405322 0.0405386
0.203125 1.04269 0.042693 0.0426708
0.203125 1.04269 0.042693 0.0426708
0.21875 1.04486 0.0448643 0.044816
0.21875 1.04486 0.0448643 0.044816
0.234375 1.04702 0.0470225 0.0469515
0.234375 1.04702 0.0470225 0.0469515
0.25 1.04915 0.0491459 0.0490562
0.25 1.04915 0.0491459 0.0490562
0.265625 1.05121 0.0512148 0.0511108
0.265625 1.05121 0.0512148 0.0511108
0.28125 1.05321 0.053212 0.0530981
0.28125 1.05321 0.053212 0.0530981
0.296875 1.05512 0.055122 0.0550025
0.296875 1.05512 0.055122 0.0550025
0.3125 1.05693 0.0569317 0.0568104
0.3125 1.05693 0.0569317 0.0568104
0.328125 1.05863 0.0586295 0.0585097
0.328125 1.05863 0.0586295 0.0585097
0.34375 1.06021 0.0602059 0.0600902
0.34375 1.06021 0.0602059 0.0600902
0.359375 1.06165 0.0616524 0.0615429
0.359375 1.06165 0.0616524 0.0615429
0.375 1.06296 0.0629623 0.0628603
0.375 1.06296 0.0629623 0.0628603
0.390625 1.06413 0.0641297 0.064036
0.390625 1.06413 0.0641297 0.064036
0.40625 1.06515 0.0651501 0.0650647
0.40625 1.06515 0.0651501 0.0650647
0.421875 1.06602 0.0660193 0.0659419
0.421875 1.06602 0.0660193 0.0659419
0.4375 1.06673 0.0667345 0.0666642
0.4375 1.06673 0.0667345 0.0666642
0.453125 1.06729 0.0672932 0.0672287
0.453125 1.06729 0.0672932 0.0672287
0.46875 1.06769 0.0676934 0.0676334
0.46875 1.06769 0.0676934 0.0676334
0.484375 1.06793 0.0679341 0.0678768
0.484375 1.06793 0.0679341 0.0678768
0.5 1.06801 0.0680144 0.067958
0.5 1.06801 0.0680144 0.067958
0.515625 1.06793 0.0679341 0.0678768
0.515625 1.06793 0.0679341 0.0678768
0.53125 1.06769 0.0676934 0.0676334
0.53125 1.06769 0.0676934 0.0676334
0.546875 1.06729 0.0672932 0.0672287
0.546875 1.06729 0.0672932 0.0672287
0.5625 1.06673 0.0667345 0.0666642
0.5625 1.06673 0.0667345 0.0666642
0.578125 1.06602 0.0660193 0.0659419
0.578125 1.06602 0.0660193 0.0659419
0.59375 1.06515 0.0651501 0.0650647
0.59375 1.06515 0.0651501 0.0650647
0.609375 1.06413 0.0641297 0.064036
0.609375 1.06413 0.0641297 0.064036
0.625 1.06296 0.0629623 0.0628603
0.625 1.06296 0.0629623 0.0628603
0.640625 1.06165 0.0616524 0.0615429
0.640625 1.06165 0.0616524 0.0615429
0.65625 1.06021 0.0602059 0.0600902
0.65625 1.06021 0.0602059 0.0600902
0.671875 1.05863 0.0586295 0.0585097
0.671875 1.05863 0.0586295 0.0585097
0.6875 1.05693 0.0569317 0.0568104
0.6875 1.05693 0.0569317 0.0568104
0.703125 1.05512 0.055122 0.0550025
0.703125 1.05512 0.055122 0.0550025
0.71875 1.05321 0.053212 0.0530981
0.71875 1.05321 0.053212 0.0530981
0.734375 1.05121 0.0512148 0.0511108
0.734375 1.05121 0.0512148 0.0511108
0.75 1.04915 0.0491459 0.0490562
0.75 1.04915 0.0491459 0.0490562
0.765625 1.04702 0.0470225 0.0469515
0.765625 1.04702 0.0470225 0.0469515
0.78125 1.04486 0.0448643 0.044816
0.78125 1.04486 0.0448643 0.044816
0.796875 1.04269 0.042693 0.0426708
0.796875 1.04269 0.042693 0.0426708
0.8125 1.04053 0.0405322 0.0405386
0.8125 1.04053 0.0405322 0.0405386
0.828125 1.03841 0.0384072 0.0384436
0.828125 1.03841 0.0384072 0.0384436
0.84375 1.03634 0.0363446 0.0364111
0.84375 1.03634 0.0363446 0.0364111
0.859375 1.03437 0.0343718 0.0344672
0.859375 1.03437 0.0343718 0.0344672
0.875 1.03252 0.0325161 0.0326381
0.875 1.03252 0.0325161 0.0326381
0.890625 1.0308 0.0308044 0.0309499
0.890625 1.0308 0.0308044 0.0309499
0.90625 1.02926 0.0292623 0.0294277
0.90625 1.02926 0.0292623 0.0294277
0.921875 1.02791 0.0279136 0.0280949
0.921875 1.02791 0.0279136 0.0280949
0.9375 1.02678 0.0267794 0.0269727
0.9375 1.02678 0.0267794 0.0269727
0.953125 1.02588 0.0258778 0.0260797
0.953125 1.02588 0.0258778 0.0260797
0.96875 1.02522 0.0252231 0.0254306
0.96875 1.02522 0.0252231 0.0254306
0.984375 1.02483 0.024826 0.0250367
0.984375 1.02483 0.024826 0.0250367
1 1.02469 0.0246929 0.0249046
