# x y z topography
0 0 1.00055 0.000548814
100 0 1.00072 0.000715189
0 100 1.00079 0.000791725
100 100 1.00053 0.000528895
100 0 1.00072 0.000715189
200 0 1.0006 0.000602763
100 100 1.00053 0.000528895
200 100 1.00057 0.000568045
200 0 1.0006 0.000602763
300 0 1.00054 0.000544883
200 100 1.00057 0.000568045
300 100 1.00093 0.000925597
300 0 1.00054 0.000544883
400 0 1.00042 0.000423655
300 100 1.00093 0.000925597
400 100 1.00007 7.10361e-05
400 0 1.00042 0.000423655
500 0 1.00065 0.000645894
400 100 1.00007 7.10361e-05
500 100 1.00009 8.71293e-05
500 0 1.00065 0.000645894
600 0 1.00044 0.000437587
500 100 1.00009 8.71293e-05
600 100 1.00002 2.02184e-05
600 0 1.00044 0.000437587
700 0 1.00089 0.000891773
600 100 1.00002 2.02184e-05
700 100 1.00083 0.00083262
700 0 1.00089 0.000891773
800 0 1.00096 0.000963663
700 100 1.00083 0.00083262
800 100 1.00078 0.000778157
800 0 1.00096 0.000963663
900 0 1.00038 0.000383442
800 100 1.00078 0.000778157
900 100 1.00087 0.000870012
0 100 1.00079 0.000791725
100 100 1.00053 0.000528895
0 200 1.00098 0.000978618
100 200 1.0008 0.000799159
100 100 1.00053 0.000528895
200 100 1.00057 0.000568045
100 200 1.0008 0.000799159
200 200 1.00046 0.000461479
200 100 1.00057 0.000568045
300 100 1.00093 0.000925597
200 200 1.00046 0.000461479
300 200 1.00178 0.00178053
300 100 1.00093 0.000925597
400 100 1.00007 7.10361e-05
300 200 1.00178 0.00178053
400 200 1.00112 0.00111827
400 100 1.00007 7.10361e-05
500 100 1.00009 8.71293e-05
400 200 1.00112 0.00111827
500 200 1.00164 0.00163992
500 100 1.00009 8.71293e-05
600 100 1.00002 2.02184e-05
500 200 1.00164 0.00163992
600 200 1.00114 0.00114335
600 100 1.00002 2.02184e-05
700 100 1.00083 0.00083262
600 200 1.00114 0.00114335
700 200 1.00194 0.00194467
700 100 1.00083 0.00083262
800 100 1.00078 0.000778157
700 200 1.00194 0.00194467
800 200 1.00152 0.00152185
800 100 1.00078 0.000778157
900 100 1.00087 0.000870012
800 200 1.00152 0.00152185
900 200 1.00041 0.000414662
0 200 1.00098 0.000978618
100 200 1.0008 0.000799159
0 300 1.00026 0.000264556
100 300 1.00177 0.00177423
100 200 1.0008 0.000799159
200 200 1.00046 0.000461479
100 300 1.00177 0.00177423
200 300 1.00146 0.00145615
200 200 1.00046 0.000461479
300 200 1.00178 0.00178053
200 300 1.00146 0.00145615
300 300 1.00157 0.00156843
300 200 1.00178 0.00178053
400 200 1.00112 0.00111827
300 300 1.00157 0.00156843
400 300 1.00102 0.00101879
400 200 1.00112 0.00111827
500 200 1.00164 0.00163992
400 300 1.00102 0.00101879
500 300 1.00262 0.00261764
500 200 1.00164 0.00163992
600 200 1.00114 0.00114335
500 300 1.00262 0.00261764
600 300 1.00261 0.0026121
600 200 1.00114 0.00114335
700 200 1.00194 0.00194467
600 300 1.00261 0.0026121
700 300 1.00262 0.00261693
700 200 1.00194 0.00194467
800 200 1.00152 0.00152185
700 300 1.00262 0.00261693
800 300 1.00294 0.00294375
800 200 1.00152 0.00152185
900 200 1.00041 0.000414662
800 300 1.00294 0.00294375
900 300 1.00068 0.00068182
0 300 1.00026 0.000264556
100 300 1.00177 0.00177423
0 400 1.00036 0.000359508
100 400 1.00244 0.00243703
100 300 1.00177 0.00177423
200 300 1.00146 0.00145615
100 400 1.00244 0.00243703
200 400 1.0027 0.00269763
200 300 1.00146 0.00145615
300 300 1.00157 0.00156843
200 400 1.0027 0.00269763
300 400 1.00206 0.00206023
300 300 1.00157 0.00156843
400 300 1.00102 0.00101879
300 400 1.00206 0.00206023
400 400 1.00267 0.00266677
400 300 1.00102 0.00101879
500 300 1.00262 0.00261764
400 400 1.00267 0.00266677
500 400 1.00267 0.00267064
500 300 1.00262 0.00261764
600 300 1.00261 0.0026121
500 400 1.00267 0.00267064
600 400 1.00221 0.00221038
600 300 1.00261 0.0026121
700 300 1.00262 0.00261693
600 400 1.00221 0.00221038
700 400 1.00313 0.00312893
700 300 1.00262 0.00261693
800 300 1.00294 0.00294375
700 400 1.00313 0.00312893
800 400 1.00332 0.00331543
800 300 1.00294 0.00294375
900 300 1.00068 0.00068182
800 400 1.00332 0.00331543
900 400 1.00036 0.000363711
0 400 1.00036 0.000359508
100 400 1.00244 0.00243703
0 500 1.00057 0.000570197
100 500 1.00344 0.0034386
100 400 1.00244 0.00243703
200 400 1.0027 0.00269763
100 500 1.00344 0.0034386
200 500 1.00399 0.00398837
200 400 1.0027 0.00269763
300 400 1.00206 0.00206023
200 500 1.00399 0.00398837
300 500 1.0031 0.00310204
300 400 1.00206 0.00206023
400 400 1.00267 0.00266677
300 500 1.0031 0.00310204
400 500 1.00321 0.00320888
400 400 1.00267 0.00266677
500 400 1.00267 0.00267064
400 500 1.00321 0.00320888
500 500 1.00316 0.00316131
500 400 1.00267 0.00267064
600 400 1.00221 0.00221038
500 500 1.00316 0.00316131
600 500 1.00365 0.00365311
600 400 1.00221 0.00221038
700 400 1.00313 0.00312893
600 500 1.00365 0.00365311
700 500 1.00325 0.00325329
700 400 1.00313 0.00312893
800 400 1.00332 0.00331543
700 500 1.00325 0.00325329
800 500 1.00347 0.00346631
800 400 1.00332 0.00331543
900 400 1.00036 0.000363711
800 500 1.00347 0.00346631
900 500 1.00024 0.000244426
0 500 1.00057 0.000570197
100 500 1.00344 0.0034386
0 600 1.00016 0.00015897
100 600 1.00411 0.00411038
100 500 1.00344 0.0034386
200 500 1.00399 0.00398837
100 600 1.00411 0.00411038
200 600 1.00466 0.00465633
200 500 1.00399 0.00398837
300 500 1.0031 0.00310204
200 600 1.00466 0.00465633
300 600 1.00414 0.00413818
300 500 1.0031 0.00310204
400 500 1.00321 0.00320888
300 600 1.00414 0.00413818
400 600 1.0042 0.00419658
400 500 1.00321 0.00320888
500 500 1.00316 0.00316131
400 600 1.0042 0.00419658
500 600 1.00437 0.00436873
500 500 1.00316 0.00316131
600 500 1.00365 0.00365311
500 600 1.00437 0.00436873
600 600 1.00482 0.00482099
600 500 1.00365 0.00365311
700 500 1.00325 0.00325329
600 600 1.00482 0.00482099
700 600 1.0041 0.0040971
700 500 1.00325 0.00325329
800 500 1.00347 0.00346631
700 600 1.0041 0.0040971
800 600 1.00484 0.00483794
800 500 1.00347 0.00346631
900 500 1.00024 0.000244426
800 600 1.00484 0.00483794
900 600 1.0001 9.60984e-05
0 600 1.00016 0.00015897
100 600 1.00411 0.00411038
0 700 1.00098 0.000976459
100 700 1.00447 0.00446865
100 600 1.00411 0.00411038
200 600 1.00466 0.00465633
100 700 1.00447 0.00446865
200 700 1.00498 0.00497676
200 600 1.00466 0.00465633
300 600 1.00414 0.00413818
200 700 1.00498 0.00497676
300 700 1.0056 0.00560485
300 600 1.00414 0.00413818
400 600 1.0042 0.00419658
300 700 1.0056 0.00560485
400 700 1.00574 0.00573926
400 600 1.0042 0.00419658
500 600 1.00437 0.00436873
400 700 1.00574 0.00573926
500 700 1.00504 0.00503919
500 600 1.00437 0.00436873
600 600 1.00482 0.00482099
500 700 1.00504 0.00503919
600 700 1.00528 0.00528281
600 600 1.00482 0.00482099
700 600 1.0041 0.0040971
600 700 1.00528 0.00528281
700 700 1.00512 0.0051202
700 600 1.0041 0.0040971
800 600 1.00484 0.00483794
700 700 1.00512 0.0051202
800 700 1.0053 0.00529614
800 600 1.00484 0.00483794
900 600 1.0001 9.60984e-05
800 700 1.0053 0.00529614
900 700 1.00012 0.000118728
0 700 1.00098 0.000976459
100 700 1.00447 0.00446865
0 800 1.00032 0.000317983
100 800 1.00541 0.00541426
100 700 1.00447 0.00446865
200 700 1.00498 0.00497676
100 800 1.00541 0.00541426
200 800 1.00506 0.00506415
200 700 1.00498 0.00497676
300 700 1.0056 0.00560485
200 800 1.00506 0.00506415
300 800 1.00569 0.00569247
300 700 1.0056 0.00560485
400 700 1.00574 0.00573926
300 800 1.00569 0.00569247
400 800 1.00557 0.0055666
400 700 1.00574 0.00573926
500 700 1.00504 0.00503919
400 800 1.00557 0.0055666
500 800 1.00627 0.00626539
500 700 1.00504 0.00503919
600 700 1.00528 0.00528281
500 800 1.00627 0.00626539
600 800 1.00652 0.00652325
600 700 1.00528 0.00528281
700 700 1.00512 0.0051202
600 800 1.00652 0.00652325
700 800 1.00609 0.00609394
700 700 1.00512 0.0051202
800 700 1.0053 0.00529614
700 800 1.00609 0.00609394
800 800 1.00658 0.00657595
800 700 1.0053 0.00529614
900 700 1.00012 0.000118728
800 800 1.00658 0.00657595
900 800 1.00093 0.000929296
0 800 1.00032 0.000317983
100 800 1.00541 0.00541426
0 900 1.00032 0.000318569
100 900 1.00667 0.00666741
100 800 1.00541 0.00541426
200 800 1.00506 0.00506415
100 900 1.00667 0.00666741
200 900 1.00613 0.0061318
200 800 1.00506 0.00506415
300 800 1.00569 0.00569247
200 900 1.00613 0.0061318
300 900 1.00672 0.00671633
300 800 1.00569 0.00569247
400 800 1.00557 0.0055666
300 900 1.00672 0.00671633
400 900 1.00629 0.00628941
400 800 1.00557 0.0055666
500 800 1.00627 0.00626539
400 900 1.00629 0.00628941
500 900 1.00618 0.00618319
500 800 1.00627 0.00626539
600 800 1.00652 0.00652325
500 900 1.00618 0.00618319
600 900 1.00659 0.00658651
600 800 1.00652 0.00652325
700 800 1.00609 0.00609394
600 900 1.00659 0.00658651
700 900 1.00702 0.00702011
700 800 1.00609 0.00609394
800 800 1.00658 0.00657595
700 900 1.00702 0.00702011
800 900 1.00783 0.00782894
800 800 1.00658 0.00657595
900 800 1.00093 0.000929296
800 900 1.00783 0.00782894
900 900 1 4.69548e-06
0 900 1.00032 0.000318569
100 900 1.00667 0.00666741
0 1000 1.00068 0.000677817
100 1000 1.00727 0.00727001
100 900 1.00667 0.00666741
200 900 1.00613 0.0061318
100 1000 1.00727 0.00727001
200 1000 1.00774 0.00773519
200 900 1.00613 0.0061318
300 900 1.00672 0.00671633
200 1000 1.00774 0.00773519
300 1000 1.00796 0.00796219
300 900 1.00672 0.00671633
400 900 1.00629 0.00628941
300 1000 1.00796 0.00796219
400 1000 1.00725 0.00724875
400 900 1.00629 0.00628941
500 900 1.00618 0.00618319
400 1000 1.00725 0.00724875
500 1000 1.00758 0.00757616
500 900 1.00618 0.00618319
600 900 1.00659 0.00658651
500 1000 1.00758 0.00757616
600 1000 1.00759 0.00759204
600 900 1.00659 0.00658651
700 900 1.00702 0.00702011
600 1000 1.00759 0.00759204
700 1000 1.00757 0.00757225
700 900 1.00702 0.00702011
800 900 1.00783 0.00782894
700 1000 1.00757 0.00757225
800 1000 1.00722 0.00722308
800 900 1.00783 0.00782894
900 900 1 4.69548e-06
800 1000 1.00722 0.00722308
900 1000 1.00095 0.000952749
0 1000 1.00068 0.000677817
100 1000 1.00727 0.00727001
0 1100 1.00045 0.000447125
100 1100 1.00885 0.00884641
100 1000 1.00727 0.00727001
200 1000 1.00774 0.00773519
100 1100 1.00885 0.00884641
200 1100 1.0087 0.00869948
200 1000 1.00774 0.00773519
300 1000 1.00796 0.00796219
200 1100 1.0087 0.00869948
300 1100 1.0083 0.00829744
300 1000 1.00796 0.00796219
400 1000 1.00725 0.00724875
300 1100 1.0083 0.00829744
400 1100 1.00881 0.0088138
400 1000 1.00725 0.00724875
500 1000 1.00758 0.00757616
400 1100 1.00881 0.0088138
500 1100 1.0084 0.00839651
500 1000 1.00758 0.00757616
600 1000 1.00759 0.00759204
500 1100 1.0084 0.00839651
600 1100 1.00888 0.0088811
600 1000 1.00759 0.00759204
700 1000 1.00757 0.00757225
600 1100 1.00888 0.0088811
700 1100 1.00858 0.00858127
700 1000 1.00757 0.00757225
800 1000 1.00722 0.00722308
700 1100 1.00858 0.00858127
800 1100 1.00888 0.00888174
800 1000 1.00722 0.00722308
900 1000 1.00095 0.000952749
800 1100 1.00888 0.00888174
900 1100 1.00069 0.000692532
0 1100 1.00045 0.000447125
100 1100 1.00885 0.00884641
0 1200 1.00073 0.000725254
100 1200 1.0085 0.00850132
100 1100 1.00885 0.00884641
200 1100 1.0087 0.00869948
100 1200 1.0085 0.00850132
200 1200 1.00896 0.00895608
200 1100 1.0087 0.00869948
300 1100 1.0083 0.00829744
200 1200 1.00896 0.00895608
300 1200 1.00964 0.00964399
300 1100 1.0083 0.00829744
400 1100 1.00881 0.0088138
300 1200 1.00964 0.00964399
400 1200 1.00942 0.00942386
400 1100 1.00881 0.0088138
500 1100 1.0084 0.00839651
400 1200 1.00942 0.00942386
500 1200 1.00961 0.00960639
500 1100 1.0084 0.00839651
600 1100 1.00888 0.0088811
500 1200 1.00961 0.00960639
600 1200 1.00902 0.00901919
600 1100 1.00888 0.0088811
700 1100 1.00858 0.00858127
600 1200 1.00902 0.00901919
700 1200 1.0093 0.00930157
700 1100 1.00858 0.00858127
800 1100 1.00888 0.00888174
700 1200 1.0093 0.00930157
800 1200 1.00966 0.00966017
800 1100 1.00888 0.00888174
900 1100 1.00069 0.000692532
800 1200 1.00966 0.00966017
900 1200 1.00029 0.000290078
0 1200 1.00073 0.000725254
100 1200 1.0085 0.00850132
0 1300 1.00062 0.000618015
100 1300 1.00943 0.00942877
100 1200 1.0085 0.00850132
200 1200 1.00896 0.00895608
100 1300 1.00943 0.00942877
200 1300 1.00914 0.00913547
200 1200 1.00896 0.00895608
300 1200 1.00964 0.00964399
200 1300 1.00914 0.00913547
300 1300 1.0093 0.00929828
300 1200 1.00964 0.00964399
400 1200 1.00942 0.00942386
300 1300 1.0093 0.00929828
400 1300 1.00957 0.00956996
400 1200 1.00942 0.00942386
500 1200 1.00961 0.00960639
400 1300 1.00957 0.00956996
500 1300 1.01059 0.0105909
500 1200 1.00961 0.00960639
600 1200 1.00902 0.00901919
500 1300 1.01059 0.0105909
600 1300 1.01057 0.0105743
600 1200 1.00902 0.00901919
700 1200 1.0093 0.00930157
600 1300 1.01057 0.0105743
700 1300 1.01065 0.0106532
700 1200 1.0093 0.00930157
800 1200 1.00966 0.00966017
700 1300 1.01065 0.0106532
800 1300 1.01065 0.0106521
800 1200 1.00966 0.00966017
900 1200 1.00029 0.000290078
800 1300 1.01065 0.0106521
900 1300 1.00043 0.000431418
0 1300 1.00062 0.000618015
100 1300 1.00943 0.00942877
0 1400 1.0009 0.000896547
100 1400 1.01037 0.0103676
100 1300 1.00943 0.00942877
200 1300 1.00914 0.00913547
100 1400 1.01037 0.0103676
200 1400 1.01044 0.0104359
200 1300 1.00914 0.00913547
300 1300 1.0093 0.00929828
200 1400 1.01044 0.0104359
300 1400 1.01089 0.0108919
300 1300 1.0093 0.00929828
400 1300 1.00957 0.00956996
300 1400 1.01089 0.0108919
400 1400 1.01081 0.0108062
400 1300 1.00957 0.00956996
500 1300 1.01059 0.0105909
400 1400 1.01081 0.0108062
500 1400 1.0107 0.0107039
500 1300 1.01059 0.0105909
600 1300 1.01057 0.0105743
500 1400 1.0107 0.0107039
600 1400 1.0101 0.0101002
600 1300 1.01057 0.0105743
700 1300 1.01065 0.0106532
600 1400 1.0101 0.0101002
700 1400 1.01192 0.0119195
700 1300 1.01065 0.0106532
800 1300 1.01065 0.0106521
700 1400 1.01192 0.0119195
800 1400 1.01171 0.0117142
800 1300 1.01065 0.0106521
900 1300 1.00043 0.000431418
800 1400 1.01171 0.0117142
900 1400 1.001 0.000998847
0 1400 1.0009 0.000896547
100 1400 1.01037 0.0103676
0 1500 1.00015 0.000149448
100 1500 1.01187 0.0118681
100 1400 1.01037 0.0103676
200 1400 1.01044 0.0104359
100 1500 1.01187 0.0118681
200 1500 1.01116 0.0111625
200 1400 1.01044 0.0104359
300 1400 1.01089 0.0108919
200 1500 1.01116 0.0111625
300 1500 1.01162 0.0116156
300 1400 1.01089 0.0108919
400 1400 1.01081 0.0108062
300 1500 1.01162 0.0116156
400 1500 1.01112 0.0111238
400 1400 1.01081 0.0108062
500 1400 1.0107 0.0107039
400 1500 1.01112 0.0111238
500 1500 1.01185 0.011848
500 1400 1.0107 0.0107039
600 1400 1.0101 0.0101002
500 1500 1.01185 0.011848
600 1500 1.01181 0.0118073
600 1400 1.0101 0.0101002
700 1400 1.01192 0.0119195
600 1500 1.01181 0.0118073
700 1500 1.01157 0.0115691
700 1400 1.01192 0.0119195
800 1400 1.01171 0.0117142
700 1500 1.01157 0.0115691
800 1500 1.01141 0.0114072
800 1400 1.01171 0.0117142
900 1400 1.001 0.000998847
800 1500 1.01141 0.0114072
900 1500 1.00007 6.9167e-05
0 1500 1.00015 0.000149448
100 1500 1.01187 0.0118681
0 1600 1.0007 0.000697429
100 1600 1.01245 0.0124535
100 1500 1.01187 0.0118681
200 1500 1.01116 0.0111625
100 1600 1.01245 0.0124535
200 1600 1.01272 0.0127221
200 1500 1.01116 0.0111625
300 1500 1.01162 0.0116156
200 1600 1.01272 0.0127221
300 1600 1.01287 0.0128664
300 1500 1.01162 0.0116156
400 1500 1.01112 0.0111238
300 1600 1.01287 0.0128664
400 1600 1.01298 0.0129755
400 1500 1.01112 0.0111238
500 1500 1.01185 0.011848
400 1600 1.01298 0.0129755
500 1600 1.01286 0.0128558
500 1500 1.01185 0.011848
600 1500 1.01181 0.0118073
500 1600 1.01286 0.0128558
600 1600 1.01201 0.0120117
600 1500 1.01181 0.0118073
700 1500 1.01157 0.0115691
600 1600 1.01201 0.0120117
700 1600 1.01236 0.01236
700 1500 1.01157 0.0115691
800 1500 1.01141 0.0114072
700 1600 1.01236 0.01236
800 1600 1.01273 0.01273
800 1500 1.01141 0.0114072
900 1500 1.00007 6.9167e-05
800 1600 1.01273 0.01273
900 1600 1.00017 0.00017163
0 1600 1.0007 0.000697429
100 1600 1.01245 0.0124535
0 1700 1.00052 0.000521037
100 1700 1.01205 0.0120543
100 1600 1.01245 0.0124535
200 1600 1.01272 0.0127221
100 1700 1.01205 0.0120543
200 1700 1.0122 0.0122
200 1600 1.01272 0.0127221
300 1600 1.01287 0.0128664
200 1700 1.0122 0.0122
300 1700 1.01302 0.0130185
300 1600 1.01287 0.0128664
400 1600 1.01298 0.0129755
300 1700 1.01302 0.0130185
400 1700 1.01379 0.0137937
400 1600 1.01298 0.0129755
500 1600 1.01286 0.0128558
400 1700 1.01379 0.0137937
500 1700 1.01322 0.0132239
500 1600 1.01286 0.0128558
600 1600 1.01201 0.0120117
500 1700 1.01322 0.0132239
600 1700 1.01335 0.0133454
600 1600 1.01201 0.0120117
700 1600 1.01236 0.01236
600 1700 1.01335 0.0133454
700 1700 1.01393 0.0139281
700 1600 1.01236 0.01236
800 1600 1.01273 0.01273
700 1700 1.01393 0.0139281
800 1700 1.0137 0.0137044
800 1600 1.01273 0.01273
900 1600 1.00017 0.00017163
800 1700 1.0137 0.0137044
900 1700 1.00003 3.18389e-05
0 1700 1.00052 0.000521037
100 1700 1.01205 0.0120543
0 1800 1.00016 0.000164694
100 1800 1.01362 0.0136215
100 1700 1.01205 0.0120543
200 1700 1.0122 0.0122
100 1800 1.01362 0.0136215
200 1800 1.01358 0.0135772
200 1700 1.0122 0.0122
300 1700 1.01302 0.0130185
200 1800 1.01358 0.0135772
300 1800 1.01324 0.0132379
300 1700 1.01302 0.0130185
400 1700 1.01379 0.0137937
300 1800 1.01324 0.0132379
400 1800 1.01393 0.0139342
400 1700 1.01379 0.0137937
500 1700 1.01322 0.0132239
400 1800 1.01393 0.0139342
500 1800 1.01461 0.014614
500 1700 1.01322 0.0132239
600 1700 1.01335 0.0133454
500 1800 1.01461 0.014614
600 1800 1.01454 0.0145356
600 1700 1.01335 0.0133454
700 1700 1.01393 0.0139281
600 1800 1.01454 0.0145356
700 1800 1.01459 0.0145899
700 1700 1.01393 0.0139281
800 1700 1.0137 0.0137044
700 1800 1.01459 0.0145899
800 1800 1.01473 0.0147301
800 1700 1.0137 0.0137044
900 1700 1.00003 3.18389e-05
800 1800 1.01473 0.0147301
900 1800 1.00031 0.000311945
0 1800 1.00016 0.000164694
100 1800 1.01362 0.0136215
0 1900 1.0004 0.000398221
100 1900 1.00021 0.000209844
100 1800 1.01362 0.0136215
200 1800 1.01358 0.0135772
100 1900 1.00021 0.000209844
200 1900 1.00019 0.000186193
200 1800 1.01358 0.0135772
300 1800 1.01324 0.0132379
200 1900 1.00019 0.000186193
300 1900 1.00094 0.000944372
300 1800 1.01324 0.0132379
400 1800 1.01393 0.0139342
300 1900 1.00094 0.000944372
400 1900 1.00074 0.000739551
400 1800 1.01393 0.0139342
500 1800 1.01461 0.014614
400 1900 1.00074 0.000739551
500 1900 1.00049 0.000490459
500 1800 1.01461 0.014614
600 1800 1.01454 0.0145356
500 1900 1.00049 0.000490459
600 1900 1.00023 0.000227415
600 1800 1.01454 0.0145356
700 1800 1.01459 0.0145899
600 1900 1.00023 0.000227415
700 1900 1.00025 0.000254356
700 1800 1.01459 0.0145899
800 1800 1.01473 0.0147301
700 1900 1.00025 0.000254356
800 1900 1.00006 5.80292e-05
800 1800 1.01473 0.0147301
900 1800 1.00031 0.000311945
800 1900 1.00006 5.80292e-05
900 1900 1.00043 0.000434417
