# x y topography
0 3.00838 0.00838483
0.046875 3.00903 0.00902514
0.046875 3.00903 0.00902514
0.09375 3.01051 0.0105087
0.09375 3.01051 0.0105087
0.140625 3.0127 0.0126969
0.140625 3.0127 0.0126969
0.1875 3.01541 0.0154108
0.1875 3.01541 0.0154108
0.234375 3.01847 0.0184707
0.234375 3.01847 0.0184707
0.28125 3.02172 0.0217245
0.28125 3.02172 0.0217245
0.328125 3.02506 0.02506
0.328125 3.02506 0.02506
0.375 3.0284 0.0284034
0.375 3.0284 0.0284034
0.421875 3.03171 0.0317097
0.421875 3.03171 0.0317097
0.46875 3.03495 0.0349528
0.46875 3.03495 0.0349528
0.515625 3.03812 0.0381166
0.515625 3.03812 0.0381166
0.5625 3.04119 0.0411903
0.5625 3.04119 0.0411903
0.609375 3.04417 0.0441653
0.609375 3.04417 0.0441653
0.65625 3.04703 0.047034
0.65625 3.04703 0.047034
0.703125 3.04979 0.0497895
0.703125 3.04979 0.0497895
0.75 3.05242 0.052425
0.75 3.05242 0.052425
0.796875 3.05493 0.0549342
0.796875 3.05493 0.0549342
0.84375 3.05731 0.0573111
0.84375 3.05731 0.0573111
0.890625 3.05955 0.0595499
0.890625 3.05955 0.0595499
0.9375 3.06165 0.0616453
0.9375 3.06165 0.0616453
0.984375 3.06359 0.0635921
0.984375 3.06359 0.0635921
1.03125 3.06539 0.0653858
1.03125 3.06539 0.0653858
1.07812 3.06702 0.0670219
1.07812 3.06702 0.0670219
1.125 3.0685 0.0684965
1.125 3.0685 0.0684965
1.17188 3.06981 0.0698062
1.17188 3.06981 0.0698062
1.21875 3.07095 0.0709477
1.21875 3.07095 0.0709477
1.26562 3.07192 0.0719182
1.26562 3.07192 0.0719182
1.3125 3.07272 0.0727155
1.3125 3.07272 0.0727155
1.35938 3.07334 0.0733377
1.35938 3.07334 0.0733377
1.40625 3.07378 0.0737831
1.40625 3.07378 0.0737831
1.45312 3.07405 0.0740508
1.45312 3.07405 0.0740508
1.5 3.07414 0.0741401
1.5 3.07414 0.0741401
1.54688 3.07405 0.0740508
1.54688 3.07405 0.0740508
1.59375 3.07378 0.0737831
1.59375 3.07378 0.0737831
1.64062 3.07334 0.0733377
1.64062 3.07334 0.0733377
1.6875 3.07272 0.0727155
1.6875 3.07272 0.0727155
1.73438 3.07192 0.0719182
1.73438 3.07192 0.0719182
1.78125 3.07095 0.0709477
1.78125 3.07095 0.0709477
1.82812 3.06981 0.0698062
1.82812 3.06981 0.0698062
1.875 3.0685 0.0684965
1.875 3.0685 0.0684965
1.92188 3.06702 0.0670219
1.92188 3.06702 0.0670219
1.96875 3.06539 0.0653858
1.96875 3.06539 0.0653858
2.01562 3.06359 0.0635921
2.01562 3.06359 0.0635921
2.0625 3.06165 0.0616453
2.0625 3.06165 0.0616453
2.10938 3.05955 0.0595499
2.10938 3.05955 0.0595499
2.15625 3.05731 0.0573111
2.15625 3.05731 0.0573111
2.20312 3.05493 0.0549342
2.20312 3.05493 0.0549342
2.25 3.05242 0.052425
2.25 3.05242 0.052425
2.29688 3.04979 0.0497895
2.29688 3.04979 0.0497895
2.34375 3.04703 0.047034
2.34375 3.04703 0.047034
2.39062 3.04417 0.0441653
2.39062 3.04417 0.0441653
2.4375 3.04119 0.0411903
2.4375 3.04119 0.0411903
2.48438 3.03812 0.0381166
2.48438 3.03812 0.0381166
2.53125 3.03495 0.0349528
2.53125 3.03495 0.0349528
2.57812 3.03171 0.0317097
2.57812 3.03171 0.0317097
2.625 3.0284 0.0284034
2.625 3.0284 0.0284034
2.67188 3.02506 0.02506
2.67188 3.02506 0.02506
2.71875 3.02172 0.0217245
2.71875 3.02172 0.0217245
2.76562 3.01847 0.0184707
2.76562 3.01847 0.0184707
2.8125 3.01541 0.0154108
2.8125 3.01541 0.0154108
2.85938 3.0127 0.0126969
2.85938 3.0127 0.0126969
2.90625 3.01051 0.0105087
2.90625 3.01051 0.0105087
2.95312 3.00903 0.00902514
2.95312 3.00903 0.00902514
3 3.00838 0.00838483
