# x y topography
0 3.0079 0.00790368
0.046875 3.00858 0.00857934
0.046875 3.00858 0.00857934
0.09375 3.01014 0.0101409
0.09375 3.01014 0.0101409
0.140625 3.01243 0.0124281
0.140625 3.01243 0.0124281
0.1875 3.01524 0.0152391
0.1875 3.01524 0.0152391
0.234375 3.01838 0.0183787
0.234375 3.01838 0.0183787
0.28125 3.02169 0.0216892
0.28125 3.02169 0.0216892
0.328125 3.02506 0.0250606
0.328125 3.02506 0.0250606
0.375 3.02842 0.028425
0.375 3.02842 0.028425
0.421875 3.03174 0.0317433
0.421875 3.03174 0.0317433
0.46875 3.03499 0.0349937
0.46875 3.03499 0.0349937
0.515625 3.03816 0.0381626
0.515625 3.03816 0.0381626
0.5625 3.04124 0.0412405
0.5625 3.04124 0.0412405
0.609375 3.04422 0.0442192
0.609375 3.04422 0.0442192
0.65625 3.04709 0.0470915
0.65625 3.04709 0.0470915
0.703125 3.04985 0.0498503
0.703125 3.04985 0.0498503
0.75 3.05249 0.052489
0.75 3.05249 0.052489
0.796875 3.055 0.0550013
0.796875 3.055 0.0550013
0.84375 3.05738 0.0573811
0.84375 3.05738 0.0573811
0.890625 3.05962 0.0596227
0.890625 3.05962 0.0596227
0.9375 3.06172 0.0617206
0.9375 3.06172 0.0617206
0.984375 3.06367 0.0636698
0.984375 3.06367 0.0636698
1.03125 3.06547 0.0654656
1.03125 3.06547 0.0654656
1.07812 3.0671 0.0671038
1.07812 3.0671 0.0671038
1.125 3.06858 0.0685802
1.125 3.06858 0.0685802
1.17188 3.06989 0.0698915
1.17188 3.06989 0.0698915
1.21875 3.07103 0.0710343
1.21875 3.07103 0.0710343
1.26562 3.07201 0.0720061
1.26562 3.07201 0.0720061
1.3125 3.0728 0.0728044
1.3125 3.0728 0.0728044
1.35938 3.07343 0.0734273
1.35938 3.07343 0.0734273
1.40625 3.07387 0.0738733
1.40625 3.07387 0.0738733
1.45312 3.07414 0.0741413
1.45312 3.07414 0.0741413
1.5 3.07423 0.0742307
1.5 3.07423 0.0742307
1.54688 3.07414 0.0741413
1.54688 3.07414 0.0741413
1.59375 3.07387 0.0738733
1.59375 3.07387 0.0738733
1.64062 3.07343 0.0734273
1.64062 3.07343 0.0734273
1.6875 3.0728 0.0728044
1.6875 3.0728 0.0728044
1.73438 3.07201 0.0720061
1.73438 3.07201 0.0720061
1.78125 3.07103 0.0710343
1.78125 3.07103 0.0710343
1.82812 3.06989 0.0698915
1.82812 3.06989 0.0698915
1.875 3.06858 0.0685802
1.875 3.06858 0.0685802
1.92188 3.0671 0.0671038
1.92188 3.0671 0.0671038
1.96875 3.06547 0.0654656
1.96875 3.06547 0.0654656
2.01562 3.06367 0.0636698
2.01562 3.06367 0.0636698
2.0625 3.06172 0.0617206
2.0625 3.06172 0.0617206
2.10938 3.05962 0.0596227
2.10938 3.05962 0.0596227
2.15625 3.05738 0.0573811
2.15625 3.05738 0.0573811
2.20312 3.055 0.0550013
2.20312 3.055 0.0550013
2.25 3.05249 0.052489
2.25 3.05249 0.052489
2.29688 3.04985 0.0498503
2.29688 3.04985 0.0498503
2.34375 3.04709 0.0470915
2.34375 3.04709 0.0470915
2.39062 3.04422 0.0442192
2.39062 3.04422 0.0442192
2.4375 3.04124 0.0412405
2.4375 3.04124 0.0412405
2.48438 3.03816 0.0381626
2.48438 3.03816 0.0381626
2.53125 3.03499 0.0349937
2.53125 3.03499 0.0349937
2.57812 3.03174 0.0317433
2.57812 3.03174 0.0317433
2.625 3.02842 0.028425
2.625 3.02842 0.028425
2.67188 3.02506 0.0250606
2.67188 3.02506 0.0250606
2.71875 3.02169 0.0216892
2.71875 3.02169 0.0216892
2.76562 3.01838 0.0183787
2.76562 3.01838 0.0183787
2.8125 3.01524 0.0152391
2.8125 3.01524 0.0152391
2.85938 3.01243 0.0124281
2.85938 3.01243 0.0124281
2.90625 3.01014 0.0101409
2.90625 3.01014 0.0101409
2.95312 3.00858 0.00857934
2.95312 3.00858 0.00857934
3 3.0079 0.00790368
