# x y topography
0 3.01119 0.0111852
0.046875 3.01167 0.0116741
0.046875 3.01167 0.0116741
0.09375 3.01281 0.0128122
0.09375 3.01281 0.0128122
0.140625 3.01453 0.0145335
0.140625 3.01453 0.0145335
0.1875 3.01674 0.0167445
0.1875 3.01674 0.0167445
0.234375 3.01934 0.0193382
0.234375 3.01934 0.0193382
0.28125 3.02221 0.0222066
0.28125 3.02221 0.0222066
0.328125 3.02525 0.0252517
0.328125 3.02525 0.0252517
0.375 3.02839 0.0283917
0.375 3.02839 0.0283917
0.421875 3.03156 0.0315624
0.421875 3.03156 0.0315624
0.46875 3.03472 0.0347167
0.46875 3.03472 0.0347167
0.515625 3.03782 0.0378212
0.515625 3.03782 0.0378212
0.5625 3.04085 0.0408527
0.5625 3.04085 0.0408527
0.609375 3.04379 0.0437949
0.609375 3.04379 0.0437949
0.65625 3.04664 0.0466359
0.65625 3.04664 0.0466359
0.703125 3.04937 0.0493666
0.703125 3.04937 0.0493666
0.75 3.05198 0.0519792
0.75 3.05198 0.0519792
0.796875 3.05447 0.0544669
0.796875 3.05447 0.0544669
0.84375 3.05682 0.0568234
0.84375 3.05682 0.0568234
0.890625 3.05904 0.0590432
0.890625 3.05904 0.0590432
0.9375 3.06112 0.0611207
0.9375 3.06112 0.0611207
0.984375 3.06305 0.063051
0.984375 3.06305 0.063051
1.03125 3.06483 0.0648294
1.03125 3.06483 0.0648294
1.07812 3.06645 0.0664516
1.07812 3.06645 0.0664516
1.125 3.06791 0.0679137
1.125 3.06791 0.0679137
1.17188 3.06921 0.0692122
1.17188 3.06921 0.0692122
1.21875 3.07034 0.070344
1.21875 3.07034 0.070344
1.26562 3.07131 0.0713063
1.26562 3.07131 0.0713063
1.3125 3.0721 0.0720968
1.3125 3.0721 0.0720968
1.35938 3.07271 0.0727136
1.35938 3.07271 0.0727136
1.40625 3.07316 0.0731553
1.40625 3.07316 0.0731553
1.45312 3.07342 0.0734207
1.45312 3.07342 0.0734207
1.5 3.07351 0.0735092
1.5 3.07351 0.0735092
1.54688 3.07342 0.0734207
1.54688 3.07342 0.0734207
1.59375 3.07316 0.0731553
1.59375 3.07316 0.0731553
1.64062 3.07271 0.0727136
1.64062 3.07271 0.0727136
1.6875 3.0721 0.0720968
1.6875 3.0721 0.0720968
1.73438 3.07131 0.0713063
1.73438 3.07131 0.0713063
1.78125 3.07034 0.070344
1.78125 3.07034 0.070344
1.82812 3.06921 0.0692122
1.82812 3.06921 0.0692122
1.875 3.06791 0.0679137
1.875 3.06791 0.0679137
1.92188 3.06645 0.0664516
1.92188 3.06645 0.0664516
1.96875 3.06483 0.0648294
1.96875 3.06483 0.0648294
2.01562 3.06305 0.063051
2.01562 3.06305 0.063051
2.0625 3.06112 0.0611207
2.0625 3.06112 0.0611207
2.10938 3.05904 0.0590432
2.10938 3.05904 0.0590432
2.15625 3.05682 0.0568234
2.15625 3.05682 0.0568234
2.20312 3.05447 0.0544669
2.20312 3.05447 0.0544669
2.25 3.05198 0.0519792
2.25 3.05198 0.0519792
2.29688 3.04937 0.0493666
2.29688 3.04937 0.0493666
2.34375 3.04664 0.0466359
2.34375 3.04664 0.0466359
2.39062 3.04379 0.0437949
2.39062 3.04379 0.0437949
2.4375 3.04085 0.0408527
2.4375 3.04085 0.0408527
2.48438 3.03782 0.0378212
2.48438 3.03782 0.0378212
2.53125 3.03472 0.0347167
2.53125 3.03472 0.0347167
2.57812 3.03156 0.0315624
2.57812 3.03156 0.0315624
2.625 3.02839 0.0283917
2.625 3.02839 0.0283917
2.67188 3.02525 0.0252517
2.67188 3.02525 0.0252517
2.71875 3.02221 0.0222066
2.71875 3.02221 0.0222066
2.76562 3.01934 0.0193382
2.76562 3.01934 0.0193382
2.8125 3.01674 0.0167445
2.8125 3.01674 0.0167445
2.85938 3.01453 0.0145335
2.85938 3.01453 0.0145335
2.90625 3.01281 0.0128122
2.90625 3.01281 0.0128122
2.95312 3.01167 0.0116741
2.95312 3.01167 0.0116741
3 3.01119 0.0111852
