# x y topography
0 3.00703 0.00703084
0.046875 3.00778 0.00778125
0.046875 3.00778 0.00778125
0.09375 3.0095 0.00950394
0.09375 3.0095 0.00950394
0.140625 3.01199 0.011987
0.140625 3.01199 0.011987
0.1875 3.01498 0.0149791
0.1875 3.01498 0.0149791
0.234375 3.01826 0.018256
0.234375 3.01826 0.018256
0.28125 3.02166 0.0216555
0.28125 3.02166 0.0216555
0.328125 3.02508 0.0250782
0.328125 3.02508 0.0250782
0.375 3.02847 0.0284701
0.375 3.02847 0.0284701
0.421875 3.0318 0.0318037
0.421875 3.0318 0.0318037
0.46875 3.03506 0.0350637
0.46875 3.03506 0.0350637
0.515625 3.03824 0.03824
0.515625 3.03824 0.03824
0.5625 3.04132 0.0413244
0.5625 3.04132 0.0413244
0.609375 3.04431 0.0443092
0.609375 3.04431 0.0443092
0.65625 3.04719 0.0471874
0.65625 3.04719 0.0471874
0.703125 3.04995 0.0499518
0.703125 3.04995 0.0499518
0.75 3.0526 0.0525959
0.75 3.0526 0.0525959
0.796875 3.05511 0.0551134
0.796875 3.05511 0.0551134
0.84375 3.0575 0.057498
0.84375 3.0575 0.057498
0.890625 3.05974 0.0597441
0.890625 3.05974 0.0597441
0.9375 3.06185 0.0618463
0.9375 3.06185 0.0618463
0.984375 3.0638 0.0637995
0.984375 3.0638 0.0637995
1.03125 3.0656 0.065599
1.03125 3.0656 0.065599
1.07812 3.06724 0.0672404
1.07812 3.06724 0.0672404
1.125 3.06872 0.0687199
1.125 3.06872 0.0687199
1.17188 3.07003 0.0700338
1.17188 3.07003 0.0700338
1.21875 3.07118 0.071179
1.21875 3.07118 0.071179
1.26562 3.07215 0.0721528
1.26562 3.07215 0.0721528
1.3125 3.07295 0.0729527
1.3125 3.07295 0.0729527
1.35938 3.07358 0.0735768
1.35938 3.07358 0.0735768
1.40625 3.07402 0.0740237
1.40625 3.07402 0.0740237
1.45312 3.07429 0.0742923
1.45312 3.07429 0.0742923
1.5 3.07438 0.0743819
1.5 3.07438 0.0743819
1.54688 3.07429 0.0742923
1.54688 3.07429 0.0742923
1.59375 3.07402 0.0740237
1.59375 3.07402 0.0740237
1.64062 3.07358 0.0735768
1.64062 3.07358 0.0735768
1.6875 3.07295 0.0729527
1.6875 3.07295 0.0729527
1.73438 3.07215 0.0721528
1.73438 3.07215 0.0721528
1.78125 3.07118 0.071179
1.78125 3.07118 0.071179
1.82812 3.07003 0.0700338
1.82812 3.07003 0.0700338
1.875 3.06872 0.0687199
1.875 3.06872 0.0687199
1.92188 3.06724 0.0672404
1.92188 3.06724 0.0672404
1.96875 3.0656 0.065599
1.96875 3.0656 0.065599
2.01562 3.0638 0.0637995
2.01562 3.0638 0.0637995
2.0625 3.06185 0.0618463
2.0625 3.06185 0.0618463
2.10938 3.05974 0.0597441
2.10938 3.05974 0.0597441
2.15625 3.0575 0.057498
2.15625 3.0575 0.057498
2.20312 3.05511 0.0551134
2.20312 3.05511 0.0551134
2.25 3.0526 0.0525959
2.25 3.0526 0.0525959
2.29688 3.04995 0.0499518
2.29688 3.04995 0.0499518
2.34375 3.04719 0.0471874
2.34375 3.04719 0.0471874
2.39062 3.04431 0.0443092
2.39062 3.04431 0.0443092
2.4375 3.04132 0.0413244
2.4375 3.04132 0.0413244
2.48438 3.03824 0.03824
2.48438 3.03824 0.03824
2.53125 3.03506 0.0350637
2.53125 3.03506 0.0350637
2.57812 3.0318 0.0318037
2.57812 3.0318 0.0318037
2.625 3.02847 0.0284701
2.625 3.02847 0.0284701
2.67188 3.02508 0.0250782
2.67188 3.02508 0.0250782
2.71875 3.02166 0.0216555
2.71875 3.02166 0.0216555
2.76562 3.01826 0.018256
2.76562 3.01826 0.018256
2.8125 3.01498 0.0149791
2.8125 3.01498 0.0149791
2.85938 3.01199 0.011987
2.85938 3.01199 0.011987
2.90625 3.0095 0.00950394
2.90625 3.0095 0.00950394
2.95312 3.00778 0.00778125
2.95312 3.00778 0.00778125
3 3.00703 0.00703084
