# x y topography
0 3.00185 0.00184796
0.046875 3.0039 0.00390219
0.046875 3.0039 0.00390219
0.09375 3.00736 0.00735607
0.09375 3.00736 0.00735607
0.140625 3.011 0.010996
0.140625 3.011 0.010996
0.1875 3.01462 0.0146199
0.1875 3.01462 0.0146199
0.234375 3.01821 0.0182087
0.234375 3.01821 0.0182087
0.28125 3.02175 0.0217536
0.28125 3.02175 0.0217536
0.328125 3.02525 0.0252462
0.328125 3.02525 0.0252462
0.375 3.02868 0.0286779
0.375 3.02868 0.0286779
0.421875 3.03204 0.0320405
0.421875 3.03204 0.0320405
0.46875 3.03533 0.035326
0.46875 3.03533 0.035326
0.515625 3.03853 0.0385263
0.515625 3.03853 0.0385263
0.5625 3.04163 0.0416339
0.5625 3.04163 0.0416339
0.609375 3.04464 0.0446411
0.609375 3.04464 0.0446411
0.65625 3.04754 0.0475408
0.65625 3.04754 0.0475408
0.703125 3.05033 0.0503259
0.703125 3.05033 0.0503259
0.75 3.05299 0.0529899
0.75 3.05299 0.0529899
0.796875 3.05553 0.0555261
0.796875 3.05553 0.0555261
0.84375 3.05793 0.0579286
0.84375 3.05793 0.0579286
0.890625 3.06019 0.0601915
0.890625 3.06019 0.0601915
0.9375 3.06231 0.0623095
0.9375 3.06231 0.0623095
0.984375 3.06428 0.0642773
0.984375 3.06428 0.0642773
1.03125 3.06609 0.0660903
1.03125 3.06609 0.0660903
1.07812 3.06774 0.067744
1.07812 3.06774 0.067744
1.125 3.06923 0.0692346
1.125 3.06923 0.0692346
1.17188 3.07056 0.0705583
1.17188 3.07056 0.0705583
1.21875 3.07171 0.0717121
1.21875 3.07171 0.0717121
1.26562 3.07269 0.0726931
1.26562 3.07269 0.0726931
1.3125 3.0735 0.073499
1.3125 3.0735 0.073499
1.35938 3.07413 0.0741279
1.35938 3.07413 0.0741279
1.40625 3.07458 0.0745781
1.40625 3.07458 0.0745781
1.45312 3.07485 0.0748487
1.45312 3.07485 0.0748487
1.5 3.07494 0.074939
1.5 3.07494 0.074939
1.54688 3.07485 0.0748487
1.54688 3.07485 0.0748487
1.59375 3.07458 0.0745781
1.59375 3.07458 0.0745781
1.64062 3.07413 0.0741279
1.64062 3.07413 0.0741279
1.6875 3.0735 0.073499
1.6875 3.0735 0.073499
1.73438 3.07269 0.0726931
1.73438 3.07269 0.0726931
1.78125 3.07171 0.0717121
1.78125 3.07171 0.0717121
1.82812 3.07056 0.0705583
1.82812 3.07056 0.0705583
1.875 3.06923 0.0692346
1.875 3.06923 0.0692346
1.92188 3.06774 0.067744
1.92188 3.06774 0.067744
1.96875 3.06609 0.0660903
1.96875 3.06609 0.0660903
2.01562 3.06428 0.0642773
2.01562 3.06428 0.0642773
2.0625 3.06231 0.0623095
2.0625 3.06231 0.0623095
2.10938 3.06019 0.0601915
2.10938 3.06019 0.0601915
2.15625 3.05793 0.0579286
2.15625 3.05793 0.0579286
2.20312 3.05553 0.0555261
2.20312 3.05553 0.0555261
2.25 3.05299 0.0529899
2.25 3.05299 0.0529899
2.29688 3.05033 0.0503259
2.29688 3.05033 0.0503259
2.34375 3.04754 0.0475408
2.34375 3.04754 0.0475408
2.39062 3.04464 0.0446411
2.39062 3.04464 0.0446411
2.4375 3.04163 0.0416339
2.4375 3.04163 0.0416339
2.48438 3.03853 0.0385263
2.48438 3.03853 0.0385263
2.53125 3.03533 0.035326
2.53125 3.03533 0.035326
2.57812 3.03204 0.0320405
2.57812 3.03204 0.0320405
2.625 3.02868 0.0286779
2.625 3.02868 0.0286779
2.67188 3.02525 0.0252462
2.67188 3.02525 0.0252462
2.71875 3.02175 0.0217536
2.71875 3.02175 0.0217536
2.76562 3.01821 0.0182087
2.76562 3.01821 0.0182087
2.8125 3.01462 0.0146199
2.8125 3.01462 0.0146199
2.85938 3.011 0.010996
2.85938 3.011 0.010996
2.90625 3.00736 0.00735607
2.90625 3.00736 0.00735607
2.95312 3.0039 0.00390219
2.95312 3.0039 0.00390219
3 3.00185 0.00184796
