# x y topography
0 3.01208 0.0120771
0.046875 3.01253 0.012531
0.046875 3.01253 0.012531
0.09375 3.01359 0.0135869
0.09375 3.01359 0.0135869
0.140625 3.01519 0.0151911
0.140625 3.01519 0.0151911
0.1875 3.01727 0.0172661
0.1875 3.01727 0.0172661
0.234375 3.01972 0.0197209
0.234375 3.01972 0.0197209
0.28125 3.02246 0.0224607
0.28125 3.02246 0.0224607
0.328125 3.0254 0.025396
0.328125 3.0254 0.025396
0.375 3.02845 0.028448
0.375 3.02845 0.028448
0.421875 3.03155 0.0315523
0.421875 3.03155 0.0315523
0.46875 3.03466 0.0346584
0.46875 3.03466 0.0346584
0.515625 3.03773 0.0377288
0.515625 3.03773 0.0377288
0.5625 3.04074 0.0407361
0.5625 3.04074 0.0407361
0.609375 3.04366 0.0436607
0.609375 3.04366 0.0436607
0.65625 3.04649 0.0464882
0.65625 3.04649 0.0464882
0.703125 3.04921 0.0492079
0.703125 3.04921 0.0492079
0.75 3.05181 0.051811
0.75 3.05181 0.051811
0.796875 3.05429 0.0542901
0.796875 3.05429 0.0542901
0.84375 3.05664 0.0566389
0.84375 3.05664 0.0566389
0.890625 3.05885 0.0588513
0.890625 3.05885 0.0588513
0.9375 3.06092 0.0609221
0.9375 3.06092 0.0609221
0.984375 3.06285 0.0628461
0.984375 3.06285 0.0628461
1.03125 3.06462 0.0646187
1.03125 3.06462 0.0646187
1.07812 3.06624 0.0662356
1.07812 3.06624 0.0662356
1.125 3.06769 0.067693
1.125 3.06769 0.067693
1.17188 3.06899 0.0689872
1.17188 3.06899 0.0689872
1.21875 3.07012 0.0701153
1.21875 3.07012 0.0701153
1.26562 3.07107 0.0710745
1.26562 3.07107 0.0710745
1.3125 3.07186 0.0718625
1.3125 3.07186 0.0718625
1.35938 3.07248 0.0724773
1.35938 3.07248 0.0724773
1.40625 3.07292 0.0729175
1.40625 3.07292 0.0729175
1.45312 3.07318 0.0731821
1.45312 3.07318 0.0731821
1.5 3.07327 0.0732703
1.5 3.07327 0.0732703
1.54688 3.07318 0.0731821
1.54688 3.07318 0.0731821
1.59375 3.07292 0.0729175
1.59375 3.07292 0.0729175
1.64062 3.07248 0.0724773
1.64062 3.07248 0.0724773
1.6875 3.07186 0.0718625
1.6875 3.07186 0.0718625
1.73438 3.07107 0.0710745
1.73438 3.07107 0.0710745
1.78125 3.07012 0.0701153
1.78125 3.07012 0.0701153
1.82812 3.06899 0.0689872
1.82812 3.06899 0.0689872
1.875 3.06769 0.067693
1.875 3.06769 0.067693
1.92188 3.06624 0.0662356
1.92188 3.06624 0.0662356
1.96875 3.06462 0.0646187
1.96875 3.06462 0.0646187
2.01562 3.06285 0.0628461
2.01562 3.06285 0.0628461
2.0625 3.06092 0.0609221
2.0625 3.06092 0.0609221
2.10938 3.05885 0.0588513
2.10938 3.05885 0.0588513
2.15625 3.05664 0.0566389
2.15625 3.05664 0.0566389
2.20312 3.05429 0.0542901
2.20312 3.05429 0.0542901
2.25 3.05181 0.051811
2.25 3.05181 0.051811
2.29688 3.04921 0.0492079
2.29688 3.04921 0.0492079
2.34375 3.04649 0.0464882
2.34375 3.04649 0.0464882
2.39062 3.04366 0.0436607
2.39062 3.04366 0.0436607
2.4375 3.04074 0.0407361
2.4375 3.04074 0.0407361
2.48438 3.03773 0.0377288
2.48438 3.03773 0.0377288
2.53125 3.03466 0.0346584
2.53125 3.03466 0.0346584
2.57812 3.03155 0.0315523
2.57812 3.03155 0.0315523
2.625 3.02845 0.028448
2.625 3.02845 0.028448
2.67188 3.0254 0.025396
2.67188 3.0254 0.025396
2.71875 3.02246 0.0224607
2.71875 3.02246 0.0224607
2.76562 3.01972 0.0197209
2.76562 3.01972 0.0197209
2.8125 3.01727 0.0172661
2.8125 3.01727 0.0172661
2.85938 3.01519 0.0151911
2.85938 3.01519 0.0151911
2.90625 3.01359 0.0135869
2.90625 3.01359 0.0135869
2.95312 3.01253 0.012531
2.95312 3.01253 0.012531
3 3.01208 0.0120771
