# x y topography
0 3.00552 0.00551915
0.046875 3.00645 0.00644549
0.046875 3.00645 0.00644549
0.09375 3.00852 0.00852496
0.09375 3.00852 0.00852496
0.140625 3.0114 0.0113964
0.140625 3.0114 0.0113964
0.1875 3.0147 0.0146953
0.1875 3.0147 0.0146953
0.234375 3.01816 0.0181643
0.234375 3.01816 0.0181643
0.28125 3.02166 0.0216646
0.28125 3.02166 0.0216646
0.328125 3.02513 0.0251349
0.328125 3.02513 0.0251349
0.375 3.02855 0.02855
0.375 3.02855 0.02855
0.421875 3.0319 0.0318974
0.421875 3.0319 0.0318974
0.46875 3.03517 0.0351682
0.46875 3.03517 0.0351682
0.515625 3.03835 0.0383542
0.515625 3.03835 0.0383542
0.5625 3.04145 0.0414479
0.5625 3.04145 0.0414479
0.609375 3.04444 0.0444417
0.609375 3.04444 0.0444417
0.65625 3.04733 0.0473284
0.65625 3.04733 0.0473284
0.703125 3.0501 0.0501011
0.703125 3.0501 0.0501011
0.75 3.05275 0.0527532
0.75 3.05275 0.0527532
0.796875 3.05528 0.0552781
0.796875 3.05528 0.0552781
0.84375 3.05767 0.0576698
0.84375 3.05767 0.0576698
0.890625 3.05992 0.0599227
0.890625 3.05992 0.0599227
0.9375 3.06203 0.0620311
0.9375 3.06203 0.0620311
0.984375 3.06399 0.0639902
0.984375 3.06399 0.0639902
1.03125 3.0658 0.0657951
1.03125 3.0658 0.0657951
1.07812 3.06744 0.0674414
1.07812 3.06744 0.0674414
1.125 3.06893 0.0689253
1.125 3.06893 0.0689253
1.17188 3.07024 0.0702432
1.17188 3.07024 0.0702432
1.21875 3.07139 0.0713918
1.21875 3.07139 0.0713918
1.26562 3.07237 0.0723684
1.26562 3.07237 0.0723684
1.3125 3.07317 0.0731707
1.3125 3.07317 0.0731707
1.35938 3.0738 0.0737967
1.35938 3.0738 0.0737967
1.40625 3.07424 0.074245
1.40625 3.07424 0.074245
1.45312 3.07451 0.0745144
1.45312 3.07451 0.0745144
1.5 3.0746 0.0746042
1.5 3.0746 0.0746042
1.54688 3.07451 0.0745144
1.54688 3.07451 0.0745144
1.59375 3.07424 0.074245
1.59375 3.07424 0.074245
1.64062 3.0738 0.0737967
1.64062 3.0738 0.0737967
1.6875 3.07317 0.0731707
1.6875 3.07317 0.0731707
1.73438 3.07237 0.0723684
1.73438 3.07237 0.0723684
1.78125 3.07139 0.0713918
1.78125 3.07139 0.0713918
1.82812 3.07024 0.0702432
1.82812 3.07024 0.0702432
1.875 3.06893 0.0689253
1.875 3.06893 0.0689253
1.92188 3.06744 0.0674414
1.92188 3.06744 0.0674414
1.96875 3.0658 0.0657951
1.96875 3.0658 0.0657951
2.01562 3.06399 0.0639902
2.01562 3.06399 0.0639902
2.0625 3.06203 0.0620311
2.0625 3.06203 0.0620311
2.10938 3.05992 0.0599227
2.10938 3.05992 0.0599227
2.15625 3.05767 0.0576698
2.15625 3.05767 0.0576698
2.20312 3.05528 0.0552781
2.20312 3.05528 0.0552781
2.25 3.05275 0.0527532
2.25 3.05275 0.0527532
2.29688 3.0501 0.0501011
2.29688 3.0501 0.0501011
2.34375 3.04733 0.0473284
2.34375 3.04733 0.0473284
2.39062 3.04444 0.0444417
2.39062 3.04444 0.0444417
2.4375 3.04145 0.0414479
2.4375 3.04145 0.0414479
2.48438 3.03835 0.0383542
2.48438 3.03835 0.0383542
2.53125 3.03517 0.0351682
2.53125 3.03517 0.0351682
2.57812 3.0319 0.0318974
2.57812 3.0319 0.0318974
2.625 3.02855 0.02855
2.625 3.02855 0.02855
2.67188 3.02513 0.0251349
2.67188 3.02513 0.0251349
2.71875 3.02166 0.0216646
2.71875 3.02166 0.0216646
2.76562 3.01816 0.0181643
2.76562 3.01816 0.0181643
2.8125 3.0147 0.0146953
2.8125 3.0147 0.0146953
2.85938 3.0114 0.0113964
2.85938 3.0114 0.0113964
2.90625 3.00852 0.00852496
2.90625 3.00852 0.00852496
2.95312 3.00645 0.00644549
2.95312 3.00645 0.00644549
3 3.00552 0.00551915
