# x y topography
0 3.00904 0.0090351
0.046875 3.00963 0.00963292
0.046875 3.00963 0.00963292
0.09375 3.01102 0.0110214
0.09375 3.01102 0.0110214
0.140625 3.01309 0.0130854
0.140625 3.01309 0.0130854
0.1875 3.01567 0.0156724
0.1875 3.01567 0.0156724
0.234375 3.01862 0.0186226
0.234375 3.01862 0.0186226
0.28125 3.02179 0.0217934
0.28125 3.02179 0.0217934
0.328125 3.02507 0.0250725
0.328125 3.02507 0.0250725
0.375 3.02838 0.0283806
0.375 3.02838 0.0283806
0.421875 3.03167 0.0316658
0.421875 3.03167 0.0316658
0.46875 3.0349 0.034896
0.46875 3.0349 0.034896
0.515625 3.03805 0.0380512
0.515625 3.03805 0.0380512
0.5625 3.04112 0.0411183
0.5625 3.04112 0.0411183
0.609375 3.04409 0.0440876
0.609375 3.04409 0.0440876
0.65625 3.04695 0.0469512
0.65625 3.04695 0.0469512
0.703125 3.0497 0.0497018
0.703125 3.0497 0.0497018
0.75 3.05233 0.0523326
0.75 3.05233 0.0523326
0.796875 3.05484 0.0548374
0.796875 3.05484 0.0548374
0.84375 3.05721 0.0572101
0.84375 3.05721 0.0572101
0.890625 3.05944 0.059445
0.890625 3.05944 0.059445
0.9375 3.06154 0.0615366
0.9375 3.06154 0.0615366
0.984375 3.06348 0.0634801
0.984375 3.06348 0.0634801
1.03125 3.06527 0.0652705
1.03125 3.06527 0.0652705
1.07812 3.0669 0.0669038
1.07812 3.0669 0.0669038
1.125 3.06838 0.0683759
1.125 3.06838 0.0683759
1.17188 3.06968 0.0696832
1.17188 3.06968 0.0696832
1.21875 3.07082 0.0708227
1.21875 3.07082 0.0708227
1.26562 3.07179 0.0717915
1.26562 3.07179 0.0717915
1.3125 3.07259 0.0725874
1.3125 3.07259 0.0725874
1.35938 3.07321 0.0732085
1.35938 3.07321 0.0732085
1.40625 3.07365 0.0736531
1.40625 3.07365 0.0736531
1.45312 3.07392 0.0739203
1.45312 3.07392 0.0739203
1.5 3.07401 0.0740095
1.5 3.07401 0.0740095
1.54688 3.07392 0.0739203
1.54688 3.07392 0.0739203
1.59375 3.07365 0.0736531
1.59375 3.07365 0.0736531
1.64062 3.07321 0.0732085
1.64062 3.07321 0.0732085
1.6875 3.07259 0.0725874
1.6875 3.07259 0.0725874
1.73438 3.07179 0.0717915
1.73438 3.07179 0.0717915
1.78125 3.07082 0.0708227
1.78125 3.07082 0.0708227
1.82812 3.06968 0.0696832
1.82812 3.06968 0.0696832
1.875 3.06838 0.0683759
1.875 3.06838 0.0683759
1.92188 3.0669 0.0669038
1.92188 3.0669 0.0669038
1.96875 3.06527 0.0652705
1.96875 3.06527 0.0652705
2.01562 3.06348 0.0634801
2.01562 3.06348 0.0634801
2.0625 3.06154 0.0615366
2.0625 3.06154 0.0615366
2.10938 3.05944 0.059445
2.10938 3.05944 0.059445
2.15625 3.05721 0.0572101
2.15625 3.05721 0.0572101
2.20312 3.05484 0.0548374
2.20312 3.05484 0.0548374
2.25 3.05233 0.0523326
2.25 3.05233 0.0523326
2.29688 3.0497 0.0497018
2.29688 3.0497 0.0497018
2.34375 3.04695 0.0469512
2.34375 3.04695 0.0469512
2.39062 3.04409 0.0440876
2.39062 3.04409 0.0440876
2.4375 3.04112 0.0411183
2.4375 3.04112 0.0411183
2.48438 3.03805 0.0380512
2.48438 3.03805 0.0380512
2.53125 3.0349 0.034896
2.53125 3.0349 0.034896
2.57812 3.03167 0.0316658
2.57812 3.03167 0.0316658
2.625 3.02838 0.0283806
2.625 3.02838 0.0283806
2.67188 3.02507 0.0250725
2.67188 3.02507 0.0250725
2.71875 3.02179 0.0217934
2.71875 3.02179 0.0217934
2.76562 3.01862 0.0186226
2.76562 3.01862 0.0186226
2.8125 3.01567 0.0156724
2.8125 3.01567 0.0156724
2.85938 3.01309 0.0130854
2.85938 3.01309 0.0130854
2.90625 3.01102 0.0110214
2.90625 3.01102 0.0110214
2.95312 3.00963 0.00963292
2.95312 3.00963 0.00963292
3 3.00904 0.0090351
