# x y topography
0 3.00969 0.00968654
0.046875 3.01025 0.0102469
0.046875 3.01025 0.0102469
0.09375 3.01155 0.0115501
0.09375 3.01155 0.0115501
0.140625 3.0135 0.0135001
0.140625 3.0135 0.0135001
0.1875 3.01597 0.0159659
0.1875 3.01597 0.0159659
0.234375 3.01881 0.018806
0.234375 3.01881 0.018806
0.28125 3.02189 0.0218882
0.28125 3.02189 0.0218882
0.328125 3.0251 0.025103
0.328125 3.0251 0.025103
0.375 3.02837 0.028368
0.375 3.02837 0.028368
0.421875 3.03163 0.0316258
0.421875 3.03163 0.0316258
0.46875 3.03484 0.0348388
0.46875 3.03484 0.0348388
0.515625 3.03798 0.0379828
0.515625 3.03798 0.0379828
0.5625 3.04104 0.0410417
0.5625 3.04104 0.0410417
0.609375 3.044 0.0440045
0.609375 3.044 0.0440045
0.65625 3.04686 0.0468623
0.65625 3.04686 0.0468623
0.703125 3.04961 0.0496075
0.703125 3.04961 0.0496075
0.75 3.05223 0.0522333
0.75 3.05223 0.0522333
0.796875 3.05473 0.0547334
0.796875 3.05473 0.0547334
0.84375 3.0571 0.0571016
0.84375 3.0571 0.0571016
0.890625 3.05933 0.0593322
0.890625 3.05933 0.0593322
0.9375 3.06142 0.0614199
0.9375 3.06142 0.0614199
0.984375 3.06336 0.0633596
0.984375 3.06336 0.0633596
1.03125 3.06515 0.0651467
1.03125 3.06515 0.0651467
1.07812 3.06678 0.0667769
1.07812 3.06678 0.0667769
1.125 3.06825 0.0682461
1.125 3.06825 0.0682461
1.17188 3.06955 0.069551
1.17188 3.06955 0.069551
1.21875 3.07069 0.0706883
1.21875 3.07069 0.0706883
1.26562 3.07166 0.0716553
1.26562 3.07166 0.0716553
1.3125 3.07245 0.0724497
1.3125 3.07245 0.0724497
1.35938 3.07307 0.0730696
1.35938 3.07307 0.0730696
1.40625 3.07351 0.0735134
1.40625 3.07351 0.0735134
1.45312 3.07378 0.0737801
1.45312 3.07378 0.0737801
1.5 3.07387 0.0738691
1.5 3.07387 0.0738691
1.54688 3.07378 0.0737801
1.54688 3.07378 0.0737801
1.59375 3.07351 0.0735134
1.59375 3.07351 0.0735134
1.64062 3.07307 0.0730696
1.64062 3.07307 0.0730696
1.6875 3.07245 0.0724497
1.6875 3.07245 0.0724497
1.73438 3.07166 0.0716553
1.73438 3.07166 0.0716553
1.78125 3.07069 0.0706883
1.78125 3.07069 0.0706883
1.82812 3.06955 0.069551
1.82812 3.06955 0.069551
1.875 3.06825 0.0682461
1.875 3.06825 0.0682461
1.92188 3.06678 0.0667769
1.92188 3.06678 0.0667769
1.96875 3.06515 0.0651467
1.96875 3.06515 0.0651467
2.01562 3.06336 0.0633596
2.01562 3.06336 0.0633596
2.0625 3.06142 0.0614199
2.0625 3.06142 0.0614199
2.10938 3.05933 0.0593322
2.10938 3.05933 0.0593322
2.15625 3.0571 0.0571016
2.15625 3.0571 0.0571016
2.20312 3.05473 0.0547334
2.20312 3.05473 0.0547334
2.25 3.05223 0.0522333
2.25 3.05223 0.0522333
2.29688 3.04961 0.0496075
2.29688 3.04961 0.0496075
2.34375 3.04686 0.0468623
2.34375 3.04686 0.0468623
2.39062 3.044 0.0440045
2.39062 3.044 0.0440045
2.4375 3.04104 0.0410417
2.4375 3.04104 0.0410417
2.48438 3.03798 0.0379828
2.48438 3.03798 0.0379828
2.53125 3.03484 0.0348388
2.53125 3.03484 0.0348388
2.57812 3.03163 0.0316258
2.57812 3.03163 0.0316258
2.625 3.02837 0.028368
2.625 3.02837 0.028368
2.67188 3.0251 0.025103
2.67188 3.0251 0.025103
2.71875 3.02189 0.0218882
2.71875 3.02189 0.0218882
2.76562 3.01881 0.018806
2.76562 3.01881 0.018806
2.8125 3.01597 0.0159659
2.8125 3.01597 0.0159659
2.85938 3.0135 0.0135001
2.85938 3.0135 0.0135001
2.90625 3.01155 0.0115501
2.90625 3.01155 0.0115501
2.95312 3.01025 0.0102469
2.95312 3.01025 0.0102469
3 3.00969 0.00968654
