# x y topography
0 3.01107 0.0110684
0.046875 3.01156 0.0115622
0.046875 3.01156 0.0115622
0.09375 3.01271 0.0127119
0.09375 3.01271 0.0127119
0.140625 3.01445 0.0144495
0.140625 3.01445 0.0144495
0.1875 3.01668 0.0166792
0.1875 3.01668 0.0166792
0.234375 3.01929 0.0192915
0.234375 3.01929 0.0192915
0.28125 3.02218 0.0221768
0.28125 3.02218 0.0221768
0.328125 3.02524 0.025236
0.328125 3.02524 0.025236
0.375 3.02839 0.0283868
0.375 3.02839 0.0283868
0.421875 3.03157 0.0315655
0.421875 3.03157 0.0315655
0.46875 3.03473 0.0347254
0.46875 3.03473 0.0347254
0.515625 3.03783 0.0378337
0.515625 3.03783 0.0378337
0.5625 3.04087 0.0408679
0.5625 3.04087 0.0408679
0.609375 3.04381 0.043812
0.609375 3.04381 0.043812
0.65625 3.04665 0.0466546
0.65625 3.04665 0.0466546
0.703125 3.04939 0.0493866
0.703125 3.04939 0.0493866
0.75 3.052 0.0520003
0.75 3.052 0.0520003
0.796875 3.05449 0.054489
0.796875 3.05449 0.054489
0.84375 3.05685 0.0568466
0.84375 3.05685 0.0568466
0.890625 3.05907 0.0590672
0.890625 3.05907 0.0590672
0.9375 3.06115 0.0611456
0.9375 3.06115 0.0611456
0.984375 3.06308 0.0630766
0.984375 3.06308 0.0630766
1.03125 3.06486 0.0648557
1.03125 3.06486 0.0648557
1.07812 3.06648 0.0664786
1.07812 3.06648 0.0664786
1.125 3.06794 0.0679413
1.125 3.06794 0.0679413
1.17188 3.06924 0.0692404
1.17188 3.06924 0.0692404
1.21875 3.07037 0.0703726
1.21875 3.07037 0.0703726
1.26562 3.07134 0.0713353
1.26562 3.07134 0.0713353
1.3125 3.07213 0.0721261
1.3125 3.07213 0.0721261
1.35938 3.07274 0.0727432
1.35938 3.07274 0.0727432
1.40625 3.07319 0.073185
1.40625 3.07319 0.073185
1.45312 3.07345 0.0734506
1.45312 3.07345 0.0734506
1.5 3.07354 0.0735392
1.5 3.07354 0.0735392
1.54688 3.07345 0.0734506
1.54688 3.07345 0.0734506
1.59375 3.07319 0.073185
1.59375 3.07319 0.073185
1.64062 3.07274 0.0727432
1.64062 3.07274 0.0727432
1.6875 3.07213 0.0721261
1.6875 3.07213 0.0721261
1.73438 3.07134 0.0713353
1.73438 3.07134 0.0713353
1.78125 3.07037 0.0703726
1.78125 3.07037 0.0703726
1.82812 3.06924 0.0692404
1.82812 3.06924 0.0692404
1.875 3.06794 0.0679413
1.875 3.06794 0.0679413
1.92188 3.06648 0.0664786
1.92188 3.06648 0.0664786
1.96875 3.06486 0.0648557
1.96875 3.06486 0.0648557
2.01562 3.06308 0.0630766
2.01562 3.06308 0.0630766
2.0625 3.06115 0.0611456
2.0625 3.06115 0.0611456
2.10938 3.05907 0.0590672
2.10938 3.05907 0.0590672
2.15625 3.05685 0.0568466
2.15625 3.05685 0.0568466
2.20312 3.05449 0.054489
2.20312 3.05449 0.054489
2.25 3.052 0.0520003
2.25 3.052 0.0520003
2.29688 3.04939 0.0493866
2.29688 3.04939 0.0493866
2.34375 3.04665 0.0466546
2.34375 3.04665 0.0466546
2.39062 3.04381 0.043812
2.39062 3.04381 0.043812
2.4375 3.04087 0.0408679
2.4375 3.04087 0.0408679
2.48438 3.03783 0.0378337
2.48438 3.03783 0.0378337
2.53125 3.03473 0.0347254
2.53125 3.03473 0.0347254
2.57812 3.03157 0.0315655
2.57812 3.03157 0.0315655
2.625 3.02839 0.0283868
2.625 3.02839 0.0283868
2.67188 3.02524 0.025236
2.67188 3.02524 0.025236
2.71875 3.02218 0.0221768
2.71875 3.02218 0.0221768
2.76562 3.01929 0.0192915
2.76562 3.01929 0.0192915
2.8125 3.01668 0.0166792
2.8125 3.01668 0.0166792
2.85938 3.01445 0.0144495
2.85938 3.01445 0.0144495
2.90625 3.01271 0.0127119
2.90625 3.01271 0.0127119
2.95312 3.01156 0.0115622
2.95312 3.01156 0.0115622
3 3.01107 0.0110684
