# x y topography
0 3.00964 0.00964149
0.046875 3.0102 0.0102043
0.046875 3.0102 0.0102043
0.09375 3.01151 0.0115131
0.09375 3.01151 0.0115131
0.140625 3.01347 0.0134706
0.140625 3.01347 0.0134706
0.1875 3.01594 0.0159447
0.1875 3.01594 0.0159447
0.234375 3.01879 0.0187923
0.234375 3.01879 0.0187923
0.28125 3.02188 0.0218808
0.28125 3.02188 0.0218808
0.328125 3.0251 0.0251003
0.328125 3.0251 0.0251003
0.375 3.02837 0.0283685
0.375 3.02837 0.0283685
0.421875 3.03163 0.0316284
0.421875 3.03163 0.0316284
0.46875 3.03484 0.0348428
0.46875 3.03484 0.0348428
0.515625 3.03799 0.0379876
0.515625 3.03799 0.0379876
0.5625 3.04105 0.0410472
0.5625 3.04105 0.0410472
0.609375 3.04401 0.0440104
0.609375 3.04401 0.0440104
0.65625 3.04687 0.0468686
0.65625 3.04687 0.0468686
0.703125 3.04961 0.0496142
0.703125 3.04961 0.0496142
0.75 3.05224 0.0522404
0.75 3.05224 0.0522404
0.796875 3.05474 0.0547408
0.796875 3.05474 0.0547408
0.84375 3.05711 0.0571093
0.84375 3.05711 0.0571093
0.890625 3.05934 0.0593402
0.890625 3.05934 0.0593402
0.9375 3.06143 0.0614282
0.9375 3.06143 0.0614282
0.984375 3.06337 0.0633682
0.984375 3.06337 0.0633682
1.03125 3.06516 0.0651555
1.03125 3.06516 0.0651555
1.07812 3.06679 0.0667859
1.07812 3.06679 0.0667859
1.125 3.06826 0.0682554
1.125 3.06826 0.0682554
1.17188 3.06956 0.0695604
1.17188 3.06956 0.0695604
1.21875 3.0707 0.0706979
1.21875 3.0707 0.0706979
1.26562 3.07167 0.071665
1.26562 3.07167 0.071665
1.3125 3.07246 0.0724595
1.3125 3.07246 0.0724595
1.35938 3.07308 0.0730795
1.35938 3.07308 0.0730795
1.40625 3.07352 0.0735233
1.40625 3.07352 0.0735233
1.45312 3.07379 0.0737901
1.45312 3.07379 0.0737901
1.5 3.07388 0.0738791
1.5 3.07388 0.0738791
1.54688 3.07379 0.0737901
1.54688 3.07379 0.0737901
1.59375 3.07352 0.0735233
1.59375 3.07352 0.0735233
1.64062 3.07308 0.0730795
1.64062 3.07308 0.0730795
1.6875 3.07246 0.0724595
1.6875 3.07246 0.0724595
1.73438 3.07167 0.071665
1.73438 3.07167 0.071665
1.78125 3.0707 0.0706979
1.78125 3.0707 0.0706979
1.82812 3.06956 0.0695604
1.82812 3.06956 0.0695604
1.875 3.06826 0.0682554
1.875 3.06826 0.0682554
1.92188 3.06679 0.0667859
1.92188 3.06679 0.0667859
1.96875 3.06516 0.0651555
1.96875 3.06516 0.0651555
2.01562 3.06337 0.0633682
2.01562 3.06337 0.0633682
2.0625 3.06143 0.0614282
2.0625 3.06143 0.0614282
2.10938 3.05934 0.0593402
2.10938 3.05934 0.0593402
2.15625 3.05711 0.0571093
2.15625 3.05711 0.0571093
2.20312 3.05474 0.0547408
2.20312 3.05474 0.0547408
2.25 3.05224 0.0522404
2.25 3.05224 0.0522404
2.29688 3.04961 0.0496142
2.29688 3.04961 0.0496142
2.34375 3.04687 0.0468686
2.34375 3.04687 0.0468686
2.39062 3.04401 0.0440104
2.39062 3.04401 0.0440104
2.4375 3.04105 0.0410472
2.4375 3.04105 0.0410472
2.48438 3.03799 0.0379876
2.48438 3.03799 0.0379876
2.53125 3.03484 0.0348428
2.53125 3.03484 0.0348428
2.57812 3.03163 0.0316284
2.57812 3.03163 0.0316284
2.625 3.02837 0.0283685
2.625 3.02837 0.0283685
2.67188 3.0251 0.0251003
2.67188 3.0251 0.0251003
2.71875 3.02188 0.0218808
2.71875 3.02188 0.0218808
2.76562 3.01879 0.0187923
2.76562 3.01879 0.0187923
2.8125 3.01594 0.0159447
2.8125 3.01594 0.0159447
2.85938 3.01347 0.0134706
2.85938 3.01347 0.0134706
2.90625 3.01151 0.0115131
2.90625 3.01151 0.0115131
2.95312 3.0102 0.0102043
2.95312 3.0102 0.0102043
3 3.00964 0.00964149
