# x y topography
0 3.01034 0.0103383
0.046875 3.01087 0.0108653
0.046875 3.01087 0.0108653
0.09375 3.01209 0.012092
0.09375 3.01209 0.012092
0.140625 3.01394 0.0139371
0.140625 3.01394 0.0139371
0.1875 3.01629 0.016288
0.1875 3.01629 0.016288
0.234375 3.01902 0.0190193
0.234375 3.01902 0.0190193
0.28125 3.02201 0.0220095
0.28125 3.02201 0.0220095
0.328125 3.02515 0.0251536
0.328125 3.02515 0.0251536
0.375 3.02837 0.0283683
0.375 3.02837 0.0283683
0.421875 3.03159 0.0315923
0.421875 3.03159 0.0315923
0.46875 3.03478 0.0347832
0.46875 3.03478 0.0347832
0.515625 3.03791 0.0379125
0.515625 3.03791 0.0379125
0.5625 3.04096 0.0409613
0.5625 3.04096 0.0409613
0.609375 3.04392 0.0439163
0.609375 3.04392 0.0439163
0.65625 3.04677 0.0467675
0.65625 3.04677 0.0467675
0.703125 3.04951 0.0495068
0.703125 3.04951 0.0495068
0.75 3.05213 0.0521272
0.75 3.05213 0.0521272
0.796875 3.05462 0.0546221
0.796875 3.05462 0.0546221
0.84375 3.05699 0.0569855
0.84375 3.05699 0.0569855
0.890625 3.05921 0.0592116
0.890625 3.05921 0.0592116
0.9375 3.0613 0.061295
0.9375 3.0613 0.061295
0.984375 3.06323 0.0632308
0.984375 3.06323 0.0632308
1.03125 3.06501 0.0650143
1.03125 3.06501 0.0650143
1.07812 3.06664 0.0666411
1.07812 3.06664 0.0666411
1.125 3.06811 0.0681074
1.125 3.06811 0.0681074
1.17188 3.06941 0.0694096
1.17188 3.06941 0.0694096
1.21875 3.07054 0.0705446
1.21875 3.07054 0.0705446
1.26562 3.07151 0.0715097
1.26562 3.07151 0.0715097
1.3125 3.0723 0.0723024
1.3125 3.0723 0.0723024
1.35938 3.07292 0.072921
1.35938 3.07292 0.072921
1.40625 3.07336 0.073364
1.40625 3.07336 0.073364
1.45312 3.07363 0.0736301
1.45312 3.07363 0.0736301
1.5 3.07372 0.0737189
1.5 3.07372 0.0737189
1.54688 3.07363 0.0736301
1.54688 3.07363 0.0736301
1.59375 3.07336 0.073364
1.59375 3.07336 0.073364
1.64062 3.07292 0.072921
1.64062 3.07292 0.072921
1.6875 3.0723 0.0723024
1.6875 3.0723 0.0723024
1.73438 3.07151 0.0715097
1.73438 3.07151 0.0715097
1.78125 3.07054 0.0705446
1.78125 3.07054 0.0705446
1.82812 3.06941 0.0694096
1.82812 3.06941 0.0694096
1.875 3.06811 0.0681074
1.875 3.06811 0.0681074
1.92188 3.06664 0.0666411
1.92188 3.06664 0.0666411
1.96875 3.06501 0.0650143
1.96875 3.06501 0.0650143
2.01562 3.06323 0.0632308
2.01562 3.06323 0.0632308
2.0625 3.0613 0.061295
2.0625 3.0613 0.061295
2.10938 3.05921 0.0592116
2.10938 3.05921 0.0592116
2.15625 3.05699 0.0569855
2.15625 3.05699 0.0569855
2.20312 3.05462 0.0546221
2.20312 3.05462 0.0546221
2.25 3.05213 0.0521272
2.25 3.05213 0.0521272
2.29688 3.04951 0.0495068
2.29688 3.04951 0.0495068
2.34375 3.04677 0.0467675
2.34375 3.04677 0.0467675
2.39062 3.04392 0.0439163
2.39062 3.04392 0.0439163
2.4375 3.04096 0.0409613
2.4375 3.04096 0.0409613
2.48438 3.03791 0.0379125
2.48438 3.03791 0.0379125
2.53125 3.03478 0.0347832
2.53125 3.03478 0.0347832
2.57812 3.03159 0.0315923
2.57812 3.03159 0.0315923
2.625 3.02837 0.0283683
2.625 3.02837 0.0283683
2.67188 3.02515 0.0251536
2.67188 3.02515 0.0251536
2.71875 3.02201 0.0220095
2.71875 3.02201 0.0220095
2.76562 3.01902 0.0190193
2.76562 3.01902 0.0190193
2.8125 3.01629 0.016288
2.8125 3.01629 0.016288
2.85938 3.01394 0.0139371
2.85938 3.01394 0.0139371
2.90625 3.01209 0.012092
2.90625 3.01209 0.012092
2.95312 3.01087 0.0108653
2.95312 3.01087 0.0108653
3 3.01034 0.0103383
