# x y topography
0 3.00238 0.00237695
0.046875 3.00414 0.00413916
0.046875 3.00414 0.00413916
0.09375 3.00739 0.00738943
0.09375 3.00739 0.00738943
0.140625 3.01099 0.0109938
0.140625 3.01099 0.0109938
0.1875 3.01461 0.014614
0.1875 3.01461 0.014614
0.234375 3.0182 0.0182013
0.234375 3.0182 0.0182013
0.28125 3.02174 0.0217448
0.28125 3.02174 0.0217448
0.328125 3.02524 0.0252359
0.328125 3.02524 0.0252359
0.375 3.02867 0.0286662
0.375 3.02867 0.0286662
0.421875 3.03203 0.0320275
0.421875 3.03203 0.0320275
0.46875 3.03531 0.0353116
0.46875 3.03531 0.0353116
0.515625 3.03851 0.0385107
0.515625 3.03851 0.0385107
0.5625 3.04162 0.0416169
0.5625 3.04162 0.0416169
0.609375 3.04462 0.0446229
0.609375 3.04462 0.0446229
0.65625 3.04752 0.0475214
0.65625 3.04752 0.0475214
0.703125 3.05031 0.0503055
0.703125 3.05031 0.0503055
0.75 3.05297 0.0529683
0.75 3.05297 0.0529683
0.796875 3.0555 0.0555035
0.796875 3.0555 0.0555035
0.84375 3.05791 0.057905
0.84375 3.05791 0.057905
0.890625 3.06017 0.0601671
0.890625 3.06017 0.0601671
0.9375 3.06228 0.0622841
0.9375 3.06228 0.0622841
0.984375 3.06425 0.0642511
0.984375 3.06425 0.0642511
1.03125 3.06606 0.0660634
1.03125 3.06606 0.0660634
1.07812 3.06772 0.0677165
1.07812 3.06772 0.0677165
1.125 3.06921 0.0692064
1.125 3.06921 0.0692064
1.17188 3.07053 0.0705296
1.17188 3.07053 0.0705296
1.21875 3.07168 0.0716829
1.21875 3.07168 0.0716829
1.26562 3.07266 0.0726636
1.26562 3.07266 0.0726636
1.3125 3.07347 0.0734691
1.3125 3.07347 0.0734691
1.35938 3.0741 0.0740977
1.35938 3.0741 0.0740977
1.40625 3.07455 0.0745478
1.40625 3.07455 0.0745478
1.45312 3.07482 0.0748182
1.45312 3.07482 0.0748182
1.5 3.07491 0.0749085
1.5 3.07491 0.0749085
1.54688 3.07482 0.0748182
1.54688 3.07482 0.0748182
1.59375 3.07455 0.0745478
1.59375 3.07455 0.0745478
1.64062 3.0741 0.0740977
1.64062 3.0741 0.0740977
1.6875 3.07347 0.0734691
1.6875 3.07347 0.0734691
1.73438 3.07266 0.0726636
1.73438 3.07266 0.0726636
1.78125 3.07168 0.0716829
1.78125 3.07168 0.0716829
1.82812 3.07053 0.0705296
1.82812 3.07053 0.0705296
1.875 3.06921 0.0692064
1.875 3.06921 0.0692064
1.92188 3.06772 0.0677165
1.92188 3.06772 0.0677165
1.96875 3.06606 0.0660634
1.96875 3.06606 0.0660634
2.01562 3.06425 0.0642511
2.01562 3.06425 0.0642511
2.0625 3.06228 0.0622841
2.0625 3.06228 0.0622841
2.10938 3.06017 0.0601671
2.10938 3.06017 0.0601671
2.15625 3.05791 0.057905
2.15625 3.05791 0.057905
2.20312 3.0555 0.0555035
2.20312 3.0555 0.0555035
2.25 3.05297 0.0529683
2.25 3.05297 0.0529683
2.29688 3.05031 0.0503055
2.29688 3.05031 0.0503055
2.34375 3.04752 0.0475214
2.34375 3.04752 0.0475214
2.39062 3.04462 0.0446229
2.39062 3.04462 0.0446229
2.4375 3.04162 0.0416169
2.4375 3.04162 0.0416169
2.48438 3.03851 0.0385107
2.48438 3.03851 0.0385107
2.53125 3.03531 0.0353116
2.53125 3.03531 0.0353116
2.57812 3.03203 0.0320275
2.57812 3.03203 0.0320275
2.625 3.02867 0.0286662
2.625 3.02867 0.0286662
2.67188 3.02524 0.0252359
2.67188 3.02524 0.0252359
2.71875 3.02174 0.0217448
2.71875 3.02174 0.0217448
2.76562 3.0182 0.0182013
2.76562 3.0182 0.0182013
2.8125 3.01461 0.014614
2.8125 3.01461 0.014614
2.85938 3.01099 0.0109938
2.85938 3.01099 0.0109938
2.90625 3.00739 0.00738943
2.90625 3.00739 0.00738943
2.95312 3.00414 0.00413916
2.95312 3.00414 0.00413916
3 3.00238 0.00237695
