# x y topography
0 3.00779 0.0077928
0.046875 3.00848 0.00847715
0.046875 3.00848 0.00847715
0.09375 3.01006 0.0100577
0.09375 3.01006 0.0100577
0.140625 3.01237 0.0123686
0.140625 3.01237 0.0123686
0.1875 3.0152 0.0152023
0.1875 3.0152 0.0152023
0.234375 3.01836 0.01836
0.234375 3.01836 0.01836
0.28125 3.02168 0.0216828
0.28125 3.02168 0.0216828
0.328125 3.02506 0.0250618
0.328125 3.02506 0.0250618
0.375 3.02843 0.0284304
0.375 3.02843 0.0284304
0.421875 3.03175 0.0317511
0.421875 3.03175 0.0317511
0.46875 3.035 0.0350029
0.46875 3.035 0.0350029
0.515625 3.03817 0.0381729
0.515625 3.03817 0.0381729
0.5625 3.04125 0.0412516
0.5625 3.04125 0.0412516
0.609375 3.04423 0.0442312
0.609375 3.04423 0.0442312
0.65625 3.0471 0.0471042
0.65625 3.0471 0.0471042
0.703125 3.04986 0.0498638
0.703125 3.04986 0.0498638
0.75 3.0525 0.0525033
0.75 3.0525 0.0525033
0.796875 3.05502 0.0550162
0.796875 3.05502 0.0550162
0.84375 3.0574 0.0573967
0.84375 3.0574 0.0573967
0.890625 3.05964 0.0596388
0.890625 3.05964 0.0596388
0.9375 3.06174 0.0617373
0.9375 3.06174 0.0617373
0.984375 3.06369 0.0636871
0.984375 3.06369 0.0636871
1.03125 3.06548 0.0654834
1.03125 3.06548 0.0654834
1.07812 3.06712 0.067122
1.07812 3.06712 0.067122
1.125 3.0686 0.0685988
1.125 3.0686 0.0685988
1.17188 3.06991 0.0699104
1.17188 3.06991 0.0699104
1.21875 3.07105 0.0710536
1.21875 3.07105 0.0710536
1.26562 3.07203 0.0720256
1.26562 3.07203 0.0720256
1.3125 3.07282 0.0728241
1.3125 3.07282 0.0728241
1.35938 3.07345 0.0734472
1.35938 3.07345 0.0734472
1.40625 3.07389 0.0738933
1.40625 3.07389 0.0738933
1.45312 3.07416 0.0741614
1.45312 3.07416 0.0741614
1.5 3.07425 0.0742508
1.5 3.07425 0.0742508
1.54688 3.07416 0.0741614
1.54688 3.07416 0.0741614
1.59375 3.07389 0.0738933
1.59375 3.07389 0.0738933
1.64062 3.07345 0.0734472
1.64062 3.07345 0.0734472
1.6875 3.07282 0.0728241
1.6875 3.07282 0.0728241
1.73438 3.07203 0.0720256
1.73438 3.07203 0.0720256
1.78125 3.07105 0.0710536
1.78125 3.07105 0.0710536
1.82812 3.06991 0.0699104
1.82812 3.06991 0.0699104
1.875 3.0686 0.0685988
1.875 3.0686 0.0685988
1.92188 3.06712 0.067122
1.92188 3.06712 0.067122
1.96875 3.06548 0.0654834
1.96875 3.06548 0.0654834
2.01562 3.06369 0.0636871
2.01562 3.06369 0.0636871
2.0625 3.06174 0.0617373
2.0625 3.06174 0.0617373
2.10938 3.05964 0.0596388
2.10938 3.05964 0.0596388
2.15625 3.0574 0.0573967
2.15625 3.0574 0.0573967
2.20312 3.05502 0.0550162
2.20312 3.05502 0.0550162
2.25 3.0525 0.0525033
2.25 3.0525 0.0525033
2.29688 3.04986 0.0498638
2.29688 3.04986 0.0498638
2.34375 3.0471 0.0471042
2.34375 3.0471 0.0471042
2.39062 3.04423 0.0442312
2.39062 3.04423 0.0442312
2.4375 3.04125 0.0412516
2.4375 3.04125 0.0412516
2.48438 3.03817 0.0381729
2.48438 3.03817 0.0381729
2.53125 3.035 0.0350029
2.53125 3.035 0.0350029
2.57812 3.03175 0.0317511
2.57812 3.03175 0.0317511
2.625 3.02843 0.0284304
2.625 3.02843 0.0284304
2.67188 3.02506 0.0250618
2.67188 3.02506 0.0250618
2.71875 3.02168 0.0216828
2.71875 3.02168 0.0216828
2.76562 3.01836 0.01836
2.76562 3.01836 0.01836
2.8125 3.0152 0.0152023
2.8125 3.0152 0.0152023
2.85938 3.01237 0.0123686
2.85938 3.01237 0.0123686
2.90625 3.01006 0.0100577
2.90625 3.01006 0.0100577
2.95312 3.00848 0.00847715
2.95312 3.00848 0.00847715
3 3.00779 0.0077928
