# x y topography
0 3.01157 0.0115657
0.046875 3.01204 0.0120391
0.046875 3.01204 0.0120391
0.09375 3.01314 0.0131409
0.09375 3.01314 0.0131409
0.140625 3.01481 0.0148106
0.140625 3.01481 0.0148106
0.1875 3.01696 0.0169623
0.1875 3.01696 0.0169623
0.234375 3.0195 0.0194959
0.234375 3.0195 0.0194959
0.28125 3.02231 0.0223093
0.28125 3.02231 0.0223093
0.328125 3.02531 0.0253081
0.328125 3.02531 0.0253081
0.375 3.02841 0.0284116
0.375 3.02841 0.0284116
0.421875 3.03156 0.0315551
0.421875 3.03156 0.0315551
0.46875 3.03469 0.0346901
0.46875 3.03469 0.0346901
0.515625 3.03778 0.037781
0.515625 3.03778 0.037781
0.5625 3.0408 0.040803
0.5625 3.0408 0.040803
0.609375 3.04374 0.0437383
0.609375 3.04374 0.0437383
0.65625 3.04657 0.046574
0.65625 3.04657 0.046574
0.703125 3.0493 0.0493002
0.703125 3.0493 0.0493002
0.75 3.05191 0.0519089
0.75 3.05191 0.0519089
0.796875 3.05439 0.0543931
0.796875 3.05439 0.0543931
0.84375 3.05675 0.0567465
0.84375 3.05675 0.0567465
0.890625 3.05896 0.0589632
0.890625 3.05896 0.0589632
0.9375 3.06104 0.0610379
0.9375 3.06104 0.0610379
0.984375 3.06297 0.0629655
0.984375 3.06297 0.0629655
1.03125 3.06474 0.0647415
1.03125 3.06474 0.0647415
1.07812 3.06636 0.0663615
1.07812 3.06636 0.0663615
1.125 3.06782 0.0678216
1.125 3.06782 0.0678216
1.17188 3.06912 0.0691184
1.17188 3.06912 0.0691184
1.21875 3.07025 0.0702486
1.21875 3.07025 0.0702486
1.26562 3.07121 0.0712096
1.26562 3.07121 0.0712096
1.3125 3.072 0.0719991
1.3125 3.072 0.0719991
1.35938 3.07262 0.072615
1.35938 3.07262 0.072615
1.40625 3.07306 0.0730561
1.40625 3.07306 0.0730561
1.45312 3.07332 0.0733212
1.45312 3.07332 0.0733212
1.5 3.07341 0.0734096
1.5 3.07341 0.0734096
1.54688 3.07332 0.0733212
1.54688 3.07332 0.0733212
1.59375 3.07306 0.0730561
1.59375 3.07306 0.0730561
1.64062 3.07262 0.072615
1.64062 3.07262 0.072615
1.6875 3.072 0.0719991
1.6875 3.072 0.0719991
1.73438 3.07121 0.0712096
1.73438 3.07121 0.0712096
1.78125 3.07025 0.0702486
1.78125 3.07025 0.0702486
1.82812 3.06912 0.0691184
1.82812 3.06912 0.0691184
1.875 3.06782 0.0678216
1.875 3.06782 0.0678216
1.92188 3.06636 0.0663615
1.92188 3.06636 0.0663615
1.96875 3.06474 0.0647415
1.96875 3.06474 0.0647415
2.01562 3.06297 0.0629655
2.01562 3.06297 0.0629655
2.0625 3.06104 0.0610379
2.0625 3.06104 0.0610379
2.10938 3.05896 0.0589632
2.10938 3.05896 0.0589632
2.15625 3.05675 0.0567465
2.15625 3.05675 0.0567465
2.20312 3.05439 0.0543931
2.20312 3.05439 0.0543931
2.25 3.05191 0.0519089
2.25 3.05191 0.0519089
2.29688 3.0493 0.0493002
2.29688 3.0493 0.0493002
2.34375 3.04657 0.046574
2.34375 3.04657 0.046574
2.39062 3.04374 0.0437383
2.39062 3.04374 0.0437383
2.4375 3.0408 0.040803
2.4375 3.0408 0.040803
2.48438 3.03778 0.037781
2.48438 3.03778 0.037781
2.53125 3.03469 0.0346901
2.53125 3.03469 0.0346901
2.57812 3.03156 0.0315551
2.57812 3.03156 0.0315551
2.625 3.02841 0.0284116
2.625 3.02841 0.0284116
2.67188 3.02531 0.0253081
2.67188 3.02531 0.0253081
2.71875 3.02231 0.0223093
2.71875 3.02231 0.0223093
2.76562 3.0195 0.0194959
2.76562 3.0195 0.0194959
2.8125 3.01696 0.0169623
2.8125 3.01696 0.0169623
2.85938 3.01481 0.0148106
2.85938 3.01481 0.0148106
2.90625 3.01314 0.0131409
2.90625 3.01314 0.0131409
2.95312 3.01204 0.0120391
2.95312 3.01204 0.0120391
3 3.01157 0.0115657
