# x y topography
0 3.00927 0.00927307
0.046875 3.00986 0.00985665
0.046875 3.00986 0.00985665
0.09375 3.01121 0.0112129
0.09375 3.01121 0.0112129
0.140625 3.01323 0.0132341
0.140625 3.01323 0.0132341
0.1875 3.01578 0.0157761
0.1875 3.01578 0.0157761
0.234375 3.01869 0.018686
0.234375 3.01869 0.018686
0.28125 3.02182 0.0218249
0.28125 3.02182 0.0218249
0.328125 3.02508 0.0250814
0.328125 3.02508 0.0250814
0.375 3.02837 0.0283747
0.375 3.02837 0.0283747
0.421875 3.03165 0.0316506
0.421875 3.03165 0.0316506
0.46875 3.03488 0.0348751
0.46875 3.03488 0.0348751
0.515625 3.03803 0.0380265
0.515625 3.03803 0.0380265
0.5625 3.04109 0.0410908
0.5625 3.04109 0.0410908
0.609375 3.04406 0.0440579
0.609375 3.04406 0.0440579
0.65625 3.04692 0.0469194
0.65625 3.04692 0.0469194
0.703125 3.04967 0.0496681
0.703125 3.04967 0.0496681
0.75 3.0523 0.0522971
0.75 3.0523 0.0522971
0.796875 3.0548 0.0548002
0.796875 3.0548 0.0548002
0.84375 3.05717 0.0571713
0.84375 3.05717 0.0571713
0.890625 3.0594 0.0594047
0.890625 3.0594 0.0594047
0.9375 3.06149 0.0614949
0.9375 3.06149 0.0614949
0.984375 3.06344 0.063437
0.984375 3.06344 0.063437
1.03125 3.06523 0.0652263
1.03125 3.06523 0.0652263
1.07812 3.06686 0.0668584
1.07812 3.06686 0.0668584
1.125 3.06833 0.0683295
1.125 3.06833 0.0683295
1.17188 3.06964 0.069636
1.17188 3.06964 0.069636
1.21875 3.07077 0.0707747
1.21875 3.07077 0.0707747
1.26562 3.07174 0.0717428
1.26562 3.07174 0.0717428
1.3125 3.07254 0.0725382
1.3125 3.07254 0.0725382
1.35938 3.07316 0.0731588
1.35938 3.07316 0.0731588
1.40625 3.0736 0.0736032
1.40625 3.0736 0.0736032
1.45312 3.07387 0.0738702
1.45312 3.07387 0.0738702
1.5 3.07396 0.0739593
1.5 3.07396 0.0739593
1.54688 3.07387 0.0738702
1.54688 3.07387 0.0738702
1.59375 3.0736 0.0736032
1.59375 3.0736 0.0736032
1.64062 3.07316 0.0731588
1.64062 3.07316 0.0731588
1.6875 3.07254 0.0725382
1.6875 3.07254 0.0725382
1.73438 3.07174 0.0717428
1.73438 3.07174 0.0717428
1.78125 3.07077 0.0707747
1.78125 3.07077 0.0707747
1.82812 3.06964 0.069636
1.82812 3.06964 0.069636
1.875 3.06833 0.0683295
1.875 3.06833 0.0683295
1.92188 3.06686 0.0668584
1.92188 3.06686 0.0668584
1.96875 3.06523 0.0652263
1.96875 3.06523 0.0652263
2.01562 3.06344 0.063437
2.01562 3.06344 0.063437
2.0625 3.06149 0.0614949
2.0625 3.06149 0.0614949
2.10938 3.0594 0.0594047
2.10938 3.0594 0.0594047
2.15625 3.05717 0.0571713
2.15625 3.05717 0.0571713
2.20312 3.0548 0.0548002
2.20312 3.0548 0.0548002
2.25 3.0523 0.0522971
2.25 3.0523 0.0522971
2.29688 3.04967 0.0496681
2.29688 3.04967 0.0496681
2.34375 3.04692 0.0469194
2.34375 3.04692 0.0469194
2.39062 3.04406 0.0440579
2.39062 3.04406 0.0440579
2.4375 3.04109 0.0410908
2.4375 3.04109 0.0410908
2.48438 3.03803 0.0380265
2.48438 3.03803 0.0380265
2.53125 3.03488 0.0348751
2.53125 3.03488 0.0348751
2.57812 3.03165 0.0316506
2.57812 3.03165 0.0316506
2.625 3.02837 0.0283747
2.625 3.02837 0.0283747
2.67188 3.02508 0.0250814
2.67188 3.02508 0.0250814
2.71875 3.02182 0.0218249
2.71875 3.02182 0.0218249
2.76562 3.01869 0.018686
2.76562 3.01869 0.018686
2.8125 3.01578 0.0157761
2.8125 3.01578 0.0157761
2.85938 3.01323 0.0132341
2.85938 3.01323 0.0132341
2.90625 3.01121 0.0112129
2.90625 3.01121 0.0112129
2.95312 3.00986 0.00985665
2.95312 3.00986 0.00985665
3 3.00927 0.00927307
