# x y topography
0 3.00536 0.00536212
0.046875 3.00631 0.00631143
0.046875 3.00631 0.00631143
0.09375 3.00843 0.00843498
0.09375 3.00843 0.00843498
0.140625 3.01135 0.0113497
0.140625 3.01135 0.0113497
0.1875 3.01468 0.0146779
0.1875 3.01468 0.0146779
0.234375 3.01816 0.0181619
0.234375 3.01816 0.0181619
0.28125 3.02167 0.0216684
0.28125 3.02167 0.0216684
0.328125 3.02514 0.0251413
0.328125 3.02514 0.0251413
0.375 3.02856 0.0285577
0.375 3.02856 0.0285577
0.421875 3.03191 0.0319061
0.421875 3.03191 0.0319061
0.46875 3.03518 0.0351777
0.46875 3.03518 0.0351777
0.515625 3.03836 0.0383646
0.515625 3.03836 0.0383646
0.5625 3.04146 0.0414591
0.5625 3.04146 0.0414591
0.609375 3.04445 0.0444537
0.609375 3.04445 0.0444537
0.65625 3.04734 0.0473413
0.65625 3.04734 0.0473413
0.703125 3.05011 0.0501147
0.703125 3.05011 0.0501147
0.75 3.05277 0.0527675
0.75 3.05277 0.0527675
0.796875 3.05529 0.0552931
0.796875 3.05529 0.0552931
0.84375 3.05769 0.0576855
0.84375 3.05769 0.0576855
0.890625 3.05994 0.0599389
0.890625 3.05994 0.0599389
0.9375 3.06205 0.062048
0.9375 3.06205 0.062048
0.984375 3.06401 0.0640075
0.984375 3.06401 0.0640075
1.03125 3.06581 0.0658129
1.03125 3.06581 0.0658129
1.07812 3.06746 0.0674597
1.07812 3.06746 0.0674597
1.125 3.06894 0.068944
1.125 3.06894 0.068944
1.17188 3.07026 0.0702622
1.17188 3.07026 0.0702622
1.21875 3.07141 0.0714112
1.21875 3.07141 0.0714112
1.26562 3.07239 0.0723881
1.26562 3.07239 0.0723881
1.3125 3.07319 0.0731906
1.3125 3.07319 0.0731906
1.35938 3.07382 0.0738168
1.35938 3.07382 0.0738168
1.40625 3.07427 0.0742651
1.40625 3.07427 0.0742651
1.45312 3.07453 0.0745346
1.45312 3.07453 0.0745346
1.5 3.07462 0.0746245
1.5 3.07462 0.0746245
1.54688 3.07453 0.0745346
1.54688 3.07453 0.0745346
1.59375 3.07427 0.0742651
1.59375 3.07427 0.0742651
1.64062 3.07382 0.0738168
1.64062 3.07382 0.0738168
1.6875 3.07319 0.0731906
1.6875 3.07319 0.0731906
1.73438 3.07239 0.0723881
1.73438 3.07239 0.0723881
1.78125 3.07141 0.0714112
1.78125 3.07141 0.0714112
1.82812 3.07026 0.0702622
1.82812 3.07026 0.0702622
1.875 3.06894 0.068944
1.875 3.06894 0.068944
1.92188 3.06746 0.0674597
1.92188 3.06746 0.0674597
1.96875 3.06581 0.0658129
1.96875 3.06581 0.0658129
2.01562 3.06401 0.0640075
2.01562 3.06401 0.0640075
2.0625 3.06205 0.062048
2.0625 3.06205 0.062048
2.10938 3.05994 0.0599389
2.10938 3.05994 0.0599389
2.15625 3.05769 0.0576855
2.15625 3.05769 0.0576855
2.20312 3.05529 0.0552931
2.20312 3.05529 0.0552931
2.25 3.05277 0.0527675
2.25 3.05277 0.0527675
2.29688 3.05011 0.0501147
2.29688 3.05011 0.0501147
2.34375 3.04734 0.0473413
2.34375 3.04734 0.0473413
2.39062 3.04445 0.0444537
2.39062 3.04445 0.0444537
2.4375 3.04146 0.0414591
2.4375 3.04146 0.0414591
2.48438 3.03836 0.0383646
2.48438 3.03836 0.0383646
2.53125 3.03518 0.0351777
2.53125 3.03518 0.0351777
2.57812 3.03191 0.0319061
2.57812 3.03191 0.0319061
2.625 3.02856 0.0285577
2.625 3.02856 0.0285577
2.67188 3.02514 0.0251413
2.67188 3.02514 0.0251413
2.71875 3.02167 0.0216684
2.71875 3.02167 0.0216684
2.76562 3.01816 0.0181619
2.76562 3.01816 0.0181619
2.8125 3.01468 0.0146779
2.8125 3.01468 0.0146779
2.85938 3.01135 0.0113497
2.85938 3.01135 0.0113497
2.90625 3.00843 0.00843498
2.90625 3.00843 0.00843498
2.95312 3.00631 0.00631143
2.95312 3.00631 0.00631143
3 3.00536 0.00536212
