# x y z topography
0 0 1.00055 0.000548814
100 0 1.00072 0.000715189
0 100 1.00079 0.000791725
100 100 0.999042 -0.00095765
100 0 1.00072 0.000715189
200 0 1.0006 0.000602763
100 100 0.999042 -0.00095765
200 100 0.998056 -0.00194421
200 0 1.0006 0.000602763
300 0 1.00054 0.000544883
200 100 0.998056 -0.00194421
300 100 0.996417 -0.00358298
300 0 1.00054 0.000544883
400 0 1.00042 0.000423655
300 100 0.996417 -0.00358298
400 100 0.995901 -0.00409882
0 100 1.00079 0.000791725
100 100 0.999042 -0.00095765
0 200 1.00098 0.000978618
100 200 0.995722 -0.00427766
100 100 0.999042 -0.00095765
200 100 0.998056 -0.00194421
100 200 0.995722 -0.00427766
200 200 0.992556 -0.00744353
200 100 0.998056 -0.00194421
300 100 0.996417 -0.00358298
200 200 0.992556 -0.00744353
300 200 0.990335 -0.00966468
300 100 0.996417 -0.00358298
400 100 0.995901 -0.00409882
300 200 0.990335 -0.00966468
400 200 0.9887 -0.0112997
0 200 1.00098 0.000978618
100 200 0.995722 -0.00427766
0 300 1.00026 0.000264556
100 300 0.994595 -0.0054052
100 200 0.995722 -0.00427766
200 200 0.992556 -0.00744353
100 300 0.994595 -0.0054052
200 300 0.988648 -0.011352
400 0 1.00042 0.000423655
500 0 1.00065 0.000645894
400 100 0.995901 -0.00409882
500 100 0.995986 -0.00401368
500 0 1.00065 0.000645894
600 0 1.00044 0.000437587
500 100 0.995986 -0.00401368
600 100 0.99649 -0.00350999
400 100 0.995901 -0.00409882
500 100 0.995986 -0.00401368
400 200 0.9887 -0.0112997
500 200 0.988677 -0.0113227
500 100 0.995986 -0.00401368
600 100 0.99649 -0.00350999
500 200 0.988677 -0.0113227
600 200 0.990307 -0.00969345
200 200 0.992556 -0.00744353
300 200 0.990335 -0.00966468
200 300 0.988648 -0.011352
300 300 0.98511 -0.0148897
300 200 0.990335 -0.00966468
400 200 0.9887 -0.0112997
300 300 0.98511 -0.0148897
400 300 0.982685 -0.0173155
0 300 1.00026 0.000264556
100 300 0.994595 -0.0054052
0 400 1.00036 0.000359508
100 400 0.993803 -0.00619739
100 300 0.994595 -0.0054052
200 300 0.988648 -0.011352
100 400 0.993803 -0.00619739
200 400 0.9879 -0.0121
200 300 0.988648 -0.011352
300 300 0.98511 -0.0148897
200 400 0.9879 -0.0121
300 400 0.982893 -0.0171074
300 300 0.98511 -0.0148897
400 300 0.982685 -0.0173155
300 400 0.982893 -0.0171074
400 400 0.979286 -0.0207142
600 0 1.00044 0.000437587
700 0 1.00089 0.000891773
600 100 0.99649 -0.00350999
700 100 0.998171 -0.00182852
700 0 1.00089 0.000891773
800 0 1.00096 0.000963663
700 100 0.998171 -0.00182852
800 100 0.99912 -0.00088028
600 100 0.99649 -0.00350999
700 100 0.998171 -0.00182852
600 200 0.990307 -0.00969345
700 200 0.992696 -0.00730423
700 100 0.998171 -0.00182852
800 100 0.99912 -0.00088028
700 200 0.992696 -0.00730423
800 200 0.995779 -0.00422107
400 200 0.9887 -0.0112997
500 200 0.988677 -0.0113227
400 300 0.982685 -0.0173155
500 300 0.982754 -0.0172461
500 200 0.988677 -0.0113227
600 200 0.990307 -0.00969345
500 300 0.982754 -0.0172461
600 300 0.985174 -0.014826
600 200 0.990307 -0.00969345
700 200 0.992696 -0.00730423
600 300 0.985174 -0.014826
700 300 0.988788 -0.0112123
700 200 0.992696 -0.00730423
800 200 0.995779 -0.00422107
700 300 0.988788 -0.0112123
800 300 0.994804 -0.00519552
400 300 0.982685 -0.0173155
500 300 0.982754 -0.0172461
400 400 0.979286 -0.0207142
500 400 0.980017 -0.0199831
500 300 0.982754 -0.0172461
600 300 0.985174 -0.014826
500 400 0.980017 -0.0199831
600 400 0.983639 -0.0163608
600 300 0.985174 -0.014826
700 300 0.988788 -0.0112123
600 400 0.983639 -0.0163608
700 400 0.987987 -0.0120128
700 300 0.988788 -0.0112123
800 300 0.994804 -0.00519552
700 400 0.987987 -0.0120128
800 400 0.993853 -0.00614672
0 400 1.00036 0.000359508
100 400 0.993803 -0.00619739
0 500 1.00057 0.000570197
100 500 0.992341 -0.00765917
100 400 0.993803 -0.00619739
200 400 0.9879 -0.0121
100 500 0.992341 -0.00765917
200 500 0.985082 -0.0149179
200 400 0.9879 -0.0121
300 400 0.982893 -0.0171074
200 500 0.985082 -0.0149179
300 500 0.979957 -0.0200431
300 400 0.982893 -0.0171074
400 400 0.979286 -0.0207142
300 500 0.979957 -0.0200431
400 500 0.976863 -0.0231367
0 500 1.00057 0.000570197
100 500 0.992341 -0.00765917
0 600 1.00016 0.00015897
100 600 0.992318 -0.00768217
100 500 0.992341 -0.00765917
200 500 0.985082 -0.0149179
100 600 0.992318 -0.00768217
200 600 0.984464 -0.0155355
200 500 0.985082 -0.0149179
300 500 0.979957 -0.0200431
200 600 0.984464 -0.0155355
300 600 0.978941 -0.0210587
300 500 0.979957 -0.0200431
400 500 0.976863 -0.0231367
300 600 0.978941 -0.0210587
400 600 0.975948 -0.0240523
400 400 0.979286 -0.0207142
500 400 0.980017 -0.0199831
400 500 0.976863 -0.0231367
500 500 0.977092 -0.0229078
500 400 0.980017 -0.0199831
600 400 0.983639 -0.0163608
500 500 0.977092 -0.0229078
600 500 0.979886 -0.0201138
0 600 1.00016 0.00015897
100 600 0.992318 -0.00768217
0 700 1.00098 0.000976459
100 700 0.992106 -0.00789418
100 600 0.992318 -0.00768217
200 600 0.984464 -0.0155355
100 700 0.992106 -0.00789418
200 700 0.984667 -0.0153334
200 600 0.984464 -0.0155355
300 600 0.978941 -0.0210587
200 700 0.984667 -0.0153334
300 700 0.979506 -0.0204939
300 600 0.978941 -0.0210587
400 600 0.975948 -0.0240523
300 700 0.979506 -0.0204939
400 700 0.975701 -0.0242989
0 700 1.00098 0.000976459
100 700 0.992106 -0.00789418
0 800 1.00032 0.000317983
100 800 0.993531 -0.00646858
100 700 0.992106 -0.00789418
200 700 0.984667 -0.0153334
100 800 0.993531 -0.00646858
200 800 0.986084 -0.0139157
200 700 0.984667 -0.0153334
300 700 0.979506 -0.0204939
200 800 0.986084 -0.0139157
300 800 0.980489 -0.019511
300 700 0.979506 -0.0204939
400 700 0.975701 -0.0242989
300 800 0.980489 -0.019511
400 800 0.977066 -0.0229342
600 400 0.983639 -0.0163608
700 400 0.987987 -0.0120128
600 500 0.979886 -0.0201138
700 500 0.985115 -0.0148852
700 400 0.987987 -0.0120128
800 400 0.993853 -0.00614672
700 500 0.985115 -0.0148852
800 500 0.992574 -0.00742554
400 500 0.976863 -0.0231367
500 500 0.977092 -0.0229078
400 600 0.975948 -0.0240523
500 600 0.975872 -0.0241284
500 500 0.977092 -0.0229078
600 500 0.979886 -0.0201138
500 600 0.975872 -0.0241284
600 600 0.978766 -0.0212339
600 500 0.979886 -0.0201138
700 500 0.985115 -0.0148852
600 600 0.978766 -0.0212339
700 600 0.984494 -0.0155065
700 500 0.985115 -0.0148852
800 500 0.992574 -0.00742554
700 600 0.984494 -0.0155065
800 600 0.992349 -0.00765102
400 600 0.975948 -0.0240523
500 600 0.975872 -0.0241284
400 700 0.975701 -0.0242989
500 700 0.975977 -0.0240234
500 600 0.975872 -0.0241284
600 600 0.978766 -0.0212339
500 700 0.975977 -0.0240234
600 700 0.979187 -0.0208131
400 700 0.975701 -0.0242989
500 700 0.975977 -0.0240234
400 800 0.977066 -0.0229342
500 800 0.97711 -0.0228902
500 700 0.975977 -0.0240234
600 700 0.979187 -0.0208131
500 800 0.97711 -0.0228902
600 800 0.980325 -0.0196755
800 0 1.00096 0.000963663
900 0 1.00038 0.000383442
800 100 0.99912 -0.00088028
900 100 1.00087 0.000870012
800 100 0.99912 -0.00088028
900 100 1.00087 0.000870012
800 200 0.995779 -0.00422107
900 200 1.00041 0.000414662
800 200 0.995779 -0.00422107
900 200 1.00041 0.000414662
800 300 0.994804 -0.00519552
900 300 1.00068 0.00068182
800 300 0.994804 -0.00519552
900 300 1.00068 0.00068182
800 400 0.993853 -0.00614672
900 400 1.00036 0.000363711
800 400 0.993853 -0.00614672
900 400 1.00036 0.000363711
800 500 0.992574 -0.00742554
900 500 1.00024 0.000244426
800 500 0.992574 -0.00742554
900 500 1.00024 0.000244426
800 600 0.992349 -0.00765102
900 600 1.0001 9.60984e-05
600 600 0.978766 -0.0212339
700 600 0.984494 -0.0155065
600 700 0.979187 -0.0208131
700 700 0.984579 -0.0154205
700 600 0.984494 -0.0155065
800 600 0.992349 -0.00765102
700 700 0.984579 -0.0154205
800 700 0.992311 -0.00768878
600 700 0.979187 -0.0208131
700 700 0.984579 -0.0154205
600 800 0.980325 -0.0196755
700 800 0.985935 -0.0140647
700 700 0.984579 -0.0154205
800 700 0.992311 -0.00768878
700 800 0.985935 -0.0140647
800 800 0.993544 -0.00645585
800 600 0.992349 -0.00765102
900 600 1.0001 9.60984e-05
800 700 0.992311 -0.00768878
900 700 1.00012 0.000118728
800 700 0.992311 -0.00768878
900 700 1.00012 0.000118728
800 800 0.993544 -0.00645585
900 800 1.00093 0.000929296
0 800 1.00032 0.000317983
100 800 0.993531 -0.00646858
0 900 1.00032 0.000318569
100 900 0.993518 -0.00648236
100 800 0.993531 -0.00646858
200 800 0.986084 -0.0139157
100 900 0.993518 -0.00648236
200 900 0.987023 -0.0129768
200 800 0.986084 -0.0139157
300 800 0.980489 -0.019511
200 900 0.987023 -0.0129768
300 900 0.981735 -0.0182645
300 800 0.980489 -0.019511
400 800 0.977066 -0.0229342
300 900 0.981735 -0.0182645
400 900 0.978437 -0.0215629
0 900 1.00032 0.000318569
100 900 0.993518 -0.00648236
0 1000 1.00068 0.000677817
100 1000 0.99422 -0.00578035
100 900 0.993518 -0.00648236
200 900 0.987023 -0.0129768
100 1000 0.99422 -0.00578035
200 1000 0.988524 -0.0114765
200 900 0.987023 -0.0129768
300 900 0.981735 -0.0182645
200 1000 0.988524 -0.0114765
300 1000 0.983896 -0.0161042
300 900 0.981735 -0.0182645
400 900 0.978437 -0.0215629
300 1000 0.983896 -0.0161042
400 1000 0.980316 -0.0196838
400 800 0.977066 -0.0229342
500 800 0.97711 -0.0228902
400 900 0.978437 -0.0215629
500 900 0.977861 -0.0221391
500 800 0.97711 -0.0228902
600 800 0.980325 -0.0196755
500 900 0.977861 -0.0221391
600 900 0.981383 -0.0186166
0 1000 1.00068 0.000677817
100 1000 0.99422 -0.00578035
0 1100 1.00045 0.000447125
100 1100 0.996629 -0.00337076
100 1000 0.99422 -0.00578035
200 1000 0.988524 -0.0114765
100 1100 0.996629 -0.00337076
200 1100 0.990558 -0.00944221
200 1000 0.988524 -0.0114765
300 1000 0.983896 -0.0161042
200 1100 0.990558 -0.00944221
300 1100 0.985752 -0.0142481
300 1000 0.983896 -0.0161042
400 1000 0.980316 -0.0196838
300 1100 0.985752 -0.0142481
400 1100 0.982832 -0.0171677
0 1100 1.00045 0.000447125
100 1100 0.996629 -0.00337076
0 1200 1.00073 0.000725254
100 1200 0.996868 -0.00313159
100 1100 0.996629 -0.00337076
200 1100 0.990558 -0.00944221
100 1200 0.996868 -0.00313159
200 1200 0.991791 -0.00820882
200 1100 0.990558 -0.00944221
300 1100 0.985752 -0.0142481
200 1200 0.991791 -0.00820882
300 1200 0.987562 -0.0124382
300 1100 0.985752 -0.0142481
400 1100 0.982832 -0.0171677
300 1200 0.987562 -0.0124382
400 1200 0.984937 -0.0150625
600 800 0.980325 -0.0196755
700 800 0.985935 -0.0140647
600 900 0.981383 -0.0186166
700 900 0.98703 -0.0129705
700 800 0.985935 -0.0140647
800 800 0.993544 -0.00645585
700 900 0.98703 -0.0129705
800 900 0.99338 -0.00661974
400 900 0.978437 -0.0215629
500 900 0.977861 -0.0221391
400 1000 0.980316 -0.0196838
500 1000 0.979809 -0.0201906
500 900 0.977861 -0.0221391
600 900 0.981383 -0.0186166
500 1000 0.979809 -0.0201906
600 1000 0.98326 -0.0167402
600 900 0.981383 -0.0186166
700 900 0.98703 -0.0129705
600 1000 0.98326 -0.0167402
700 1000 0.988767 -0.0112332
700 900 0.98703 -0.0129705
800 900 0.99338 -0.00661974
700 1000 0.988767 -0.0112332
800 1000 0.995009 -0.00499137
400 1000 0.980316 -0.0196838
500 1000 0.979809 -0.0201906
400 1100 0.982832 -0.0171677
500 1100 0.982953 -0.017047
500 1000 0.979809 -0.0201906
600 1000 0.98326 -0.0167402
500 1100 0.982953 -0.017047
600 1100 0.985737 -0.0142633
400 1100 0.982832 -0.0171677
500 1100 0.982953 -0.017047
400 1200 0.984937 -0.0150625
500 1200 0.985116 -0.0148844
500 1100 0.982953 -0.017047
600 1100 0.985737 -0.0142633
500 1200 0.985116 -0.0148844
600 1200 0.987203 -0.0127969
600 1000 0.98326 -0.0167402
700 1000 0.988767 -0.0112332
600 1100 0.985737 -0.0142633
700 1100 0.990093 -0.00990671
700 1000 0.988767 -0.0112332
800 1000 0.995009 -0.00499137
700 1100 0.990093 -0.00990671
800 1100 0.995725 -0.00427501
600 1100 0.985737 -0.0142633
700 1100 0.990093 -0.00990671
600 1200 0.987203 -0.0127969
700 1200 0.990465 -0.00953481
700 1100 0.990093 -0.00990671
800 1100 0.995725 -0.00427501
700 1200 0.990465 -0.00953481
800 1200 0.995355 -0.00464451
0 1200 1.00073 0.000725254
100 1200 0.996868 -0.00313159
0 1300 1.00062 0.000618015
100 1300 0.997778 -0.00222168
100 1200 0.996868 -0.00313159
200 1200 0.991791 -0.00820882
100 1300 0.997778 -0.00222168
200 1300 0.99272 -0.00727993
200 1200 0.991791 -0.00820882
300 1200 0.987562 -0.0124382
200 1300 0.99272 -0.00727993
300 1300 0.989108 -0.0108921
300 1200 0.987562 -0.0124382
400 1200 0.984937 -0.0150625
300 1300 0.989108 -0.0108921
400 1300 0.987134 -0.0128658
0 1300 1.00062 0.000618015
100 1300 0.997778 -0.00222168
0 1400 1.0009 0.000896547
100 1400 0.999284 -0.000715898
100 1300 0.997778 -0.00222168
200 1300 0.99272 -0.00727993
100 1400 0.999284 -0.000715898
200 1400 0.99505 -0.00495044
200 1300 0.99272 -0.00727993
300 1300 0.989108 -0.0108921
200 1400 0.99505 -0.00495044
300 1400 0.99249 -0.00751038
300 1300 0.989108 -0.0108921
400 1300 0.987134 -0.0128658
300 1400 0.99249 -0.00751038
400 1400 0.99081 -0.00919019
0 1400 1.0009 0.000896547
100 1400 0.999284 -0.000715898
0 1500 1.00015 0.000149448
100 1500 1.00104 0.00103702
100 1400 0.999284 -0.000715898
200 1400 0.99505 -0.00495044
100 1500 1.00104 0.00103702
200 1500 0.999249 -0.000750687
200 1400 0.99505 -0.00495044
300 1400 0.99249 -0.00751038
200 1500 0.999249 -0.000750687
300 1500 0.997149 -0.00285105
300 1400 0.99249 -0.00751038
400 1400 0.99081 -0.00919019
300 1500 0.997149 -0.00285105
400 1500 0.995412 -0.00458849
0 1500 1.00015 0.000149448
100 1500 1.00104 0.00103702
0 1600 1.0007 0.000697429
100 1600 1.00159 0.00159462
100 1500 1.00104 0.00103702
200 1500 0.999249 -0.000750687
100 1600 1.00159 0.00159462
200 1600 0.998894 -0.00110649
200 1500 0.999249 -0.000750687
300 1500 0.997149 -0.00285105
200 1600 0.998894 -0.00110649
300 1600 0.997505 -0.00249462
300 1500 0.997149 -0.00285105
400 1500 0.995412 -0.00458849
300 1600 0.997505 -0.00249462
400 1600 0.996437 -0.00356343
400 1200 0.984937 -0.0150625
500 1200 0.985116 -0.0148844
400 1300 0.987134 -0.0128658
500 1300 0.987138 -0.0128616
500 1200 0.985116 -0.0148844
600 1200 0.987203 -0.0127969
500 1300 0.987138 -0.0128616
600 1300 0.989114 -0.0108861
600 1200 0.987203 -0.0127969
700 1200 0.990465 -0.00953481
600 1300 0.989114 -0.0108861
700 1300 0.992283 -0.00771671
700 1200 0.990465 -0.00953481
800 1200 0.995355 -0.00464451
700 1300 0.992283 -0.00771671
800 1300 0.997351 -0.00264921
400 1300 0.987134 -0.0128658
500 1300 0.987138 -0.0128616
400 1400 0.99081 -0.00919019
500 1400 0.990353 -0.00964742
500 1300 0.987138 -0.0128616
600 1300 0.989114 -0.0108861
500 1400 0.990353 -0.00964742
600 1400 0.99212 -0.00787989
600 1300 0.989114 -0.0108861
700 1300 0.992283 -0.00771671
600 1400 0.99212 -0.00787989
700 1400 0.994689 -0.00531075
700 1300 0.992283 -0.00771671
800 1300 0.997351 -0.00264921
700 1400 0.994689 -0.00531075
800 1400 0.998554 -0.00144575
400 1400 0.99081 -0.00919019
500 1400 0.990353 -0.00964742
400 1500 0.995412 -0.00458849
500 1500 0.994637 -0.00536269
500 1400 0.990353 -0.00964742
600 1400 0.99212 -0.00787989
500 1500 0.994637 -0.00536269
600 1500 0.995683 -0.00431708
800 800 0.993544 -0.00645585
900 800 1.00093 0.000929296
800 900 0.99338 -0.00661974
900 900 1 4.69548e-06
800 900 0.99338 -0.00661974
900 900 1 4.69548e-06
800 1000 0.995009 -0.00499137
900 1000 1.00095 0.000952749
800 1000 0.995009 -0.00499137
900 1000 1.00095 0.000952749
800 1100 0.995725 -0.00427501
900 1100 1.00069 0.000692532
800 1100 0.995725 -0.00427501
900 1100 1.00069 0.000692532
800 1200 0.995355 -0.00464451
900 1200 1.00029 0.000290078
600 1400 0.99212 -0.00787989
700 1400 0.994689 -0.00531075
600 1500 0.995683 -0.00431708
700 1500 0.997538 -0.00246197
700 1400 0.994689 -0.00531075
800 1400 0.998554 -0.00144575
700 1500 0.997538 -0.00246197
800 1500 0.999796 -0.000203589
400 1500 0.995412 -0.00458849
500 1500 0.994637 -0.00536269
400 1600 0.996437 -0.00356343
500 1600 0.996501 -0.00349872
500 1500 0.994637 -0.00536269
600 1500 0.995683 -0.00431708
500 1600 0.996501 -0.00349872
600 1600 0.997296 -0.00270418
600 1500 0.995683 -0.00431708
700 1500 0.997538 -0.00246197
600 1600 0.997296 -0.00270418
700 1600 0.998326 -0.00167443
700 1500 0.997538 -0.00246197
800 1500 0.999796 -0.000203589
700 1600 0.998326 -0.00167443
800 1600 1.00106 0.00105873
800 1200 0.995355 -0.00464451
900 1200 1.00029 0.000290078
800 1300 0.997351 -0.00264921
900 1300 1.00043 0.000431418
800 1300 0.997351 -0.00264921
900 1300 1.00043 0.000431418
800 1400 0.998554 -0.00144575
900 1400 1.001 0.000998847
800 1400 0.998554 -0.00144575
900 1400 1.001 0.000998847
800 1500 0.999796 -0.000203589
900 1500 1.00007 6.9167e-05
800 1500 0.999796 -0.000203589
900 1500 1.00007 6.9167e-05
800 1600 1.00106 0.00105873
900 1600 1.00017 0.00017163
0 1600 1.0007 0.000697429
100 1600 1.00159 0.00159462
0 1700 1.00052 0.000521037
100 1700 1.00182 0.00181535
100 1600 1.00159 0.00159462
200 1600 0.998894 -0.00110649
100 1700 1.00182 0.00181535
200 1700 1.00121 0.00121106
0 1700 1.00052 0.000521037
100 1700 1.00182 0.00181535
0 1800 1.00016 0.000164694
100 1800 1.00371 0.0037141
100 1700 1.00182 0.00181535
200 1700 1.00121 0.00121106
100 1800 1.00371 0.0037141
200 1800 1.00448 0.00447949
0 1800 1.00016 0.000164694
100 1800 1.00371 0.0037141
0 1900 1.0004 0.000398221
100 1900 1.00021 0.000209844
100 1800 1.00371 0.0037141
200 1800 1.00448 0.00447949
100 1900 1.00021 0.000209844
200 1900 1.00019 0.000186193
200 1600 0.998894 -0.00110649
300 1600 0.997505 -0.00249462
200 1700 1.00121 0.00121106
300 1700 1.00058 0.000584676
300 1600 0.997505 -0.00249462
400 1600 0.996437 -0.00356343
300 1700 1.00058 0.000584676
400 1700 0.999641 -0.000358757
400 1600 0.996437 -0.00356343
500 1600 0.996501 -0.00349872
400 1700 0.999641 -0.000358757
500 1700 0.999984 -1.55164e-05
500 1600 0.996501 -0.00349872
600 1600 0.997296 -0.00270418
500 1700 0.999984 -1.55164e-05
600 1700 1.00095 0.000946189
200 1700 1.00121 0.00121106
300 1700 1.00058 0.000584676
200 1800 1.00448 0.00447949
300 1800 1.00398 0.00398171
300 1700 1.00058 0.000584676
400 1700 0.999641 -0.000358757
300 1800 1.00398 0.00398171
400 1800 1.00397 0.00396807
400 1700 0.999641 -0.000358757
500 1700 0.999984 -1.55164e-05
400 1800 1.00397 0.00396807
500 1800 1.00385 0.00385242
500 1700 0.999984 -1.55164e-05
600 1700 1.00095 0.000946189
500 1800 1.00385 0.00385242
600 1800 1.00377 0.00376852
200 1800 1.00448 0.00447949
300 1800 1.00398 0.00398171
200 1900 1.00019 0.000186193
300 1900 1.00094 0.000944372
300 1800 1.00398 0.00398171
400 1800 1.00397 0.00396807
300 1900 1.00094 0.000944372
400 1900 1.00074 0.000739551
600 1600 0.997296 -0.00270418
700 1600 0.998326 -0.00167443
600 1700 1.00095 0.000946189
700 1700 1.00114 0.00113567
700 1600 0.998326 -0.00167443
800 1600 1.00106 0.00105873
700 1700 1.00114 0.00113567
800 1700 1.00166 0.00166332
800 1600 1.00106 0.00105873
900 1600 1.00017 0.00017163
800 1700 1.00166 0.00166332
900 1700 1.00003 3.18389e-05
600 1700 1.00095 0.000946189
700 1700 1.00114 0.00113567
600 1800 1.00377 0.00376852
700 1800 1.0044 0.0044004
700 1700 1.00114 0.00113567
800 1700 1.00166 0.00166332
700 1800 1.0044 0.0044004
800 1800 1.00372 0.00372449
800 1700 1.00166 0.00166332
900 1700 1.00003 3.18389e-05
800 1800 1.00372 0.00372449
900 1800 1.00031 0.000311945
400 1800 1.00397 0.00396807
500 1800 1.00385 0.00385242
400 1900 1.00074 0.000739551
500 1900 1.00049 0.000490459
500 1800 1.00385 0.00385242
600 1800 1.00377 0.00376852
500 1900 1.00049 0.000490459
600 1900 1.00023 0.000227415
600 1800 1.00377 0.00376852
700 1800 1.0044 0.0044004
600 1900 1.00023 0.000227415
700 1900 1.00025 0.000254356
700 1800 1.0044 0.0044004
800 1800 1.00372 0.00372449
700 1900 1.00025 0.000254356
800 1900 1.00006 5.80292e-05
800 1800 1.00372 0.00372449
900 1800 1.00031 0.000311945
800 1900 1.00006 5.80292e-05
900 1900 1.00043 0.000434417
