# x y z topography
0 0 1.00055 0.000548814
100 0 1.00072 0.000715189
0 100 1.00079 0.000791725
100 100 1.001 0.000997558
100 0 1.00072 0.000715189
200 0 1.0006 0.000602763
100 100 1.001 0.000997558
200 100 1.00117 0.00116874
200 0 1.0006 0.000602763
300 0 1.00054 0.000544883
200 100 1.00117 0.00116874
300 100 1.00131 0.00131392
300 0 1.00054 0.000544883
400 0 1.00042 0.000423655
300 100 1.00131 0.00131392
400 100 1.00139 0.00139398
0 100 1.00079 0.000791725
100 100 1.001 0.000997558
0 200 1.00098 0.000978618
100 200 1.00132 0.00132229
100 100 1.001 0.000997558
200 100 1.00117 0.00116874
100 200 1.00132 0.00132229
200 200 1.00177 0.00176962
200 100 1.00117 0.00116874
300 100 1.00131 0.00131392
200 200 1.00177 0.00176962
300 200 1.0022 0.00220358
300 100 1.00131 0.00131392
400 100 1.00139 0.00139398
300 200 1.0022 0.00220358
400 200 1.00242 0.00242373
0 200 1.00098 0.000978618
100 200 1.00132 0.00132229
0 300 1.00026 0.000264556
100 300 1.00159 0.00158629
100 200 1.00132 0.00132229
200 200 1.00177 0.00176962
100 300 1.00159 0.00158629
200 300 1.00248 0.00247886
400 0 1.00042 0.000423655
500 0 1.00065 0.000645894
400 100 1.00139 0.00139398
500 100 1.00147 0.00146664
500 0 1.00065 0.000645894
600 0 1.00044 0.000437587
500 100 1.00147 0.00146664
600 100 1.00139 0.00138852
400 100 1.00139 0.00139398
500 100 1.00147 0.00146664
400 200 1.00242 0.00242373
500 200 1.00249 0.00248721
500 100 1.00147 0.00146664
600 100 1.00139 0.00138852
500 200 1.00249 0.00248721
600 200 1.00235 0.0023466
200 200 1.00177 0.00176962
300 200 1.0022 0.00220358
200 300 1.00248 0.00247886
300 300 1.00309 0.00309095
300 200 1.0022 0.00220358
400 200 1.00242 0.00242373
300 300 1.00309 0.00309095
400 300 1.00343 0.00343377
0 300 1.00026 0.000264556
100 300 1.00159 0.00158629
0 400 1.00036 0.000359508
100 400 1.00208 0.00208285
100 300 1.00159 0.00158629
200 300 1.00248 0.00247886
100 400 1.00208 0.00208285
200 400 1.00331 0.00331473
200 300 1.00248 0.00247886
300 300 1.00309 0.00309095
200 400 1.00331 0.00331473
300 400 1.00415 0.00414691
300 300 1.00309 0.00309095
400 300 1.00343 0.00343377
300 400 1.00415 0.00414691
400 400 1.00459 0.00459036
600 0 1.00044 0.000437587
700 0 1.00089 0.000891773
600 100 1.00139 0.00138852
700 100 1.00135 0.0013499
700 0 1.00089 0.000891773
800 0 1.00096 0.000963663
700 100 1.00135 0.0013499
800 100 1.00114 0.00114154
600 100 1.00139 0.00138852
700 100 1.00135 0.0013499
600 200 1.00235 0.0023466
700 200 1.00202 0.00201786
700 100 1.00135 0.0013499
800 100 1.00114 0.00114154
700 200 1.00202 0.00201786
800 200 1.00142 0.00141962
400 200 1.00242 0.00242373
500 200 1.00249 0.00248721
400 300 1.00343 0.00343377
500 300 1.00357 0.0035724
500 200 1.00249 0.00248721
600 200 1.00235 0.0023466
500 300 1.00357 0.0035724
600 300 1.00334 0.0033402
600 200 1.00235 0.0023466
700 200 1.00202 0.00201786
600 300 1.00334 0.0033402
700 300 1.00279 0.00278966
700 200 1.00202 0.00201786
800 200 1.00142 0.00141962
700 300 1.00279 0.00278966
800 300 1.0019 0.00189752
400 300 1.00343 0.00343377
500 300 1.00357 0.0035724
400 400 1.00459 0.00459036
500 400 1.00465 0.00464785
500 300 1.00357 0.0035724
600 300 1.00334 0.0033402
500 400 1.00465 0.00464785
600 400 1.00429 0.00429465
600 300 1.00334 0.0033402
700 300 1.00279 0.00278966
600 400 1.00429 0.00429465
700 400 1.00357 0.00356844
700 300 1.00279 0.00278966
800 300 1.0019 0.00189752
700 400 1.00357 0.00356844
800 400 1.00228 0.00228312
0 400 1.00036 0.000359508
100 400 1.00208 0.00208285
0 500 1.00057 0.000570197
100 500 1.00266 0.00266197
100 400 1.00208 0.00208285
200 400 1.00331 0.00331473
100 500 1.00266 0.00266197
200 500 1.00422 0.0042249
200 400 1.00331 0.00331473
300 400 1.00415 0.00414691
200 500 1.00422 0.0042249
300 500 1.00528 0.00528362
300 400 1.00415 0.00414691
400 400 1.00459 0.00459036
300 500 1.00528 0.00528362
400 500 1.00583 0.00583162
0 500 1.00057 0.000570197
100 500 1.00266 0.00266197
0 600 1.00016 0.00015897
100 600 1.00315 0.00314983
100 500 1.00266 0.00266197
200 500 1.00422 0.0042249
100 600 1.00315 0.00314983
200 600 1.00513 0.00513489
200 500 1.00422 0.0042249
300 500 1.00528 0.00528362
200 600 1.00513 0.00513489
300 600 1.00645 0.0064469
300 500 1.00528 0.00528362
400 500 1.00583 0.00583162
300 600 1.00645 0.0064469
400 600 1.00712 0.00711699
400 400 1.00459 0.00459036
500 400 1.00465 0.00464785
400 500 1.00583 0.00583162
500 500 1.00587 0.00586964
500 400 1.00465 0.00464785
600 400 1.00429 0.00429465
500 500 1.00587 0.00586964
600 500 1.00538 0.00537753
0 600 1.00016 0.00015897
100 600 1.00315 0.00314983
0 700 1.00098 0.000976459
100 700 1.00378 0.0037769
100 600 1.00315 0.00314983
200 600 1.00513 0.00513489
100 700 1.00378 0.0037769
200 700 1.006 0.00599767
200 600 1.00513 0.00513489
300 600 1.00645 0.0064469
200 700 1.006 0.00599767
300 700 1.0076 0.0075994
300 600 1.00645 0.0064469
400 600 1.00712 0.00711699
300 700 1.0076 0.0075994
400 700 1.0084 0.00839674
0 700 1.00098 0.000976459
100 700 1.00378 0.0037769
0 800 1.00032 0.000317983
100 800 1.00418 0.00418137
100 700 1.00378 0.0037769
200 700 1.006 0.00599767
100 800 1.00418 0.00418137
200 800 1.00687 0.00686735
200 700 1.006 0.00599767
300 700 1.0076 0.0075994
200 800 1.00687 0.00686735
300 800 1.00865 0.00865368
300 700 1.0076 0.0075994
400 700 1.0084 0.00839674
300 800 1.00865 0.00865368
400 800 1.00957 0.0095745
600 400 1.00429 0.00429465
700 400 1.00357 0.00356844
600 500 1.00538 0.00537753
700 500 1.00432 0.00432053
700 400 1.00357 0.00356844
800 400 1.00228 0.00228312
700 500 1.00432 0.00432053
800 500 1.00264 0.00264431
400 500 1.00583 0.00583162
500 500 1.00587 0.00586964
400 600 1.00712 0.00711699
500 600 1.00715 0.0071529
500 500 1.00587 0.00586964
600 500 1.00538 0.00537753
500 600 1.00715 0.0071529
600 600 1.00653 0.00653324
600 500 1.00538 0.00537753
700 500 1.00432 0.00432053
600 600 1.00653 0.00653324
700 600 1.00522 0.00521604
700 500 1.00432 0.00432053
800 500 1.00264 0.00264431
700 600 1.00522 0.00521604
800 600 1.00314 0.003136
400 600 1.00712 0.00711699
500 600 1.00715 0.0071529
400 700 1.0084 0.00839674
500 700 1.00845 0.00844917
500 600 1.00715 0.0071529
600 600 1.00653 0.00653324
500 700 1.00845 0.00844917
600 700 1.00773 0.00772594
400 700 1.0084 0.00839674
500 700 1.00845 0.00844917
400 800 1.00957 0.0095745
500 800 1.00971 0.0097111
500 700 1.00845 0.00844917
600 700 1.00773 0.00772594
500 800 1.00971 0.0097111
600 800 1.0089 0.0088994
800 0 1.00096 0.000963663
900 0 1.00038 0.000383442
800 100 1.00114 0.00114154
900 100 1.00087 0.000870012
800 100 1.00114 0.00114154
900 100 1.00087 0.000870012
800 200 1.00142 0.00141962
900 200 1.00041 0.000414662
800 200 1.00142 0.00141962
900 200 1.00041 0.000414662
800 300 1.0019 0.00189752
900 300 1.00068 0.00068182
800 300 1.0019 0.00189752
900 300 1.00068 0.00068182
800 400 1.00228 0.00228312
900 400 1.00036 0.000363711
800 400 1.00228 0.00228312
900 400 1.00036 0.000363711
800 500 1.00264 0.00264431
900 500 1.00024 0.000244426
800 500 1.00264 0.00264431
900 500 1.00024 0.000244426
800 600 1.00314 0.003136
900 600 1.0001 9.60984e-05
600 600 1.00653 0.00653324
700 600 1.00522 0.00521604
600 700 1.00773 0.00772594
700 700 1.00618 0.00618271
700 600 1.00522 0.00521604
800 600 1.00314 0.003136
700 700 1.00618 0.00618271
800 700 1.00375 0.00374788
600 700 1.00773 0.00772594
700 700 1.00618 0.00618271
600 800 1.0089 0.0088994
700 800 1.00717 0.00716847
700 700 1.00618 0.00618271
800 700 1.00375 0.00374788
700 800 1.00717 0.00716847
800 800 1.0045 0.00450223
800 600 1.00314 0.003136
900 600 1.0001 9.60984e-05
800 700 1.00375 0.00374788
900 700 1.00012 0.000118728
800 700 1.00375 0.00374788
900 700 1.00012 0.000118728
800 800 1.0045 0.00450223
900 800 1.00093 0.000929296
0 800 1.00032 0.000317983
100 800 1.00418 0.00418137
0 900 1.00032 0.000318569
100 900 1.00472 0.00471647
100 800 1.00418 0.00418137
200 800 1.00687 0.00686735
100 900 1.00472 0.00471647
200 900 1.00777 0.00776963
200 800 1.00687 0.00686735
300 800 1.00865 0.00865368
200 900 1.00777 0.00776963
300 900 1.00978 0.00977857
300 800 1.00865 0.00865368
400 800 1.00957 0.0095745
300 900 1.00978 0.00977857
400 900 1.0108 0.0107999
0 900 1.00032 0.000318569
100 900 1.00472 0.00471647
0 1000 1.00068 0.000677817
100 1000 1.00533 0.00533416
100 900 1.00472 0.00471647
200 900 1.00777 0.00776963
100 1000 1.00533 0.00533416
200 1000 1.00867 0.00867126
200 900 1.00777 0.00776963
300 900 1.00978 0.00977857
200 1000 1.00867 0.00867126
300 1000 1.01088 0.0108805
300 900 1.00978 0.00977857
400 900 1.0108 0.0107999
300 1000 1.01088 0.0108805
400 1000 1.01199 0.0119948
400 800 1.00957 0.0095745
500 800 1.00971 0.0097111
400 900 1.0108 0.0107999
500 900 1.01086 0.0108619
500 800 1.00971 0.0097111
600 800 1.0089 0.0088994
500 900 1.01086 0.0108619
600 900 1.00994 0.00994045
0 1000 1.00068 0.000677817
100 1000 1.00533 0.00533416
0 1100 1.00045 0.000447125
100 1100 1.00579 0.00579279
100 1000 1.00533 0.00533416
200 1000 1.00867 0.00867126
100 1100 1.00579 0.00579279
200 1100 1.00947 0.00946771
200 1000 1.00867 0.00867126
300 1000 1.01088 0.0108805
200 1100 1.00947 0.00946771
300 1100 1.01188 0.0118782
300 1000 1.01088 0.0108805
400 1000 1.01199 0.0119948
300 1100 1.01188 0.0118782
400 1100 1.01309 0.0130872
0 1100 1.00045 0.000447125
100 1100 1.00579 0.00579279
0 1200 1.00073 0.000725254
100 1200 1.00619 0.00619069
100 1100 1.00579 0.00579279
200 1100 1.00947 0.00946771
100 1200 1.00619 0.00619069
200 1200 1.01007 0.0100671
200 1100 1.00947 0.00946771
300 1100 1.01188 0.0118782
200 1200 1.01007 0.0100671
300 1200 1.01269 0.0126929
300 1100 1.01188 0.0118782
400 1100 1.01309 0.0130872
300 1200 1.01269 0.0126929
400 1200 1.01398 0.013981
600 800 1.0089 0.0088994
700 800 1.00717 0.00716847
600 900 1.00994 0.00994045
700 900 1.00804 0.00804167
700 800 1.00717 0.00716847
800 800 1.0045 0.00450223
700 900 1.00804 0.00804167
800 900 1.0049 0.00489729
400 900 1.0108 0.0107999
500 900 1.01086 0.0108619
400 1000 1.01199 0.0119948
500 1000 1.01204 0.0120432
500 900 1.01086 0.0108619
600 900 1.00994 0.00994045
500 1000 1.01204 0.0120432
600 1000 1.01101 0.0110117
600 900 1.00994 0.00994045
700 900 1.00804 0.00804167
600 1000 1.01101 0.0110117
700 1000 1.00886 0.00885524
700 900 1.00804 0.00804167
800 900 1.0049 0.00489729
700 1000 1.00886 0.00885524
800 1000 1.00553 0.00552881
400 1000 1.01199 0.0119948
500 1000 1.01204 0.0120432
400 1100 1.01309 0.0130872
500 1100 1.01313 0.013133
500 1000 1.01204 0.0120432
600 1000 1.01101 0.0110117
500 1100 1.01313 0.013133
600 1100 1.012 0.0120009
400 1100 1.01309 0.0130872
500 1100 1.01313 0.013133
400 1200 1.01398 0.013981
500 1200 1.01404 0.0140364
500 1100 1.01313 0.013133
600 1100 1.012 0.0120009
500 1200 1.01404 0.0140364
600 1200 1.01283 0.012832
600 1000 1.01101 0.0110117
700 1000 1.00886 0.00885524
600 1100 1.012 0.0120009
700 1100 1.00963 0.00963432
700 1000 1.00886 0.00885524
800 1000 1.00553 0.00552881
700 1100 1.00963 0.00963432
800 1100 1.00596 0.00595861
600 1100 1.012 0.0120009
700 1100 1.00963 0.00963432
600 1200 1.01283 0.012832
700 1200 1.01029 0.0102896
700 1100 1.00963 0.00963432
800 1100 1.00596 0.00595861
700 1200 1.01029 0.0102896
800 1200 1.00627 0.00627423
0 1200 1.00073 0.000725254
100 1200 1.00619 0.00619069
0 1300 1.00062 0.000618015
100 1300 1.0065 0.00650187
100 1200 1.00619 0.00619069
200 1200 1.01007 0.0100671
100 1300 1.0065 0.00650187
200 1300 1.01055 0.0105475
200 1200 1.01007 0.0100671
300 1200 1.01269 0.0126929
200 1300 1.01055 0.0105475
300 1300 1.01319 0.0131887
300 1200 1.01269 0.0126929
400 1200 1.01398 0.013981
300 1300 1.01319 0.0131887
400 1300 1.01451 0.0145141
0 1300 1.00062 0.000618015
100 1300 1.0065 0.00650187
0 1400 1.0009 0.000896547
100 1400 1.00672 0.00672037
100 1300 1.0065 0.00650187
200 1300 1.01055 0.0105475
100 1400 1.00672 0.00672037
200 1400 1.01079 0.0107881
200 1300 1.01055 0.0105475
300 1300 1.01319 0.0131887
200 1400 1.01079 0.0107881
300 1400 1.01342 0.0134246
300 1300 1.01319 0.0131887
400 1300 1.01451 0.0145141
300 1400 1.01342 0.0134246
400 1400 1.01473 0.0147302
0 1400 1.0009 0.000896547
100 1400 1.00672 0.00672037
0 1500 1.00015 0.000149448
100 1500 1.00654 0.00653627
100 1400 1.00672 0.00672037
200 1400 1.01079 0.0107881
100 1500 1.00654 0.00653627
200 1500 1.01061 0.0106143
200 1400 1.01079 0.0107881
300 1400 1.01342 0.0134246
200 1500 1.01061 0.0106143
300 1500 1.01317 0.0131688
300 1400 1.01342 0.0134246
400 1400 1.01473 0.0147302
300 1500 1.01317 0.0131688
400 1500 1.0144 0.0144042
0 1500 1.00015 0.000149448
100 1500 1.00654 0.00653627
0 1600 1.0007 0.000697429
100 1600 1.00627 0.00627267
100 1500 1.00654 0.00653627
200 1500 1.01061 0.0106143
100 1600 1.00627 0.00627267
200 1600 1.0099 0.00990432
200 1500 1.01061 0.0106143
300 1500 1.01317 0.0131688
200 1600 1.0099 0.00990432
300 1600 1.01219 0.0121863
300 1500 1.01317 0.0131688
400 1500 1.0144 0.0144042
300 1600 1.01219 0.0121863
400 1600 1.01327 0.0132738
400 1200 1.01398 0.013981
500 1200 1.01404 0.0140364
400 1300 1.01451 0.0145141
500 1300 1.01464 0.0146426
500 1200 1.01404 0.0140364
600 1200 1.01283 0.012832
500 1300 1.01464 0.0146426
600 1300 1.01341 0.0134083
600 1200 1.01283 0.012832
700 1200 1.01029 0.0102896
600 1300 1.01341 0.0134083
700 1300 1.01079 0.0107879
700 1200 1.01029 0.0102896
800 1200 1.00627 0.00627423
700 1300 1.01079 0.0107879
800 1300 1.00663 0.00663325
400 1300 1.01451 0.0145141
500 1300 1.01464 0.0146426
400 1400 1.01473 0.0147302
500 1400 1.01477 0.014775
500 1300 1.01464 0.0146426
600 1300 1.01341 0.0134083
500 1400 1.01477 0.014775
600 1400 1.01354 0.0135382
600 1300 1.01341 0.0134083
700 1300 1.01079 0.0107879
600 1400 1.01354 0.0135382
700 1400 1.011 0.0109954
700 1300 1.01079 0.0107879
800 1300 1.00663 0.00663325
700 1400 1.011 0.0109954
800 1400 1.00689 0.00688928
400 1400 1.01473 0.0147302
500 1400 1.01477 0.014775
400 1500 1.0144 0.0144042
500 1500 1.01442 0.014423
500 1400 1.01477 0.014775
600 1400 1.01354 0.0135382
500 1500 1.01442 0.014423
600 1500 1.01321 0.0132148
800 800 1.0045 0.00450223
900 800 1.00093 0.000929296
800 900 1.0049 0.00489729
900 900 1 4.69548e-06
800 900 1.0049 0.00489729
900 900 1 4.69548e-06
800 1000 1.00553 0.00552881
900 1000 1.00095 0.000952749
800 1000 1.00553 0.00552881
900 1000 1.00095 0.000952749
800 1100 1.00596 0.00595861
900 1100 1.00069 0.000692532
800 1100 1.00596 0.00595861
900 1100 1.00069 0.000692532
800 1200 1.00627 0.00627423
900 1200 1.00029 0.000290078
600 1400 1.01354 0.0135382
700 1400 1.011 0.0109954
600 1500 1.01321 0.0132148
700 1500 1.01066 0.0106601
700 1400 1.011 0.0109954
800 1400 1.00689 0.00688928
700 1500 1.01066 0.0106601
800 1500 1.00652 0.00652131
400 1500 1.0144 0.0144042
500 1500 1.01442 0.014423
400 1600 1.01327 0.0132738
500 1600 1.01327 0.0132743
500 1500 1.01442 0.014423
600 1500 1.01321 0.0132148
500 1600 1.01327 0.0132743
600 1600 1.01218 0.0121841
600 1500 1.01321 0.0132148
700 1500 1.01066 0.0106601
600 1600 1.01218 0.0121841
700 1600 1.00988 0.009878
700 1500 1.01066 0.0106601
800 1500 1.00652 0.00652131
700 1600 1.00988 0.009878
800 1600 1.00611 0.00610525
800 1200 1.00627 0.00627423
900 1200 1.00029 0.000290078
800 1300 1.00663 0.00663325
900 1300 1.00043 0.000431418
800 1300 1.00663 0.00663325
900 1300 1.00043 0.000431418
800 1400 1.00689 0.00688928
900 1400 1.001 0.000998847
800 1400 1.00689 0.00688928
900 1400 1.001 0.000998847
800 1500 1.00652 0.00652131
900 1500 1.00007 6.9167e-05
800 1500 1.00652 0.00652131
900 1500 1.00007 6.9167e-05
800 1600 1.00611 0.00610525
900 1600 1.00017 0.00017163
0 1600 1.0007 0.000697429
100 1600 1.00627 0.00627267
0 1700 1.00052 0.000521037
100 1700 1.00529 0.00529341
100 1600 1.00627 0.00627267
200 1600 1.0099 0.00990432
100 1700 1.00529 0.00529341
200 1700 1.00823 0.00822681
0 1700 1.00052 0.000521037
100 1700 1.00529 0.00529341
0 1800 1.00016 0.000164694
100 1800 1.00357 0.00357392
100 1700 1.00529 0.00529341
200 1700 1.00823 0.00822681
100 1800 1.00357 0.00357392
200 1800 1.00536 0.00535706
0 1800 1.00016 0.000164694
100 1800 1.00357 0.00357392
0 1900 1.0004 0.000398221
100 1900 1.00021 0.000209844
100 1800 1.00357 0.00357392
200 1800 1.00536 0.00535706
100 1900 1.00021 0.000209844
200 1900 1.00019 0.000186193
200 1600 1.0099 0.00990432
300 1600 1.01219 0.0121863
200 1700 1.00823 0.00822681
300 1700 1.01013 0.0101279
300 1600 1.01219 0.0121863
400 1600 1.01327 0.0132738
300 1700 1.01013 0.0101279
400 1700 1.01097 0.0109721
400 1600 1.01327 0.0132738
500 1600 1.01327 0.0132743
400 1700 1.01097 0.0109721
500 1700 1.01096 0.0109551
500 1600 1.01327 0.0132743
600 1600 1.01218 0.0121841
500 1700 1.01096 0.0109551
600 1700 1.01009 0.0100912
200 1700 1.00823 0.00822681
300 1700 1.01013 0.0101279
200 1800 1.00536 0.00535706
300 1800 1.00658 0.00657769
300 1700 1.01013 0.0101279
400 1700 1.01097 0.0109721
300 1800 1.00658 0.00657769
400 1800 1.00703 0.00702938
400 1700 1.01097 0.0109721
500 1700 1.01096 0.0109551
400 1800 1.00703 0.00702938
500 1800 1.00702 0.00701772
500 1700 1.01096 0.0109551
600 1700 1.01009 0.0100912
500 1800 1.00702 0.00701772
600 1800 1.00647 0.00646545
200 1800 1.00536 0.00535706
300 1800 1.00658 0.00657769
200 1900 1.00019 0.000186193
300 1900 1.00094 0.000944372
300 1800 1.00658 0.00657769
400 1800 1.00703 0.00702938
300 1900 1.00094 0.000944372
400 1900 1.00074 0.000739551
600 1600 1.01218 0.0121841
700 1600 1.00988 0.009878
600 1700 1.01009 0.0100912
700 1700 1.00827 0.00827359
700 1600 1.00988 0.009878
800 1600 1.00611 0.00610525
700 1700 1.00827 0.00827359
800 1700 1.00522 0.0052175
800 1600 1.00611 0.00610525
900 1600 1.00017 0.00017163
800 1700 1.00522 0.0052175
900 1700 1.00003 3.18389e-05
600 1700 1.01009 0.0100912
700 1700 1.00827 0.00827359
600 1800 1.00647 0.00646545
700 1800 1.00543 0.00542561
700 1700 1.00827 0.00827359
800 1700 1.00522 0.0052175
700 1800 1.00543 0.00542561
800 1800 1.00363 0.00363313
800 1700 1.00522 0.0052175
900 1700 1.00003 3.18389e-05
800 1800 1.00363 0.00363313
900 1800 1.00031 0.000311945
400 1800 1.00703 0.00702938
500 1800 1.00702 0.00701772
400 1900 1.00074 0.000739551
500 1900 1.00049 0.000490459
500 1800 1.00702 0.00701772
600 1800 1.00647 0.00646545
500 1900 1.00049 0.000490459
600 1900 1.00023 0.000227415
600 1800 1.00647 0.00646545
700 1800 1.00543 0.00542561
600 1900 1.00023 0.000227415
700 1900 1.00025 0.000254356
700 1800 1.00543 0.00542561
800 1800 1.00363 0.00363313
700 1900 1.00025 0.000254356
800 1900 1.00006 5.80292e-05
800 1800 1.00363 0.00363313
900 1800 1.00031 0.000311945
800 1900 1.00006 5.80292e-05
900 1900 1.00043 0.000434417
