# x y topography analytical topography
0 1 0 0.0247686
0.015625 1.00368 0.00368008 0.0249018
0.015625 1.00368 0.00368008 0.0249018
0.03125 1.00735 0.00735129 0.0252993
0.03125 1.00735 0.00735129 0.0252993
0.046875 1.011 0.0110048 0.025954
0.046875 1.011 0.0110048 0.025954
0.0625 1.01463 0.0146318 0.0268548
0.0625 1.01463 0.0146318 0.0268548
0.078125 1.01822 0.0182235 0.0279865
0.078125 1.01822 0.0182235 0.0279865
0.09375 1.02177 0.0217714 0.0293303
0.09375 1.02177 0.0217714 0.0293303
0.109375 1.02527 0.0252667 0.0308647
0.109375 1.02527 0.0252667 0.0308647
0.125 1.0287 0.0287013 0.0325658
0.125 1.0287 0.0287013 0.0325658
0.140625 1.03207 0.0320666 0.0344083
0.140625 1.03207 0.0320666 0.0344083
0.15625 1.03535 0.0353548 0.0363658
0.15625 1.03535 0.0353548 0.0363658
0.171875 1.03856 0.0385577 0.0384118
0.171875 1.03856 0.0385577 0.0384118
0.1875 1.04167 0.0416678 0.0405198
0.1875 1.04167 0.0416678 0.0405198
0.203125 1.04468 0.0446774 0.0426644
0.203125 1.04468 0.0446774 0.0426644
0.21875 1.04758 0.0475795 0.0448213
0.21875 1.04758 0.0475795 0.0448213
0.234375 1.05037 0.0503669 0.0469676
0.234375 1.05037 0.0503669 0.0469676
0.25 1.05303 0.053033 0.0490821
0.25 1.05303 0.053033 0.0490821
0.265625 1.05557 0.0555713 0.0511456
0.265625 1.05557 0.0555713 0.0511456
0.28125 1.05798 0.0579758 0.0531408
0.28125 1.05798 0.0579758 0.0531408
0.296875 1.06024 0.0602406 0.0550522
0.296875 1.06024 0.0602406 0.0550522
0.3125 1.06236 0.0623602 0.0568662
0.3125 1.06236 0.0623602 0.0568662
0.328125 1.06433 0.0643296 0.0585708
0.328125 1.06433 0.0643296 0.0585708
0.34375 1.06614 0.0661441 0.0601558
0.34375 1.06614 0.0661441 0.0601558
0.359375 1.0678 0.0677992 0.0616124
0.359375 1.0678 0.0677992 0.0616124
0.375 1.06929 0.069291 0.0629331
0.375 1.06929 0.069291 0.0629331
0.390625 1.07062 0.0706158 0.0641115
0.390625 1.07062 0.0706158 0.0641115
0.40625 1.07177 0.0717705 0.0651424
0.40625 1.07177 0.0717705 0.0651424
0.421875 1.07275 0.0727523 0.0660214
0.421875 1.07275 0.0727523 0.0660214
0.4375 1.07356 0.0735589 0.0667451
0.4375 1.07356 0.0735589 0.0667451
0.453125 1.07419 0.0741882 0.0673107
0.453125 1.07419 0.0741882 0.0673107
0.46875 1.07464 0.0746389 0.0677161
0.46875 1.07464 0.0746389 0.0677161
0.484375 1.07491 0.0749097 0.0679599
0.484375 1.07491 0.0749097 0.0679599
0.5 1.075 0.075 0.0680413
0.5 1.075 0.075 0.0680413
0.515625 1.07491 0.0749097 0.0679599
0.515625 1.07491 0.0749097 0.0679599
0.53125 1.07464 0.0746389 0.0677161
0.53125 1.07464 0.0746389 0.0677161
0.546875 1.07419 0.0741882 0.0673107
0.546875 1.07419 0.0741882 0.0673107
0.5625 1.07356 0.0735589 0.0667451
0.5625 1.07356 0.0735589 0.0667451
0.578125 1.07275 0.0727523 0.0660214
0.578125 1.07275 0.0727523 0.0660214
0.59375 1.07177 0.0717705 0.0651424
0.59375 1.07177 0.0717705 0.0651424
0.609375 1.07062 0.0706158 0.0641115
0.609375 1.07062 0.0706158 0.0641115
0.625 1.06929 0.069291 0.0629331
0.625 1.06929 0.069291 0.0629331
0.640625 1.0678 0.0677992 0.0616124
0.640625 1.0678 0.0677992 0.0616124
0.65625 1.06614 0.0661441 0.0601558
0.65625 1.06614 0.0661441 0.0601558
0.671875 1.06433 0.0643296 0.0585708
0.671875 1.06433 0.0643296 0.0585708
0.6875 1.06236 0.0623602 0.0568662
0.6875 1.06236 0.0623602 0.0568662
0.703125 1.06024 0.0602406 0.0550522
0.703125 1.06024 0.0602406 0.0550522
0.71875 1.05798 0.0579758 0.0531408
0.71875 1.05798 0.0579758 0.0531408
0.734375 1.05557 0.0555713 0.0511456
0.734375 1.05557 0.0555713 0.0511456
0.75 1.05303 0.053033 0.0490821
0.75 1.05303 0.053033 0.0490821
0.765625 1.05037 0.0503669 0.0469676
0.765625 1.05037 0.0503669 0.0469676
0.78125 1.04758 0.0475795 0.0448213
0.78125 1.04758 0.0475795 0.0448213
0.796875 1.04468 0.0446774 0.0426644
0.796875 1.04468 0.0446774 0.0426644
0.8125 1.04167 0.0416678 0.0405198
0.8125 1.04167 0.0416678 0.0405198
0.828125 1.03856 0.0385577 0.0384118
0.828125 1.03856 0.0385577 0.0384118
0.84375 1.03535 0.0353548 0.0363658
0.84375 1.03535 0.0353548 0.0363658
0.859375 1.03207 0.0320666 0.0344083
0.859375 1.03207 0.0320666 0.0344083
0.875 1.0287 0.0287013 0.0325658
0.875 1.0287 0.0287013 0.0325658
0.890625 1.02527 0.0252667 0.0308647
0.890625 1.02527 0.0252667 0.0308647
0.90625 1.02177 0.0217714 0.0293303
0.90625 1.02177 0.0217714 0.0293303
0.921875 1.01822 0.0182235 0.0279865
0.921875 1.01822 0.0182235 0.0279865
0.9375 1.01463 0.0146318 0.0268548
0.9375 1.01463 0.0146318 0.0268548
0.953125 1.011 0.0110048 0.025954
0.953125 1.011 0.0110048 0.025954
0.96875 1.00735 0.00735129 0.0252993
0.96875 1.00735 0.00735129 0.0252993
0.984375 1.00368 0.00368008 0.0249018
0.984375 1.00368 0.00368008 0.0249018
1 1 0 0.0247686
