# x y topography analytical topography
0 1 0 0.0260772
0.015625 1.00368 0.00368008 0.0261994
0.015625 1.00368 0.00368008 0.0261994
0.03125 1.00735 0.00735129 0.0265643
0.03125 1.00735 0.00735129 0.0265643
0.046875 1.011 0.0110048 0.0271658
0.046875 1.011 0.0110048 0.0271658
0.0625 1.01463 0.0146318 0.0279944
0.0625 1.01463 0.0146318 0.0279944
0.078125 1.01822 0.0182235 0.0290372
0.078125 1.01822 0.0182235 0.0290372
0.09375 1.02177 0.0217714 0.0302781
0.09375 1.02177 0.0217714 0.0302781
0.109375 1.02527 0.0252667 0.0316984
0.109375 1.02527 0.0252667 0.0316984
0.125 1.0287 0.0287013 0.0332773
0.125 1.0287 0.0287013 0.0332773
0.140625 1.03207 0.0320666 0.0349926
0.140625 1.03207 0.0320666 0.0349926
0.15625 1.03535 0.0353548 0.0368208
0.15625 1.03535 0.0353548 0.0368208
0.171875 1.03856 0.0385577 0.038738
0.171875 1.03856 0.0385577 0.038738
0.1875 1.04167 0.0416678 0.0407204
0.1875 1.04167 0.0416678 0.0407204
0.203125 1.04468 0.0446774 0.0427444
0.203125 1.04468 0.0446774 0.0427444
0.21875 1.04758 0.0475795 0.0447872
0.21875 1.04758 0.0475795 0.0447872
0.234375 1.05037 0.0503669 0.0468271
0.234375 1.05037 0.0503669 0.0468271
0.25 1.05303 0.053033 0.0488439
0.25 1.05303 0.053033 0.0488439
0.265625 1.05557 0.0555713 0.0508187
0.265625 1.05557 0.0555713 0.0508187
0.28125 1.05798 0.0579758 0.0527342
0.28125 1.05798 0.0579758 0.0527342
0.296875 1.06024 0.0602406 0.0545748
0.296875 1.06024 0.0602406 0.0545748
0.3125 1.06236 0.0623602 0.0563265
0.3125 1.06236 0.0623602 0.0563265
0.328125 1.06433 0.0643296 0.0579769
0.328125 1.06433 0.0643296 0.0579769
0.34375 1.06614 0.0661441 0.0595151
0.34375 1.06614 0.0661441 0.0595151
0.359375 1.0678 0.0677992 0.0609316
0.359375 1.0678 0.0677992 0.0609316
0.375 1.06929 0.069291 0.0622183
0.375 1.06929 0.069291 0.0622183
0.390625 1.07062 0.0706158 0.0633683
0.390625 1.07062 0.0706158 0.0633683
0.40625 1.07177 0.0717705 0.0643758
0.40625 1.07177 0.0717705 0.0643758
0.421875 1.07275 0.0727523 0.0652358
0.421875 1.07275 0.0727523 0.0652358
0.4375 1.07356 0.0735589 0.0659446
0.4375 1.07356 0.0735589 0.0659446
0.453125 1.07419 0.0741882 0.0664989
0.453125 1.07419 0.0741882 0.0664989
0.46875 1.07464 0.0746389 0.0668965
0.46875 1.07464 0.0746389 0.0668965
0.484375 1.07491 0.0749097 0.0671357
0.484375 1.07491 0.0749097 0.0671357
0.5 1.075 0.075 0.0672155
0.5 1.075 0.075 0.0672155
0.515625 1.07491 0.0749097 0.0671357
0.515625 1.07491 0.0749097 0.0671357
0.53125 1.07464 0.0746389 0.0668965
0.53125 1.07464 0.0746389 0.0668965
0.546875 1.07419 0.0741882 0.0664989
0.546875 1.07419 0.0741882 0.0664989
0.5625 1.07356 0.0735589 0.0659446
0.5625 1.07356 0.0735589 0.0659446
0.578125 1.07275 0.0727523 0.0652358
0.578125 1.07275 0.0727523 0.0652358
0.59375 1.07177 0.0717705 0.0643758
0.59375 1.07177 0.0717705 0.0643758
0.609375 1.07062 0.0706158 0.0633683
0.609375 1.07062 0.0706158 0.0633683
0.625 1.06929 0.069291 0.0622183
0.625 1.06929 0.069291 0.0622183
0.640625 1.0678 0.0677992 0.0609316
0.640625 1.0678 0.0677992 0.0609316
0.65625 1.06614 0.0661441 0.0595151
0.65625 1.06614 0.0661441 0.0595151
0.671875 1.06433 0.0643296 0.0579769
0.671875 1.06433 0.0643296 0.0579769
0.6875 1.06236 0.0623602 0.0563265
0.6875 1.06236 0.0623602 0.0563265
0.703125 1.06024 0.0602406 0.0545748
0.703125 1.06024 0.0602406 0.0545748
0.71875 1.05798 0.0579758 0.0527342
0.71875 1.05798 0.0579758 0.0527342
0.734375 1.05557 0.0555713 0.0508187
0.734375 1.05557 0.0555713 0.0508187
0.75 1.05303 0.053033 0.0488439
0.75 1.05303 0.053033 0.0488439
0.765625 1.05037 0.0503669 0.0468271
0.765625 1.05037 0.0503669 0.0468271
0.78125 1.04758 0.0475795 0.0447872
0.78125 1.04758 0.0475795 0.0447872
0.796875 1.04468 0.0446774 0.0427444
0.796875 1.04468 0.0446774 0.0427444
0.8125 1.04167 0.0416678 0.0407204
0.8125 1.04167 0.0416678 0.0407204
0.828125 1.03856 0.0385577 0.038738
0.828125 1.03856 0.0385577 0.038738
0.84375 1.03535 0.0353548 0.0368208
0.84375 1.03535 0.0353548 0.0368208
0.859375 1.03207 0.0320666 0.0349926
0.859375 1.03207 0.0320666 0.0349926
0.875 1.0287 0.0287013 0.0332773
0.875 1.0287 0.0287013 0.0332773
0.890625 1.02527 0.0252667 0.0316984
0.890625 1.02527 0.0252667 0.0316984
0.90625 1.02177 0.0217714 0.0302781
0.90625 1.02177 0.0217714 0.0302781
0.921875 1.01822 0.0182235 0.0290372
0.921875 1.01822 0.0182235 0.0290372
0.9375 1.01463 0.0146318 0.0279944
0.9375 1.01463 0.0146318 0.0279944
0.953125 1.011 0.0110048 0.0271658
0.953125 1.011 0.0110048 0.0271658
0.96875 1.00735 0.00735129 0.0265643
0.96875 1.00735 0.00735129 0.0265643
0.984375 1.00368 0.00368008 0.0261994
0.984375 1.00368 0.00368008 0.0261994
1 1 0 0.0260772
