# x y topography
0 1 0
0.015625 1.03137 0.0313734
0.015625 1.03137 0.0313734
0.03125 1.03166 0.0316556
0.03125 1.03166 0.0316556
0.046875 1.0321 0.0321041
0.046875 1.0321 0.0321041
0.0625 1.03271 0.0327145
0.0625 1.03271 0.0327145
0.078125 1.03348 0.0334799
0.078125 1.03348 0.0334799
0.09375 1.03439 0.0343917
0.09375 1.03439 0.0343917
0.109375 1.03544 0.0354394
0.109375 1.03544 0.0354394
0.125 1.03661 0.0366111
0.125 1.03661 0.0366111
0.140625 1.03789 0.0378933
0.140625 1.03789 0.0378933
0.15625 1.03927 0.0392715
0.15625 1.03927 0.0392715
0.171875 1.04073 0.0407303
0.171875 1.04073 0.0407303
0.1875 1.04225 0.0422537
0.1875 1.04225 0.0422537
0.203125 1.04383 0.0438254
0.203125 1.04383 0.0438254
0.21875 1.04543 0.0454288
0.21875 1.04543 0.0454288
0.234375 1.04705 0.0470475
0.234375 1.04705 0.0470475
0.25 1.04867 0.0486653
0.25 1.04867 0.0486653
0.265625 1.05027 0.0502666
0.265625 1.05027 0.0502666
0.28125 1.05184 0.0518363
0.28125 1.05184 0.0518363
0.296875 1.05336 0.05336
0.296875 1.05336 0.05336
0.3125 1.05482 0.0548244
0.3125 1.05482 0.0548244
0.328125 1.05622 0.056217
0.328125 1.05622 0.056217
0.34375 1.05753 0.0575262
0.34375 1.05753 0.0575262
0.359375 1.05874 0.0587415
0.359375 1.05874 0.0587415
0.375 1.05985 0.0598536
0.375 1.05985 0.0598536
0.390625 1.06085 0.0608541
0.390625 1.06085 0.0608541
0.40625 1.06174 0.0617357
0.40625 1.06174 0.0617357
0.421875 1.06249 0.062492
0.421875 1.06249 0.062492
0.4375 1.06312 0.0631179
0.4375 1.06312 0.0631179
0.453125 1.06361 0.0636091
0.453125 1.06361 0.0636091
0.46875 1.06396 0.0639623
0.46875 1.06396 0.0639623
0.484375 1.06418 0.0641752
0.484375 1.06418 0.0641752
0.5 1.06425 0.0642463
0.5 1.06425 0.0642463
0.515625 1.06418 0.0641752
0.515625 1.06418 0.0641752
0.53125 1.06396 0.0639623
0.53125 1.06396 0.0639623
0.546875 1.06361 0.0636091
0.546875 1.06361 0.0636091
0.5625 1.06312 0.0631179
0.5625 1.06312 0.0631179
0.578125 1.06249 0.062492
0.578125 1.06249 0.062492
0.59375 1.06174 0.0617357
0.59375 1.06174 0.0617357
0.609375 1.06085 0.0608541
0.609375 1.06085 0.0608541
0.625 1.05985 0.0598536
0.625 1.05985 0.0598536
0.640625 1.05874 0.0587415
0.640625 1.05874 0.0587415
0.65625 1.05753 0.0575262
0.65625 1.05753 0.0575262
0.671875 1.05622 0.056217
0.671875 1.05622 0.056217
0.6875 1.05482 0.0548244
0.6875 1.05482 0.0548244
0.703125 1.05336 0.05336
0.703125 1.05336 0.05336
0.71875 1.05184 0.0518363
0.71875 1.05184 0.0518363
0.734375 1.05027 0.0502666
0.734375 1.05027 0.0502666
0.75 1.04867 0.0486653
0.75 1.04867 0.0486653
0.765625 1.04705 0.0470475
0.765625 1.04705 0.0470475
0.78125 1.04543 0.0454288
0.78125 1.04543 0.0454288
0.796875 1.04383 0.0438254
0.796875 1.04383 0.0438254
0.8125 1.04225 0.0422537
0.8125 1.04225 0.0422537
0.828125 1.04073 0.0407303
0.828125 1.04073 0.0407303
0.84375 1.03927 0.0392715
0.84375 1.03927 0.0392715
0.859375 1.03789 0.0378933
0.859375 1.03789 0.0378933
0.875 1.03661 0.0366111
0.875 1.03661 0.0366111
0.890625 1.03544 0.0354394
0.890625 1.03544 0.0354394
0.90625 1.03439 0.0343917
0.90625 1.03439 0.0343917
0.921875 1.03348 0.0334799
0.921875 1.03348 0.0334799
0.9375 1.03271 0.0327145
0.9375 1.03271 0.0327145
0.953125 1.0321 0.0321041
0.953125 1.0321 0.0321041
0.96875 1.03166 0.0316556
0.96875 1.03166 0.0316556
0.984375 1.03137 0.0313734
0.984375 1.03137 0.0313734
1 1 0
