# x y topography
0 1 0
0.015625 1.01887 0.0188705
0.015625 1.01887 0.0188705
0.03125 1.0194 0.0193986
0.03125 1.0194 0.0193986
0.046875 1.02033 0.0203283
0.046875 1.02033 0.0203283
0.0625 1.02163 0.0216343
0.0625 1.02163 0.0216343
0.078125 1.02328 0.023281
0.078125 1.02328 0.023281
0.09375 1.02523 0.025225
0.09375 1.02523 0.025225
0.109375 1.02742 0.0274179
0.109375 1.02742 0.0274179
0.125 1.02981 0.0298092
0.125 1.02981 0.0298092
0.140625 1.03235 0.0323484
0.140625 1.03235 0.0323484
0.15625 1.03499 0.0349877
0.15625 1.03499 0.0349877
0.171875 1.03768 0.0376834
0.171875 1.03768 0.0376834
0.1875 1.0404 0.0403964
0.1875 1.0404 0.0403964
0.203125 1.04309 0.043093
0.203125 1.04309 0.043093
0.21875 1.04575 0.0457451
0.21875 1.04575 0.0457451
0.234375 1.04833 0.0483292
0.234375 1.04833 0.0483292
0.25 1.05083 0.050826
0.25 1.05083 0.050826
0.265625 1.05322 0.0532203
0.265625 1.05322 0.0532203
0.28125 1.0555 0.0554995
0.28125 1.0555 0.0554995
0.296875 1.05765 0.0576534
0.296875 1.05765 0.0576534
0.3125 1.05967 0.0596737
0.3125 1.05967 0.0596737
0.328125 1.06155 0.0615535
0.328125 1.06155 0.0615535
0.34375 1.06329 0.0632869
0.34375 1.06329 0.0632869
0.359375 1.06487 0.064869
0.359375 1.06487 0.064869
0.375 1.0663 0.0662955
0.375 1.0663 0.0662955
0.390625 1.06756 0.0675627
0.390625 1.06756 0.0675627
0.40625 1.06867 0.0686672
0.40625 1.06867 0.0686672
0.421875 1.06961 0.0696065
0.421875 1.06961 0.0696065
0.4375 1.07038 0.0703781
0.4375 1.07038 0.0703781
0.453125 1.07098 0.0709802
0.453125 1.07098 0.0709802
0.46875 1.07141 0.0714113
0.46875 1.07141 0.0714113
0.484375 1.07167 0.0716704
0.484375 1.07167 0.0716704
0.5 1.07176 0.0717569
0.5 1.07176 0.0717569
0.515625 1.07167 0.0716704
0.515625 1.07167 0.0716704
0.53125 1.07141 0.0714113
0.53125 1.07141 0.0714113
0.546875 1.07098 0.0709802
0.546875 1.07098 0.0709802
0.5625 1.07038 0.0703781
0.5625 1.07038 0.0703781
0.578125 1.06961 0.0696065
0.578125 1.06961 0.0696065
0.59375 1.06867 0.0686672
0.59375 1.06867 0.0686672
0.609375 1.06756 0.0675627
0.609375 1.06756 0.0675627
0.625 1.0663 0.0662955
0.625 1.0663 0.0662955
0.640625 1.06487 0.064869
0.640625 1.06487 0.064869
0.65625 1.06329 0.0632869
0.65625 1.06329 0.0632869
0.671875 1.06155 0.0615535
0.671875 1.06155 0.0615535
0.6875 1.05967 0.0596737
0.6875 1.05967 0.0596737
0.703125 1.05765 0.0576534
0.703125 1.05765 0.0576534
0.71875 1.0555 0.0554995
0.71875 1.0555 0.0554995
0.734375 1.05322 0.0532203
0.734375 1.05322 0.0532203
0.75 1.05083 0.050826
0.75 1.05083 0.050826
0.765625 1.04833 0.0483292
0.765625 1.04833 0.0483292
0.78125 1.04575 0.0457451
0.78125 1.04575 0.0457451
0.796875 1.04309 0.043093
0.796875 1.04309 0.043093
0.8125 1.0404 0.0403964
0.8125 1.0404 0.0403964
0.828125 1.03768 0.0376834
0.828125 1.03768 0.0376834
0.84375 1.03499 0.0349877
0.84375 1.03499 0.0349877
0.859375 1.03235 0.0323484
0.859375 1.03235 0.0323484
0.875 1.02981 0.0298092
0.875 1.02981 0.0298092
0.890625 1.02742 0.0274179
0.890625 1.02742 0.0274179
0.90625 1.02523 0.025225
0.90625 1.02523 0.025225
0.921875 1.02328 0.023281
0.921875 1.02328 0.023281
0.9375 1.02163 0.0216343
0.9375 1.02163 0.0216343
0.953125 1.02033 0.0203283
0.953125 1.02033 0.0203283
0.96875 1.0194 0.0193986
0.96875 1.0194 0.0193986
0.984375 1.01887 0.0188705
0.984375 1.01887 0.0188705
1 1 0
