# x y topography
0 1 0
0.015625 1.03188 0.0318831
0.015625 1.03188 0.0318831
0.03125 1.03216 0.0321587
0.03125 1.03216 0.0321587
0.046875 1.03259 0.0325942
0.046875 1.03259 0.0325942
0.0625 1.03319 0.0331853
0.0625 1.03319 0.0331853
0.078125 1.03393 0.0339256
0.078125 1.03393 0.0339256
0.09375 1.03481 0.034807
0.09375 1.03481 0.034807
0.109375 1.03582 0.0358196
0.109375 1.03582 0.0358196
0.125 1.03695 0.036952
0.125 1.03695 0.036952
0.140625 1.03819 0.0381915
0.140625 1.03819 0.0381915
0.15625 1.03952 0.0395243
0.15625 1.03952 0.0395243
0.171875 1.04094 0.0409358
0.171875 1.04094 0.0409358
0.1875 1.04241 0.0424107
0.1875 1.04241 0.0424107
0.203125 1.04393 0.0439333
0.203125 1.04393 0.0439333
0.21875 1.04549 0.0454878
0.21875 1.04549 0.0454878
0.234375 1.04706 0.0470583
0.234375 1.04706 0.0470583
0.25 1.04863 0.0486293
0.25 1.04863 0.0486293
0.265625 1.05019 0.0501855
0.265625 1.05019 0.0501855
0.28125 1.05171 0.0517123
0.28125 1.05171 0.0517123
0.296875 1.0532 0.0531956
0.296875 1.0532 0.0531956
0.3125 1.05462 0.0546224
0.3125 1.05462 0.0546224
0.328125 1.05598 0.0559802
0.328125 1.05598 0.0559802
0.34375 1.05726 0.0572577
0.34375 1.05726 0.0572577
0.359375 1.05844 0.0584446
0.359375 1.05844 0.0584446
0.375 1.05953 0.0595313
0.375 1.05953 0.0595313
0.390625 1.06051 0.0605096
0.390625 1.06051 0.0605096
0.40625 1.06137 0.0613721
0.40625 1.06137 0.0613721
0.421875 1.06211 0.0621124
0.421875 1.06211 0.0621124
0.4375 1.06273 0.0627253
0.4375 1.06273 0.0627253
0.453125 1.06321 0.0632065
0.453125 1.06321 0.0632065
0.46875 1.06355 0.0635525
0.46875 1.06355 0.0635525
0.484375 1.06376 0.0637611
0.484375 1.06376 0.0637611
0.5 1.06383 0.0638308
0.5 1.06383 0.0638308
0.515625 1.06376 0.0637611
0.515625 1.06376 0.0637611
0.53125 1.06355 0.0635525
0.53125 1.06355 0.0635525
0.546875 1.06321 0.0632065
0.546875 1.06321 0.0632065
0.5625 1.06273 0.0627253
0.5625 1.06273 0.0627253
0.578125 1.06211 0.0621124
0.578125 1.06211 0.0621124
0.59375 1.06137 0.0613721
0.59375 1.06137 0.0613721
0.609375 1.06051 0.0605096
0.609375 1.06051 0.0605096
0.625 1.05953 0.0595313
0.625 1.05953 0.0595313
0.640625 1.05844 0.0584446
0.640625 1.05844 0.0584446
0.65625 1.05726 0.0572577
0.65625 1.05726 0.0572577
0.671875 1.05598 0.0559802
0.671875 1.05598 0.0559802
0.6875 1.05462 0.0546224
0.6875 1.05462 0.0546224
0.703125 1.0532 0.0531956
0.703125 1.0532 0.0531956
0.71875 1.05171 0.0517123
0.71875 1.05171 0.0517123
0.734375 1.05019 0.0501855
0.734375 1.05019 0.0501855
0.75 1.04863 0.0486293
0.75 1.04863 0.0486293
0.765625 1.04706 0.0470583
0.765625 1.04706 0.0470583
0.78125 1.04549 0.0454878
0.78125 1.04549 0.0454878
0.796875 1.04393 0.0439333
0.796875 1.04393 0.0439333
0.8125 1.04241 0.0424107
0.8125 1.04241 0.0424107
0.828125 1.04094 0.0409358
0.828125 1.04094 0.0409358
0.84375 1.03952 0.0395243
0.84375 1.03952 0.0395243
0.859375 1.03819 0.0381915
0.859375 1.03819 0.0381915
0.875 1.03695 0.036952
0.875 1.03695 0.036952
0.890625 1.03582 0.0358196
0.890625 1.03582 0.0358196
0.90625 1.03481 0.034807
0.90625 1.03481 0.034807
0.921875 1.03393 0.0339256
0.921875 1.03393 0.0339256
0.9375 1.03319 0.0331853
0.9375 1.03319 0.0331853
0.953125 1.03259 0.0325942
0.953125 1.03259 0.0325942
0.96875 1.03216 0.0321587
0.96875 1.03216 0.0321587
0.984375 1.03188 0.0318831
0.984375 1.03188 0.0318831
1 1 0
