# x y topography
0 1 0
0.015625 1.03221 0.0322119
0.015625 1.03221 0.0322119
0.03125 1.03248 0.0324833
0.03125 1.03248 0.0324833
0.046875 1.03291 0.0329105
0.046875 1.03291 0.0329105
0.0625 1.03349 0.0334894
0.0625 1.03349 0.0334894
0.078125 1.03421 0.0342138
0.078125 1.03421 0.0342138
0.09375 1.03508 0.0350759
0.09375 1.03508 0.0350759
0.109375 1.03607 0.0360661
0.109375 1.03607 0.0360661
0.125 1.03717 0.0371735
0.125 1.03717 0.0371735
0.140625 1.03839 0.0383857
0.140625 1.03839 0.0383857
0.15625 1.03969 0.0396895
0.15625 1.03969 0.0396895
0.171875 1.04107 0.0410706
0.171875 1.04107 0.0410706
0.1875 1.04251 0.0425143
0.1875 1.04251 0.0425143
0.203125 1.04401 0.0440054
0.203125 1.04401 0.0440054
0.21875 1.04553 0.0455283
0.21875 1.04553 0.0455283
0.234375 1.04707 0.0470676
0.234375 1.04707 0.0470676
0.25 1.04861 0.0486082
0.25 1.04861 0.0486082
0.265625 1.05013 0.050135
0.265625 1.05013 0.050135
0.28125 1.05163 0.0516337
0.28125 1.05163 0.0516337
0.296875 1.05309 0.0530906
0.296875 1.05309 0.0530906
0.3125 1.05449 0.0544926
0.3125 1.05449 0.0544926
0.328125 1.05583 0.0558275
0.328125 1.05583 0.0558275
0.34375 1.05708 0.057084
0.34375 1.05708 0.057084
0.359375 1.05825 0.0582519
0.359375 1.05825 0.0582519
0.375 1.05932 0.0593218
0.375 1.05932 0.0593218
0.390625 1.06029 0.0602852
0.390625 1.06029 0.0602852
0.40625 1.06113 0.0611349
0.40625 1.06113 0.0611349
0.421875 1.06186 0.0618645
0.421875 1.06186 0.0618645
0.4375 1.06247 0.0624686
0.4375 1.06247 0.0624686
0.453125 1.06294 0.062943
0.453125 1.06294 0.062943
0.46875 1.06328 0.0632842
0.46875 1.06328 0.0632842
0.484375 1.06349 0.0634899
0.484375 1.06349 0.0634899
0.5 1.06356 0.0635586
0.5 1.06356 0.0635586
0.515625 1.06349 0.0634899
0.515625 1.06349 0.0634899
0.53125 1.06328 0.0632842
0.53125 1.06328 0.0632842
0.546875 1.06294 0.062943
0.546875 1.06294 0.062943
0.5625 1.06247 0.0624686
0.5625 1.06247 0.0624686
0.578125 1.06186 0.0618645
0.578125 1.06186 0.0618645
0.59375 1.06113 0.0611349
0.59375 1.06113 0.0611349
0.609375 1.06029 0.0602852
0.609375 1.06029 0.0602852
0.625 1.05932 0.0593218
0.625 1.05932 0.0593218
0.640625 1.05825 0.0582519
0.640625 1.05825 0.0582519
0.65625 1.05708 0.057084
0.65625 1.05708 0.057084
0.671875 1.05583 0.0558275
0.671875 1.05583 0.0558275
0.6875 1.05449 0.0544926
0.6875 1.05449 0.0544926
0.703125 1.05309 0.0530906
0.703125 1.05309 0.0530906
0.71875 1.05163 0.0516337
0.71875 1.05163 0.0516337
0.734375 1.05013 0.050135
0.734375 1.05013 0.050135
0.75 1.04861 0.0486082
0.75 1.04861 0.0486082
0.765625 1.04707 0.0470676
0.765625 1.04707 0.0470676
0.78125 1.04553 0.0455283
0.78125 1.04553 0.0455283
0.796875 1.04401 0.0440054
0.796875 1.04401 0.0440054
0.8125 1.04251 0.0425143
0.8125 1.04251 0.0425143
0.828125 1.04107 0.0410706
0.828125 1.04107 0.0410706
0.84375 1.03969 0.0396895
0.84375 1.03969 0.0396895
0.859375 1.03839 0.0383857
0.859375 1.03839 0.0383857
0.875 1.03717 0.0371735
0.875 1.03717 0.0371735
0.890625 1.03607 0.0360661
0.890625 1.03607 0.0360661
0.90625 1.03508 0.0350759
0.90625 1.03508 0.0350759
0.921875 1.03421 0.0342138
0.921875 1.03421 0.0342138
0.9375 1.03349 0.0334894
0.9375 1.03349 0.0334894
0.953125 1.03291 0.0329105
0.953125 1.03291 0.0329105
0.96875 1.03248 0.0324833
0.96875 1.03248 0.0324833
0.984375 1.03221 0.0322119
0.984375 1.03221 0.0322119
1 1 0
