# x y topography
0 1 0
0.015625 1.00906 0.00906
0.015625 1.00906 0.00906
0.03125 1.01027 0.0102691
0.03125 1.01027 0.0102691
0.046875 1.0124 0.012401
0.046875 1.0124 0.012401
0.0625 1.01519 0.015187
0.0625 1.01519 0.015187
0.078125 1.01836 0.018359
0.078125 1.01836 0.018359
0.09375 1.02171 0.0217121
0.09375 1.02171 0.0217121
0.109375 1.02512 0.0251177
0.109375 1.02512 0.0251177
0.125 1.02851 0.0285055
0.125 1.02851 0.0285055
0.140625 1.03184 0.03184
0.140625 1.03184 0.03184
0.15625 1.0351 0.0351027
0.15625 1.0351 0.0351027
0.171875 1.03828 0.0382823
0.171875 1.03828 0.0382823
0.1875 1.04137 0.04137
0.1875 1.04137 0.04137
0.203125 1.04436 0.0443581
0.203125 1.04436 0.0443581
0.21875 1.04724 0.0472394
0.21875 1.04724 0.0472394
0.234375 1.05001 0.050007
0.234375 1.05001 0.050007
0.25 1.05265 0.052654
0.25 1.05265 0.052654
0.265625 1.05517 0.0551742
0.265625 1.05517 0.0551742
0.28125 1.05756 0.0575614
0.28125 1.05756 0.0575614
0.296875 1.05981 0.05981
0.296875 1.05981 0.05981
0.3125 1.06191 0.0619145
0.3125 1.06191 0.0619145
0.328125 1.06387 0.0638699
0.328125 1.06387 0.0638699
0.34375 1.06567 0.0656714
0.34375 1.06567 0.0656714
0.359375 1.06731 0.0673146
0.359375 1.06731 0.0673146
0.375 1.0688 0.0687957
0.375 1.0688 0.0687957
0.390625 1.07011 0.0701111
0.390625 1.07011 0.0701111
0.40625 1.07126 0.0712576
0.40625 1.07126 0.0712576
0.421875 1.07223 0.0722324
0.421875 1.07223 0.0722324
0.4375 1.07303 0.0730332
0.4375 1.07303 0.0730332
0.453125 1.07366 0.073658
0.453125 1.07366 0.073658
0.46875 1.07411 0.0741054
0.46875 1.07411 0.0741054
0.484375 1.07437 0.0743743
0.484375 1.07437 0.0743743
0.5 1.07446 0.074464
0.5 1.07446 0.074464
0.515625 1.07437 0.0743743
0.515625 1.07437 0.0743743
0.53125 1.07411 0.0741054
0.53125 1.07411 0.0741054
0.546875 1.07366 0.073658
0.546875 1.07366 0.073658
0.5625 1.07303 0.0730332
0.5625 1.07303 0.0730332
0.578125 1.07223 0.0722324
0.578125 1.07223 0.0722324
0.59375 1.07126 0.0712576
0.59375 1.07126 0.0712576
0.609375 1.07011 0.0701111
0.609375 1.07011 0.0701111
0.625 1.0688 0.0687957
0.625 1.0688 0.0687957
0.640625 1.06731 0.0673146
0.640625 1.06731 0.0673146
0.65625 1.06567 0.0656714
0.65625 1.06567 0.0656714
0.671875 1.06387 0.0638699
0.671875 1.06387 0.0638699
0.6875 1.06191 0.0619145
0.6875 1.06191 0.0619145
0.703125 1.05981 0.05981
0.703125 1.05981 0.05981
0.71875 1.05756 0.0575614
0.71875 1.05756 0.0575614
0.734375 1.05517 0.0551742
0.734375 1.05517 0.0551742
0.75 1.05265 0.052654
0.75 1.05265 0.052654
0.765625 1.05001 0.050007
0.765625 1.05001 0.050007
0.78125 1.04724 0.0472394
0.78125 1.04724 0.0472394
0.796875 1.04436 0.0443581
0.796875 1.04436 0.0443581
0.8125 1.04137 0.04137
0.8125 1.04137 0.04137
0.828125 1.03828 0.0382823
0.828125 1.03828 0.0382823
0.84375 1.0351 0.0351027
0.84375 1.0351 0.0351027
0.859375 1.03184 0.03184
0.859375 1.03184 0.03184
0.875 1.02851 0.0285055
0.875 1.02851 0.0285055
0.890625 1.02512 0.0251177
0.890625 1.02512 0.0251177
0.90625 1.02171 0.0217121
0.90625 1.02171 0.0217121
0.921875 1.01836 0.018359
0.921875 1.01836 0.018359
0.9375 1.01519 0.015187
0.9375 1.01519 0.015187
0.953125 1.0124 0.012401
0.953125 1.0124 0.012401
0.96875 1.01027 0.0102691
0.96875 1.01027 0.0102691
0.984375 1.00906 0.00906
0.984375 1.00906 0.00906
1 1 0
