# x y topography
0 1 0
0.015625 1.01929 0.0192893
0.015625 1.01929 0.0192893
0.03125 1.0198 0.0198045
0.03125 1.0198 0.0198045
0.046875 1.02071 0.0207094
0.046875 1.02071 0.0207094
0.0625 1.02198 0.0219805
0.0625 1.02198 0.0219805
0.078125 1.02358 0.0235843
0.078125 1.02358 0.0235843
0.09375 1.02548 0.0254804
0.09375 1.02548 0.0254804
0.109375 1.02762 0.027623
0.109375 1.02762 0.027623
0.125 1.02996 0.029964
0.125 1.02996 0.029964
0.140625 1.03246 0.0324553
0.140625 1.03246 0.0324553
0.15625 1.03505 0.0350504
0.15625 1.03505 0.0350504
0.171875 1.03771 0.0377066
0.171875 1.03771 0.0377066
0.1875 1.04039 0.0403854
0.1875 1.04039 0.0403854
0.203125 1.04305 0.0430532
0.203125 1.04305 0.0430532
0.21875 1.04568 0.0456812
0.21875 1.04568 0.0456812
0.234375 1.04825 0.0482455
0.234375 1.04825 0.0482455
0.25 1.05073 0.0507265
0.25 1.05073 0.0507265
0.265625 1.05311 0.0531078
0.265625 1.05311 0.0531078
0.28125 1.05538 0.0553765
0.28125 1.05538 0.0553765
0.296875 1.05752 0.0575219
0.296875 1.05752 0.0575219
0.3125 1.05954 0.0595351
0.3125 1.05954 0.0595351
0.328125 1.06141 0.0614089
0.328125 1.06141 0.0614089
0.34375 1.06314 0.0631373
0.34375 1.06314 0.0631373
0.359375 1.06472 0.0647151
0.359375 1.06472 0.0647151
0.375 1.06614 0.0661379
0.375 1.06614 0.0661379
0.390625 1.0674 0.0674018
0.390625 1.0674 0.0674018
0.40625 1.0685 0.0685036
0.40625 1.0685 0.0685036
0.421875 1.06944 0.0694406
0.421875 1.06944 0.0694406
0.4375 1.07021 0.0702103
0.4375 1.07021 0.0702103
0.453125 1.07081 0.070811
0.453125 1.07081 0.070811
0.46875 1.07124 0.071241
0.46875 1.07124 0.071241
0.484375 1.0715 0.0714995
0.484375 1.0715 0.0714995
0.5 1.07159 0.0715857
0.5 1.07159 0.0715857
0.515625 1.0715 0.0714995
0.515625 1.0715 0.0714995
0.53125 1.07124 0.071241
0.53125 1.07124 0.071241
0.546875 1.07081 0.070811
0.546875 1.07081 0.070811
0.5625 1.07021 0.0702103
0.5625 1.07021 0.0702103
0.578125 1.06944 0.0694406
0.578125 1.06944 0.0694406
0.59375 1.0685 0.0685036
0.59375 1.0685 0.0685036
0.609375 1.0674 0.0674018
0.609375 1.0674 0.0674018
0.625 1.06614 0.0661379
0.625 1.06614 0.0661379
0.640625 1.06472 0.0647151
0.640625 1.06472 0.0647151
0.65625 1.06314 0.0631373
0.65625 1.06314 0.0631373
0.671875 1.06141 0.0614089
0.671875 1.06141 0.0614089
0.6875 1.05954 0.0595351
0.6875 1.05954 0.0595351
0.703125 1.05752 0.0575219
0.703125 1.05752 0.0575219
0.71875 1.05538 0.0553765
0.71875 1.05538 0.0553765
0.734375 1.05311 0.0531078
0.734375 1.05311 0.0531078
0.75 1.05073 0.0507265
0.75 1.05073 0.0507265
0.765625 1.04825 0.0482455
0.765625 1.04825 0.0482455
0.78125 1.04568 0.0456812
0.78125 1.04568 0.0456812
0.796875 1.04305 0.0430532
0.796875 1.04305 0.0430532
0.8125 1.04039 0.0403854
0.8125 1.04039 0.0403854
0.828125 1.03771 0.0377066
0.828125 1.03771 0.0377066
0.84375 1.03505 0.0350504
0.84375 1.03505 0.0350504
0.859375 1.03246 0.0324553
0.859375 1.03246 0.0324553
0.875 1.02996 0.029964
0.875 1.02996 0.029964
0.890625 1.02762 0.027623
0.890625 1.02762 0.027623
0.90625 1.02548 0.0254804
0.90625 1.02548 0.0254804
0.921875 1.02358 0.0235843
0.921875 1.02358 0.0235843
0.9375 1.02198 0.0219805
0.9375 1.02198 0.0219805
0.953125 1.02071 0.0207094
0.953125 1.02071 0.0207094
0.96875 1.0198 0.0198045
0.96875 1.0198 0.0198045
0.984375 1.01929 0.0192893
0.984375 1.01929 0.0192893
1 1 0
