# x y topography
0 1 0
0.015625 1.0288 0.0287996
0.015625 1.0288 0.0287996
0.03125 1.02912 0.0291175
0.03125 1.02912 0.0291175
0.046875 1.02964 0.0296368
0.046875 1.02964 0.0296368
0.0625 1.03035 0.0303511
0.0625 1.03035 0.0303511
0.078125 1.03125 0.0312515
0.078125 1.03125 0.0312515
0.09375 1.03233 0.0323263
0.09375 1.03233 0.0323263
0.109375 1.03356 0.0335616
0.109375 1.03356 0.0335616
0.125 1.03494 0.0349413
0.125 1.03494 0.0349413
0.140625 1.03645 0.0364481
0.140625 1.03645 0.0364481
0.15625 1.03806 0.0380631
0.15625 1.03806 0.0380631
0.171875 1.03977 0.0397668
0.171875 1.03977 0.0397668
0.1875 1.04154 0.0415388
0.1875 1.04154 0.0415388
0.203125 1.04336 0.0433592
0.203125 1.04336 0.0433592
0.21875 1.04521 0.0452077
0.21875 1.04521 0.0452077
0.234375 1.04706 0.0470649
0.234375 1.04706 0.0470649
0.25 1.04891 0.0489119
0.25 1.04891 0.0489119
0.265625 1.05073 0.0507309
0.265625 1.05073 0.0507309
0.28125 1.05251 0.0525051
0.28125 1.05251 0.0525051
0.296875 1.05422 0.0542189
0.296875 1.05422 0.0542189
0.3125 1.05586 0.0558581
0.3125 1.05586 0.0558581
0.328125 1.05741 0.0574097
0.328125 1.05741 0.0574097
0.34375 1.05886 0.0588619
0.34375 1.05886 0.0588619
0.359375 1.0602 0.0602046
0.359375 1.0602 0.0602046
0.375 1.06143 0.0614285
0.375 1.06143 0.0614285
0.390625 1.06253 0.0625257
0.390625 1.06253 0.0625257
0.40625 1.06349 0.0634895
0.40625 1.06349 0.0634895
0.421875 1.06431 0.0643143
0.421875 1.06431 0.0643143
0.4375 1.065 0.0649952
0.4375 1.065 0.0649952
0.453125 1.06553 0.0655286
0.453125 1.06553 0.0655286
0.46875 1.06591 0.0659116
0.46875 1.06591 0.0659116
0.484375 1.06614 0.0661422
0.484375 1.06614 0.0661422
0.5 1.06622 0.0662192
0.5 1.06622 0.0662192
0.515625 1.06614 0.0661422
0.515625 1.06614 0.0661422
0.53125 1.06591 0.0659116
0.53125 1.06591 0.0659116
0.546875 1.06553 0.0655286
0.546875 1.06553 0.0655286
0.5625 1.065 0.0649952
0.5625 1.065 0.0649952
0.578125 1.06431 0.0643143
0.578125 1.06431 0.0643143
0.59375 1.06349 0.0634895
0.59375 1.06349 0.0634895
0.609375 1.06253 0.0625257
0.609375 1.06253 0.0625257
0.625 1.06143 0.0614285
0.625 1.06143 0.0614285
0.640625 1.0602 0.0602046
0.640625 1.0602 0.0602046
0.65625 1.05886 0.0588619
0.65625 1.05886 0.0588619
0.671875 1.05741 0.0574097
0.671875 1.05741 0.0574097
0.6875 1.05586 0.0558581
0.6875 1.05586 0.0558581
0.703125 1.05422 0.0542189
0.703125 1.05422 0.0542189
0.71875 1.05251 0.0525051
0.71875 1.05251 0.0525051
0.734375 1.05073 0.0507309
0.734375 1.05073 0.0507309
0.75 1.04891 0.0489119
0.75 1.04891 0.0489119
0.765625 1.04706 0.0470649
0.765625 1.04706 0.0470649
0.78125 1.04521 0.0452077
0.78125 1.04521 0.0452077
0.796875 1.04336 0.0433592
0.796875 1.04336 0.0433592
0.8125 1.04154 0.0415388
0.8125 1.04154 0.0415388
0.828125 1.03977 0.0397668
0.828125 1.03977 0.0397668
0.84375 1.03806 0.0380631
0.84375 1.03806 0.0380631
0.859375 1.03645 0.0364481
0.859375 1.03645 0.0364481
0.875 1.03494 0.0349413
0.875 1.03494 0.0349413
0.890625 1.03356 0.0335616
0.890625 1.03356 0.0335616
0.90625 1.03233 0.0323263
0.90625 1.03233 0.0323263
0.921875 1.03125 0.0312515
0.921875 1.03125 0.0312515
0.9375 1.03035 0.0303511
0.9375 1.03035 0.0303511
0.953125 1.02964 0.0296368
0.953125 1.02964 0.0296368
0.96875 1.02912 0.0291175
0.96875 1.02912 0.0291175
0.984375 1.0288 0.0287996
0.984375 1.0288 0.0287996
1 1 0
