# x y topography
0 1 0
0.015625 1.01822 0.0182162
0.015625 1.01822 0.0182162
0.03125 1.01877 0.0187656
0.03125 1.01877 0.0187656
0.046875 1.01974 0.0197362
0.046875 1.01974 0.0197362
0.0625 1.0211 0.0210996
0.0625 1.0211 0.0210996
0.078125 1.02282 0.0228161
0.078125 1.02282 0.0228161
0.09375 1.02484 0.0248377
0.09375 1.02484 0.0248377
0.109375 1.02711 0.0271112
0.109375 1.02711 0.0271112
0.125 1.02958 0.0295819
0.125 1.02958 0.0295819
0.140625 1.0322 0.0321962
0.140625 1.0322 0.0321962
0.15625 1.0349 0.0349037
0.15625 1.0349 0.0349037
0.171875 1.03766 0.0376592
0.171875 1.03766 0.0376592
0.1875 1.04042 0.0404233
0.1875 1.04042 0.0404233
0.203125 1.04316 0.0431626
0.203125 1.04316 0.0431626
0.21875 1.04585 0.0458495
0.21875 1.04585 0.0458495
0.234375 1.04846 0.0484617
0.234375 1.04846 0.0484617
0.25 1.05098 0.0509812
0.25 1.05098 0.0509812
0.265625 1.05339 0.0533936
0.265625 1.05339 0.0533936
0.28125 1.05569 0.0556874
0.28125 1.05569 0.0556874
0.296875 1.05785 0.0578533
0.296875 1.05785 0.0578533
0.3125 1.05988 0.0598836
0.3125 1.05988 0.0598836
0.328125 1.06177 0.0617719
0.328125 1.06177 0.0617719
0.34375 1.06351 0.0635126
0.34375 1.06351 0.0635126
0.359375 1.0651 0.065101
0.359375 1.0651 0.065101
0.375 1.06653 0.066533
0.375 1.06653 0.066533
0.390625 1.0678 0.0678049
0.390625 1.0678 0.0678049
0.40625 1.06891 0.0689135
0.40625 1.06891 0.0689135
0.421875 1.06986 0.0698562
0.421875 1.06986 0.0698562
0.4375 1.07063 0.0706306
0.4375 1.07063 0.0706306
0.453125 1.07123 0.0712349
0.453125 1.07123 0.0712349
0.46875 1.07167 0.0716676
0.46875 1.07167 0.0716676
0.484375 1.07193 0.0719276
0.484375 1.07193 0.0719276
0.5 1.07201 0.0720143
0.5 1.07201 0.0720143
0.515625 1.07193 0.0719276
0.515625 1.07193 0.0719276
0.53125 1.07167 0.0716676
0.53125 1.07167 0.0716676
0.546875 1.07123 0.0712349
0.546875 1.07123 0.0712349
0.5625 1.07063 0.0706306
0.5625 1.07063 0.0706306
0.578125 1.06986 0.0698562
0.578125 1.06986 0.0698562
0.59375 1.06891 0.0689135
0.59375 1.06891 0.0689135
0.609375 1.0678 0.0678049
0.609375 1.0678 0.0678049
0.625 1.06653 0.066533
0.625 1.06653 0.066533
0.640625 1.0651 0.065101
0.640625 1.0651 0.065101
0.65625 1.06351 0.0635126
0.65625 1.06351 0.0635126
0.671875 1.06177 0.0617719
0.671875 1.06177 0.0617719
0.6875 1.05988 0.0598836
0.6875 1.05988 0.0598836
0.703125 1.05785 0.0578533
0.703125 1.05785 0.0578533
0.71875 1.05569 0.0556874
0.71875 1.05569 0.0556874
0.734375 1.05339 0.0533936
0.734375 1.05339 0.0533936
0.75 1.05098 0.0509812
0.75 1.05098 0.0509812
0.765625 1.04846 0.0484617
0.765625 1.04846 0.0484617
0.78125 1.04585 0.0458495
0.78125 1.04585 0.0458495
0.796875 1.04316 0.0431626
0.796875 1.04316 0.0431626
0.8125 1.04042 0.0404233
0.8125 1.04042 0.0404233
0.828125 1.03766 0.0376592
0.828125 1.03766 0.0376592
0.84375 1.0349 0.0349037
0.84375 1.0349 0.0349037
0.859375 1.0322 0.0321962
0.859375 1.0322 0.0321962
0.875 1.02958 0.0295819
0.875 1.02958 0.0295819
0.890625 1.02711 0.0271112
0.890625 1.02711 0.0271112
0.90625 1.02484 0.0248377
0.90625 1.02484 0.0248377
0.921875 1.02282 0.0228161
0.921875 1.02282 0.0228161
0.9375 1.0211 0.0210996
0.9375 1.0211 0.0210996
0.953125 1.01974 0.0197362
0.953125 1.01974 0.0197362
0.96875 1.01877 0.0187656
0.96875 1.01877 0.0187656
0.984375 1.01822 0.0182162
0.984375 1.01822 0.0182162
1 1 0
