# x y topography
0 1 0
0.015625 1.02804 0.0280447
0.015625 1.02804 0.0280447
0.03125 1.02837 0.028374
0.03125 1.02837 0.028374
0.046875 1.02892 0.0289158
0.046875 1.02892 0.0289158
0.0625 1.02966 0.0296632
0.0625 1.02966 0.0296632
0.078125 1.03061 0.0306062
0.078125 1.03061 0.0306062
0.09375 1.03173 0.0317323
0.09375 1.03173 0.0317323
0.109375 1.03303 0.0330261
0.109375 1.03303 0.0330261
0.125 1.03447 0.0344704
0.125 1.03447 0.0344704
0.140625 1.03605 0.0360462
0.140625 1.03605 0.0360462
0.15625 1.03773 0.0377332
0.15625 1.03773 0.0377332
0.171875 1.03951 0.0395105
0.171875 1.03951 0.0395105
0.1875 1.04136 0.0413565
0.1875 1.04136 0.0413565
0.203125 1.04325 0.0432497
0.203125 1.04325 0.0432497
0.21875 1.04517 0.0451692
0.21875 1.04517 0.0451692
0.234375 1.04709 0.0470943
0.234375 1.04709 0.0470943
0.25 1.04901 0.0490057
0.25 1.04901 0.0490057
0.265625 1.05088 0.0508849
0.265625 1.05088 0.0508849
0.28125 1.05271 0.0527146
0.28125 1.05271 0.0527146
0.296875 1.05448 0.0544792
0.296875 1.05448 0.0544792
0.3125 1.05616 0.0561643
0.3125 1.05616 0.0561643
0.328125 1.05776 0.0577569
0.328125 1.05776 0.0577569
0.34375 1.05925 0.0592455
0.34375 1.05925 0.0592455
0.359375 1.06062 0.0606199
0.359375 1.06062 0.0606199
0.375 1.06187 0.0618713
0.375 1.06187 0.0618713
0.390625 1.06299 0.062992
0.390625 1.06299 0.062992
0.40625 1.06398 0.0639755
0.40625 1.06398 0.0639755
0.421875 1.06482 0.0648163
0.421875 1.06482 0.0648163
0.4375 1.06551 0.0655101
0.4375 1.06551 0.0655101
0.453125 1.06605 0.0660532
0.453125 1.06605 0.0660532
0.46875 1.06644 0.0664431
0.46875 1.06644 0.0664431
0.484375 1.06668 0.0666777
0.484375 1.06668 0.0666777
0.5 1.06676 0.0667561
0.5 1.06676 0.0667561
0.515625 1.06668 0.0666777
0.515625 1.06668 0.0666777
0.53125 1.06644 0.0664431
0.53125 1.06644 0.0664431
0.546875 1.06605 0.0660532
0.546875 1.06605 0.0660532
0.5625 1.06551 0.0655101
0.5625 1.06551 0.0655101
0.578125 1.06482 0.0648163
0.578125 1.06482 0.0648163
0.59375 1.06398 0.0639755
0.59375 1.06398 0.0639755
0.609375 1.06299 0.062992
0.609375 1.06299 0.062992
0.625 1.06187 0.0618713
0.625 1.06187 0.0618713
0.640625 1.06062 0.0606199
0.640625 1.06062 0.0606199
0.65625 1.05925 0.0592455
0.65625 1.05925 0.0592455
0.671875 1.05776 0.0577569
0.671875 1.05776 0.0577569
0.6875 1.05616 0.0561643
0.6875 1.05616 0.0561643
0.703125 1.05448 0.0544792
0.703125 1.05448 0.0544792
0.71875 1.05271 0.0527146
0.71875 1.05271 0.0527146
0.734375 1.05088 0.0508849
0.734375 1.05088 0.0508849
0.75 1.04901 0.0490057
0.75 1.04901 0.0490057
0.765625 1.04709 0.0470943
0.765625 1.04709 0.0470943
0.78125 1.04517 0.0451692
0.78125 1.04517 0.0451692
0.796875 1.04325 0.0432497
0.796875 1.04325 0.0432497
0.8125 1.04136 0.0413565
0.8125 1.04136 0.0413565
0.828125 1.03951 0.0395105
0.828125 1.03951 0.0395105
0.84375 1.03773 0.0377332
0.84375 1.03773 0.0377332
0.859375 1.03605 0.0360462
0.859375 1.03605 0.0360462
0.875 1.03447 0.0344704
0.875 1.03447 0.0344704
0.890625 1.03303 0.0330261
0.890625 1.03303 0.0330261
0.90625 1.03173 0.0317323
0.90625 1.03173 0.0317323
0.921875 1.03061 0.0306062
0.921875 1.03061 0.0306062
0.9375 1.02966 0.0296632
0.9375 1.02966 0.0296632
0.953125 1.02892 0.0289158
0.953125 1.02892 0.0289158
0.96875 1.02837 0.028374
0.96875 1.02837 0.028374
0.984375 1.02804 0.0280447
0.984375 1.02804 0.0280447
1 1 0
