# x y topography
0 1 0
0.015625 1.03508 0.0350849
0.015625 1.03508 0.0350849
0.03125 1.03532 0.0353219
0.03125 1.03532 0.0353219
0.046875 1.03568 0.035681
0.046875 1.03568 0.035681
0.0625 1.03616 0.0361591
0.0625 1.03616 0.0361591
0.078125 1.03675 0.0367518
0.078125 1.03675 0.0367518
0.09375 1.03745 0.0374534
0.09375 1.03745 0.0374534
0.109375 1.03826 0.0382569
0.109375 1.03826 0.0382569
0.125 1.03915 0.0391544
0.125 1.03915 0.0391544
0.140625 1.04014 0.0401369
0.140625 1.04014 0.0401369
0.15625 1.04119 0.0411944
0.15625 1.04119 0.0411944
0.171875 1.04232 0.0423164
0.171875 1.04232 0.0423164
0.1875 1.04349 0.0434916
0.1875 1.04349 0.0434916
0.203125 1.04471 0.0447083
0.203125 1.04471 0.0447083
0.21875 1.04595 0.0459547
0.21875 1.04595 0.0459547
0.234375 1.04722 0.0472184
0.234375 1.04722 0.0472184
0.25 1.04849 0.0484873
0.25 1.04849 0.0484873
0.265625 1.04975 0.0497493
0.265625 1.04975 0.0497493
0.28125 1.05099 0.0509924
0.28125 1.05099 0.0509924
0.296875 1.05221 0.0522052
0.296875 1.05221 0.0522052
0.3125 1.05338 0.0533765
0.3125 1.05338 0.0533765
0.328125 1.0545 0.0544957
0.328125 1.0545 0.0544957
0.34375 1.05555 0.0555528
0.34375 1.05555 0.0555528
0.359375 1.05654 0.0565384
0.359375 1.05654 0.0565384
0.375 1.05744 0.057444
0.375 1.05744 0.057444
0.390625 1.05826 0.0582618
0.390625 1.05826 0.0582618
0.40625 1.05898 0.0589849
0.40625 1.05898 0.0589849
0.421875 1.05961 0.0596071
0.421875 1.05961 0.0596071
0.4375 1.06012 0.0601234
0.4375 1.06012 0.0601234
0.453125 1.06053 0.0605294
0.453125 1.06053 0.0605294
0.46875 1.06082 0.0608217
0.46875 1.06082 0.0608217
0.484375 1.061 0.0609981
0.484375 1.061 0.0609981
0.5 1.06106 0.0610571
0.5 1.06106 0.0610571
0.515625 1.061 0.0609981
0.515625 1.061 0.0609981
0.53125 1.06082 0.0608217
0.53125 1.06082 0.0608217
0.546875 1.06053 0.0605294
0.546875 1.06053 0.0605294
0.5625 1.06012 0.0601234
0.5625 1.06012 0.0601234
0.578125 1.05961 0.0596071
0.578125 1.05961 0.0596071
0.59375 1.05898 0.0589849
0.59375 1.05898 0.0589849
0.609375 1.05826 0.0582618
0.609375 1.05826 0.0582618
0.625 1.05744 0.057444
0.625 1.05744 0.057444
0.640625 1.05654 0.0565384
0.640625 1.05654 0.0565384
0.65625 1.05555 0.0555528
0.65625 1.05555 0.0555528
0.671875 1.0545 0.0544957
0.671875 1.0545 0.0544957
0.6875 1.05338 0.0533765
0.6875 1.05338 0.0533765
0.703125 1.05221 0.0522052
0.703125 1.05221 0.0522052
0.71875 1.05099 0.0509924
0.71875 1.05099 0.0509924
0.734375 1.04975 0.0497493
0.734375 1.04975 0.0497493
0.75 1.04849 0.0484873
0.75 1.04849 0.0484873
0.765625 1.04722 0.0472184
0.765625 1.04722 0.0472184
0.78125 1.04595 0.0459547
0.78125 1.04595 0.0459547
0.796875 1.04471 0.0447083
0.796875 1.04471 0.0447083
0.8125 1.04349 0.0434916
0.8125 1.04349 0.0434916
0.828125 1.04232 0.0423164
0.828125 1.04232 0.0423164
0.84375 1.04119 0.0411944
0.84375 1.04119 0.0411944
0.859375 1.04014 0.0401369
0.859375 1.04014 0.0401369
0.875 1.03915 0.0391544
0.875 1.03915 0.0391544
0.890625 1.03826 0.0382569
0.890625 1.03826 0.0382569
0.90625 1.03745 0.0374534
0.90625 1.03745 0.0374534
0.921875 1.03675 0.0367518
0.921875 1.03675 0.0367518
0.9375 1.03616 0.0361591
0.9375 1.03616 0.0361591
0.953125 1.03568 0.035681
0.953125 1.03568 0.035681
0.96875 1.03532 0.0353219
0.96875 1.03532 0.0353219
0.984375 1.03508 0.0350849
0.984375 1.03508 0.0350849
1 1 0
