# x y topography
0 1 0
0.015625 1.03366 0.0336643
0.015625 1.03366 0.0336643
0.03125 1.03392 0.0339178
0.03125 1.03392 0.0339178
0.046875 1.03431 0.0343098
0.046875 1.03431 0.0343098
0.0625 1.03484 0.0348365
0.0625 1.03484 0.0348365
0.078125 1.03549 0.0354928
0.078125 1.03549 0.0354928
0.09375 1.03627 0.036272
0.09375 1.03627 0.036272
0.109375 1.03717 0.037166
0.109375 1.03717 0.037166
0.125 1.03817 0.0381654
0.125 1.03817 0.0381654
0.140625 1.03926 0.0392597
0.140625 1.03926 0.0392597
0.15625 1.04044 0.0404374
0.15625 1.04044 0.0404374
0.171875 1.04169 0.0416863
0.171875 1.04169 0.0416863
0.1875 1.04299 0.0429934
0.1875 1.04299 0.0429934
0.203125 1.04435 0.0443453
0.203125 1.04435 0.0443453
0.21875 1.04573 0.0457285
0.21875 1.04573 0.0457285
0.234375 1.04713 0.0471291
0.234375 1.04713 0.0471291
0.25 1.04853 0.0485335
0.25 1.04853 0.0485335
0.265625 1.04993 0.0499281
0.265625 1.04993 0.0499281
0.28125 1.0513 0.0512999
0.28125 1.0513 0.0512999
0.296875 1.05264 0.052636
0.296875 1.05264 0.052636
0.3125 1.05392 0.0539243
0.3125 1.05392 0.0539243
0.328125 1.05515 0.0551534
0.328125 1.05515 0.0551534
0.34375 1.05631 0.0563126
0.34375 1.05631 0.0563126
0.359375 1.05739 0.0573919
0.359375 1.05739 0.0573919
0.375 1.05838 0.0583822
0.375 1.05838 0.0583822
0.390625 1.05928 0.0592754
0.390625 1.05928 0.0592754
0.40625 1.06006 0.0600643
0.40625 1.06006 0.0600643
0.421875 1.06074 0.0607425
0.421875 1.06074 0.0607425
0.4375 1.0613 0.0613047
0.4375 1.0613 0.0613047
0.453125 1.06175 0.0617465
0.453125 1.06175 0.0617465
0.46875 1.06206 0.0620645
0.46875 1.06206 0.0620645
0.484375 1.06226 0.0622563
0.484375 1.06226 0.0622563
0.5 1.06232 0.0623203
0.5 1.06232 0.0623203
0.515625 1.06226 0.0622563
0.515625 1.06226 0.0622563
0.53125 1.06206 0.0620645
0.53125 1.06206 0.0620645
0.546875 1.06175 0.0617465
0.546875 1.06175 0.0617465
0.5625 1.0613 0.0613047
0.5625 1.0613 0.0613047
0.578125 1.06074 0.0607425
0.578125 1.06074 0.0607425
0.59375 1.06006 0.0600643
0.59375 1.06006 0.0600643
0.609375 1.05928 0.0592754
0.609375 1.05928 0.0592754
0.625 1.05838 0.0583822
0.625 1.05838 0.0583822
0.640625 1.05739 0.0573919
0.640625 1.05739 0.0573919
0.65625 1.05631 0.0563126
0.65625 1.05631 0.0563126
0.671875 1.05515 0.0551534
0.671875 1.05515 0.0551534
0.6875 1.05392 0.0539243
0.6875 1.05392 0.0539243
0.703125 1.05264 0.052636
0.703125 1.05264 0.052636
0.71875 1.0513 0.0512999
0.71875 1.0513 0.0512999
0.734375 1.04993 0.0499281
0.734375 1.04993 0.0499281
0.75 1.04853 0.0485335
0.75 1.04853 0.0485335
0.765625 1.04713 0.0471291
0.765625 1.04713 0.0471291
0.78125 1.04573 0.0457285
0.78125 1.04573 0.0457285
0.796875 1.04435 0.0443453
0.796875 1.04435 0.0443453
0.8125 1.04299 0.0429934
0.8125 1.04299 0.0429934
0.828125 1.04169 0.0416863
0.828125 1.04169 0.0416863
0.84375 1.04044 0.0404374
0.84375 1.04044 0.0404374
0.859375 1.03926 0.0392597
0.859375 1.03926 0.0392597
0.875 1.03817 0.0381654
0.875 1.03817 0.0381654
0.890625 1.03717 0.037166
0.890625 1.03717 0.037166
0.90625 1.03627 0.036272
0.90625 1.03627 0.036272
0.921875 1.03549 0.0354928
0.921875 1.03549 0.0354928
0.9375 1.03484 0.0348365
0.9375 1.03484 0.0348365
0.953125 1.03431 0.0343098
0.953125 1.03431 0.0343098
0.96875 1.03392 0.0339178
0.96875 1.03392 0.0339178
0.984375 1.03366 0.0336643
0.984375 1.03366 0.0336643
1 1 0
