# x y topography
0 1 0
0.015625 1.03476 0.0347625
0.015625 1.03476 0.0347625
0.03125 1.035 0.0350032
0.03125 1.035 0.0350032
0.046875 1.03537 0.0353697
0.046875 1.03537 0.0353697
0.0625 1.03586 0.0358586
0.0625 1.03586 0.0358586
0.078125 1.03647 0.0364655
0.078125 1.03647 0.0364655
0.09375 1.03718 0.0371844
0.09375 1.03718 0.0371844
0.109375 1.03801 0.0380082
0.109375 1.03801 0.0380082
0.125 1.03893 0.0389286
0.125 1.03893 0.0389286
0.140625 1.03994 0.0399361
0.140625 1.03994 0.0399361
0.15625 1.04102 0.0410207
0.15625 1.04102 0.0410207
0.171875 1.04217 0.0421712
0.171875 1.04217 0.0421712
0.1875 1.04338 0.0433762
0.1875 1.04338 0.0433762
0.203125 1.04462 0.0446236
0.203125 1.04462 0.0446236
0.21875 1.0459 0.045901
0.21875 1.0459 0.045901
0.234375 1.0472 0.0471958
0.234375 1.0472 0.0471958
0.25 1.0485 0.0484956
0.25 1.0485 0.0484956
0.265625 1.04979 0.049788
0.265625 1.04979 0.049788
0.28125 1.05106 0.0510607
0.28125 1.05106 0.0510607
0.296875 1.0523 0.0523018
0.296875 1.0523 0.0523018
0.3125 1.0535 0.0535001
0.3125 1.0535 0.0535001
0.328125 1.05464 0.0546448
0.328125 1.05464 0.0546448
0.34375 1.05573 0.0557255
0.34375 1.05573 0.0557255
0.359375 1.05673 0.056733
0.359375 1.05673 0.056733
0.375 1.05766 0.0576584
0.375 1.05766 0.0576584
0.390625 1.05849 0.0584938
0.390625 1.05849 0.0584938
0.40625 1.05923 0.0592323
0.40625 1.05923 0.0592323
0.421875 1.05987 0.0598677
0.421875 1.05987 0.0598677
0.4375 1.06039 0.0603948
0.4375 1.06039 0.0603948
0.453125 1.06081 0.0608092
0.453125 1.06081 0.0608092
0.46875 1.06111 0.0611077
0.46875 1.06111 0.0611077
0.484375 1.06129 0.0612877
0.484375 1.06129 0.0612877
0.5 1.06135 0.0613478
0.5 1.06135 0.0613478
0.515625 1.06129 0.0612877
0.515625 1.06129 0.0612877
0.53125 1.06111 0.0611077
0.53125 1.06111 0.0611077
0.546875 1.06081 0.0608092
0.546875 1.06081 0.0608092
0.5625 1.06039 0.0603948
0.5625 1.06039 0.0603948
0.578125 1.05987 0.0598677
0.578125 1.05987 0.0598677
0.59375 1.05923 0.0592323
0.59375 1.05923 0.0592323
0.609375 1.05849 0.0584938
0.609375 1.05849 0.0584938
0.625 1.05766 0.0576584
0.625 1.05766 0.0576584
0.640625 1.05673 0.056733
0.640625 1.05673 0.056733
0.65625 1.05573 0.0557255
0.65625 1.05573 0.0557255
0.671875 1.05464 0.0546448
0.671875 1.05464 0.0546448
0.6875 1.0535 0.0535001
0.6875 1.0535 0.0535001
0.703125 1.0523 0.0523018
0.703125 1.0523 0.0523018
0.71875 1.05106 0.0510607
0.71875 1.05106 0.0510607
0.734375 1.04979 0.049788
0.734375 1.04979 0.049788
0.75 1.0485 0.0484956
0.75 1.0485 0.0484956
0.765625 1.0472 0.0471958
0.765625 1.0472 0.0471958
0.78125 1.0459 0.045901
0.78125 1.0459 0.045901
0.796875 1.04462 0.0446236
0.796875 1.04462 0.0446236
0.8125 1.04338 0.0433762
0.8125 1.04338 0.0433762
0.828125 1.04217 0.0421712
0.828125 1.04217 0.0421712
0.84375 1.04102 0.0410207
0.84375 1.04102 0.0410207
0.859375 1.03994 0.0399361
0.859375 1.03994 0.0399361
0.875 1.03893 0.0389286
0.875 1.03893 0.0389286
0.890625 1.03801 0.0380082
0.890625 1.03801 0.0380082
0.90625 1.03718 0.0371844
0.90625 1.03718 0.0371844
0.921875 1.03647 0.0364655
0.921875 1.03647 0.0364655
0.9375 1.03586 0.0358586
0.9375 1.03586 0.0358586
0.953125 1.03537 0.0353697
0.953125 1.03537 0.0353697
0.96875 1.035 0.0350032
0.96875 1.035 0.0350032
0.984375 1.03476 0.0347625
0.984375 1.03476 0.0347625
1 1 0
