# x y topography
0 1 0
0.015625 1.03284 0.0328446
0.015625 1.03284 0.0328446
0.03125 1.03311 0.0331081
0.03125 1.03311 0.0331081
0.046875 1.03352 0.0335198
0.046875 1.03352 0.0335198
0.0625 1.03408 0.0340756
0.0625 1.03408 0.0340756
0.078125 1.03477 0.0347699
0.078125 1.03477 0.0347699
0.09375 1.0356 0.0355954
0.09375 1.0356 0.0355954
0.109375 1.03654 0.0365432
0.109375 1.03654 0.0365432
0.125 1.0376 0.037603
0.125 1.0376 0.037603
0.140625 1.03876 0.0387634
0.140625 1.03876 0.0387634
0.15625 1.04001 0.0400118
0.15625 1.04001 0.0400118
0.171875 1.04133 0.041335
0.171875 1.04133 0.041335
0.1875 1.04272 0.042719
0.1875 1.04272 0.042719
0.203125 1.04415 0.0441493
0.203125 1.04415 0.0441493
0.21875 1.04561 0.0456114
0.21875 1.04561 0.0456114
0.234375 1.04709 0.0470905
0.234375 1.04709 0.0470905
0.25 1.04857 0.048572
0.25 1.04857 0.048572
0.265625 1.05004 0.0500417
0.265625 1.05004 0.0500417
0.28125 1.05149 0.0514857
0.28125 1.05149 0.0514857
0.296875 1.05289 0.0528907
0.296875 1.05289 0.0528907
0.3125 1.05424 0.054244
0.3125 1.05424 0.054244
0.328125 1.05553 0.0555337
0.328125 1.05553 0.0555337
0.34375 1.05675 0.0567487
0.34375 1.05675 0.0567487
0.359375 1.05788 0.057879
0.359375 1.05788 0.057879
0.375 1.05892 0.0589151
0.375 1.05892 0.0589151
0.390625 1.05985 0.0598489
0.390625 1.05985 0.0598489
0.40625 1.06067 0.0606729
0.40625 1.06067 0.0606729
0.421875 1.06138 0.0613809
0.421875 1.06138 0.0613809
0.4375 1.06197 0.0619674
0.4375 1.06197 0.0619674
0.453125 1.06243 0.0624281
0.453125 1.06243 0.0624281
0.46875 1.06276 0.0627596
0.46875 1.06276 0.0627596
0.484375 1.06296 0.0629595
0.484375 1.06296 0.0629595
0.5 1.06303 0.0630263
0.5 1.06303 0.0630263
0.515625 1.06296 0.0629595
0.515625 1.06296 0.0629595
0.53125 1.06276 0.0627596
0.53125 1.06276 0.0627596
0.546875 1.06243 0.0624281
0.546875 1.06243 0.0624281
0.5625 1.06197 0.0619674
0.5625 1.06197 0.0619674
0.578125 1.06138 0.0613809
0.578125 1.06138 0.0613809
0.59375 1.06067 0.0606729
0.59375 1.06067 0.0606729
0.609375 1.05985 0.0598489
0.609375 1.05985 0.0598489
0.625 1.05892 0.0589151
0.625 1.05892 0.0589151
0.640625 1.05788 0.057879
0.640625 1.05788 0.057879
0.65625 1.05675 0.0567487
0.65625 1.05675 0.0567487
0.671875 1.05553 0.0555337
0.671875 1.05553 0.0555337
0.6875 1.05424 0.054244
0.6875 1.05424 0.054244
0.703125 1.05289 0.0528907
0.703125 1.05289 0.0528907
0.71875 1.05149 0.0514857
0.71875 1.05149 0.0514857
0.734375 1.05004 0.0500417
0.734375 1.05004 0.0500417
0.75 1.04857 0.048572
0.75 1.04857 0.048572
0.765625 1.04709 0.0470905
0.765625 1.04709 0.0470905
0.78125 1.04561 0.0456114
0.78125 1.04561 0.0456114
0.796875 1.04415 0.0441493
0.796875 1.04415 0.0441493
0.8125 1.04272 0.042719
0.8125 1.04272 0.042719
0.828125 1.04133 0.041335
0.828125 1.04133 0.041335
0.84375 1.04001 0.0400118
0.84375 1.04001 0.0400118
0.859375 1.03876 0.0387634
0.859375 1.03876 0.0387634
0.875 1.0376 0.037603
0.875 1.0376 0.037603
0.890625 1.03654 0.0365432
0.890625 1.03654 0.0365432
0.90625 1.0356 0.0355954
0.90625 1.0356 0.0355954
0.921875 1.03477 0.0347699
0.921875 1.03477 0.0347699
0.9375 1.03408 0.0340756
0.9375 1.03408 0.0340756
0.953125 1.03352 0.0335198
0.953125 1.03352 0.0335198
0.96875 1.03311 0.0331081
0.96875 1.03311 0.0331081
0.984375 1.03284 0.0328446
0.984375 1.03284 0.0328446
1 1 0
