# x y topography
0 1 0
0.015625 1.03245 0.032453
0.015625 1.03245 0.032453
0.03125 1.03272 0.0327213
0.03125 1.03272 0.0327213
0.046875 1.03314 0.0331426
0.046875 1.03314 0.0331426
0.0625 1.03371 0.0337126
0.0625 1.03371 0.0337126
0.078125 1.03443 0.0344255
0.078125 1.03443 0.0344255
0.09375 1.03527 0.0352735
0.09375 1.03527 0.0352735
0.109375 1.03625 0.0362475
0.109375 1.03625 0.0362475
0.125 1.03734 0.0373366
0.125 1.03734 0.0373366
0.140625 1.03853 0.038529
0.140625 1.03853 0.038529
0.15625 1.03981 0.0398116
0.15625 1.03981 0.0398116
0.171875 1.04117 0.0411706
0.171875 1.04117 0.0411706
0.1875 1.04259 0.0425915
0.1875 1.04259 0.0425915
0.203125 1.04406 0.0440594
0.203125 1.04406 0.0440594
0.21875 1.04556 0.0455591
0.21875 1.04556 0.0455591
0.234375 1.04708 0.0470756
0.234375 1.04708 0.0470756
0.25 1.04859 0.0485937
0.25 1.04859 0.0485937
0.265625 1.0501 0.0500989
0.265625 1.0501 0.0500989
0.28125 1.05158 0.0515768
0.28125 1.05158 0.0515768
0.296875 1.05301 0.0530141
0.296875 1.05301 0.0530141
0.3125 1.0544 0.0543976
0.3125 1.0544 0.0543976
0.328125 1.05572 0.0557155
0.328125 1.05572 0.0557155
0.34375 1.05696 0.0569564
0.34375 1.05696 0.0569564
0.359375 1.05811 0.0581102
0.359375 1.05811 0.0581102
0.375 1.05917 0.0591673
0.375 1.05917 0.0591673
0.390625 1.06012 0.0601196
0.390625 1.06012 0.0601196
0.40625 1.06096 0.0609597
0.40625 1.06096 0.0609597
0.421875 1.06168 0.0616812
0.421875 1.06168 0.0616812
0.4375 1.06228 0.0622787
0.4375 1.06228 0.0622787
0.453125 1.06275 0.062748
0.453125 1.06275 0.062748
0.46875 1.06309 0.0630856
0.46875 1.06309 0.0630856
0.484375 1.06329 0.0632891
0.484375 1.06329 0.0632891
0.5 1.06336 0.0633571
0.5 1.06336 0.0633571
0.515625 1.06329 0.0632891
0.515625 1.06329 0.0632891
0.53125 1.06309 0.0630856
0.53125 1.06309 0.0630856
0.546875 1.06275 0.062748
0.546875 1.06275 0.062748
0.5625 1.06228 0.0622787
0.5625 1.06228 0.0622787
0.578125 1.06168 0.0616812
0.578125 1.06168 0.0616812
0.59375 1.06096 0.0609597
0.59375 1.06096 0.0609597
0.609375 1.06012 0.0601196
0.609375 1.06012 0.0601196
0.625 1.05917 0.0591673
0.625 1.05917 0.0591673
0.640625 1.05811 0.0581102
0.640625 1.05811 0.0581102
0.65625 1.05696 0.0569564
0.65625 1.05696 0.0569564
0.671875 1.05572 0.0557155
0.671875 1.05572 0.0557155
0.6875 1.0544 0.0543976
0.6875 1.0544 0.0543976
0.703125 1.05301 0.0530141
0.703125 1.05301 0.0530141
0.71875 1.05158 0.0515768
0.71875 1.05158 0.0515768
0.734375 1.0501 0.0500989
0.734375 1.0501 0.0500989
0.75 1.04859 0.0485937
0.75 1.04859 0.0485937
0.765625 1.04708 0.0470756
0.765625 1.04708 0.0470756
0.78125 1.04556 0.0455591
0.78125 1.04556 0.0455591
0.796875 1.04406 0.0440594
0.796875 1.04406 0.0440594
0.8125 1.04259 0.0425915
0.8125 1.04259 0.0425915
0.828125 1.04117 0.0411706
0.828125 1.04117 0.0411706
0.84375 1.03981 0.0398116
0.84375 1.03981 0.0398116
0.859375 1.03853 0.038529
0.859375 1.03853 0.038529
0.875 1.03734 0.0373366
0.875 1.03734 0.0373366
0.890625 1.03625 0.0362475
0.890625 1.03625 0.0362475
0.90625 1.03527 0.0352735
0.90625 1.03527 0.0352735
0.921875 1.03443 0.0344255
0.921875 1.03443 0.0344255
0.9375 1.03371 0.0337126
0.9375 1.03371 0.0337126
0.953125 1.03314 0.0331426
0.953125 1.03314 0.0331426
0.96875 1.03272 0.0327213
0.96875 1.03272 0.0327213
0.984375 1.03245 0.032453
0.984375 1.03245 0.032453
1 1 0
