# x y topography
0 1 0
0.015625 1.02121 0.0212083
0.015625 1.02121 0.0212083
0.03125 1.02167 0.0216709
0.03125 1.02167 0.0216709
0.046875 1.02247 0.0224739
0.046875 1.02247 0.0224739
0.0625 1.0236 0.0235999
0.0625 1.0236 0.0235999
0.078125 1.02502 0.0250242
0.078125 1.02502 0.0250242
0.09375 1.02672 0.0267163
0.09375 1.02672 0.0267163
0.109375 1.02864 0.0286409
0.109375 1.02864 0.0286409
0.125 1.03076 0.0307599
0.125 1.03076 0.0307599
0.140625 1.03303 0.0330339
0.140625 1.03303 0.0330339
0.15625 1.03542 0.0354238
0.15625 1.03542 0.0354238
0.171875 1.03789 0.0378916
0.171875 1.03789 0.0378916
0.1875 1.0404 0.0404021
0.1875 1.0404 0.0404021
0.203125 1.04292 0.0429228
0.203125 1.04292 0.0429228
0.21875 1.04543 0.045425
0.21875 1.04543 0.045425
0.234375 1.04788 0.0478833
0.234375 1.04788 0.0478833
0.25 1.05028 0.050276
0.25 1.05028 0.050276
0.265625 1.05258 0.0525845
0.265625 1.05258 0.0525845
0.28125 1.05479 0.0547933
0.28125 1.05479 0.0547933
0.296875 1.05689 0.0568893
0.296875 1.05689 0.0568893
0.3125 1.05886 0.0588619
0.3125 1.05886 0.0588619
0.328125 1.0607 0.0607019
0.328125 1.0607 0.0607019
0.34375 1.0624 0.062402
0.34375 1.0624 0.062402
0.359375 1.06396 0.0639559
0.359375 1.06396 0.0639559
0.375 1.06536 0.0653584
0.375 1.06536 0.0653584
0.390625 1.06661 0.0666053
0.390625 1.06661 0.0666053
0.40625 1.06769 0.0676927
0.40625 1.06769 0.0676927
0.421875 1.06862 0.0686178
0.421875 1.06862 0.0686178
0.4375 1.06938 0.0693779
0.4375 1.06938 0.0693779
0.453125 1.06997 0.0699712
0.453125 1.06997 0.0699712
0.46875 1.0704 0.070396
0.46875 1.0704 0.070396
0.484375 1.07065 0.0706513
0.484375 1.07065 0.0706513
0.5 1.07074 0.0707365
0.5 1.07074 0.0707365
0.515625 1.07065 0.0706513
0.515625 1.07065 0.0706513
0.53125 1.0704 0.070396
0.53125 1.0704 0.070396
0.546875 1.06997 0.0699712
0.546875 1.06997 0.0699712
0.5625 1.06938 0.0693779
0.5625 1.06938 0.0693779
0.578125 1.06862 0.0686178
0.578125 1.06862 0.0686178
0.59375 1.06769 0.0676927
0.59375 1.06769 0.0676927
0.609375 1.06661 0.0666053
0.609375 1.06661 0.0666053
0.625 1.06536 0.0653584
0.625 1.06536 0.0653584
0.640625 1.06396 0.0639559
0.640625 1.06396 0.0639559
0.65625 1.0624 0.062402
0.65625 1.0624 0.062402
0.671875 1.0607 0.0607019
0.671875 1.0607 0.0607019
0.6875 1.05886 0.0588619
0.6875 1.05886 0.0588619
0.703125 1.05689 0.0568893
0.703125 1.05689 0.0568893
0.71875 1.05479 0.0547933
0.71875 1.05479 0.0547933
0.734375 1.05258 0.0525845
0.734375 1.05258 0.0525845
0.75 1.05028 0.050276
0.75 1.05028 0.050276
0.765625 1.04788 0.0478833
0.765625 1.04788 0.0478833
0.78125 1.04543 0.045425
0.78125 1.04543 0.045425
0.796875 1.04292 0.0429228
0.796875 1.04292 0.0429228
0.8125 1.0404 0.0404021
0.8125 1.0404 0.0404021
0.828125 1.03789 0.0378916
0.828125 1.03789 0.0378916
0.84375 1.03542 0.0354238
0.84375 1.03542 0.0354238
0.859375 1.03303 0.0330339
0.859375 1.03303 0.0330339
0.875 1.03076 0.0307599
0.875 1.03076 0.0307599
0.890625 1.02864 0.0286409
0.890625 1.02864 0.0286409
0.90625 1.02672 0.0267163
0.90625 1.02672 0.0267163
0.921875 1.02502 0.0250242
0.921875 1.02502 0.0250242
0.9375 1.0236 0.0235999
0.9375 1.0236 0.0235999
0.953125 1.02247 0.0224739
0.953125 1.02247 0.0224739
0.96875 1.02167 0.0216709
0.96875 1.02167 0.0216709
0.984375 1.02121 0.0212083
0.984375 1.02121 0.0212083
1 1 0
