# x y topography
0 1 0
0.015625 1.02991 0.0299083
0.015625 1.02991 0.0299083
0.03125 1.03021 0.0302102
0.03125 1.03021 0.0302102
0.046875 1.0307 0.030698
0.046875 1.0307 0.030698
0.0625 1.03137 0.031366
0.0625 1.03137 0.031366
0.078125 1.03221 0.0322064
0.078125 1.03221 0.0322064
0.09375 1.03321 0.0332089
0.09375 1.03321 0.0332089
0.109375 1.03436 0.0343612
0.109375 1.03436 0.0343612
0.125 1.03565 0.0356492
0.125 1.03565 0.0356492
0.140625 1.03706 0.0370573
0.140625 1.03706 0.0370573
0.15625 1.03857 0.0385687
0.15625 1.03857 0.0385687
0.171875 1.04017 0.0401657
0.171875 1.04017 0.0401657
0.1875 1.04183 0.04183
0.1875 1.04183 0.04183
0.203125 1.04354 0.0435431
0.203125 1.04354 0.0435431
0.21875 1.04529 0.0452865
0.21875 1.04529 0.0452865
0.234375 1.04704 0.0470421
0.234375 1.04704 0.0470421
0.25 1.04879 0.0487921
0.25 1.04879 0.0487921
0.265625 1.05052 0.0505195
0.265625 1.05052 0.0505195
0.28125 1.05221 0.0522082
0.28125 1.05221 0.0522082
0.296875 1.05384 0.0538432
0.296875 1.05384 0.0538432
0.3125 1.05541 0.0554104
0.3125 1.05541 0.0554104
0.328125 1.0569 0.056897
0.328125 1.0569 0.056897
0.34375 1.05829 0.0582912
0.34375 1.05829 0.0582912
0.359375 1.05958 0.0595825
0.359375 1.05958 0.0595825
0.375 1.06076 0.0607617
0.375 1.06076 0.0607617
0.390625 1.06182 0.0618204
0.390625 1.06182 0.0618204
0.40625 1.06275 0.0627518
0.40625 1.06275 0.0627518
0.421875 1.06355 0.0635496
0.421875 1.06355 0.0635496
0.4375 1.06421 0.064209
0.4375 1.06421 0.064209
0.453125 1.06473 0.064726
0.453125 1.06473 0.064726
0.46875 1.0651 0.0650974
0.46875 1.0651 0.0650974
0.484375 1.06532 0.0653211
0.484375 1.06532 0.0653211
0.5 1.0654 0.0653958
0.5 1.0654 0.0653958
0.515625 1.06532 0.0653211
0.515625 1.06532 0.0653211
0.53125 1.0651 0.0650974
0.53125 1.0651 0.0650974
0.546875 1.06473 0.064726
0.546875 1.06473 0.064726
0.5625 1.06421 0.064209
0.5625 1.06421 0.064209
0.578125 1.06355 0.0635496
0.578125 1.06355 0.0635496
0.59375 1.06275 0.0627518
0.59375 1.06275 0.0627518
0.609375 1.06182 0.0618204
0.609375 1.06182 0.0618204
0.625 1.06076 0.0607617
0.625 1.06076 0.0607617
0.640625 1.05958 0.0595825
0.640625 1.05958 0.0595825
0.65625 1.05829 0.0582912
0.65625 1.05829 0.0582912
0.671875 1.0569 0.056897
0.671875 1.0569 0.056897
0.6875 1.05541 0.0554104
0.6875 1.05541 0.0554104
0.703125 1.05384 0.0538432
0.703125 1.05384 0.0538432
0.71875 1.05221 0.0522082
0.71875 1.05221 0.0522082
0.734375 1.05052 0.0505195
0.734375 1.05052 0.0505195
0.75 1.04879 0.0487921
0.75 1.04879 0.0487921
0.765625 1.04704 0.0470421
0.765625 1.04704 0.0470421
0.78125 1.04529 0.0452865
0.78125 1.04529 0.0452865
0.796875 1.04354 0.0435431
0.796875 1.04354 0.0435431
0.8125 1.04183 0.04183
0.8125 1.04183 0.04183
0.828125 1.04017 0.0401657
0.828125 1.04017 0.0401657
0.84375 1.03857 0.0385687
0.84375 1.03857 0.0385687
0.859375 1.03706 0.0370573
0.859375 1.03706 0.0370573
0.875 1.03565 0.0356492
0.875 1.03565 0.0356492
0.890625 1.03436 0.0343612
0.890625 1.03436 0.0343612
0.90625 1.03321 0.0332089
0.90625 1.03321 0.0332089
0.921875 1.03221 0.0322064
0.921875 1.03221 0.0322064
0.9375 1.03137 0.031366
0.9375 1.03137 0.031366
0.953125 1.0307 0.030698
0.953125 1.0307 0.030698
0.96875 1.03021 0.0302102
0.96875 1.03021 0.0302102
0.984375 1.02991 0.0299083
0.984375 1.02991 0.0299083
1 1 0
