# x y topography
0 1 0
0.015625 1.03261 0.0326111
0.015625 1.03261 0.0326111
0.03125 1.03288 0.0328775
0.03125 1.03288 0.0328775
0.046875 1.03329 0.0332949
0.046875 1.03329 0.0332949
0.0625 1.03386 0.0338591
0.0625 1.03386 0.0338591
0.078125 1.03456 0.0345645
0.078125 1.03456 0.0345645
0.09375 1.0354 0.0354034
0.09375 1.0354 0.0354034
0.109375 1.03637 0.0363667
0.109375 1.03637 0.0363667
0.125 1.03744 0.037444
0.125 1.03744 0.037444
0.140625 1.03862 0.0386234
0.140625 1.03862 0.0386234
0.15625 1.03989 0.0398922
0.15625 1.03989 0.0398922
0.171875 1.04124 0.0412367
0.171875 1.04124 0.0412367
0.1875 1.04264 0.0426427
0.1875 1.04264 0.0426427
0.203125 1.0441 0.0440954
0.203125 1.0441 0.0440954
0.21875 1.04558 0.0455799
0.21875 1.04558 0.0455799
0.234375 1.04708 0.0470813
0.234375 1.04708 0.0470813
0.25 1.04858 0.0485847
0.25 1.04858 0.0485847
0.265625 1.05008 0.0500755
0.265625 1.05008 0.0500755
0.28125 1.05154 0.0515398
0.28125 1.05154 0.0515398
0.296875 1.05296 0.0529641
0.296875 1.05296 0.0529641
0.3125 1.05434 0.0543355
0.3125 1.05434 0.0543355
0.328125 1.05564 0.0556421
0.328125 1.05564 0.0556421
0.34375 1.05687 0.0568726
0.34375 1.05687 0.0568726
0.359375 1.05802 0.0580169
0.359375 1.05802 0.0580169
0.375 1.05907 0.0590657
0.375 1.05907 0.0590657
0.390625 1.06001 0.0600106
0.390625 1.06001 0.0600106
0.40625 1.06084 0.0608442
0.40625 1.06084 0.0608442
0.421875 1.06156 0.0615603
0.421875 1.06156 0.0615603
0.4375 1.06215 0.0621534
0.4375 1.06215 0.0621534
0.453125 1.06262 0.0626193
0.453125 1.06262 0.0626193
0.46875 1.06295 0.0629545
0.46875 1.06295 0.0629545
0.484375 1.06316 0.0631565
0.484375 1.06316 0.0631565
0.5 1.06322 0.063224
0.5 1.06322 0.063224
0.515625 1.06316 0.0631565
0.515625 1.06316 0.0631565
0.53125 1.06295 0.0629545
0.53125 1.06295 0.0629545
0.546875 1.06262 0.0626193
0.546875 1.06262 0.0626193
0.5625 1.06215 0.0621534
0.5625 1.06215 0.0621534
0.578125 1.06156 0.0615603
0.578125 1.06156 0.0615603
0.59375 1.06084 0.0608442
0.59375 1.06084 0.0608442
0.609375 1.06001 0.0600106
0.609375 1.06001 0.0600106
0.625 1.05907 0.0590657
0.625 1.05907 0.0590657
0.640625 1.05802 0.0580169
0.640625 1.05802 0.0580169
0.65625 1.05687 0.0568726
0.65625 1.05687 0.0568726
0.671875 1.05564 0.0556421
0.671875 1.05564 0.0556421
0.6875 1.05434 0.0543355
0.6875 1.05434 0.0543355
0.703125 1.05296 0.0529641
0.703125 1.05296 0.0529641
0.71875 1.05154 0.0515398
0.71875 1.05154 0.0515398
0.734375 1.05008 0.0500755
0.734375 1.05008 0.0500755
0.75 1.04858 0.0485847
0.75 1.04858 0.0485847
0.765625 1.04708 0.0470813
0.765625 1.04708 0.0470813
0.78125 1.04558 0.0455799
0.78125 1.04558 0.0455799
0.796875 1.0441 0.0440954
0.796875 1.0441 0.0440954
0.8125 1.04264 0.0426427
0.8125 1.04264 0.0426427
0.828125 1.04124 0.0412367
0.828125 1.04124 0.0412367
0.84375 1.03989 0.0398922
0.84375 1.03989 0.0398922
0.859375 1.03862 0.0386234
0.859375 1.03862 0.0386234
0.875 1.03744 0.037444
0.875 1.03744 0.037444
0.890625 1.03637 0.0363667
0.890625 1.03637 0.0363667
0.90625 1.0354 0.0354034
0.90625 1.0354 0.0354034
0.921875 1.03456 0.0345645
0.921875 1.03456 0.0345645
0.9375 1.03386 0.0338591
0.9375 1.03386 0.0338591
0.953125 1.03329 0.0332949
0.953125 1.03329 0.0332949
0.96875 1.03288 0.0328775
0.96875 1.03288 0.0328775
0.984375 1.03261 0.0326111
0.984375 1.03261 0.0326111
1 1 0
