# x y topography
0 1 0
0.015625 1.03038 0.0303838
0.015625 1.03038 0.0303838
0.03125 1.03068 0.0306791
0.03125 1.03068 0.0306791
0.046875 1.03115 0.0311539
0.046875 1.03115 0.0311539
0.0625 1.0318 0.0318028
0.0625 1.0318 0.0318028
0.078125 1.03262 0.0326183
0.078125 1.03262 0.0326183
0.09375 1.03359 0.0335908
0.09375 1.03359 0.0335908
0.109375 1.03471 0.0347086
0.109375 1.03471 0.0347086
0.125 1.03596 0.0359583
0.125 1.03596 0.0359583
0.140625 1.03732 0.037325
0.140625 1.03732 0.037325
0.15625 1.03879 0.0387927
0.15625 1.03879 0.0387927
0.171875 1.04034 0.0403445
0.171875 1.04034 0.0403445
0.1875 1.04196 0.0419628
0.1875 1.04196 0.0419628
0.203125 1.04363 0.04363
0.203125 1.04363 0.04363
0.21875 1.04533 0.0453281
0.21875 1.04533 0.0453281
0.234375 1.04704 0.0470395
0.234375 1.04704 0.0470395
0.25 1.04875 0.0487471
0.25 1.04875 0.0487471
0.265625 1.05043 0.0504341
0.265625 1.05043 0.0504341
0.28125 1.05208 0.052085
0.28125 1.05208 0.052085
0.296875 1.05368 0.0536847
0.296875 1.05368 0.0536847
0.3125 1.05522 0.0552195
0.3125 1.05522 0.0552195
0.328125 1.05668 0.0566765
0.328125 1.05668 0.0566765
0.34375 1.05804 0.0580441
0.34375 1.05804 0.0580441
0.359375 1.05931 0.0593118
0.359375 1.05931 0.0593118
0.375 1.06047 0.0604702
0.375 1.06047 0.0604702
0.390625 1.06151 0.0615109
0.390625 1.06151 0.0615109
0.40625 1.06243 0.062427
0.40625 1.06243 0.062427
0.421875 1.06321 0.0632121
0.421875 1.06321 0.0632121
0.4375 1.06386 0.0638613
0.4375 1.06386 0.0638613
0.453125 1.06437 0.0643703
0.453125 1.06437 0.0643703
0.46875 1.06474 0.0647362
0.46875 1.06474 0.0647362
0.484375 1.06496 0.0649566
0.484375 1.06496 0.0649566
0.5 1.06503 0.0650302
0.5 1.06503 0.0650302
0.515625 1.06496 0.0649566
0.515625 1.06496 0.0649566
0.53125 1.06474 0.0647362
0.53125 1.06474 0.0647362
0.546875 1.06437 0.0643703
0.546875 1.06437 0.0643703
0.5625 1.06386 0.0638613
0.5625 1.06386 0.0638613
0.578125 1.06321 0.0632121
0.578125 1.06321 0.0632121
0.59375 1.06243 0.062427
0.59375 1.06243 0.062427
0.609375 1.06151 0.0615109
0.609375 1.06151 0.0615109
0.625 1.06047 0.0604702
0.625 1.06047 0.0604702
0.640625 1.05931 0.0593118
0.640625 1.05931 0.0593118
0.65625 1.05804 0.0580441
0.65625 1.05804 0.0580441
0.671875 1.05668 0.0566765
0.671875 1.05668 0.0566765
0.6875 1.05522 0.0552195
0.6875 1.05522 0.0552195
0.703125 1.05368 0.0536847
0.703125 1.05368 0.0536847
0.71875 1.05208 0.052085
0.71875 1.05208 0.052085
0.734375 1.05043 0.0504341
0.734375 1.05043 0.0504341
0.75 1.04875 0.0487471
0.75 1.04875 0.0487471
0.765625 1.04704 0.0470395
0.765625 1.04704 0.0470395
0.78125 1.04533 0.0453281
0.78125 1.04533 0.0453281
0.796875 1.04363 0.04363
0.796875 1.04363 0.04363
0.8125 1.04196 0.0419628
0.8125 1.04196 0.0419628
0.828125 1.04034 0.0403445
0.828125 1.04034 0.0403445
0.84375 1.03879 0.0387927
0.84375 1.03879 0.0387927
0.859375 1.03732 0.037325
0.859375 1.03732 0.037325
0.875 1.03596 0.0359583
0.875 1.03596 0.0359583
0.890625 1.03471 0.0347086
0.890625 1.03471 0.0347086
0.90625 1.03359 0.0335908
0.90625 1.03359 0.0335908
0.921875 1.03262 0.0326183
0.921875 1.03262 0.0326183
0.9375 1.0318 0.0318028
0.9375 1.0318 0.0318028
0.953125 1.03115 0.0311539
0.953125 1.03115 0.0311539
0.96875 1.03068 0.0306791
0.96875 1.03068 0.0306791
0.984375 1.03038 0.0303838
0.984375 1.03038 0.0303838
1 1 0
