# x y topography
0 1 0
0.015625 1.02367 0.0236677
0.015625 1.02367 0.0236677
0.03125 1.02407 0.0240746
0.03125 1.02407 0.0240746
0.046875 1.02477 0.0247689
0.046875 1.02477 0.0247689
0.0625 1.02574 0.0257384
0.0625 1.02574 0.0257384
0.078125 1.02697 0.0269659
0.078125 1.02697 0.0269659
0.09375 1.02843 0.0284294
0.09375 1.02843 0.0284294
0.109375 1.0301 0.0301033
0.109375 1.0301 0.0301033
0.125 1.03196 0.0319591
0.125 1.03196 0.0319591
0.140625 1.03397 0.0339666
0.140625 1.03397 0.0339666
0.15625 1.03609 0.0360946
0.15625 1.03609 0.0360946
0.171875 1.03831 0.0383122
0.171875 1.03831 0.0383122
0.1875 1.04059 0.040589
0.1875 1.04059 0.040589
0.203125 1.0429 0.0428961
0.203125 1.0429 0.0428961
0.21875 1.04521 0.0452066
0.21875 1.04521 0.0452066
0.234375 1.0475 0.0474958
0.234375 1.0475 0.0474958
0.25 1.04974 0.0497414
0.25 1.04974 0.0497414
0.265625 1.05192 0.0519235
0.265625 1.05192 0.0519235
0.28125 1.05402 0.0540248
0.28125 1.05402 0.0540248
0.296875 1.05603 0.0560301
0.296875 1.05603 0.0560301
0.3125 1.05793 0.0579264
0.3125 1.05793 0.0579264
0.328125 1.0597 0.0597027
0.328125 1.0597 0.0597027
0.34375 1.06135 0.0613496
0.34375 1.06135 0.0613496
0.359375 1.06286 0.0628592
0.359375 1.06286 0.0628592
0.375 1.06422 0.0642249
0.375 1.06422 0.0642249
0.390625 1.06544 0.0654412
0.390625 1.06544 0.0654412
0.40625 1.0665 0.0665035
0.40625 1.0665 0.0665035
0.421875 1.06741 0.0674083
0.421875 1.06741 0.0674083
0.4375 1.06815 0.0681523
0.4375 1.06815 0.0681523
0.453125 1.06873 0.0687334
0.453125 1.06873 0.0687334
0.46875 1.06915 0.0691497
0.46875 1.06915 0.0691497
0.484375 1.0694 0.0693999
0.484375 1.0694 0.0693999
0.5 1.06948 0.0694834
0.5 1.06948 0.0694834
0.515625 1.0694 0.0693999
0.515625 1.0694 0.0693999
0.53125 1.06915 0.0691497
0.53125 1.06915 0.0691497
0.546875 1.06873 0.0687334
0.546875 1.06873 0.0687334
0.5625 1.06815 0.0681523
0.5625 1.06815 0.0681523
0.578125 1.06741 0.0674083
0.578125 1.06741 0.0674083
0.59375 1.0665 0.0665035
0.59375 1.0665 0.0665035
0.609375 1.06544 0.0654412
0.609375 1.06544 0.0654412
0.625 1.06422 0.0642249
0.625 1.06422 0.0642249
0.640625 1.06286 0.0628592
0.640625 1.06286 0.0628592
0.65625 1.06135 0.0613496
0.65625 1.06135 0.0613496
0.671875 1.0597 0.0597027
0.671875 1.0597 0.0597027
0.6875 1.05793 0.0579264
0.6875 1.05793 0.0579264
0.703125 1.05603 0.0560301
0.703125 1.05603 0.0560301
0.71875 1.05402 0.0540248
0.71875 1.05402 0.0540248
0.734375 1.05192 0.0519235
0.734375 1.05192 0.0519235
0.75 1.04974 0.0497414
0.75 1.04974 0.0497414
0.765625 1.0475 0.0474958
0.765625 1.0475 0.0474958
0.78125 1.04521 0.0452066
0.78125 1.04521 0.0452066
0.796875 1.0429 0.0428961
0.796875 1.0429 0.0428961
0.8125 1.04059 0.040589
0.8125 1.04059 0.040589
0.828125 1.03831 0.0383122
0.828125 1.03831 0.0383122
0.84375 1.03609 0.0360946
0.84375 1.03609 0.0360946
0.859375 1.03397 0.0339666
0.859375 1.03397 0.0339666
0.875 1.03196 0.0319591
0.875 1.03196 0.0319591
0.890625 1.0301 0.0301033
0.890625 1.0301 0.0301033
0.90625 1.02843 0.0284294
0.90625 1.02843 0.0284294
0.921875 1.02697 0.0269659
0.921875 1.02697 0.0269659
0.9375 1.02574 0.0257384
0.9375 1.02574 0.0257384
0.953125 1.02477 0.0247689
0.953125 1.02477 0.0247689
0.96875 1.02407 0.0240746
0.96875 1.02407 0.0240746
0.984375 1.02367 0.0236677
0.984375 1.02367 0.0236677
1 1 0
