# x y topography
0 1 0
0.015625 1.0251 0.0250995
0.015625 1.0251 0.0250995
0.03125 1.02548 0.0254785
0.03125 1.02548 0.0254785
0.046875 1.02612 0.0261181
0.046875 1.02612 0.0261181
0.0625 1.02701 0.0270083
0.0625 1.02701 0.0270083
0.078125 1.02813 0.0281348
0.078125 1.02813 0.0281348
0.09375 1.02948 0.0294793
0.09375 1.02948 0.0294793
0.109375 1.03102 0.0310205
0.109375 1.03102 0.0310205
0.125 1.03273 0.0327341
0.125 1.03273 0.0327341
0.140625 1.03459 0.0345942
0.140625 1.03459 0.0345942
0.15625 1.03657 0.0365738
0.15625 1.03657 0.0365738
0.171875 1.03865 0.0386454
0.171875 1.03865 0.0386454
0.1875 1.04078 0.0407818
0.1875 1.04078 0.0407818
0.203125 1.04296 0.0429564
0.203125 1.04296 0.0429564
0.21875 1.04514 0.0451442
0.21875 1.04514 0.0451442
0.234375 1.04732 0.0473214
0.234375 1.04732 0.0473214
0.25 1.04947 0.0494663
0.25 1.04947 0.0494663
0.265625 1.05156 0.0515591
0.265625 1.05156 0.0515591
0.28125 1.05358 0.0535821
0.28125 1.05358 0.0535821
0.296875 1.05552 0.0555195
0.296875 1.05552 0.0555195
0.3125 1.05736 0.0573574
0.3125 1.05736 0.0573574
0.328125 1.05908 0.0590839
0.328125 1.05908 0.0590839
0.34375 1.06069 0.0606887
0.34375 1.06069 0.0606887
0.359375 1.06216 0.0621628
0.359375 1.06216 0.0621628
0.375 1.0635 0.063499
0.375 1.0635 0.063499
0.390625 1.06469 0.0646909
0.390625 1.06469 0.0646909
0.40625 1.06573 0.0657333
0.40625 1.06573 0.0657333
0.421875 1.06662 0.0666219
0.421875 1.06662 0.0666219
0.4375 1.06735 0.0673534
0.4375 1.06735 0.0673534
0.453125 1.06792 0.067925
0.453125 1.06792 0.067925
0.46875 1.06833 0.0683346
0.46875 1.06833 0.0683346
0.484375 1.06858 0.068581
0.484375 1.06858 0.068581
0.5 1.06866 0.0686632
0.5 1.06866 0.0686632
0.515625 1.06858 0.068581
0.515625 1.06858 0.068581
0.53125 1.06833 0.0683346
0.53125 1.06833 0.0683346
0.546875 1.06792 0.067925
0.546875 1.06792 0.067925
0.5625 1.06735 0.0673534
0.5625 1.06735 0.0673534
0.578125 1.06662 0.0666219
0.578125 1.06662 0.0666219
0.59375 1.06573 0.0657333
0.59375 1.06573 0.0657333
0.609375 1.06469 0.0646909
0.609375 1.06469 0.0646909
0.625 1.0635 0.063499
0.625 1.0635 0.063499
0.640625 1.06216 0.0621628
0.640625 1.06216 0.0621628
0.65625 1.06069 0.0606887
0.65625 1.06069 0.0606887
0.671875 1.05908 0.0590839
0.671875 1.05908 0.0590839
0.6875 1.05736 0.0573574
0.6875 1.05736 0.0573574
0.703125 1.05552 0.0555195
0.703125 1.05552 0.0555195
0.71875 1.05358 0.0535821
0.71875 1.05358 0.0535821
0.734375 1.05156 0.0515591
0.734375 1.05156 0.0515591
0.75 1.04947 0.0494663
0.75 1.04947 0.0494663
0.765625 1.04732 0.0473214
0.765625 1.04732 0.0473214
0.78125 1.04514 0.0451442
0.78125 1.04514 0.0451442
0.796875 1.04296 0.0429564
0.796875 1.04296 0.0429564
0.8125 1.04078 0.0407818
0.8125 1.04078 0.0407818
0.828125 1.03865 0.0386454
0.828125 1.03865 0.0386454
0.84375 1.03657 0.0365738
0.84375 1.03657 0.0365738
0.859375 1.03459 0.0345942
0.859375 1.03459 0.0345942
0.875 1.03273 0.0327341
0.875 1.03273 0.0327341
0.890625 1.03102 0.0310205
0.890625 1.03102 0.0310205
0.90625 1.02948 0.0294793
0.90625 1.02948 0.0294793
0.921875 1.02813 0.0281348
0.921875 1.02813 0.0281348
0.9375 1.02701 0.0270083
0.9375 1.02701 0.0270083
0.953125 1.02612 0.0261181
0.953125 1.02612 0.0261181
0.96875 1.02548 0.0254785
0.96875 1.02548 0.0254785
0.984375 1.0251 0.0250995
0.984375 1.0251 0.0250995
1 1 0
