# x y topography
0 1 0
0.015625 1.03374 0.0337361
0.015625 1.03374 0.0337361
0.03125 1.03399 0.0339888
0.03125 1.03399 0.0339888
0.046875 1.03438 0.034379
0.046875 1.03438 0.034379
0.0625 1.0349 0.0349032
0.0625 1.0349 0.0349032
0.078125 1.03556 0.0355563
0.078125 1.03556 0.0355563
0.09375 1.03633 0.0363315
0.09375 1.03633 0.0363315
0.109375 1.03722 0.0372208
0.109375 1.03722 0.0372208
0.125 1.03821 0.038215
0.125 1.03821 0.038215
0.140625 1.0393 0.0393035
0.140625 1.0393 0.0393035
0.15625 1.04048 0.0404751
0.15625 1.04048 0.0404751
0.171875 1.04172 0.0417175
0.171875 1.04172 0.0417175
0.1875 1.04302 0.0430179
0.1875 1.04302 0.0430179
0.203125 1.04436 0.044363
0.203125 1.04436 0.044363
0.21875 1.04574 0.0457393
0.21875 1.04574 0.0457393
0.234375 1.04713 0.047133
0.234375 1.04713 0.047133
0.25 1.04853 0.0485306
0.25 1.04853 0.0485306
0.265625 1.04992 0.0499186
0.265625 1.04992 0.0499186
0.28125 1.05128 0.0512839
0.28125 1.05128 0.0512839
0.296875 1.05261 0.0526139
0.296875 1.05261 0.0526139
0.3125 1.0539 0.0538964
0.3125 1.0539 0.0538964
0.328125 1.05512 0.0551201
0.328125 1.05512 0.0551201
0.34375 1.05627 0.0562743
0.34375 1.05627 0.0562743
0.359375 1.05735 0.057349
0.359375 1.05735 0.057349
0.375 1.05834 0.0583352
0.375 1.05834 0.0583352
0.390625 1.05922 0.0592248
0.390625 1.05922 0.0592248
0.40625 1.06001 0.0600105
0.40625 1.06001 0.0600105
0.421875 1.06069 0.060686
0.421875 1.06069 0.060686
0.4375 1.06125 0.061246
0.4375 1.06125 0.061246
0.453125 1.06169 0.061686
0.453125 1.06169 0.061686
0.46875 1.062 0.0620028
0.46875 1.062 0.0620028
0.484375 1.06219 0.0621938
0.484375 1.06219 0.0621938
0.5 1.06226 0.0622577
0.5 1.06226 0.0622577
0.515625 1.06219 0.0621938
0.515625 1.06219 0.0621938
0.53125 1.062 0.0620028
0.53125 1.062 0.0620028
0.546875 1.06169 0.061686
0.546875 1.06169 0.061686
0.5625 1.06125 0.061246
0.5625 1.06125 0.061246
0.578125 1.06069 0.060686
0.578125 1.06069 0.060686
0.59375 1.06001 0.0600105
0.59375 1.06001 0.0600105
0.609375 1.05922 0.0592248
0.609375 1.05922 0.0592248
0.625 1.05834 0.0583352
0.625 1.05834 0.0583352
0.640625 1.05735 0.057349
0.640625 1.05735 0.057349
0.65625 1.05627 0.0562743
0.65625 1.05627 0.0562743
0.671875 1.05512 0.0551201
0.671875 1.05512 0.0551201
0.6875 1.0539 0.0538964
0.6875 1.0539 0.0538964
0.703125 1.05261 0.0526139
0.703125 1.05261 0.0526139
0.71875 1.05128 0.0512839
0.71875 1.05128 0.0512839
0.734375 1.04992 0.0499186
0.734375 1.04992 0.0499186
0.75 1.04853 0.0485306
0.75 1.04853 0.0485306
0.765625 1.04713 0.047133
0.765625 1.04713 0.047133
0.78125 1.04574 0.0457393
0.78125 1.04574 0.0457393
0.796875 1.04436 0.044363
0.796875 1.04436 0.044363
0.8125 1.04302 0.0430179
0.8125 1.04302 0.0430179
0.828125 1.04172 0.0417175
0.828125 1.04172 0.0417175
0.84375 1.04048 0.0404751
0.84375 1.04048 0.0404751
0.859375 1.0393 0.0393035
0.859375 1.0393 0.0393035
0.875 1.03821 0.038215
0.875 1.03821 0.038215
0.890625 1.03722 0.0372208
0.890625 1.03722 0.0372208
0.90625 1.03633 0.0363315
0.90625 1.03633 0.0363315
0.921875 1.03556 0.0355563
0.921875 1.03556 0.0355563
0.9375 1.0349 0.0349032
0.9375 1.0349 0.0349032
0.953125 1.03438 0.034379
0.953125 1.03438 0.034379
0.96875 1.03399 0.0339888
0.96875 1.03399 0.0339888
0.984375 1.03374 0.0337361
0.984375 1.03374 0.0337361
1 1 0
