# x y topography
0 1 0
0.015625 1.02085 0.0208454
0.015625 1.02085 0.0208454
0.03125 1.02132 0.0213172
0.03125 1.02132 0.0213172
0.046875 1.02214 0.0221381
0.046875 1.02214 0.0221381
0.0625 1.02329 0.0232898
0.0625 1.02329 0.0232898
0.078125 1.02475 0.0247462
0.078125 1.02475 0.0247462
0.09375 1.02647 0.026475
0.09375 1.02647 0.026475
0.109375 1.02844 0.0284393
0.109375 1.02844 0.0284393
0.125 1.0306 0.0305992
0.125 1.0306 0.0305992
0.140625 1.03291 0.0329138
0.140625 1.03291 0.0329138
0.15625 1.03534 0.0353426
0.15625 1.03534 0.0353426
0.171875 1.03785 0.0378468
0.171875 1.03785 0.0378468
0.1875 1.04039 0.0403903
0.1875 1.04039 0.0403903
0.203125 1.04294 0.0429405
0.203125 1.04294 0.0429405
0.21875 1.04547 0.0454683
0.21875 1.04547 0.0454683
0.234375 1.04795 0.0479486
0.234375 1.04795 0.0479486
0.25 1.05036 0.0503598
0.25 1.05036 0.0503598
0.265625 1.05268 0.0526838
0.265625 1.05268 0.0526838
0.28125 1.05491 0.0549055
0.28125 1.05491 0.0549055
0.296875 1.05701 0.0570122
0.296875 1.05701 0.0570122
0.3125 1.05899 0.0589936
0.3125 1.05899 0.0589936
0.328125 1.06084 0.060841
0.328125 1.06084 0.060841
0.34375 1.06255 0.0625472
0.34375 1.06255 0.0625472
0.359375 1.06411 0.0641062
0.359375 1.06411 0.0641062
0.375 1.06551 0.065513
0.375 1.06551 0.065513
0.390625 1.06676 0.0667634
0.390625 1.06676 0.0667634
0.40625 1.06785 0.0678539
0.40625 1.06785 0.0678539
0.421875 1.06878 0.0687814
0.421875 1.06878 0.0687814
0.4375 1.06954 0.0695435
0.4375 1.06954 0.0695435
0.453125 1.07014 0.0701383
0.453125 1.07014 0.0701383
0.46875 1.07056 0.0705642
0.46875 1.07056 0.0705642
0.484375 1.07082 0.0708201
0.484375 1.07082 0.0708201
0.5 1.07091 0.0709055
0.5 1.07091 0.0709055
0.515625 1.07082 0.0708201
0.515625 1.07082 0.0708201
0.53125 1.07056 0.0705642
0.53125 1.07056 0.0705642
0.546875 1.07014 0.0701383
0.546875 1.07014 0.0701383
0.5625 1.06954 0.0695435
0.5625 1.06954 0.0695435
0.578125 1.06878 0.0687814
0.578125 1.06878 0.0687814
0.59375 1.06785 0.0678539
0.59375 1.06785 0.0678539
0.609375 1.06676 0.0667634
0.609375 1.06676 0.0667634
0.625 1.06551 0.065513
0.625 1.06551 0.065513
0.640625 1.06411 0.0641062
0.640625 1.06411 0.0641062
0.65625 1.06255 0.0625472
0.65625 1.06255 0.0625472
0.671875 1.06084 0.060841
0.671875 1.06084 0.060841
0.6875 1.05899 0.0589936
0.6875 1.05899 0.0589936
0.703125 1.05701 0.0570122
0.703125 1.05701 0.0570122
0.71875 1.05491 0.0549055
0.71875 1.05491 0.0549055
0.734375 1.05268 0.0526838
0.734375 1.05268 0.0526838
0.75 1.05036 0.0503598
0.75 1.05036 0.0503598
0.765625 1.04795 0.0479486
0.765625 1.04795 0.0479486
0.78125 1.04547 0.0454683
0.78125 1.04547 0.0454683
0.796875 1.04294 0.0429405
0.796875 1.04294 0.0429405
0.8125 1.04039 0.0403903
0.8125 1.04039 0.0403903
0.828125 1.03785 0.0378468
0.828125 1.03785 0.0378468
0.84375 1.03534 0.0353426
0.84375 1.03534 0.0353426
0.859375 1.03291 0.0329138
0.859375 1.03291 0.0329138
0.875 1.0306 0.0305992
0.875 1.0306 0.0305992
0.890625 1.02844 0.0284393
0.890625 1.02844 0.0284393
0.90625 1.02647 0.026475
0.90625 1.02647 0.026475
0.921875 1.02475 0.0247462
0.921875 1.02475 0.0247462
0.9375 1.02329 0.0232898
0.9375 1.02329 0.0232898
0.953125 1.02214 0.0221381
0.953125 1.02214 0.0221381
0.96875 1.02132 0.0213172
0.96875 1.02132 0.0213172
0.984375 1.02085 0.0208454
0.984375 1.02085 0.0208454
1 1 0
