# x y topography
0 1 0
0.015625 1.02911 0.029111
0.015625 1.02911 0.029111
0.03125 1.02942 0.0294243
0.03125 1.02942 0.0294243
0.046875 1.02993 0.0299345
0.046875 1.02993 0.0299345
0.0625 1.03064 0.0306356
0.0625 1.03064 0.0306356
0.078125 1.03152 0.0315189
0.078125 1.03152 0.0315189
0.09375 1.03257 0.032573
0.09375 1.03257 0.032573
0.109375 1.03378 0.0337846
0.109375 1.03378 0.0337846
0.125 1.03514 0.0351383
0.125 1.03514 0.0351383
0.140625 1.03662 0.036617
0.140625 1.03662 0.036617
0.15625 1.0382 0.0382027
0.15625 1.0382 0.0382027
0.171875 1.03988 0.0398762
0.171875 1.03988 0.0398762
0.1875 1.04162 0.0416179
0.1875 1.04162 0.0416179
0.203125 1.04341 0.0434081
0.203125 1.04341 0.0434081
0.21875 1.04523 0.0452272
0.21875 1.04523 0.0452272
0.234375 1.04706 0.0470561
0.234375 1.04706 0.0470561
0.25 1.04888 0.0488761
0.25 1.04888 0.0488761
0.265625 1.05067 0.0506698
0.265625 1.05067 0.0506698
0.28125 1.05242 0.0524204
0.28125 1.05242 0.0524204
0.296875 1.05411 0.0541126
0.296875 1.05411 0.0541126
0.3125 1.05573 0.0557321
0.3125 1.05573 0.0557321
0.328125 1.05727 0.0572659
0.328125 1.05727 0.0572659
0.34375 1.0587 0.0587025
0.34375 1.0587 0.0587025
0.359375 1.06003 0.0600312
0.359375 1.06003 0.0600312
0.375 1.06124 0.0612431
0.375 1.06124 0.0612431
0.390625 1.06233 0.06233
0.390625 1.06233 0.06233
0.40625 1.06329 0.0632852
0.40625 1.06329 0.0632852
0.421875 1.0641 0.0641027
0.421875 1.0641 0.0641027
0.4375 1.06478 0.064778
0.4375 1.06478 0.064778
0.453125 1.06531 0.065307
0.453125 1.06531 0.065307
0.46875 1.06569 0.0656869
0.46875 1.06569 0.0656869
0.484375 1.06592 0.0659157
0.484375 1.06592 0.0659157
0.5 1.06599 0.0659921
0.5 1.06599 0.0659921
0.515625 1.06592 0.0659157
0.515625 1.06592 0.0659157
0.53125 1.06569 0.0656869
0.53125 1.06569 0.0656869
0.546875 1.06531 0.065307
0.546875 1.06531 0.065307
0.5625 1.06478 0.064778
0.5625 1.06478 0.064778
0.578125 1.0641 0.0641027
0.578125 1.0641 0.0641027
0.59375 1.06329 0.0632852
0.59375 1.06329 0.0632852
0.609375 1.06233 0.06233
0.609375 1.06233 0.06233
0.625 1.06124 0.0612431
0.625 1.06124 0.0612431
0.640625 1.06003 0.0600312
0.640625 1.06003 0.0600312
0.65625 1.0587 0.0587025
0.65625 1.0587 0.0587025
0.671875 1.05727 0.0572659
0.671875 1.05727 0.0572659
0.6875 1.05573 0.0557321
0.6875 1.05573 0.0557321
0.703125 1.05411 0.0541126
0.703125 1.05411 0.0541126
0.71875 1.05242 0.0524204
0.71875 1.05242 0.0524204
0.734375 1.05067 0.0506698
0.734375 1.05067 0.0506698
0.75 1.04888 0.0488761
0.75 1.04888 0.0488761
0.765625 1.04706 0.0470561
0.765625 1.04706 0.0470561
0.78125 1.04523 0.0452272
0.78125 1.04523 0.0452272
0.796875 1.04341 0.0434081
0.796875 1.04341 0.0434081
0.8125 1.04162 0.0416179
0.8125 1.04162 0.0416179
0.828125 1.03988 0.0398762
0.828125 1.03988 0.0398762
0.84375 1.0382 0.0382027
0.84375 1.0382 0.0382027
0.859375 1.03662 0.036617
0.859375 1.03662 0.036617
0.875 1.03514 0.0351383
0.875 1.03514 0.0351383
0.890625 1.03378 0.0337846
0.890625 1.03378 0.0337846
0.90625 1.03257 0.032573
0.90625 1.03257 0.032573
0.921875 1.03152 0.0315189
0.921875 1.03152 0.0315189
0.9375 1.03064 0.0306356
0.9375 1.03064 0.0306356
0.953125 1.02993 0.0299345
0.953125 1.02993 0.0299345
0.96875 1.02942 0.0294243
0.96875 1.02942 0.0294243
0.984375 1.02911 0.029111
0.984375 1.02911 0.029111
1 1 0
