# x y topography
0 1 0
0.015625 1.00847 0.00847133
0.015625 1.00847 0.00847133
0.03125 1.00978 0.00978178
0.03125 1.00978 0.00978178
0.046875 1.01207 0.0120672
0.046875 1.01207 0.0120672
0.0625 1.015 0.0149995
0.0625 1.015 0.0149995
0.078125 1.01828 0.0182773
0.078125 1.01828 0.0182773
0.09375 1.02169 0.0216931
0.09375 1.02169 0.0216931
0.109375 1.02513 0.0251307
0.109375 1.02513 0.0251307
0.125 1.02853 0.0285339
0.125 1.02853 0.0285339
0.140625 1.03188 0.0318764
0.140625 1.03188 0.0318764
0.15625 1.03514 0.0351442
0.15625 1.03514 0.0351442
0.171875 1.03833 0.038328
0.171875 1.03833 0.038328
0.1875 1.04142 0.0414195
0.1875 1.04142 0.0414195
0.203125 1.04441 0.0444112
0.203125 1.04441 0.0444112
0.21875 1.0473 0.0472959
0.21875 1.0473 0.0472959
0.234375 1.05007 0.0500668
0.234375 1.05007 0.0500668
0.25 1.05272 0.052717
0.25 1.05272 0.052717
0.265625 1.05524 0.0552402
0.265625 1.05524 0.0552402
0.28125 1.05763 0.0576303
0.28125 1.05763 0.0576303
0.296875 1.05988 0.0598816
0.296875 1.05988 0.0598816
0.3125 1.06199 0.0619886
0.3125 1.06199 0.0619886
0.328125 1.06395 0.0639463
0.328125 1.06395 0.0639463
0.34375 1.06575 0.0657499
0.34375 1.06575 0.0657499
0.359375 1.0674 0.0673951
0.359375 1.0674 0.0673951
0.375 1.06888 0.068878
0.375 1.06888 0.068878
0.390625 1.07019 0.070195
0.390625 1.07019 0.070195
0.40625 1.07134 0.0713428
0.40625 1.07134 0.0713428
0.421875 1.07232 0.0723188
0.421875 1.07232 0.0723188
0.4375 1.07312 0.0731205
0.4375 1.07312 0.0731205
0.453125 1.07375 0.0737461
0.453125 1.07375 0.0737461
0.46875 1.07419 0.074194
0.46875 1.07419 0.074194
0.484375 1.07446 0.0744632
0.484375 1.07446 0.0744632
0.5 1.07455 0.074553
0.5 1.07455 0.074553
0.515625 1.07446 0.0744632
0.515625 1.07446 0.0744632
0.53125 1.07419 0.074194
0.53125 1.07419 0.074194
0.546875 1.07375 0.0737461
0.546875 1.07375 0.0737461
0.5625 1.07312 0.0731205
0.5625 1.07312 0.0731205
0.578125 1.07232 0.0723188
0.578125 1.07232 0.0723188
0.59375 1.07134 0.0713428
0.59375 1.07134 0.0713428
0.609375 1.07019 0.070195
0.609375 1.07019 0.070195
0.625 1.06888 0.068878
0.625 1.06888 0.068878
0.640625 1.0674 0.0673951
0.640625 1.0674 0.0673951
0.65625 1.06575 0.0657499
0.65625 1.06575 0.0657499
0.671875 1.06395 0.0639463
0.671875 1.06395 0.0639463
0.6875 1.06199 0.0619886
0.6875 1.06199 0.0619886
0.703125 1.05988 0.0598816
0.703125 1.05988 0.0598816
0.71875 1.05763 0.0576303
0.71875 1.05763 0.0576303
0.734375 1.05524 0.0552402
0.734375 1.05524 0.0552402
0.75 1.05272 0.052717
0.75 1.05272 0.052717
0.765625 1.05007 0.0500668
0.765625 1.05007 0.0500668
0.78125 1.0473 0.0472959
0.78125 1.0473 0.0472959
0.796875 1.04441 0.0444112
0.796875 1.04441 0.0444112
0.8125 1.04142 0.0414195
0.8125 1.04142 0.0414195
0.828125 1.03833 0.038328
0.828125 1.03833 0.038328
0.84375 1.03514 0.0351442
0.84375 1.03514 0.0351442
0.859375 1.03188 0.0318764
0.859375 1.03188 0.0318764
0.875 1.02853 0.0285339
0.875 1.02853 0.0285339
0.890625 1.02513 0.0251307
0.890625 1.02513 0.0251307
0.90625 1.02169 0.0216931
0.90625 1.02169 0.0216931
0.921875 1.01828 0.0182773
0.921875 1.01828 0.0182773
0.9375 1.015 0.0149995
0.9375 1.015 0.0149995
0.953125 1.01207 0.0120672
0.953125 1.01207 0.0120672
0.96875 1.00978 0.00978178
0.96875 1.00978 0.00978178
0.984375 1.00847 0.00847133
0.984375 1.00847 0.00847133
1 1 0
