# x y topography
0 1 0
0.015625 1.01519 0.0151941
0.015625 1.01519 0.0151941
0.03125 1.01587 0.015866
0.03125 1.01587 0.015866
0.046875 1.01707 0.017069
0.046875 1.01707 0.017069
0.0625 1.01875 0.0187516
0.0625 1.01875 0.0187516
0.078125 1.02084 0.0208448
0.078125 1.02084 0.0208448
0.09375 1.02327 0.0232693
0.09375 1.02327 0.0232693
0.109375 1.02594 0.0259434
0.109375 1.02594 0.0259434
0.125 1.02879 0.0287895
0.125 1.02879 0.0287895
0.140625 1.03174 0.0317385
0.140625 1.03174 0.0317385
0.15625 1.03473 0.0347322
0.15625 1.03473 0.0347322
0.171875 1.03772 0.037724
0.171875 1.03772 0.037724
0.1875 1.04068 0.0406778
0.1875 1.04068 0.0406778
0.203125 1.04357 0.0435664
0.203125 1.04357 0.0435664
0.21875 1.04637 0.0463695
0.21875 1.04637 0.0463695
0.234375 1.04907 0.0490721
0.234375 1.04907 0.0490721
0.25 1.05166 0.0516627
0.25 1.05166 0.0516627
0.265625 1.05413 0.054132
0.265625 1.05413 0.054132
0.28125 1.05647 0.0564726
0.28125 1.05647 0.0564726
0.296875 1.05868 0.0586779
0.296875 1.05868 0.0586779
0.3125 1.06074 0.0607423
0.3125 1.06074 0.0607423
0.328125 1.06266 0.0626604
0.328125 1.06266 0.0626604
0.34375 1.06443 0.0644278
0.34375 1.06443 0.0644278
0.359375 1.06604 0.0660399
0.359375 1.06604 0.0660399
0.375 1.06749 0.0674929
0.375 1.06749 0.0674929
0.390625 1.06878 0.0687834
0.390625 1.06878 0.0687834
0.40625 1.06991 0.0699082
0.40625 1.06991 0.0699082
0.421875 1.07086 0.0708645
0.421875 1.07086 0.0708645
0.4375 1.07165 0.0716501
0.4375 1.07165 0.0716501
0.453125 1.07226 0.0722631
0.453125 1.07226 0.0722631
0.46875 1.0727 0.0727021
0.46875 1.0727 0.0727021
0.484375 1.07297 0.0729658
0.484375 1.07297 0.0729658
0.5 1.07305 0.0730538
0.5 1.07305 0.0730538
0.515625 1.07297 0.0729658
0.515625 1.07297 0.0729658
0.53125 1.0727 0.0727021
0.53125 1.0727 0.0727021
0.546875 1.07226 0.0722631
0.546875 1.07226 0.0722631
0.5625 1.07165 0.0716501
0.5625 1.07165 0.0716501
0.578125 1.07086 0.0708645
0.578125 1.07086 0.0708645
0.59375 1.06991 0.0699082
0.59375 1.06991 0.0699082
0.609375 1.06878 0.0687834
0.609375 1.06878 0.0687834
0.625 1.06749 0.0674929
0.625 1.06749 0.0674929
0.640625 1.06604 0.0660399
0.640625 1.06604 0.0660399
0.65625 1.06443 0.0644278
0.65625 1.06443 0.0644278
0.671875 1.06266 0.0626604
0.671875 1.06266 0.0626604
0.6875 1.06074 0.0607423
0.6875 1.06074 0.0607423
0.703125 1.05868 0.0586779
0.703125 1.05868 0.0586779
0.71875 1.05647 0.0564726
0.71875 1.05647 0.0564726
0.734375 1.05413 0.054132
0.734375 1.05413 0.054132
0.75 1.05166 0.0516627
0.75 1.05166 0.0516627
0.765625 1.04907 0.0490721
0.765625 1.04907 0.0490721
0.78125 1.04637 0.0463695
0.78125 1.04637 0.0463695
0.796875 1.04357 0.0435664
0.796875 1.04357 0.0435664
0.8125 1.04068 0.0406778
0.8125 1.04068 0.0406778
0.828125 1.03772 0.037724
0.828125 1.03772 0.037724
0.84375 1.03473 0.0347322
0.84375 1.03473 0.0347322
0.859375 1.03174 0.0317385
0.859375 1.03174 0.0317385
0.875 1.02879 0.0287895
0.875 1.02879 0.0287895
0.890625 1.02594 0.0259434
0.890625 1.02594 0.0259434
0.90625 1.02327 0.0232693
0.90625 1.02327 0.0232693
0.921875 1.02084 0.0208448
0.921875 1.02084 0.0208448
0.9375 1.01875 0.0187516
0.9375 1.01875 0.0187516
0.953125 1.01707 0.017069
0.953125 1.01707 0.017069
0.96875 1.01587 0.015866
0.96875 1.01587 0.015866
0.984375 1.01519 0.0151941
0.984375 1.01519 0.0151941
1 1 0
