# x y topography
0 1 0
0.015625 1.03229 0.0322928
0.015625 1.03229 0.0322928
0.03125 1.03256 0.0325631
0.03125 1.03256 0.0325631
0.046875 1.03299 0.0329884
0.046875 1.03299 0.0329884
0.0625 1.03356 0.0335643
0.0625 1.03356 0.0335643
0.078125 1.03428 0.0342848
0.078125 1.03428 0.0342848
0.09375 1.03514 0.0351422
0.09375 1.03514 0.0351422
0.109375 1.03613 0.0361269
0.109375 1.03613 0.0361269
0.125 1.03723 0.0372281
0.125 1.03723 0.0372281
0.140625 1.03843 0.0384337
0.140625 1.03843 0.0384337
0.15625 1.03973 0.0397304
0.15625 1.03973 0.0397304
0.171875 1.0411 0.0411041
0.171875 1.0411 0.0411041
0.1875 1.04254 0.0425401
0.1875 1.04254 0.0425401
0.203125 1.04402 0.0440234
0.203125 1.04402 0.0440234
0.21875 1.04554 0.0455385
0.21875 1.04554 0.0455385
0.234375 1.04707 0.0470702
0.234375 1.04707 0.0470702
0.25 1.0486 0.0486032
0.25 1.0486 0.0486032
0.265625 1.05012 0.0501228
0.265625 1.05012 0.0501228
0.28125 1.05161 0.0516146
0.28125 1.05161 0.0516146
0.296875 1.05306 0.0530649
0.296875 1.05306 0.0530649
0.3125 1.05446 0.0544607
0.3125 1.05446 0.0544607
0.328125 1.05579 0.0557899
0.328125 1.05579 0.0557899
0.34375 1.05704 0.0570413
0.34375 1.05704 0.0570413
0.359375 1.0582 0.0582044
0.359375 1.0582 0.0582044
0.375 1.05927 0.05927
0.375 1.05927 0.05927
0.390625 1.06023 0.0602297
0.390625 1.06023 0.0602297
0.40625 1.06108 0.0610762
0.40625 1.06108 0.0610762
0.421875 1.0618 0.0618031
0.421875 1.0618 0.0618031
0.4375 1.06241 0.0624051
0.4375 1.06241 0.0624051
0.453125 1.06288 0.0628777
0.453125 1.06288 0.0628777
0.46875 1.06322 0.0632178
0.46875 1.06322 0.0632178
0.484375 1.06342 0.0634227
0.484375 1.06342 0.0634227
0.5 1.06349 0.0634912
0.5 1.06349 0.0634912
0.515625 1.06342 0.0634227
0.515625 1.06342 0.0634227
0.53125 1.06322 0.0632178
0.53125 1.06322 0.0632178
0.546875 1.06288 0.0628777
0.546875 1.06288 0.0628777
0.5625 1.06241 0.0624051
0.5625 1.06241 0.0624051
0.578125 1.0618 0.0618031
0.578125 1.0618 0.0618031
0.59375 1.06108 0.0610762
0.59375 1.06108 0.0610762
0.609375 1.06023 0.0602297
0.609375 1.06023 0.0602297
0.625 1.05927 0.05927
0.625 1.05927 0.05927
0.640625 1.0582 0.0582044
0.640625 1.0582 0.0582044
0.65625 1.05704 0.0570413
0.65625 1.05704 0.0570413
0.671875 1.05579 0.0557899
0.671875 1.05579 0.0557899
0.6875 1.05446 0.0544607
0.6875 1.05446 0.0544607
0.703125 1.05306 0.0530649
0.703125 1.05306 0.0530649
0.71875 1.05161 0.0516146
0.71875 1.05161 0.0516146
0.734375 1.05012 0.0501228
0.734375 1.05012 0.0501228
0.75 1.0486 0.0486032
0.75 1.0486 0.0486032
0.765625 1.04707 0.0470702
0.765625 1.04707 0.0470702
0.78125 1.04554 0.0455385
0.78125 1.04554 0.0455385
0.796875 1.04402 0.0440234
0.796875 1.04402 0.0440234
0.8125 1.04254 0.0425401
0.8125 1.04254 0.0425401
0.828125 1.0411 0.0411041
0.828125 1.0411 0.0411041
0.84375 1.03973 0.0397304
0.84375 1.03973 0.0397304
0.859375 1.03843 0.0384337
0.859375 1.03843 0.0384337
0.875 1.03723 0.0372281
0.875 1.03723 0.0372281
0.890625 1.03613 0.0361269
0.890625 1.03613 0.0361269
0.90625 1.03514 0.0351422
0.90625 1.03514 0.0351422
0.921875 1.03428 0.0342848
0.921875 1.03428 0.0342848
0.9375 1.03356 0.0335643
0.9375 1.03356 0.0335643
0.953125 1.03299 0.0329884
0.953125 1.03299 0.0329884
0.96875 1.03256 0.0325631
0.96875 1.03256 0.0325631
0.984375 1.03229 0.0322928
0.984375 1.03229 0.0322928
1 1 0
