# x y topography
0 1 0
0.015625 1.03197 0.0319661
0.015625 1.03197 0.0319661
0.03125 1.03224 0.0322406
0.03125 1.03224 0.0322406
0.046875 1.03267 0.032674
0.046875 1.03267 0.032674
0.0625 1.03326 0.033262
0.0625 1.03326 0.033262
0.078125 1.034 0.0339983
0.078125 1.034 0.0339983
0.09375 1.03487 0.0348748
0.09375 1.03487 0.0348748
0.109375 1.03588 0.0358817
0.109375 1.03588 0.0358817
0.125 1.03701 0.0370078
0.125 1.03701 0.0370078
0.140625 1.03824 0.0382404
0.140625 1.03824 0.0382404
0.15625 1.03957 0.0395658
0.15625 1.03957 0.0395658
0.171875 1.04097 0.0409696
0.171875 1.04097 0.0409696
0.1875 1.04244 0.0424367
0.1875 1.04244 0.0424367
0.203125 1.04395 0.0439513
0.203125 1.04395 0.0439513
0.21875 1.0455 0.0454978
0.21875 1.0455 0.0454978
0.234375 1.04706 0.0470605
0.234375 1.04706 0.0470605
0.25 1.04862 0.0486238
0.25 1.04862 0.0486238
0.265625 1.05017 0.0501726
0.265625 1.05017 0.0501726
0.28125 1.05169 0.0516923
0.28125 1.05169 0.0516923
0.296875 1.05317 0.053169
0.296875 1.05317 0.053169
0.3125 1.05459 0.0545896
0.3125 1.05459 0.0545896
0.328125 1.05594 0.0559416
0.328125 1.05594 0.0559416
0.34375 1.05721 0.0572139
0.34375 1.05721 0.0572139
0.359375 1.0584 0.058396
0.359375 1.0584 0.058396
0.375 1.05948 0.0594785
0.375 1.05948 0.0594785
0.390625 1.06045 0.0604531
0.390625 1.06045 0.0604531
0.40625 1.06131 0.0613124
0.40625 1.06131 0.0613124
0.421875 1.06205 0.06205
0.421875 1.06205 0.06205
0.4375 1.06266 0.0626608
0.4375 1.06266 0.0626608
0.453125 1.06314 0.0631402
0.453125 1.06314 0.0631402
0.46875 1.06349 0.0634851
0.46875 1.06349 0.0634851
0.484375 1.06369 0.0636929
0.484375 1.06369 0.0636929
0.5 1.06376 0.0637624
0.5 1.06376 0.0637624
0.515625 1.06369 0.0636929
0.515625 1.06369 0.0636929
0.53125 1.06349 0.0634851
0.53125 1.06349 0.0634851
0.546875 1.06314 0.0631402
0.546875 1.06314 0.0631402
0.5625 1.06266 0.0626608
0.5625 1.06266 0.0626608
0.578125 1.06205 0.06205
0.578125 1.06205 0.06205
0.59375 1.06131 0.0613124
0.59375 1.06131 0.0613124
0.609375 1.06045 0.0604531
0.609375 1.06045 0.0604531
0.625 1.05948 0.0594785
0.625 1.05948 0.0594785
0.640625 1.0584 0.058396
0.640625 1.0584 0.058396
0.65625 1.05721 0.0572139
0.65625 1.05721 0.0572139
0.671875 1.05594 0.0559416
0.671875 1.05594 0.0559416
0.6875 1.05459 0.0545896
0.6875 1.05459 0.0545896
0.703125 1.05317 0.053169
0.703125 1.05317 0.053169
0.71875 1.05169 0.0516923
0.71875 1.05169 0.0516923
0.734375 1.05017 0.0501726
0.734375 1.05017 0.0501726
0.75 1.04862 0.0486238
0.75 1.04862 0.0486238
0.765625 1.04706 0.0470605
0.765625 1.04706 0.0470605
0.78125 1.0455 0.0454978
0.78125 1.0455 0.0454978
0.796875 1.04395 0.0439513
0.796875 1.04395 0.0439513
0.8125 1.04244 0.0424367
0.8125 1.04244 0.0424367
0.828125 1.04097 0.0409696
0.828125 1.04097 0.0409696
0.84375 1.03957 0.0395658
0.84375 1.03957 0.0395658
0.859375 1.03824 0.0382404
0.859375 1.03824 0.0382404
0.875 1.03701 0.0370078
0.875 1.03701 0.0370078
0.890625 1.03588 0.0358817
0.890625 1.03588 0.0358817
0.90625 1.03487 0.0348748
0.90625 1.03487 0.0348748
0.921875 1.034 0.0339983
0.921875 1.034 0.0339983
0.9375 1.03326 0.033262
0.9375 1.03326 0.033262
0.953125 1.03267 0.032674
0.953125 1.03267 0.032674
0.96875 1.03224 0.0322406
0.96875 1.03224 0.0322406
0.984375 1.03197 0.0319661
0.984375 1.03197 0.0319661
1 1 0
