# x y topography
0 3.00796 0.007961
0.046875 3.00863 0.00863192
0.046875 3.00863 0.00863192
0.09375 3.01018 0.0101832
0.09375 3.01018 0.0101832
0.140625 3.01246 0.0124577
0.140625 3.01246 0.0124577
0.1875 3.01526 0.0152569
0.1875 3.01526 0.0152569
0.234375 3.01839 0.0183873
0.234375 3.01839 0.0183873
0.28125 3.02169 0.0216916
0.28125 3.02169 0.0216916
0.328125 3.02506 0.0250595
0.328125 3.02506 0.0250595
0.375 3.02842 0.028422
0.375 3.02842 0.028422
0.421875 3.03174 0.0317393
0.421875 3.03174 0.0317393
0.46875 3.03499 0.034989
0.46875 3.03499 0.034989
0.515625 3.03816 0.0381574
0.515625 3.03816 0.0381574
0.5625 3.04123 0.0412349
0.5625 3.04123 0.0412349
0.609375 3.04421 0.0442132
0.609375 3.04421 0.0442132
0.65625 3.04709 0.0470851
0.65625 3.04709 0.0470851
0.703125 3.04984 0.0498435
0.703125 3.04984 0.0498435
0.75 3.05248 0.0524819
0.75 3.05248 0.0524819
0.796875 3.05499 0.0549939
0.796875 3.05499 0.0549939
0.84375 3.05737 0.0573733
0.84375 3.05737 0.0573733
0.890625 3.05961 0.0596146
0.890625 3.05961 0.0596146
0.9375 3.06171 0.0617122
0.9375 3.06171 0.0617122
0.984375 3.06366 0.0636611
0.984375 3.06366 0.0636611
1.03125 3.06546 0.0654567
1.03125 3.06546 0.0654567
1.07812 3.06709 0.0670946
1.07812 3.06709 0.0670946
1.125 3.06857 0.0685709
1.125 3.06857 0.0685709
1.17188 3.06988 0.069882
1.17188 3.06988 0.069882
1.21875 3.07102 0.0710247
1.21875 3.07102 0.0710247
1.26562 3.072 0.0719963
1.26562 3.072 0.0719963
1.3125 3.07279 0.0727945
1.3125 3.07279 0.0727945
1.35938 3.07342 0.0734173
1.35938 3.07342 0.0734173
1.40625 3.07386 0.0738632
1.40625 3.07386 0.0738632
1.45312 3.07413 0.0741312
1.45312 3.07413 0.0741312
1.5 3.07422 0.0742206
1.5 3.07422 0.0742206
1.54688 3.07413 0.0741312
1.54688 3.07413 0.0741312
1.59375 3.07386 0.0738632
1.59375 3.07386 0.0738632
1.64062 3.07342 0.0734173
1.64062 3.07342 0.0734173
1.6875 3.07279 0.0727945
1.6875 3.07279 0.0727945
1.73438 3.072 0.0719963
1.73438 3.072 0.0719963
1.78125 3.07102 0.0710247
1.78125 3.07102 0.0710247
1.82812 3.06988 0.069882
1.82812 3.06988 0.069882
1.875 3.06857 0.0685709
1.875 3.06857 0.0685709
1.92188 3.06709 0.0670946
1.92188 3.06709 0.0670946
1.96875 3.06546 0.0654567
1.96875 3.06546 0.0654567
2.01562 3.06366 0.0636611
2.01562 3.06366 0.0636611
2.0625 3.06171 0.0617122
2.0625 3.06171 0.0617122
2.10938 3.05961 0.0596146
2.10938 3.05961 0.0596146
2.15625 3.05737 0.0573733
2.15625 3.05737 0.0573733
2.20312 3.05499 0.0549939
2.20312 3.05499 0.0549939
2.25 3.05248 0.0524819
2.25 3.05248 0.0524819
2.29688 3.04984 0.0498435
2.29688 3.04984 0.0498435
2.34375 3.04709 0.0470851
2.34375 3.04709 0.0470851
2.39062 3.04421 0.0442132
2.39062 3.04421 0.0442132
2.4375 3.04123 0.0412349
2.4375 3.04123 0.0412349
2.48438 3.03816 0.0381574
2.48438 3.03816 0.0381574
2.53125 3.03499 0.034989
2.53125 3.03499 0.034989
2.57812 3.03174 0.0317393
2.57812 3.03174 0.0317393
2.625 3.02842 0.028422
2.625 3.02842 0.028422
2.67188 3.02506 0.0250595
2.67188 3.02506 0.0250595
2.71875 3.02169 0.0216916
2.71875 3.02169 0.0216916
2.76562 3.01839 0.0183873
2.76562 3.01839 0.0183873
2.8125 3.01526 0.0152569
2.8125 3.01526 0.0152569
2.85938 3.01246 0.0124577
2.85938 3.01246 0.0124577
2.90625 3.01018 0.0101832
2.90625 3.01018 0.0101832
2.95312 3.00863 0.00863192
2.95312 3.00863 0.00863192
3 3.00796 0.007961
