# x y topography
0 3.00909 0.00908537
0.046875 3.00968 0.00967989
0.046875 3.00968 0.00967989
0.09375 3.01106 0.011061
0.09375 3.01106 0.011061
0.140625 3.01312 0.0131154
0.140625 3.01312 0.0131154
0.1875 3.01569 0.0156926
0.1875 3.01569 0.0156926
0.234375 3.01863 0.0186342
0.234375 3.01863 0.0186342
0.28125 3.0218 0.0217985
0.28125 3.0218 0.0217985
0.328125 3.02507 0.0250733
0.328125 3.02507 0.0250733
0.375 3.02838 0.0283787
0.375 3.02838 0.0283787
0.421875 3.03166 0.0316624
0.421875 3.03166 0.0316624
0.46875 3.03489 0.0348916
0.46875 3.03489 0.0348916
0.515625 3.03805 0.0380462
0.515625 3.03805 0.0380462
0.5625 3.04111 0.0411128
0.5625 3.04111 0.0411128
0.609375 3.04408 0.0440817
0.609375 3.04408 0.0440817
0.65625 3.04694 0.0469448
0.65625 3.04694 0.0469448
0.703125 3.0497 0.049695
0.703125 3.0497 0.049695
0.75 3.05233 0.0523255
0.75 3.05233 0.0523255
0.796875 3.05483 0.05483
0.796875 3.05483 0.05483
0.84375 3.0572 0.0572023
0.84375 3.0572 0.0572023
0.890625 3.05944 0.0594369
0.890625 3.05944 0.0594369
0.9375 3.06153 0.0615283
0.9375 3.06153 0.0615283
0.984375 3.06347 0.0634714
0.984375 3.06347 0.0634714
1.03125 3.06526 0.0652617
1.03125 3.06526 0.0652617
1.07812 3.06689 0.0668947
1.07812 3.06689 0.0668947
1.125 3.06837 0.0683666
1.125 3.06837 0.0683666
1.17188 3.06967 0.0696737
1.17188 3.06967 0.0696737
1.21875 3.07081 0.0708131
1.21875 3.07081 0.0708131
1.26562 3.07178 0.0717818
1.26562 3.07178 0.0717818
1.3125 3.07258 0.0725776
1.3125 3.07258 0.0725776
1.35938 3.0732 0.0731985
1.35938 3.0732 0.0731985
1.40625 3.07364 0.0736431
1.40625 3.07364 0.0736431
1.45312 3.07391 0.0739103
1.45312 3.07391 0.0739103
1.5 3.074 0.0739994
1.5 3.074 0.0739994
1.54688 3.07391 0.0739103
1.54688 3.07391 0.0739103
1.59375 3.07364 0.0736431
1.59375 3.07364 0.0736431
1.64062 3.0732 0.0731985
1.64062 3.0732 0.0731985
1.6875 3.07258 0.0725776
1.6875 3.07258 0.0725776
1.73438 3.07178 0.0717818
1.73438 3.07178 0.0717818
1.78125 3.07081 0.0708131
1.78125 3.07081 0.0708131
1.82812 3.06967 0.0696737
1.82812 3.06967 0.0696737
1.875 3.06837 0.0683666
1.875 3.06837 0.0683666
1.92188 3.06689 0.0668947
1.92188 3.06689 0.0668947
1.96875 3.06526 0.0652617
1.96875 3.06526 0.0652617
2.01562 3.06347 0.0634714
2.01562 3.06347 0.0634714
2.0625 3.06153 0.0615283
2.0625 3.06153 0.0615283
2.10938 3.05944 0.0594369
2.10938 3.05944 0.0594369
2.15625 3.0572 0.0572023
2.15625 3.0572 0.0572023
2.20312 3.05483 0.05483
2.20312 3.05483 0.05483
2.25 3.05233 0.0523255
2.25 3.05233 0.0523255
2.29688 3.0497 0.049695
2.29688 3.0497 0.049695
2.34375 3.04694 0.0469448
2.34375 3.04694 0.0469448
2.39062 3.04408 0.0440817
2.39062 3.04408 0.0440817
2.4375 3.04111 0.0411128
2.4375 3.04111 0.0411128
2.48438 3.03805 0.0380462
2.48438 3.03805 0.0380462
2.53125 3.03489 0.0348916
2.53125 3.03489 0.0348916
2.57812 3.03166 0.0316624
2.57812 3.03166 0.0316624
2.625 3.02838 0.0283787
2.625 3.02838 0.0283787
2.67188 3.02507 0.0250733
2.67188 3.02507 0.0250733
2.71875 3.0218 0.0217985
2.71875 3.0218 0.0217985
2.76562 3.01863 0.0186342
2.76562 3.01863 0.0186342
2.8125 3.01569 0.0156926
2.8125 3.01569 0.0156926
2.85938 3.01312 0.0131154
2.85938 3.01312 0.0131154
2.90625 3.01106 0.011061
2.90625 3.01106 0.011061
2.95312 3.00968 0.00967989
2.95312 3.00968 0.00967989
3 3.00909 0.00908537
