# x y topography
0 3 0
0.046875 3.00368 0.00368008
0.046875 3.00368 0.00368008
0.09375 3.00735 0.00735129
0.09375 3.00735 0.00735129
0.140625 3.011 0.0110048
0.140625 3.011 0.0110048
0.1875 3.01463 0.0146318
0.1875 3.01463 0.0146318
0.234375 3.01822 0.0182235
0.234375 3.01822 0.0182235
0.28125 3.02177 0.0217714
0.28125 3.02177 0.0217714
0.328125 3.02527 0.0252667
0.328125 3.02527 0.0252667
0.375 3.0287 0.0287013
0.375 3.0287 0.0287013
0.421875 3.03207 0.0320666
0.421875 3.03207 0.0320666
0.46875 3.03535 0.0353548
0.46875 3.03535 0.0353548
0.515625 3.03856 0.0385577
0.515625 3.03856 0.0385577
0.5625 3.04167 0.0416678
0.5625 3.04167 0.0416678
0.609375 3.04468 0.0446774
0.609375 3.04468 0.0446774
0.65625 3.04758 0.0475795
0.65625 3.04758 0.0475795
0.703125 3.05037 0.0503669
0.703125 3.05037 0.0503669
0.75 3.05303 0.053033
0.75 3.05303 0.053033
0.796875 3.05557 0.0555713
0.796875 3.05557 0.0555713
0.84375 3.05798 0.0579758
0.84375 3.05798 0.0579758
0.890625 3.06024 0.0602406
0.890625 3.06024 0.0602406
0.9375 3.06236 0.0623602
0.9375 3.06236 0.0623602
0.984375 3.06433 0.0643296
0.984375 3.06433 0.0643296
1.03125 3.06614 0.0661441
1.03125 3.06614 0.0661441
1.07812 3.0678 0.0677992
1.07812 3.0678 0.0677992
1.125 3.06929 0.069291
1.125 3.06929 0.069291
1.17188 3.07062 0.0706158
1.17188 3.07062 0.0706158
1.21875 3.07177 0.0717705
1.21875 3.07177 0.0717705
1.26562 3.07275 0.0727523
1.26562 3.07275 0.0727523
1.3125 3.07356 0.0735589
1.3125 3.07356 0.0735589
1.35938 3.07419 0.0741882
1.35938 3.07419 0.0741882
1.40625 3.07464 0.0746389
1.40625 3.07464 0.0746389
1.45312 3.07491 0.0749097
1.45312 3.07491 0.0749097
1.5 3.075 0.075
1.5 3.075 0.075
1.54688 3.07491 0.0749097
1.54688 3.07491 0.0749097
1.59375 3.07464 0.0746389
1.59375 3.07464 0.0746389
1.64062 3.07419 0.0741882
1.64062 3.07419 0.0741882
1.6875 3.07356 0.0735589
1.6875 3.07356 0.0735589
1.73438 3.07275 0.0727523
1.73438 3.07275 0.0727523
1.78125 3.07177 0.0717705
1.78125 3.07177 0.0717705
1.82812 3.07062 0.0706158
1.82812 3.07062 0.0706158
1.875 3.06929 0.069291
1.875 3.06929 0.069291
1.92188 3.0678 0.0677992
1.92188 3.0678 0.0677992
1.96875 3.06614 0.0661441
1.96875 3.06614 0.0661441
2.01562 3.06433 0.0643296
2.01562 3.06433 0.0643296
2.0625 3.06236 0.0623602
2.0625 3.06236 0.0623602
2.10938 3.06024 0.0602406
2.10938 3.06024 0.0602406
2.15625 3.05798 0.0579758
2.15625 3.05798 0.0579758
2.20312 3.05557 0.0555713
2.20312 3.05557 0.0555713
2.25 3.05303 0.053033
2.25 3.05303 0.053033
2.29688 3.05037 0.0503669
2.29688 3.05037 0.0503669
2.34375 3.04758 0.0475795
2.34375 3.04758 0.0475795
2.39062 3.04468 0.0446774
2.39062 3.04468 0.0446774
2.4375 3.04167 0.0416678
2.4375 3.04167 0.0416678
2.48438 3.03856 0.0385577
2.48438 3.03856 0.0385577
2.53125 3.03535 0.0353548
2.53125 3.03535 0.0353548
2.57812 3.03207 0.0320666
2.57812 3.03207 0.0320666
2.625 3.0287 0.0287013
2.625 3.0287 0.0287013
2.67188 3.02527 0.0252667
2.67188 3.02527 0.0252667
2.71875 3.02177 0.0217714
2.71875 3.02177 0.0217714
2.76562 3.01822 0.0182235
2.76562 3.01822 0.0182235
2.8125 3.01463 0.0146318
2.8125 3.01463 0.0146318
2.85938 3.011 0.0110048
2.85938 3.011 0.0110048
2.90625 3.00735 0.00735129
2.90625 3.00735 0.00735129
2.95312 3.00368 0.00368008
2.95312 3.00368 0.00368008
3 3 0
