# x y topography
0 3.00942 0.00941504
0.046875 3.00999 0.00999022
0.046875 3.00999 0.00999022
0.09375 3.01133 0.0113274
0.09375 3.01133 0.0113274
0.140625 3.01332 0.0133233
0.140625 3.01332 0.0133233
0.1875 3.01584 0.0158386
0.1875 3.01584 0.0158386
0.234375 3.01872 0.0187244
0.234375 3.01872 0.0187244
0.28125 3.02184 0.0218442
0.28125 3.02184 0.0218442
0.328125 3.02509 0.025087
0.328125 3.02509 0.025087
0.375 3.02837 0.0283713
0.375 3.02837 0.0283713
0.421875 3.03164 0.0316416
0.421875 3.03164 0.0316416
0.46875 3.03486 0.0348625
0.46875 3.03486 0.0348625
0.515625 3.03801 0.0380117
0.515625 3.03801 0.0380117
0.5625 3.04107 0.0410744
0.5625 3.04107 0.0410744
0.609375 3.04404 0.04404
0.609375 3.04404 0.04404
0.65625 3.0469 0.0469003
0.65625 3.0469 0.0469003
0.703125 3.04965 0.0496479
0.703125 3.04965 0.0496479
0.75 3.05228 0.0522759
0.75 3.05228 0.0522759
0.796875 3.05478 0.0547779
0.796875 3.05478 0.0547779
0.84375 3.05715 0.0571481
0.84375 3.05715 0.0571481
0.890625 3.05938 0.0593805
0.890625 3.05938 0.0593805
0.9375 3.06147 0.0614699
0.9375 3.06147 0.0614699
0.984375 3.06341 0.0634112
0.984375 3.06341 0.0634112
1.03125 3.0652 0.0651997
1.03125 3.0652 0.0651997
1.07812 3.06683 0.0668312
1.07812 3.06683 0.0668312
1.125 3.0683 0.0683017
1.125 3.0683 0.0683017
1.17188 3.06961 0.0696076
1.17188 3.06961 0.0696076
1.21875 3.07075 0.0707458
1.21875 3.07075 0.0707458
1.26562 3.07171 0.0717136
1.26562 3.07171 0.0717136
1.3125 3.07251 0.0725087
1.3125 3.07251 0.0725087
1.35938 3.07313 0.073129
1.35938 3.07313 0.073129
1.40625 3.07357 0.0735732
1.40625 3.07357 0.0735732
1.45312 3.07384 0.0738402
1.45312 3.07384 0.0738402
1.5 3.07393 0.0739292
1.5 3.07393 0.0739292
1.54688 3.07384 0.0738402
1.54688 3.07384 0.0738402
1.59375 3.07357 0.0735732
1.59375 3.07357 0.0735732
1.64062 3.07313 0.073129
1.64062 3.07313 0.073129
1.6875 3.07251 0.0725087
1.6875 3.07251 0.0725087
1.73438 3.07171 0.0717136
1.73438 3.07171 0.0717136
1.78125 3.07075 0.0707458
1.78125 3.07075 0.0707458
1.82812 3.06961 0.0696076
1.82812 3.06961 0.0696076
1.875 3.0683 0.0683017
1.875 3.0683 0.0683017
1.92188 3.06683 0.0668312
1.92188 3.06683 0.0668312
1.96875 3.0652 0.0651997
1.96875 3.0652 0.0651997
2.01562 3.06341 0.0634112
2.01562 3.06341 0.0634112
2.0625 3.06147 0.0614699
2.0625 3.06147 0.0614699
2.10938 3.05938 0.0593805
2.10938 3.05938 0.0593805
2.15625 3.05715 0.0571481
2.15625 3.05715 0.0571481
2.20312 3.05478 0.0547779
2.20312 3.05478 0.0547779
2.25 3.05228 0.0522759
2.25 3.05228 0.0522759
2.29688 3.04965 0.0496479
2.29688 3.04965 0.0496479
2.34375 3.0469 0.0469003
2.34375 3.0469 0.0469003
2.39062 3.04404 0.04404
2.39062 3.04404 0.04404
2.4375 3.04107 0.0410744
2.4375 3.04107 0.0410744
2.48438 3.03801 0.0380117
2.48438 3.03801 0.0380117
2.53125 3.03486 0.0348625
2.53125 3.03486 0.0348625
2.57812 3.03164 0.0316416
2.57812 3.03164 0.0316416
2.625 3.02837 0.0283713
2.625 3.02837 0.0283713
2.67188 3.02509 0.025087
2.67188 3.02509 0.025087
2.71875 3.02184 0.0218442
2.71875 3.02184 0.0218442
2.76562 3.01872 0.0187244
2.76562 3.01872 0.0187244
2.8125 3.01584 0.0158386
2.8125 3.01584 0.0158386
2.85938 3.01332 0.0133233
2.85938 3.01332 0.0133233
2.90625 3.01133 0.0113274
2.90625 3.01133 0.0113274
2.95312 3.00999 0.00999022
2.95312 3.00999 0.00999022
3 3.00942 0.00941504
