# x y topography
0 3.01042 0.010424
0.046875 3.01095 0.0109467
0.046875 3.01095 0.0109467
0.09375 3.01216 0.0121636
0.09375 3.01216 0.0121636
0.140625 3.014 0.0139952
0.140625 3.014 0.0139952
0.1875 3.01633 0.0163312
0.1875 3.01633 0.0163312
0.234375 3.01905 0.0190481
0.234375 3.01905 0.0190481
0.28125 3.02203 0.0220262
0.28125 3.02203 0.0220262
0.328125 3.02516 0.0251609
0.328125 3.02516 0.0251609
0.375 3.02837 0.0283687
0.375 3.02837 0.0283687
0.421875 3.03159 0.0315881
0.421875 3.03159 0.0315881
0.46875 3.03478 0.0347759
0.46875 3.03478 0.0347759
0.515625 3.0379 0.0379033
0.515625 3.0379 0.0379033
0.5625 3.04095 0.0409506
0.5625 3.04095 0.0409506
0.609375 3.0439 0.0439045
0.609375 3.0439 0.0439045
0.65625 3.04675 0.0467548
0.65625 3.04675 0.0467548
0.703125 3.04949 0.0494934
0.703125 3.04949 0.0494934
0.75 3.05211 0.0521131
0.75 3.05211 0.0521131
0.796875 3.05461 0.0546073
0.796875 3.05461 0.0546073
0.84375 3.05697 0.05697
0.84375 3.05697 0.05697
0.890625 3.0592 0.0591955
0.890625 3.0592 0.0591955
0.9375 3.06128 0.0612784
0.9375 3.06128 0.0612784
0.984375 3.06321 0.0632137
0.984375 3.06321 0.0632137
1.03125 3.065 0.0649966
1.03125 3.065 0.0649966
1.07812 3.06662 0.066623
1.07812 3.06662 0.066623
1.125 3.06809 0.0680889
1.125 3.06809 0.0680889
1.17188 3.06939 0.0693908
1.17188 3.06939 0.0693908
1.21875 3.07053 0.0705255
1.21875 3.07053 0.0705255
1.26562 3.07149 0.0714903
1.26562 3.07149 0.0714903
1.3125 3.07228 0.0722828
1.3125 3.07228 0.0722828
1.35938 3.0729 0.0729012
1.35938 3.0729 0.0729012
1.40625 3.07334 0.073344
1.40625 3.07334 0.073344
1.45312 3.07361 0.0736101
1.45312 3.07361 0.0736101
1.5 3.0737 0.0736989
1.5 3.0737 0.0736989
1.54688 3.07361 0.0736101
1.54688 3.07361 0.0736101
1.59375 3.07334 0.073344
1.59375 3.07334 0.073344
1.64062 3.0729 0.0729012
1.64062 3.0729 0.0729012
1.6875 3.07228 0.0722828
1.6875 3.07228 0.0722828
1.73438 3.07149 0.0714903
1.73438 3.07149 0.0714903
1.78125 3.07053 0.0705255
1.78125 3.07053 0.0705255
1.82812 3.06939 0.0693908
1.82812 3.06939 0.0693908
1.875 3.06809 0.0680889
1.875 3.06809 0.0680889
1.92188 3.06662 0.066623
1.92188 3.06662 0.066623
1.96875 3.065 0.0649966
1.96875 3.065 0.0649966
2.01562 3.06321 0.0632137
2.01562 3.06321 0.0632137
2.0625 3.06128 0.0612784
2.0625 3.06128 0.0612784
2.10938 3.0592 0.0591955
2.10938 3.0592 0.0591955
2.15625 3.05697 0.05697
2.15625 3.05697 0.05697
2.20312 3.05461 0.0546073
2.20312 3.05461 0.0546073
2.25 3.05211 0.0521131
2.25 3.05211 0.0521131
2.29688 3.04949 0.0494934
2.29688 3.04949 0.0494934
2.34375 3.04675 0.0467548
2.34375 3.04675 0.0467548
2.39062 3.0439 0.0439045
2.39062 3.0439 0.0439045
2.4375 3.04095 0.0409506
2.4375 3.04095 0.0409506
2.48438 3.0379 0.0379033
2.48438 3.0379 0.0379033
2.53125 3.03478 0.0347759
2.53125 3.03478 0.0347759
2.57812 3.03159 0.0315881
2.57812 3.03159 0.0315881
2.625 3.02837 0.0283687
2.625 3.02837 0.0283687
2.67188 3.02516 0.0251609
2.67188 3.02516 0.0251609
2.71875 3.02203 0.0220262
2.71875 3.02203 0.0220262
2.76562 3.01905 0.0190481
2.76562 3.01905 0.0190481
2.8125 3.01633 0.0163312
2.8125 3.01633 0.0163312
2.85938 3.014 0.0139952
2.85938 3.014 0.0139952
2.90625 3.01216 0.0121636
2.90625 3.01216 0.0121636
2.95312 3.01095 0.0109467
2.95312 3.01095 0.0109467
3 3.01042 0.010424
