# x y topography
0 3.01134 0.0113408
0.046875 3.01182 0.0118231
0.046875 3.01182 0.0118231
0.09375 3.01295 0.0129459
0.09375 3.01295 0.0129459
0.140625 3.01465 0.0146455
0.140625 3.01465 0.0146455
0.1875 3.01683 0.0168317
0.1875 3.01683 0.0168317
0.234375 3.0194 0.0194005
0.234375 3.0194 0.0194005
0.28125 3.02225 0.0222464
0.28125 3.02225 0.0222464
0.328125 3.02527 0.0252729
0.328125 3.02527 0.0252729
0.375 3.0284 0.0283983
0.375 3.0284 0.0283983
0.421875 3.03156 0.0315584
0.421875 3.03156 0.0315584
0.46875 3.03471 0.0347052
0.46875 3.03471 0.0347052
0.515625 3.0378 0.0378046
0.515625 3.0378 0.0378046
0.5625 3.04083 0.0408325
0.5625 3.04083 0.0408325
0.609375 3.04377 0.043772
0.609375 3.04377 0.043772
0.65625 3.04661 0.046611
0.65625 3.04661 0.046611
0.703125 3.04934 0.04934
0.703125 3.04934 0.04934
0.75 3.05195 0.051951
0.75 3.05195 0.051951
0.796875 3.05444 0.0544373
0.796875 3.05444 0.0544373
0.84375 3.05679 0.0567926
0.84375 3.05679 0.0567926
0.890625 3.05901 0.0590111
0.890625 3.05901 0.0590111
0.9375 3.06109 0.0610875
0.9375 3.06109 0.0610875
0.984375 3.06302 0.0630168
0.984375 3.06302 0.0630168
1.03125 3.06479 0.0647942
1.03125 3.06479 0.0647942
1.07812 3.06642 0.0664155
1.07812 3.06642 0.0664155
1.125 3.06788 0.0678768
1.125 3.06788 0.0678768
1.17188 3.06917 0.0691746
1.17188 3.06917 0.0691746
1.21875 3.07031 0.0703058
1.21875 3.07031 0.0703058
1.26562 3.07127 0.0712676
1.26562 3.07127 0.0712676
1.3125 3.07206 0.0720577
1.3125 3.07206 0.0720577
1.35938 3.07267 0.0726742
1.35938 3.07267 0.0726742
1.40625 3.07312 0.0731156
1.40625 3.07312 0.0731156
1.45312 3.07338 0.0733809
1.45312 3.07338 0.0733809
1.5 3.07347 0.0734693
1.5 3.07347 0.0734693
1.54688 3.07338 0.0733809
1.54688 3.07338 0.0733809
1.59375 3.07312 0.0731156
1.59375 3.07312 0.0731156
1.64062 3.07267 0.0726742
1.64062 3.07267 0.0726742
1.6875 3.07206 0.0720577
1.6875 3.07206 0.0720577
1.73438 3.07127 0.0712676
1.73438 3.07127 0.0712676
1.78125 3.07031 0.0703058
1.78125 3.07031 0.0703058
1.82812 3.06917 0.0691746
1.82812 3.06917 0.0691746
1.875 3.06788 0.0678768
1.875 3.06788 0.0678768
1.92188 3.06642 0.0664155
1.92188 3.06642 0.0664155
1.96875 3.06479 0.0647942
1.96875 3.06479 0.0647942
2.01562 3.06302 0.0630168
2.01562 3.06302 0.0630168
2.0625 3.06109 0.0610875
2.0625 3.06109 0.0610875
2.10938 3.05901 0.0590111
2.10938 3.05901 0.0590111
2.15625 3.05679 0.0567926
2.15625 3.05679 0.0567926
2.20312 3.05444 0.0544373
2.20312 3.05444 0.0544373
2.25 3.05195 0.051951
2.25 3.05195 0.051951
2.29688 3.04934 0.04934
2.29688 3.04934 0.04934
2.34375 3.04661 0.046611
2.34375 3.04661 0.046611
2.39062 3.04377 0.043772
2.39062 3.04377 0.043772
2.4375 3.04083 0.0408325
2.4375 3.04083 0.0408325
2.48438 3.0378 0.0378046
2.48438 3.0378 0.0378046
2.53125 3.03471 0.0347052
2.53125 3.03471 0.0347052
2.57812 3.03156 0.0315584
2.57812 3.03156 0.0315584
2.625 3.0284 0.0283983
2.625 3.0284 0.0283983
2.67188 3.02527 0.0252729
2.67188 3.02527 0.0252729
2.71875 3.02225 0.0222464
2.71875 3.02225 0.0222464
2.76562 3.0194 0.0194005
2.76562 3.0194 0.0194005
2.8125 3.01683 0.0168317
2.8125 3.01683 0.0168317
2.85938 3.01465 0.0146455
2.85938 3.01465 0.0146455
2.90625 3.01295 0.0129459
2.90625 3.01295 0.0129459
2.95312 3.01182 0.0118231
2.95312 3.01182 0.0118231
3 3.01134 0.0113408
