# x y topography
0 3.01026 0.0102558
0.046875 3.01079 0.0107867
0.046875 3.01079 0.0107867
0.09375 3.01202 0.0120223
0.09375 3.01202 0.0120223
0.140625 3.01388 0.0138798
0.140625 3.01388 0.0138798
0.1875 3.01624 0.0162446
0.1875 3.01624 0.0162446
0.234375 3.01899 0.0189894
0.234375 3.01899 0.0189894
0.28125 3.02199 0.0219915
0.28125 3.02199 0.0219915
0.328125 3.02515 0.0251451
0.328125 3.02515 0.0251451
0.375 3.02837 0.0283668
0.375 3.02837 0.0283668
0.421875 3.0316 0.0315957
0.421875 3.0316 0.0315957
0.46875 3.03479 0.0347899
0.46875 3.03479 0.0347899
0.515625 3.03792 0.0379215
0.515625 3.03792 0.0379215
0.5625 3.04097 0.0409718
0.5625 3.04097 0.0409718
0.609375 3.04393 0.0439279
0.609375 3.04393 0.0439279
0.65625 3.04678 0.04678
0.65625 3.04678 0.04678
0.703125 3.04952 0.0495202
0.703125 3.04952 0.0495202
0.75 3.05214 0.0521413
0.75 3.05214 0.0521413
0.796875 3.05464 0.0546369
0.796875 3.05464 0.0546369
0.84375 3.057 0.057001
0.84375 3.057 0.057001
0.890625 3.05923 0.0592277
0.890625 3.05923 0.0592277
0.9375 3.06131 0.0613117
0.9375 3.06131 0.0613117
0.984375 3.06325 0.063248
0.984375 3.06325 0.063248
1.03125 3.06503 0.0650319
1.03125 3.06503 0.0650319
1.07812 3.06666 0.0666592
1.07812 3.06666 0.0666592
1.125 3.06813 0.0681259
1.125 3.06813 0.0681259
1.17188 3.06943 0.0694284
1.17188 3.06943 0.0694284
1.21875 3.07056 0.0705637
1.21875 3.07056 0.0705637
1.26562 3.07153 0.0715291
1.26562 3.07153 0.0715291
1.3125 3.07232 0.072322
1.3125 3.07232 0.072322
1.35938 3.07294 0.0729408
1.35938 3.07294 0.0729408
1.40625 3.07338 0.0733838
1.40625 3.07338 0.0733838
1.45312 3.07365 0.0736501
1.45312 3.07365 0.0736501
1.5 3.07374 0.0737389
1.5 3.07374 0.0737389
1.54688 3.07365 0.0736501
1.54688 3.07365 0.0736501
1.59375 3.07338 0.0733838
1.59375 3.07338 0.0733838
1.64062 3.07294 0.0729408
1.64062 3.07294 0.0729408
1.6875 3.07232 0.072322
1.6875 3.07232 0.072322
1.73438 3.07153 0.0715291
1.73438 3.07153 0.0715291
1.78125 3.07056 0.0705637
1.78125 3.07056 0.0705637
1.82812 3.06943 0.0694284
1.82812 3.06943 0.0694284
1.875 3.06813 0.0681259
1.875 3.06813 0.0681259
1.92188 3.06666 0.0666592
1.92188 3.06666 0.0666592
1.96875 3.06503 0.0650319
1.96875 3.06503 0.0650319
2.01562 3.06325 0.063248
2.01562 3.06325 0.063248
2.0625 3.06131 0.0613117
2.0625 3.06131 0.0613117
2.10938 3.05923 0.0592277
2.10938 3.05923 0.0592277
2.15625 3.057 0.057001
2.15625 3.057 0.057001
2.20312 3.05464 0.0546369
2.20312 3.05464 0.0546369
2.25 3.05214 0.0521413
2.25 3.05214 0.0521413
2.29688 3.04952 0.0495202
2.29688 3.04952 0.0495202
2.34375 3.04678 0.04678
2.34375 3.04678 0.04678
2.39062 3.04393 0.0439279
2.39062 3.04393 0.0439279
2.4375 3.04097 0.0409718
2.4375 3.04097 0.0409718
2.48438 3.03792 0.0379215
2.48438 3.03792 0.0379215
2.53125 3.03479 0.0347899
2.53125 3.03479 0.0347899
2.57812 3.0316 0.0315957
2.57812 3.0316 0.0315957
2.625 3.02837 0.0283668
2.625 3.02837 0.0283668
2.67188 3.02515 0.0251451
2.67188 3.02515 0.0251451
2.71875 3.02199 0.0219915
2.71875 3.02199 0.0219915
2.76562 3.01899 0.0189894
2.76562 3.01899 0.0189894
2.8125 3.01624 0.0162446
2.8125 3.01624 0.0162446
2.85938 3.01388 0.0138798
2.85938 3.01388 0.0138798
2.90625 3.01202 0.0120223
2.90625 3.01202 0.0120223
2.95312 3.01079 0.0107867
2.95312 3.01079 0.0107867
3 3.01026 0.0102558
