# x y topography
0 3.0031 0.00309911
0.046875 3.00456 0.00456239
0.046875 3.00456 0.00456239
0.09375 3.0075 0.00750194
0.09375 3.0075 0.00750194
0.140625 3.011 0.0110027
0.140625 3.011 0.0110027
0.1875 3.01461 0.0146053
0.1875 3.01461 0.0146053
0.234375 3.01819 0.018189
0.234375 3.01819 0.018189
0.28125 3.02173 0.02173
0.28125 3.02173 0.02173
0.328125 3.02522 0.0252188
0.328125 3.02522 0.0252188
0.375 3.02865 0.0286468
0.375 3.02865 0.0286468
0.421875 3.03201 0.0320058
0.421875 3.03201 0.0320058
0.46875 3.03529 0.0352877
0.46875 3.03529 0.0352877
0.515625 3.03848 0.0384845
0.515625 3.03848 0.0384845
0.5625 3.04159 0.0415887
0.5625 3.04159 0.0415887
0.609375 3.04459 0.0445927
0.609375 3.04459 0.0445927
0.65625 3.04749 0.0474892
0.65625 3.04749 0.0474892
0.703125 3.05027 0.0502713
0.703125 3.05027 0.0502713
0.75 3.05293 0.0529324
0.75 3.05293 0.0529324
0.796875 3.05547 0.0554659
0.796875 3.05547 0.0554659
0.84375 3.05787 0.0578658
0.84375 3.05787 0.0578658
0.890625 3.06013 0.0601263
0.890625 3.06013 0.0601263
0.9375 3.06224 0.0622419
0.9375 3.06224 0.0622419
0.984375 3.06421 0.0642076
0.984375 3.06421 0.0642076
1.03125 3.06602 0.0660186
1.03125 3.06602 0.0660186
1.07812 3.06767 0.0676705
1.07812 3.06767 0.0676705
1.125 3.06916 0.0691595
1.125 3.06916 0.0691595
1.17188 3.07048 0.0704818
1.17188 3.07048 0.0704818
1.21875 3.07163 0.0716343
1.21875 3.07163 0.0716343
1.26562 3.07261 0.0726143
1.26562 3.07261 0.0726143
1.3125 3.07342 0.0734193
1.3125 3.07342 0.0734193
1.35938 3.07405 0.0740475
1.35938 3.07405 0.0740475
1.40625 3.0745 0.0744972
1.40625 3.0745 0.0744972
1.45312 3.07477 0.0747675
1.45312 3.07477 0.0747675
1.5 3.07486 0.0748577
1.5 3.07486 0.0748577
1.54688 3.07477 0.0747675
1.54688 3.07477 0.0747675
1.59375 3.0745 0.0744972
1.59375 3.0745 0.0744972
1.64062 3.07405 0.0740475
1.64062 3.07405 0.0740475
1.6875 3.07342 0.0734193
1.6875 3.07342 0.0734193
1.73438 3.07261 0.0726143
1.73438 3.07261 0.0726143
1.78125 3.07163 0.0716343
1.78125 3.07163 0.0716343
1.82812 3.07048 0.0704818
1.82812 3.07048 0.0704818
1.875 3.06916 0.0691595
1.875 3.06916 0.0691595
1.92188 3.06767 0.0676705
1.92188 3.06767 0.0676705
1.96875 3.06602 0.0660186
1.96875 3.06602 0.0660186
2.01562 3.06421 0.0642076
2.01562 3.06421 0.0642076
2.0625 3.06224 0.0622419
2.0625 3.06224 0.0622419
2.10938 3.06013 0.0601263
2.10938 3.06013 0.0601263
2.15625 3.05787 0.0578658
2.15625 3.05787 0.0578658
2.20312 3.05547 0.0554659
2.20312 3.05547 0.0554659
2.25 3.05293 0.0529324
2.25 3.05293 0.0529324
2.29688 3.05027 0.0502713
2.29688 3.05027 0.0502713
2.34375 3.04749 0.0474892
2.34375 3.04749 0.0474892
2.39062 3.04459 0.0445927
2.39062 3.04459 0.0445927
2.4375 3.04159 0.0415887
2.4375 3.04159 0.0415887
2.48438 3.03848 0.0384845
2.48438 3.03848 0.0384845
2.53125 3.03529 0.0352877
2.53125 3.03529 0.0352877
2.57812 3.03201 0.0320058
2.57812 3.03201 0.0320058
2.625 3.02865 0.0286468
2.625 3.02865 0.0286468
2.67188 3.02522 0.0252188
2.67188 3.02522 0.0252188
2.71875 3.02173 0.02173
2.71875 3.02173 0.02173
2.76562 3.01819 0.018189
2.76562 3.01819 0.018189
2.8125 3.01461 0.0146053
2.8125 3.01461 0.0146053
2.85938 3.011 0.0110027
2.85938 3.011 0.0110027
2.90625 3.0075 0.00750194
2.90625 3.0075 0.00750194
2.95312 3.00456 0.00456239
2.95312 3.00456 0.00456239
3 3.0031 0.00309911
