# x y topography
0 3.01277 0.0127713
0.046875 3.0132 0.0132008
0.046875 3.0132 0.0132008
0.09375 3.0142 0.0141992
0.09375 3.0142 0.0141992
0.140625 3.01572 0.0157202
0.140625 3.01572 0.0157202
0.1875 3.0177 0.0176966
0.1875 3.0177 0.0176966
0.234375 3.02005 0.020048
0.234375 3.02005 0.020048
0.28125 3.02269 0.022689
0.28125 3.02269 0.022689
0.328125 3.02554 0.0255364
0.328125 3.02554 0.0255364
0.375 3.02852 0.0285153
0.375 3.02852 0.0285153
0.421875 3.03156 0.0315617
0.421875 3.03156 0.0315617
0.46875 3.03462 0.0346239
0.46875 3.03462 0.0346239
0.515625 3.03766 0.037662
0.515625 3.03766 0.037662
0.5625 3.04065 0.0406459
0.5625 3.04065 0.0406459
0.609375 3.04355 0.0435533
0.609375 3.04355 0.0435533
0.65625 3.04637 0.046368
0.65625 3.04637 0.046368
0.703125 3.04908 0.0490774
0.703125 3.04908 0.0490774
0.75 3.05167 0.0516719
0.75 3.05167 0.0516719
0.796875 3.05414 0.0541436
0.796875 3.05414 0.0541436
0.84375 3.05649 0.0564857
0.84375 3.05649 0.0564857
0.890625 3.05869 0.058692
0.890625 3.05869 0.058692
0.9375 3.06076 0.0607571
0.9375 3.06076 0.0607571
0.984375 3.06268 0.0626758
0.984375 3.06268 0.0626758
1.03125 3.06444 0.0644436
1.03125 3.06444 0.0644436
1.07812 3.06606 0.0660561
1.07812 3.06606 0.0660561
1.125 3.06751 0.0675096
1.125 3.06751 0.0675096
1.17188 3.0688 0.0688003
1.17188 3.0688 0.0688003
1.21875 3.06993 0.0699254
1.21875 3.06993 0.0699254
1.26562 3.07088 0.0708819
1.26562 3.07088 0.0708819
1.3125 3.07167 0.0716678
1.3125 3.07167 0.0716678
1.35938 3.07228 0.0722809
1.35938 3.07228 0.0722809
1.40625 3.07272 0.07272
1.40625 3.07272 0.07272
1.45312 3.07298 0.0729838
1.45312 3.07298 0.0729838
1.5 3.07307 0.0730718
1.5 3.07307 0.0730718
1.54688 3.07298 0.0729838
1.54688 3.07298 0.0729838
1.59375 3.07272 0.07272
1.59375 3.07272 0.07272
1.64062 3.07228 0.0722809
1.64062 3.07228 0.0722809
1.6875 3.07167 0.0716678
1.6875 3.07167 0.0716678
1.73438 3.07088 0.0708819
1.73438 3.07088 0.0708819
1.78125 3.06993 0.0699254
1.78125 3.06993 0.0699254
1.82812 3.0688 0.0688003
1.82812 3.0688 0.0688003
1.875 3.06751 0.0675096
1.875 3.06751 0.0675096
1.92188 3.06606 0.0660561
1.92188 3.06606 0.0660561
1.96875 3.06444 0.0644436
1.96875 3.06444 0.0644436
2.01562 3.06268 0.0626758
2.01562 3.06268 0.0626758
2.0625 3.06076 0.0607571
2.0625 3.06076 0.0607571
2.10938 3.05869 0.058692
2.10938 3.05869 0.058692
2.15625 3.05649 0.0564857
2.15625 3.05649 0.0564857
2.20312 3.05414 0.0541436
2.20312 3.05414 0.0541436
2.25 3.05167 0.0516719
2.25 3.05167 0.0516719
2.29688 3.04908 0.0490774
2.29688 3.04908 0.0490774
2.34375 3.04637 0.046368
2.34375 3.04637 0.046368
2.39062 3.04355 0.0435533
2.39062 3.04355 0.0435533
2.4375 3.04065 0.0406459
2.4375 3.04065 0.0406459
2.48438 3.03766 0.037662
2.48438 3.03766 0.037662
2.53125 3.03462 0.0346239
2.53125 3.03462 0.0346239
2.57812 3.03156 0.0315617
2.57812 3.03156 0.0315617
2.625 3.02852 0.0285153
2.625 3.02852 0.0285153
2.67188 3.02554 0.0255364
2.67188 3.02554 0.0255364
2.71875 3.02269 0.022689
2.71875 3.02269 0.022689
2.76562 3.02005 0.020048
2.76562 3.02005 0.020048
2.8125 3.0177 0.0176966
2.8125 3.0177 0.0176966
2.85938 3.01572 0.0157202
2.85938 3.01572 0.0157202
2.90625 3.0142 0.0141992
2.90625 3.0142 0.0141992
2.95312 3.0132 0.0132008
2.95312 3.0132 0.0132008
3 3.01277 0.0127713
