# x y topography
0 3.0125 0.0124992
0.046875 3.01294 0.012938
0.046875 3.01294 0.012938
0.09375 3.01396 0.0139583
0.09375 3.01396 0.0139583
0.140625 3.01551 0.015511
0.140625 3.01551 0.015511
0.1875 3.01753 0.0175252
0.1875 3.01753 0.0175252
0.234375 3.01992 0.0199165
0.234375 3.01992 0.0199165
0.28125 3.0226 0.0225959
0.28125 3.0226 0.0225959
0.328125 3.02548 0.025478
0.328125 3.02548 0.025478
0.375 3.02849 0.028486
0.375 3.02849 0.028486
0.421875 3.03156 0.0315557
0.421875 3.03156 0.0315557
0.46875 3.03464 0.0346359
0.46875 3.03464 0.0346359
0.515625 3.03769 0.0376873
0.515625 3.03769 0.0376873
0.5625 3.04068 0.040681
0.5625 3.04068 0.040681
0.609375 3.0436 0.0435956
0.609375 3.0436 0.0435956
0.65625 3.04642 0.0464157
0.65625 3.04642 0.0464157
0.703125 3.04913 0.0491293
0.703125 3.04913 0.0491293
0.75 3.05173 0.0517274
0.75 3.05173 0.0517274
0.796875 3.0542 0.0542021
0.796875 3.0542 0.0542021
0.84375 3.05655 0.0565469
0.84375 3.05655 0.0565469
0.890625 3.05876 0.0587557
0.890625 3.05876 0.0587557
0.9375 3.06082 0.060823
0.9375 3.06082 0.060823
0.984375 3.06274 0.0627438
0.984375 3.06274 0.0627438
1.03125 3.06451 0.0645136
1.03125 3.06451 0.0645136
1.07812 3.06613 0.0661279
1.07812 3.06613 0.0661279
1.125 3.06758 0.0675828
1.125 3.06758 0.0675828
1.17188 3.06888 0.068875
1.17188 3.06888 0.068875
1.21875 3.07 0.0700013
1.21875 3.07 0.0700013
1.26562 3.07096 0.0709589
1.26562 3.07096 0.0709589
1.3125 3.07175 0.0717456
1.3125 3.07175 0.0717456
1.35938 3.07236 0.0723594
1.35938 3.07236 0.0723594
1.40625 3.0728 0.0727989
1.40625 3.0728 0.0727989
1.45312 3.07306 0.073063
1.45312 3.07306 0.073063
1.5 3.07315 0.0731511
1.5 3.07315 0.0731511
1.54688 3.07306 0.073063
1.54688 3.07306 0.073063
1.59375 3.0728 0.0727989
1.59375 3.0728 0.0727989
1.64062 3.07236 0.0723594
1.64062 3.07236 0.0723594
1.6875 3.07175 0.0717456
1.6875 3.07175 0.0717456
1.73438 3.07096 0.0709589
1.73438 3.07096 0.0709589
1.78125 3.07 0.0700013
1.78125 3.07 0.0700013
1.82812 3.06888 0.068875
1.82812 3.06888 0.068875
1.875 3.06758 0.0675828
1.875 3.06758 0.0675828
1.92188 3.06613 0.0661279
1.92188 3.06613 0.0661279
1.96875 3.06451 0.0645136
1.96875 3.06451 0.0645136
2.01562 3.06274 0.0627438
2.01562 3.06274 0.0627438
2.0625 3.06082 0.060823
2.0625 3.06082 0.060823
2.10938 3.05876 0.0587557
2.10938 3.05876 0.0587557
2.15625 3.05655 0.0565469
2.15625 3.05655 0.0565469
2.20312 3.0542 0.0542021
2.20312 3.0542 0.0542021
2.25 3.05173 0.0517274
2.25 3.05173 0.0517274
2.29688 3.04913 0.0491293
2.29688 3.04913 0.0491293
2.34375 3.04642 0.0464157
2.34375 3.04642 0.0464157
2.39062 3.0436 0.0435956
2.39062 3.0436 0.0435956
2.4375 3.04068 0.040681
2.4375 3.04068 0.040681
2.48438 3.03769 0.0376873
2.48438 3.03769 0.0376873
2.53125 3.03464 0.0346359
2.53125 3.03464 0.0346359
2.57812 3.03156 0.0315557
2.57812 3.03156 0.0315557
2.625 3.02849 0.028486
2.625 3.02849 0.028486
2.67188 3.02548 0.025478
2.67188 3.02548 0.025478
2.71875 3.0226 0.0225959
2.71875 3.0226 0.0225959
2.76562 3.01992 0.0199165
2.76562 3.01992 0.0199165
2.8125 3.01753 0.0175252
2.8125 3.01753 0.0175252
2.85938 3.01551 0.015511
2.85938 3.01551 0.015511
2.90625 3.01396 0.0139583
2.90625 3.01396 0.0139583
2.95312 3.01294 0.012938
2.95312 3.01294 0.012938
3 3.0125 0.0124992
