# x y topography
0 3.01075 0.0107521
0.046875 3.01126 0.0112597
0.046875 3.01126 0.0112597
0.09375 3.01244 0.0124414
0.09375 3.01244 0.0124414
0.140625 3.01422 0.014224
0.140625 3.01422 0.014224
0.1875 3.0165 0.0165049
0.1875 3.0165 0.0165049
0.234375 3.01917 0.0191682
0.234375 3.01917 0.0191682
0.28125 3.0221 0.0220991
0.28125 3.0221 0.0220991
0.328125 3.0252 0.0251959
0.328125 3.0252 0.0251959
0.375 3.02838 0.0283755
0.375 3.02838 0.0283755
0.421875 3.03158 0.031575
0.421875 3.03158 0.031575
0.46875 3.03475 0.0347494
0.46875 3.03475 0.0347494
0.515625 3.03787 0.0378677
0.515625 3.03787 0.0378677
0.5625 3.04091 0.0409088
0.5625 3.04091 0.0409088
0.609375 3.04386 0.043858
0.609375 3.04386 0.043858
0.65625 3.0467 0.0467046
0.65625 3.0467 0.0467046
0.703125 3.04944 0.0494399
0.703125 3.04944 0.0494399
0.75 3.05206 0.0520566
0.75 3.05206 0.0520566
0.796875 3.05455 0.0545481
0.796875 3.05455 0.0545481
0.84375 3.05691 0.0569083
0.84375 3.05691 0.0569083
0.890625 3.05913 0.0591313
0.890625 3.05913 0.0591313
0.9375 3.06121 0.0612119
0.9375 3.06121 0.0612119
0.984375 3.06315 0.0631451
0.984375 3.06315 0.0631451
1.03125 3.06493 0.0649261
1.03125 3.06493 0.0649261
1.07812 3.06655 0.0665508
1.07812 3.06655 0.0665508
1.125 3.06802 0.0680151
1.125 3.06802 0.0680151
1.17188 3.06932 0.0693155
1.17188 3.06932 0.0693155
1.21875 3.07045 0.070449
1.21875 3.07045 0.070449
1.26562 3.07141 0.0714127
1.26562 3.07141 0.0714127
1.3125 3.0722 0.0722044
1.3125 3.0722 0.0722044
1.35938 3.07282 0.0728222
1.35938 3.07282 0.0728222
1.40625 3.07326 0.0732645
1.40625 3.07326 0.0732645
1.45312 3.07353 0.0735303
1.45312 3.07353 0.0735303
1.5 3.07362 0.073619
1.5 3.07362 0.073619
1.54688 3.07353 0.0735303
1.54688 3.07353 0.0735303
1.59375 3.07326 0.0732645
1.59375 3.07326 0.0732645
1.64062 3.07282 0.0728222
1.64062 3.07282 0.0728222
1.6875 3.0722 0.0722044
1.6875 3.0722 0.0722044
1.73438 3.07141 0.0714127
1.73438 3.07141 0.0714127
1.78125 3.07045 0.070449
1.78125 3.07045 0.070449
1.82812 3.06932 0.0693155
1.82812 3.06932 0.0693155
1.875 3.06802 0.0680151
1.875 3.06802 0.0680151
1.92188 3.06655 0.0665508
1.92188 3.06655 0.0665508
1.96875 3.06493 0.0649261
1.96875 3.06493 0.0649261
2.01562 3.06315 0.0631451
2.01562 3.06315 0.0631451
2.0625 3.06121 0.0612119
2.0625 3.06121 0.0612119
2.10938 3.05913 0.0591313
2.10938 3.05913 0.0591313
2.15625 3.05691 0.0569083
2.15625 3.05691 0.0569083
2.20312 3.05455 0.0545481
2.20312 3.05455 0.0545481
2.25 3.05206 0.0520566
2.25 3.05206 0.0520566
2.29688 3.04944 0.0494399
2.29688 3.04944 0.0494399
2.34375 3.0467 0.0467046
2.34375 3.0467 0.0467046
2.39062 3.04386 0.043858
2.39062 3.04386 0.043858
2.4375 3.04091 0.0409088
2.4375 3.04091 0.0409088
2.48438 3.03787 0.0378677
2.48438 3.03787 0.0378677
2.53125 3.03475 0.0347494
2.53125 3.03475 0.0347494
2.57812 3.03158 0.031575
2.57812 3.03158 0.031575
2.625 3.02838 0.0283755
2.625 3.02838 0.0283755
2.67188 3.0252 0.0251959
2.67188 3.0252 0.0251959
2.71875 3.0221 0.0220991
2.71875 3.0221 0.0220991
2.76562 3.01917 0.0191682
2.76562 3.01917 0.0191682
2.8125 3.0165 0.0165049
2.8125 3.0165 0.0165049
2.85938 3.01422 0.014224
2.85938 3.01422 0.014224
2.90625 3.01244 0.0124414
2.90625 3.01244 0.0124414
2.95312 3.01126 0.0112597
2.95312 3.01126 0.0112597
3 3.01075 0.0107521
