# x y topography
0 3.00991 0.00991069
0.046875 3.01046 0.0104589
0.046875 3.01046 0.0104589
0.09375 3.01173 0.0117346
0.09375 3.01173 0.0117346
0.140625 3.01365 0.013647
0.140625 3.01365 0.013647
0.1875 3.01607 0.0160723
0.1875 3.01607 0.0160723
0.234375 3.01887 0.0188747
0.234375 3.01887 0.0188747
0.28125 3.02193 0.0219257
0.28125 3.02193 0.0219257
0.328125 3.02512 0.0251171
0.328125 3.02512 0.0251171
0.375 3.02837 0.0283659
0.375 3.02837 0.0283659
0.421875 3.03161 0.0316131
0.421875 3.03161 0.0316131
0.46875 3.03482 0.0348193
0.46875 3.03482 0.0348193
0.515625 3.03796 0.0379588
0.515625 3.03796 0.0379588
0.5625 3.04101 0.0410146
0.5625 3.04101 0.0410146
0.609375 3.04397 0.0439749
0.609375 3.04397 0.0439749
0.65625 3.04683 0.0468306
0.65625 3.04683 0.0468306
0.703125 3.04957 0.0495739
0.703125 3.04957 0.0495739
0.75 3.0522 0.0521979
0.75 3.0522 0.0521979
0.796875 3.0547 0.0546963
0.796875 3.0547 0.0546963
0.84375 3.05706 0.0570628
0.84375 3.05706 0.0570628
0.890625 3.05929 0.059292
0.890625 3.05929 0.059292
0.9375 3.06138 0.0613782
0.9375 3.06138 0.0613782
0.984375 3.06332 0.0633167
0.984375 3.06332 0.0633167
1.03125 3.0651 0.0651025
1.03125 3.0651 0.0651025
1.07812 3.06673 0.0667316
1.07812 3.06673 0.0667316
1.125 3.0682 0.0681998
1.125 3.0682 0.0681998
1.17188 3.0695 0.0695038
1.17188 3.0695 0.0695038
1.21875 3.07064 0.0706404
1.21875 3.07064 0.0706404
1.26562 3.07161 0.0716067
1.26562 3.07161 0.0716067
1.3125 3.0724 0.0724006
1.3125 3.0724 0.0724006
1.35938 3.07302 0.07302
1.35938 3.07302 0.07302
1.40625 3.07346 0.0734635
1.40625 3.07346 0.0734635
1.45312 3.07373 0.0737301
1.45312 3.07373 0.0737301
1.5 3.07382 0.073819
1.5 3.07382 0.073819
1.54688 3.07373 0.0737301
1.54688 3.07373 0.0737301
1.59375 3.07346 0.0734635
1.59375 3.07346 0.0734635
1.64062 3.07302 0.07302
1.64062 3.07302 0.07302
1.6875 3.0724 0.0724006
1.6875 3.0724 0.0724006
1.73438 3.07161 0.0716067
1.73438 3.07161 0.0716067
1.78125 3.07064 0.0706404
1.78125 3.07064 0.0706404
1.82812 3.0695 0.0695038
1.82812 3.0695 0.0695038
1.875 3.0682 0.0681998
1.875 3.0682 0.0681998
1.92188 3.06673 0.0667316
1.92188 3.06673 0.0667316
1.96875 3.0651 0.0651025
1.96875 3.0651 0.0651025
2.01562 3.06332 0.0633167
2.01562 3.06332 0.0633167
2.0625 3.06138 0.0613782
2.0625 3.06138 0.0613782
2.10938 3.05929 0.059292
2.10938 3.05929 0.059292
2.15625 3.05706 0.0570628
2.15625 3.05706 0.0570628
2.20312 3.0547 0.0546963
2.20312 3.0547 0.0546963
2.25 3.0522 0.0521979
2.25 3.0522 0.0521979
2.29688 3.04957 0.0495739
2.29688 3.04957 0.0495739
2.34375 3.04683 0.0468306
2.34375 3.04683 0.0468306
2.39062 3.04397 0.0439749
2.39062 3.04397 0.0439749
2.4375 3.04101 0.0410146
2.4375 3.04101 0.0410146
2.48438 3.03796 0.0379588
2.48438 3.03796 0.0379588
2.53125 3.03482 0.0348193
2.53125 3.03482 0.0348193
2.57812 3.03161 0.0316131
2.57812 3.03161 0.0316131
2.625 3.02837 0.0283659
2.625 3.02837 0.0283659
2.67188 3.02512 0.0251171
2.67188 3.02512 0.0251171
2.71875 3.02193 0.0219257
2.71875 3.02193 0.0219257
2.76562 3.01887 0.0188747
2.76562 3.01887 0.0188747
2.8125 3.01607 0.0160723
2.8125 3.01607 0.0160723
2.85938 3.01365 0.013647
2.85938 3.01365 0.013647
2.90625 3.01173 0.0117346
2.90625 3.01173 0.0117346
2.95312 3.01046 0.0104589
2.95312 3.01046 0.0104589
3 3.00991 0.00991069
