# x y topography
0 3.00745 0.00745311
0.046875 3.00817 0.00816506
0.046875 3.00817 0.00816506
0.09375 3.00981 0.00980566
0.09375 3.00981 0.00980566
0.140625 3.01219 0.0121907
0.140625 3.01219 0.0121907
0.1875 3.01509 0.0150946
0.1875 3.01509 0.0150946
0.234375 3.01831 0.0183069
0.234375 3.01831 0.0183069
0.28125 3.02167 0.0216663
0.28125 3.02167 0.0216663
0.328125 3.02507 0.025067
0.328125 3.02507 0.025067
0.375 3.02845 0.0284475
0.375 3.02845 0.0284475
0.421875 3.03177 0.0317748
0.421875 3.03177 0.0317748
0.46875 3.03503 0.0350308
0.46875 3.03503 0.0350308
0.515625 3.0382 0.0382038
0.515625 3.0382 0.0382038
0.5625 3.04129 0.0412852
0.5625 3.04129 0.0412852
0.609375 3.04427 0.0442672
0.609375 3.04427 0.0442672
0.65625 3.04714 0.0471426
0.65625 3.04714 0.0471426
0.703125 3.0499 0.0499044
0.703125 3.0499 0.0499044
0.75 3.05255 0.052546
0.75 3.05255 0.052546
0.796875 3.05506 0.055061
0.796875 3.05506 0.055061
0.84375 3.05744 0.0574434
0.84375 3.05744 0.0574434
0.890625 3.05969 0.0596874
0.890625 3.05969 0.0596874
0.9375 3.06179 0.0617876
0.9375 3.06179 0.0617876
0.984375 3.06374 0.0637389
0.984375 3.06374 0.0637389
1.03125 3.06554 0.0655367
1.03125 3.06554 0.0655367
1.07812 3.06718 0.0671766
1.07812 3.06718 0.0671766
1.125 3.06865 0.0686547
1.125 3.06865 0.0686547
1.17188 3.06997 0.0699674
1.17188 3.06997 0.0699674
1.21875 3.07111 0.0711115
1.21875 3.07111 0.0711115
1.26562 3.07208 0.0720843
1.26562 3.07208 0.0720843
1.3125 3.07288 0.0728834
1.3125 3.07288 0.0728834
1.35938 3.07351 0.073507
1.35938 3.07351 0.073507
1.40625 3.07395 0.0739535
1.40625 3.07395 0.0739535
1.45312 3.07422 0.0742218
1.45312 3.07422 0.0742218
1.5 3.07431 0.0743113
1.5 3.07431 0.0743113
1.54688 3.07422 0.0742218
1.54688 3.07422 0.0742218
1.59375 3.07395 0.0739535
1.59375 3.07395 0.0739535
1.64062 3.07351 0.073507
1.64062 3.07351 0.073507
1.6875 3.07288 0.0728834
1.6875 3.07288 0.0728834
1.73438 3.07208 0.0720843
1.73438 3.07208 0.0720843
1.78125 3.07111 0.0711115
1.78125 3.07111 0.0711115
1.82812 3.06997 0.0699674
1.82812 3.06997 0.0699674
1.875 3.06865 0.0686547
1.875 3.06865 0.0686547
1.92188 3.06718 0.0671766
1.92188 3.06718 0.0671766
1.96875 3.06554 0.0655367
1.96875 3.06554 0.0655367
2.01562 3.06374 0.0637389
2.01562 3.06374 0.0637389
2.0625 3.06179 0.0617876
2.0625 3.06179 0.0617876
2.10938 3.05969 0.0596874
2.10938 3.05969 0.0596874
2.15625 3.05744 0.0574434
2.15625 3.05744 0.0574434
2.20312 3.05506 0.055061
2.20312 3.05506 0.055061
2.25 3.05255 0.052546
2.25 3.05255 0.052546
2.29688 3.0499 0.0499044
2.29688 3.0499 0.0499044
2.34375 3.04714 0.0471426
2.34375 3.04714 0.0471426
2.39062 3.04427 0.0442672
2.39062 3.04427 0.0442672
2.4375 3.04129 0.0412852
2.4375 3.04129 0.0412852
2.48438 3.0382 0.0382038
2.48438 3.0382 0.0382038
2.53125 3.03503 0.0350308
2.53125 3.03503 0.0350308
2.57812 3.03177 0.0317748
2.57812 3.03177 0.0317748
2.625 3.02845 0.0284475
2.625 3.02845 0.0284475
2.67188 3.02507 0.025067
2.67188 3.02507 0.025067
2.71875 3.02167 0.0216663
2.71875 3.02167 0.0216663
2.76562 3.01831 0.0183069
2.76562 3.01831 0.0183069
2.8125 3.01509 0.0150946
2.8125 3.01509 0.0150946
2.85938 3.01219 0.0121907
2.85938 3.01219 0.0121907
2.90625 3.00981 0.00980566
2.90625 3.00981 0.00980566
2.95312 3.00817 0.00816506
2.95312 3.00817 0.00816506
3 3.00745 0.00745311
