# x y topography
0 3.00691 0.00690921
0.046875 3.00767 0.00767084
0.046875 3.00767 0.00767084
0.09375 3.00942 0.00941744
0.09375 3.00942 0.00941744
0.140625 3.01193 0.011929
0.140625 3.01193 0.011929
0.1875 3.01495 0.0149464
0.1875 3.01495 0.0149464
0.234375 3.01824 0.0182418
0.234375 3.01824 0.0182418
0.28125 3.02165 0.0216528
0.28125 3.02165 0.0216528
0.328125 3.02508 0.0250816
0.328125 3.02508 0.0250816
0.375 3.02848 0.0284767
0.375 3.02848 0.0284767
0.421875 3.03181 0.031812
0.421875 3.03181 0.031812
0.46875 3.03507 0.0350731
0.46875 3.03507 0.0350731
0.515625 3.03825 0.0382503
0.515625 3.03825 0.0382503
0.5625 3.04134 0.0413356
0.5625 3.04134 0.0413356
0.609375 3.04432 0.0443213
0.609375 3.04432 0.0443213
0.65625 3.0472 0.0472002
0.65625 3.0472 0.0472002
0.703125 3.04997 0.0499654
0.703125 3.04997 0.0499654
0.75 3.05261 0.0526102
0.75 3.05261 0.0526102
0.796875 3.05513 0.0551283
0.796875 3.05513 0.0551283
0.84375 3.05751 0.0575136
0.84375 3.05751 0.0575136
0.890625 3.05976 0.0597603
0.890625 3.05976 0.0597603
0.9375 3.06186 0.0618631
0.9375 3.06186 0.0618631
0.984375 3.06382 0.0638168
0.984375 3.06382 0.0638168
1.03125 3.06562 0.0656168
1.03125 3.06562 0.0656168
1.07812 3.06726 0.0672587
1.07812 3.06726 0.0672587
1.125 3.06874 0.0687386
1.125 3.06874 0.0687386
1.17188 3.07005 0.0700528
1.17188 3.07005 0.0700528
1.21875 3.0712 0.0711983
1.21875 3.0712 0.0711983
1.26562 3.07217 0.0721723
1.26562 3.07217 0.0721723
1.3125 3.07297 0.0729725
1.3125 3.07297 0.0729725
1.35938 3.0736 0.0735968
1.35938 3.0736 0.0735968
1.40625 3.07404 0.0740438
1.40625 3.07404 0.0740438
1.45312 3.07431 0.0743125
1.45312 3.07431 0.0743125
1.5 3.0744 0.0744021
1.5 3.0744 0.0744021
1.54688 3.07431 0.0743125
1.54688 3.07431 0.0743125
1.59375 3.07404 0.0740438
1.59375 3.07404 0.0740438
1.64062 3.0736 0.0735968
1.64062 3.0736 0.0735968
1.6875 3.07297 0.0729725
1.6875 3.07297 0.0729725
1.73438 3.07217 0.0721723
1.73438 3.07217 0.0721723
1.78125 3.0712 0.0711983
1.78125 3.0712 0.0711983
1.82812 3.07005 0.0700528
1.82812 3.07005 0.0700528
1.875 3.06874 0.0687386
1.875 3.06874 0.0687386
1.92188 3.06726 0.0672587
1.92188 3.06726 0.0672587
1.96875 3.06562 0.0656168
1.96875 3.06562 0.0656168
2.01562 3.06382 0.0638168
2.01562 3.06382 0.0638168
2.0625 3.06186 0.0618631
2.0625 3.06186 0.0618631
2.10938 3.05976 0.0597603
2.10938 3.05976 0.0597603
2.15625 3.05751 0.0575136
2.15625 3.05751 0.0575136
2.20312 3.05513 0.0551283
2.20312 3.05513 0.0551283
2.25 3.05261 0.0526102
2.25 3.05261 0.0526102
2.29688 3.04997 0.0499654
2.29688 3.04997 0.0499654
2.34375 3.0472 0.0472002
2.34375 3.0472 0.0472002
2.39062 3.04432 0.0443213
2.39062 3.04432 0.0443213
2.4375 3.04134 0.0413356
2.4375 3.04134 0.0413356
2.48438 3.03825 0.0382503
2.48438 3.03825 0.0382503
2.53125 3.03507 0.0350731
2.53125 3.03507 0.0350731
2.57812 3.03181 0.031812
2.57812 3.03181 0.031812
2.625 3.02848 0.0284767
2.625 3.02848 0.0284767
2.67188 3.02508 0.0250816
2.67188 3.02508 0.0250816
2.71875 3.02165 0.0216528
2.71875 3.02165 0.0216528
2.76562 3.01824 0.0182418
2.76562 3.01824 0.0182418
2.8125 3.01495 0.0149464
2.8125 3.01495 0.0149464
2.85938 3.01193 0.011929
2.85938 3.01193 0.011929
2.90625 3.00942 0.00941744
2.90625 3.00942 0.00941744
2.95312 3.00767 0.00767084
2.95312 3.00767 0.00767084
3 3.00691 0.00690921
