# x y topography analytical topography
0 1.02789 0.0278894 0.0303034
0.015625 1.02818 0.0281806 0.0303951
0.015625 1.02818 0.0281806 0.0303951
0.03125 1.02865 0.0286505 0.0306689
0.03125 1.02865 0.0286505 0.0306689
0.046875 1.02929 0.0292943 0.0311214
0.046875 1.02929 0.0292943 0.0311214
0.0625 1.0301 0.0301048 0.0317466
0.0625 1.0301 0.0301048 0.0317466
0.078125 1.03107 0.0310731 0.0325365
0.078125 1.03107 0.0310731 0.0325365
0.09375 1.03219 0.0321881 0.0334811
0.09375 1.03219 0.0321881 0.0334811
0.109375 1.03344 0.0334373 0.0345685
0.109375 1.03344 0.0334373 0.0345685
0.125 1.03481 0.0348067 0.0357854
0.125 1.03481 0.0348067 0.0357854
0.140625 1.03628 0.0362809 0.0371169
0.140625 1.03628 0.0362809 0.0371169
0.15625 1.03784 0.0378441 0.0385474
0.15625 1.03784 0.0378441 0.0385474
0.171875 1.03948 0.0394794 0.0400601
0.171875 1.03948 0.0394794 0.0400601
0.1875 1.04117 0.0411697 0.041638
0.1875 1.04117 0.0411697 0.041638
0.203125 1.0429 0.042898 0.0432637
0.203125 1.0429 0.042898 0.0432637
0.21875 1.04465 0.044647 0.0449198
0.21875 1.04465 0.044647 0.0449198
0.234375 1.0464 0.0463999 0.0465893
0.234375 1.0464 0.0463999 0.0465893
0.25 1.04814 0.0481407 0.0482553
0.25 1.04814 0.0481407 0.0482553
0.265625 1.04985 0.0498535 0.0499017
0.265625 1.04985 0.0498535 0.0499017
0.28125 1.05152 0.0515236 0.0515133
0.28125 1.05152 0.0515236 0.0515133
0.296875 1.05314 0.0531372 0.0530754
0.296875 1.05314 0.0531372 0.0530754
0.3125 1.05468 0.0546812 0.0545746
0.3125 1.05468 0.0546812 0.0545746
0.328125 1.05614 0.0561437 0.0559983
0.328125 1.05614 0.0561437 0.0559983
0.34375 1.05751 0.0575138 0.0573351
0.34375 1.05751 0.0575138 0.0573351
0.359375 1.05878 0.0587818 0.0585747
0.359375 1.05878 0.0587818 0.0585747
0.375 1.05994 0.0599389 0.0597077
0.375 1.05994 0.0599389 0.0597077
0.390625 1.06098 0.0609774 0.060726
0.390625 1.06098 0.0609774 0.060726
0.40625 1.06189 0.0618904 0.0616225
0.40625 1.06189 0.0618904 0.0616225
0.421875 1.06267 0.0626725 0.0623911
0.421875 1.06267 0.0626725 0.0623911
0.4375 1.06332 0.0633187 0.0630268
0.4375 1.06332 0.0633187 0.0630268
0.453125 1.06383 0.0638252 0.0635254
0.453125 1.06383 0.0638252 0.0635254
0.46875 1.06419 0.0641891 0.0638837
0.46875 1.06419 0.0641891 0.0638837
0.484375 1.06441 0.0644083 0.0640996
0.484375 1.06441 0.0644083 0.0640996
0.5 1.06448 0.0644815 0.0641717
0.5 1.06448 0.0644815 0.0641717
0.515625 1.06441 0.0644083 0.0640996
0.515625 1.06441 0.0644083 0.0640996
0.53125 1.06419 0.0641891 0.0638837
0.53125 1.06419 0.0641891 0.0638837
0.546875 1.06383 0.0638252 0.0635254
0.546875 1.06383 0.0638252 0.0635254
0.5625 1.06332 0.0633187 0.0630268
0.5625 1.06332 0.0633187 0.0630268
0.578125 1.06267 0.0626725 0.0623911
0.578125 1.06267 0.0626725 0.0623911
0.59375 1.06189 0.0618904 0.0616225
0.59375 1.06189 0.0618904 0.0616225
0.609375 1.06098 0.0609774 0.060726
0.609375 1.06098 0.0609774 0.060726
0.625 1.05994 0.0599389 0.0597077
0.625 1.05994 0.0599389 0.0597077
0.640625 1.05878 0.0587818 0.0585747
0.640625 1.05878 0.0587818 0.0585747
0.65625 1.05751 0.0575138 0.0573351
0.65625 1.05751 0.0575138 0.0573351
0.671875 1.05614 0.0561437 0.0559983
0.671875 1.05614 0.0561437 0.0559983
0.6875 1.05468 0.0546812 0.0545746
0.6875 1.05468 0.0546812 0.0545746
0.703125 1.05314 0.0531372 0.0530754
0.703125 1.05314 0.0531372 0.0530754
0.71875 1.05152 0.0515236 0.0515133
0.71875 1.05152 0.0515236 0.0515133
0.734375 1.04985 0.0498535 0.0499017
0.734375 1.04985 0.0498535 0.0499017
0.75 1.04814 0.0481407 0.0482553
0.75 1.04814 0.0481407 0.0482553
0.765625 1.0464 0.0463999 0.0465893
0.765625 1.0464 0.0463999 0.0465893
0.78125 1.04465 0.044647 0.0449198
0.78125 1.04465 0.044647 0.0449198
0.796875 1.0429 0.042898 0.0432637
0.796875 1.0429 0.042898 0.0432637
0.8125 1.04117 0.0411697 0.041638
0.8125 1.04117 0.0411697 0.041638
0.828125 1.03948 0.0394794 0.0400601
0.828125 1.03948 0.0394794 0.0400601
0.84375 1.03784 0.0378441 0.0385474
0.84375 1.03784 0.0378441 0.0385474
0.859375 1.03628 0.0362809 0.0371169
0.859375 1.03628 0.0362809 0.0371169
0.875 1.03481 0.0348067 0.0357854
0.875 1.03481 0.0348067 0.0357854
0.890625 1.03344 0.0334373 0.0345685
0.890625 1.03344 0.0334373 0.0345685
0.90625 1.03219 0.0321881 0.0334811
0.90625 1.03219 0.0321881 0.0334811
0.921875 1.03107 0.0310731 0.0325365
0.921875 1.03107 0.0310731 0.0325365
0.9375 1.0301 0.0301048 0.0317466
0.9375 1.0301 0.0301048 0.0317466
0.953125 1.02929 0.0292943 0.0311214
0.953125 1.02929 0.0292943 0.0311214
0.96875 1.02865 0.0286505 0.0306689
0.96875 1.02865 0.0286505 0.0306689
0.984375 1.02818 0.0281806 0.0303951
0.984375 1.02818 0.0281806 0.0303951
1 1.02789 0.0278894 0.0303034
