# x y topography analytical topography
0 1.0074 0.0073983 0.00932293
0.015625 1.00837 0.00836634 0.00976688
0.015625 1.00837 0.00836634 0.00976688
0.03125 1.01011 0.010108 0.011055
0.03125 1.01011 0.010108 0.011055
0.046875 1.01248 0.0124777 0.0130677
0.046875 1.01248 0.0124777 0.0130677
0.0625 1.0153 0.0153042 0.0156396
0.0625 1.0153 0.0153042 0.0156396
0.078125 1.01842 0.0184244 0.018596
0.078125 1.01842 0.0184244 0.018596
0.09375 1.0217 0.0217049 0.0217815
0.09375 1.0217 0.0217049 0.0217815
0.109375 1.02505 0.0250491 0.025076
0.109375 1.02505 0.0250491 0.025076
0.125 1.02839 0.0283933 0.0283965
0.125 1.02839 0.0283933 0.0283965
0.140625 1.0317 0.0316978 0.0316906
0.140625 1.0317 0.0316978 0.0316906
0.15625 1.03494 0.0349387 0.034927
0.15625 1.03494 0.0349387 0.034927
0.171875 1.0381 0.0381006 0.0380867
0.171875 1.0381 0.0381006 0.0380867
0.1875 1.04117 0.0411726 0.0411574
0.1875 1.04117 0.0411726 0.0411574
0.203125 1.04415 0.0441462 0.0441298
0.203125 1.04415 0.0441462 0.0441298
0.21875 1.04701 0.0470136 0.0469961
0.21875 1.04701 0.0470136 0.0469961
0.234375 1.04977 0.0497679 0.0497494
0.234375 1.04977 0.0497679 0.0497494
0.25 1.0524 0.0524023 0.0523828
0.25 1.0524 0.0524023 0.0523828
0.265625 1.05491 0.0549104 0.05489
0.265625 1.05491 0.0549104 0.05489
0.28125 1.05729 0.0572862 0.0572649
0.28125 1.05729 0.0572862 0.0572649
0.296875 1.05952 0.0595241 0.0595019
0.296875 1.05952 0.0595241 0.0595019
0.3125 1.06162 0.0616185 0.0615956
0.3125 1.06162 0.0616185 0.0615956
0.328125 1.06356 0.0635645 0.0635409
0.328125 1.06356 0.0635645 0.0635409
0.34375 1.06536 0.0653574 0.0653331
0.34375 1.06536 0.0653574 0.0653331
0.359375 1.06699 0.0669928 0.0669679
0.359375 1.06699 0.0669928 0.0669679
0.375 1.06847 0.0684668 0.0684414
0.375 1.06847 0.0684668 0.0684414
0.390625 1.06978 0.0697759 0.06975
0.390625 1.06978 0.0697759 0.06975
0.40625 1.07092 0.0709169 0.0708905
0.40625 1.07092 0.0709169 0.0708905
0.421875 1.07189 0.0718871 0.0718603
0.421875 1.07189 0.0718871 0.0718603
0.4375 1.07268 0.072684 0.072657
0.4375 1.07268 0.072684 0.072657
0.453125 1.07331 0.0733059 0.0732786
0.453125 1.07331 0.0733059 0.0732786
0.46875 1.07375 0.0737511 0.0737237
0.46875 1.07375 0.0737511 0.0737237
0.484375 1.07402 0.0740187 0.0739912
0.484375 1.07402 0.0740187 0.0739912
0.5 1.07411 0.074108 0.0740804
0.5 1.07411 0.074108 0.0740804
0.515625 1.07402 0.0740187 0.0739912
0.515625 1.07402 0.0740187 0.0739912
0.53125 1.07375 0.0737511 0.0737237
0.53125 1.07375 0.0737511 0.0737237
0.546875 1.07331 0.0733059 0.0732786
0.546875 1.07331 0.0733059 0.0732786
0.5625 1.07268 0.072684 0.072657
0.5625 1.07268 0.072684 0.072657
0.578125 1.07189 0.0718871 0.0718603
0.578125 1.07189 0.0718871 0.0718603
0.59375 1.07092 0.0709169 0.0708905
0.59375 1.07092 0.0709169 0.0708905
0.609375 1.06978 0.0697759 0.06975
0.609375 1.06978 0.0697759 0.06975
0.625 1.06847 0.0684668 0.0684414
0.625 1.06847 0.0684668 0.0684414
0.640625 1.06699 0.0669928 0.0669679
0.640625 1.06699 0.0669928 0.0669679
0.65625 1.06536 0.0653574 0.0653331
0.65625 1.06536 0.0653574 0.0653331
0.671875 1.06356 0.0635645 0.0635409
0.671875 1.06356 0.0635645 0.0635409
0.6875 1.06162 0.0616185 0.0615956
0.6875 1.06162 0.0616185 0.0615956
0.703125 1.05952 0.0595241 0.0595019
0.703125 1.05952 0.0595241 0.0595019
0.71875 1.05729 0.0572862 0.0572649
0.71875 1.05729 0.0572862 0.0572649
0.734375 1.05491 0.0549104 0.05489
0.734375 1.05491 0.0549104 0.05489
0.75 1.0524 0.0524023 0.0523828
0.75 1.0524 0.0524023 0.0523828
0.765625 1.04977 0.0497679 0.0497494
0.765625 1.04977 0.0497679 0.0497494
0.78125 1.04701 0.0470136 0.0469961
0.78125 1.04701 0.0470136 0.0469961
0.796875 1.04415 0.0441462 0.0441298
0.796875 1.04415 0.0441462 0.0441298
0.8125 1.04117 0.0411726 0.0411574
0.8125 1.04117 0.0411726 0.0411574
0.828125 1.0381 0.0381006 0.0380867
0.828125 1.0381 0.0381006 0.0380867
0.84375 1.03494 0.0349387 0.034927
0.84375 1.03494 0.0349387 0.034927
0.859375 1.0317 0.0316978 0.0316906
0.859375 1.0317 0.0316978 0.0316906
0.875 1.02839 0.0283933 0.0283965
0.875 1.02839 0.0283933 0.0283965
0.890625 1.02505 0.0250491 0.025076
0.890625 1.02505 0.0250491 0.025076
0.90625 1.0217 0.0217049 0.0217815
0.90625 1.0217 0.0217049 0.0217815
0.921875 1.01842 0.0184244 0.018596
0.921875 1.01842 0.0184244 0.018596
0.9375 1.0153 0.0153042 0.0156396
0.9375 1.0153 0.0153042 0.0156396
0.953125 1.01248 0.0124777 0.0130677
0.953125 1.01248 0.0124777 0.0130677
0.96875 1.01011 0.010108 0.011055
0.96875 1.01011 0.010108 0.011055
0.984375 1.00837 0.00836634 0.00976688
0.984375 1.00837 0.00836634 0.00976688
1 1.0074 0.0073983 0.00932293
