# x y topography analytical topography
0 1.02722 0.027224 0.0296297
0.015625 1.02752 0.0275239 0.0297259
0.015625 1.02752 0.0275239 0.0297259
0.03125 1.02801 0.0280109 0.030013
0.03125 1.02801 0.0280109 0.030013
0.046875 1.02868 0.0286799 0.0304873
0.046875 1.02868 0.0286799 0.0304873
0.0625 1.02952 0.0295234 0.0311424
0.0625 1.02952 0.0295234 0.0311424
0.078125 1.03053 0.0305314 0.0319697
0.078125 1.03053 0.0305314 0.0319697
0.09375 1.03169 0.0316923 0.0329583
0.09375 1.03169 0.0316923 0.0329583
0.109375 1.03299 0.0329926 0.0340956
0.109375 1.03299 0.0329926 0.0340956
0.125 1.03442 0.0344172 0.0353672
0.125 1.03442 0.0344172 0.0353672
0.140625 1.03595 0.0359501 0.0367573
0.140625 1.03595 0.0359501 0.0367573
0.15625 1.03757 0.037574 0.0382491
0.15625 1.03757 0.037574 0.0382491
0.171875 1.03927 0.0392714 0.0398249
0.171875 1.03927 0.0392714 0.0398249
0.1875 1.04102 0.0410242 0.0414668
0.1875 1.04102 0.0410242 0.0414668
0.203125 1.04281 0.0428143 0.0431563
0.203125 1.04281 0.0428143 0.0431563
0.21875 1.04462 0.0446238 0.0448753
0.21875 1.04462 0.0446238 0.0448753
0.234375 1.04644 0.0464354 0.0466058
0.234375 1.04644 0.0464354 0.0466058
0.25 1.04823 0.0482322 0.0483306
0.25 1.04823 0.0482322 0.0483306
0.265625 1.05 0.0499982 0.050033
0.265625 1.05 0.0499982 0.050033
0.28125 1.05172 0.051718 0.0516971
0.28125 1.05172 0.051718 0.0516971
0.296875 1.05338 0.0533777 0.0533082
0.296875 1.05338 0.0533777 0.0533082
0.3125 1.05496 0.054964 0.0548524
0.3125 1.05496 0.054964 0.0548524
0.328125 1.05647 0.0564651 0.0563173
0.328125 1.05647 0.0564651 0.0563173
0.34375 1.05787 0.0578699 0.0576912
0.34375 1.05787 0.0578699 0.0576912
0.359375 1.05917 0.0591687 0.0589638
0.359375 1.05917 0.0591687 0.0589638
0.375 1.06035 0.0603528 0.060126
0.375 1.06035 0.0603528 0.060126
0.390625 1.06141 0.0614147 0.0611696
0.390625 1.06141 0.0614147 0.0611696
0.40625 1.06235 0.0623478 0.0620877
0.40625 1.06235 0.0623478 0.0620877
0.421875 1.06315 0.0631464 0.0628742
0.421875 1.06315 0.0631464 0.0628742
0.4375 1.06381 0.063806 0.0635243
0.4375 1.06381 0.063806 0.0635243
0.453125 1.06432 0.0643228 0.064034
0.453125 1.06432 0.0643228 0.064034
0.46875 1.06469 0.064694 0.0644003
0.46875 1.06469 0.064694 0.0644003
0.484375 1.06492 0.0649175 0.0646209
0.484375 1.06492 0.0649175 0.0646209
0.5 1.06499 0.0649921 0.0646945
0.5 1.06499 0.0649921 0.0646945
0.515625 1.06492 0.0649175 0.0646209
0.515625 1.06492 0.0649175 0.0646209
0.53125 1.06469 0.064694 0.0644003
0.53125 1.06469 0.064694 0.0644003
0.546875 1.06432 0.0643228 0.064034
0.546875 1.06432 0.0643228 0.064034
0.5625 1.06381 0.063806 0.0635243
0.5625 1.06381 0.063806 0.0635243
0.578125 1.06315 0.0631464 0.0628742
0.578125 1.06315 0.0631464 0.0628742
0.59375 1.06235 0.0623478 0.0620877
0.59375 1.06235 0.0623478 0.0620877
0.609375 1.06141 0.0614147 0.0611696
0.609375 1.06141 0.0614147 0.0611696
0.625 1.06035 0.0603528 0.060126
0.625 1.06035 0.0603528 0.060126
0.640625 1.05917 0.0591687 0.0589638
0.640625 1.05917 0.0591687 0.0589638
0.65625 1.05787 0.0578699 0.0576912
0.65625 1.05787 0.0578699 0.0576912
0.671875 1.05647 0.0564651 0.0563173
0.671875 1.05647 0.0564651 0.0563173
0.6875 1.05496 0.054964 0.0548524
0.6875 1.05496 0.054964 0.0548524
0.703125 1.05338 0.0533777 0.0533082
0.703125 1.05338 0.0533777 0.0533082
0.71875 1.05172 0.051718 0.0516971
0.71875 1.05172 0.051718 0.0516971
0.734375 1.05 0.0499982 0.050033
0.734375 1.05 0.0499982 0.050033
0.75 1.04823 0.0482322 0.0483306
0.75 1.04823 0.0482322 0.0483306
0.765625 1.04644 0.0464354 0.0466058
0.765625 1.04644 0.0464354 0.0466058
0.78125 1.04462 0.0446238 0.0448753
0.78125 1.04462 0.0446238 0.0448753
0.796875 1.04281 0.0428143 0.0431563
0.796875 1.04281 0.0428143 0.0431563
0.8125 1.04102 0.0410242 0.0414668
0.8125 1.04102 0.0410242 0.0414668
0.828125 1.03927 0.0392714 0.0398249
0.828125 1.03927 0.0392714 0.0398249
0.84375 1.03757 0.037574 0.0382491
0.84375 1.03757 0.037574 0.0382491
0.859375 1.03595 0.0359501 0.0367573
0.859375 1.03595 0.0359501 0.0367573
0.875 1.03442 0.0344172 0.0353672
0.875 1.03442 0.0344172 0.0353672
0.890625 1.03299 0.0329926 0.0340956
0.890625 1.03299 0.0329926 0.0340956
0.90625 1.03169 0.0316923 0.0329583
0.90625 1.03169 0.0316923 0.0329583
0.921875 1.03053 0.0305314 0.0319697
0.921875 1.03053 0.0305314 0.0319697
0.9375 1.02952 0.0295234 0.0311424
0.9375 1.02952 0.0295234 0.0311424
0.953125 1.02868 0.0286799 0.0304873
0.953125 1.02868 0.0286799 0.0304873
0.96875 1.02801 0.0280109 0.030013
0.96875 1.02801 0.0280109 0.030013
0.984375 1.02752 0.0275239 0.0297259
0.984375 1.02752 0.0275239 0.0297259
1 1.02722 0.027224 0.0296297
