# x y topography analytical topography
0 1.0147 0.0146965 0.0168558
0.015625 1.01525 0.0152515 0.0170838
0.015625 1.01525 0.0152515 0.0170838
0.03125 1.01624 0.0162366 0.0177601
0.03125 1.01624 0.0162366 0.0177601
0.046875 1.01762 0.0176233 0.0188626
0.046875 1.01762 0.0176233 0.0188626
0.0625 1.01937 0.0193718 0.0203562
0.0625 1.01937 0.0193718 0.0203562
0.078125 1.02143 0.0214341 0.0221959
0.078125 1.02143 0.0214341 0.0221959
0.09375 1.02376 0.0237568 0.0243294
0.09375 1.02376 0.0237568 0.0243294
0.109375 1.02629 0.0262851 0.0267011
0.109375 1.02629 0.0262851 0.0267011
0.125 1.02897 0.028965 0.029255
0.125 1.02897 0.028965 0.029255
0.140625 1.03175 0.0317461 0.0319374
0.140625 1.03175 0.0317461 0.0319374
0.15625 1.03458 0.034583 0.0346988
0.15625 1.03458 0.034583 0.0346988
0.171875 1.03744 0.0374359 0.0374955
0.171875 1.03744 0.0374359 0.0374955
0.1875 1.04027 0.0402714 0.04029
0.1875 1.04027 0.0402714 0.04029
0.203125 1.04306 0.0430614 0.0430509
0.203125 1.04306 0.0430614 0.0430509
0.21875 1.04578 0.0457835 0.0457524
0.21875 1.04578 0.0457835 0.0457524
0.234375 1.04842 0.0484194 0.0483738
0.234375 1.04842 0.0484194 0.0483738
0.25 1.05095 0.0509544 0.0508986
0.25 1.05095 0.0509544 0.0508986
0.265625 1.05338 0.0533766 0.0533135
0.265625 1.05338 0.0533766 0.0533135
0.28125 1.05568 0.0556765 0.055608
0.28125 1.05568 0.0556765 0.055608
0.296875 1.05785 0.0578461 0.0577734
0.296875 1.05785 0.0578461 0.0577734
0.3125 1.05988 0.0598785 0.0598025
0.3125 1.05988 0.0598785 0.0598025
0.328125 1.06177 0.061768 0.0616891
0.328125 1.06177 0.061768 0.0616891
0.34375 1.06351 0.0635093 0.063428
0.34375 1.06351 0.0635093 0.063428
0.359375 1.0651 0.065098 0.0650146
0.359375 1.0651 0.065098 0.0650146
0.375 1.06653 0.0665302 0.0664448
0.375 1.06653 0.0665302 0.0664448
0.390625 1.0678 0.0678021 0.0677151
0.390625 1.0678 0.0678021 0.0677151
0.40625 1.06891 0.0689108 0.0688224
0.40625 1.06891 0.0689108 0.0688224
0.421875 1.06985 0.0698534 0.0697638
0.421875 1.06985 0.0698534 0.0697638
0.4375 1.07063 0.0706278 0.0705372
0.4375 1.07063 0.0706278 0.0705372
0.453125 1.07123 0.0712321 0.0711407
0.453125 1.07123 0.0712321 0.0711407
0.46875 1.07166 0.0716648 0.0715728
0.46875 1.07166 0.0716648 0.0715728
0.484375 1.07192 0.0719248 0.0718325
0.484375 1.07192 0.0719248 0.0718325
0.5 1.07201 0.0720115 0.0719191
0.5 1.07201 0.0720115 0.0719191
0.515625 1.07192 0.0719248 0.0718325
0.515625 1.07192 0.0719248 0.0718325
0.53125 1.07166 0.0716648 0.0715728
0.53125 1.07166 0.0716648 0.0715728
0.546875 1.07123 0.0712321 0.0711407
0.546875 1.07123 0.0712321 0.0711407
0.5625 1.07063 0.0706278 0.0705372
0.5625 1.07063 0.0706278 0.0705372
0.578125 1.06985 0.0698534 0.0697638
0.578125 1.06985 0.0698534 0.0697638
0.59375 1.06891 0.0689108 0.0688224
0.59375 1.06891 0.0689108 0.0688224
0.609375 1.0678 0.0678021 0.0677151
0.609375 1.0678 0.0678021 0.0677151
0.625 1.06653 0.0665302 0.0664448
0.625 1.06653 0.0665302 0.0664448
0.640625 1.0651 0.065098 0.0650146
0.640625 1.0651 0.065098 0.0650146
0.65625 1.06351 0.0635093 0.063428
0.65625 1.06351 0.0635093 0.063428
0.671875 1.06177 0.061768 0.0616891
0.671875 1.06177 0.061768 0.0616891
0.6875 1.05988 0.0598785 0.0598025
0.6875 1.05988 0.0598785 0.0598025
0.703125 1.05785 0.0578461 0.0577734
0.703125 1.05785 0.0578461 0.0577734
0.71875 1.05568 0.0556765 0.055608
0.71875 1.05568 0.0556765 0.055608
0.734375 1.05338 0.0533766 0.0533135
0.734375 1.05338 0.0533766 0.0533135
0.75 1.05095 0.0509544 0.0508986
0.75 1.05095 0.0509544 0.0508986
0.765625 1.04842 0.0484194 0.0483738
0.765625 1.04842 0.0484194 0.0483738
0.78125 1.04578 0.0457835 0.0457524
0.78125 1.04578 0.0457835 0.0457524
0.796875 1.04306 0.0430614 0.0430509
0.796875 1.04306 0.0430614 0.0430509
0.8125 1.04027 0.0402714 0.04029
0.8125 1.04027 0.0402714 0.04029
0.828125 1.03744 0.0374359 0.0374955
0.828125 1.03744 0.0374359 0.0374955
0.84375 1.03458 0.034583 0.0346988
0.84375 1.03458 0.034583 0.0346988
0.859375 1.03175 0.0317461 0.0319374
0.859375 1.03175 0.0317461 0.0319374
0.875 1.02897 0.028965 0.029255
0.875 1.02897 0.028965 0.029255
0.890625 1.02629 0.0262851 0.0267011
0.890625 1.02629 0.0262851 0.0267011
0.90625 1.02376 0.0237568 0.0243294
0.90625 1.02376 0.0237568 0.0243294
0.921875 1.02143 0.0214341 0.0221959
0.921875 1.02143 0.0214341 0.0221959
0.9375 1.01937 0.0193718 0.0203562
0.9375 1.01937 0.0193718 0.0203562
0.953125 1.01762 0.0176233 0.0188626
0.953125 1.01762 0.0176233 0.0188626
0.96875 1.01624 0.0162366 0.0177601
0.96875 1.01624 0.0162366 0.0177601
0.984375 1.01525 0.0152515 0.0170838
0.984375 1.01525 0.0152515 0.0170838
1 1.0147 0.0146965 0.0168558
