# x y topography analytical topography
0 1.03174 0.0317429 0.0341928
0.015625 1.03199 0.0319883 0.0342609
0.015625 1.03199 0.0319883 0.0342609
0.03125 1.03237 0.0323675 0.0344646
0.03125 1.03237 0.0323675 0.0344646
0.046875 1.03288 0.0328772 0.0348015
0.046875 1.03288 0.0328772 0.0348015
0.0625 1.03351 0.0335127 0.0352678
0.0625 1.03351 0.0335127 0.0352678
0.078125 1.03427 0.0342681 0.0358584
0.078125 1.03427 0.0342681 0.0358584
0.09375 1.03514 0.0351359 0.0365667
0.09375 1.03514 0.0351359 0.0365667
0.109375 1.03611 0.0361079 0.0373847
0.109375 1.03611 0.0361079 0.0373847
0.125 1.03717 0.0371743 0.0383036
0.125 1.03717 0.0371743 0.0383036
0.140625 1.03832 0.0383248 0.0393134
0.140625 1.03832 0.0383248 0.0393134
0.15625 1.03955 0.0395482 0.0404032
0.15625 1.03955 0.0395482 0.0404032
0.171875 1.04083 0.0408326 0.0415615
0.171875 1.04083 0.0408326 0.0415615
0.1875 1.04217 0.0421657 0.0427761
0.1875 1.04217 0.0421657 0.0427761
0.203125 1.04353 0.0435348 0.0440345
0.203125 1.04353 0.0435348 0.0440345
0.21875 1.04493 0.0449271 0.0453239
0.21875 1.04493 0.0449271 0.0453239
0.234375 1.04633 0.0463297 0.0466312
0.234375 1.04633 0.0463297 0.0466312
0.25 1.04773 0.0477299 0.0479438
0.25 1.04773 0.0477299 0.0479438
0.265625 1.04912 0.0491151 0.0492487
0.265625 1.04912 0.0491151 0.0492487
0.28125 1.05047 0.0504731 0.0505336
0.28125 1.05047 0.0504731 0.0505336
0.296875 1.05179 0.0517921 0.0517865
0.296875 1.05179 0.0517921 0.0517865
0.3125 1.05306 0.0530609 0.0529958
0.3125 1.05306 0.0530609 0.0529958
0.328125 1.05427 0.0542689 0.0541507
0.328125 1.05427 0.0542689 0.0541507
0.34375 1.05541 0.0554062 0.0552407
0.34375 1.05541 0.0554062 0.0552407
0.359375 1.05646 0.0564635 0.0562565
0.359375 1.05646 0.0564635 0.0562565
0.375 1.05743 0.0574325 0.0571893
0.375 1.05743 0.0574325 0.0571893
0.390625 1.05831 0.0583056 0.0580313
0.390625 1.05831 0.0583056 0.0580313
0.40625 1.05908 0.059076 0.0587753
0.40625 1.05908 0.059076 0.0587753
0.421875 1.05974 0.0597378 0.0594153
0.421875 1.05974 0.0597378 0.0594153
0.4375 1.06029 0.0602861 0.0599461
0.4375 1.06029 0.0602861 0.0599461
0.453125 1.06072 0.0607168 0.0603634
0.453125 1.06072 0.0607168 0.0603634
0.46875 1.06103 0.0610268 0.0606638
0.46875 1.06103 0.0610268 0.0606638
0.484375 1.06121 0.0612136 0.0608451
0.484375 1.06121 0.0612136 0.0608451
0.5 1.06128 0.0612761 0.0609056
0.5 1.06128 0.0612761 0.0609056
0.515625 1.06121 0.0612136 0.0608451
0.515625 1.06121 0.0612136 0.0608451
0.53125 1.06103 0.0610268 0.0606638
0.53125 1.06103 0.0610268 0.0606638
0.546875 1.06072 0.0607168 0.0603634
0.546875 1.06072 0.0607168 0.0603634
0.5625 1.06029 0.0602861 0.0599461
0.5625 1.06029 0.0602861 0.0599461
0.578125 1.05974 0.0597378 0.0594153
0.578125 1.05974 0.0597378 0.0594153
0.59375 1.05908 0.059076 0.0587753
0.59375 1.05908 0.059076 0.0587753
0.609375 1.05831 0.0583056 0.0580313
0.609375 1.05831 0.0583056 0.0580313
0.625 1.05743 0.0574325 0.0571893
0.625 1.05743 0.0574325 0.0571893
0.640625 1.05646 0.0564635 0.0562565
0.640625 1.05646 0.0564635 0.0562565
0.65625 1.05541 0.0554062 0.0552407
0.65625 1.05541 0.0554062 0.0552407
0.671875 1.05427 0.0542689 0.0541507
0.671875 1.05427 0.0542689 0.0541507
0.6875 1.05306 0.0530609 0.0529958
0.6875 1.05306 0.0530609 0.0529958
0.703125 1.05179 0.0517921 0.0517865
0.703125 1.05179 0.0517921 0.0517865
0.71875 1.05047 0.0504731 0.0505336
0.71875 1.05047 0.0504731 0.0505336
0.734375 1.04912 0.0491151 0.0492487
0.734375 1.04912 0.0491151 0.0492487
0.75 1.04773 0.0477299 0.0479438
0.75 1.04773 0.0477299 0.0479438
0.765625 1.04633 0.0463297 0.0466312
0.765625 1.04633 0.0463297 0.0466312
0.78125 1.04493 0.0449271 0.0453239
0.78125 1.04493 0.0449271 0.0453239
0.796875 1.04353 0.0435348 0.0440345
0.796875 1.04353 0.0435348 0.0440345
0.8125 1.04217 0.0421657 0.0427761
0.8125 1.04217 0.0421657 0.0427761
0.828125 1.04083 0.0408326 0.0415615
0.828125 1.04083 0.0408326 0.0415615
0.84375 1.03955 0.0395482 0.0404032
0.84375 1.03955 0.0395482 0.0404032
0.859375 1.03832 0.0383248 0.0393134
0.859375 1.03832 0.0383248 0.0393134
0.875 1.03717 0.0371743 0.0383036
0.875 1.03717 0.0371743 0.0383036
0.890625 1.03611 0.0361079 0.0373847
0.890625 1.03611 0.0361079 0.0373847
0.90625 1.03514 0.0351359 0.0365667
0.90625 1.03514 0.0351359 0.0365667
0.921875 1.03427 0.0342681 0.0358584
0.921875 1.03427 0.0342681 0.0358584
0.9375 1.03351 0.0335127 0.0352678
0.9375 1.03351 0.0335127 0.0352678
0.953125 1.03288 0.0328772 0.0348015
0.953125 1.03288 0.0328772 0.0348015
0.96875 1.03237 0.0323675 0.0344646
0.96875 1.03237 0.0323675 0.0344646
0.984375 1.03199 0.0319883 0.0342609
0.984375 1.03199 0.0319883 0.0342609
1 1.03174 0.0317429 0.0341928
