# x y topography analytical topography
0 1.02547 0.0254677 0.027849
0.015625 1.02579 0.0257919 0.0279577
0.015625 1.02579 0.0257919 0.0279577
0.03125 1.02633 0.0263269 0.028282
0.03125 1.02633 0.0263269 0.028282
0.046875 1.02707 0.0270664 0.0288173
0.046875 1.02707 0.0270664 0.0288173
0.0625 1.028 0.0280013 0.0295557
0.0625 1.028 0.0280013 0.0295557
0.078125 1.02912 0.0291195 0.0304868
0.078125 1.02912 0.0291195 0.0304868
0.09375 1.03041 0.030407 0.0315974
0.09375 1.03041 0.030407 0.0315974
0.109375 1.03185 0.0318475 0.032872
0.109375 1.03185 0.0318475 0.032872
0.125 1.03342 0.0334232 0.0342935
0.125 1.03342 0.0334232 0.0342935
0.140625 1.03511 0.0351148 0.035843
0.140625 1.03511 0.0351148 0.035843
0.15625 1.0369 0.0369025 0.0375007
0.15625 1.0369 0.0369025 0.0375007
0.171875 1.03877 0.0387656 0.0392459
0.171875 1.03877 0.0387656 0.0392459
0.1875 1.04068 0.0406837 0.0410579
0.1875 1.04068 0.0406837 0.0410579
0.203125 1.04264 0.0426362 0.0429158
0.203125 1.04264 0.0426362 0.0429158
0.21875 1.0446 0.0446033 0.0447991
0.21875 1.0446 0.0446033 0.0447991
0.234375 1.04657 0.0465658 0.0466879
0.234375 1.04657 0.0465658 0.0466879
0.25 1.04851 0.0485055 0.0485633
0.25 1.04851 0.0485055 0.0485633
0.265625 1.05041 0.0504052 0.0504073
0.265625 1.05041 0.0504052 0.0504073
0.28125 1.05225 0.0522491 0.0522033
0.28125 1.05225 0.0522491 0.0522033
0.296875 1.05402 0.0540225 0.0539358
0.296875 1.05402 0.0540225 0.0539358
0.3125 1.05571 0.0557121 0.0555907
0.3125 1.05571 0.0557121 0.0555907
0.328125 1.05731 0.0573061 0.0571554
0.328125 1.05731 0.0573061 0.0571554
0.34375 1.05879 0.0587936 0.0586184
0.34375 1.05879 0.0587936 0.0586184
0.359375 1.06017 0.0601653 0.0599696
0.359375 1.06017 0.0601653 0.0599696
0.375 1.06141 0.0614128 0.0612003
0.375 1.06141 0.0614128 0.0612003
0.390625 1.06253 0.0625291 0.0623029
0.390625 1.06253 0.0625291 0.0623029
0.40625 1.06351 0.0635081 0.0632707
0.40625 1.06351 0.0635081 0.0632707
0.421875 1.06434 0.0643447 0.0640984
0.421875 1.06434 0.0643447 0.0640984
0.4375 1.06503 0.0650346 0.0647815
0.4375 1.06503 0.0650346 0.0647815
0.453125 1.06557 0.0655746 0.0653164
0.453125 1.06557 0.0655746 0.0653164
0.46875 1.06596 0.0659621 0.0657004
0.46875 1.06596 0.0659621 0.0657004
0.484375 1.0662 0.0661953 0.0659315
0.484375 1.0662 0.0661953 0.0659315
0.5 1.06627 0.0662731 0.0660087
0.5 1.06627 0.0662731 0.0660087
0.515625 1.0662 0.0661953 0.0659315
0.515625 1.0662 0.0661953 0.0659315
0.53125 1.06596 0.0659621 0.0657004
0.53125 1.06596 0.0659621 0.0657004
0.546875 1.06557 0.0655746 0.0653164
0.546875 1.06557 0.0655746 0.0653164
0.5625 1.06503 0.0650346 0.0647815
0.5625 1.06503 0.0650346 0.0647815
0.578125 1.06434 0.0643447 0.0640984
0.578125 1.06434 0.0643447 0.0640984
0.59375 1.06351 0.0635081 0.0632707
0.59375 1.06351 0.0635081 0.0632707
0.609375 1.06253 0.0625291 0.0623029
0.609375 1.06253 0.0625291 0.0623029
0.625 1.06141 0.0614128 0.0612003
0.625 1.06141 0.0614128 0.0612003
0.640625 1.06017 0.0601653 0.0599696
0.640625 1.06017 0.0601653 0.0599696
0.65625 1.05879 0.0587936 0.0586184
0.65625 1.05879 0.0587936 0.0586184
0.671875 1.05731 0.0573061 0.0571554
0.671875 1.05731 0.0573061 0.0571554
0.6875 1.05571 0.0557121 0.0555907
0.6875 1.05571 0.0557121 0.0555907
0.703125 1.05402 0.0540225 0.0539358
0.703125 1.05402 0.0540225 0.0539358
0.71875 1.05225 0.0522491 0.0522033
0.71875 1.05225 0.0522491 0.0522033
0.734375 1.05041 0.0504052 0.0504073
0.734375 1.05041 0.0504052 0.0504073
0.75 1.04851 0.0485055 0.0485633
0.75 1.04851 0.0485055 0.0485633
0.765625 1.04657 0.0465658 0.0466879
0.765625 1.04657 0.0465658 0.0466879
0.78125 1.0446 0.0446033 0.0447991
0.78125 1.0446 0.0446033 0.0447991
0.796875 1.04264 0.0426362 0.0429158
0.796875 1.04264 0.0426362 0.0429158
0.8125 1.04068 0.0406837 0.0410579
0.8125 1.04068 0.0406837 0.0410579
0.828125 1.03877 0.0387656 0.0392459
0.828125 1.03877 0.0387656 0.0392459
0.84375 1.0369 0.0369025 0.0375007
0.84375 1.0369 0.0369025 0.0375007
0.859375 1.03511 0.0351148 0.035843
0.859375 1.03511 0.0351148 0.035843
0.875 1.03342 0.0334232 0.0342935
0.875 1.03342 0.0334232 0.0342935
0.890625 1.03185 0.0318475 0.032872
0.890625 1.03185 0.0318475 0.032872
0.90625 1.03041 0.030407 0.0315974
0.90625 1.03041 0.030407 0.0315974
0.921875 1.02912 0.0291195 0.0304868
0.921875 1.02912 0.0291195 0.0304868
0.9375 1.028 0.0280013 0.0295557
0.9375 1.028 0.0280013 0.0295557
0.953125 1.02707 0.0270664 0.0288173
0.953125 1.02707 0.0270664 0.0288173
0.96875 1.02633 0.0263269 0.028282
0.96875 1.02633 0.0263269 0.028282
0.984375 1.02579 0.0257919 0.0279577
0.984375 1.02579 0.0257919 0.0279577
1 1.02547 0.0254677 0.027849
