# x y topography analytical topography
0 1.02257 0.0225712 0.0249046
0.015625 1.02294 0.0229408 0.0250367
0.015625 1.02294 0.0229408 0.0250367
0.03125 1.02357 0.0235654 0.0254306
0.03125 1.02357 0.0235654 0.0254306
0.046875 1.02444 0.024436 0.0260797
0.046875 1.02444 0.024436 0.0260797
0.0625 1.02554 0.0255397 0.0269727
0.0625 1.02554 0.0255397 0.0269727
0.078125 1.02686 0.0268598 0.0280949
0.078125 1.02686 0.0268598 0.0280949
0.09375 1.02838 0.0283767 0.0294277
0.09375 1.02838 0.0283767 0.0294277
0.109375 1.03007 0.0300683 0.0309499
0.109375 1.03007 0.0300683 0.0309499
0.125 1.03191 0.0319105 0.0326381
0.125 1.03191 0.0319105 0.0326381
0.140625 1.03388 0.0338782 0.0344672
0.140625 1.03388 0.0338782 0.0344672
0.15625 1.03595 0.0359456 0.0364111
0.15625 1.03595 0.0359456 0.0364111
0.171875 1.03809 0.0380869 0.0384436
0.171875 1.03809 0.0380869 0.0384436
0.1875 1.04028 0.0402768 0.0405386
0.1875 1.04028 0.0402768 0.0405386
0.203125 1.04249 0.0424909 0.0426708
0.203125 1.04249 0.0424909 0.0426708
0.21875 1.04471 0.0447061 0.044816
0.21875 1.04471 0.0447061 0.044816
0.234375 1.0469 0.0469008 0.0469515
0.234375 1.0469 0.0469008 0.0469515
0.25 1.04906 0.0490553 0.0490562
0.25 1.04906 0.0490553 0.0490562
0.265625 1.05115 0.0511514 0.0511108
0.265625 1.05115 0.0511514 0.0511108
0.28125 1.05317 0.0531729 0.0530981
0.28125 1.05317 0.0531729 0.0530981
0.296875 1.05511 0.0551055 0.0550025
0.296875 1.05511 0.0551055 0.0550025
0.3125 1.05694 0.0569363 0.0568104
0.3125 1.05694 0.0569363 0.0568104
0.328125 1.05865 0.0586543 0.0585097
0.328125 1.05865 0.0586543 0.0585097
0.34375 1.06025 0.0602498 0.0600902
0.34375 1.06025 0.0602498 0.0600902
0.359375 1.06171 0.0617147 0.0615429
0.359375 1.06171 0.0617147 0.0615429
0.375 1.06304 0.0630419 0.0628603
0.375 1.06304 0.0630419 0.0628603
0.390625 1.06423 0.0642254 0.064036
0.390625 1.06423 0.0642254 0.064036
0.40625 1.06526 0.0652602 0.0650647
0.40625 1.06526 0.0652602 0.0650647
0.421875 1.06614 0.0661423 0.0659419
0.421875 1.06614 0.0661423 0.0659419
0.4375 1.06687 0.0668683 0.0666642
0.4375 1.06687 0.0668683 0.0666642
0.453125 1.06744 0.0674356 0.0672287
0.453125 1.06744 0.0674356 0.0672287
0.46875 1.06784 0.0678422 0.0676334
0.46875 1.06784 0.0678422 0.0676334
0.484375 1.06809 0.0680867 0.0678768
0.484375 1.06809 0.0680867 0.0678768
0.5 1.06817 0.0681682 0.067958
0.5 1.06817 0.0681682 0.067958
0.515625 1.06809 0.0680867 0.0678768
0.515625 1.06809 0.0680867 0.0678768
0.53125 1.06784 0.0678422 0.0676334
0.53125 1.06784 0.0678422 0.0676334
0.546875 1.06744 0.0674356 0.0672287
0.546875 1.06744 0.0674356 0.0672287
0.5625 1.06687 0.0668683 0.0666642
0.5625 1.06687 0.0668683 0.0666642
0.578125 1.06614 0.0661423 0.0659419
0.578125 1.06614 0.0661423 0.0659419
0.59375 1.06526 0.0652602 0.0650647
0.59375 1.06526 0.0652602 0.0650647
0.609375 1.06423 0.0642254 0.064036
0.609375 1.06423 0.0642254 0.064036
0.625 1.06304 0.0630419 0.0628603
0.625 1.06304 0.0630419 0.0628603
0.640625 1.06171 0.0617147 0.0615429
0.640625 1.06171 0.0617147 0.0615429
0.65625 1.06025 0.0602498 0.0600902
0.65625 1.06025 0.0602498 0.0600902
0.671875 1.05865 0.0586543 0.0585097
0.671875 1.05865 0.0586543 0.0585097
0.6875 1.05694 0.0569363 0.0568104
0.6875 1.05694 0.0569363 0.0568104
0.703125 1.05511 0.0551055 0.0550025
0.703125 1.05511 0.0551055 0.0550025
0.71875 1.05317 0.0531729 0.0530981
0.71875 1.05317 0.0531729 0.0530981
0.734375 1.05115 0.0511514 0.0511108
0.734375 1.05115 0.0511514 0.0511108
0.75 1.04906 0.0490553 0.0490562
0.75 1.04906 0.0490553 0.0490562
0.765625 1.0469 0.0469008 0.0469515
0.765625 1.0469 0.0469008 0.0469515
0.78125 1.04471 0.0447061 0.044816
0.78125 1.04471 0.0447061 0.044816
0.796875 1.04249 0.0424909 0.0426708
0.796875 1.04249 0.0424909 0.0426708
0.8125 1.04028 0.0402768 0.0405386
0.8125 1.04028 0.0402768 0.0405386
0.828125 1.03809 0.0380869 0.0384436
0.828125 1.03809 0.0380869 0.0384436
0.84375 1.03595 0.0359456 0.0364111
0.84375 1.03595 0.0359456 0.0364111
0.859375 1.03388 0.0338782 0.0344672
0.859375 1.03388 0.0338782 0.0344672
0.875 1.03191 0.0319105 0.0326381
0.875 1.03191 0.0319105 0.0326381
0.890625 1.03007 0.0300683 0.0309499
0.890625 1.03007 0.0300683 0.0309499
0.90625 1.02838 0.0283767 0.0294277
0.90625 1.02838 0.0283767 0.0294277
0.921875 1.02686 0.0268598 0.0280949
0.921875 1.02686 0.0268598 0.0280949
0.9375 1.02554 0.0255397 0.0269727
0.9375 1.02554 0.0255397 0.0269727
0.953125 1.02444 0.024436 0.0260797
0.953125 1.02444 0.024436 0.0260797
0.96875 1.02357 0.0235654 0.0254306
0.96875 1.02357 0.0235654 0.0254306
0.984375 1.02294 0.0229408 0.0250367
0.984375 1.02294 0.0229408 0.0250367
1 1.02257 0.0225712 0.0249046
