# x y topography analytical topography
0 1.02844 0.0284359 0.0308562
0.015625 1.02872 0.0287201 0.0309443
0.015625 1.02872 0.0287201 0.0309443
0.03125 1.02918 0.0291763 0.0312076
0.03125 1.02918 0.0291763 0.0312076
0.046875 1.0298 0.0297998 0.0316425
0.046875 1.0298 0.0297998 0.0316425
0.0625 1.03058 0.030584 0.0322438
0.0625 1.03058 0.030584 0.0322438
0.078125 1.03152 0.0315204 0.0330037
0.078125 1.03152 0.0315204 0.0330037
0.09375 1.0326 0.0325986 0.0339129
0.09375 1.0326 0.0325986 0.0339129
0.109375 1.03381 0.0338066 0.0349603
0.109375 1.03381 0.0338066 0.0349603
0.125 1.03513 0.0351312 0.036133
0.125 1.03513 0.0351312 0.036133
0.140625 1.03656 0.036558 0.0374172
0.140625 1.03656 0.036558 0.0374172
0.15625 1.03807 0.0380717 0.0387978
0.15625 1.03807 0.0380717 0.0387978
0.171875 1.03966 0.0396564 0.0402591
0.171875 1.03966 0.0396564 0.0402591
0.1875 1.0413 0.0412956 0.0417847
0.1875 1.0413 0.0412956 0.0417847
0.203125 1.04297 0.042973 0.0433581
0.203125 1.04297 0.042973 0.0433581
0.21875 1.04467 0.0446719 0.0449625
0.21875 1.04467 0.0446719 0.0449625
0.234375 1.04638 0.0463763 0.0465813
0.234375 1.04638 0.0463763 0.0465813
0.25 1.04807 0.0480702 0.0481985
0.25 1.04807 0.0480702 0.0481985
0.265625 1.04974 0.0497386 0.0497982
0.265625 1.04974 0.0497386 0.0497982
0.28125 1.05137 0.0513669 0.0513657
0.28125 1.05137 0.0513669 0.0513657
0.296875 1.05294 0.0529414 0.0528865
0.296875 1.05294 0.0529414 0.0528865
0.3125 1.05445 0.0544494 0.0543475
0.3125 1.05445 0.0544494 0.0543475
0.328125 1.05588 0.055879 0.0557361
0.328125 1.05588 0.055879 0.0557361
0.34375 1.05722 0.0572194 0.0570412
0.34375 1.05722 0.0572194 0.0570412
0.359375 1.05846 0.0584608 0.0582522
0.359375 1.05846 0.0584608 0.0582522
0.375 1.05959 0.0595944 0.0593601
0.375 1.05959 0.0595944 0.0593601
0.390625 1.06061 0.0606124 0.0603564
0.390625 1.06061 0.0606124 0.0603564
0.40625 1.06151 0.061508 0.0612341
0.40625 1.06151 0.061508 0.0612341
0.421875 1.06228 0.0622755 0.061987
0.421875 1.06228 0.0622755 0.061987
0.4375 1.06291 0.06291 0.06261
0.4375 1.06291 0.06291 0.06261
0.453125 1.06341 0.0634074 0.0630987
0.453125 1.06341 0.0634074 0.0630987
0.46875 1.06376 0.0637649 0.0634502
0.46875 1.06376 0.0637649 0.0634502
0.484375 1.06398 0.0639803 0.0636619
0.484375 1.06398 0.0639803 0.0636619
0.5 1.06405 0.0640522 0.0637326
0.5 1.06405 0.0640522 0.0637326
0.515625 1.06398 0.0639803 0.0636619
0.515625 1.06398 0.0639803 0.0636619
0.53125 1.06376 0.0637649 0.0634502
0.53125 1.06376 0.0637649 0.0634502
0.546875 1.06341 0.0634074 0.0630987
0.546875 1.06341 0.0634074 0.0630987
0.5625 1.06291 0.06291 0.06261
0.5625 1.06291 0.06291 0.06261
0.578125 1.06228 0.0622755 0.061987
0.578125 1.06228 0.0622755 0.061987
0.59375 1.06151 0.061508 0.0612341
0.59375 1.06151 0.061508 0.0612341
0.609375 1.06061 0.0606124 0.0603564
0.609375 1.06061 0.0606124 0.0603564
0.625 1.05959 0.0595944 0.0593601
0.625 1.05959 0.0595944 0.0593601
0.640625 1.05846 0.0584608 0.0582522
0.640625 1.05846 0.0584608 0.0582522
0.65625 1.05722 0.0572194 0.0570412
0.65625 1.05722 0.0572194 0.0570412
0.671875 1.05588 0.055879 0.0557361
0.671875 1.05588 0.055879 0.0557361
0.6875 1.05445 0.0544494 0.0543475
0.6875 1.05445 0.0544494 0.0543475
0.703125 1.05294 0.0529414 0.0528865
0.703125 1.05294 0.0529414 0.0528865
0.71875 1.05137 0.0513669 0.0513657
0.71875 1.05137 0.0513669 0.0513657
0.734375 1.04974 0.0497386 0.0497982
0.734375 1.04974 0.0497386 0.0497982
0.75 1.04807 0.0480702 0.0481985
0.75 1.04807 0.0480702 0.0481985
0.765625 1.04638 0.0463763 0.0465813
0.765625 1.04638 0.0463763 0.0465813
0.78125 1.04467 0.0446719 0.0449625
0.78125 1.04467 0.0446719 0.0449625
0.796875 1.04297 0.042973 0.0433581
0.796875 1.04297 0.042973 0.0433581
0.8125 1.0413 0.0412956 0.0417847
0.8125 1.0413 0.0412956 0.0417847
0.828125 1.03966 0.0396564 0.0402591
0.828125 1.03966 0.0396564 0.0402591
0.84375 1.03807 0.0380717 0.0387978
0.84375 1.03807 0.0380717 0.0387978
0.859375 1.03656 0.036558 0.0374172
0.859375 1.03656 0.036558 0.0374172
0.875 1.03513 0.0351312 0.036133
0.875 1.03513 0.0351312 0.036133
0.890625 1.03381 0.0338066 0.0349603
0.890625 1.03381 0.0338066 0.0349603
0.90625 1.0326 0.0325986 0.0339129
0.90625 1.0326 0.0325986 0.0339129
0.921875 1.03152 0.0315204 0.0330037
0.921875 1.03152 0.0315204 0.0330037
0.9375 1.03058 0.030584 0.0322438
0.9375 1.03058 0.030584 0.0322438
0.953125 1.0298 0.0297998 0.0316425
0.953125 1.0298 0.0297998 0.0316425
0.96875 1.02918 0.0291763 0.0312076
0.96875 1.02918 0.0291763 0.0312076
0.984375 1.02872 0.0287201 0.0309443
0.984375 1.02872 0.0287201 0.0309443
1 1.02844 0.0284359 0.0308562
