# x y topography analytical topography
0 3.01059 0.0105875 0.011289
0.046875 3.0111 0.0111027 0.0116508
0.046875 3.0111 0.0111027 0.0116508
0.09375 3.0123 0.0123022 0.0127112
0.09375 3.0123 0.0123022 0.0127112
0.140625 3.01411 0.0141094 0.0143999
0.140625 3.01411 0.0141094 0.0143999
0.1875 3.01642 0.0164181 0.0166134
0.1875 3.01642 0.0164181 0.0166134
0.234375 3.01911 0.0191083 0.0192319
0.234375 3.01911 0.0191083 0.0192319
0.28125 3.02206 0.0220629 0.0221358
0.28125 3.02206 0.0220629 0.0221358
0.328125 3.02518 0.0251786 0.0252179
0.328125 3.02518 0.0251786 0.0252179
0.375 3.02837 0.0283723 0.0283907
0.375 3.02837 0.0283723 0.0283907
0.421875 3.03158 0.0315817 0.0315878
0.421875 3.03158 0.0315817 0.0315878
0.46875 3.03476 0.0347628 0.0347619
0.46875 3.03476 0.0347628 0.0347619
0.515625 3.03789 0.0378856 0.0378809
0.515625 3.03789 0.0378856 0.0378809
0.5625 3.04093 0.0409297 0.0409231
0.5625 3.04093 0.0409297 0.0409231
0.609375 3.04388 0.0438813 0.0438734
0.609375 3.04388 0.0438813 0.0438734
0.65625 3.04673 0.0467297 0.046721
0.65625 3.04673 0.0467297 0.046721
0.703125 3.04947 0.0494667 0.0494574
0.703125 3.04947 0.0494667 0.0494574
0.75 3.05208 0.0520849 0.052075
0.75 3.05208 0.0520849 0.052075
0.796875 3.05458 0.0545777 0.0545674
0.796875 3.05458 0.0545777 0.0545674
0.84375 3.05694 0.0569392 0.0569284
0.84375 3.05694 0.0569392 0.0569284
0.890625 3.05916 0.0591634 0.0591523
0.890625 3.05916 0.0591634 0.0591523
0.9375 3.06125 0.0612452 0.0612336
0.9375 3.06125 0.0612452 0.0612336
0.984375 3.06318 0.0631794 0.0631675
0.984375 3.06318 0.0631794 0.0631675
1.03125 3.06496 0.0649614 0.0649491
1.03125 3.06496 0.0649614 0.0649491
1.07812 3.06659 0.0665869 0.0665743
1.07812 3.06659 0.0665869 0.0665743
1.125 3.06805 0.068052 0.0680391
1.125 3.06805 0.068052 0.0680391
1.17188 3.06935 0.0693532 0.06934
1.17188 3.06935 0.0693532 0.06934
1.21875 3.07049 0.0704872 0.0704739
1.21875 3.07049 0.0704872 0.0704739
1.26562 3.07145 0.0714515 0.071438
1.26562 3.07145 0.0714515 0.071438
1.3125 3.07224 0.0722436 0.07223
1.3125 3.07224 0.0722436 0.07223
1.35938 3.07286 0.0728617 0.0728479
1.35938 3.07286 0.0728617 0.0728479
1.40625 3.0733 0.0733043 0.0732904
1.40625 3.0733 0.0733043 0.0732904
1.45312 3.07357 0.0735702 0.0735563
1.45312 3.07357 0.0735702 0.0735563
1.5 3.07366 0.073659 0.073645
1.5 3.07366 0.073659 0.073645
1.54688 3.07357 0.0735702 0.0735563
1.54688 3.07357 0.0735702 0.0735563
1.59375 3.0733 0.0733043 0.0732904
1.59375 3.0733 0.0733043 0.0732904
1.64062 3.07286 0.0728617 0.0728479
1.64062 3.07286 0.0728617 0.0728479
1.6875 3.07224 0.0722436 0.07223
1.6875 3.07224 0.0722436 0.07223
1.73438 3.07145 0.0714515 0.071438
1.73438 3.07145 0.0714515 0.071438
1.78125 3.07049 0.0704872 0.0704739
1.78125 3.07049 0.0704872 0.0704739
1.82812 3.06935 0.0693532 0.06934
1.82812 3.06935 0.0693532 0.06934
1.875 3.06805 0.068052 0.0680391
1.875 3.06805 0.068052 0.0680391
1.92188 3.06659 0.0665869 0.0665743
1.92188 3.06659 0.0665869 0.0665743
1.96875 3.06496 0.0649614 0.0649491
1.96875 3.06496 0.0649614 0.0649491
2.01562 3.06318 0.0631794 0.0631675
2.01562 3.06318 0.0631794 0.0631675
2.0625 3.06125 0.0612452 0.0612336
2.0625 3.06125 0.0612452 0.0612336
2.10938 3.05916 0.0591634 0.0591523
2.10938 3.05916 0.0591634 0.0591523
2.15625 3.05694 0.0569392 0.0569284
2.15625 3.05694 0.0569392 0.0569284
2.20312 3.05458 0.0545777 0.0545674
2.20312 3.05458 0.0545777 0.0545674
2.25 3.05208 0.0520849 0.052075
2.25 3.05208 0.0520849 0.052075
2.29688 3.04947 0.0494667 0.0494574
2.29688 3.04947 0.0494667 0.0494574
2.34375 3.04673 0.0467297 0.046721
2.34375 3.04673 0.0467297 0.046721
2.39062 3.04388 0.0438813 0.0438734
2.39062 3.04388 0.0438813 0.0438734
2.4375 3.04093 0.0409297 0.0409231
2.4375 3.04093 0.0409297 0.0409231
2.48438 3.03789 0.0378856 0.0378809
2.48438 3.03789 0.0378856 0.0378809
2.53125 3.03476 0.0347628 0.0347619
2.53125 3.03476 0.0347628 0.0347619
2.57812 3.03158 0.0315817 0.0315878
2.57812 3.03158 0.0315817 0.0315878
2.625 3.02837 0.0283723 0.0283907
2.625 3.02837 0.0283723 0.0283907
2.67188 3.02518 0.0251786 0.0252179
2.67188 3.02518 0.0251786 0.0252179
2.71875 3.02206 0.0220629 0.0221358
2.71875 3.02206 0.0220629 0.0221358
2.76562 3.01911 0.0191083 0.0192319
2.76562 3.01911 0.0191083 0.0192319
2.8125 3.01642 0.0164181 0.0166134
2.8125 3.01642 0.0164181 0.0166134
2.85938 3.01411 0.0141094 0.0143999
2.85938 3.01411 0.0141094 0.0143999
2.90625 3.0123 0.0123022 0.0127112
2.90625 3.0123 0.0123022 0.0127112
2.95312 3.0111 0.0111027 0.0116508
2.95312 3.0111 0.0111027 0.0116508
3 3.01059 0.0105875 0.011289
