# x y topography analytical topography
0 3.01229 0.0122893 0.0130064
0.046875 3.01274 0.0127355 0.0133157
0.046875 3.01274 0.0127355 0.0133157
0.09375 3.01377 0.0137734 0.0142271
0.09375 3.01377 0.0137734 0.0142271
0.140625 3.01535 0.0153515 0.0156935
0.140625 3.01535 0.0153515 0.0156935
0.1875 3.0174 0.0173958 0.0176436
0.1875 3.0174 0.0173958 0.0176436
0.234375 3.01982 0.0198185 0.0199903
0.234375 3.01982 0.0198185 0.0199903
0.28125 3.02253 0.022528 0.0226413
0.28125 3.02253 0.022528 0.0226413
0.328125 3.02544 0.0254365 0.0255069
0.328125 3.02544 0.0254365 0.0255069
0.375 3.02847 0.0284665 0.0285068
0.375 3.02847 0.0284665 0.0285068
0.421875 3.03155 0.0315536 0.0315737
0.421875 3.03155 0.0315536 0.0315737
0.46875 3.03465 0.0346468 0.0346539
0.46875 3.03465 0.0346468 0.0346539
0.515625 3.03771 0.0377078 0.0377068
0.515625 3.03771 0.0377078 0.0377068
0.5625 3.04071 0.0407084 0.0407024
0.5625 3.04071 0.0407084 0.0407024
0.609375 3.04363 0.043628 0.0436191
0.609375 3.04363 0.043628 0.0436191
0.65625 3.04645 0.0464519 0.0464411
0.65625 3.04645 0.0464519 0.0464411
0.703125 3.04917 0.0491686 0.0491566
0.703125 3.04917 0.0491686 0.0491566
0.75 3.05177 0.0517692 0.0517562
0.75 3.05177 0.0517692 0.0517562
0.796875 3.05425 0.0542461 0.0542324
0.796875 3.05425 0.0542461 0.0542324
0.84375 3.05659 0.0565929 0.0565785
0.84375 3.05659 0.0565929 0.0565785
0.890625 3.0588 0.0588035 0.0587886
0.890625 3.0588 0.0588035 0.0587886
0.9375 3.06087 0.0608725 0.0608571
0.9375 3.06087 0.0608725 0.0608571
0.984375 3.06279 0.0627949 0.062779
0.984375 3.06279 0.0627949 0.062779
1.03125 3.06457 0.0645661 0.0645497
1.03125 3.06457 0.0645661 0.0645497
1.07812 3.06618 0.0661817 0.0661649
1.07812 3.06618 0.0661817 0.0661649
1.125 3.06764 0.0676379 0.0676207
1.125 3.06764 0.0676379 0.0676207
1.17188 3.06893 0.0689311 0.0689136
1.17188 3.06893 0.0689311 0.0689136
1.21875 3.07006 0.0700583 0.0700405
1.21875 3.07006 0.0700583 0.0700405
1.26562 3.07102 0.0710167 0.0709987
1.26562 3.07102 0.0710167 0.0709987
1.3125 3.0718 0.071804 0.0717858
1.3125 3.0718 0.071804 0.0717858
1.35938 3.07242 0.0724183 0.0724
1.35938 3.07242 0.0724183 0.0724
1.40625 3.07286 0.0728582 0.0728397
1.40625 3.07286 0.0728582 0.0728397
1.45312 3.07312 0.0731225 0.073104
1.45312 3.07312 0.0731225 0.073104
1.5 3.07321 0.0732107 0.0731922
1.5 3.07321 0.0732107 0.0731922
1.54688 3.07312 0.0731225 0.073104
1.54688 3.07312 0.0731225 0.073104
1.59375 3.07286 0.0728582 0.0728397
1.59375 3.07286 0.0728582 0.0728397
1.64062 3.07242 0.0724183 0.0724
1.64062 3.07242 0.0724183 0.0724
1.6875 3.0718 0.071804 0.0717858
1.6875 3.0718 0.071804 0.0717858
1.73438 3.07102 0.0710167 0.0709987
1.73438 3.07102 0.0710167 0.0709987
1.78125 3.07006 0.0700583 0.0700405
1.78125 3.07006 0.0700583 0.0700405
1.82812 3.06893 0.0689311 0.0689136
1.82812 3.06893 0.0689311 0.0689136
1.875 3.06764 0.0676379 0.0676207
1.875 3.06764 0.0676379 0.0676207
1.92188 3.06618 0.0661817 0.0661649
1.92188 3.06618 0.0661817 0.0661649
1.96875 3.06457 0.0645661 0.0645497
1.96875 3.06457 0.0645661 0.0645497
2.01562 3.06279 0.0627949 0.062779
2.01562 3.06279 0.0627949 0.062779
2.0625 3.06087 0.0608725 0.0608571
2.0625 3.06087 0.0608725 0.0608571
2.10938 3.0588 0.0588035 0.0587886
2.10938 3.0588 0.0588035 0.0587886
2.15625 3.05659 0.0565929 0.0565785
2.15625 3.05659 0.0565929 0.0565785
2.20312 3.05425 0.0542461 0.0542324
2.20312 3.05425 0.0542461 0.0542324
2.25 3.05177 0.0517692 0.0517562
2.25 3.05177 0.0517692 0.0517562
2.29688 3.04917 0.0491686 0.0491566
2.29688 3.04917 0.0491686 0.0491566
2.34375 3.04645 0.0464519 0.0464411
2.34375 3.04645 0.0464519 0.0464411
2.39062 3.04363 0.043628 0.0436191
2.39062 3.04363 0.043628 0.0436191
2.4375 3.04071 0.0407084 0.0407024
2.4375 3.04071 0.0407084 0.0407024
2.48438 3.03771 0.0377078 0.0377068
2.48438 3.03771 0.0377078 0.0377068
2.53125 3.03465 0.0346468 0.0346539
2.53125 3.03465 0.0346468 0.0346539
2.57812 3.03155 0.0315536 0.0315737
2.57812 3.03155 0.0315536 0.0315737
2.625 3.02847 0.0284665 0.0285068
2.625 3.02847 0.0284665 0.0285068
2.67188 3.02544 0.0254365 0.0255069
2.67188 3.02544 0.0254365 0.0255069
2.71875 3.02253 0.022528 0.0226413
2.71875 3.02253 0.022528 0.0226413
2.76562 3.01982 0.0198185 0.0199903
2.76562 3.01982 0.0198185 0.0199903
2.8125 3.0174 0.0173958 0.0176436
2.8125 3.0174 0.0173958 0.0176436
2.85938 3.01535 0.0153515 0.0156935
2.85938 3.01535 0.0153515 0.0156935
2.90625 3.01377 0.0137734 0.0142271
2.90625 3.01377 0.0137734 0.0142271
2.95312 3.01274 0.0127355 0.0133157
2.95312 3.01274 0.0127355 0.0133157
3 3.01229 0.0122893 0.0130064
