# x y topography analytical topography
0 3.01222 0.012219 0.0129355
0.046875 3.01267 0.0126678 0.0132467
0.046875 3.01267 0.0126678 0.0132467
0.09375 3.01371 0.0137115 0.0141636
0.09375 3.01371 0.0137115 0.0141636
0.140625 3.0153 0.0152982 0.0156383
0.140625 3.0153 0.0152982 0.0156383
0.1875 3.01735 0.0173526 0.0175983
0.1875 3.01735 0.0173526 0.0175983
0.234375 3.01979 0.0197859 0.0199557
0.234375 3.01979 0.0197859 0.0199557
0.28125 3.02251 0.0225054 0.022617
0.28125 3.02251 0.0225054 0.022617
0.328125 3.02542 0.0254228 0.0254918
0.328125 3.02542 0.0254228 0.0254918
0.375 3.02846 0.0284602 0.0284994
0.375 3.02846 0.0284602 0.0284994
0.421875 3.03155 0.031553 0.0315723
0.421875 3.03155 0.031553 0.0315723
0.46875 3.03465 0.0346505 0.0346572
0.46875 3.03465 0.0346505 0.0346572
0.515625 3.03771 0.0377147 0.0377134
0.515625 3.03771 0.0377147 0.0377134
0.5625 3.04072 0.0407175 0.0407115
0.5625 3.04072 0.0407175 0.0407115
0.609375 3.04364 0.0436389 0.04363
0.609375 3.04364 0.0436389 0.04363
0.65625 3.04646 0.046464 0.0464533
0.65625 3.04646 0.046464 0.0464533
0.703125 3.04918 0.0491817 0.0491698
0.703125 3.04918 0.0491817 0.0491698
0.75 3.05178 0.0517831 0.0517703
0.75 3.05178 0.0517831 0.0517703
0.796875 3.05426 0.0542608 0.0542472
0.796875 3.05426 0.0542608 0.0542472
0.84375 3.05661 0.0566082 0.056594
0.84375 3.05661 0.0566082 0.056594
0.890625 3.05882 0.0588194 0.0588047
0.890625 3.05882 0.0588194 0.0588047
0.9375 3.06089 0.060889 0.0608738
0.9375 3.06089 0.060889 0.0608738
0.984375 3.06281 0.062812 0.0627962
0.984375 3.06281 0.062812 0.0627962
1.03125 3.06458 0.0645836 0.0645674
1.03125 3.06458 0.0645836 0.0645674
1.07812 3.0662 0.0661997 0.0661831
1.07812 3.0662 0.0661997 0.0661831
1.125 3.06766 0.0676562 0.0676393
1.125 3.06766 0.0676562 0.0676393
1.17188 3.06895 0.0689498 0.0689325
1.17188 3.06895 0.0689498 0.0689325
1.21875 3.07008 0.0700773 0.0700597
1.21875 3.07008 0.0700773 0.0700597
1.26562 3.07104 0.071036 0.0710181
1.26562 3.07104 0.071036 0.0710181
1.3125 3.07182 0.0718235 0.0718055
1.3125 3.07182 0.0718235 0.0718055
1.35938 3.07244 0.072438 0.0724198
1.35938 3.07244 0.072438 0.0724198
1.40625 3.07288 0.072878 0.0728597
1.40625 3.07288 0.072878 0.0728597
1.45312 3.07314 0.0731424 0.073124
1.45312 3.07314 0.0731424 0.073124
1.5 3.07323 0.0732306 0.0732122
1.5 3.07323 0.0732306 0.0732122
1.54688 3.07314 0.0731424 0.073124
1.54688 3.07314 0.0731424 0.073124
1.59375 3.07288 0.072878 0.0728597
1.59375 3.07288 0.072878 0.0728597
1.64062 3.07244 0.072438 0.0724198
1.64062 3.07244 0.072438 0.0724198
1.6875 3.07182 0.0718235 0.0718055
1.6875 3.07182 0.0718235 0.0718055
1.73438 3.07104 0.071036 0.0710181
1.73438 3.07104 0.071036 0.0710181
1.78125 3.07008 0.0700773 0.0700597
1.78125 3.07008 0.0700773 0.0700597
1.82812 3.06895 0.0689498 0.0689325
1.82812 3.06895 0.0689498 0.0689325
1.875 3.06766 0.0676562 0.0676393
1.875 3.06766 0.0676562 0.0676393
1.92188 3.0662 0.0661997 0.0661831
1.92188 3.0662 0.0661997 0.0661831
1.96875 3.06458 0.0645836 0.0645674
1.96875 3.06458 0.0645836 0.0645674
2.01562 3.06281 0.062812 0.0627962
2.01562 3.06281 0.062812 0.0627962
2.0625 3.06089 0.060889 0.0608738
2.0625 3.06089 0.060889 0.0608738
2.10938 3.05882 0.0588194 0.0588047
2.10938 3.05882 0.0588194 0.0588047
2.15625 3.05661 0.0566082 0.056594
2.15625 3.05661 0.0566082 0.056594
2.20312 3.05426 0.0542608 0.0542472
2.20312 3.05426 0.0542608 0.0542472
2.25 3.05178 0.0517831 0.0517703
2.25 3.05178 0.0517831 0.0517703
2.29688 3.04918 0.0491817 0.0491698
2.29688 3.04918 0.0491817 0.0491698
2.34375 3.04646 0.046464 0.0464533
2.34375 3.04646 0.046464 0.0464533
2.39062 3.04364 0.0436389 0.04363
2.39062 3.04364 0.0436389 0.04363
2.4375 3.04072 0.0407175 0.0407115
2.4375 3.04072 0.0407175 0.0407115
2.48438 3.03771 0.0377147 0.0377134
2.48438 3.03771 0.0377147 0.0377134
2.53125 3.03465 0.0346505 0.0346572
2.53125 3.03465 0.0346505 0.0346572
2.57812 3.03155 0.031553 0.0315723
2.57812 3.03155 0.031553 0.0315723
2.625 3.02846 0.0284602 0.0284994
2.625 3.02846 0.0284602 0.0284994
2.67188 3.02542 0.0254228 0.0254918
2.67188 3.02542 0.0254228 0.0254918
2.71875 3.02251 0.0225054 0.022617
2.71875 3.02251 0.0225054 0.022617
2.76562 3.01979 0.0197859 0.0199557
2.76562 3.01979 0.0197859 0.0199557
2.8125 3.01735 0.0173526 0.0175983
2.8125 3.01735 0.0173526 0.0175983
2.85938 3.0153 0.0152982 0.0156383
2.85938 3.0153 0.0152982 0.0156383
2.90625 3.01371 0.0137115 0.0141636
2.90625 3.01371 0.0137115 0.0141636
2.95312 3.01267 0.0126678 0.0132467
2.95312 3.01267 0.0126678 0.0132467
3 3.01222 0.012219 0.0129355
