# x y topography
0 1.02421 0.0242089
0.015625 1.02455 0.0245518
0.015625 1.02455 0.0245518
0.03125 1.02512 0.025124
0.03125 1.02512 0.025124
0.046875 1.02592 0.025918
0.046875 1.02592 0.025918
0.0625 1.02692 0.0269231
0.0625 1.02692 0.0269231
0.078125 1.02813 0.0281257
0.078125 1.02813 0.0281257
0.09375 1.02951 0.0295095
0.09375 1.02951 0.0295095
0.109375 1.03106 0.0310559
0.109375 1.03106 0.0310559
0.125 1.03274 0.0327445
0.125 1.03274 0.0327445
0.140625 1.03455 0.034554
0.140625 1.03455 0.034554
0.15625 1.03646 0.0364618
0.15625 1.03646 0.0364618
0.171875 1.03845 0.0384453
0.171875 1.03845 0.0384453
0.1875 1.04048 0.0404819
0.1875 1.04048 0.0404819
0.203125 1.04255 0.0425495
0.203125 1.04255 0.0425495
0.21875 1.04463 0.0446266
0.21875 1.04463 0.0446266
0.234375 1.04669 0.046693
0.234375 1.04669 0.046693
0.25 1.04873 0.0487296
0.25 1.04873 0.0487296
0.265625 1.05072 0.0507188
0.265625 1.05072 0.0507188
0.28125 1.05264 0.0526443
0.28125 1.05264 0.0526443
0.296875 1.05449 0.0544915
0.296875 1.05449 0.0544915
0.3125 1.05625 0.0562471
0.3125 1.05625 0.0562471
0.328125 1.0579 0.0578995
0.328125 1.0579 0.0578995
0.34375 1.05944 0.0594384
0.34375 1.05944 0.0594384
0.359375 1.06085 0.0608546
0.359375 1.06085 0.0608546
0.375 1.06214 0.0621404
0.375 1.06214 0.0621404
0.390625 1.06329 0.0632892
0.390625 1.06329 0.0632892
0.40625 1.0643 0.0642953
0.40625 1.0643 0.0642953
0.421875 1.06515 0.0651541
0.421875 1.06515 0.0651541
0.4375 1.06586 0.0658616
0.4375 1.06586 0.0658616
0.453125 1.06642 0.066415
0.453125 1.06642 0.066415
0.46875 1.06681 0.0668119
0.46875 1.06681 0.0668119
0.484375 1.06705 0.0670506
0.484375 1.06705 0.0670506
0.5 1.06713 0.0671303
0.5 1.06713 0.0671303
0.515625 1.06705 0.0670506
0.515625 1.06705 0.0670506
0.53125 1.06681 0.0668119
0.53125 1.06681 0.0668119
0.546875 1.06642 0.066415
0.546875 1.06642 0.066415
0.5625 1.06586 0.0658616
0.5625 1.06586 0.0658616
0.578125 1.06515 0.0651541
0.578125 1.06515 0.0651541
0.59375 1.0643 0.0642953
0.59375 1.0643 0.0642953
0.609375 1.06329 0.0632892
0.609375 1.06329 0.0632892
0.625 1.06214 0.0621404
0.625 1.06214 0.0621404
0.640625 1.06085 0.0608546
0.640625 1.06085 0.0608546
0.65625 1.05944 0.0594384
0.65625 1.05944 0.0594384
0.671875 1.0579 0.0578995
0.671875 1.0579 0.0578995
0.6875 1.05625 0.0562471
0.6875 1.05625 0.0562471
0.703125 1.05449 0.0544915
0.703125 1.05449 0.0544915
0.71875 1.05264 0.0526443
0.71875 1.05264 0.0526443
0.734375 1.05072 0.0507188
0.734375 1.05072 0.0507188
0.75 1.04873 0.0487296
0.75 1.04873 0.0487296
0.765625 1.04669 0.046693
0.765625 1.04669 0.046693
0.78125 1.04463 0.0446266
0.78125 1.04463 0.0446266
0.796875 1.04255 0.0425495
0.796875 1.04255 0.0425495
0.8125 1.04048 0.0404819
0.8125 1.04048 0.0404819
0.828125 1.03845 0.0384453
0.828125 1.03845 0.0384453
0.84375 1.03646 0.0364618
0.84375 1.03646 0.0364618
0.859375 1.03455 0.034554
0.859375 1.03455 0.034554
0.875 1.03274 0.0327445
0.875 1.03274 0.0327445
0.890625 1.03106 0.0310559
0.890625 1.03106 0.0310559
0.90625 1.02951 0.0295095
0.90625 1.02951 0.0295095
0.921875 1.02813 0.0281257
0.921875 1.02813 0.0281257
0.9375 1.02692 0.0269231
0.9375 1.02692 0.0269231
0.953125 1.02592 0.025918
0.953125 1.02592 0.025918
0.96875 1.02512 0.025124
0.96875 1.02512 0.025124
0.984375 1.02455 0.0245518
0.984375 1.02455 0.0245518
1 1.02421 0.0242089
