# x y topography
0 1.0236 0.0235998
0.015625 1.02395 0.0239524
0.015625 1.02395 0.0239524
0.03125 1.02454 0.0245434
0.03125 1.02454 0.0245434
0.046875 1.02537 0.0253651
0.046875 1.02537 0.0253651
0.0625 1.02641 0.0264059
0.0625 1.02641 0.0264059
0.078125 1.02765 0.0276511
0.078125 1.02765 0.0276511
0.09375 1.02908 0.0290833
0.09375 1.02908 0.0290833
0.109375 1.03068 0.0306826
0.109375 1.03068 0.0306826
0.125 1.03243 0.0324275
0.125 1.03243 0.0324275
0.140625 1.0343 0.0342952
0.140625 1.0343 0.0342952
0.15625 1.03626 0.036262
0.15625 1.03626 0.036262
0.171875 1.0383 0.038304
0.171875 1.0383 0.038304
0.1875 1.0404 0.0403978
0.1875 1.0404 0.0403978
0.203125 1.04252 0.0425204
0.203125 1.04252 0.0425204
0.21875 1.04465 0.0446496
0.21875 1.04465 0.0446496
0.234375 1.04676 0.0467647
0.234375 1.04676 0.0467647
0.25 1.04885 0.0488464
0.25 1.04885 0.0488464
0.265625 1.05088 0.0508766
0.265625 1.05088 0.0508766
0.28125 1.05284 0.0528393
0.28125 1.05284 0.0528393
0.296875 1.05472 0.0547196
0.296875 1.05472 0.0547196
0.3125 1.0565 0.0565047
0.3125 1.0565 0.0565047
0.328125 1.05818 0.0581829
0.328125 1.05818 0.0581829
0.34375 1.05974 0.0597441
0.34375 1.05974 0.0597441
0.359375 1.06118 0.0611796
0.359375 1.06118 0.0611796
0.375 1.06248 0.0624819
0.375 1.06248 0.0624819
0.390625 1.06364 0.0636446
0.390625 1.06364 0.0636446
0.40625 1.06466 0.0646622
0.40625 1.06466 0.0646622
0.421875 1.06553 0.0655303
0.421875 1.06553 0.0655303
0.4375 1.06625 0.0662453
0.4375 1.06625 0.0662453
0.453125 1.0668 0.0668042
0.453125 1.0668 0.0668042
0.46875 1.0672 0.067205
0.46875 1.0672 0.067205
0.484375 1.06745 0.067446
0.484375 1.06745 0.067446
0.5 1.06753 0.0675265
0.5 1.06753 0.0675265
0.515625 1.06745 0.067446
0.515625 1.06745 0.067446
0.53125 1.0672 0.067205
0.53125 1.0672 0.067205
0.546875 1.0668 0.0668042
0.546875 1.0668 0.0668042
0.5625 1.06625 0.0662453
0.5625 1.06625 0.0662453
0.578125 1.06553 0.0655303
0.578125 1.06553 0.0655303
0.59375 1.06466 0.0646622
0.59375 1.06466 0.0646622
0.609375 1.06364 0.0636446
0.609375 1.06364 0.0636446
0.625 1.06248 0.0624819
0.625 1.06248 0.0624819
0.640625 1.06118 0.0611796
0.640625 1.06118 0.0611796
0.65625 1.05974 0.0597441
0.65625 1.05974 0.0597441
0.671875 1.05818 0.0581829
0.671875 1.05818 0.0581829
0.6875 1.0565 0.0565047
0.6875 1.0565 0.0565047
0.703125 1.05472 0.0547196
0.703125 1.05472 0.0547196
0.71875 1.05284 0.0528393
0.71875 1.05284 0.0528393
0.734375 1.05088 0.0508766
0.734375 1.05088 0.0508766
0.75 1.04885 0.0488464
0.75 1.04885 0.0488464
0.765625 1.04676 0.0467647
0.765625 1.04676 0.0467647
0.78125 1.04465 0.0446496
0.78125 1.04465 0.0446496
0.796875 1.04252 0.0425204
0.796875 1.04252 0.0425204
0.8125 1.0404 0.0403978
0.8125 1.0404 0.0403978
0.828125 1.0383 0.038304
0.828125 1.0383 0.038304
0.84375 1.03626 0.036262
0.84375 1.03626 0.036262
0.859375 1.0343 0.0342952
0.859375 1.0343 0.0342952
0.875 1.03243 0.0324275
0.875 1.03243 0.0324275
0.890625 1.03068 0.0306826
0.890625 1.03068 0.0306826
0.90625 1.02908 0.0290833
0.90625 1.02908 0.0290833
0.921875 1.02765 0.0276511
0.921875 1.02765 0.0276511
0.9375 1.02641 0.0264059
0.9375 1.02641 0.0264059
0.953125 1.02537 0.0253651
0.953125 1.02537 0.0253651
0.96875 1.02454 0.0245434
0.96875 1.02454 0.0245434
0.984375 1.02395 0.0239524
0.984375 1.02395 0.0239524
1 1.0236 0.0235998
