# x y topography
0 1.03066 0.0306557
0.015625 1.03091 0.0309133
0.015625 1.03091 0.0309133
0.03125 1.03132 0.0313168
0.03125 1.03132 0.0313168
0.046875 1.03186 0.0318624
0.046875 1.03186 0.0318624
0.0625 1.03255 0.032545
0.0625 1.03255 0.032545
0.078125 1.03336 0.0333578
0.078125 1.03336 0.0333578
0.09375 1.03429 0.0342926
0.09375 1.03429 0.0342926
0.109375 1.03534 0.0353399
0.109375 1.03534 0.0353399
0.125 1.03649 0.0364891
0.125 1.03649 0.0364891
0.140625 1.03773 0.0377285
0.140625 1.03773 0.0377285
0.15625 1.03905 0.0390458
0.15625 1.03905 0.0390458
0.171875 1.04043 0.0404277
0.171875 1.04043 0.0404277
0.1875 1.04186 0.0418608
0.1875 1.04186 0.0418608
0.203125 1.04333 0.0433312
0.203125 1.04333 0.0433312
0.21875 1.04482 0.0448249
0.21875 1.04482 0.0448249
0.234375 1.04633 0.0463279
0.234375 1.04633 0.0463279
0.25 1.04783 0.0478265
0.25 1.04783 0.0478265
0.265625 1.04931 0.0493071
0.265625 1.04931 0.0493071
0.28125 1.05076 0.0507569
0.28125 1.05076 0.0507569
0.296875 1.05216 0.0521632
0.296875 1.05216 0.0521632
0.3125 1.05351 0.0535144
0.3125 1.05351 0.0535144
0.328125 1.0548 0.0547992
0.328125 1.0548 0.0547992
0.34375 1.05601 0.0560073
0.34375 1.05601 0.0560073
0.359375 1.05713 0.0571293
0.359375 1.05713 0.0571293
0.375 1.05816 0.0581565
0.375 1.05816 0.0581565
0.390625 1.05908 0.059081
0.390625 1.05908 0.059081
0.40625 1.0599 0.0598962
0.40625 1.0599 0.0598962
0.421875 1.0606 0.0605959
0.421875 1.0606 0.0605959
0.4375 1.06118 0.0611753
0.4375 1.06118 0.0611753
0.453125 1.06163 0.0616302
0.453125 1.06163 0.0616302
0.46875 1.06196 0.0619573
0.46875 1.06196 0.0619573
0.484375 1.06215 0.0621545
0.484375 1.06215 0.0621545
0.5 1.06222 0.0622204
0.5 1.06222 0.0622204
0.515625 1.06215 0.0621545
0.515625 1.06215 0.0621545
0.53125 1.06196 0.0619573
0.53125 1.06196 0.0619573
0.546875 1.06163 0.0616302
0.546875 1.06163 0.0616302
0.5625 1.06118 0.0611753
0.5625 1.06118 0.0611753
0.578125 1.0606 0.0605959
0.578125 1.0606 0.0605959
0.59375 1.0599 0.0598962
0.59375 1.0599 0.0598962
0.609375 1.05908 0.059081
0.609375 1.05908 0.059081
0.625 1.05816 0.0581565
0.625 1.05816 0.0581565
0.640625 1.05713 0.0571293
0.640625 1.05713 0.0571293
0.65625 1.05601 0.0560073
0.65625 1.05601 0.0560073
0.671875 1.0548 0.0547992
0.671875 1.0548 0.0547992
0.6875 1.05351 0.0535144
0.6875 1.05351 0.0535144
0.703125 1.05216 0.0521632
0.703125 1.05216 0.0521632
0.71875 1.05076 0.0507569
0.71875 1.05076 0.0507569
0.734375 1.04931 0.0493071
0.734375 1.04931 0.0493071
0.75 1.04783 0.0478265
0.75 1.04783 0.0478265
0.765625 1.04633 0.0463279
0.765625 1.04633 0.0463279
0.78125 1.04482 0.0448249
0.78125 1.04482 0.0448249
0.796875 1.04333 0.0433312
0.796875 1.04333 0.0433312
0.8125 1.04186 0.0418608
0.8125 1.04186 0.0418608
0.828125 1.04043 0.0404277
0.828125 1.04043 0.0404277
0.84375 1.03905 0.0390458
0.84375 1.03905 0.0390458
0.859375 1.03773 0.0377285
0.859375 1.03773 0.0377285
0.875 1.03649 0.0364891
0.875 1.03649 0.0364891
0.890625 1.03534 0.0353399
0.890625 1.03534 0.0353399
0.90625 1.03429 0.0342926
0.90625 1.03429 0.0342926
0.921875 1.03336 0.0333578
0.921875 1.03336 0.0333578
0.9375 1.03255 0.032545
0.9375 1.03255 0.032545
0.953125 1.03186 0.0318624
0.953125 1.03186 0.0318624
0.96875 1.03132 0.0313168
0.96875 1.03132 0.0313168
0.984375 1.03091 0.0309133
0.984375 1.03091 0.0309133
1 1.03066 0.0306557
