# x y topography
0 1.01757 0.0175697
0.015625 1.01804 0.0180422
0.015625 1.01804 0.0180422
0.03125 1.01887 0.018868
0.03125 1.01887 0.018868
0.046875 1.02003 0.0200293
0.046875 1.02003 0.0200293
0.0625 1.0215 0.0215007
0.0625 1.0215 0.0215007
0.078125 1.02325 0.0232506
0.078125 1.02325 0.0232506
0.09375 1.02524 0.0252429
0.09375 1.02524 0.0252429
0.109375 1.02744 0.0274384
0.109375 1.02744 0.0274384
0.125 1.0298 0.0297968
0.125 1.0298 0.0297968
0.140625 1.03228 0.0322781
0.140625 1.03228 0.0322781
0.15625 1.03484 0.0348438
0.15625 1.03484 0.0348438
0.171875 1.03746 0.0374579
0.171875 1.03746 0.0374579
0.1875 1.04009 0.0400877
0.1875 1.04009 0.0400877
0.203125 1.0427 0.042704
0.203125 1.0427 0.042704
0.21875 1.04528 0.0452812
0.21875 1.04528 0.0452812
0.234375 1.0478 0.0477976
0.234375 1.0478 0.0477976
0.25 1.05023 0.0502343
0.25 1.05023 0.0502343
0.265625 1.05258 0.0525758
0.265625 1.05258 0.0525758
0.28125 1.05481 0.054809
0.28125 1.05481 0.054809
0.296875 1.05692 0.0569228
0.296875 1.05692 0.0569228
0.3125 1.05891 0.0589083
0.3125 1.05891 0.0589083
0.328125 1.06076 0.0607577
0.328125 1.06076 0.0607577
0.34375 1.06246 0.0624646
0.34375 1.06246 0.0624646
0.359375 1.06402 0.0640234
0.359375 1.06402 0.0640234
0.375 1.06543 0.0654296
0.375 1.06543 0.0654296
0.390625 1.06668 0.0666791
0.390625 1.06668 0.0666791
0.40625 1.06777 0.0677686
0.40625 1.06777 0.0677686
0.421875 1.0687 0.0686952
0.421875 1.0687 0.0686952
0.4375 1.06946 0.0694565
0.4375 1.06946 0.0694565
0.453125 1.07005 0.0700506
0.453125 1.07005 0.0700506
0.46875 1.07048 0.070476
0.46875 1.07048 0.070476
0.484375 1.07073 0.0707317
0.484375 1.07073 0.0707317
0.5 1.07082 0.070817
0.5 1.07082 0.070817
0.515625 1.07073 0.0707317
0.515625 1.07073 0.0707317
0.53125 1.07048 0.070476
0.53125 1.07048 0.070476
0.546875 1.07005 0.0700506
0.546875 1.07005 0.0700506
0.5625 1.06946 0.0694565
0.5625 1.06946 0.0694565
0.578125 1.0687 0.0686952
0.578125 1.0687 0.0686952
0.59375 1.06777 0.0677686
0.59375 1.06777 0.0677686
0.609375 1.06668 0.0666791
0.609375 1.06668 0.0666791
0.625 1.06543 0.0654296
0.625 1.06543 0.0654296
0.640625 1.06402 0.0640234
0.640625 1.06402 0.0640234
0.65625 1.06246 0.0624646
0.65625 1.06246 0.0624646
0.671875 1.06076 0.0607577
0.671875 1.06076 0.0607577
0.6875 1.05891 0.0589083
0.6875 1.05891 0.0589083
0.703125 1.05692 0.0569228
0.703125 1.05692 0.0569228
0.71875 1.05481 0.054809
0.71875 1.05481 0.054809
0.734375 1.05258 0.0525758
0.734375 1.05258 0.0525758
0.75 1.05023 0.0502343
0.75 1.05023 0.0502343
0.765625 1.0478 0.0477976
0.765625 1.0478 0.0477976
0.78125 1.04528 0.0452812
0.78125 1.04528 0.0452812
0.796875 1.0427 0.042704
0.796875 1.0427 0.042704
0.8125 1.04009 0.0400877
0.8125 1.04009 0.0400877
0.828125 1.03746 0.0374579
0.828125 1.03746 0.0374579
0.84375 1.03484 0.0348438
0.84375 1.03484 0.0348438
0.859375 1.03228 0.0322781
0.859375 1.03228 0.0322781
0.875 1.0298 0.0297968
0.875 1.0298 0.0297968
0.890625 1.02744 0.0274384
0.890625 1.02744 0.0274384
0.90625 1.02524 0.0252429
0.90625 1.02524 0.0252429
0.921875 1.02325 0.0232506
0.921875 1.02325 0.0232506
0.9375 1.0215 0.0215007
0.9375 1.0215 0.0215007
0.953125 1.02003 0.0200293
0.953125 1.02003 0.0200293
0.96875 1.01887 0.018868
0.96875 1.01887 0.018868
0.984375 1.01804 0.0180422
0.984375 1.01804 0.0180422
1 1.01757 0.0175697
