# x y topography
0 1.017 0.0170013
0.015625 1.01749 0.0174883
0.015625 1.01749 0.0174883
0.03125 1.01834 0.0183424
0.03125 1.01834 0.0183424
0.046875 1.01954 0.019544
0.046875 1.01954 0.019544
0.0625 1.02107 0.0210656
0.0625 1.02107 0.0210656
0.078125 1.02287 0.0228729
0.078125 1.02287 0.0228729
0.09375 1.02493 0.0249269
0.09375 1.02493 0.0249269
0.109375 1.02719 0.0271859
0.109375 1.02719 0.0271859
0.125 1.02961 0.029607
0.125 1.02961 0.029607
0.140625 1.03215 0.0321483
0.140625 1.03215 0.0321483
0.15625 1.03477 0.0347696
0.15625 1.03477 0.0347696
0.171875 1.03743 0.0374341
0.171875 1.03743 0.0374341
0.1875 1.04011 0.0401084
0.1875 1.04011 0.0401084
0.203125 1.04276 0.0427634
0.203125 1.04276 0.0427634
0.21875 1.04537 0.0453737
0.21875 1.04537 0.0453737
0.234375 1.04792 0.0479178
0.234375 1.04792 0.0479178
0.25 1.05038 0.0503779
0.25 1.05038 0.0503779
0.265625 1.05274 0.0527387
0.265625 1.05274 0.0527387
0.28125 1.05499 0.0549879
0.28125 1.05499 0.0549879
0.296875 1.05712 0.0571152
0.296875 1.05712 0.0571152
0.3125 1.05911 0.0591118
0.3125 1.05911 0.0591118
0.328125 1.06097 0.0609707
0.328125 1.06097 0.0609707
0.34375 1.06269 0.0626855
0.34375 1.06269 0.0626855
0.359375 1.06425 0.0642512
0.359375 1.06425 0.0642512
0.375 1.06566 0.0656633
0.375 1.06566 0.0656633
0.390625 1.06692 0.0669178
0.390625 1.06692 0.0669178
0.40625 1.06801 0.0680115
0.40625 1.06801 0.0680115
0.421875 1.06894 0.0689416
0.421875 1.06894 0.0689416
0.4375 1.06971 0.0697057
0.4375 1.06971 0.0697057
0.453125 1.0703 0.070302
0.453125 1.0703 0.070302
0.46875 1.07073 0.070729
0.46875 1.07073 0.070729
0.484375 1.07099 0.0709856
0.484375 1.07099 0.0709856
0.5 1.07107 0.0710712
0.5 1.07107 0.0710712
0.515625 1.07099 0.0709856
0.515625 1.07099 0.0709856
0.53125 1.07073 0.070729
0.53125 1.07073 0.070729
0.546875 1.0703 0.070302
0.546875 1.0703 0.070302
0.5625 1.06971 0.0697057
0.5625 1.06971 0.0697057
0.578125 1.06894 0.0689416
0.578125 1.06894 0.0689416
0.59375 1.06801 0.0680115
0.59375 1.06801 0.0680115
0.609375 1.06692 0.0669178
0.609375 1.06692 0.0669178
0.625 1.06566 0.0656633
0.625 1.06566 0.0656633
0.640625 1.06425 0.0642512
0.640625 1.06425 0.0642512
0.65625 1.06269 0.0626855
0.65625 1.06269 0.0626855
0.671875 1.06097 0.0609707
0.671875 1.06097 0.0609707
0.6875 1.05911 0.0591118
0.6875 1.05911 0.0591118
0.703125 1.05712 0.0571152
0.703125 1.05712 0.0571152
0.71875 1.05499 0.0549879
0.71875 1.05499 0.0549879
0.734375 1.05274 0.0527387
0.734375 1.05274 0.0527387
0.75 1.05038 0.0503779
0.75 1.05038 0.0503779
0.765625 1.04792 0.0479178
0.765625 1.04792 0.0479178
0.78125 1.04537 0.0453737
0.78125 1.04537 0.0453737
0.796875 1.04276 0.0427634
0.796875 1.04276 0.0427634
0.8125 1.04011 0.0401084
0.8125 1.04011 0.0401084
0.828125 1.03743 0.0374341
0.828125 1.03743 0.0374341
0.84375 1.03477 0.0347696
0.84375 1.03477 0.0347696
0.859375 1.03215 0.0321483
0.859375 1.03215 0.0321483
0.875 1.02961 0.029607
0.875 1.02961 0.029607
0.890625 1.02719 0.0271859
0.890625 1.02719 0.0271859
0.90625 1.02493 0.0249269
0.90625 1.02493 0.0249269
0.921875 1.02287 0.0228729
0.921875 1.02287 0.0228729
0.9375 1.02107 0.0210656
0.9375 1.02107 0.0210656
0.953125 1.01954 0.019544
0.953125 1.01954 0.019544
0.96875 1.01834 0.0183424
0.96875 1.01834 0.0183424
0.984375 1.01749 0.0174883
0.984375 1.01749 0.0174883
1 1.017 0.0170013
