# x y topography
0 1.02012 0.020122
0.015625 1.02054 0.0205372
0.015625 1.02054 0.0205372
0.03125 1.02125 0.0212512
0.03125 1.02125 0.0212512
0.046875 1.02225 0.0222516
0.046875 1.02225 0.0222516
0.0625 1.02352 0.0235208
0.0625 1.02352 0.0235208
0.078125 1.02504 0.0250362
0.078125 1.02504 0.0250362
0.09375 1.02677 0.0267715
0.09375 1.02677 0.0267715
0.109375 1.0287 0.0286978
0.109375 1.0287 0.0286978
0.125 1.03078 0.0307841
0.125 1.03078 0.0307841
0.140625 1.033 0.0329986
0.140625 1.033 0.0329986
0.15625 1.03531 0.0353097
0.15625 1.03531 0.0353097
0.171875 1.03769 0.0376866
0.171875 1.03769 0.0376866
0.1875 1.0401 0.0400999
0.1875 1.0401 0.0400999
0.203125 1.04252 0.0425223
0.203125 1.04252 0.0425223
0.21875 1.04493 0.0449287
0.21875 1.04493 0.0449287
0.234375 1.0473 0.0472965
0.234375 1.0473 0.0472965
0.25 1.04961 0.0496055
0.25 1.04961 0.0496055
0.265625 1.05184 0.0518383
0.265625 1.05184 0.0518383
0.28125 1.05398 0.0539794
0.28125 1.05398 0.0539794
0.296875 1.05602 0.0560157
0.296875 1.05602 0.0560157
0.3125 1.05794 0.0579358
0.3125 1.05794 0.0579358
0.328125 1.05973 0.0597302
0.328125 1.05973 0.0597302
0.34375 1.06139 0.0613908
0.34375 1.06139 0.0613908
0.359375 1.06291 0.0629106
0.359375 1.06291 0.0629106
0.375 1.06428 0.0642839
0.375 1.06428 0.0642839
0.390625 1.06551 0.0655058
0.390625 1.06551 0.0655058
0.40625 1.06657 0.0665722
0.40625 1.06657 0.0665722
0.421875 1.06748 0.0674799
0.421875 1.06748 0.0674799
0.4375 1.06823 0.0682261
0.4375 1.06823 0.0682261
0.453125 1.06881 0.0688087
0.453125 1.06881 0.0688087
0.46875 1.06923 0.069226
0.46875 1.06923 0.069226
0.484375 1.06948 0.0694768
0.484375 1.06948 0.0694768
0.5 1.06956 0.0695604
0.5 1.06956 0.0695604
0.515625 1.06948 0.0694768
0.515625 1.06948 0.0694768
0.53125 1.06923 0.069226
0.53125 1.06923 0.069226
0.546875 1.06881 0.0688087
0.546875 1.06881 0.0688087
0.5625 1.06823 0.0682261
0.5625 1.06823 0.0682261
0.578125 1.06748 0.0674799
0.578125 1.06748 0.0674799
0.59375 1.06657 0.0665722
0.59375 1.06657 0.0665722
0.609375 1.06551 0.0655058
0.609375 1.06551 0.0655058
0.625 1.06428 0.0642839
0.625 1.06428 0.0642839
0.640625 1.06291 0.0629106
0.640625 1.06291 0.0629106
0.65625 1.06139 0.0613908
0.65625 1.06139 0.0613908
0.671875 1.05973 0.0597302
0.671875 1.05973 0.0597302
0.6875 1.05794 0.0579358
0.6875 1.05794 0.0579358
0.703125 1.05602 0.0560157
0.703125 1.05602 0.0560157
0.71875 1.05398 0.0539794
0.71875 1.05398 0.0539794
0.734375 1.05184 0.0518383
0.734375 1.05184 0.0518383
0.75 1.04961 0.0496055
0.75 1.04961 0.0496055
0.765625 1.0473 0.0472965
0.765625 1.0473 0.0472965
0.78125 1.04493 0.0449287
0.78125 1.04493 0.0449287
0.796875 1.04252 0.0425223
0.796875 1.04252 0.0425223
0.8125 1.0401 0.0400999
0.8125 1.0401 0.0400999
0.828125 1.03769 0.0376866
0.828125 1.03769 0.0376866
0.84375 1.03531 0.0353097
0.84375 1.03531 0.0353097
0.859375 1.033 0.0329986
0.859375 1.033 0.0329986
0.875 1.03078 0.0307841
0.875 1.03078 0.0307841
0.890625 1.0287 0.0286978
0.890625 1.0287 0.0286978
0.90625 1.02677 0.0267715
0.90625 1.02677 0.0267715
0.921875 1.02504 0.0250362
0.921875 1.02504 0.0250362
0.9375 1.02352 0.0235208
0.9375 1.02352 0.0235208
0.953125 1.02225 0.0222516
0.953125 1.02225 0.0222516
0.96875 1.02125 0.0212512
0.96875 1.02125 0.0212512
0.984375 1.02054 0.0205372
0.984375 1.02054 0.0205372
1 1.02012 0.020122
