# x y topography
0 1.01399 0.0139941
0.015625 1.01457 0.0145732
0.015625 1.01457 0.0145732
0.03125 1.0156 0.0156046
0.03125 1.0156 0.0156046
0.046875 1.01706 0.0170559
0.046875 1.01706 0.0170559
0.0625 1.01888 0.0188823
0.0625 1.01888 0.0188823
0.078125 1.02103 0.02103
0.078125 1.02103 0.02103
0.09375 1.02344 0.0234405
0.09375 1.02344 0.0234405
0.109375 1.02605 0.026054
0.109375 1.02605 0.026054
0.125 1.02881 0.028813
0.125 1.02881 0.028813
0.140625 1.03166 0.0316645
0.140625 1.03166 0.0316645
0.15625 1.03456 0.0345621
0.15625 1.03456 0.0345621
0.171875 1.03747 0.0374658
0.171875 1.03747 0.0374658
0.1875 1.04034 0.0403428
0.1875 1.04034 0.0403428
0.203125 1.04317 0.0431663
0.203125 1.04317 0.0431663
0.21875 1.04592 0.0459151
0.21875 1.04592 0.0459151
0.234375 1.04857 0.0485721
0.234375 1.04857 0.0485721
0.25 1.05112 0.0511242
0.25 1.05112 0.0511242
0.265625 1.05356 0.0535603
0.265625 1.05356 0.0535603
0.28125 1.05587 0.0558718
0.28125 1.05587 0.0558718
0.296875 1.05805 0.0580511
0.296875 1.05805 0.0580511
0.3125 1.06009 0.0600921
0.3125 1.06009 0.0600921
0.328125 1.06199 0.061989
0.328125 1.06199 0.061989
0.34375 1.06374 0.063737
0.34375 1.06374 0.063737
0.359375 1.06533 0.0653316
0.359375 1.06533 0.0653316
0.375 1.06677 0.066769
0.375 1.06677 0.066769
0.390625 1.06805 0.0680456
0.390625 1.06805 0.0680456
0.40625 1.06916 0.0691583
0.40625 1.06916 0.0691583
0.421875 1.0701 0.0701043
0.421875 1.0701 0.0701043
0.4375 1.07088 0.0708815
0.4375 1.07088 0.0708815
0.453125 1.07149 0.071488
0.453125 1.07149 0.071488
0.46875 1.07192 0.0719222
0.46875 1.07192 0.0719222
0.484375 1.07218 0.0721831
0.484375 1.07218 0.0721831
0.5 1.07227 0.0722702
0.5 1.07227 0.0722702
0.515625 1.07218 0.0721831
0.515625 1.07218 0.0721831
0.53125 1.07192 0.0719222
0.53125 1.07192 0.0719222
0.546875 1.07149 0.071488
0.546875 1.07149 0.071488
0.5625 1.07088 0.0708815
0.5625 1.07088 0.0708815
0.578125 1.0701 0.0701043
0.578125 1.0701 0.0701043
0.59375 1.06916 0.0691583
0.59375 1.06916 0.0691583
0.609375 1.06805 0.0680456
0.609375 1.06805 0.0680456
0.625 1.06677 0.066769
0.625 1.06677 0.066769
0.640625 1.06533 0.0653316
0.640625 1.06533 0.0653316
0.65625 1.06374 0.063737
0.65625 1.06374 0.063737
0.671875 1.06199 0.061989
0.671875 1.06199 0.061989
0.6875 1.06009 0.0600921
0.6875 1.06009 0.0600921
0.703125 1.05805 0.0580511
0.703125 1.05805 0.0580511
0.71875 1.05587 0.0558718
0.71875 1.05587 0.0558718
0.734375 1.05356 0.0535603
0.734375 1.05356 0.0535603
0.75 1.05112 0.0511242
0.75 1.05112 0.0511242
0.765625 1.04857 0.0485721
0.765625 1.04857 0.0485721
0.78125 1.04592 0.0459151
0.78125 1.04592 0.0459151
0.796875 1.04317 0.0431663
0.796875 1.04317 0.0431663
0.8125 1.04034 0.0403428
0.8125 1.04034 0.0403428
0.828125 1.03747 0.0374658
0.828125 1.03747 0.0374658
0.84375 1.03456 0.0345621
0.84375 1.03456 0.0345621
0.859375 1.03166 0.0316645
0.859375 1.03166 0.0316645
0.875 1.02881 0.028813
0.875 1.02881 0.028813
0.890625 1.02605 0.026054
0.890625 1.02605 0.026054
0.90625 1.02344 0.0234405
0.90625 1.02344 0.0234405
0.921875 1.02103 0.02103
0.921875 1.02103 0.02103
0.9375 1.01888 0.0188823
0.9375 1.01888 0.0188823
0.953125 1.01706 0.0170559
0.953125 1.01706 0.0170559
0.96875 1.0156 0.0156046
0.96875 1.0156 0.0156046
0.984375 1.01457 0.0145732
0.984375 1.01457 0.0145732
1 1.01399 0.0139941
