# x y topography
0 1.03073 0.0307311
0.015625 1.03099 0.0309879
0.015625 1.03099 0.0309879
0.03125 1.03139 0.0313897
0.03125 1.03139 0.0313897
0.046875 1.03193 0.0319328
0.046875 1.03193 0.0319328
0.0625 1.03261 0.0326121
0.0625 1.03261 0.0326121
0.078125 1.03342 0.0334208
0.078125 1.03342 0.0334208
0.09375 1.03435 0.0343509
0.09375 1.03435 0.0343509
0.109375 1.03539 0.0353929
0.109375 1.03539 0.0353929
0.125 1.03654 0.0365363
0.125 1.03654 0.0365363
0.140625 1.03777 0.0377695
0.140625 1.03777 0.0377695
0.15625 1.03908 0.0390802
0.15625 1.03908 0.0390802
0.171875 1.04046 0.0404553
0.171875 1.04046 0.0404553
0.1875 1.04188 0.0418814
0.1875 1.04188 0.0418814
0.203125 1.04334 0.0433448
0.203125 1.04334 0.0433448
0.21875 1.04483 0.0448314
0.21875 1.04483 0.0448314
0.234375 1.04633 0.0463275
0.234375 1.04633 0.0463275
0.25 1.04782 0.0478193
0.25 1.04782 0.0478193
0.265625 1.04929 0.0492934
0.265625 1.04929 0.0492934
0.28125 1.05074 0.0507369
0.28125 1.05074 0.0507369
0.296875 1.05214 0.0521373
0.296875 1.05214 0.0521373
0.3125 1.05348 0.0534828
0.3125 1.05348 0.0534828
0.328125 1.05476 0.0547624
0.328125 1.05476 0.0547624
0.34375 1.05597 0.0559658
0.34375 1.05597 0.0559658
0.359375 1.05708 0.0570834
0.359375 1.05708 0.0570834
0.375 1.05811 0.0581066
0.375 1.05811 0.0581066
0.390625 1.05903 0.0590277
0.390625 1.05903 0.0590277
0.40625 1.05984 0.0598399
0.40625 1.05984 0.0598399
0.421875 1.06054 0.0605371
0.421875 1.06054 0.0605371
0.4375 1.06111 0.0611144
0.4375 1.06111 0.0611144
0.453125 1.06157 0.0615676
0.453125 1.06157 0.0615676
0.46875 1.06189 0.0618936
0.46875 1.06189 0.0618936
0.484375 1.06209 0.0620902
0.484375 1.06209 0.0620902
0.5 1.06216 0.0621558
0.5 1.06216 0.0621558
0.515625 1.06209 0.0620902
0.515625 1.06209 0.0620902
0.53125 1.06189 0.0618936
0.53125 1.06189 0.0618936
0.546875 1.06157 0.0615676
0.546875 1.06157 0.0615676
0.5625 1.06111 0.0611144
0.5625 1.06111 0.0611144
0.578125 1.06054 0.0605371
0.578125 1.06054 0.0605371
0.59375 1.05984 0.0598399
0.59375 1.05984 0.0598399
0.609375 1.05903 0.0590277
0.609375 1.05903 0.0590277
0.625 1.05811 0.0581066
0.625 1.05811 0.0581066
0.640625 1.05708 0.0570834
0.640625 1.05708 0.0570834
0.65625 1.05597 0.0559658
0.65625 1.05597 0.0559658
0.671875 1.05476 0.0547624
0.671875 1.05476 0.0547624
0.6875 1.05348 0.0534828
0.6875 1.05348 0.0534828
0.703125 1.05214 0.0521373
0.703125 1.05214 0.0521373
0.71875 1.05074 0.0507369
0.71875 1.05074 0.0507369
0.734375 1.04929 0.0492934
0.734375 1.04929 0.0492934
0.75 1.04782 0.0478193
0.75 1.04782 0.0478193
0.765625 1.04633 0.0463275
0.765625 1.04633 0.0463275
0.78125 1.04483 0.0448314
0.78125 1.04483 0.0448314
0.796875 1.04334 0.0433448
0.796875 1.04334 0.0433448
0.8125 1.04188 0.0418814
0.8125 1.04188 0.0418814
0.828125 1.04046 0.0404553
0.828125 1.04046 0.0404553
0.84375 1.03908 0.0390802
0.84375 1.03908 0.0390802
0.859375 1.03777 0.0377695
0.859375 1.03777 0.0377695
0.875 1.03654 0.0365363
0.875 1.03654 0.0365363
0.890625 1.03539 0.0353929
0.890625 1.03539 0.0353929
0.90625 1.03435 0.0343509
0.90625 1.03435 0.0343509
0.921875 1.03342 0.0334208
0.921875 1.03342 0.0334208
0.9375 1.03261 0.0326121
0.9375 1.03261 0.0326121
0.953125 1.03193 0.0319328
0.953125 1.03193 0.0319328
0.96875 1.03139 0.0313897
0.96875 1.03139 0.0313897
0.984375 1.03099 0.0309879
0.984375 1.03099 0.0309879
1 1.03073 0.0307311
