# x y topography
0 1 0
0.015625 1.03281 0.0328107
0.015625 1.03281 0.0328107
0.03125 1.03668 0.0366845
0.03125 1.03668 0.0366845
0.046875 1.04062 0.0406215
0.046875 1.04062 0.0406215
0.0625 1.04457 0.0445681
0.0625 1.04457 0.0445681
0.078125 1.04846 0.0484592
0.078125 1.04846 0.0484592
0.09375 1.05223 0.0522288
0.09375 1.05223 0.0522288
0.109375 1.05581 0.0558116
0.109375 1.05581 0.0558116
0.125 1.05914 0.0591442
0.125 1.05914 0.0591442
0.140625 1.06217 0.0621656
0.140625 1.06217 0.0621656
0.15625 1.06482 0.0648184
0.15625 1.06482 0.0648184
0.171875 1.06705 0.0670492
0.171875 1.06705 0.0670492
0.1875 1.06881 0.0688097
0.1875 1.06881 0.0688097
0.203125 1.07006 0.0700574
0.203125 1.07006 0.0700574
0.21875 1.07076 0.0707559
0.21875 1.07076 0.0707559
0.234375 1.07088 0.0708754
0.234375 1.07088 0.0708754
0.25 1.07039 0.0703936
0.25 1.07039 0.0703936
0.265625 1.0693 0.0692954
0.265625 1.0693 0.0692954
0.28125 1.06757 0.0675736
0.28125 1.06757 0.0675736
0.296875 1.06523 0.0652284
0.296875 1.06523 0.0652284
0.3125 1.06227 0.062268
0.3125 1.06227 0.062268
0.328125 1.05871 0.058708
0.328125 1.05871 0.058708
0.34375 1.05457 0.0545715
0.34375 1.05457 0.0545715
0.359375 1.04989 0.0498884
0.359375 1.04989 0.0498884
0.375 1.0447 0.0446955
0.375 1.0447 0.0446955
0.390625 1.03904 0.0390357
0.390625 1.03904 0.0390357
0.40625 1.03296 0.0329574
0.40625 1.03296 0.0329574
0.421875 1.02651 0.0265145
0.421875 1.02651 0.0265145
0.4375 1.01976 0.019765
0.4375 1.01976 0.019765
0.453125 1.01277 0.0127708
0.453125 1.01277 0.0127708
0.46875 1.0056 0.00559712
0.46875 1.0056 0.00559712
0.484375 0.998311 -0.0016885
0.484375 0.998311 -0.0016885
0.5 0.990983 -0.00901673
0.5 0.990983 -0.00901673
0.515625 0.991034 -0.00896585
0.515625 0.991034 -0.00896585
0.53125 0.991113 -0.00888718
0.53125 0.991113 -0.00888718
0.546875 0.99122 -0.00878034
0.546875 0.99122 -0.00878034
0.5625 0.991355 -0.00864458
0.5625 0.991355 -0.00864458
0.578125 0.991521 -0.0084787
0.578125 0.991521 -0.0084787
0.59375 0.991719 -0.00828105
0.59375 0.991719 -0.00828105
0.609375 0.991951 -0.00804944
0.609375 0.991951 -0.00804944
0.625 0.992219 -0.00778112
0.625 0.992219 -0.00778112
0.640625 0.992527 -0.00747267
0.640625 0.992527 -0.00747267
0.65625 0.99288 -0.00711995
0.65625 0.99288 -0.00711995
0.671875 0.993282 -0.00671804
0.671875 0.993282 -0.00671804
0.6875 0.993739 -0.00626117
0.6875 0.993739 -0.00626117
0.703125 0.994257 -0.0057427
0.703125 0.994257 -0.0057427
0.71875 0.994845 -0.00515502
0.71875 0.994845 -0.00515502
0.734375 0.99551 -0.00448962
0.734375 0.99551 -0.00448962
0.75 0.996263 -0.00373707
0.75 0.996263 -0.00373707
0.765625 0.997113 -0.0028871
0.765625 0.997113 -0.0028871
0.78125 0.998071 -0.00192866
0.78125 0.998071 -0.00192866
0.796875 0.99915 -0.000850075
0.796875 0.99915 -0.000850075
0.8125 1.00036 0.000360782
0.8125 1.00036 0.000360782
0.828125 1.00172 0.00171627
0.828125 1.00172 0.00171627
0.84375 1.00323 0.00322873
0.84375 1.00323 0.00322873
0.859375 1.00491 0.0049102
0.859375 1.00491 0.0049102
0.875 1.00677 0.00677207
0.875 1.00677 0.00677207
0.890625 1.00882 0.00882476
0.890625 1.00882 0.00882476
0.90625 1.01108 0.0110774
0.90625 1.01108 0.0110774
0.921875 1.01354 0.0135374
0.921875 1.01354 0.0135374
0.9375 1.01621 0.0162104
0.9375 1.01621 0.0162104
0.953125 1.0191 0.0190994
0.953125 1.0191 0.0190994
0.96875 1.02221 0.0222054
0.96875 1.02221 0.0222054
0.984375 1.02553 0.0255296
0.984375 1.02553 0.0255296
1 1 0
