# x y topography
0 1 0
0.015625 1.03991 0.0399062
0.015625 1.03991 0.0399062
0.03125 1.04371 0.0437071
0.03125 1.04371 0.0437071
0.046875 1.04749 0.0474891
0.046875 1.04749 0.0474891
0.0625 1.0512 0.0511965
0.0625 1.0512 0.0511965
0.078125 1.05477 0.0547681
0.078125 1.05477 0.0547681
0.09375 1.05814 0.0581437
0.09375 1.05814 0.0581437
0.109375 1.06127 0.0612654
0.109375 1.06127 0.0612654
0.125 1.06408 0.0640776
0.125 1.06408 0.0640776
0.140625 1.06653 0.0665283
0.140625 1.06653 0.0665283
0.15625 1.06857 0.0685695
0.15625 1.06857 0.0685695
0.171875 1.07016 0.0701575
0.171875 1.07016 0.0701575
0.1875 1.07125 0.0712535
0.1875 1.07125 0.0712535
0.203125 1.07182 0.0718245
0.203125 1.07182 0.0718245
0.21875 1.07184 0.071843
0.21875 1.07184 0.071843
0.234375 1.07129 0.0712877
0.234375 1.07129 0.0712877
0.25 1.07014 0.0701439
0.25 1.07014 0.0701439
0.265625 1.0684 0.0684034
0.265625 1.0684 0.0684034
0.28125 1.06606 0.0660647
0.28125 1.06606 0.0660647
0.296875 1.06313 0.0631334
0.296875 1.06313 0.0631334
0.3125 1.05962 0.0596216
0.3125 1.05962 0.0596216
0.328125 1.05555 0.0555483
0.328125 1.05555 0.0555483
0.34375 1.05094 0.0509391
0.34375 1.05094 0.0509391
0.359375 1.04583 0.0458257
0.359375 1.04583 0.0458257
0.375 1.04025 0.0402462
0.375 1.04025 0.0402462
0.390625 1.03424 0.0342442
0.390625 1.03424 0.0342442
0.40625 1.02787 0.0278685
0.40625 1.02787 0.0278685
0.421875 1.02117 0.0211728
0.421875 1.02117 0.0211728
0.4375 1.01422 0.0142151
0.4375 1.01422 0.0142151
0.453125 1.00706 0.00705704
0.453125 1.00706 0.00705704
0.46875 0.999763 -0.000236509
0.46875 0.999763 -0.000236509
0.484375 0.992402 -0.00759826
0.484375 0.992402 -0.00759826
0.5 0.985041 -0.0149591
0.5 0.985041 -0.0149591
0.515625 0.985103 -0.0148973
0.515625 0.985103 -0.0148973
0.53125 0.985236 -0.0147643
0.53125 0.985236 -0.0147643
0.546875 0.985441 -0.0145595
0.546875 0.985441 -0.0145595
0.5625 0.985718 -0.0142819
0.5625 0.985718 -0.0142819
0.578125 0.98607 -0.01393
0.578125 0.98607 -0.01393
0.59375 0.986498 -0.0135019
0.59375 0.986498 -0.0135019
0.609375 0.987005 -0.0129951
0.609375 0.987005 -0.0129951
0.625 0.987593 -0.0124069
0.625 0.987593 -0.0124069
0.640625 0.988266 -0.011734
0.640625 0.988266 -0.011734
0.65625 0.989027 -0.0109727
0.65625 0.989027 -0.0109727
0.671875 0.989881 -0.0101191
0.671875 0.989881 -0.0101191
0.6875 0.990831 -0.00916899
0.6875 0.990831 -0.00916899
0.703125 0.991882 -0.00811778
0.703125 0.991882 -0.00811778
0.71875 0.993039 -0.00696084
0.71875 0.993039 -0.00696084
0.734375 0.994307 -0.00569337
0.734375 0.994307 -0.00569337
0.75 0.995689 -0.00431054
0.75 0.995689 -0.00431054
0.765625 0.997192 -0.00280758
0.765625 0.997192 -0.00280758
0.78125 0.99882 -0.00117982
0.78125 0.99882 -0.00117982
0.796875 1.00058 0.000577149
0.796875 1.00058 0.000577149
0.8125 1.00247 0.00246742
0.8125 1.00247 0.00246742
0.828125 1.00449 0.00449464
0.828125 1.00449 0.00449464
0.84375 1.00666 0.00666195
0.84375 1.00666 0.00666195
0.859375 1.00897 0.00897182
0.859375 1.00897 0.00897182
0.875 1.01143 0.011426
0.875 1.01143 0.011426
0.890625 1.01403 0.0140253
0.890625 1.01403 0.0140253
0.90625 1.01677 0.0167698
0.90625 1.01677 0.0167698
0.921875 1.01966 0.0196583
0.921875 1.01966 0.0196583
0.9375 1.02269 0.0226887
0.9375 1.02269 0.0226887
0.953125 1.02586 0.0258577
0.953125 1.02586 0.0258577
0.96875 1.02916 0.0291609
0.96875 1.02916 0.0291609
0.984375 1.03259 0.0325942
0.984375 1.03259 0.0325942
1 1 0
