# x y topography
0 1 0
0.015625 1.03009 0.0300888
0.015625 1.03009 0.0300888
0.03125 1.034 0.0339976
0.03125 1.034 0.0339976
0.046875 1.03801 0.0380088
0.046875 1.03801 0.0380088
0.0625 1.04207 0.0420693
0.0625 1.04207 0.0420693
0.078125 1.04611 0.0461108
0.078125 1.04611 0.0461108
0.09375 1.05006 0.0500633
0.09375 1.05006 0.0500633
0.109375 1.05386 0.0538568
0.109375 1.05386 0.0538568
0.125 1.05742 0.0574225
0.125 1.05742 0.0574225
0.140625 1.06069 0.0606938
0.140625 1.06069 0.0606938
0.15625 1.06361 0.0636076
0.15625 1.06361 0.0636076
0.171875 1.06611 0.0661052
0.171875 1.06611 0.0661052
0.1875 1.06813 0.0681331
0.1875 1.06813 0.0681331
0.203125 1.06964 0.0696441
0.203125 1.06964 0.0696441
0.21875 1.0706 0.0705977
0.21875 1.0706 0.0705977
0.234375 1.07096 0.070961
0.234375 1.07096 0.070961
0.25 1.07071 0.0707089
0.25 1.07071 0.0707089
0.265625 1.06982 0.0698245
0.265625 1.06982 0.0698245
0.28125 1.0683 0.0682992
0.28125 1.0683 0.0682992
0.296875 1.06613 0.0661327
0.296875 1.06613 0.0661327
0.3125 1.06333 0.063333
0.3125 1.06333 0.063333
0.328125 1.05992 0.0599161
0.328125 1.05992 0.0599161
0.34375 1.05591 0.0559055
0.34375 1.05591 0.0559055
0.359375 1.05133 0.0513321
0.359375 1.05133 0.0513321
0.375 1.04623 0.0462338
0.375 1.04623 0.0462338
0.390625 1.04065 0.0406544
0.390625 1.04065 0.0406544
0.40625 1.03464 0.0346436
0.40625 1.03464 0.0346436
0.421875 1.02826 0.028256
0.421875 1.02826 0.028256
0.4375 1.02155 0.0215508
0.4375 1.02155 0.0215508
0.453125 1.01459 0.0145907
0.453125 1.01459 0.0145907
0.46875 1.00744 0.0074414
0.46875 1.00744 0.0074414
0.484375 1.00017 0.000171071
0.484375 1.00017 0.000171071
0.5 0.992849 -0.00715066
0.5 0.992849 -0.00715066
0.515625 0.992898 -0.00710195
0.515625 0.992898 -0.00710195
0.53125 0.992966 -0.00703415
0.53125 0.992966 -0.00703415
0.546875 0.993053 -0.00694713
0.546875 0.993053 -0.00694713
0.5625 0.993159 -0.00684052
0.5625 0.993159 -0.00684052
0.578125 0.993286 -0.00671372
0.578125 0.993286 -0.00671372
0.59375 0.993434 -0.00656581
0.59375 0.993434 -0.00656581
0.609375 0.993605 -0.00639548
0.609375 0.993605 -0.00639548
0.625 0.993799 -0.00620095
0.625 0.993799 -0.00620095
0.640625 0.99402 -0.00597987
0.640625 0.99402 -0.00597987
0.65625 0.994271 -0.00572918
0.65625 0.994271 -0.00572918
0.671875 0.994555 -0.00544503
0.671875 0.994555 -0.00544503
0.6875 0.994877 -0.00512257
0.6875 0.994877 -0.00512257
0.703125 0.995244 -0.00475591
0.703125 0.995244 -0.00475591
0.71875 0.995662 -0.00433793
0.71875 0.995662 -0.00433793
0.734375 0.99614 -0.00386021
0.734375 0.99614 -0.00386021
0.75 0.996687 -0.00331294
0.75 0.996687 -0.00331294
0.765625 0.997315 -0.0026849
0.765625 0.997315 -0.0026849
0.78125 0.998037 -0.00196348
0.78125 0.998037 -0.00196348
0.796875 0.998865 -0.00113473
0.796875 0.998865 -0.00113473
0.8125 0.999816 -0.000183564
0.8125 0.999816 -0.000183564
0.828125 1.00091 0.000906078
0.828125 1.00091 0.000906078
0.84375 1.00215 0.00215087
0.84375 1.00215 0.00215087
0.859375 1.00357 0.00356773
0.859375 1.00357 0.00356773
0.875 1.00517 0.0051734
0.875 1.00517 0.0051734
0.890625 1.00698 0.0069839
0.890625 1.00698 0.0069839
0.90625 1.00901 0.00901398
0.90625 1.00901 0.00901398
0.921875 1.01128 0.0112766
0.921875 1.01128 0.0112766
0.9375 1.01378 0.0137823
0.9375 1.01378 0.0137823
0.953125 1.01654 0.0165388
0.953125 1.01654 0.0165388
0.96875 1.01955 0.0195507
0.96875 1.01955 0.0195507
0.984375 1.02282 0.0228225
0.984375 1.02282 0.0228225
1 1 0
