# x y topography
0 1 0
0.015625 1.01417 0.0141657
0.015625 1.01417 0.0141657
0.03125 1.01861 0.0186118
0.03125 1.01861 0.0186118
0.046875 1.0237 0.0237019
0.046875 1.0237 0.0237019
0.0625 1.02928 0.0292821
0.0625 1.02928 0.0292821
0.078125 1.03512 0.0351152
0.078125 1.03512 0.0351152
0.09375 1.04097 0.0409668
0.09375 1.04097 0.0409668
0.109375 1.04664 0.0466364
0.109375 1.04664 0.0466364
0.125 1.05197 0.0519689
0.125 1.05197 0.0519689
0.140625 1.05685 0.0568517
0.140625 1.05685 0.0568517
0.15625 1.0612 0.0612046
0.15625 1.0612 0.0612046
0.171875 1.06497 0.06497
0.171875 1.06497 0.06497
0.1875 1.0681 0.0681048
0.1875 1.0681 0.0681048
0.203125 1.07058 0.0705763
0.203125 1.07058 0.0705763
0.21875 1.07236 0.0723598
0.21875 1.07236 0.0723598
0.234375 1.07344 0.0734378
0.234375 1.07344 0.0734378
0.25 1.0738 0.0738
0.25 1.0738 0.0738
0.265625 1.07344 0.0734428
0.265625 1.07344 0.0734428
0.28125 1.07237 0.0723696
0.28125 1.07237 0.0723696
0.296875 1.07059 0.0705909
0.296875 1.07059 0.0705909
0.3125 1.06812 0.0681238
0.3125 1.06812 0.0681238
0.328125 1.06499 0.0649923
0.328125 1.06499 0.0649923
0.34375 1.06123 0.0612265
0.34375 1.06123 0.0612265
0.359375 1.05686 0.0568629
0.359375 1.05686 0.0568629
0.375 1.05194 0.0519436
0.375 1.05194 0.0519436
0.390625 1.04652 0.0465162
0.390625 1.04652 0.0465162
0.40625 1.04063 0.0406332
0.40625 1.04063 0.0406332
0.421875 1.03435 0.0343514
0.421875 1.03435 0.0343514
0.4375 1.02773 0.0277315
0.4375 1.02773 0.0277315
0.453125 1.02084 0.0208375
0.453125 1.02084 0.0208375
0.46875 1.01374 0.0137361
0.46875 1.01374 0.0137361
0.484375 1.0065 0.00649597
0.484375 1.0065 0.00649597
0.5 0.999187 -0.00081291
0.5 0.999187 -0.00081291
0.515625 0.999231 -0.000768548
0.515625 0.999231 -0.000768548
0.53125 0.999278 -0.000722334
0.53125 0.999278 -0.000722334
0.546875 0.999326 -0.000674379
0.546875 0.999326 -0.000674379
0.5625 0.999375 -0.000624801
0.5625 0.999375 -0.000624801
0.578125 0.999426 -0.000573717
0.578125 0.999426 -0.000573717
0.59375 0.999479 -0.000521251
0.59375 0.999479 -0.000521251
0.609375 0.999532 -0.000467529
0.609375 0.999532 -0.000467529
0.625 0.999587 -0.000412681
0.625 0.999587 -0.000412681
0.640625 0.999643 -0.000356838
0.640625 0.999643 -0.000356838
0.65625 0.9997 -0.000300136
0.65625 0.9997 -0.000300136
0.671875 0.999757 -0.000242711
0.671875 0.999757 -0.000242711
0.6875 0.999815 -0.000184702
0.6875 0.999815 -0.000184702
0.703125 0.999874 -0.000126247
0.703125 0.999874 -0.000126247
0.71875 0.999933 -6.74881e-05
0.71875 0.999933 -6.74881e-05
0.734375 0.999991 -8.56665e-06
0.734375 0.999991 -8.56665e-06
0.75 1.00005 5.03757e-05
0.75 1.00005 5.03757e-05
0.765625 1.00011 0.000109198
0.765625 1.00011 0.000109198
0.78125 1.00017 0.000167766
0.78125 1.00017 0.000167766
0.796875 1.00023 0.00022597
0.796875 1.00023 0.00022597
0.8125 1.00028 0.000283797
0.8125 1.00028 0.000283797
0.828125 1.00034 0.000341563
0.828125 1.00034 0.000341563
0.84375 1.0004 0.000400578
0.84375 1.0004 0.000400578
0.859375 1.00046 0.000464796
0.859375 1.00046 0.000464796
0.875 1.00054 0.000544345
0.875 1.00054 0.000544345
0.890625 1.00066 0.000661927
0.890625 1.00066 0.000661927
0.90625 1.00086 0.000862416
0.90625 1.00086 0.000862416
0.921875 1.00122 0.00122392
0.921875 1.00122 0.00122392
0.9375 1.00187 0.0018656
0.9375 1.00187 0.0018656
0.953125 1.00295 0.00294513
0.953125 1.00295 0.00294513
0.96875 1.00464 0.00464074
0.96875 1.00464 0.00464074
0.984375 1.00713 0.00712871
0.984375 1.00713 0.00712871
1 1 0
