# x y topography
0 1 0
0.015625 1.03739 0.0373859
0.015625 1.03739 0.0373859
0.03125 1.04121 0.0412105
0.03125 1.04121 0.0412105
0.046875 1.04504 0.0450429
0.046875 1.04504 0.0450429
0.0625 1.04883 0.0488283
0.0625 1.04883 0.0488283
0.078125 1.0525 0.0525046
0.078125 1.0525 0.0525046
0.09375 1.05601 0.0560099
0.09375 1.05601 0.0560099
0.109375 1.05928 0.0592842
0.109375 1.05928 0.0592842
0.125 1.06227 0.06227
0.125 1.06227 0.06227
0.140625 1.06491 0.0649127
0.140625 1.06491 0.0649127
0.15625 1.06716 0.0671615
0.15625 1.06716 0.0671615
0.171875 1.06897 0.06897
0.171875 1.06897 0.06897
0.1875 1.0703 0.0702966
0.1875 1.0703 0.0702966
0.203125 1.07111 0.0711051
0.203125 1.07111 0.0711051
0.21875 1.07137 0.0713653
0.21875 1.07137 0.0713653
0.234375 1.07105 0.0710531
0.234375 1.07105 0.0710531
0.25 1.07015 0.0701511
0.25 1.07015 0.0701511
0.265625 1.06865 0.0686485
0.265625 1.06865 0.0686485
0.28125 1.06654 0.0665416
0.28125 1.06654 0.0665416
0.296875 1.06383 0.0638337
0.296875 1.06383 0.0638337
0.3125 1.06054 0.0605352
0.3125 1.06054 0.0605352
0.328125 1.05666 0.0566634
0.328125 1.05666 0.0566634
0.34375 1.05224 0.0522422
0.34375 1.05224 0.0522422
0.359375 1.0473 0.0473024
0.359375 1.0473 0.0473024
0.375 1.04188 0.0418809
0.375 1.04188 0.0418809
0.390625 1.03602 0.0360204
0.390625 1.03602 0.0360204
0.40625 1.02977 0.0297691
0.40625 1.02977 0.0297691
0.421875 1.02318 0.0231801
0.421875 1.02318 0.0231801
0.4375 1.01631 0.0163111
0.4375 1.01631 0.0163111
0.453125 1.00922 0.00922331
0.453125 1.00922 0.00922331
0.46875 1.00198 0.00198147
0.46875 1.00198 0.00198147
0.484375 0.994653 -0.00534731
0.484375 0.994653 -0.00534731
0.5 0.987306 -0.012694
0.5 0.987306 -0.012694
0.515625 0.987363 -0.012637
0.515625 0.987363 -0.012637
0.53125 0.987473 -0.0125275
0.53125 0.987473 -0.0125275
0.546875 0.987635 -0.012365
0.546875 0.987635 -0.012365
0.5625 0.987852 -0.0121485
0.5625 0.987852 -0.0121485
0.578125 0.988124 -0.0118761
0.578125 0.988124 -0.0118761
0.59375 0.988454 -0.0115457
0.59375 0.988454 -0.0115457
0.609375 0.988845 -0.0111546
0.609375 0.988845 -0.0111546
0.625 0.989301 -0.0106994
0.625 0.989301 -0.0106994
0.640625 0.989824 -0.0101763
0.640625 0.989824 -0.0101763
0.65625 0.990419 -0.00958094
0.65625 0.990419 -0.00958094
0.671875 0.991092 -0.00890834
0.671875 0.991092 -0.00890834
0.6875 0.991847 -0.00815313
0.6875 0.991847 -0.00815313
0.703125 0.992691 -0.00730949
0.703125 0.992691 -0.00730949
0.71875 0.993629 -0.00637117
0.71875 0.993629 -0.00637117
0.734375 0.994668 -0.00533158
0.734375 0.994668 -0.00533158
0.75 0.995816 -0.00418389
0.75 0.995816 -0.00418389
0.765625 0.997079 -0.00292108
0.765625 0.997079 -0.00292108
0.78125 0.998464 -0.00153607
0.78125 0.998464 -0.00153607
0.796875 0.999978 -2.18464e-05
0.796875 0.999978 -2.18464e-05
0.8125 1.00163 0.00162844
0.8125 1.00163 0.00162844
0.828125 1.00342 0.00342129
0.828125 1.00342 0.00342129
0.84375 1.00536 0.00536274
0.84375 1.00536 0.00536274
0.859375 1.00746 0.00745818
0.859375 1.00746 0.00745818
0.875 1.00971 0.0097122
0.875 1.00971 0.0097122
0.890625 1.01213 0.0121285
0.890625 1.01213 0.0121285
0.90625 1.01471 0.0147095
0.90625 1.01471 0.0147095
0.921875 1.01746 0.0174566
0.921875 1.01746 0.0174566
0.9375 1.02037 0.0203696
0.9375 1.02037 0.0203696
0.953125 1.02345 0.0234471
0.953125 1.02345 0.0234471
0.96875 1.02669 0.0266861
0.96875 1.02669 0.0266861
0.984375 1.03008 0.0300839
0.984375 1.03008 0.0300839
1 1 0
