# x y topography
0 1 0
0.015625 1.01585 0.0158509
0.015625 1.01585 0.0158509
0.03125 1.02017 0.02017
0.03125 1.02017 0.02017
0.046875 1.02502 0.0250186
0.046875 1.02502 0.0250186
0.0625 1.03029 0.0302888
0.0625 1.03029 0.0302888
0.078125 1.0358 0.0358036
0.078125 1.0358 0.0358036
0.09375 1.04138 0.0413753
0.09375 1.04138 0.0413753
0.109375 1.04683 0.0468274
0.109375 1.04683 0.0468274
0.125 1.05201 0.0520072
0.125 1.05201 0.0520072
0.140625 1.05679 0.0567908
0.140625 1.05679 0.0567908
0.15625 1.06108 0.0610822
0.15625 1.06108 0.0610822
0.171875 1.06481 0.0648093
0.171875 1.06481 0.0648093
0.1875 1.06792 0.0679187
0.1875 1.06792 0.0679187
0.203125 1.07037 0.0703715
0.203125 1.07037 0.0703715
0.21875 1.07214 0.0721395
0.21875 1.07214 0.0721395
0.234375 1.0732 0.0732037
0.234375 1.0732 0.0732037
0.25 1.07355 0.0735529
0.25 1.07355 0.0735529
0.265625 1.07318 0.0731835
0.265625 1.07318 0.0731835
0.28125 1.0721 0.0720989
0.28125 1.0721 0.0720989
0.296875 1.07031 0.0703093
0.296875 1.07031 0.0703093
0.3125 1.06783 0.0678321
0.3125 1.06783 0.0678321
0.328125 1.06469 0.0646911
0.328125 1.06469 0.0646911
0.34375 1.06092 0.0609166
0.34375 1.06092 0.0609166
0.359375 1.05655 0.056545
0.359375 1.05655 0.056545
0.375 1.05162 0.0516185
0.375 1.05162 0.0516185
0.390625 1.04618 0.0461847
0.390625 1.04618 0.0461847
0.40625 1.0403 0.040296
0.40625 1.0403 0.040296
0.421875 1.03401 0.0340094
0.421875 1.03401 0.0340094
0.4375 1.02739 0.0273855
0.4375 1.02739 0.0273855
0.453125 1.02049 0.0204883
0.453125 1.02049 0.0204883
0.46875 1.01338 0.0133846
0.46875 1.01338 0.0133846
0.484375 1.00614 0.00614301
0.484375 1.00614 0.00614301
0.5 0.998834 -0.00116649
0.5 0.998834 -0.00116649
0.515625 0.998878 -0.00112191
0.515625 0.998878 -0.00112191
0.53125 0.998925 -0.00107462
0.53125 0.998925 -0.00107462
0.546875 0.998975 -0.00102474
0.546875 0.998975 -0.00102474
0.5625 0.999028 -0.000972389
0.5625 0.999028 -0.000972389
0.578125 0.999082 -0.000917698
0.578125 0.999082 -0.000917698
0.59375 0.999139 -0.000860796
0.59375 0.999139 -0.000860796
0.609375 0.999198 -0.000801821
0.609375 0.999198 -0.000801821
0.625 0.999259 -0.000740914
0.625 0.999259 -0.000740914
0.640625 0.999322 -0.000678222
0.640625 0.999322 -0.000678222
0.65625 0.999386 -0.000613897
0.65625 0.999386 -0.000613897
0.671875 0.999452 -0.000548092
0.671875 0.999452 -0.000548092
0.6875 0.999519 -0.000480967
0.6875 0.999519 -0.000480967
0.703125 0.999587 -0.000412682
0.703125 0.999587 -0.000412682
0.71875 0.999657 -0.000343402
0.71875 0.999657 -0.000343402
0.734375 0.999727 -0.000273289
0.734375 0.999727 -0.000273289
0.75 0.999798 -0.000202493
0.75 0.999798 -0.000202493
0.765625 0.999869 -0.00013113
0.765625 0.999869 -0.00013113
0.78125 0.999941 -5.92022e-05
0.78125 0.999941 -5.92022e-05
0.796875 1.00001 1.35863e-05
0.796875 1.00001 1.35863e-05
0.8125 1.00009 8.82651e-05
0.8125 1.00009 8.82651e-05
0.828125 1.00017 0.000167501
0.828125 1.00017 0.000167501
0.84375 1.00026 0.000257301
0.84375 1.00026 0.000257301
0.859375 1.00037 0.000369872
0.859375 1.00037 0.000369872
0.875 1.00053 0.00052784
0.875 1.00053 0.00052784
0.890625 1.00077 0.000769558
0.890625 1.00077 0.000769558
0.90625 1.00115 0.00115442
0.90625 1.00115 0.00115442
0.921875 1.00177 0.00176614
0.921875 1.00177 0.00176614
0.9375 1.00271 0.00271148
0.9375 1.00271 0.00271148
0.953125 1.00411 0.00411216
0.953125 1.00411 0.00411216
0.96875 1.00609 0.00609041
0.96875 1.00609 0.00609041
0.984375 1.00876 0.00875906
0.984375 1.00876 0.00875906
1 1 0
