# x y topography
0 1 0
0.015625 1.03788 0.037882
0.015625 1.03788 0.037882
0.03125 1.0417 0.0417017
0.03125 1.0417 0.0417017
0.046875 1.04552 0.0455239
0.046875 1.04552 0.0455239
0.0625 1.04929 0.0492935
0.0625 1.04929 0.0492935
0.078125 1.05295 0.0529485
0.078125 1.05295 0.0529485
0.09375 1.05643 0.0564276
0.09375 1.05643 0.0564276
0.109375 1.05967 0.0596711
0.109375 1.05967 0.0596711
0.125 1.06262 0.0626219
0.125 1.06262 0.0626219
0.140625 1.06523 0.0652261
0.140625 1.06523 0.0652261
0.15625 1.06743 0.0674333
0.15625 1.06743 0.0674333
0.171875 1.0692 0.0691978
0.171875 1.0692 0.0691978
0.1875 1.07048 0.0704786
0.1875 1.07048 0.0704786
0.203125 1.07124 0.0712401
0.203125 1.07124 0.0712401
0.21875 1.07145 0.0714527
0.21875 1.07145 0.0714527
0.234375 1.07109 0.0710928
0.234375 1.07109 0.0710928
0.25 1.07014 0.0701436
0.25 1.07014 0.0701436
0.265625 1.06859 0.0685948
0.265625 1.06859 0.0685948
0.28125 1.06644 0.0664432
0.28125 1.06644 0.0664432
0.296875 1.06369 0.0636924
0.296875 1.06369 0.0636924
0.3125 1.06035 0.0603532
0.3125 1.06035 0.0603532
0.328125 1.05644 0.0564431
0.328125 1.05644 0.0564431
0.34375 1.05199 0.0519864
0.34375 1.05199 0.0519864
0.359375 1.04701 0.047014
0.359375 1.04701 0.047014
0.375 1.04156 0.0415629
0.375 1.04156 0.0415629
0.390625 1.03568 0.035676
0.390625 1.03568 0.035676
0.40625 1.0294 0.0294017
0.40625 1.0294 0.0294017
0.421875 1.02279 0.022793
0.421875 1.02279 0.022793
0.4375 1.01591 0.0159077
0.4375 1.01591 0.0159077
0.453125 1.00881 0.00880703
0.453125 1.00881 0.00880703
0.46875 1.00156 0.00155573
0.46875 1.00156 0.00155573
0.484375 0.994221 -0.00577908
0.484375 0.994221 -0.00577908
0.5 0.986872 -0.0131283
0.5 0.986872 -0.0131283
0.515625 0.98693 -0.0130704
0.515625 0.98693 -0.0130704
0.53125 0.987043 -0.0129567
0.53125 0.987043 -0.0129567
0.546875 0.987214 -0.0127865
0.546875 0.987214 -0.0127865
0.5625 0.987441 -0.0125587
0.5625 0.987441 -0.0125587
0.578125 0.987728 -0.0122717
0.578125 0.987728 -0.0122717
0.59375 0.988077 -0.0119234
0.59375 0.988077 -0.0119234
0.609375 0.988489 -0.0115109
0.609375 0.988489 -0.0115109
0.625 0.988969 -0.011031
0.625 0.988969 -0.011031
0.640625 0.98952 -0.01048
0.640625 0.98952 -0.01048
0.65625 0.990147 -0.00985346
0.65625 0.990147 -0.00985346
0.671875 0.990853 -0.00914674
0.671875 0.990853 -0.00914674
0.6875 0.991645 -0.00835461
0.6875 0.991645 -0.00835461
0.703125 0.992529 -0.00747143
0.703125 0.992529 -0.00747143
0.71875 0.993509 -0.00649124
0.71875 0.993509 -0.00649124
0.734375 0.994592 -0.00540777
0.734375 0.994592 -0.00540777
0.75 0.995785 -0.00421455
0.75 0.995785 -0.00421455
0.765625 0.997095 -0.00290501
0.765625 0.997095 -0.00290501
0.78125 0.998527 -0.00147252
0.78125 0.998527 -0.00147252
0.796875 1.00009 8.94198e-05
0.796875 1.00009 8.94198e-05
0.8125 1.00179 0.00178709
0.8125 1.00179 0.00178709
0.828125 1.00363 0.00362642
0.828125 1.00363 0.00362642
0.84375 1.00561 0.00561284
0.84375 1.00561 0.00561284
0.859375 1.00775 0.00775113
0.859375 1.00775 0.00775113
0.875 1.01005 0.0100453
0.875 1.01005 0.0100453
0.890625 1.0125 0.0124984
0.890625 1.0125 0.0124984
0.90625 1.01511 0.0151123
0.90625 1.01511 0.0151123
0.921875 1.01789 0.017888
0.921875 1.01789 0.017888
0.9375 1.02082 0.0208249
0.9375 1.02082 0.0208249
0.953125 1.02392 0.0239209
0.953125 1.02392 0.0239209
0.96875 1.02717 0.0271729
0.96875 1.02717 0.0271729
0.984375 1.03058 0.030578
0.984375 1.03058 0.030578
1 1 0
