# x y topography
0 1 0
0.015625 1.01505 0.0150488
0.015625 1.01505 0.0150488
0.03125 1.01942 0.0194231
0.03125 1.01942 0.0194231
0.046875 1.02438 0.024378
0.046875 1.02438 0.024378
0.0625 1.02979 0.0297875
0.0625 1.02979 0.0297875
0.078125 1.03545 0.0354493
0.078125 1.03545 0.0354493
0.09375 1.04115 0.0411548
0.09375 1.04115 0.0411548
0.109375 1.04672 0.0467151
0.109375 1.04672 0.0467151
0.125 1.05197 0.0519742
0.125 1.05197 0.0519742
0.140625 1.05681 0.0568116
0.140625 1.05681 0.0568116
0.15625 1.06114 0.0611375
0.15625 1.06114 0.0611375
0.171875 1.06489 0.0648864
0.171875 1.06489 0.0648864
0.1875 1.06801 0.0680101
0.1875 1.06801 0.0680101
0.203125 1.07047 0.0704731
0.203125 1.07047 0.0704731
0.21875 1.07225 0.0722492
0.21875 1.07225 0.0722492
0.234375 1.07332 0.0733205
0.234375 1.07332 0.0733205
0.25 1.07368 0.0736763
0.25 1.07368 0.0736763
0.265625 1.07331 0.073313
0.265625 1.07331 0.073313
0.28125 1.07223 0.0722341
0.28125 1.07223 0.0722341
0.296875 1.07045 0.0704499
0.296875 1.07045 0.0704499
0.3125 1.06798 0.0679778
0.3125 1.06798 0.0679778
0.328125 1.06484 0.0648415
0.328125 1.06484 0.0648415
0.34375 1.06107 0.0610714
0.34375 1.06107 0.0610714
0.359375 1.0567 0.0567038
0.359375 1.0567 0.0567038
0.375 1.05178 0.0517809
0.375 1.05178 0.0517809
0.390625 1.04635 0.0463503
0.390625 1.04635 0.0463503
0.40625 1.04046 0.0404644
0.40625 1.04046 0.0404644
0.421875 1.03418 0.0341802
0.421875 1.03418 0.0341802
0.4375 1.02756 0.0275583
0.4375 1.02756 0.0275583
0.453125 1.02066 0.0206627
0.453125 1.02066 0.0206627
0.46875 1.01356 0.0135602
0.46875 1.01356 0.0135602
0.484375 1.00632 0.00631927
0.484375 1.00632 0.00631927
0.5 0.99901 -0.00098992
0.5 0.99901 -0.00098992
0.515625 0.999055 -0.000945443
0.515625 0.999055 -0.000945443
0.53125 0.999101 -0.00089869
0.53125 0.999101 -0.00089869
0.546875 0.99915 -0.000849771
0.546875 0.99915 -0.000849771
0.5625 0.999201 -0.000798805
0.5625 0.999201 -0.000798805
0.578125 0.999254 -0.000745914
0.578125 0.999254 -0.000745914
0.59375 0.999309 -0.000691227
0.59375 0.999309 -0.000691227
0.609375 0.999365 -0.000634875
0.609375 0.999365 -0.000634875
0.625 0.999423 -0.000576992
0.625 0.999423 -0.000576992
0.640625 0.999482 -0.00051772
0.640625 0.999482 -0.00051772
0.65625 0.999543 -0.000457201
0.65625 0.999543 -0.000457201
0.671875 0.999604 -0.00039558
0.671875 0.999604 -0.00039558
0.6875 0.999667 -0.000333007
0.6875 0.999667 -0.000333007
0.703125 0.99973 -0.000269631
0.703125 0.99973 -0.000269631
0.71875 0.999794 -0.000205605
0.71875 0.999794 -0.000205605
0.734375 0.999859 -0.000141083
0.734375 0.999859 -0.000141083
0.75 0.999924 -7.62173e-05
0.75 0.999924 -7.62173e-05
0.765625 0.999989 -1.11517e-05
0.765625 0.999989 -1.11517e-05
0.78125 1.00005 5.40042e-05
0.78125 1.00005 5.40042e-05
0.796875 1.00012 0.000119253
0.796875 1.00012 0.000119253
0.8125 1.00018 0.000184928
0.8125 1.00018 0.000184928
0.828125 1.00025 0.000252246
0.828125 1.00025 0.000252246
0.84375 1.00032 0.000324539
0.84375 1.00032 0.000324539
0.859375 1.00041 0.000409691
0.859375 1.00041 0.000409691
0.875 1.00052 0.000524354
0.875 1.00052 0.000524354
0.890625 1.0007 0.000700171
0.890625 1.0007 0.000700171
0.90625 1.00099 0.000991315
0.90625 1.00099 0.000991315
0.921875 1.00148 0.00148109
0.921875 1.00148 0.00148109
0.9375 1.00228 0.00228389
0.9375 1.00228 0.00228389
0.953125 1.00354 0.00353845
0.953125 1.00354 0.00353845
0.96875 1.00539 0.00539112
0.96875 1.00539 0.00539112
0.984375 1.00798 0.00798074
0.984375 1.00798 0.00798074
1 1 0
