# x y topography
0 1 0
0.015625 1.03129 0.0312871
0.015625 1.03129 0.0312871
0.03125 1.03518 0.0351799
0.03125 1.03518 0.0351799
0.046875 1.03916 0.039157
0.046875 1.03916 0.039157
0.0625 1.04317 0.0431653
0.0625 1.04317 0.0431653
0.078125 1.04714 0.047138
0.078125 1.04714 0.047138
0.09375 1.05101 0.0510071
0.09375 1.05101 0.0510071
0.109375 1.0547 0.0547048
0.109375 1.0547 0.0547048
0.125 1.05816 0.058165
0.125 1.05816 0.058165
0.140625 1.06132 0.0613237
0.140625 1.06132 0.0613237
0.15625 1.06412 0.0641205
0.15625 1.06412 0.0641205
0.171875 1.0665 0.0664992
0.171875 1.0665 0.0664992
0.1875 1.06841 0.0684088
0.1875 1.06841 0.0684088
0.203125 1.0698 0.069804
0.203125 1.0698 0.069804
0.21875 1.07065 0.0706463
0.21875 1.07065 0.0706463
0.234375 1.0709 0.0709041
0.234375 1.0709 0.0709041
0.25 1.07055 0.0705535
0.25 1.07055 0.0705535
0.265625 1.06958 0.0695782
0.265625 1.06958 0.0695782
0.28125 1.06797 0.06797
0.28125 1.06797 0.06797
0.296875 1.06573 0.0657289
0.296875 1.06573 0.0657289
0.3125 1.06286 0.0628628
0.3125 1.06286 0.0628628
0.328125 1.05939 0.0593872
0.328125 1.05939 0.0593872
0.34375 1.05533 0.0553254
0.34375 1.05533 0.0553254
0.359375 1.05071 0.0507079
0.359375 1.05071 0.0507079
0.375 1.04557 0.0455718
0.375 1.04557 0.0455718
0.390625 1.03996 0.0399605
0.390625 1.03996 0.0399605
0.40625 1.03392 0.0339232
0.40625 1.03392 0.0339232
0.421875 1.02751 0.027514
0.421875 1.02751 0.027514
0.4375 1.02079 0.0207915
0.4375 1.02079 0.0207915
0.453125 1.01382 0.0138182
0.453125 1.01382 0.0138182
0.46875 1.00666 0.00665949
0.46875 1.00666 0.00665949
0.484375 0.999383 -0.000616733
0.484375 0.999383 -0.000616733
0.5 0.992059 -0.00794096
0.5 0.992059 -0.00794096
0.515625 0.992109 -0.00789142
0.515625 0.992109 -0.00789142
0.53125 0.992181 -0.00781944
0.53125 0.992181 -0.00781944
0.546875 0.992275 -0.00772477
0.546875 0.992275 -0.00772477
0.5625 0.992393 -0.00760689
0.5625 0.992393 -0.00760689
0.578125 0.992535 -0.00746492
0.578125 0.992535 -0.00746492
0.59375 0.992702 -0.00729761
0.59375 0.992702 -0.00729761
0.609375 0.992897 -0.00710324
0.609375 0.992897 -0.00710324
0.625 0.99312 -0.00687958
0.625 0.99312 -0.00687958
0.640625 0.993376 -0.00662374
0.640625 0.993376 -0.00662374
0.65625 0.993668 -0.00633214
0.65625 0.993668 -0.00633214
0.671875 0.994 -0.00600037
0.671875 0.994 -0.00600037
0.6875 0.994377 -0.00562307
0.6875 0.994377 -0.00562307
0.703125 0.994806 -0.00519389
0.703125 0.994806 -0.00519389
0.71875 0.995295 -0.00470537
0.71875 0.995295 -0.00470537
0.734375 0.995851 -0.00414891
0.734375 0.995851 -0.00414891
0.75 0.996485 -0.00351473
0.75 0.996485 -0.00351473
0.765625 0.997208 -0.00279188
0.765625 0.997208 -0.00279188
0.78125 0.998032 -0.00196832
0.78125 0.998032 -0.00196832
0.796875 0.998969 -0.00103102
0.796875 0.998969 -0.00103102
0.8125 1.00003 3.3865e-05
0.8125 1.00003 3.3865e-05
0.828125 1.00124 0.00124078
0.828125 1.00124 0.00124078
0.84375 1.0026 0.00260445
0.84375 1.0026 0.00260445
0.859375 1.00414 0.00413956
0.859375 1.00414 0.00413956
0.875 1.00586 0.00586038
0.875 1.00586 0.00586038
0.890625 1.00778 0.00778027
0.890625 1.00778 0.00778027
0.90625 1.00991 0.00991132
0.90625 1.00991 0.00991132
0.921875 1.01226 0.0122638
0.921875 1.01226 0.0122638
0.9375 1.01485 0.0148459
0.9375 1.01485 0.0148459
0.953125 1.01766 0.0176631
0.953125 1.01766 0.0176631
0.96875 1.02072 0.0207182
0.96875 1.02072 0.0207182
0.984375 1.02401 0.024014
0.984375 1.02401 0.024014
1 1 0
