# x y topography
0 1 0
0.015625 1.035 0.0349964
0.015625 1.035 0.0349964
0.03125 1.03885 0.0388454
0.03125 1.03885 0.0388454
0.046875 1.04273 0.0427299
0.046875 1.04273 0.0427299
0.0625 1.0466 0.0465957
0.0625 1.0466 0.0465957
0.078125 1.05038 0.0503793
0.078125 1.05038 0.0503793
0.09375 1.05402 0.054017
0.09375 1.05402 0.054017
0.109375 1.05745 0.0574464
0.109375 1.05745 0.0574464
0.125 1.06061 0.0606073
0.125 1.06061 0.0606073
0.140625 1.06344 0.0634421
0.140625 1.06344 0.0634421
0.15625 1.0659 0.0658969
0.15625 1.0659 0.0658969
0.171875 1.06792 0.067922
0.171875 1.06792 0.067922
0.1875 1.06947 0.0694726
0.1875 1.06947 0.0694726
0.203125 1.07051 0.0705093
0.203125 1.07051 0.0705093
0.21875 1.071 0.0709989
0.21875 1.071 0.0709989
0.234375 1.07091 0.0709144
0.234375 1.07091 0.0709144
0.25 1.07024 0.0702358
0.25 1.07024 0.0702358
0.265625 1.06895 0.06895
0.265625 1.06895 0.06895
0.28125 1.06705 0.0670512
0.28125 1.06705 0.0670512
0.296875 1.06454 0.0645411
0.296875 1.06454 0.0645411
0.3125 1.06143 0.0614284
0.3125 1.06143 0.0614284
0.328125 1.05773 0.0577295
0.328125 1.05773 0.0577295
0.34375 1.05347 0.0534675
0.34375 1.05347 0.0534675
0.359375 1.04867 0.0486724
0.359375 1.04867 0.0486724
0.375 1.04338 0.0433807
0.375 1.04338 0.0433807
0.390625 1.03763 0.037635
0.390625 1.03763 0.037635
0.40625 1.03148 0.0314834
0.40625 1.03148 0.0314834
0.421875 1.02498 0.024979
0.421875 1.02498 0.024979
0.4375 1.01818 0.0181796
0.4375 1.01818 0.0181796
0.453125 1.01115 0.0111466
0.453125 1.01115 0.0111466
0.46875 1.00394 0.0039448
0.46875 1.00394 0.0039448
0.484375 0.996641 -0.00335858
0.484375 0.996641 -0.00335858
0.5 0.989306 -0.0106944
0.5 0.989306 -0.0106944
0.515625 0.989359 -0.010641
0.515625 0.989359 -0.010641
0.53125 0.98945 -0.0105497
0.53125 0.98945 -0.0105497
0.546875 0.98958 -0.0104199
0.546875 0.98958 -0.0104199
0.5625 0.989749 -0.0102507
0.5625 0.989749 -0.0102507
0.578125 0.989959 -0.0100405
0.578125 0.989959 -0.0100405
0.59375 0.990213 -0.00978725
0.59375 0.990213 -0.00978725
0.609375 0.990512 -0.0094883
0.609375 0.990512 -0.0094883
0.625 0.99086 -0.0091404
0.625 0.99086 -0.0091404
0.640625 0.99126 -0.00873967
0.640625 0.99126 -0.00873967
0.65625 0.991718 -0.00828159
0.65625 0.991718 -0.00828159
0.671875 0.992239 -0.00776094
0.671875 0.992239 -0.00776094
0.6875 0.992828 -0.00717185
0.6875 0.992828 -0.00717185
0.703125 0.993492 -0.00650773
0.703125 0.993492 -0.00650773
0.71875 0.994239 -0.00576137
0.71875 0.994239 -0.00576137
0.734375 0.995075 -0.00492489
0.734375 0.995075 -0.00492489
0.75 0.99601 -0.00398988
0.75 0.99601 -0.00398988
0.765625 0.997053 -0.00294744
0.765625 0.997053 -0.00294744
0.78125 0.998212 -0.00178831
0.78125 0.998212 -0.00178831
0.796875 0.999497 -0.000502971
0.796875 0.999497 -0.000502971
0.8125 1.00092 0.000918139
0.8125 1.00092 0.000918139
0.828125 1.00248 0.00248449
0.828125 1.00248 0.00248449
0.84375 1.00421 0.00420523
0.84375 1.00421 0.00420523
0.859375 1.00609 0.00608897
0.859375 1.00609 0.00608897
0.875 1.00814 0.00814357
0.875 1.00814 0.00814357
0.890625 1.01038 0.0103759
0.890625 1.01038 0.0103759
0.90625 1.01279 0.0127914
0.90625 1.01279 0.0127914
0.921875 1.01539 0.0153945
0.921875 1.01539 0.0153945
0.9375 1.01819 0.0181874
0.9375 1.01819 0.0181874
0.953125 1.02117 0.0211709
0.953125 1.02117 0.0211709
0.96875 1.02434 0.0243436
0.96875 1.02434 0.0243436
0.984375 1.0277 0.0277048
0.984375 1.0277 0.0277048
1 1 0
