# x y topography
0 1 0
0.015625 1.02069 0.0206868
0.015625 1.02069 0.0206868
0.03125 1.02479 0.0247897
0.03125 1.02479 0.0247897
0.046875 1.02921 0.0292057
0.046875 1.02921 0.0292057
0.0625 1.03387 0.0338718
0.0625 1.03387 0.0338718
0.078125 1.03869 0.0386866
0.078125 1.03869 0.0386866
0.09375 1.04354 0.0435392
0.09375 1.04354 0.0435392
0.109375 1.04832 0.0483153
0.109375 1.04832 0.0483153
0.125 1.0529 0.0529033
0.125 1.0529 0.0529033
0.140625 1.0572 0.0571978
0.140625 1.0572 0.0571978
0.15625 1.0611 0.0611031
0.15625 1.0611 0.0611031
0.171875 1.06454 0.0645358
0.171875 1.06454 0.0645358
0.1875 1.06743 0.0674255
0.1875 1.06743 0.0674255
0.203125 1.06972 0.0697152
0.203125 1.06972 0.0697152
0.21875 1.07136 0.0713612
0.21875 1.07136 0.0713612
0.234375 1.07233 0.0723317
0.234375 1.07233 0.0723317
0.25 1.07261 0.0726065
0.25 1.07261 0.0726065
0.265625 1.07218 0.0721754
0.265625 1.07218 0.0721754
0.28125 1.07104 0.0710377
0.28125 1.07104 0.0710377
0.296875 1.0692 0.0692012
0.296875 1.0692 0.0692012
0.3125 1.06668 0.0666818
0.3125 1.06668 0.0666818
0.328125 1.0635 0.0635023
0.328125 1.0635 0.0635023
0.34375 1.05969 0.0596928
0.34375 1.05969 0.0596928
0.359375 1.05529 0.0552894
0.359375 1.05529 0.0552894
0.375 1.05033 0.0503343
0.375 1.05033 0.0503343
0.390625 1.04487 0.044875
0.390625 1.04487 0.044875
0.40625 1.03896 0.038964
0.40625 1.03896 0.038964
0.421875 1.03266 0.0326582
0.421875 1.03266 0.0326582
0.4375 1.02602 0.0260185
0.4375 1.02602 0.0260185
0.453125 1.01911 0.0191088
0.453125 1.01911 0.0191088
0.46875 1.012 0.0119959
0.46875 1.012 0.0119959
0.484375 1.00475 0.00474843
0.484375 1.00475 0.00474843
0.5 0.997436 -0.00256358
0.5 0.997436 -0.00256358
0.515625 0.997482 -0.00251813
0.515625 0.997482 -0.00251813
0.53125 0.997533 -0.00246662
0.53125 0.997533 -0.00246662
0.546875 0.997591 -0.00240916
0.546875 0.997591 -0.00240916
0.5625 0.997654 -0.0023459
0.5625 0.997654 -0.0023459
0.578125 0.997723 -0.00227698
0.578125 0.997723 -0.00227698
0.59375 0.997797 -0.00220258
0.59375 0.997797 -0.00220258
0.609375 0.997877 -0.00212286
0.609375 0.997877 -0.00212286
0.625 0.997962 -0.00203801
0.625 0.997962 -0.00203801
0.640625 0.998052 -0.00194821
0.640625 0.998052 -0.00194821
0.65625 0.998146 -0.00185362
0.65625 0.998146 -0.00185362
0.671875 0.998246 -0.00175439
0.671875 0.998246 -0.00175439
0.6875 0.998349 -0.00165054
0.6875 0.998349 -0.00165054
0.703125 0.998458 -0.00154195
0.703125 0.998458 -0.00154195
0.71875 0.998572 -0.0014282
0.71875 0.998572 -0.0014282
0.734375 0.998692 -0.00130833
0.734375 0.998692 -0.00130833
0.75 0.998819 -0.00118055
0.75 0.998819 -0.00118055
0.765625 0.998958 -0.00104169
0.765625 0.998958 -0.00104169
0.78125 0.999113 -0.000886609
0.78125 0.999113 -0.000886609
0.796875 0.999293 -0.000707297
0.796875 0.999293 -0.000707297
0.8125 0.999508 -0.000491845
0.8125 0.999508 -0.000491845
0.828125 0.999777 -0.000223316
0.828125 0.999777 -0.000223316
0.84375 1.00012 0.000121368
0.84375 1.00012 0.000121368
0.859375 1.00057 0.000572313
0.859375 1.00057 0.000572313
0.875 1.00117 0.00116708
0.875 1.00117 0.00116708
0.890625 1.00195 0.00195037
0.890625 1.00195 0.00195037
0.90625 1.00297 0.00297283
0.90625 1.00297 0.00297283
0.921875 1.00429 0.00428867
0.921875 1.00429 0.00428867
0.9375 1.00595 0.00595243
0.9375 1.00595 0.00595243
0.953125 1.00801 0.00801489
0.953125 1.00801 0.00801489
0.96875 1.01052 0.0105191
0.96875 1.01052 0.0105191
0.984375 1.0135 0.0135027
0.984375 1.0135 0.0135027
1 1 0
