# x y topography
0 1 0
0.015625 1.02808 0.0280798
0.015625 1.02808 0.0280798
0.03125 1.03202 0.0320185
0.03125 1.03202 0.0320185
0.046875 1.03609 0.0360929
0.046875 1.03609 0.0360929
0.0625 1.04025 0.0402496
0.0625 1.04025 0.0402496
0.078125 1.04442 0.0444173
0.078125 1.04442 0.0444173
0.09375 1.04852 0.0485218
0.09375 1.04852 0.0485218
0.109375 1.05249 0.0524881
0.109375 1.05249 0.0524881
0.125 1.05624 0.0562421
0.125 1.05624 0.0562421
0.140625 1.05971 0.059712
0.140625 1.05971 0.059712
0.15625 1.06283 0.0628292
0.15625 1.06283 0.0628292
0.171875 1.06553 0.0655303
0.171875 1.06553 0.0655303
0.1875 1.06776 0.0677575
0.1875 1.06776 0.0677575
0.203125 1.06946 0.0694598
0.203125 1.06946 0.0694598
0.21875 1.07059 0.070594
0.21875 1.07059 0.070594
0.234375 1.07113 0.0711251
0.234375 1.07113 0.0711251
0.25 1.07103 0.0710265
0.25 1.07103 0.0710265
0.265625 1.07028 0.0702809
0.265625 1.07028 0.0702809
0.28125 1.06888 0.0688793
0.28125 1.06888 0.0688793
0.296875 1.06682 0.066822
0.296875 1.06682 0.066822
0.3125 1.06412 0.0641176
0.3125 1.06412 0.0641176
0.328125 1.06078 0.0607831
0.328125 1.06078 0.0607831
0.34375 1.05684 0.0568431
0.34375 1.05684 0.0568431
0.359375 1.05233 0.0523297
0.359375 1.05233 0.0523297
0.375 1.04728 0.0472819
0.375 1.04728 0.0472819
0.390625 1.04174 0.0417446
0.390625 1.04174 0.0417446
0.40625 1.03577 0.0357684
0.40625 1.03577 0.0357684
0.421875 1.02941 0.0294089
0.421875 1.02941 0.0294089
0.4375 1.02273 0.0227258
0.4375 1.02273 0.0227258
0.453125 1.01578 0.0157826
0.453125 1.01578 0.0157826
0.46875 1.00865 0.00864534
0.46875 1.00865 0.00864534
0.484375 1.00138 0.00138252
0.484375 1.00138 0.00138252
0.5 0.994064 -0.00593603
0.5 0.994064 -0.00593603
0.515625 0.994112 -0.00588838
0.515625 0.994112 -0.00588838
0.53125 0.994174 -0.00582592
0.53125 0.994174 -0.00582592
0.546875 0.994251 -0.00574863
0.546875 0.994251 -0.00574863
0.5625 0.994344 -0.00565644
0.5625 0.994344 -0.00565644
0.578125 0.994451 -0.00554911
0.578125 0.994451 -0.00554911
0.59375 0.994574 -0.00542623
0.59375 0.994574 -0.00542623
0.609375 0.994713 -0.00528715
0.609375 0.994713 -0.00528715
0.625 0.994869 -0.00513088
0.625 0.994869 -0.00513088
0.640625 0.995044 -0.00495596
0.640625 0.995044 -0.00495596
0.65625 0.99524 -0.00476038
0.65625 0.99524 -0.00476038
0.671875 0.995459 -0.00454138
0.671875 0.995459 -0.00454138
0.6875 0.995705 -0.0042953
0.6875 0.995705 -0.0042953
0.703125 0.995983 -0.00401737
0.703125 0.995983 -0.00401737
0.71875 0.996298 -0.00370152
0.71875 0.996298 -0.00370152
0.734375 0.99666 -0.00334019
0.734375 0.99666 -0.00334019
0.75 0.997076 -0.00292414
0.75 0.997076 -0.00292414
0.765625 0.997558 -0.0024423
0.765625 0.997558 -0.0024423
0.78125 0.998118 -0.00188169
0.78125 0.998118 -0.00188169
0.796875 0.998773 -0.00122735
0.796875 0.998773 -0.00122735
0.8125 0.999538 -0.000462478
0.8125 0.999538 -0.000462478
0.828125 1.00043 0.000431455
0.828125 1.00043 0.000431455
0.84375 1.00147 0.00147438
0.84375 1.00147 0.00147438
0.859375 1.00269 0.0026872
0.859375 1.00269 0.0026872
0.875 1.00409 0.00409125
0.875 1.00409 0.00409125
0.890625 1.00571 0.00570764
0.890625 1.00571 0.00570764
0.90625 1.00756 0.00755649
0.90625 1.00756 0.00755649
0.921875 1.00966 0.0096561
0.921875 1.00966 0.0096561
0.9375 1.01202 0.0120222
0.9375 1.01202 0.0120222
0.953125 1.01467 0.014667
0.953125 1.01467 0.014667
0.96875 1.0176 0.0175991
0.96875 1.0176 0.0175991
0.984375 1.02083 0.0208261
0.984375 1.02083 0.0208261
1 1 0
