# x y topography
0 1 0
0.015625 1.03979 0.0397903
0.015625 1.03979 0.0397903
0.03125 1.04359 0.0435922
0.03125 1.04359 0.0435922
0.046875 1.04738 0.0473765
0.046875 1.04738 0.0473765
0.0625 1.05109 0.0510874
0.0625 1.05109 0.0510874
0.078125 1.05466 0.0546636
0.078125 1.05466 0.0546636
0.09375 1.05805 0.058045
0.09375 1.05805 0.058045
0.109375 1.06117 0.0611735
0.109375 1.06117 0.0611735
0.125 1.06399 0.0639935
0.125 1.06399 0.0639935
0.140625 1.06645 0.0664529
0.140625 1.06645 0.0664529
0.15625 1.0685 0.0685034
0.15625 1.0685 0.0685034
0.171875 1.0701 0.0701014
0.171875 1.0701 0.0701014
0.1875 1.07121 0.0712079
0.1875 1.07121 0.0712079
0.203125 1.07179 0.0717898
0.203125 1.07179 0.0717898
0.21875 1.07182 0.0718193
0.21875 1.07182 0.0718193
0.234375 1.07128 0.0712753
0.234375 1.07128 0.0712753
0.25 1.07014 0.0701427
0.25 1.07014 0.0701427
0.265625 1.06841 0.0684133
0.265625 1.06841 0.0684133
0.28125 1.06609 0.0660855
0.28125 1.06609 0.0660855
0.296875 1.06316 0.0631647
0.296875 1.06316 0.0631647
0.3125 1.05966 0.059663
0.3125 1.05966 0.059663
0.328125 1.0556 0.0555994
0.328125 1.0556 0.0555994
0.34375 1.051 0.0509991
0.34375 1.051 0.0509991
0.359375 1.04589 0.0458942
0.359375 1.04589 0.0458942
0.375 1.04032 0.0403224
0.375 1.04032 0.0403224
0.390625 1.03433 0.0343272
0.390625 1.03433 0.0343272
0.40625 1.02796 0.0279576
0.40625 1.02796 0.0279576
0.421875 1.02127 0.0212671
0.421875 1.02127 0.0212671
0.4375 1.01431 0.0143138
0.4375 1.01431 0.0143138
0.453125 1.00716 0.00715924
0.453125 1.00716 0.00715924
0.46875 0.999868 -0.000131746
0.46875 0.999868 -0.000131746
0.484375 0.992508 -0.00749186
0.484375 0.992508 -0.00749186
0.5 0.985148 -0.014852
0.5 0.985148 -0.014852
0.515625 0.98521 -0.0147905
0.515625 0.98521 -0.0147905
0.53125 0.985341 -0.0146586
0.53125 0.985341 -0.0146586
0.546875 0.985544 -0.0144559
0.546875 0.985544 -0.0144559
0.5625 0.985819 -0.0141813
0.5625 0.985819 -0.0141813
0.578125 0.986167 -0.0138333
0.578125 0.986167 -0.0138333
0.59375 0.98659 -0.01341
0.59375 0.98659 -0.01341
0.609375 0.987091 -0.012909
0.609375 0.987091 -0.012909
0.625 0.987673 -0.0123273
0.625 0.987673 -0.0123273
0.640625 0.988338 -0.0116616
0.640625 0.988338 -0.0116616
0.65625 0.989092 -0.0109084
0.65625 0.989092 -0.0109084
0.671875 0.989937 -0.0100635
0.671875 0.989937 -0.0100635
0.6875 0.990877 -0.00912268
0.6875 0.990877 -0.00912268
0.703125 0.991919 -0.00808136
0.703125 0.991919 -0.00808136
0.71875 0.993065 -0.00693476
0.71875 0.993065 -0.00693476
0.734375 0.994322 -0.00567802
0.734375 0.994322 -0.00567802
0.75 0.995694 -0.00430619
0.75 0.995694 -0.00430619
0.765625 0.997186 -0.0028144
0.765625 0.997186 -0.0028144
0.78125 0.998802 -0.00119788
0.78125 0.998802 -0.00119788
0.796875 1.00055 0.000547913
0.796875 1.00055 0.000547913
0.8125 1.00243 0.00242719
0.8125 1.00243 0.00242719
0.828125 1.00444 0.00444373
0.828125 1.00444 0.00444373
0.84375 1.0066 0.00660078
0.84375 1.0066 0.00660078
0.859375 1.0089 0.00890095
0.859375 1.0089 0.00890095
0.875 1.01135 0.0113461
0.875 1.01135 0.0113461
0.890625 1.01394 0.0139372
0.890625 1.01394 0.0139372
0.90625 1.01667 0.0166744
0.90625 1.01667 0.0166744
0.921875 1.01956 0.0195566
0.921875 1.01956 0.0195566
0.9375 1.02258 0.0225818
0.9375 1.02258 0.0225818
0.953125 1.02575 0.0257467
0.953125 1.02575 0.0257467
0.96875 1.02905 0.029047
0.96875 1.02905 0.029047
0.984375 1.03248 0.0324787
0.984375 1.03248 0.0324787
1 1 0
