# x y topography
0 1 0
0.015625 1.0285 0.0285046
0.015625 1.0285 0.0285046
0.03125 1.03244 0.0324367
0.03125 1.03244 0.0324367
0.046875 1.0365 0.036497
0.046875 1.0365 0.036497
0.0625 1.04063 0.0406323
0.0625 1.04063 0.0406323
0.078125 1.04477 0.0447721
0.078125 1.04477 0.0447721
0.09375 1.04884 0.048843
0.09375 1.04884 0.048843
0.109375 1.05277 0.0527714
0.109375 1.05277 0.0527714
0.125 1.05648 0.0564843
0.125 1.05648 0.0564843
0.140625 1.05991 0.0599112
0.140625 1.05991 0.0599112
0.15625 1.06298 0.0629847
0.15625 1.06298 0.0629847
0.171875 1.06564 0.0656424
0.171875 1.06564 0.0656424
0.1875 1.06783 0.0678274
0.1875 1.06783 0.0678274
0.203125 1.06949 0.0694897
0.203125 1.06949 0.0694897
0.21875 1.07059 0.0705865
0.21875 1.07059 0.0705865
0.234375 1.07108 0.0710832
0.234375 1.07108 0.0710832
0.25 1.07095 0.0709536
0.25 1.07095 0.0709536
0.265625 1.07018 0.0701802
0.265625 1.07018 0.0701802
0.28125 1.06875 0.0687542
0.28125 1.06875 0.0687542
0.296875 1.06668 0.0666755
0.296875 1.06668 0.0666755
0.3125 1.06395 0.0639527
0.3125 1.06395 0.0639527
0.328125 1.0606 0.0606024
0.328125 1.0606 0.0606024
0.34375 1.05665 0.056649
0.34375 1.05665 0.056649
0.359375 1.05212 0.0521244
0.359375 1.05212 0.0521244
0.375 1.04707 0.0470672
0.375 1.04707 0.0470672
0.390625 1.04152 0.041522
0.390625 1.04152 0.041522
0.40625 1.03554 0.0355395
0.40625 1.03554 0.0355395
0.421875 1.02917 0.0291748
0.421875 1.02917 0.0291748
0.4375 1.02249 0.0224877
0.4375 1.02249 0.0224877
0.453125 1.01554 0.0155413
0.453125 1.01554 0.0155413
0.46875 1.0084 0.00840185
0.46875 1.0084 0.00840185
0.484375 1.00114 0.00113764
0.484375 1.00114 0.00113764
0.5 0.993819 -0.00618149
0.5 0.993819 -0.00618149
0.515625 0.993866 -0.00613365
0.515625 0.993866 -0.00613365
0.53125 0.99393 -0.0060702
0.53125 0.99393 -0.0060702
0.546875 0.994009 -0.00599112
0.546875 0.994009 -0.00599112
0.5625 0.994104 -0.00589628
0.5625 0.994104 -0.00589628
0.578125 0.994215 -0.00578537
0.578125 0.994215 -0.00578537
0.59375 0.994342 -0.00565788
0.59375 0.994342 -0.00565788
0.609375 0.994487 -0.00551303
0.609375 0.994487 -0.00551303
0.625 0.99465 -0.00534968
0.625 0.99465 -0.00534968
0.640625 0.994834 -0.00516617
0.640625 0.994834 -0.00516617
0.65625 0.99504 -0.00496027
0.65625 0.99504 -0.00496027
0.671875 0.995271 -0.00472898
0.671875 0.995271 -0.00472898
0.6875 0.995532 -0.00446837
0.6875 0.995532 -0.00446837
0.703125 0.995827 -0.00417338
0.703125 0.995827 -0.00417338
0.71875 0.996162 -0.00383768
0.71875 0.996162 -0.00383768
0.734375 0.996547 -0.00345347
0.734375 0.996547 -0.00345347
0.75 0.996989 -0.00301133
0.75 0.996989 -0.00301133
0.765625 0.9975 -0.00250007
0.765625 0.9975 -0.00250007
0.78125 0.998093 -0.00190672
0.78125 0.998093 -0.00190672
0.796875 0.998784 -0.00121648
0.796875 0.998784 -0.00121648
0.8125 0.999587 -0.000412828
0.8125 0.999587 -0.000412828
0.828125 1.00052 0.00052226
0.828125 1.00052 0.00052226
0.84375 1.00161 0.00160804
0.84375 1.00161 0.00160804
0.859375 1.00286 0.00286457
0.859375 1.00286 0.00286457
0.875 1.00431 0.00431216
0.875 1.00431 0.00431216
0.890625 1.00597 0.00597076
0.890625 1.00597 0.00597076
0.90625 1.00786 0.00785927
0.90625 1.00786 0.00785927
0.921875 1.00999 0.00999476
0.921875 1.00999 0.00999476
0.9375 1.01239 0.0123917
0.9375 1.01239 0.0123917
0.953125 1.01506 0.0150613
0.953125 1.01506 0.0150613
0.96875 1.01801 0.0180111
0.96875 1.01801 0.0180111
0.984375 1.02125 0.0212481
0.984375 1.02125 0.0212481
1 1 0
