# x y topography
0 1 0
0.015625 1.03332 0.0333168
0.015625 1.03332 0.0333168
0.03125 1.03718 0.0371846
0.03125 1.03718 0.0371846
0.046875 1.04111 0.0411089
0.046875 1.04111 0.0411089
0.0625 1.04504 0.0450361
0.0625 1.04504 0.0450361
0.078125 1.0489 0.0489014
0.078125 1.0489 0.0489014
0.09375 1.05264 0.0526394
0.09375 1.05264 0.0526394
0.109375 1.05619 0.0561856
0.109375 1.05619 0.0561856
0.125 1.05948 0.0594773
0.125 1.05948 0.0594773
0.140625 1.06245 0.0624545
0.140625 1.06245 0.0624545
0.15625 1.06506 0.0650605
0.15625 1.06506 0.0650605
0.171875 1.06724 0.067243
0.171875 1.06724 0.067243
0.1875 1.06895 0.0689545
0.1875 1.06895 0.0689545
0.203125 1.07015 0.0701532
0.203125 1.07015 0.0701532
0.21875 1.0708 0.0708035
0.21875 1.0708 0.0708035
0.234375 1.07088 0.0708763
0.234375 1.07088 0.0708763
0.25 1.07035 0.0703497
0.25 1.07035 0.0703497
0.265625 1.06921 0.0692092
0.265625 1.06921 0.0692092
0.28125 1.06745 0.0674477
0.28125 1.06745 0.0674477
0.296875 1.06507 0.0650659
0.296875 1.06507 0.0650659
0.3125 1.06207 0.0620719
0.3125 1.06207 0.0620719
0.328125 1.05848 0.0584816
0.328125 1.05848 0.0584816
0.34375 1.05432 0.0543178
0.34375 1.05432 0.0543178
0.359375 1.04961 0.0496107
0.359375 1.04961 0.0496107
0.375 1.0444 0.0443967
0.375 1.0444 0.0443967
0.390625 1.03872 0.0387187
0.390625 1.03872 0.0387187
0.40625 1.03263 0.032625
0.40625 1.03263 0.032625
0.421875 1.02617 0.0261692
0.421875 1.02617 0.0261692
0.4375 1.01941 0.0194094
0.4375 1.01941 0.0194094
0.453125 1.01241 0.0124072
0.453125 1.01241 0.0124072
0.46875 1.00523 0.00522768
0.46875 1.00523 0.00522768
0.484375 0.997938 -0.00206159
0.484375 0.997938 -0.00206159
0.5 0.990609 -0.00939137
0.5 0.990609 -0.00939137
0.515625 0.99066 -0.00933998
0.515625 0.99066 -0.00933998
0.53125 0.990741 -0.00925871
0.53125 0.990741 -0.00925871
0.546875 0.990853 -0.00914716
0.546875 0.990853 -0.00914716
0.5625 0.990996 -0.00900449
0.5625 0.990996 -0.00900449
0.578125 0.991171 -0.00882943
0.578125 0.991171 -0.00882943
0.59375 0.99138 -0.00862019
0.59375 0.99138 -0.00862019
0.609375 0.991626 -0.00837447
0.609375 0.991626 -0.00837447
0.625 0.991911 -0.00808936
0.625 0.991911 -0.00808936
0.640625 0.992239 -0.00776129
0.640625 0.992239 -0.00776129
0.65625 0.992614 -0.00738601
0.65625 0.992614 -0.00738601
0.671875 0.993042 -0.00695846
0.671875 0.993042 -0.00695846
0.6875 0.993527 -0.00647282
0.6875 0.993527 -0.00647282
0.703125 0.994078 -0.00592238
0.703125 0.994078 -0.00592238
0.71875 0.9947 -0.00529958
0.71875 0.9947 -0.00529958
0.734375 0.995404 -0.00459602
0.734375 0.995404 -0.00459602
0.75 0.996198 -0.00380244
0.75 0.996198 -0.00380244
0.765625 0.997091 -0.00290886
0.765625 0.997091 -0.00290886
0.78125 0.998095 -0.0019046
0.78125 0.998095 -0.0019046
0.796875 0.999222 -0.000778485
0.796875 0.999222 -0.000778485
0.8125 1.00048 0.000481029
0.8125 1.00048 0.000481029
0.828125 1.00189 0.00188562
0.828125 1.00189 0.00188562
0.84375 1.00345 0.00344686
0.84375 1.00345 0.00344686
0.859375 1.00518 0.00517595
0.859375 1.00518 0.00517595
0.875 1.00708 0.00708341
0.875 1.00708 0.00708341
0.890625 1.00918 0.00917878
0.890625 1.00918 0.00917878
0.90625 1.01147 0.0114703
0.90625 1.01147 0.0114703
0.921875 1.01396 0.0139645
0.921875 1.01396 0.0139645
0.9375 1.01667 0.0166662
0.9375 1.01667 0.0166662
0.953125 1.01958 0.0195779
0.953125 1.01958 0.0195779
0.96875 1.0227 0.0227
0.96875 1.0227 0.0227
0.984375 1.02603 0.0260331
0.984375 1.02603 0.0260331
1 1 0
