# x y topography
0 1 0
0.015625 1.01823 0.0182306
0.015625 1.01823 0.0182306
0.03125 1.02242 0.0224243
0.03125 1.02242 0.0224243
0.046875 1.02703 0.027025
0.046875 1.02703 0.027025
0.0625 1.03196 0.0319558
0.0625 1.03196 0.0319558
0.078125 1.03709 0.0370882
0.078125 1.03709 0.0370882
0.09375 1.04228 0.0422817
0.09375 1.04228 0.0422817
0.109375 1.0474 0.0473951
0.109375 1.0474 0.0473951
0.125 1.0523 0.0522951
0.125 1.0523 0.0522951
0.140625 1.05686 0.0568627
0.140625 1.05686 0.0568627
0.15625 1.061 0.0609961
0.15625 1.061 0.0609961
0.171875 1.06461 0.0646118
0.171875 1.06461 0.0646118
0.1875 1.06764 0.0676439
0.1875 1.06764 0.0676439
0.203125 1.07004 0.0700423
0.203125 1.07004 0.0700423
0.21875 1.07177 0.0717703
0.21875 1.07177 0.0717703
0.234375 1.0728 0.0728033
0.234375 1.0728 0.0728033
0.25 1.07313 0.0731266
0.25 1.07313 0.0731266
0.265625 1.07273 0.0727343
0.265625 1.07273 0.0727343
0.28125 1.07163 0.0716289
0.28125 1.07163 0.0716289
0.296875 1.06982 0.0698202
0.296875 1.06982 0.0698202
0.3125 1.06733 0.0673252
0.3125 1.06733 0.0673252
0.328125 1.06417 0.0641677
0.328125 1.06417 0.0641677
0.34375 1.06038 0.060378
0.34375 1.06038 0.060378
0.359375 1.05599 0.0559925
0.359375 1.05599 0.0559925
0.375 1.05105 0.0510535
0.375 1.05105 0.0510535
0.390625 1.04561 0.0456085
0.390625 1.04561 0.0456085
0.40625 1.03971 0.03971
0.40625 1.03971 0.03971
0.421875 1.03341 0.033415
0.421875 1.03341 0.033415
0.4375 1.02678 0.0267841
0.4375 1.02678 0.0267841
0.453125 1.01988 0.0198815
0.453125 1.01988 0.0198815
0.46875 1.01277 0.0127737
0.46875 1.01277 0.0127737
0.484375 1.00553 0.00552951
0.484375 1.00553 0.00552951
0.5 0.998219 -0.0017811
0.5 0.998219 -0.0017811
0.515625 0.998264 -0.00173613
0.515625 0.998264 -0.00173613
0.53125 0.998313 -0.00168698
0.53125 0.998313 -0.00168698
0.546875 0.998366 -0.00163376
0.546875 0.998366 -0.00163376
0.5625 0.998423 -0.00157661
0.5625 0.998423 -0.00157661
0.578125 0.998484 -0.00151566
0.578125 0.998484 -0.00151566
0.59375 0.998549 -0.00145106
0.59375 0.998549 -0.00145106
0.609375 0.998617 -0.00138296
0.609375 0.998617 -0.00138296
0.625 0.998688 -0.00131153
0.625 0.998688 -0.00131153
0.640625 0.998763 -0.00123694
0.640625 0.998763 -0.00123694
0.65625 0.998841 -0.00115937
0.65625 0.998841 -0.00115937
0.671875 0.998921 -0.001079
0.671875 0.998921 -0.001079
0.6875 0.999004 -0.000996008
0.6875 0.999004 -0.000996008
0.703125 0.999089 -0.00091057
0.703125 0.999089 -0.00091057
0.71875 0.999177 -0.000822811
0.71875 0.999177 -0.000822811
0.734375 0.999267 -0.000732764
0.734375 0.999267 -0.000732764
0.75 0.99936 -0.000640241
0.75 0.99936 -0.000640241
0.765625 0.999455 -0.000544614
0.765625 0.999455 -0.000544614
0.78125 0.999556 -0.000444405
0.78125 0.999556 -0.000444405
0.796875 0.999663 -0.000336602
0.796875 0.999663 -0.000336602
0.8125 0.999784 -0.000215602
0.8125 0.999784 -0.000215602
0.828125 0.999928 -7.1685e-05
0.828125 0.999928 -7.1685e-05
0.84375 1.00011 0.000110985
0.84375 1.00011 0.000110985
0.859375 1.00036 0.000356688
0.859375 1.00036 0.000356688
0.875 1.0007 0.00070047
0.875 1.0007 0.00070047
0.890625 1.00119 0.0011899
0.890625 1.00119 0.0011899
0.90625 1.00189 0.00188551
0.90625 1.00189 0.00188551
0.921875 1.00286 0.00285919
0.921875 1.00286 0.00285919
0.9375 1.00419 0.00419006
0.9375 1.00419 0.00419006
0.953125 1.00596 0.00595784
0.953125 1.00596 0.00595784
0.96875 1.00823 0.00823488
0.96875 1.00823 0.00823488
0.984375 1.01109 0.0110852
0.984375 1.01109 0.0110852
1 1 0
