# x y topography analytical topography
0 1 0 0.0280701
0.015625 1.00368 0.00368008 0.0281772
0.015625 1.00368 0.00368008 0.0281772
0.03125 1.00735 0.00735129 0.0284967
0.03125 1.00735 0.00735129 0.0284967
0.046875 1.011 0.0110048 0.0290241
0.046875 1.011 0.0110048 0.0290241
0.0625 1.01463 0.0146318 0.0297518
0.0625 1.01463 0.0146318 0.0297518
0.078125 1.01822 0.0182235 0.0306696
0.078125 1.01822 0.0182235 0.0306696
0.09375 1.02177 0.0217714 0.0317646
0.09375 1.02177 0.0217714 0.0317646
0.109375 1.02527 0.0252667 0.0330217
0.109375 1.02527 0.0252667 0.0330217
0.125 1.0287 0.0287013 0.0344241
0.125 1.0287 0.0287013 0.0344241
0.140625 1.03207 0.0320666 0.0359534
0.140625 1.03207 0.0320666 0.0359534
0.15625 1.03535 0.0353548 0.0375902
0.15625 1.03535 0.0353548 0.0375902
0.171875 1.03856 0.0385577 0.0393143
0.171875 1.03856 0.0385577 0.0393143
0.1875 1.04167 0.0416678 0.0411051
0.1875 1.04167 0.0416678 0.0411051
0.203125 1.04468 0.0446774 0.0429421
0.203125 1.04468 0.0446774 0.0429421
0.21875 1.04758 0.0475795 0.0448051
0.21875 1.04758 0.0475795 0.0448051
0.234375 1.05037 0.0503669 0.0466746
0.234375 1.05037 0.0503669 0.0466746
0.25 1.05303 0.053033 0.0485317
0.25 1.05303 0.053033 0.0485317
0.265625 1.05557 0.0555713 0.0503587
0.265625 1.05557 0.0555713 0.0503587
0.28125 1.05798 0.0579758 0.0521389
0.28125 1.05798 0.0579758 0.0521389
0.296875 1.06024 0.0602406 0.0538569
0.296875 1.06024 0.0602406 0.0538569
0.3125 1.06236 0.0623602 0.0554988
0.3125 1.06236 0.0623602 0.0554988
0.328125 1.06433 0.0643296 0.0570518
0.328125 1.06433 0.0643296 0.0570518
0.34375 1.06614 0.0661441 0.0585045
0.34375 1.06614 0.0661441 0.0585045
0.359375 1.0678 0.0677992 0.0598467
0.359375 1.0678 0.0677992 0.0598467
0.375 1.06929 0.069291 0.0610696
0.375 1.06929 0.069291 0.0610696
0.390625 1.07062 0.0706158 0.0621654
0.390625 1.07062 0.0706158 0.0621654
0.40625 1.07177 0.0717705 0.0631277
0.40625 1.07177 0.0717705 0.0631277
0.421875 1.07275 0.0727523 0.0639508
0.421875 1.07275 0.0727523 0.0639508
0.4375 1.07356 0.0735589 0.0646302
0.4375 1.07356 0.0735589 0.0646302
0.453125 1.07419 0.0741882 0.0651623
0.453125 1.07419 0.0741882 0.0651623
0.46875 1.07464 0.0746389 0.0655443
0.46875 1.07464 0.0746389 0.0655443
0.484375 1.07491 0.0749097 0.0657742
0.484375 1.07491 0.0749097 0.0657742
0.5 1.075 0.075 0.065851
0.5 1.075 0.075 0.065851
0.515625 1.07491 0.0749097 0.0657742
0.515625 1.07491 0.0749097 0.0657742
0.53125 1.07464 0.0746389 0.0655443
0.53125 1.07464 0.0746389 0.0655443
0.546875 1.07419 0.0741882 0.0651623
0.546875 1.07419 0.0741882 0.0651623
0.5625 1.07356 0.0735589 0.0646302
0.5625 1.07356 0.0735589 0.0646302
0.578125 1.07275 0.0727523 0.0639508
0.578125 1.07275 0.0727523 0.0639508
0.59375 1.07177 0.0717705 0.0631277
0.59375 1.07177 0.0717705 0.0631277
0.609375 1.07062 0.0706158 0.0621654
0.609375 1.07062 0.0706158 0.0621654
0.625 1.06929 0.069291 0.0610696
0.625 1.06929 0.069291 0.0610696
0.640625 1.0678 0.0677992 0.0598467
0.640625 1.0678 0.0677992 0.0598467
0.65625 1.06614 0.0661441 0.0585045
0.65625 1.06614 0.0661441 0.0585045
0.671875 1.06433 0.0643296 0.0570518
0.671875 1.06433 0.0643296 0.0570518
0.6875 1.06236 0.0623602 0.0554988
0.6875 1.06236 0.0623602 0.0554988
0.703125 1.06024 0.0602406 0.0538569
0.703125 1.06024 0.0602406 0.0538569
0.71875 1.05798 0.0579758 0.0521389
0.71875 1.05798 0.0579758 0.0521389
0.734375 1.05557 0.0555713 0.0503587
0.734375 1.05557 0.0555713 0.0503587
0.75 1.05303 0.053033 0.0485317
0.75 1.05303 0.053033 0.0485317
0.765625 1.05037 0.0503669 0.0466746
0.765625 1.05037 0.0503669 0.0466746
0.78125 1.04758 0.0475795 0.0448051
0.78125 1.04758 0.0475795 0.0448051
0.796875 1.04468 0.0446774 0.0429421
0.796875 1.04468 0.0446774 0.0429421
0.8125 1.04167 0.0416678 0.0411051
0.8125 1.04167 0.0416678 0.0411051
0.828125 1.03856 0.0385577 0.0393143
0.828125 1.03856 0.0385577 0.0393143
0.84375 1.03535 0.0353548 0.0375902
0.84375 1.03535 0.0353548 0.0375902
0.859375 1.03207 0.0320666 0.0359534
0.859375 1.03207 0.0320666 0.0359534
0.875 1.0287 0.0287013 0.0344241
0.875 1.0287 0.0287013 0.0344241
0.890625 1.02527 0.0252667 0.0330217
0.890625 1.02527 0.0252667 0.0330217
0.90625 1.02177 0.0217714 0.0317646
0.90625 1.02177 0.0217714 0.0317646
0.921875 1.01822 0.0182235 0.0306696
0.921875 1.01822 0.0182235 0.0306696
0.9375 1.01463 0.0146318 0.0297518
0.9375 1.01463 0.0146318 0.0297518
0.953125 1.011 0.0110048 0.0290241
0.953125 1.011 0.0110048 0.0290241
0.96875 1.00735 0.00735129 0.0284967
0.96875 1.00735 0.00735129 0.0284967
0.984375 1.00368 0.00368008 0.0281772
0.984375 1.00368 0.00368008 0.0281772
1 1 0 0.0280701
