# x y topography analytical topography
0 1 0 0.0351324
0.015625 1.00368 0.00368009 0.0351954
0.015625 1.00368 0.00368009 0.0351954
0.03125 1.00735 0.00735129 0.0353834
0.03125 1.00735 0.00735129 0.0353834
0.046875 1.011 0.0110048 0.0356946
0.046875 1.011 0.0110048 0.0356946
0.0625 1.01463 0.0146318 0.0361254
0.0625 1.01463 0.0146318 0.0361254
0.078125 1.01822 0.0182235 0.0366712
0.078125 1.01822 0.0182235 0.0366712
0.09375 1.02177 0.0217714 0.0373261
0.09375 1.02177 0.0217714 0.0373261
0.109375 1.02527 0.0252667 0.0380829
0.109375 1.02527 0.0252667 0.0380829
0.125 1.0287 0.0287013 0.0389337
0.125 1.0287 0.0287013 0.0389337
0.140625 1.03207 0.0320666 0.0398693
0.140625 1.03207 0.0320666 0.0398693
0.15625 1.03535 0.0353548 0.0408798
0.15625 1.03535 0.0353548 0.0408798
0.171875 1.03856 0.0385577 0.0419548
0.171875 1.03856 0.0385577 0.0419548
0.1875 1.04167 0.0416678 0.0430832
0.1875 1.04167 0.0416678 0.0430832
0.203125 1.04468 0.0446774 0.0442533
0.203125 1.04468 0.0446774 0.0442533
0.21875 1.04758 0.0475795 0.0454535
0.21875 1.04758 0.0475795 0.0454535
0.234375 1.05037 0.0503669 0.0466718
0.234375 1.05037 0.0503669 0.0466718
0.25 1.05303 0.053033 0.0478961
0.25 1.05303 0.053033 0.0478961
0.265625 1.05557 0.0555713 0.0491148
0.265625 1.05557 0.0555713 0.0491148
0.28125 1.05798 0.0579758 0.050316
0.28125 1.05798 0.0579758 0.050316
0.296875 1.06024 0.0602406 0.0514885
0.296875 1.06024 0.0602406 0.0514885
0.3125 1.06236 0.0623602 0.0526214
0.3125 1.06236 0.0623602 0.0526214
0.328125 1.06433 0.0643296 0.0537044
0.328125 1.06433 0.0643296 0.0537044
0.34375 1.06614 0.0661441 0.0547277
0.34375 1.06614 0.0661441 0.0547277
0.359375 1.0678 0.0677992 0.0556821
0.359375 1.0678 0.0677992 0.0556821
0.375 1.06929 0.069291 0.0565593
0.375 1.06929 0.069291 0.0565593
0.390625 1.07062 0.0706158 0.0573517
0.390625 1.07062 0.0706158 0.0573517
0.40625 1.07177 0.0717705 0.0580524
0.40625 1.07177 0.0717705 0.0580524
0.421875 1.07275 0.0727523 0.0586555
0.421875 1.07275 0.0727523 0.0586555
0.4375 1.07356 0.0735589 0.0591559
0.4375 1.07356 0.0735589 0.0591559
0.453125 1.07419 0.0741882 0.0595495
0.453125 1.07419 0.0741882 0.0595495
0.46875 1.07464 0.0746389 0.059833
0.46875 1.07464 0.0746389 0.059833
0.484375 1.07491 0.0749097 0.060004
0.484375 1.07491 0.0749097 0.060004
0.5 1.075 0.075 0.0600612
0.5 1.075 0.075 0.0600612
0.515625 1.07491 0.0749097 0.060004
0.515625 1.07491 0.0749097 0.060004
0.53125 1.07464 0.0746389 0.059833
0.53125 1.07464 0.0746389 0.059833
0.546875 1.07419 0.0741882 0.0595495
0.546875 1.07419 0.0741882 0.0595495
0.5625 1.07356 0.0735589 0.0591559
0.5625 1.07356 0.0735589 0.0591559
0.578125 1.07275 0.0727523 0.0586555
0.578125 1.07275 0.0727523 0.0586555
0.59375 1.07177 0.0717705 0.0580524
0.59375 1.07177 0.0717705 0.0580524
0.609375 1.07062 0.0706158 0.0573517
0.609375 1.07062 0.0706158 0.0573517
0.625 1.06929 0.069291 0.0565593
0.625 1.06929 0.069291 0.0565593
0.640625 1.0678 0.0677992 0.0556821
0.640625 1.0678 0.0677992 0.0556821
0.65625 1.06614 0.0661441 0.0547277
0.65625 1.06614 0.0661441 0.0547277
0.671875 1.06433 0.0643296 0.0537044
0.671875 1.06433 0.0643296 0.0537044
0.6875 1.06236 0.0623602 0.0526214
0.6875 1.06236 0.0623602 0.0526214
0.703125 1.06024 0.0602406 0.0514885
0.703125 1.06024 0.0602406 0.0514885
0.71875 1.05798 0.0579758 0.050316
0.71875 1.05798 0.0579758 0.050316
0.734375 1.05557 0.0555713 0.0491148
0.734375 1.05557 0.0555713 0.0491148
0.75 1.05303 0.053033 0.0478961
0.75 1.05303 0.053033 0.0478961
0.765625 1.05037 0.0503669 0.0466718
0.765625 1.05037 0.0503669 0.0466718
0.78125 1.04758 0.0475795 0.0454535
0.78125 1.04758 0.0475795 0.0454535
0.796875 1.04468 0.0446774 0.0442533
0.796875 1.04468 0.0446774 0.0442533
0.8125 1.04167 0.0416678 0.0430832
0.8125 1.04167 0.0416678 0.0430832
0.828125 1.03856 0.0385577 0.0419548
0.828125 1.03856 0.0385577 0.0419548
0.84375 1.03535 0.0353548 0.0408798
0.84375 1.03535 0.0353548 0.0408798
0.859375 1.03207 0.0320666 0.0398693
0.859375 1.03207 0.0320666 0.0398693
0.875 1.0287 0.0287013 0.0389337
0.875 1.0287 0.0287013 0.0389337
0.890625 1.02527 0.0252667 0.0380829
0.890625 1.02527 0.0252667 0.0380829
0.90625 1.02177 0.0217714 0.0373261
0.90625 1.02177 0.0217714 0.0373261
0.921875 1.01822 0.0182235 0.0366712
0.921875 1.01822 0.0182235 0.0366712
0.9375 1.01463 0.0146318 0.0361254
0.9375 1.01463 0.0146318 0.0361254
0.953125 1.011 0.0110048 0.0356946
0.953125 1.011 0.0110048 0.0356946
0.96875 1.00735 0.00735129 0.0353834
0.96875 1.00735 0.00735129 0.0353834
0.984375 1.00368 0.00368009 0.0351954
0.984375 1.00368 0.00368009 0.0351954
1 1 0 0.0351324
