# x y topography analytical topography
0 1 0 0.0196086
0.015625 1.00368 0.00368008 0.0197963
0.015625 1.00368 0.00368008 0.0197963
0.03125 1.00735 0.00735129 0.0203546
0.03125 1.00735 0.00735129 0.0203546
0.046875 1.011 0.0110048 0.0212692
0.046875 1.011 0.0110048 0.0212692
0.0625 1.01463 0.0146318 0.0225177
0.0625 1.01463 0.0146318 0.0225177
0.078125 1.01822 0.0182235 0.0240699
0.078125 1.01822 0.0182235 0.0240699
0.09375 1.02177 0.0217714 0.0258905
0.09375 1.02177 0.0217714 0.0258905
0.109375 1.02527 0.0252667 0.0279397
0.109375 1.02527 0.0252667 0.0279397
0.125 1.0287 0.0287013 0.0301761
0.125 1.0287 0.0287013 0.0301761
0.140625 1.03207 0.0320666 0.0325577
0.140625 1.03207 0.0320666 0.0325577
0.15625 1.03535 0.0353548 0.0350436
0.15625 1.03535 0.0353548 0.0350436
0.171875 1.03856 0.0385577 0.0375951
0.171875 1.03856 0.0385577 0.0375951
0.1875 1.04167 0.0416678 0.0401767
0.1875 1.04167 0.0416678 0.0401767
0.203125 1.04468 0.0446774 0.0427568
0.203125 1.04468 0.0446774 0.0427568
0.21875 1.04758 0.0475795 0.0453073
0.21875 1.04758 0.0475795 0.0453073
0.234375 1.05037 0.0503669 0.0478042
0.234375 1.05037 0.0503669 0.0478042
0.25 1.05303 0.053033 0.0502271
0.25 1.05303 0.053033 0.0502271
0.265625 1.05557 0.0555713 0.0525588
0.265625 1.05557 0.0555713 0.0525588
0.28125 1.05798 0.0579758 0.0547851
0.28125 1.05798 0.0579758 0.0547851
0.296875 1.06024 0.0602406 0.0568942
0.296875 1.06024 0.0602406 0.0568942
0.3125 1.06236 0.0623602 0.0588763
0.3125 1.06236 0.0623602 0.0588763
0.328125 1.06433 0.0643296 0.0607232
0.328125 1.06433 0.0643296 0.0607232
0.34375 1.06614 0.0661441 0.0624283
0.34375 1.06614 0.0661441 0.0624283
0.359375 1.0678 0.0677992 0.0639858
0.359375 1.0678 0.0677992 0.0639858
0.375 1.06929 0.069291 0.065391
0.375 1.06929 0.069291 0.065391
0.390625 1.07062 0.0706158 0.0666396
0.390625 1.07062 0.0706158 0.0666396
0.40625 1.07177 0.0717705 0.0677284
0.40625 1.07177 0.0717705 0.0677284
0.421875 1.07275 0.0727523 0.0686544
0.421875 1.07275 0.0727523 0.0686544
0.4375 1.07356 0.0735589 0.0694153
0.4375 1.07356 0.0735589 0.0694153
0.453125 1.07419 0.0741882 0.070009
0.453125 1.07419 0.0741882 0.070009
0.46875 1.07464 0.0746389 0.0704342
0.46875 1.07464 0.0746389 0.0704342
0.484375 1.07491 0.0749097 0.0706897
0.484375 1.07491 0.0749097 0.0706897
0.5 1.075 0.075 0.0707749
0.5 1.075 0.075 0.0707749
0.515625 1.07491 0.0749097 0.0706897
0.515625 1.07491 0.0749097 0.0706897
0.53125 1.07464 0.0746389 0.0704342
0.53125 1.07464 0.0746389 0.0704342
0.546875 1.07419 0.0741882 0.070009
0.546875 1.07419 0.0741882 0.070009
0.5625 1.07356 0.0735589 0.0694153
0.5625 1.07356 0.0735589 0.0694153
0.578125 1.07275 0.0727523 0.0686544
0.578125 1.07275 0.0727523 0.0686544
0.59375 1.07177 0.0717705 0.0677284
0.59375 1.07177 0.0717705 0.0677284
0.609375 1.07062 0.0706158 0.0666396
0.609375 1.07062 0.0706158 0.0666396
0.625 1.06929 0.069291 0.065391
0.625 1.06929 0.069291 0.065391
0.640625 1.0678 0.0677992 0.0639858
0.640625 1.0678 0.0677992 0.0639858
0.65625 1.06614 0.0661441 0.0624283
0.65625 1.06614 0.0661441 0.0624283
0.671875 1.06433 0.0643296 0.0607232
0.671875 1.06433 0.0643296 0.0607232
0.6875 1.06236 0.0623602 0.0588763
0.6875 1.06236 0.0623602 0.0588763
0.703125 1.06024 0.0602406 0.0568942
0.703125 1.06024 0.0602406 0.0568942
0.71875 1.05798 0.0579758 0.0547851
0.71875 1.05798 0.0579758 0.0547851
0.734375 1.05557 0.0555713 0.0525588
0.734375 1.05557 0.0555713 0.0525588
0.75 1.05303 0.053033 0.0502271
0.75 1.05303 0.053033 0.0502271
0.765625 1.05037 0.0503669 0.0478042
0.765625 1.05037 0.0503669 0.0478042
0.78125 1.04758 0.0475795 0.0453073
0.78125 1.04758 0.0475795 0.0453073
0.796875 1.04468 0.0446774 0.0427568
0.796875 1.04468 0.0446774 0.0427568
0.8125 1.04167 0.0416678 0.0401767
0.8125 1.04167 0.0416678 0.0401767
0.828125 1.03856 0.0385577 0.0375951
0.828125 1.03856 0.0385577 0.0375951
0.84375 1.03535 0.0353548 0.0350436
0.84375 1.03535 0.0353548 0.0350436
0.859375 1.03207 0.0320666 0.0325577
0.859375 1.03207 0.0320666 0.0325577
0.875 1.0287 0.0287013 0.0301761
0.875 1.0287 0.0287013 0.0301761
0.890625 1.02527 0.0252667 0.0279397
0.890625 1.02527 0.0252667 0.0279397
0.90625 1.02177 0.0217714 0.0258905
0.90625 1.02177 0.0217714 0.0258905
0.921875 1.01822 0.0182235 0.0240699
0.921875 1.01822 0.0182235 0.0240699
0.9375 1.01463 0.0146318 0.0225177
0.9375 1.01463 0.0146318 0.0225177
0.953125 1.011 0.0110048 0.0212692
0.953125 1.011 0.0110048 0.0212692
0.96875 1.00735 0.00735129 0.0203546
0.96875 1.00735 0.00735129 0.0203546
0.984375 1.00368 0.00368008 0.0197963
0.984375 1.00368 0.00368008 0.0197963
1 1 0 0.0196086
