# x y z topography
0 0 1.00055 0.000548814
100 0 1.00072 0.000715189
0 100 1.00079 0.000791725
100 100 1.00092 0.000917342
100 0 1.00072 0.000715189
200 0 1.0006 0.000602763
100 100 1.00092 0.000917342
200 100 1.00102 0.0010186
200 0 1.0006 0.000602763
300 0 1.00054 0.000544883
200 100 1.00102 0.0010186
300 100 1.0011 0.00110456
300 0 1.00054 0.000544883
400 0 1.00042 0.000423655
300 100 1.0011 0.00110456
400 100 1.00115 0.00114625
0 100 1.00079 0.000791725
100 100 1.00092 0.000917342
0 200 1.00098 0.000978618
100 200 1.00112 0.00112472
100 100 1.00092 0.000917342
200 100 1.00102 0.0010186
100 200 1.00112 0.00112472
200 200 1.00141 0.00141368
200 100 1.00102 0.0010186
300 100 1.0011 0.00110456
200 200 1.00141 0.00141368
300 200 1.00166 0.00165938
300 100 1.0011 0.00110456
400 100 1.00115 0.00114625
300 200 1.00166 0.00165938
400 200 1.0018 0.00179962
0 200 1.00098 0.000978618
100 200 1.00112 0.00112472
0 300 1.00026 0.000264556
100 300 1.00115 0.00114858
100 200 1.00112 0.00112472
200 200 1.00141 0.00141368
100 300 1.00115 0.00114858
200 300 1.00178 0.0017756
400 0 1.00042 0.000423655
500 0 1.00065 0.000645894
400 100 1.00115 0.00114625
500 100 1.0012 0.00119981
500 0 1.00065 0.000645894
600 0 1.00044 0.000437587
500 100 1.0012 0.00119981
600 100 1.00113 0.00112738
400 100 1.00115 0.00114625
500 100 1.0012 0.00119981
400 200 1.0018 0.00179962
500 200 1.00182 0.00181983
500 100 1.0012 0.00119981
600 100 1.00113 0.00112738
500 200 1.00182 0.00181983
600 200 1.00169 0.00168854
200 200 1.00141 0.00141368
300 200 1.00166 0.00165938
200 300 1.00178 0.0017756
300 300 1.00222 0.00221585
300 200 1.00166 0.00165938
400 200 1.0018 0.00179962
300 300 1.00222 0.00221585
400 300 1.00245 0.00245229
0 300 1.00026 0.000264556
100 300 1.00115 0.00114858
0 400 1.00036 0.000359508
100 400 1.00136 0.00136326
100 300 1.00115 0.00114858
200 300 1.00178 0.0017756
100 400 1.00136 0.00136326
200 400 1.0022 0.00220015
200 300 1.00178 0.0017756
300 300 1.00222 0.00221585
200 400 1.0022 0.00220015
300 400 1.00281 0.00280821
300 300 1.00222 0.00221585
400 300 1.00245 0.00245229
300 400 1.00281 0.00280821
400 400 1.00313 0.00313359
600 0 1.00044 0.000437587
700 0 1.00089 0.000891773
600 100 1.00113 0.00112738
700 100 1.00113 0.00112805
700 0 1.00089 0.000891773
800 0 1.00096 0.000963663
700 100 1.00113 0.00112805
800 100 1.00101 0.00100659
600 100 1.00113 0.00112738
700 100 1.00113 0.00112805
600 200 1.00169 0.00168854
700 200 1.00144 0.00144314
700 100 1.00113 0.00112805
800 100 1.00101 0.00100659
700 200 1.00144 0.00144314
800 200 1.00104 0.00104074
400 200 1.0018 0.00179962
500 200 1.00182 0.00181983
400 300 1.00245 0.00245229
500 300 1.00247 0.00246589
500 200 1.00182 0.00181983
600 200 1.00169 0.00168854
500 300 1.00247 0.00246589
600 300 1.00225 0.00224808
600 200 1.00169 0.00168854
700 200 1.00144 0.00144314
600 300 1.00225 0.00224808
700 300 1.00183 0.00182521
700 200 1.00144 0.00144314
800 200 1.00104 0.00104074
700 300 1.00183 0.00182521
800 300 1.00125 0.00124903
400 300 1.00245 0.00245229
500 300 1.00247 0.00246589
400 400 1.00313 0.00313359
500 400 1.00314 0.00314282
500 300 1.00247 0.00246589
600 300 1.00225 0.00224808
500 400 1.00314 0.00314282
600 400 1.00283 0.00282871
600 300 1.00225 0.00224808
700 300 1.00183 0.00182521
600 400 1.00283 0.00282871
700 400 1.00222 0.00221817
700 300 1.00183 0.00182521
800 300 1.00125 0.00124903
700 400 1.00222 0.00221817
800 400 1.00137 0.0013702
0 400 1.00036 0.000359508
100 400 1.00136 0.00136326
0 500 1.00057 0.000570197
100 500 1.00165 0.00164858
100 400 1.00136 0.00136326
200 400 1.0022 0.00220015
100 500 1.00165 0.00164858
200 500 1.00267 0.00267354
200 400 1.0022 0.00220015
300 400 1.00281 0.00280821
200 500 1.00267 0.00267354
300 500 1.00344 0.00344078
300 400 1.00281 0.00280821
400 400 1.00313 0.00313359
300 500 1.00344 0.00344078
400 500 1.00385 0.00385206
0 500 1.00057 0.000570197
100 500 1.00165 0.00164858
0 600 1.00016 0.00015897
100 600 1.00186 0.00185719
100 500 1.00165 0.00164858
200 500 1.00267 0.00267354
100 600 1.00186 0.00185719
200 600 1.00316 0.00316171
200 500 1.00267 0.00267354
300 500 1.00344 0.00344078
200 600 1.00316 0.00316171
300 600 1.0041 0.00410306
300 500 1.00344 0.00344078
400 500 1.00385 0.00385206
300 600 1.0041 0.00410306
400 600 1.0046 0.00460338
400 400 1.00313 0.00313359
500 400 1.00314 0.00314282
400 500 1.00385 0.00385206
500 500 1.00386 0.00385678
500 400 1.00314 0.00314282
600 400 1.00283 0.00282871
500 500 1.00386 0.00385678
600 500 1.00344 0.00344461
0 600 1.00016 0.00015897
100 600 1.00186 0.00185719
0 700 1.00098 0.000976459
100 700 1.00229 0.0022926
100 600 1.00186 0.00185719
200 600 1.00316 0.00316171
100 700 1.00229 0.0022926
200 700 1.0037 0.00370186
200 600 1.00316 0.00316171
300 600 1.0041 0.00410306
200 700 1.0037 0.00370186
300 700 1.00479 0.0047895
300 600 1.0041 0.00410306
400 600 1.0046 0.00460338
300 700 1.00479 0.0047895
400 700 1.00538 0.00537655
0 700 1.00098 0.000976459
100 700 1.00229 0.0022926
0 800 1.00032 0.000317983
100 800 1.00243 0.00242919
100 700 1.00229 0.0022926
200 700 1.0037 0.00370186
100 800 1.00243 0.00242919
200 800 1.00418 0.00418052
200 700 1.0037 0.00370186
300 700 1.00479 0.0047895
200 800 1.00418 0.00418052
300 800 1.00546 0.00546419
300 700 1.00479 0.0047895
400 700 1.00538 0.00537655
300 800 1.00546 0.00546419
400 800 1.00615 0.00614955
600 400 1.00283 0.00282871
700 400 1.00222 0.00221817
600 500 1.00344 0.00344461
700 500 1.00265 0.00264734
700 400 1.00222 0.00221817
800 400 1.00137 0.0013702
700 500 1.00265 0.00264734
800 500 1.00154 0.0015398
400 500 1.00385 0.00385206
500 500 1.00386 0.00385678
400 600 1.0046 0.00460338
500 600 1.00461 0.00460599
500 500 1.00386 0.00385678
600 500 1.00344 0.00344461
500 600 1.00461 0.00460599
600 600 1.0041 0.00409929
600 500 1.00344 0.00344461
700 500 1.00265 0.00264734
600 600 1.0041 0.00409929
700 600 1.00312 0.00312095
700 500 1.00265 0.00264734
800 500 1.00154 0.0015398
700 600 1.00312 0.00312095
800 600 1.00175 0.00175217
400 600 1.0046 0.00460338
500 600 1.00461 0.00460599
400 700 1.00538 0.00537655
500 700 1.00538 0.00538045
500 600 1.00461 0.00460599
600 600 1.0041 0.00409929
500 700 1.00538 0.00538045
600 700 1.00479 0.00478802
400 700 1.00538 0.00537655
500 700 1.00538 0.00538045
400 800 1.00615 0.00614955
500 800 1.00616 0.00615962
500 700 1.00538 0.00538045
600 700 1.00479 0.00478802
500 800 1.00616 0.00615962
600 800 1.00549 0.00548881
800 0 1.00096 0.000963663
900 0 1.00038 0.000383442
800 100 1.00101 0.00100659
900 100 1.00087 0.000870012
800 100 1.00101 0.00100659
900 100 1.00087 0.000870012
800 200 1.00104 0.00104074
900 200 1.00041 0.000414662
800 200 1.00104 0.00104074
900 200 1.00041 0.000414662
800 300 1.00125 0.00124903
900 300 1.00068 0.00068182
800 300 1.00125 0.00124903
900 300 1.00068 0.00068182
800 400 1.00137 0.0013702
900 400 1.00036 0.000363711
800 400 1.00137 0.0013702
900 400 1.00036 0.000363711
800 500 1.00154 0.0015398
900 500 1.00024 0.000244426
800 500 1.00154 0.0015398
900 500 1.00024 0.000244426
800 600 1.00175 0.00175217
900 600 1.0001 9.60984e-05
600 600 1.0041 0.00409929
700 600 1.00312 0.00312095
600 700 1.00479 0.00478802
700 700 1.00365 0.00365019
700 600 1.00312 0.00312095
800 600 1.00175 0.00175217
700 700 1.00365 0.00365019
800 700 1.00207 0.0020695
600 700 1.00479 0.00478802
700 700 1.00365 0.00365019
600 800 1.00549 0.00548881
700 800 1.00422 0.00421524
700 700 1.00365 0.00365019
800 700 1.00207 0.0020695
700 800 1.00422 0.00421524
800 800 1.00254 0.00253557
800 600 1.00175 0.00175217
900 600 1.0001 9.60984e-05
800 700 1.00207 0.0020695
900 700 1.00012 0.000118728
800 700 1.00207 0.0020695
900 700 1.00012 0.000118728
800 800 1.00254 0.00253557
900 800 1.00093 0.000929296
0 800 1.00032 0.000317983
100 800 1.00243 0.00242919
0 900 1.00032 0.000318569
100 900 1.00268 0.00267946
100 800 1.00243 0.00242919
200 800 1.00418 0.00418052
100 900 1.00268 0.00267946
200 900 1.00467 0.00466859
200 800 1.00418 0.00418052
300 800 1.00546 0.00546419
200 900 1.00467 0.00466859
300 900 1.00613 0.00612525
300 800 1.00546 0.00546419
400 800 1.00615 0.00614955
300 900 1.00613 0.00612525
400 900 1.0069 0.00690232
0 900 1.00032 0.000318569
100 900 1.00268 0.00267946
0 1000 1.00068 0.000677817
100 1000 1.00301 0.00301275
100 900 1.00268 0.00267946
200 900 1.00467 0.00466859
100 1000 1.00301 0.00301275
200 1000 1.00515 0.00515197
200 900 1.00467 0.00466859
300 900 1.00613 0.00612525
200 1000 1.00515 0.00515197
300 1000 1.00675 0.00674919
300 900 1.00613 0.00612525
400 900 1.0069 0.00690232
300 1000 1.00675 0.00674919
400 1000 1.00761 0.00760511
400 800 1.00615 0.00614955
500 800 1.00616 0.00615962
400 900 1.0069 0.00690232
500 900 1.00692 0.00691585
500 800 1.00616 0.00615962
600 800 1.00549 0.00548881
500 900 1.00692 0.00691585
600 900 1.00616 0.00615933
0 1000 1.00068 0.000677817
100 1000 1.00301 0.00301275
0 1100 1.00045 0.000447125
100 1100 1.00321 0.0032077
100 1000 1.00301 0.00301275
200 1000 1.00515 0.00515197
100 1100 1.00321 0.0032077
200 1100 1.00556 0.00555607
200 1000 1.00515 0.00515197
300 1000 1.00675 0.00674919
200 1100 1.00556 0.00555607
300 1100 1.00729 0.00728589
300 1000 1.00675 0.00674919
400 1000 1.00761 0.00760511
300 1100 1.00729 0.00728589
400 1100 1.00821 0.00820912
0 1100 1.00045 0.000447125
100 1100 1.00321 0.0032077
0 1200 1.00073 0.000725254
100 1200 1.00343 0.00343248
100 1100 1.00321 0.0032077
200 1100 1.00556 0.00555607
100 1200 1.00343 0.00343248
200 1200 1.00587 0.00586748
200 1100 1.00556 0.00555607
300 1100 1.00729 0.00728589
200 1200 1.00587 0.00586748
300 1200 1.00768 0.0076809
300 1100 1.00729 0.00728589
400 1100 1.00821 0.00820912
300 1200 1.00768 0.0076809
400 1200 1.00865 0.00864899
600 800 1.00549 0.00548881
700 800 1.00422 0.00421524
600 900 1.00616 0.00615933
700 900 1.0047 0.00470415
700 800 1.00422 0.00421524
800 800 1.00254 0.00253557
700 900 1.0047 0.00470415
800 900 1.00267 0.00266634
400 900 1.0069 0.00690232
500 900 1.00692 0.00691585
400 1000 1.00761 0.00760511
500 1000 1.00762 0.00762032
500 900 1.00692 0.00691585
600 900 1.00616 0.00615933
500 1000 1.00762 0.00762032
600 1000 1.00679 0.00679067
600 900 1.00616 0.00615933
700 900 1.0047 0.00470415
600 1000 1.00679 0.00679067
700 1000 1.00521 0.00521447
700 900 1.0047 0.00470415
800 900 1.00267 0.00266634
700 1000 1.00521 0.00521447
800 1000 1.00312 0.00311649
400 1000 1.00761 0.00760511
500 1000 1.00762 0.00762032
400 1100 1.00821 0.00820912
500 1100 1.00822 0.00822181
500 1000 1.00762 0.00762032
600 1000 1.00679 0.00679067
500 1100 1.00822 0.00822181
600 1100 1.00732 0.00731889
400 1100 1.00821 0.00820912
500 1100 1.00822 0.00822181
400 1200 1.00865 0.00864899
500 1200 1.00866 0.00865592
500 1100 1.00822 0.00822181
600 1100 1.00732 0.00731889
500 1200 1.00866 0.00865592
600 1200 1.00769 0.0076924
600 1000 1.00679 0.00679067
700 1000 1.00521 0.00521447
600 1100 1.00732 0.00731889
700 1100 1.0056 0.00560124
700 1000 1.00521 0.00521447
800 1000 1.00312 0.00311649
700 1100 1.0056 0.00560124
800 1100 1.00328 0.00328264
600 1100 1.00732 0.00731889
700 1100 1.0056 0.00560124
600 1200 1.00769 0.0076924
700 1200 1.00585 0.00585367
700 1100 1.0056 0.00560124
800 1100 1.00328 0.00328264
700 1200 1.00585 0.00585367
800 1200 1.00332 0.00332218
0 1200 1.00073 0.000725254
100 1200 1.00343 0.00343248
0 1300 1.00062 0.000618015
100 1300 1.0035 0.00349719
100 1200 1.00343 0.00343248
200 1200 1.00587 0.00586748
100 1300 1.0035 0.00349719
200 1300 1.006 0.00599619
200 1200 1.00587 0.00586748
300 1200 1.00768 0.0076809
200 1300 1.006 0.00599619
300 1300 1.00785 0.00784873
300 1200 1.00768 0.0076809
400 1200 1.00865 0.00864899
300 1300 1.00785 0.00784873
400 1300 1.00884 0.00883504
0 1300 1.00062 0.000618015
100 1300 1.0035 0.00349719
0 1400 1.0009 0.000896547
100 1400 1.00346 0.00346356
100 1300 1.0035 0.00349719
200 1300 1.006 0.00599619
100 1400 1.00346 0.00346356
200 1400 1.00588 0.00588074
200 1300 1.006 0.00599619
300 1300 1.00785 0.00784873
200 1400 1.00588 0.00588074
300 1400 1.00769 0.00769478
300 1300 1.00785 0.00784873
400 1300 1.00884 0.00883504
300 1400 1.00769 0.00769478
400 1400 1.00866 0.00865957
0 1400 1.0009 0.000896547
100 1400 1.00346 0.00346356
0 1500 1.00015 0.000149448
100 1500 1.00307 0.00306965
100 1400 1.00346 0.00346356
200 1400 1.00588 0.00588074
100 1500 1.00307 0.00306965
200 1500 1.00542 0.00541848
200 1400 1.00588 0.00588074
300 1400 1.00769 0.00769478
200 1500 1.00542 0.00541848
300 1500 1.00712 0.00712234
300 1400 1.00769 0.00769478
400 1400 1.00866 0.00865957
300 1500 1.00712 0.00712234
400 1500 1.00802 0.00801618
0 1500 1.00015 0.000149448
100 1500 1.00307 0.00306965
0 1600 1.0007 0.000697429
100 1600 1.00274 0.00273619
100 1500 1.00307 0.00306965
200 1500 1.00542 0.00541848
100 1600 1.00274 0.00273619
200 1600 1.00465 0.00464931
200 1500 1.00542 0.00541848
300 1500 1.00712 0.00712234
200 1600 1.00465 0.00464931
300 1600 1.00609 0.006089
300 1500 1.00712 0.00712234
400 1500 1.00802 0.00801618
300 1600 1.00609 0.006089
400 1600 1.00684 0.00683987
400 1200 1.00865 0.00864899
500 1200 1.00866 0.00865592
400 1300 1.00884 0.00883504
500 1300 1.00884 0.00883718
500 1200 1.00866 0.00865592
600 1200 1.00769 0.0076924
500 1300 1.00884 0.00883718
600 1300 1.00785 0.00784761
600 1200 1.00769 0.0076924
700 1200 1.00585 0.00585367
600 1300 1.00785 0.00784761
700 1300 1.00597 0.00597064
700 1200 1.00585 0.00585367
800 1200 1.00332 0.00332218
700 1300 1.00597 0.00597064
800 1300 1.00341 0.00341438
400 1300 1.00884 0.00883504
500 1300 1.00884 0.00883718
400 1400 1.00866 0.00865957
500 1400 1.00866 0.0086563
500 1300 1.00884 0.00883718
600 1300 1.00785 0.00784761
500 1400 1.00866 0.0086563
600 1400 1.00768 0.00768156
600 1300 1.00785 0.00784761
700 1300 1.00597 0.00597064
600 1400 1.00768 0.00768156
700 1400 1.00585 0.00585281
700 1300 1.00597 0.00597064
800 1300 1.00341 0.00341438
700 1400 1.00585 0.00585281
800 1400 1.00344 0.00343943
400 1400 1.00866 0.00865957
500 1400 1.00866 0.0086563
400 1500 1.00802 0.00801618
500 1500 1.008 0.00800317
500 1400 1.00866 0.0086563
600 1400 1.00768 0.00768156
500 1500 1.008 0.00800317
600 1500 1.00708 0.00708218
800 800 1.00254 0.00253557
900 800 1.00093 0.000929296
800 900 1.00267 0.00266634
900 900 1 4.69548e-06
800 900 1.00267 0.00266634
900 900 1 4.69548e-06
800 1000 1.00312 0.00311649
900 1000 1.00095 0.000952749
800 1000 1.00312 0.00311649
900 1000 1.00095 0.000952749
800 1100 1.00328 0.00328264
900 1100 1.00069 0.000692532
800 1100 1.00328 0.00328264
900 1100 1.00069 0.000692532
800 1200 1.00332 0.00332218
900 1200 1.00029 0.000290078
600 1400 1.00768 0.00768156
700 1400 1.00585 0.00585281
600 1500 1.00708 0.00708218
700 1500 1.00535 0.00534734
700 1400 1.00585 0.00585281
800 1400 1.00344 0.00343943
700 1500 1.00535 0.00534734
800 1500 1.00297 0.00296694
400 1500 1.00802 0.00801618
500 1500 1.008 0.00800317
400 1600 1.00684 0.00683987
500 1600 1.00681 0.00681125
500 1500 1.008 0.00800317
600 1500 1.00708 0.00708218
500 1600 1.00681 0.00681125
600 1600 1.00601 0.00600797
600 1500 1.00708 0.00708218
700 1500 1.00535 0.00534734
600 1600 1.00601 0.00600797
700 1600 1.00452 0.00451534
700 1500 1.00535 0.00534734
800 1500 1.00297 0.00296694
700 1600 1.00452 0.00451534
800 1600 1.00249 0.00248773
800 1200 1.00332 0.00332218
900 1200 1.00029 0.000290078
800 1300 1.00341 0.00341438
900 1300 1.00043 0.000431418
800 1300 1.00341 0.00341438
900 1300 1.00043 0.000431418
800 1400 1.00344 0.00343943
900 1400 1.001 0.000998847
800 1400 1.00344 0.00343943
900 1400 1.001 0.000998847
800 1500 1.00297 0.00296694
900 1500 1.00007 6.9167e-05
800 1500 1.00297 0.00296694
900 1500 1.00007 6.9167e-05
800 1600 1.00249 0.00248773
900 1600 1.00017 0.00017163
0 1600 1.0007 0.000697429
100 1600 1.00274 0.00273619
0 1700 1.00052 0.000521037
100 1700 1.00206 0.00206494
100 1600 1.00274 0.00273619
200 1600 1.00465 0.00464931
100 1700 1.00206 0.00206494
200 1700 1.00349 0.00348975
0 1700 1.00052 0.000521037
100 1700 1.00206 0.00206494
0 1800 1.00016 0.000164694
100 1800 1.00116 0.00115585
100 1700 1.00206 0.00206494
200 1700 1.00349 0.00348975
100 1800 1.00116 0.00115585
200 1800 1.00199 0.00198863
0 1800 1.00016 0.000164694
100 1800 1.00116 0.00115585
0 1900 1.0004 0.000398221
100 1900 1.00021 0.000209844
100 1800 1.00116 0.00115585
200 1800 1.00199 0.00198863
100 1900 1.00021 0.000209844
200 1900 1.00019 0.000186193
200 1600 1.00465 0.00464931
300 1600 1.00609 0.006089
200 1700 1.00349 0.00348975
300 1700 1.00459 0.00459058
300 1600 1.00609 0.006089
400 1600 1.00684 0.00683987
300 1700 1.00459 0.00459058
400 1700 1.00514 0.00513571
400 1600 1.00684 0.00683987
500 1600 1.00681 0.00681125
400 1700 1.00514 0.00513571
500 1700 1.00508 0.00508084
500 1600 1.00681 0.00681125
600 1600 1.00601 0.00600797
500 1700 1.00508 0.00508084
600 1700 1.00445 0.00445442
200 1700 1.00349 0.00348975
300 1700 1.00459 0.00459058
200 1800 1.00199 0.00198863
300 1800 1.00276 0.00275855
300 1700 1.00459 0.00459058
400 1700 1.00514 0.00513571
300 1800 1.00276 0.00275855
400 1800 1.00302 0.00302386
400 1700 1.00514 0.00513571
500 1700 1.00508 0.00508084
400 1800 1.00302 0.00302386
500 1800 1.00291 0.00291004
500 1700 1.00508 0.00508084
600 1700 1.00445 0.00445442
500 1800 1.00291 0.00291004
600 1800 1.00249 0.00249119
200 1800 1.00199 0.00198863
300 1800 1.00276 0.00275855
200 1900 1.00019 0.000186193
300 1900 1.00094 0.000944372
300 1800 1.00276 0.00275855
400 1800 1.00302 0.00302386
300 1900 1.00094 0.000944372
400 1900 1.00074 0.000739551
600 1600 1.00601 0.00600797
700 1600 1.00452 0.00451534
600 1700 1.00445 0.00445442
700 1700 1.00334 0.00333763
700 1600 1.00452 0.00451534
800 1600 1.00249 0.00248773
700 1700 1.00334 0.00333763
800 1700 1.00182 0.00182256
800 1600 1.00249 0.00248773
900 1600 1.00017 0.00017163
800 1700 1.00182 0.00182256
900 1700 1.00003 3.18389e-05
600 1700 1.00445 0.00445442
700 1700 1.00334 0.00333763
600 1800 1.00249 0.00249119
700 1800 1.00188 0.00188048
700 1700 1.00334 0.00333763
800 1700 1.00182 0.00182256
700 1800 1.00188 0.00188048
800 1800 1.00107 0.00106812
800 1700 1.00182 0.00182256
900 1700 1.00003 3.18389e-05
800 1800 1.00107 0.00106812
900 1800 1.00031 0.000311945
400 1800 1.00302 0.00302386
500 1800 1.00291 0.00291004
400 1900 1.00074 0.000739551
500 1900 1.00049 0.000490459
500 1800 1.00291 0.00291004
600 1800 1.00249 0.00249119
500 1900 1.00049 0.000490459
600 1900 1.00023 0.000227415
600 1800 1.00249 0.00249119
700 1800 1.00188 0.00188048
600 1900 1.00023 0.000227415
700 1900 1.00025 0.000254356
700 1800 1.00188 0.00188048
800 1800 1.00107 0.00106812
700 1900 1.00025 0.000254356
800 1900 1.00006 5.80292e-05
800 1800 1.00107 0.00106812
900 1800 1.00031 0.000311945
800 1900 1.00006 5.80292e-05
900 1900 1.00043 0.000434417
