# x y z topography
0 0 1.00055 0.000548814
100 0 1.00072 0.000715189
0 100 1.00079 0.000791725
100 100 1.00096 0.000963921
100 0 1.00072 0.000715189
200 0 1.0006 0.000602763
100 100 1.00096 0.000963921
200 100 1.00111 0.00110615
200 0 1.0006 0.000602763
300 0 1.00054 0.000544883
200 100 1.00111 0.00110615
300 100 1.00122 0.00122254
300 0 1.00054 0.000544883
400 0 1.00042 0.000423655
300 100 1.00122 0.00122254
400 100 1.00128 0.00128045
0 100 1.00079 0.000791725
100 100 1.00096 0.000963921
0 200 1.00098 0.000978618
100 200 1.00122 0.00121779
100 100 1.00096 0.000963921
200 100 1.00111 0.00110615
100 200 1.00122 0.00121779
200 200 1.00159 0.00158861
200 100 1.00111 0.00110615
300 100 1.00122 0.00122254
200 200 1.00159 0.00158861
300 200 1.0019 0.0018951
300 100 1.00122 0.00122254
400 100 1.00128 0.00128045
300 200 1.0019 0.0018951
400 200 1.00207 0.00206774
0 200 1.00098 0.000978618
100 200 1.00122 0.00121779
0 300 1.00026 0.000264556
100 300 1.00129 0.00128787
100 200 1.00122 0.00121779
200 200 1.00159 0.00158861
100 300 1.00129 0.00128787
200 300 1.00204 0.0020374
400 0 1.00042 0.000423655
500 0 1.00065 0.000645894
400 100 1.00128 0.00128045
500 100 1.00133 0.00133405
500 0 1.00065 0.000645894
600 0 1.00044 0.000437587
500 100 1.00133 0.00133405
600 100 1.00125 0.00124545
400 100 1.00128 0.00128045
500 100 1.00133 0.00133405
400 200 1.00207 0.00206774
500 200 1.00209 0.00208802
500 100 1.00133 0.00133405
600 100 1.00125 0.00124545
500 200 1.00209 0.00208802
600 200 1.00192 0.00192445
200 200 1.00159 0.00158861
300 200 1.0019 0.0018951
200 300 1.00204 0.0020374
300 300 1.00257 0.00256864
300 200 1.0019 0.0018951
400 200 1.00207 0.00206774
300 300 1.00257 0.00256864
400 300 1.00285 0.00285357
0 300 1.00026 0.000264556
100 300 1.00129 0.00128787
0 400 1.00036 0.000359508
100 400 1.00155 0.00154817
100 300 1.00129 0.00128787
200 300 1.00204 0.0020374
100 400 1.00155 0.00154817
200 400 1.00255 0.00254771
200 300 1.00204 0.0020374
300 300 1.00257 0.00256864
200 400 1.00255 0.00254771
300 400 1.00328 0.00327657
300 300 1.00257 0.00256864
400 300 1.00285 0.00285357
300 400 1.00328 0.00327657
400 400 1.00367 0.00366631
600 0 1.00044 0.000437587
700 0 1.00089 0.000891773
600 100 1.00125 0.00124545
700 100 1.00122 0.00121571
700 0 1.00089 0.000891773
800 0 1.00096 0.000963663
700 100 1.00122 0.00121571
800 100 1.00105 0.00105324
600 100 1.00125 0.00124545
700 100 1.00122 0.00121571
600 200 1.00192 0.00192445
700 200 1.00162 0.00161828
700 100 1.00122 0.00121571
800 100 1.00105 0.00105324
700 200 1.00162 0.00161828
800 200 1.00113 0.00113394
400 200 1.00207 0.00206774
500 200 1.00209 0.00208802
400 300 1.00285 0.00285357
500 300 1.00287 0.00286727
500 200 1.00209 0.00208802
600 200 1.00192 0.00192445
500 300 1.00287 0.00286727
600 300 1.0026 0.00260113
600 200 1.00192 0.00192445
700 200 1.00162 0.00161828
600 300 1.0026 0.00260113
700 300 1.00209 0.00208731
700 200 1.00162 0.00161828
800 200 1.00113 0.00113394
700 300 1.00209 0.00208731
800 300 1.00139 0.00138851
400 300 1.00285 0.00285357
500 300 1.00287 0.00286727
400 400 1.00367 0.00366631
500 400 1.00368 0.00367568
500 300 1.00287 0.00286727
600 300 1.0026 0.00260113
500 400 1.00368 0.00367568
600 400 1.0033 0.0032974
600 300 1.0026 0.00260113
700 300 1.00209 0.00208731
600 400 1.0033 0.0032974
700 400 1.00257 0.00256612
700 300 1.00209 0.00208731
800 300 1.00139 0.00138851
700 400 1.00257 0.00256612
800 400 1.00156 0.00155536
0 400 1.00036 0.000359508
100 400 1.00155 0.00154817
0 500 1.00057 0.000570197
100 500 1.00188 0.00187798
100 400 1.00155 0.00154817
200 400 1.00255 0.00254771
100 500 1.00188 0.00187798
200 500 1.0031 0.00310473
200 400 1.00255 0.00254771
300 400 1.00328 0.00327657
200 500 1.0031 0.00310473
300 500 1.00402 0.00402182
300 400 1.00328 0.00327657
400 400 1.00367 0.00366631
300 500 1.00402 0.00402182
400 500 1.00451 0.00451293
0 500 1.00057 0.000570197
100 500 1.00188 0.00187798
0 600 1.00016 0.00015897
100 600 1.00213 0.0021291
100 500 1.00188 0.00187798
200 500 1.0031 0.00310473
100 600 1.00213 0.0021291
200 600 1.00367 0.0036728
200 500 1.0031 0.00310473
300 500 1.00402 0.00402182
200 600 1.00367 0.0036728
300 600 1.00479 0.00479175
300 500 1.00402 0.00402182
400 500 1.00451 0.00451293
300 600 1.00479 0.00479175
400 600 1.00539 0.00538669
400 400 1.00367 0.00366631
500 400 1.00368 0.00367568
400 500 1.00451 0.00451293
500 500 1.00452 0.0045178
500 400 1.00368 0.00367568
600 400 1.0033 0.0032974
500 500 1.00452 0.0045178
600 500 1.00403 0.00402604
0 600 1.00016 0.00015897
100 600 1.00213 0.0021291
0 700 1.00098 0.000976459
100 700 1.0026 0.00260388
100 600 1.00213 0.0021291
200 600 1.00367 0.0036728
100 700 1.0026 0.00260388
200 700 1.00429 0.00428693
200 600 1.00367 0.0036728
300 600 1.00479 0.00479175
200 700 1.00429 0.00428693
300 700 1.00558 0.00557787
300 600 1.00479 0.00479175
400 600 1.00539 0.00538669
300 700 1.00558 0.00557787
400 700 1.00627 0.00627322
0 700 1.00098 0.000976459
100 700 1.0026 0.00260388
0 800 1.00032 0.000317983
100 800 1.00278 0.00277518
100 700 1.0026 0.00260388
200 700 1.00429 0.00428693
100 800 1.00278 0.00277518
200 800 1.00483 0.00483081
200 700 1.00429 0.00428693
300 700 1.00558 0.00557787
200 800 1.00483 0.00483081
300 800 1.00634 0.00634044
300 700 1.00558 0.00557787
400 700 1.00627 0.00627322
300 800 1.00634 0.00634044
400 800 1.00715 0.00714613
600 400 1.0033 0.0032974
700 400 1.00257 0.00256612
600 500 1.00403 0.00402604
700 500 1.00308 0.00307896
700 400 1.00257 0.00256612
800 400 1.00156 0.00155536
700 500 1.00308 0.00307896
800 500 1.00177 0.00176949
400 500 1.00451 0.00451293
500 500 1.00452 0.0045178
400 600 1.00539 0.00538669
500 600 1.00539 0.00538946
500 500 1.00452 0.0045178
600 500 1.00403 0.00402604
500 600 1.00539 0.00538946
600 600 1.00479 0.00478841
600 500 1.00403 0.00402604
700 500 1.00308 0.00307896
600 600 1.00479 0.00478841
700 600 1.00363 0.00363251
700 500 1.00308 0.00307896
800 500 1.00177 0.00176949
700 600 1.00363 0.00363251
800 600 1.00202 0.00202439
400 600 1.00539 0.00538669
500 600 1.00539 0.00538946
400 700 1.00627 0.00627322
500 700 1.00628 0.00627728
500 600 1.00539 0.00538946
600 600 1.00479 0.00478841
500 700 1.00628 0.00627728
600 700 1.00558 0.00557681
400 700 1.00627 0.00627322
500 700 1.00628 0.00627728
400 800 1.00715 0.00714613
500 800 1.00716 0.00715637
500 700 1.00628 0.00627728
600 700 1.00558 0.00557681
500 800 1.00716 0.00715637
600 800 1.00637 0.00636547
800 0 1.00096 0.000963663
900 0 1.00038 0.000383442
800 100 1.00105 0.00105324
900 100 1.00087 0.000870012
800 100 1.00105 0.00105324
900 100 1.00087 0.000870012
800 200 1.00113 0.00113394
900 200 1.00041 0.000414662
800 200 1.00113 0.00113394
900 200 1.00041 0.000414662
800 300 1.00139 0.00138851
900 300 1.00068 0.00068182
800 300 1.00139 0.00138851
900 300 1.00068 0.00068182
800 400 1.00156 0.00155536
900 400 1.00036 0.000363711
800 400 1.00156 0.00155536
900 400 1.00036 0.000363711
800 500 1.00177 0.00176949
900 500 1.00024 0.000244426
800 500 1.00177 0.00176949
900 500 1.00024 0.000244426
800 600 1.00202 0.00202439
900 600 1.0001 9.60984e-05
600 600 1.00479 0.00478841
700 600 1.00363 0.00363251
600 700 1.00558 0.00557681
700 700 1.00424 0.00423574
700 600 1.00363 0.00363251
800 600 1.00202 0.00202439
700 700 1.00424 0.00423574
800 700 1.00238 0.00238109
600 700 1.00558 0.00557681
700 700 1.00424 0.00423574
600 800 1.00637 0.00636547
700 800 1.00487 0.004866
700 700 1.00424 0.00423574
800 700 1.00238 0.00238109
700 800 1.00487 0.004866
800 800 1.00288 0.00288186
800 600 1.00202 0.00202439
900 600 1.0001 9.60984e-05
800 700 1.00238 0.00238109
900 700 1.00012 0.000118728
800 700 1.00238 0.00238109
900 700 1.00012 0.000118728
800 800 1.00288 0.00288186
900 800 1.00093 0.000929296
0 800 1.00032 0.000317983
100 800 1.00278 0.00277518
0 900 1.00032 0.000318569
100 900 1.00305 0.00305369
100 800 1.00278 0.00277518
200 800 1.00483 0.00483081
100 900 1.00305 0.00305369
200 900 1.00537 0.00537195
200 800 1.00483 0.00483081
300 800 1.00634 0.00634044
200 900 1.00537 0.00537195
300 900 1.00707 0.00707298
300 800 1.00634 0.00634044
400 800 1.00715 0.00714613
300 900 1.00707 0.00707298
400 900 1.00798 0.00798016
0 900 1.00032 0.000318569
100 900 1.00305 0.00305369
0 1000 1.00068 0.000677817
100 1000 1.00341 0.0034067
100 900 1.00305 0.00305369
200 900 1.00537 0.00537195
100 1000 1.00341 0.0034067
200 1000 1.00589 0.00589239
200 900 1.00537 0.00537195
300 900 1.00707 0.00707298
200 1000 1.00589 0.00589239
300 1000 1.00775 0.00774683
300 900 1.00707 0.00707298
400 900 1.00798 0.00798016
300 1000 1.00775 0.00774683
400 1000 1.00874 0.00873968
400 800 1.00715 0.00714613
500 800 1.00716 0.00715637
400 900 1.00798 0.00798016
500 900 1.00799 0.00799383
500 800 1.00716 0.00715637
600 800 1.00637 0.00636547
500 900 1.00799 0.00799383
600 900 1.00711 0.0071074
0 1000 1.00068 0.000677817
100 1000 1.00341 0.0034067
0 1100 1.00045 0.000447125
100 1100 1.00361 0.00361076
100 1000 1.00341 0.0034067
200 1000 1.00589 0.00589239
100 1100 1.00361 0.00361076
200 1100 1.00631 0.0063136
200 1000 1.00589 0.00589239
300 1000 1.00775 0.00774683
200 1100 1.00631 0.0063136
300 1100 1.00831 0.00830656
300 1000 1.00775 0.00774683
400 1000 1.00874 0.00873968
300 1100 1.00831 0.00830656
400 1100 1.00937 0.00936984
0 1100 1.00045 0.000447125
100 1100 1.00361 0.00361076
0 1200 1.00073 0.000725254
100 1200 1.00383 0.00383209
100 1100 1.00361 0.00361076
200 1100 1.00631 0.0063136
100 1200 1.00383 0.00383209
200 1200 1.00662 0.0066185
200 1100 1.00631 0.0063136
300 1100 1.00831 0.00830656
200 1200 1.00662 0.0066185
300 1200 1.00869 0.00869276
300 1100 1.00831 0.00830656
400 1100 1.00937 0.00936984
300 1200 1.00869 0.00869276
400 1200 1.0098 0.00979966
600 800 1.00637 0.00636547
700 800 1.00487 0.004866
600 900 1.00711 0.0071074
700 900 1.00541 0.0054079
700 800 1.00487 0.004866
800 800 1.00288 0.00288186
700 900 1.00541 0.0054079
800 900 1.00304 0.00304083
400 900 1.00798 0.00798016
500 900 1.00799 0.00799383
400 1000 1.00874 0.00873968
500 1000 1.00875 0.008755
500 900 1.00799 0.00799383
600 900 1.00711 0.0071074
500 1000 1.00875 0.008755
600 1000 1.00779 0.00778857
600 900 1.00711 0.0071074
700 900 1.00541 0.0054079
600 1000 1.00779 0.00778857
700 1000 1.00596 0.0059552
700 900 1.00541 0.0054079
800 900 1.00304 0.00304083
700 1000 1.00596 0.0059552
800 1000 1.00351 0.00351064
400 1000 1.00874 0.00873968
500 1000 1.00875 0.008755
400 1100 1.00937 0.00936984
500 1100 1.00938 0.00938259
500 1000 1.00875 0.008755
600 1000 1.00779 0.00778857
500 1100 1.00938 0.00938259
600 1100 1.00834 0.00833972
400 1100 1.00937 0.00936984
500 1100 1.00938 0.00938259
400 1200 1.0098 0.00979966
500 1200 1.00981 0.00980661
500 1100 1.00938 0.00938259
600 1100 1.00834 0.00833972
500 1200 1.00981 0.00980661
600 1200 1.0087 0.00870433
600 1000 1.00779 0.00778857
700 1000 1.00596 0.0059552
600 1100 1.00834 0.00833972
700 1100 1.00636 0.00635896
700 1000 1.00596 0.0059552
800 1000 1.00351 0.00351064
700 1100 1.00636 0.00635896
800 1100 1.00369 0.00368583
600 1100 1.00834 0.00833972
700 1100 1.00636 0.00635896
600 1200 1.0087 0.00870433
700 1200 1.0066 0.00660477
700 1100 1.00636 0.00635896
800 1100 1.00369 0.00368583
700 1200 1.0066 0.00660477
800 1200 1.00372 0.00372183
0 1200 1.00073 0.000725254
100 1200 1.00383 0.00383209
0 1300 1.00062 0.000618015
100 1300 1.00388 0.00387922
100 1200 1.00383 0.00383209
200 1200 1.00662 0.0066185
100 1300 1.00388 0.00387922
200 1300 1.00671 0.00671416
200 1200 1.00662 0.0066185
300 1200 1.00869 0.00869276
200 1300 1.00671 0.00671416
300 1300 1.00882 0.00881604
300 1200 1.00869 0.00869276
400 1200 1.0098 0.00979966
300 1300 1.00882 0.00881604
400 1300 1.00994 0.00993502
0 1300 1.00062 0.000618015
100 1300 1.00388 0.00387922
0 1400 1.0009 0.000896547
100 1400 1.00381 0.00381301
100 1300 1.00388 0.00387922
200 1300 1.00671 0.00671416
100 1400 1.00381 0.00381301
200 1400 1.00654 0.00653747
200 1300 1.00671 0.00671416
300 1300 1.00882 0.00881604
200 1400 1.00654 0.00653747
300 1400 1.00858 0.00857956
300 1300 1.00882 0.00881604
400 1300 1.00994 0.00993502
300 1400 1.00858 0.00857956
400 1400 1.00967 0.00966567
0 1400 1.0009 0.000896547
100 1400 1.00381 0.00381301
0 1500 1.00015 0.000149448
100 1500 1.00337 0.00337155
100 1400 1.00381 0.00381301
200 1400 1.00654 0.00653747
100 1500 1.00337 0.00337155
200 1500 1.00599 0.00598585
200 1400 1.00654 0.00653747
300 1400 1.00858 0.00857956
200 1500 1.00599 0.00598585
300 1500 1.00789 0.00788671
300 1400 1.00858 0.00857956
400 1400 1.00967 0.00966567
300 1500 1.00789 0.00788671
400 1500 1.00889 0.00888533
0 1500 1.00015 0.000149448
100 1500 1.00337 0.00337155
0 1600 1.0007 0.000697429
100 1600 1.00298 0.00297668
100 1500 1.00337 0.00337155
200 1500 1.00599 0.00598585
100 1600 1.00298 0.00297668
200 1600 1.0051 0.00510126
200 1500 1.00599 0.00598585
300 1500 1.00789 0.00788671
200 1600 1.0051 0.00510126
300 1600 1.0067 0.00669785
300 1500 1.00789 0.00788671
400 1500 1.00889 0.00888533
300 1600 1.0067 0.00669785
400 1600 1.00753 0.00753217
400 1200 1.0098 0.00979966
500 1200 1.00981 0.00980661
400 1300 1.00994 0.00993502
500 1300 1.00994 0.00993713
500 1200 1.00981 0.00980661
600 1200 1.0087 0.00870433
500 1300 1.00994 0.00993713
600 1300 1.00881 0.00881488
600 1200 1.0087 0.00870433
700 1200 1.0066 0.00660477
600 1300 1.00881 0.00881488
700 1300 1.00669 0.00668857
700 1200 1.0066 0.00660477
800 1200 1.00372 0.00372183
700 1300 1.00669 0.00668857
800 1300 1.0038 0.00379638
400 1300 1.00994 0.00993502
500 1300 1.00994 0.00993713
400 1400 1.00967 0.00966567
500 1400 1.00966 0.00966236
500 1300 1.00994 0.00993713
600 1300 1.00881 0.00881488
500 1400 1.00966 0.00966236
600 1400 1.00857 0.00856623
600 1300 1.00881 0.00881488
700 1300 1.00669 0.00668857
600 1400 1.00857 0.00856623
700 1400 1.00651 0.00650941
700 1300 1.00669 0.00668857
800 1300 1.0038 0.00379638
700 1400 1.00651 0.00650941
800 1400 1.00379 0.00378879
400 1400 1.00967 0.00966567
500 1400 1.00966 0.00966236
400 1500 1.00889 0.00888533
500 1500 1.00887 0.00887226
500 1400 1.00966 0.00966236
600 1400 1.00857 0.00856623
500 1500 1.00887 0.00887226
600 1500 1.00785 0.00784639
800 800 1.00288 0.00288186
900 800 1.00093 0.000929296
800 900 1.00304 0.00304083
900 900 1 4.69548e-06
800 900 1.00304 0.00304083
900 900 1 4.69548e-06
800 1000 1.00351 0.00351064
900 1000 1.00095 0.000952749
800 1000 1.00351 0.00351064
900 1000 1.00095 0.000952749
800 1100 1.00369 0.00368583
900 1100 1.00069 0.000692532
800 1100 1.00369 0.00368583
900 1100 1.00069 0.000692532
800 1200 1.00372 0.00372183
900 1200 1.00029 0.000290078
600 1400 1.00857 0.00856623
700 1400 1.00651 0.00650941
600 1500 1.00785 0.00784639
700 1500 1.00591 0.00591452
700 1400 1.00651 0.00650941
800 1400 1.00379 0.00378879
700 1500 1.00591 0.00591452
800 1500 1.00327 0.00326873
400 1500 1.00889 0.00888533
500 1500 1.00887 0.00887226
400 1600 1.00753 0.00753217
500 1600 1.0075 0.00750349
500 1500 1.00887 0.00887226
600 1500 1.00785 0.00784639
500 1600 1.0075 0.00750349
600 1600 1.00662 0.00661666
600 1500 1.00785 0.00784639
700 1500 1.00591 0.00591452
600 1600 1.00662 0.00661666
700 1600 1.00497 0.00496709
700 1500 1.00591 0.00591452
800 1500 1.00327 0.00326873
700 1600 1.00497 0.00496709
800 1600 1.00273 0.00272809
800 1200 1.00372 0.00372183
900 1200 1.00029 0.000290078
800 1300 1.0038 0.00379638
900 1300 1.00043 0.000431418
800 1300 1.0038 0.00379638
900 1300 1.00043 0.000431418
800 1400 1.00379 0.00378879
900 1400 1.001 0.000998847
800 1400 1.00379 0.00378879
900 1400 1.001 0.000998847
800 1500 1.00327 0.00326873
900 1500 1.00007 6.9167e-05
800 1500 1.00327 0.00326873
900 1500 1.00007 6.9167e-05
800 1600 1.00273 0.00272809
900 1600 1.00017 0.00017163
0 1600 1.0007 0.000697429
100 1600 1.00298 0.00297668
0 1700 1.00052 0.000521037
100 1700 1.00223 0.00223235
100 1600 1.00298 0.00297668
200 1600 1.0051 0.00510126
100 1700 1.00223 0.00223235
200 1700 1.0038 0.00380437
0 1700 1.00052 0.000521037
100 1700 1.00223 0.00223235
0 1800 1.00016 0.000164694
100 1800 1.00124 0.00124176
100 1700 1.00223 0.00223235
200 1700 1.0038 0.00380437
100 1800 1.00124 0.00124176
200 1800 1.00215 0.0021501
0 1800 1.00016 0.000164694
100 1800 1.00124 0.00124176
0 1900 1.0004 0.000398221
100 1900 1.00021 0.000209844
100 1800 1.00124 0.00124176
200 1800 1.00215 0.0021501
100 1900 1.00021 0.000209844
200 1900 1.00019 0.000186193
200 1600 1.0051 0.00510126
300 1600 1.0067 0.00669785
200 1700 1.0038 0.00380437
300 1700 1.00501 0.00501443
300 1600 1.0067 0.00669785
400 1600 1.00753 0.00753217
300 1700 1.00501 0.00501443
400 1700 1.00562 0.00561764
400 1600 1.00753 0.00753217
500 1600 1.0075 0.00750349
400 1700 1.00562 0.00561764
500 1700 1.00556 0.00556271
500 1600 1.0075 0.00750349
600 1600 1.00662 0.00661666
500 1700 1.00556 0.00556271
600 1700 1.00488 0.00487813
200 1700 1.0038 0.00380437
300 1700 1.00501 0.00501443
200 1800 1.00215 0.0021501
300 1800 1.00298 0.00297607
300 1700 1.00501 0.00501443
400 1700 1.00562 0.00561764
300 1800 1.00298 0.00297607
400 1800 1.00327 0.00327119
400 1700 1.00562 0.00561764
500 1700 1.00556 0.00556271
400 1800 1.00327 0.00327119
500 1800 1.00316 0.00315734
500 1700 1.00556 0.00556271
600 1700 1.00488 0.00487813
500 1800 1.00316 0.00315734
600 1800 1.00271 0.00270863
200 1800 1.00215 0.0021501
300 1800 1.00298 0.00297607
200 1900 1.00019 0.000186193
300 1900 1.00094 0.000944372
300 1800 1.00298 0.00297607
400 1800 1.00327 0.00327119
300 1900 1.00094 0.000944372
400 1900 1.00074 0.000739551
600 1600 1.00662 0.00661666
700 1600 1.00497 0.00496709
600 1700 1.00488 0.00487813
700 1700 1.00365 0.0036521
700 1600 1.00497 0.00496709
800 1600 1.00273 0.00272809
700 1700 1.00365 0.0036521
800 1700 1.00199 0.00198987
800 1600 1.00273 0.00272809
900 1600 1.00017 0.00017163
800 1700 1.00199 0.00198987
900 1700 1.00003 3.18389e-05
600 1700 1.00488 0.00487813
700 1700 1.00365 0.0036521
600 1800 1.00271 0.00270863
700 1800 1.00204 0.00204186
700 1700 1.00365 0.0036521
800 1700 1.00199 0.00198987
700 1800 1.00204 0.00204186
800 1800 1.00115 0.00115399
800 1700 1.00199 0.00198987
900 1700 1.00003 3.18389e-05
800 1800 1.00115 0.00115399
900 1800 1.00031 0.000311945
400 1800 1.00327 0.00327119
500 1800 1.00316 0.00315734
400 1900 1.00074 0.000739551
500 1900 1.00049 0.000490459
500 1800 1.00316 0.00315734
600 1800 1.00271 0.00270863
500 1900 1.00049 0.000490459
600 1900 1.00023 0.000227415
600 1800 1.00271 0.00270863
700 1800 1.00204 0.00204186
600 1900 1.00023 0.000227415
700 1900 1.00025 0.000254356
700 1800 1.00204 0.00204186
800 1800 1.00115 0.00115399
700 1900 1.00025 0.000254356
800 1900 1.00006 5.80292e-05
800 1800 1.00115 0.00115399
900 1800 1.00031 0.000311945
800 1900 1.00006 5.80292e-05
900 1900 1.00043 0.000434417
