# x y z topography
0 0 1.00055 0.000548814
100 0 1.00072 0.000715189
0 100 1.00079 0.000791725
100 100 1.00207 0.00206649
100 0 1.00072 0.000715189
200 0 1.0006 0.000602763
100 100 1.00207 0.00206649
200 100 1.0023 0.00229691
200 0 1.0006 0.000602763
300 0 1.00054 0.000544883
200 100 1.0023 0.00229691
300 100 1.00248 0.0024757
300 0 1.00054 0.000544883
400 0 1.00042 0.000423655
300 100 1.00248 0.0024757
400 100 1.00256 0.00256351
400 0 1.00042 0.000423655
500 0 1.00065 0.000645894
400 100 1.00256 0.00256351
500 100 1.00261 0.00261262
500 0 1.00065 0.000645894
600 0 1.00044 0.000437587
500 100 1.00261 0.00261262
600 100 1.00249 0.00248725
600 0 1.00044 0.000437587
700 0 1.00089 0.000891773
600 100 1.00249 0.00248725
700 100 1.00239 0.00239354
700 0 1.00089 0.000891773
800 0 1.00096 0.000963663
700 100 1.00239 0.00239354
800 100 1.00215 0.00214736
800 0 1.00096 0.000963663
900 0 1.00038 0.000383442
800 100 1.00215 0.00214736
900 100 1.00087 0.000870012
0 100 1.00079 0.000791725
100 100 1.00207 0.00206649
0 200 1.00098 0.000978618
100 200 1.00342 0.00341694
100 100 1.00207 0.00206649
200 100 1.0023 0.00229691
100 200 1.00342 0.00341694
200 200 1.00396 0.00395906
200 100 1.0023 0.00229691
300 100 1.00248 0.0024757
200 200 1.00396 0.00395906
300 200 1.00439 0.00438685
300 100 1.00248 0.0024757
400 100 1.00256 0.00256351
300 200 1.00439 0.00438685
400 200 1.00462 0.00461774
400 100 1.00256 0.00256351
500 100 1.00261 0.00261262
400 200 1.00462 0.00461774
500 200 1.00463 0.00462949
500 100 1.00261 0.00261262
600 100 1.00249 0.00248725
500 200 1.00463 0.00462949
600 200 1.00439 0.0043946
600 100 1.00249 0.00248725
700 100 1.00239 0.00239354
600 200 1.00439 0.0043946
700 200 1.00396 0.00396416
700 100 1.00239 0.00239354
800 100 1.00215 0.00214736
700 200 1.00396 0.00396416
800 200 1.00332 0.00331705
800 100 1.00215 0.00214736
900 100 1.00087 0.000870012
800 200 1.00332 0.00331705
900 200 1.00041 0.000414662
0 200 1.00098 0.000978618
100 200 1.00342 0.00341694
0 300 1.00026 0.000264556
100 300 1.00457 0.00457315
100 200 1.00342 0.00341694
200 200 1.00396 0.00395906
100 300 1.00457 0.00457315
200 300 1.00557 0.00556817
200 200 1.00396 0.00395906
300 200 1.00439 0.00438685
200 300 1.00557 0.00556817
300 300 1.00627 0.00627346
300 200 1.00439 0.00438685
400 200 1.00462 0.00461774
300 300 1.00627 0.00627346
400 300 1.00664 0.00664224
400 200 1.00462 0.00461774
500 200 1.00463 0.00462949
400 300 1.00664 0.00664224
500 300 1.00664 0.00664414
500 200 1.00463 0.00462949
600 200 1.00439 0.0043946
500 300 1.00664 0.00664414
600 300 1.00628 0.00627606
600 200 1.00439 0.0043946
700 200 1.00396 0.00396416
600 300 1.00628 0.00627606
700 300 1.00558 0.00558408
700 200 1.00396 0.00396416
800 200 1.00332 0.00331705
700 300 1.00558 0.00558408
800 300 1.00465 0.00465159
800 200 1.00332 0.00331705
900 200 1.00041 0.000414662
800 300 1.00465 0.00465159
900 300 1.00068 0.00068182
0 300 1.00026 0.000264556
100 300 1.00457 0.00457315
0 400 1.00036 0.000359508
100 400 1.00591 0.00590707
100 300 1.00457 0.00457315
200 300 1.00557 0.00556817
100 400 1.00591 0.00590707
200 400 1.00722 0.00721564
200 300 1.00557 0.00556817
300 300 1.00627 0.00627346
200 400 1.00722 0.00721564
300 400 1.00816 0.00816391
300 300 1.00627 0.00627346
400 300 1.00664 0.00664224
300 400 1.00816 0.00816391
400 400 1.00866 0.0086598
400 300 1.00664 0.00664224
500 300 1.00664 0.00664414
400 400 1.00866 0.0086598
500 400 1.00865 0.00865496
500 300 1.00664 0.00664414
600 300 1.00628 0.00627606
500 400 1.00865 0.00865496
600 400 1.00815 0.00814877
600 300 1.00628 0.00627606
700 300 1.00558 0.00558408
600 400 1.00815 0.00814877
700 400 1.00719 0.00719312
700 300 1.00558 0.00558408
800 300 1.00465 0.00465159
700 400 1.00719 0.00719312
800 400 1.00589 0.00588754
800 300 1.00465 0.00465159
900 300 1.00068 0.00068182
800 400 1.00589 0.00588754
900 400 1.00036 0.000363711
0 400 1.00036 0.000359508
100 400 1.00591 0.00590707
0 500 1.00057 0.000570197
100 500 1.0073 0.00729846
100 400 1.00591 0.00590707
200 400 1.00722 0.00721564
100 500 1.0073 0.00729846
200 500 1.00889 0.00888749
200 400 1.00722 0.00721564
300 400 1.00816 0.00816391
200 500 1.00889 0.00888749
300 500 1.01006 0.0100622
300 400 1.00816 0.00816391
400 400 1.00866 0.0086598
300 500 1.01006 0.0100622
400 500 1.01068 0.0106785
400 400 1.00866 0.0086598
500 400 1.00865 0.00865496
400 500 1.01068 0.0106785
500 500 1.01067 0.0106676
500 400 1.00865 0.00865496
600 400 1.00815 0.00814877
500 500 1.01067 0.0106676
600 500 1.01003 0.0100264
600 400 1.00815 0.00814877
700 400 1.00719 0.00719312
600 500 1.01003 0.0100264
700 500 1.00882 0.00881619
700 400 1.00719 0.00719312
800 400 1.00589 0.00588754
700 500 1.00882 0.00881619
800 500 1.00716 0.00716024
800 400 1.00589 0.00588754
900 400 1.00036 0.000363711
800 500 1.00716 0.00716024
900 500 1.00024 0.000244426
0 500 1.00057 0.000570197
100 500 1.0073 0.00729846
0 600 1.00016 0.00015897
100 600 1.0086 0.00860145
100 500 1.0073 0.00729846
200 500 1.00889 0.00888749
100 600 1.0086 0.00860145
200 600 1.01055 0.0105524
200 500 1.00889 0.00888749
300 500 1.01006 0.0100622
200 600 1.01055 0.0105524
300 600 1.01196 0.0119614
300 500 1.01006 0.0100622
400 500 1.01068 0.0106785
300 600 1.01196 0.0119614
400 600 1.0127 0.012698
400 500 1.01068 0.0106785
500 500 1.01067 0.0106676
400 600 1.0127 0.012698
500 600 1.01268 0.0126839
500 500 1.01067 0.0106676
600 500 1.01003 0.0100264
500 600 1.01268 0.0126839
600 600 1.01192 0.0119155
600 500 1.01003 0.0100264
700 500 1.00882 0.00881619
600 600 1.01192 0.0119155
700 600 1.01046 0.0104637
700 500 1.00882 0.00881619
800 500 1.00716 0.00716024
700 600 1.01046 0.0104637
800 600 1.00847 0.00846516
800 500 1.00716 0.00716024
900 500 1.00024 0.000244426
800 600 1.00847 0.00846516
900 600 1.0001 9.60984e-05
0 600 1.00016 0.00015897
100 600 1.0086 0.00860145
0 700 1.00098 0.000976459
100 700 1.01012 0.0101215
100 600 1.0086 0.00860145
200 600 1.01055 0.0105524
100 700 1.01012 0.0101215
200 700 1.01225 0.0122511
200 600 1.01055 0.0105524
300 600 1.01196 0.0119614
200 700 1.01225 0.0122511
300 700 1.01386 0.0138607
300 600 1.01196 0.0119614
400 600 1.0127 0.012698
300 700 1.01386 0.0138607
400 700 1.01471 0.0147123
400 600 1.0127 0.012698
500 600 1.01268 0.0126839
400 700 1.01471 0.0147123
500 700 1.0147 0.0146991
500 600 1.01268 0.0126839
600 600 1.01192 0.0119155
500 700 1.0147 0.0146991
600 700 1.01382 0.0138157
600 600 1.01192 0.0119155
700 600 1.01046 0.0104637
600 700 1.01382 0.0138157
700 700 1.01215 0.01215
700 600 1.01046 0.0104637
800 600 1.00847 0.00846516
700 700 1.01215 0.01215
800 700 1.00987 0.00986611
800 600 1.00847 0.00846516
900 600 1.0001 9.60984e-05
800 700 1.00987 0.00986611
900 700 1.00012 0.000118728
0 700 1.00098 0.000976459
100 700 1.01012 0.0101215
0 800 1.00032 0.000317983
100 800 1.01133 0.0113346
100 700 1.01012 0.0101215
200 700 1.01225 0.0122511
100 800 1.01133 0.0113346
200 800 1.01387 0.0138731
200 700 1.01225 0.0122511
300 700 1.01386 0.0138607
200 800 1.01387 0.0138731
300 800 1.01573 0.0157279
300 700 1.01386 0.0138607
400 700 1.01471 0.0147123
300 800 1.01573 0.0157279
400 800 1.0167 0.0167036
400 700 1.01471 0.0147123
500 700 1.0147 0.0146991
400 800 1.0167 0.0167036
500 800 1.0167 0.0166963
500 700 1.0147 0.0146991
600 700 1.01382 0.0138157
500 800 1.0167 0.0166963
600 800 1.01571 0.0157083
600 700 1.01382 0.0138157
700 700 1.01215 0.01215
600 800 1.01571 0.0157083
700 800 1.01386 0.0138576
700 700 1.01215 0.01215
800 700 1.00987 0.00986611
700 800 1.01386 0.0138576
800 800 1.01141 0.0114081
800 700 1.00987 0.00986611
900 700 1.00012 0.000118728
800 800 1.01141 0.0114081
900 800 1.00093 0.000929296
0 800 1.00032 0.000317983
100 800 1.01133 0.0113346
0 900 1.00032 0.000318569
100 900 1.01265 0.0126535
100 800 1.01133 0.0113346
200 800 1.01387 0.0138731
100 900 1.01265 0.0126535
200 900 1.01549 0.0154899
200 800 1.01387 0.0138731
300 800 1.01573 0.0157279
200 900 1.01549 0.0154899
300 900 1.01756 0.0175618
300 800 1.01573 0.0157279
400 800 1.0167 0.0167036
300 900 1.01756 0.0175618
400 900 1.01865 0.0186526
400 800 1.0167 0.0167036
500 800 1.0167 0.0166963
400 900 1.01865 0.0186526
500 900 1.01865 0.0186486
500 800 1.0167 0.0166963
600 800 1.01571 0.0157083
500 900 1.01865 0.0186486
600 900 1.01755 0.0175514
600 800 1.01571 0.0157083
700 800 1.01386 0.0138576
600 900 1.01755 0.0175514
700 900 1.01547 0.0154748
700 800 1.01386 0.0138576
800 800 1.01141 0.0114081
700 900 1.01547 0.0154748
800 900 1.01261 0.0126073
800 800 1.01141 0.0114081
900 800 1.00093 0.000929296
800 900 1.01261 0.0126073
900 900 1 4.69548e-06
0 900 1.00032 0.000318569
100 900 1.01265 0.0126535
0 1000 1.00068 0.000677817
100 1000 1.01405 0.0140461
100 900 1.01265 0.0126535
200 900 1.01549 0.0154899
100 1000 1.01405 0.0140461
200 1000 1.01708 0.0170846
200 900 1.01549 0.0154899
300 900 1.01756 0.0175618
200 1000 1.01708 0.0170846
300 1000 1.01934 0.0193354
300 900 1.01756 0.0175618
400 900 1.01865 0.0186526
300 1000 1.01934 0.0193354
400 1000 1.02053 0.0205253
400 900 1.01865 0.0186526
500 900 1.01865 0.0186486
400 1000 1.02053 0.0205253
500 1000 1.02052 0.0205229
500 900 1.01865 0.0186486
600 900 1.01755 0.0175514
500 1000 1.02052 0.0205229
600 1000 1.01933 0.0193324
600 900 1.01755 0.0175514
700 900 1.01547 0.0154748
600 1000 1.01933 0.0193324
700 1000 1.0171 0.0170965
700 900 1.01547 0.0154748
800 900 1.01261 0.0126073
700 1000 1.0171 0.0170965
800 1000 1.01412 0.0141168
800 900 1.01261 0.0126073
900 900 1 4.69548e-06
800 1000 1.01412 0.0141168
900 1000 1.00095 0.000952749
0 1000 1.00068 0.000677817
100 1000 1.01405 0.0140461
0 1100 1.00045 0.000447125
100 1100 1.01529 0.0152875
100 1000 1.01405 0.0140461
200 1000 1.01708 0.0170846
100 1100 1.01529 0.0152875
200 1100 1.01858 0.0185757
200 1000 1.01708 0.0170846
300 1000 1.01934 0.0193354
200 1100 1.01858 0.0185757
300 1100 1.02099 0.0209892
300 1000 1.01934 0.0193354
400 1000 1.02053 0.0205253
300 1100 1.02099 0.0209892
400 1100 1.02226 0.0222623
400 1000 1.02053 0.0205253
500 1000 1.02052 0.0205229
400 1100 1.02226 0.0222623
500 1100 1.02226 0.0222576
500 1000 1.02052 0.0205229
600 1000 1.01933 0.0193324
500 1100 1.02226 0.0222576
600 1100 1.02098 0.0209781
600 1000 1.01933 0.0193324
700 1000 1.0171 0.0170965
600 1100 1.02098 0.0209781
700 1100 1.01857 0.0185707
700 1000 1.0171 0.0170965
800 1000 1.01412 0.0141168
700 1100 1.01857 0.0185707
800 1100 1.01533 0.0153297
800 1000 1.01412 0.0141168
900 1000 1.00095 0.000952749
800 1100 1.01533 0.0153297
900 1100 1.00069 0.000692532
0 1100 1.00045 0.000447125
100 1100 1.01529 0.0152875
0 1200 1.00073 0.000725254
100 1200 1.01654 0.0165392
100 1100 1.01529 0.0152875
200 1100 1.01858 0.0185757
100 1200 1.01654 0.0165392
200 1200 1.01994 0.0199377
200 1100 1.01858 0.0185757
300 1100 1.02099 0.0209892
200 1200 1.01994 0.0199377
300 1200 1.02245 0.0224524
300 1100 1.02099 0.0209892
400 1100 1.02226 0.0222623
300 1200 1.02245 0.0224524
400 1200 1.02378 0.02378
400 1100 1.02226 0.0222623
500 1100 1.02226 0.0222576
400 1200 1.02378 0.02378
500 1200 1.02377 0.0237698
500 1100 1.02226 0.0222576
600 1100 1.02098 0.0209781
500 1200 1.02377 0.0237698
600 1200 1.02242 0.0224207
600 1100 1.02098 0.0209781
700 1100 1.01857 0.0185707
600 1200 1.02242 0.0224207
700 1200 1.01987 0.0198748
700 1100 1.01857 0.0185707
800 1100 1.01533 0.0153297
700 1200 1.01987 0.0198748
800 1200 1.0164 0.0163968
800 1100 1.01533 0.0153297
900 1100 1.00069 0.000692532
800 1200 1.0164 0.0163968
900 1200 1.00029 0.000290078
0 1200 1.00073 0.000725254
100 1200 1.01654 0.0165392
0 1300 1.00062 0.000618015
100 1300 1.0176 0.0176017
100 1200 1.01654 0.0165392
200 1200 1.01994 0.0199377
100 1300 1.0176 0.0176017
200 1300 1.02106 0.0210625
200 1200 1.01994 0.0199377
300 1200 1.02245 0.0224524
200 1300 1.02106 0.0210625
300 1300 1.02362 0.0236153
300 1200 1.02245 0.0224524
400 1200 1.02378 0.02378
300 1300 1.02362 0.0236153
400 1300 1.02496 0.024961
400 1200 1.02378 0.02378
500 1200 1.02377 0.0237698
400 1300 1.02496 0.024961
500 1300 1.02495 0.0249468
500 1200 1.02377 0.0237698
600 1200 1.02242 0.0224207
500 1300 1.02495 0.0249468
600 1300 1.02357 0.0235727
600 1200 1.02242 0.0224207
700 1200 1.01987 0.0198748
600 1300 1.02357 0.0235727
700 1300 1.02099 0.0209897
700 1200 1.01987 0.0198748
800 1200 1.0164 0.0163968
700 1300 1.02099 0.0209897
800 1300 1.01749 0.017488
800 1200 1.0164 0.0163968
900 1200 1.00029 0.000290078
800 1300 1.01749 0.017488
900 1300 1.00043 0.000431418
0 1300 1.00062 0.000618015
100 1300 1.0176 0.0176017
0 1400 1.0009 0.000896547
100 1400 1.01852 0.0185245
100 1300 1.0176 0.0176017
200 1300 1.02106 0.0210625
100 1400 1.01852 0.0185245
200 1400 1.02187 0.0218657
200 1300 1.02106 0.0210625
300 1300 1.02362 0.0236153
200 1400 1.02187 0.0218657
300 1400 1.02435 0.0243528
300 1300 1.02362 0.0236153
400 1300 1.02496 0.024961
300 1400 1.02435 0.0243528
400 1400 1.02566 0.0256634
400 1300 1.02496 0.024961
500 1300 1.02495 0.0249468
400 1400 1.02566 0.0256634
500 1400 1.02564 0.0256448
500 1300 1.02495 0.0249468
600 1300 1.02357 0.0235727
500 1400 1.02564 0.0256448
600 1400 1.0243 0.024301
600 1300 1.02357 0.0235727
700 1300 1.02099 0.0209897
600 1400 1.0243 0.024301
700 1400 1.02179 0.0217939
700 1300 1.02099 0.0209897
800 1300 1.01749 0.017488
700 1400 1.02179 0.0217939
800 1400 1.01847 0.0184717
800 1300 1.01749 0.017488
900 1300 1.00043 0.000431418
800 1400 1.01847 0.0184717
900 1400 1.001 0.000998847
0 1400 1.0009 0.000896547
100 1400 1.01852 0.0185245
0 1500 1.00015 0.000149448
100 1500 1.01903 0.0190333
100 1400 1.01852 0.0185245
200 1400 1.02187 0.0218657
100 1500 1.01903 0.0190333
200 1500 1.02222 0.0222215
200 1400 1.02187 0.0218657
300 1400 1.02435 0.0243528
200 1500 1.02222 0.0222215
300 1500 1.02454 0.024537
300 1400 1.02435 0.0243528
400 1400 1.02566 0.0256634
300 1500 1.02454 0.024537
400 1500 1.02575 0.0257452
400 1400 1.02566 0.0256634
500 1400 1.02564 0.0256448
400 1500 1.02575 0.0257452
500 1500 1.02572 0.0257187
500 1400 1.02564 0.0256448
600 1400 1.0243 0.024301
500 1500 1.02572 0.0257187
600 1500 1.02446 0.0244627
600 1400 1.0243 0.024301
700 1400 1.02179 0.0217939
600 1500 1.02446 0.0244627
700 1500 1.02211 0.0221116
700 1400 1.02179 0.0217939
800 1400 1.01847 0.0184717
700 1500 1.02211 0.0221116
800 1500 1.01891 0.0189053
800 1400 1.01847 0.0184717
900 1400 1.001 0.000998847
800 1500 1.01891 0.0189053
900 1500 1.00007 6.9167e-05
0 1500 1.00015 0.000149448
100 1500 1.01903 0.0190333
0 1600 1.0007 0.000697429
100 1600 1.01954 0.0195399
100 1500 1.01903 0.0190333
200 1500 1.02222 0.0222215
100 1600 1.01954 0.0195399
200 1600 1.02215 0.0221532
200 1500 1.02222 0.0222215
300 1500 1.02454 0.024537
200 1600 1.02215 0.0221532
300 1600 1.0241 0.0241032
300 1500 1.02454 0.024537
400 1500 1.02575 0.0257452
300 1600 1.0241 0.0241032
400 1600 1.02512 0.0251165
400 1500 1.02575 0.0257452
500 1500 1.02572 0.0257187
400 1600 1.02512 0.0251165
500 1600 1.02508 0.0250769
500 1500 1.02572 0.0257187
600 1500 1.02446 0.0244627
500 1600 1.02508 0.0250769
600 1600 1.02399 0.0239943
600 1500 1.02446 0.0244627
700 1500 1.02211 0.0221116
600 1600 1.02399 0.0239943
700 1600 1.02199 0.0219876
700 1500 1.02211 0.0221116
800 1500 1.01891 0.0189053
700 1600 1.02199 0.0219876
800 1600 1.01927 0.0192708
800 1500 1.01891 0.0189053
900 1500 1.00007 6.9167e-05
800 1600 1.01927 0.0192708
900 1600 1.00017 0.00017163
0 1600 1.0007 0.000697429
100 1600 1.01954 0.0195399
0 1700 1.00052 0.000521037
100 1700 1.01965 0.0196455
100 1600 1.01954 0.0195399
200 1600 1.02215 0.0221532
100 1700 1.01965 0.0196455
200 1700 1.02158 0.0215762
200 1600 1.02215 0.0221532
300 1600 1.0241 0.0241032
200 1700 1.02158 0.0215762
300 1700 1.02305 0.0230457
300 1600 1.0241 0.0241032
400 1600 1.02512 0.0251165
300 1700 1.02305 0.0230457
400 1700 1.02378 0.0237806
400 1600 1.02512 0.0251165
500 1600 1.02508 0.0250769
400 1700 1.02378 0.0237806
500 1700 1.02372 0.0237179
500 1600 1.02508 0.0250769
600 1600 1.02399 0.0239943
500 1700 1.02372 0.0237179
600 1700 1.02289 0.0228897
600 1600 1.02399 0.0239943
700 1600 1.02199 0.0219876
600 1700 1.02289 0.0228897
700 1700 1.0214 0.0214015
700 1600 1.02199 0.0219876
800 1600 1.01927 0.0192708
700 1700 1.0214 0.0214015
800 1700 1.01939 0.0193884
800 1600 1.01927 0.0192708
900 1600 1.00017 0.00017163
800 1700 1.01939 0.0193884
900 1700 1.00003 3.18389e-05
0 1700 1.00052 0.000521037
100 1700 1.01965 0.0196455
0 1800 1.00016 0.000164694
100 1800 1.01946 0.019461
100 1700 1.01965 0.0196455
200 1700 1.02158 0.0215762
100 1800 1.01946 0.019461
200 1800 1.02056 0.0205597
200 1700 1.02158 0.0215762
300 1700 1.02305 0.0230457
200 1800 1.02056 0.0205597
300 1800 1.02152 0.0215234
300 1700 1.02305 0.0230457
400 1700 1.02378 0.0237806
300 1800 1.02152 0.0215234
400 1800 1.02189 0.0218885
400 1700 1.02378 0.0237806
500 1700 1.02372 0.0237179
400 1800 1.02189 0.0218885
500 1800 1.02177 0.0217706
500 1700 1.02372 0.0237179
600 1700 1.02289 0.0228897
500 1800 1.02177 0.0217706
600 1800 1.02125 0.0212458
600 1700 1.02289 0.0228897
700 1700 1.0214 0.0214015
600 1800 1.02125 0.0212458
700 1800 1.02044 0.0204398
700 1700 1.0214 0.0214015
800 1700 1.01939 0.0193884
700 1800 1.02044 0.0204398
800 1800 1.01937 0.0193656
800 1700 1.01939 0.0193884
900 1700 1.00003 3.18389e-05
800 1800 1.01937 0.0193656
900 1800 1.00031 0.000311945
0 1800 1.00016 0.000164694
100 1800 1.01946 0.019461
0 1900 1.0004 0.000398221
100 1900 1.00021 0.000209844
100 1800 1.01946 0.019461
200 1800 1.02056 0.0205597
100 1900 1.00021 0.000209844
200 1900 1.00019 0.000186193
200 1800 1.02056 0.0205597
300 1800 1.02152 0.0215234
200 1900 1.00019 0.000186193
300 1900 1.00094 0.000944372
300 1800 1.02152 0.0215234
400 1800 1.02189 0.0218885
300 1900 1.00094 0.000944372
400 1900 1.00074 0.000739551
400 1800 1.02189 0.0218885
500 1800 1.02177 0.0217706
400 1900 1.00074 0.000739551
500 1900 1.00049 0.000490459
500 1800 1.02177 0.0217706
600 1800 1.02125 0.0212458
500 1900 1.00049 0.000490459
600 1900 1.00023 0.000227415
600 1800 1.02125 0.0212458
700 1800 1.02044 0.0204398
600 1900 1.00023 0.000227415
700 1900 1.00025 0.000254356
700 1800 1.02044 0.0204398
800 1800 1.01937 0.0193656
700 1900 1.00025 0.000254356
800 1900 1.00006 5.80292e-05
800 1800 1.01937 0.0193656
900 1800 1.00031 0.000311945
800 1900 1.00006 5.80292e-05
900 1900 1.00043 0.000434417
