0 1.64138e+10
1 1.6146e+10
2 1.43926e+10
3 7.85225e+09
4 6.00441e+09
5 4.98684e+09
6 4.59606e+09
7 4.53675e+09
8 4.52836e+09
9 4.52498e+09
10 4.52431e+09
11 4.52402e+09
12 4.5239e+09
13 4.52386e+09
14 4.52386e+09
15 4.52386e+09
16 4.52384e+09
17 4.52383e+09
18 4.52383e+09
19 4.52381e+09
20 4.52378e+09
21 4.52378e+09
22 4.52378e+09
23 4.52376e+09
24 4.52376e+09
25 4.52376e+09
26 4.52375e+09
27 4.5237e+09
28 4.52368e+09
29 4.52362e+09
30 4.52341e+09
31 4.5234e+09
32 4.52337e+09
33 4.52319e+09
34 4.52315e+09
35 4.52313e+09
36 4.52307e+09
37 4.52301e+09
38 4.52285e+09
39 4.5227e+09
40 4.5227e+09
41 4.5227e+09
42 4.52269e+09
43 4.52267e+09
44 4.52262e+09
45 4.52258e+09
46 4.52257e+09
47 4.52256e+09
48 4.52253e+09
49 4.52249e+09
50 4.52246e+09
51 4.52232e+09
52 4.52227e+09
53 4.52227e+09
54 4.52223e+09
55 4.52209e+09
56 4.52182e+09
57 4.52175e+09
58 4.52173e+09
59 4.52172e+09
60 4.5217e+09
61 4.52158e+09
62 4.52155e+09
63 4.52155e+09
64 4.52145e+09
65 4.52118e+09
66 4.52117e+09
67 4.52104e+09
68 4.52068e+09
69 4.52038e+09
70 4.52032e+09
71 4.52017e+09
72 4.52006e+09
73 4.51992e+09
74 4.5199e+09
75 4.51989e+09
76 4.51988e+09
77 4.51988e+09
78 4.51987e+09
79 4.51986e+09
80 4.51912e+09
81 4.51791e+09
82 4.5165e+09
83 4.51351e+09
84 4.49312e+09
85 4.44425e+09
86 4.25899e+09
87 3.76614e+09
88 2.79947e+09
89 1.23631e+09
90 6.13295e+08
91 3.74169e+08
92 3.25423e+08
93 3.01634e+08
94 2.94791e+08
95 2.93482e+08
96 2.92729e+08
97 2.91876e+08
98 2.90609e+08
99 2.88737e+08
100 2.86964e+08
101 2.86144e+08
102 2.85879e+08
103 1.1725e+14
104 1.41878e+13
105 5.46616e+12
106 3.06282e+12
107 1.52477e+12
108 6.18116e+11
109 2.75552e+11
110 1.37697e+11
111 7.94258e+10
112 4.57931e+10
113 3.30423e+10
114 2.54861e+10
115 1.86524e+10
116 1.46267e+10
117 1.13196e+10
118 9.52364e+09
119 8.01346e+09
120 6.54816e+09
121 5.93381e+09
122 5.5305e+09
123 5.24943e+09
124 5.12048e+09
125 4.98572e+09
126 4.90694e+09
127 4.87569e+09
128 4.85507e+09
129 4.82904e+09
130 4.80238e+09
131 4.78887e+09
132 4.78123e+09
133 4.77067e+09
134 4.76209e+09
135 4.75628e+09
136 4.75188e+09
137 4.7515e+09
138 4.75087e+09
139 4.74988e+09
140 4.7489e+09
141 4.74384e+09
142 4.72835e+09
143 4.71258e+09
144 4.69237e+09
145 4.67099e+09
146 4.64856e+09
147 4.63813e+09
148 4.63455e+09
149 4.63308e+09
150 4.62933e+09
151 4.62336e+09
152 4.61911e+09
153 4.61503e+09
154 4.61123e+09
155 4.60856e+09
156 4.60792e+09
157 4.60759e+09
158 4.60743e+09
159 4.60738e+09
160 4.60738e+09
161 4.60737e+09
162 4.60735e+09
163 4.6073e+09
164 4.60725e+09
165 4.60724e+09
166 4.60724e+09
167 4.60724e+09
168 4.60724e+09
169 4.60724e+09
170 4.60724e+09
171 4.60724e+09
172 4.60724e+09
173 4.60722e+09
174 4.60721e+09
175 4.60721e+09
176 4.60721e+09
177 4.6072e+09
178 4.6072e+09
179 4.6072e+09
180 4.60719e+09
181 4.60719e+09
182 4.60719e+09
183 4.60718e+09
184 4.60718e+09
185 4.60717e+09
186 4.60717e+09
187 4.60717e+09
188 4.60716e+09
189 4.60716e+09
190 4.60715e+09
191 4.60715e+09
192 4.60715e+09
193 4.60715e+09
194 4.60714e+09
195 4.60714e+09
196 4.60714e+09
197 4.60713e+09
198 4.60711e+09
199 4.60711e+09
200 4.6071e+09
201 4.6071e+09
202 4.6071e+09
203 4.60709e+09
204 4.60708e+09
205 4.60708e+09
206 6.73371e+13
207 6.68201e+12
208 2.83176e+12
209 1.62121e+12
210 6.69746e+11
211 2.66116e+11
212 1.18122e+11
213 6.55081e+10
214 3.83501e+10
215 2.39786e+10
216 1.57705e+10
217 1.13884e+10
218 8.93523e+09
219 7.54169e+09
220 6.26748e+09
221 5.40817e+09
222 5.09277e+09
223 4.9548e+09
224 4.83773e+09
225 4.72596e+09
226 4.67752e+09
227 4.65346e+09
228 4.63294e+09
229 4.62146e+09
230 4.61287e+09
231 4.60926e+09
232 4.60832e+09
233 4.60772e+09
234 4.60718e+09
235 4.60664e+09
236 4.60629e+09
237 4.60614e+09
238 4.60609e+09
239 4.60606e+09
240 4.60602e+09
241 4.60596e+09
242 4.6059e+09
243 4.60587e+09
244 4.60586e+09
245 4.60586e+09
246 4.60585e+09
247 4.60583e+09
248 4.60581e+09
249 4.60581e+09
250 4.60581e+09
251 4.60581e+09
252 4.6058e+09
253 4.60579e+09
254 4.60579e+09
255 4.60579e+09
256 4.60578e+09
257 4.60578e+09
258 4.60578e+09
259 4.60578e+09
260 4.60578e+09
261 4.60578e+09
262 4.60577e+09
263 4.60577e+09
264 4.60577e+09
265 4.60577e+09
266 4.60576e+09
267 4.60576e+09
268 4.60576e+09
269 4.60576e+09
270 4.60574e+09
271 4.60572e+09
272 4.60572e+09
273 4.60572e+09
274 4.60571e+09
275 4.60568e+09
276 4.60563e+09
277 4.60558e+09
278 4.60558e+09
279 4.60558e+09
280 4.60557e+09
281 4.60556e+09
282 4.60552e+09
283 4.60552e+09
284 4.60552e+09
285 4.60551e+09
286 4.60551e+09
287 4.60551e+09
288 4.60551e+09
289 4.60551e+09
290 4.6055e+09
291 4.60549e+09
292 4.60549e+09
293 4.60549e+09
294 4.60548e+09
295 4.60548e+09
296 4.60547e+09
297 4.60547e+09
298 4.60547e+09
299 4.60547e+09
300 4.60546e+09
301 4.60546e+09
302 4.60546e+09
303 4.60545e+09
304 4.60543e+09
305 4.60543e+09
306 4.60541e+09
307 4.60538e+09
308 4.60537e+09
309 6.00524e+13
310 6.2012e+12
311 2.61052e+12
312 1.46599e+12
313 6.529e+11
314 2.79358e+11
315 1.24263e+11
316 6.80955e+10
317 3.72444e+10
318 2.12627e+10
319 1.38746e+10
320 1.02519e+10
321 8.02827e+09
322 6.67906e+09
323 5.62293e+09
324 5.08699e+09
325 4.88657e+09
326 4.78197e+09
327 4.70735e+09
328 4.66199e+09
329 4.64026e+09
330 4.62653e+09
331 4.61755e+09
332 4.61358e+09
333 4.61074e+09
334 4.60919e+09
335 4.60875e+09
336 4.60814e+09
337 4.60743e+09
338 4.607e+09
339 4.60672e+09
340 4.60656e+09
341 4.60649e+09
342 4.60637e+09
343 4.60624e+09
344 4.60613e+09
345 4.60596e+09
346 4.6059e+09
347 4.60584e+09
348 4.6058e+09
349 4.60579e+09
350 4.60577e+09
351 4.60574e+09
352 4.60572e+09
353 4.6057e+09
354 4.60568e+09
355 4.60568e+09
356 4.60568e+09
357 4.60568e+09
358 4.60567e+09
359 4.60566e+09
360 4.60563e+09
361 4.60563e+09
362 4.60562e+09
363 4.6056e+09
364 4.6056e+09
365 4.6056e+09
366 4.6056e+09
367 4.6056e+09
368 4.6056e+09
369 4.6056e+09
370 4.6056e+09
371 4.60559e+09
372 4.60559e+09
373 4.60559e+09
374 4.60559e+09
375 4.60559e+09
376 4.60558e+09
377 4.60557e+09
378 4.60556e+09
379 4.60555e+09
380 4.60554e+09
381 4.60553e+09
382 4.60549e+09
383 4.60549e+09
384 4.60549e+09
385 4.60549e+09
386 4.60549e+09
387 4.60546e+09
388 4.60546e+09
389 4.60546e+09
390 4.60546e+09
391 4.60544e+09
392 4.60543e+09
393 4.60543e+09
394 4.60542e+09
395 4.60542e+09
396 4.60541e+09
397 4.6054e+09
398 4.6054e+09
399 4.60539e+09
400 4.60537e+09
401 4.60537e+09
402 4.60536e+09
403 4.60536e+09
404 4.60534e+09
405 4.60533e+09
406 4.60531e+09
407 4.60529e+09
408 4.60529e+09
409 4.60526e+09
410 4.60525e+09
411 4.60525e+09
412 5.54247e+13
413 5.75345e+12
414 2.30635e+12
415 1.25152e+12
416 5.4108e+11
417 2.47471e+11
418 1.20499e+11
419 7.33732e+10
420 4.21931e+10
421 2.38434e+10
422 1.52306e+10
423 1.10693e+10
424 8.85336e+09
425 7.06911e+09
426 5.59381e+09
427 5.04234e+09
428 4.91605e+09
429 4.85629e+09
430 4.79825e+09
431 4.7228e+09
432 4.66988e+09
433 4.64886e+09
434 4.63186e+09
435 4.61995e+09
436 4.61403e+09
437 4.61145e+09
438 4.61002e+09
439 4.60907e+09
440 4.60829e+09
441 4.60788e+09
442 4.60767e+09
443 4.60752e+09
444 4.60735e+09
445 4.60722e+09
446 4.60717e+09
447 4.60716e+09
448 4.60715e+09
449 4.60715e+09
450 4.60713e+09
451 4.60711e+09
452 4.6071e+09
453 4.6071e+09
454 4.6071e+09
455 4.60709e+09
456 4.60709e+09
457 4.60709e+09
458 4.60709e+09
459 4.60708e+09
460 4.60708e+09
461 4.60708e+09
462 4.60708e+09
463 4.60708e+09
464 4.60708e+09
465 4.60707e+09
466 4.60707e+09
467 4.60707e+09
468 4.60707e+09
469 4.60707e+09
470 4.60707e+09
471 4.60707e+09
472 4.60706e+09
473 4.60706e+09
474 4.60706e+09
475 4.60705e+09
476 4.60705e+09
477 4.60705e+09
478 4.60705e+09
479 4.60705e+09
480 4.60704e+09
481 4.60703e+09
482 4.60703e+09
483 4.60703e+09
484 4.60703e+09
485 4.60703e+09
486 4.60703e+09
487 4.60702e+09
488 4.60702e+09
489 4.60701e+09
490 4.60701e+09
491 4.60701e+09
492 4.607e+09
493 4.607e+09
494 4.60699e+09
495 4.60699e+09
496 4.60699e+09
497 4.60699e+09
498 4.60699e+09
499 4.60699e+09
500 4.60699e+09
501 4.60699e+09
502 4.60698e+09
503 4.60698e+09
504 4.60698e+09
505 4.60697e+09
506 4.60697e+09
507 4.60696e+09
508 4.60694e+09
509 4.60693e+09
510 4.60693e+09
511 4.60693e+09
512 4.60692e+09
513 4.60691e+09
514 4.60691e+09
515 6.71807e+13
516 6.8669e+12
517 2.83719e+12
518 1.5292e+12
519 6.59713e+11
520 2.98863e+11
521 1.36237e+11
522 7.01032e+10
523 3.74405e+10
524 2.35391e+10
525 1.56776e+10
526 1.0944e+10
527 8.01489e+09
528 6.26534e+09
529 5.56793e+09
530 5.18132e+09
531 4.97174e+09
532 4.85897e+09
533 4.78362e+09
534 4.72806e+09
535 4.67752e+09
536 4.64497e+09
537 4.62613e+09
538 4.61637e+09
539 4.61027e+09
540 4.60727e+09
541 4.60626e+09
542 4.60584e+09
543 4.60558e+09
544 4.60538e+09
545 4.60502e+09
546 4.60477e+09
547 4.6047e+09
548 4.60462e+09
549 4.60456e+09
550 4.60451e+09
551 4.60443e+09
552 4.60435e+09
553 4.60428e+09
554 4.60425e+09
555 4.60422e+09
556 4.60419e+09
557 4.60419e+09
558 4.60419e+09
559 4.60419e+09
560 4.60419e+09
561 4.60418e+09
562 4.60416e+09
563 4.60416e+09
564 4.60416e+09
565 4.60416e+09
566 4.60415e+09
567 4.60414e+09
568 4.60414e+09
569 4.60414e+09
570 4.60414e+09
571 4.60412e+09
572 4.60407e+09
573 4.60406e+09
574 4.60406e+09
575 4.60406e+09
576 4.60405e+09
577 4.60404e+09
578 4.60404e+09
579 4.60404e+09
580 4.60404e+09
581 4.60404e+09
582 4.60404e+09
583 4.60404e+09
584 4.60402e+09
585 4.60396e+09
586 4.60395e+09
587 4.60393e+09
588 4.60393e+09
589 4.60393e+09
590 4.60386e+09
591 4.60386e+09
592 4.60386e+09
593 4.60385e+09
594 4.60384e+09
595 4.60382e+09
596 4.60382e+09
597 4.60381e+09
598 4.60376e+09
599 4.60376e+09
600 4.60375e+09
601 4.60375e+09
602 4.60375e+09
603 4.60374e+09
604 4.60372e+09
605 4.60369e+09
606 4.60369e+09
607 4.60367e+09
608 4.60365e+09
609 4.60364e+09
610 4.60364e+09
611 4.60363e+09
612 4.60363e+09
613 4.60363e+09
614 4.60362e+09
615 4.60362e+09
616 4.60361e+09
617 4.60357e+09
618 6.76242e+13
619 6.9279e+12
620 2.82834e+12
621 1.56419e+12
622 6.81051e+11
623 3.21459e+11
624 1.44201e+11
625 8.44351e+10
626 4.70028e+10
627 2.4631e+10
628 1.59478e+10
629 1.17451e+10
630 8.80155e+09
631 7.03238e+09
632 5.80538e+09
633 5.20184e+09
634 4.99351e+09
635 4.86197e+09
636 4.75604e+09
637 4.6916e+09
638 4.65744e+09
639 4.63734e+09
640 4.62573e+09
641 4.61829e+09
642 4.61334e+09
643 4.61012e+09
644 4.60902e+09
645 4.6085e+09
646 4.60794e+09
647 4.60747e+09
648 4.60722e+09
649 4.60703e+09
650 4.60694e+09
651 4.60686e+09
652 4.60675e+09
653 4.6067e+09
654 4.60665e+09
655 4.60652e+09
656 4.6064e+09
657 4.60635e+09
658 4.60634e+09
659 4.60634e+09
660 4.60634e+09
661 4.60633e+09
662 4.60632e+09
663 4.60628e+09
664 4.60626e+09
665 4.60625e+09
666 4.60625e+09
667 4.60625e+09
668 4.60625e+09
669 4.60625e+09
670 4.60624e+09
671 4.60622e+09
672 4.60621e+09
673 4.60621e+09
674 4.6062e+09
675 4.60619e+09
676 4.60618e+09
677 4.60618e+09
678 4.60618e+09
679 4.60618e+09
680 4.60617e+09
681 4.60617e+09
682 4.60617e+09
683 4.60616e+09
684 4.60616e+09
685 4.60616e+09
686 4.60615e+09
687 4.60614e+09
688 4.60614e+09
689 4.60614e+09
690 4.60613e+09
691 4.60613e+09
692 4.60612e+09
693 4.60611e+09
694 4.60607e+09
695 4.60606e+09
696 4.60606e+09
697 4.60605e+09
698 4.60604e+09
699 4.60602e+09
700 4.60598e+09
701 4.60594e+09
702 4.60593e+09
703 4.60593e+09
704 4.60593e+09
705 4.60592e+09
706 4.60592e+09
707 4.60592e+09
708 4.60592e+09
709 4.60592e+09
710 4.60592e+09
711 4.60592e+09
712 4.60592e+09
713 4.60592e+09
714 4.60592e+09
715 4.60592e+09
716 4.60591e+09
717 4.60591e+09
718 4.6059e+09
719 4.6059e+09
720 4.6059e+09
721 6.22907e+13
722 6.36264e+12
723 2.55644e+12
724 1.43811e+12
725 6.36717e+11
726 2.78432e+11
727 1.36766e+11
728 7.86618e+10
729 4.76452e+10
730 2.55361e+10
731 1.44527e+10
732 1.04102e+10
733 8.48962e+09
734 6.98279e+09
735 5.80055e+09
736 5.14956e+09
737 4.91653e+09
738 4.83832e+09
739 4.77665e+09
740 4.72216e+09
741 4.68123e+09
742 4.65159e+09
743 4.63788e+09
744 4.62981e+09
745 4.61983e+09
746 4.61535e+09
747 4.61418e+09
748 4.61289e+09
749 4.61125e+09
750 4.61038e+09
751 4.60968e+09
752 4.60922e+09
753 4.60851e+09
754 4.60799e+09
755 4.60774e+09
756 4.6076e+09
757 4.60747e+09
758 4.60741e+09
759 4.60737e+09
760 4.60733e+09
761 4.60732e+09
762 4.60731e+09
763 4.6073e+09
764 4.60728e+09
765 4.60728e+09
766 4.60728e+09
767 4.60728e+09
768 4.60728e+09
769 4.60727e+09
770 4.60727e+09
771 4.60727e+09
772 4.60727e+09
773 4.60727e+09
774 4.60726e+09
775 4.60726e+09
776 4.60726e+09
777 4.60726e+09
778 4.60726e+09
779 4.60726e+09
780 4.60725e+09
781 4.60725e+09
782 4.60725e+09
783 4.60725e+09
784 4.60725e+09
785 4.60724e+09
786 4.60724e+09
787 4.60724e+09
788 4.60724e+09
789 4.60723e+09
790 4.60723e+09
791 4.60723e+09
792 4.60722e+09
793 4.6072e+09
794 4.60717e+09
795 4.60716e+09
796 4.60716e+09
797 4.60716e+09
798 4.60715e+09
799 4.60715e+09
800 4.60715e+09
801 4.60715e+09
802 4.60715e+09
803 4.60714e+09
804 4.60714e+09
805 4.60713e+09
806 4.60712e+09
807 4.60711e+09
808 4.60711e+09
809 4.60711e+09
810 4.60711e+09
811 4.60707e+09
812 4.60704e+09
813 4.60704e+09
814 4.60703e+09
815 4.60702e+09
816 4.60702e+09
817 4.60702e+09
818 4.60701e+09
819 4.60701e+09
820 4.607e+09
821 4.607e+09
822 4.60699e+09
823 4.60699e+09
824 6.57523e+13
825 6.58752e+12
826 2.87576e+12
827 1.55252e+12
828 6.80767e+11
829 2.8758e+11
830 1.43735e+11
831 8.69574e+10
832 5.20543e+10
833 2.87708e+10
834 1.71785e+10
835 1.23376e+10
836 9.76564e+09
837 7.76514e+09
838 6.04933e+09
839 5.18091e+09
840 4.96369e+09
841 4.86481e+09
842 4.78351e+09
843 4.72541e+09
844 4.68899e+09
845 4.66757e+09
846 4.65387e+09
847 4.64023e+09
848 4.62749e+09
849 4.62009e+09
850 4.61685e+09
851 4.61442e+09
852 4.61202e+09
853 4.6105e+09
854 4.60968e+09
855 4.6092e+09
856 4.60885e+09
857 4.60858e+09
858 4.60841e+09
859 4.60819e+09
860 4.60785e+09
861 4.60761e+09
862 4.60751e+09
863 4.60748e+09
864 4.60745e+09
865 4.60738e+09
866 4.60732e+09
867 4.60729e+09
868 4.60726e+09
869 4.60726e+09
870 4.60725e+09
871 4.6072e+09
872 4.6072e+09
873 4.6072e+09
874 4.60719e+09
875 4.60718e+09
876 4.60717e+09
877 4.60717e+09
878 4.60717e+09
879 4.60717e+09
880 4.60716e+09
881 4.60716e+09
882 4.60716e+09
883 4.60716e+09
884 4.60716e+09
885 4.60715e+09
886 4.60715e+09
887 4.60714e+09
888 4.60714e+09
889 4.60714e+09
890 4.60713e+09
891 4.60713e+09
892 4.60713e+09
893 4.60713e+09
894 4.60713e+09
895 4.60713e+09
896 4.60713e+09
897 4.60713e+09
898 4.60713e+09
899 4.60712e+09
900 4.60711e+09
901 4.60711e+09
902 4.60711e+09
903 4.60711e+09
904 4.60705e+09
905 4.607e+09
906 4.60698e+09
907 4.60698e+09
908 4.60698e+09
909 4.60698e+09
910 4.60698e+09
911 4.60696e+09
912 4.60695e+09
913 4.60695e+09
914 4.60695e+09
915 4.60694e+09
916 4.60694e+09
917 4.6069e+09
918 4.60687e+09
919 4.60687e+09
920 4.60686e+09
921 4.60686e+09
922 4.60686e+09
923 4.60684e+09
924 4.60684e+09
925 4.60684e+09
926 4.60684e+09
927 6.16668e+13
928 6.12187e+12
929 2.45237e+12
930 1.39664e+12
931 5.69519e+11
932 2.32192e+11
933 1.03145e+11
934 5.84449e+10
935 3.6138e+10
936 2.27075e+10
937 1.3975e+10
938 9.94222e+09
939 7.75811e+09
940 6.2106e+09
941 5.40564e+09
942 4.97942e+09
943 4.83675e+09
944 4.79276e+09
945 4.74501e+09
946 4.69059e+09
947 4.66466e+09
948 4.64973e+09
949 4.63664e+09
950 4.62747e+09
951 4.62046e+09
952 4.61692e+09
953 4.6146e+09
954 4.6126e+09
955 4.61049e+09
956 4.60933e+09
957 4.60888e+09
958 4.60853e+09
959 4.60829e+09
960 4.60802e+09
961 4.60783e+09
962 4.60779e+09
963 4.60768e+09
964 4.60753e+09
965 4.60736e+09
966 4.60725e+09
967 4.60723e+09
968 4.60723e+09
969 4.60722e+09
970 4.60721e+09
971 4.60718e+09
972 4.60718e+09
973 4.60717e+09
974 4.60717e+09
975 4.60717e+09
976 4.60717e+09
977 4.60716e+09
978 4.60716e+09
979 4.60716e+09
980 4.60716e+09
981 4.60716e+09
982 4.60716e+09
983 4.60716e+09
984 4.60715e+09
985 4.60715e+09
986 4.60715e+09
987 4.60715e+09
988 4.60715e+09
989 4.60714e+09
990 4.60714e+09
991 4.60714e+09
992 4.60714e+09
993 4.60713e+09
994 4.60713e+09
995 4.60713e+09
996 4.60713e+09
997 4.60713e+09
998 4.60713e+09
999 4.60712e+09
1000 4.60712e+09
1001 4.60712e+09
1002 4.60711e+09
1003 4.60711e+09
1004 4.6071e+09
1005 4.60708e+09
1006 4.60706e+09
1007 4.60706e+09
1008 4.60705e+09
1009 4.60705e+09

0 6.03839e+13
1 5.85841e+12
2 2.21883e+12
