# x y z topography
0 0 1.00055 0.000548814
100 0 1.00072 0.000715189
0 100 1.00079 0.000791725
100 100 1.001 0.000995229
100 0 1.00072 0.000715189
200 0 1.0006 0.000602763
100 100 1.001 0.000995229
200 100 1.00116 0.00116262
200 0 1.0006 0.000602763
300 0 1.00054 0.000544883
200 100 1.00116 0.00116262
300 100 1.0013 0.00129976
300 0 1.00054 0.000544883
400 0 1.00042 0.000423655
300 100 1.0013 0.00129976
400 100 1.00138 0.00137695
0 100 1.00079 0.000791725
100 100 1.001 0.000995229
0 200 1.00098 0.000978618
100 200 1.00131 0.00130692
100 100 1.001 0.000995229
200 100 1.00116 0.00116262
100 200 1.00131 0.00130692
200 200 1.00174 0.00174267
200 100 1.00116 0.00116262
300 100 1.0013 0.00129976
200 200 1.00174 0.00174267
300 200 1.00226 0.0022601
300 100 1.0013 0.00129976
400 100 1.00138 0.00137695
300 200 1.00226 0.0022601
400 200 1.00247 0.00246979
0 200 1.00098 0.000978618
100 200 1.00131 0.00130692
0 300 1.00026 0.000264556
100 300 1.00164 0.00163945
100 200 1.00131 0.00130692
200 200 1.00174 0.00174267
100 300 1.00164 0.00163945
200 300 1.00251 0.00251369
400 0 1.00042 0.000423655
500 0 1.00065 0.000645894
400 100 1.00138 0.00137695
500 100 1.00145 0.00144886
500 0 1.00065 0.000645894
600 0 1.00044 0.000437587
500 100 1.00145 0.00144886
600 100 1.00137 0.00137194
400 100 1.00138 0.00137695
500 100 1.00145 0.00144886
400 200 1.00247 0.00246979
500 200 1.00253 0.00252571
500 100 1.00145 0.00144886
600 100 1.00137 0.00137194
500 200 1.00253 0.00252571
600 200 1.00238 0.00238463
200 200 1.00174 0.00174267
300 200 1.00226 0.0022601
200 300 1.00251 0.00251369
300 300 1.00311 0.00311367
300 200 1.00226 0.0022601
400 200 1.00247 0.00246979
300 300 1.00311 0.00311367
400 300 1.00345 0.00344547
0 300 1.00026 0.000264556
100 300 1.00164 0.00163945
0 400 1.00036 0.000359508
100 400 1.00219 0.00219395
100 300 1.00164 0.00163945
200 300 1.00251 0.00251369
100 400 1.00219 0.00219395
200 400 1.0034 0.00339687
200 300 1.00251 0.00251369
300 300 1.00311 0.00311367
200 400 1.0034 0.00339687
300 400 1.00422 0.00422237
300 300 1.00311 0.00311367
400 300 1.00345 0.00344547
300 400 1.00422 0.00422237
400 400 1.00466 0.0046613
600 0 1.00044 0.000437587
700 0 1.00089 0.000891773
600 100 1.00137 0.00137194
700 100 1.00133 0.00133448
700 0 1.00089 0.000891773
800 0 1.00096 0.000963663
700 100 1.00133 0.00133448
800 100 1.00113 0.00112922
600 100 1.00137 0.00137194
700 100 1.00133 0.00133448
600 200 1.00238 0.00238463
700 200 1.00206 0.00205806
700 100 1.00133 0.00133448
800 100 1.00113 0.00112922
700 200 1.00206 0.00205806
800 200 1.00147 0.00147441
400 200 1.00247 0.00246979
500 200 1.00253 0.00252571
400 300 1.00345 0.00344547
500 300 1.00367 0.00367031
500 200 1.00253 0.00252571
600 200 1.00238 0.00238463
500 300 1.00367 0.00367031
600 300 1.00343 0.00343123
600 200 1.00238 0.00238463
700 200 1.00206 0.00205806
600 300 1.00343 0.00343123
700 300 1.00288 0.00287766
700 200 1.00206 0.00205806
800 200 1.00147 0.00147441
700 300 1.00288 0.00287766
800 300 1.00201 0.00201116
400 300 1.00345 0.00344547
500 300 1.00367 0.00367031
400 400 1.00466 0.0046613
500 400 1.00471 0.00471122
500 300 1.00367 0.00367031
600 300 1.00343 0.00343123
500 400 1.00471 0.00471122
600 400 1.00435 0.00435168
600 300 1.00343 0.00343123
700 300 1.00288 0.00287766
600 400 1.00435 0.00435168
700 400 1.00372 0.00371791
700 300 1.00288 0.00287766
800 300 1.00201 0.00201116
700 400 1.00372 0.00371791
800 400 1.00246 0.00246458
0 400 1.00036 0.000359508
100 400 1.00219 0.00219395
0 500 1.00057 0.000570197
100 500 1.00283 0.00283148
100 400 1.00219 0.00219395
200 400 1.0034 0.00339687
100 500 1.00283 0.00283148
200 500 1.00435 0.00435226
200 400 1.0034 0.00339687
300 400 1.00422 0.00422237
200 500 1.00435 0.00435226
300 500 1.0054 0.00540257
300 400 1.00422 0.00422237
400 400 1.00466 0.0046613
300 500 1.0054 0.00540257
400 500 1.00595 0.00594807
0 500 1.00057 0.000570197
100 500 1.00283 0.00283148
0 600 1.00016 0.00015897
100 600 1.00339 0.00338638
100 500 1.00283 0.00283148
200 500 1.00435 0.00435226
100 600 1.00339 0.00338638
200 600 1.00532 0.00531614
200 500 1.00435 0.00435226
300 500 1.0054 0.00540257
200 600 1.00532 0.00531614
300 600 1.00661 0.00661222
300 500 1.0054 0.00540257
400 500 1.00595 0.00594807
300 600 1.00661 0.00661222
400 600 1.00728 0.00727653
400 400 1.00466 0.0046613
500 400 1.00471 0.00471122
400 500 1.00595 0.00594807
500 500 1.00599 0.00598556
500 400 1.00471 0.00471122
600 400 1.00435 0.00435168
500 500 1.00599 0.00598556
600 500 1.00549 0.00549479
0 600 1.00016 0.00015897
100 600 1.00339 0.00338638
0 700 1.00098 0.000976459
100 700 1.00399 0.00399123
100 600 1.00339 0.00338638
200 600 1.00532 0.00531614
100 700 1.00399 0.00399123
200 700 1.00615 0.00614764
200 600 1.00532 0.00531614
300 600 1.00661 0.00661222
200 700 1.00615 0.00614764
300 700 1.00783 0.00782553
300 600 1.00661 0.00661222
400 600 1.00728 0.00727653
300 700 1.00783 0.00782553
400 700 1.00861 0.00860947
0 700 1.00098 0.000976459
100 700 1.00399 0.00399123
0 800 1.00032 0.000317983
100 800 1.00446 0.00446416
100 700 1.00399 0.00399123
200 700 1.00615 0.00614764
100 800 1.00446 0.00446416
200 800 1.00708 0.00707995
200 700 1.00615 0.00614764
300 700 1.00783 0.00782553
200 800 1.00708 0.00707995
300 800 1.00885 0.00884728
300 700 1.00783 0.00782553
400 700 1.00861 0.00860947
300 800 1.00885 0.00884728
400 800 1.00975 0.00975432
600 400 1.00435 0.00435168
700 400 1.00372 0.00371791
600 500 1.00549 0.00549479
700 500 1.00444 0.00443829
700 400 1.00372 0.00371791
800 400 1.00246 0.00246458
700 500 1.00444 0.00443829
800 500 1.0028 0.00280331
400 500 1.00595 0.00594807
500 500 1.00599 0.00598556
400 600 1.00728 0.00727653
500 600 1.00731 0.0073119
500 500 1.00599 0.00598556
600 500 1.00549 0.00549479
500 600 1.00731 0.0073119
600 600 1.0067 0.00669688
600 500 1.00549 0.00549479
700 500 1.00444 0.00443829
600 600 1.0067 0.00669688
700 600 1.00539 0.00538769
700 500 1.00444 0.00443829
800 500 1.0028 0.00280331
700 600 1.00539 0.00538769
800 600 1.00336 0.00336204
400 600 1.00728 0.00727653
500 600 1.00731 0.0073119
400 700 1.00861 0.00860947
500 700 1.00865 0.00865433
500 600 1.00731 0.0073119
600 600 1.0067 0.00669688
500 700 1.00865 0.00865433
600 700 1.00793 0.00793362
400 700 1.00861 0.00860947
500 700 1.00865 0.00865433
400 800 1.00975 0.00975432
500 800 1.00998 0.00997712
500 700 1.00865 0.00865433
600 700 1.00793 0.00793362
500 800 1.00998 0.00997712
600 800 1.00916 0.00916128
800 0 1.00096 0.000963663
900 0 1.00038 0.000383442
800 100 1.00113 0.00112922
900 100 1.00087 0.000870012
800 100 1.00113 0.00112922
900 100 1.00087 0.000870012
800 200 1.00147 0.00147441
900 200 1.00041 0.000414662
800 200 1.00147 0.00147441
900 200 1.00041 0.000414662
800 300 1.00201 0.00201116
900 300 1.00068 0.00068182
800 300 1.00201 0.00201116
900 300 1.00068 0.00068182
800 400 1.00246 0.00246458
900 400 1.00036 0.000363711
800 400 1.00246 0.00246458
900 400 1.00036 0.000363711
800 500 1.0028 0.00280331
900 500 1.00024 0.000244426
800 500 1.0028 0.00280331
900 500 1.00024 0.000244426
800 600 1.00336 0.00336204
900 600 1.0001 9.60984e-05
600 600 1.0067 0.00669688
700 600 1.00539 0.00538769
600 700 1.00793 0.00793362
700 700 1.0064 0.00639999
700 600 1.00539 0.00538769
800 600 1.00336 0.00336204
700 700 1.0064 0.00639999
800 700 1.00403 0.00403257
600 700 1.00793 0.00793362
700 700 1.0064 0.00639999
600 800 1.00916 0.00916128
700 800 1.00743 0.00743421
700 700 1.0064 0.00639999
800 700 1.00403 0.00403257
700 800 1.00743 0.00743421
800 800 1.00485 0.00484553
800 600 1.00336 0.00336204
900 600 1.0001 9.60984e-05
800 700 1.00403 0.00403257
900 700 1.00012 0.000118728
800 700 1.00403 0.00403257
900 700 1.00012 0.000118728
800 800 1.00485 0.00484553
900 800 1.00093 0.000929296
0 800 1.00032 0.000317983
100 800 1.00446 0.00446416
0 900 1.00032 0.000318569
100 900 1.00506 0.0050582
100 800 1.00446 0.00446416
200 800 1.00708 0.00707995
100 900 1.00506 0.0050582
200 900 1.00803 0.00803128
200 800 1.00708 0.00707995
300 800 1.00885 0.00884728
200 900 1.00803 0.00803128
300 900 1.01003 0.0100272
300 800 1.00885 0.00884728
400 800 1.00975 0.00975432
300 900 1.01003 0.0100272
400 900 1.01104 0.0110415
0 900 1.00032 0.000318569
100 900 1.00506 0.0050582
0 1000 1.00068 0.000677817
100 1000 1.00574 0.00573548
100 900 1.00506 0.0050582
200 900 1.00803 0.00803128
100 1000 1.00574 0.00573548
200 1000 1.00898 0.00898035
200 900 1.00803 0.00803128
300 900 1.01003 0.0100272
200 1000 1.00898 0.00898035
300 1000 1.01118 0.0111756
300 900 1.01003 0.0100272
400 900 1.01104 0.0110415
300 1000 1.01118 0.0111756
400 1000 1.01229 0.0122853
400 800 1.00975 0.00975432
500 800 1.00998 0.00997712
400 900 1.01104 0.0110415
500 900 1.0111 0.0110959
500 800 1.00998 0.00997712
600 800 1.00916 0.00916128
500 900 1.0111 0.0110959
600 900 1.01017 0.0101706
0 1000 1.00068 0.000677817
100 1000 1.00574 0.00573548
0 1100 1.00045 0.000447125
100 1100 1.00626 0.00626278
100 1000 1.00574 0.00573548
200 1000 1.00898 0.00898035
100 1100 1.00626 0.00626278
200 1100 1.00983 0.00983374
200 1000 1.00898 0.00898035
300 1000 1.01118 0.0111756
200 1100 1.00983 0.00983374
300 1100 1.01222 0.0122238
300 1000 1.01118 0.0111756
400 1000 1.01229 0.0122853
300 1100 1.01222 0.0122238
400 1100 1.01343 0.0134254
0 1100 1.00045 0.000447125
100 1100 1.00626 0.00626278
0 1200 1.00073 0.000725254
100 1200 1.00664 0.00664058
100 1100 1.00626 0.00626278
200 1100 1.00983 0.00983374
100 1200 1.00664 0.00664058
200 1200 1.01041 0.0104058
200 1100 1.00983 0.00983374
300 1100 1.01222 0.0122238
200 1200 1.01041 0.0104058
300 1200 1.0131 0.0131046
300 1100 1.01222 0.0122238
400 1100 1.01343 0.0134254
300 1200 1.0131 0.0131046
400 1200 1.01438 0.0143786
600 800 1.00916 0.00916128
700 800 1.00743 0.00743421
600 900 1.01017 0.0101706
700 900 1.00837 0.00837064
700 800 1.00743 0.00743421
800 800 1.00485 0.00484553
700 900 1.00837 0.00837064
800 900 1.00531 0.00530937
400 900 1.01104 0.0110415
500 900 1.0111 0.0110959
400 1000 1.01229 0.0122853
500 1000 1.01233 0.0123331
500 900 1.0111 0.0110959
600 900 1.01017 0.0101706
500 1000 1.01233 0.0123331
600 1000 1.01131 0.0113051
600 900 1.01017 0.0101706
700 900 1.00837 0.00837064
600 1000 1.01131 0.0113051
700 1000 1.00915 0.00915472
700 900 1.00837 0.00837064
800 900 1.00531 0.00530937
700 1000 1.00915 0.00915472
800 1000 1.00592 0.00591962
400 1000 1.01229 0.0122853
500 1000 1.01233 0.0123331
400 1100 1.01343 0.0134254
500 1100 1.01347 0.0134707
500 1000 1.01233 0.0123331
600 1000 1.01131 0.0113051
500 1100 1.01347 0.0134707
600 1100 1.01234 0.0123447
400 1100 1.01343 0.0134254
500 1100 1.01347 0.0134707
400 1200 1.01438 0.0143786
500 1200 1.01443 0.0144263
500 1100 1.01347 0.0134707
600 1100 1.01234 0.0123447
500 1200 1.01443 0.0144263
600 1200 1.01323 0.0132253
600 1000 1.01131 0.0113051
700 1000 1.00915 0.00915472
600 1100 1.01234 0.0123447
700 1100 1.00999 0.00999074
700 1000 1.00915 0.00915472
800 1000 1.00592 0.00591962
700 1100 1.00999 0.00999074
800 1100 1.00642 0.00641809
600 1100 1.01234 0.0123447
700 1100 1.00999 0.00999074
600 1200 1.01323 0.0132253
700 1200 1.0107 0.0106957
700 1100 1.00999 0.00999074
800 1100 1.00642 0.00641809
700 1200 1.0107 0.0106957
800 1200 1.00679 0.00679447
0 1200 1.00073 0.000725254
100 1200 1.00664 0.00664058
0 1300 1.00062 0.000618015
100 1300 1.00702 0.00702283
100 1200 1.00664 0.00664058
200 1200 1.01041 0.0104058
100 1300 1.00702 0.00702283
200 1300 1.01095 0.0109538
200 1200 1.01041 0.0104058
300 1200 1.0131 0.0131046
200 1300 1.01095 0.0109538
300 1300 1.01357 0.0135744
300 1200 1.0131 0.0131046
400 1200 1.01438 0.0143786
300 1300 1.01357 0.0135744
400 1300 1.01489 0.0148862
0 1300 1.00062 0.000618015
100 1300 1.00702 0.00702283
0 1400 1.0009 0.000896547
100 1400 1.0073 0.00730335
100 1300 1.00702 0.00702283
200 1300 1.01095 0.0109538
100 1400 1.0073 0.00730335
200 1400 1.01125 0.0112492
200 1300 1.01095 0.0109538
300 1300 1.01357 0.0135744
200 1400 1.01125 0.0112492
300 1400 1.01387 0.0138732
300 1300 1.01357 0.0135744
400 1300 1.01489 0.0148862
300 1400 1.01387 0.0138732
400 1400 1.01517 0.0151729
0 1400 1.0009 0.000896547
100 1400 1.0073 0.00730335
0 1500 1.00015 0.000149448
100 1500 1.00718 0.00718216
100 1400 1.0073 0.00730335
200 1400 1.01125 0.0112492
100 1500 1.00718 0.00718216
200 1500 1.01113 0.0111293
200 1400 1.01125 0.0112492
300 1400 1.01387 0.0138732
200 1500 1.01113 0.0111293
300 1500 1.01367 0.0136727
300 1400 1.01387 0.0138732
400 1400 1.01517 0.0151729
300 1500 1.01367 0.0136727
400 1500 1.01491 0.0149058
0 1500 1.00015 0.000149448
100 1500 1.00718 0.00718216
0 1600 1.0007 0.000697429
100 1600 1.00699 0.00698836
100 1500 1.00718 0.00718216
200 1500 1.01113 0.0111293
100 1600 1.00699 0.00698836
200 1600 1.01048 0.0104797
200 1500 1.01113 0.0111293
300 1500 1.01367 0.0136727
200 1600 1.01048 0.0104797
300 1600 1.01275 0.0127467
300 1500 1.01367 0.0136727
400 1500 1.01491 0.0149058
300 1600 1.01275 0.0127467
400 1600 1.01383 0.0138306
400 1200 1.01438 0.0143786
500 1200 1.01443 0.0144263
400 1300 1.01489 0.0148862
500 1300 1.0151 0.0151009
500 1200 1.01443 0.0144263
600 1200 1.01323 0.0132253
500 1300 1.0151 0.0151009
600 1300 1.01386 0.0138623
600 1200 1.01323 0.0132253
700 1200 1.0107 0.0106957
600 1300 1.01386 0.0138623
700 1300 1.01125 0.0112473
700 1200 1.0107 0.0106957
800 1200 1.00679 0.00679447
700 1300 1.01125 0.0112473
800 1300 1.00721 0.0072147
400 1300 1.01489 0.0148862
500 1300 1.0151 0.0151009
400 1400 1.01517 0.0151729
500 1400 1.01521 0.0152101
500 1300 1.0151 0.0151009
600 1300 1.01386 0.0138623
500 1400 1.01521 0.0152101
600 1400 1.01397 0.0139683
600 1300 1.01386 0.0138623
700 1300 1.01125 0.0112473
600 1400 1.01397 0.0139683
700 1400 1.01152 0.0115238
700 1300 1.01125 0.0112473
800 1300 1.00721 0.0072147
700 1400 1.01152 0.0115238
800 1400 1.00754 0.00754261
400 1400 1.01517 0.0151729
500 1400 1.01521 0.0152101
400 1500 1.01491 0.0149058
500 1500 1.01492 0.0149241
500 1400 1.01521 0.0152101
600 1400 1.01397 0.0139683
500 1500 1.01492 0.0149241
600 1500 1.01372 0.013717
800 800 1.00485 0.00484553
900 800 1.00093 0.000929296
800 900 1.00531 0.00530937
900 900 1 4.69548e-06
800 900 1.00531 0.00530937
900 900 1 4.69548e-06
800 1000 1.00592 0.00591962
900 1000 1.00095 0.000952749
800 1000 1.00592 0.00591962
900 1000 1.00095 0.000952749
800 1100 1.00642 0.00641809
900 1100 1.00069 0.000692532
800 1100 1.00642 0.00641809
900 1100 1.00069 0.000692532
800 1200 1.00679 0.00679447
900 1200 1.00029 0.000290078
600 1400 1.01397 0.0139683
700 1400 1.01152 0.0115238
600 1500 1.01372 0.013717
700 1500 1.01117 0.0111655
700 1400 1.01152 0.0115238
800 1400 1.00754 0.00754261
700 1500 1.01117 0.0111655
800 1500 1.00716 0.00715667
400 1500 1.01491 0.0149058
500 1500 1.01492 0.0149241
400 1600 1.01383 0.0138306
500 1600 1.01383 0.0138306
500 1500 1.01492 0.0149241
600 1500 1.01372 0.013717
500 1600 1.01383 0.0138306
600 1600 1.01274 0.0127428
600 1500 1.01372 0.013717
700 1500 1.01117 0.0111655
600 1600 1.01274 0.0127428
700 1600 1.01044 0.0104436
700 1500 1.01117 0.0111655
800 1500 1.00716 0.00715667
700 1600 1.01044 0.0104436
800 1600 1.00681 0.00681025
800 1200 1.00679 0.00679447
900 1200 1.00029 0.000290078
800 1300 1.00721 0.0072147
900 1300 1.00043 0.000431418
800 1300 1.00721 0.0072147
900 1300 1.00043 0.000431418
800 1400 1.00754 0.00754261
900 1400 1.001 0.000998847
800 1400 1.00754 0.00754261
900 1400 1.001 0.000998847
800 1500 1.00716 0.00715667
900 1500 1.00007 6.9167e-05
800 1500 1.00716 0.00715667
900 1500 1.00007 6.9167e-05
800 1600 1.00681 0.00681025
900 1600 1.00017 0.00017163
0 1600 1.0007 0.000697429
100 1600 1.00699 0.00698836
0 1700 1.00052 0.000521037
100 1700 1.006 0.00600077
100 1600 1.00699 0.00698836
200 1600 1.01048 0.0104797
100 1700 1.006 0.00600077
200 1700 1.00878 0.00878315
0 1700 1.00052 0.000521037
100 1700 1.006 0.00600077
0 1800 1.00016 0.000164694
100 1800 1.00449 0.00449079
100 1700 1.006 0.00600077
200 1700 1.00878 0.00878315
100 1800 1.00449 0.00449079
200 1800 1.00614 0.00614392
0 1800 1.00016 0.000164694
100 1800 1.00449 0.00449079
0 1900 1.0004 0.000398221
100 1900 1.00021 0.000209844
100 1800 1.00449 0.00449079
200 1800 1.00614 0.00614392
100 1900 1.00021 0.000209844
200 1900 1.00019 0.000186193
200 1600 1.01048 0.0104797
300 1600 1.01275 0.0127467
200 1700 1.00878 0.00878315
300 1700 1.01076 0.0107636
300 1600 1.01275 0.0127467
400 1600 1.01383 0.0138306
300 1700 1.01076 0.0107636
400 1700 1.0116 0.0115989
400 1600 1.01383 0.0138306
500 1600 1.01383 0.0138306
400 1700 1.0116 0.0115989
500 1700 1.01157 0.0115742
500 1600 1.01383 0.0138306
600 1600 1.01274 0.0127428
500 1700 1.01157 0.0115742
600 1700 1.01071 0.0107078
200 1700 1.00878 0.00878315
300 1700 1.01076 0.0107636
200 1800 1.00614 0.00614392
300 1800 1.00735 0.00734572
300 1700 1.01076 0.0107636
400 1700 1.0116 0.0115989
300 1800 1.00735 0.00734572
400 1800 1.00779 0.00778891
400 1700 1.0116 0.0115989
500 1700 1.01157 0.0115742
400 1800 1.00779 0.00778891
500 1800 1.00786 0.0078642
500 1700 1.01157 0.0115742
600 1700 1.01071 0.0107078
500 1800 1.00786 0.0078642
600 1800 1.0073 0.00730413
200 1800 1.00614 0.00614392
300 1800 1.00735 0.00734572
200 1900 1.00019 0.000186193
300 1900 1.00094 0.000944372
300 1800 1.00735 0.00734572
400 1800 1.00779 0.00778891
300 1900 1.00094 0.000944372
400 1900 1.00074 0.000739551
600 1600 1.01274 0.0127428
700 1600 1.01044 0.0104436
600 1700 1.01071 0.0107078
700 1700 1.0089 0.00889772
700 1600 1.01044 0.0104436
800 1600 1.00681 0.00681025
700 1700 1.0089 0.00889772
800 1700 1.006 0.00599592
800 1600 1.00681 0.00681025
900 1600 1.00017 0.00017163
800 1700 1.006 0.00599592
900 1700 1.00003 3.18389e-05
600 1700 1.01071 0.0107078
700 1700 1.0089 0.00889772
600 1800 1.0073 0.00730413
700 1800 1.00627 0.00627475
700 1700 1.0089 0.00889772
800 1700 1.006 0.00599592
700 1800 1.00627 0.00627475
800 1800 1.00462 0.00462029
800 1700 1.006 0.00599592
900 1700 1.00003 3.18389e-05
800 1800 1.00462 0.00462029
900 1800 1.00031 0.000311945
400 1800 1.00779 0.00778891
500 1800 1.00786 0.0078642
400 1900 1.00074 0.000739551
500 1900 1.00049 0.000490459
500 1800 1.00786 0.0078642
600 1800 1.0073 0.00730413
500 1900 1.00049 0.000490459
600 1900 1.00023 0.000227415
600 1800 1.0073 0.00730413
700 1800 1.00627 0.00627475
600 1900 1.00023 0.000227415
700 1900 1.00025 0.000254356
700 1800 1.00627 0.00627475
800 1800 1.00462 0.00462029
700 1900 1.00025 0.000254356
800 1900 1.00006 5.80292e-05
800 1800 1.00462 0.00462029
900 1800 1.00031 0.000311945
800 1900 1.00006 5.80292e-05
900 1900 1.00043 0.000434417
