# x y topography analytical topography
0 1.01246 0.0124565 0.0145606
0.015625 1.0131 0.0130965 0.0148324
0.015625 1.0131 0.0130965 0.0148324
0.03125 1.01424 0.0142435 0.0156358
0.03125 1.01424 0.0142435 0.0156358
0.046875 1.01585 0.0158538 0.016937
0.046875 1.01585 0.0158538 0.016937
0.0625 1.01787 0.0178683 0.0186832
0.0625 1.01787 0.0178683 0.0186832
0.078125 1.02022 0.0202178 0.0208085
0.078125 1.02022 0.0202178 0.0208085
0.09375 1.02283 0.0228293 0.0232399
0.09375 1.02283 0.0228293 0.0232399
0.109375 1.02563 0.0256317 0.025903
0.109375 1.02563 0.0256317 0.025903
0.125 1.02856 0.0285595 0.0287273
0.125 1.02856 0.0285595 0.0287273
0.140625 1.03156 0.0315558 0.0316495
0.140625 1.03156 0.0315558 0.0316495
0.15625 1.03457 0.034573 0.0346156
0.15625 1.03457 0.034573 0.0346156
0.171875 1.03757 0.0375729 0.0375814
0.171875 1.03757 0.0375729 0.0375814
0.1875 1.04053 0.0405256 0.040512
0.1875 1.04053 0.0405256 0.040512
0.203125 1.04341 0.0434081 0.0433803
0.203125 1.04341 0.0434081 0.0433803
0.21875 1.0462 0.0462028 0.0461659
0.21875 1.0462 0.0462028 0.0461659
0.234375 1.0489 0.0488961 0.0488532
0.234375 1.0489 0.0488961 0.0488532
0.25 1.05148 0.0514772 0.0514302
0.25 1.05148 0.0514772 0.0514302
0.265625 1.05394 0.0539374 0.0538873
0.265625 1.05394 0.0539374 0.0538873
0.28125 1.05627 0.0562694 0.0562167
0.28125 1.05627 0.0562694 0.0562167
0.296875 1.05847 0.0584666 0.0584117
0.296875 1.05847 0.0584666 0.0584117
0.3125 1.06052 0.0605234 0.0604666
0.3125 1.06052 0.0605234 0.0604666
0.328125 1.06243 0.0624347 0.062376
0.328125 1.06243 0.0624347 0.062376
0.34375 1.0642 0.0641956 0.0641352
0.34375 1.0642 0.0641956 0.0641352
0.359375 1.0658 0.0658019 0.06574
0.359375 1.0658 0.0658019 0.06574
0.375 1.06725 0.0672497 0.0671865
0.375 1.06725 0.0672497 0.0671865
0.390625 1.06854 0.0685355 0.0684711
0.390625 1.06854 0.0685355 0.0684711
0.40625 1.06966 0.0696562 0.0695907
0.40625 1.06966 0.0696562 0.0695907
0.421875 1.07061 0.0706091 0.0705427
0.421875 1.07061 0.0706091 0.0705427
0.4375 1.07139 0.0713919 0.0713248
0.4375 1.07139 0.0713919 0.0713248
0.453125 1.072 0.0720027 0.071935
0.453125 1.072 0.0720027 0.071935
0.46875 1.07244 0.07244 0.0723719
0.46875 1.07244 0.07244 0.0723719
0.484375 1.0727 0.0727029 0.0726345
0.484375 1.0727 0.0727029 0.0726345
0.5 1.07279 0.0727905 0.0727221
0.5 1.07279 0.0727905 0.0727221
0.515625 1.0727 0.0727029 0.0726345
0.515625 1.0727 0.0727029 0.0726345
0.53125 1.07244 0.07244 0.0723719
0.53125 1.07244 0.07244 0.0723719
0.546875 1.072 0.0720027 0.071935
0.546875 1.072 0.0720027 0.071935
0.5625 1.07139 0.0713919 0.0713248
0.5625 1.07139 0.0713919 0.0713248
0.578125 1.07061 0.0706091 0.0705427
0.578125 1.07061 0.0706091 0.0705427
0.59375 1.06966 0.0696562 0.0695907
0.59375 1.06966 0.0696562 0.0695907
0.609375 1.06854 0.0685355 0.0684711
0.609375 1.06854 0.0685355 0.0684711
0.625 1.06725 0.0672497 0.0671865
0.625 1.06725 0.0672497 0.0671865
0.640625 1.0658 0.0658019 0.06574
0.640625 1.0658 0.0658019 0.06574
0.65625 1.0642 0.0641956 0.0641352
0.65625 1.0642 0.0641956 0.0641352
0.671875 1.06243 0.0624347 0.062376
0.671875 1.06243 0.0624347 0.062376
0.6875 1.06052 0.0605234 0.0604666
0.6875 1.06052 0.0605234 0.0604666
0.703125 1.05847 0.0584666 0.0584117
0.703125 1.05847 0.0584666 0.0584117
0.71875 1.05627 0.0562694 0.0562167
0.71875 1.05627 0.0562694 0.0562167
0.734375 1.05394 0.0539374 0.0538873
0.734375 1.05394 0.0539374 0.0538873
0.75 1.05148 0.0514772 0.0514302
0.75 1.05148 0.0514772 0.0514302
0.765625 1.0489 0.0488961 0.0488532
0.765625 1.0489 0.0488961 0.0488532
0.78125 1.0462 0.0462028 0.0461659
0.78125 1.0462 0.0462028 0.0461659
0.796875 1.04341 0.0434081 0.0433803
0.796875 1.04341 0.0434081 0.0433803
0.8125 1.04053 0.0405256 0.040512
0.8125 1.04053 0.0405256 0.040512
0.828125 1.03757 0.0375729 0.0375814
0.828125 1.03757 0.0375729 0.0375814
0.84375 1.03457 0.034573 0.0346156
0.84375 1.03457 0.034573 0.0346156
0.859375 1.03156 0.0315558 0.0316495
0.859375 1.03156 0.0315558 0.0316495
0.875 1.02856 0.0285595 0.0287273
0.875 1.02856 0.0285595 0.0287273
0.890625 1.02563 0.0256317 0.025903
0.890625 1.02563 0.0256317 0.025903
0.90625 1.02283 0.0228293 0.0232399
0.90625 1.02283 0.0228293 0.0232399
0.921875 1.02022 0.0202178 0.0208085
0.921875 1.02022 0.0202178 0.0208085
0.9375 1.01787 0.0178683 0.0186832
0.9375 1.01787 0.0178683 0.0186832
0.953125 1.01585 0.0158538 0.016937
0.953125 1.01585 0.0158538 0.016937
0.96875 1.01424 0.0142435 0.0156358
0.96875 1.01424 0.0142435 0.0156358
0.984375 1.0131 0.0130965 0.0148324
0.984375 1.0131 0.0130965 0.0148324
1 1.01246 0.0124565 0.0145606
