# x y topography analytical topography
0 1.00415 0.00414884 0.00592547
0.015625 1.00561 0.00560977 0.00662948
0.015625 1.00561 0.00560977 0.00662948
0.03125 1.00811 0.00811054 0.00858248
0.03125 1.00811 0.00811054 0.00858248
0.046875 1.01123 0.011235 0.0114046
0.046875 1.01123 0.011235 0.0114046
0.0625 1.01465 0.0146503 0.0146944
0.0625 1.01465 0.0146503 0.0146944
0.078125 1.01816 0.018161 0.0181665
0.078125 1.01816 0.018161 0.0181665
0.09375 1.02167 0.0216735 0.0216706
0.09375 1.02167 0.0216735 0.0216706
0.109375 1.02515 0.0251474 0.0251434
0.109375 1.02515 0.0251474 0.0251434
0.125 1.02856 0.0285645 0.0285601
0.125 1.02856 0.0285645 0.0285601
0.140625 1.03191 0.0319136 0.0319088
0.140625 1.03191 0.0319136 0.0319088
0.15625 1.03519 0.035186 0.0351807
0.15625 1.03519 0.035186 0.0351807
0.171875 1.03837 0.0383736 0.0383679
0.171875 1.03837 0.0383736 0.0383679
0.1875 1.04147 0.0414688 0.0414627
0.1875 1.04147 0.0414688 0.0414627
0.203125 1.04446 0.0444641 0.0444575
0.203125 1.04446 0.0444641 0.0444575
0.21875 1.04735 0.0473523 0.0473453
0.21875 1.04735 0.0473523 0.0473453
0.234375 1.05013 0.0501264 0.050119
0.234375 1.05013 0.0501264 0.050119
0.25 1.05278 0.0527798 0.0527719
0.25 1.05278 0.0527798 0.0527719
0.265625 1.05531 0.055306 0.0552978
0.265625 1.05531 0.055306 0.0552978
0.28125 1.0577 0.057699 0.0576904
0.28125 1.0577 0.057699 0.0576904
0.296875 1.05995 0.0599529 0.059944
0.296875 1.05995 0.0599529 0.059944
0.3125 1.06206 0.0620625 0.0620532
0.3125 1.06206 0.0620625 0.0620532
0.328125 1.06402 0.0640225 0.064013
0.328125 1.06402 0.0640225 0.064013
0.34375 1.06583 0.0658283 0.0658185
0.34375 1.06583 0.0658283 0.0658185
0.359375 1.06748 0.0674755 0.0674654
0.359375 1.06748 0.0674755 0.0674654
0.375 1.06896 0.0689601 0.0689499
0.375 1.06896 0.0689601 0.0689499
0.390625 1.07028 0.0702786 0.0702682
0.390625 1.07028 0.0702786 0.0702682
0.40625 1.07143 0.0714278 0.0714172
0.40625 1.07143 0.0714278 0.0714172
0.421875 1.0724 0.072405 0.0723942
0.421875 1.0724 0.072405 0.0723942
0.4375 1.07321 0.0732077 0.0731968
0.4375 1.07321 0.0732077 0.0731968
0.453125 1.07383 0.073834 0.073823
0.453125 1.07383 0.073834 0.073823
0.46875 1.07428 0.0742825 0.0742714
0.46875 1.07428 0.0742825 0.0742714
0.484375 1.07455 0.074552 0.0745409
0.484375 1.07455 0.074552 0.0745409
0.5 1.07464 0.0746419 0.0746308
0.5 1.07464 0.0746419 0.0746308
0.515625 1.07455 0.074552 0.0745409
0.515625 1.07455 0.074552 0.0745409
0.53125 1.07428 0.0742825 0.0742714
0.53125 1.07428 0.0742825 0.0742714
0.546875 1.07383 0.073834 0.073823
0.546875 1.07383 0.073834 0.073823
0.5625 1.07321 0.0732077 0.0731968
0.5625 1.07321 0.0732077 0.0731968
0.578125 1.0724 0.072405 0.0723942
0.578125 1.0724 0.072405 0.0723942
0.59375 1.07143 0.0714278 0.0714172
0.59375 1.07143 0.0714278 0.0714172
0.609375 1.07028 0.0702786 0.0702682
0.609375 1.07028 0.0702786 0.0702682
0.625 1.06896 0.0689601 0.0689499
0.625 1.06896 0.0689601 0.0689499
0.640625 1.06748 0.0674755 0.0674654
0.640625 1.06748 0.0674755 0.0674654
0.65625 1.06583 0.0658283 0.0658185
0.65625 1.06583 0.0658283 0.0658185
0.671875 1.06402 0.0640225 0.064013
0.671875 1.06402 0.0640225 0.064013
0.6875 1.06206 0.0620625 0.0620532
0.6875 1.06206 0.0620625 0.0620532
0.703125 1.05995 0.0599529 0.059944
0.703125 1.05995 0.0599529 0.059944
0.71875 1.0577 0.057699 0.0576904
0.71875 1.0577 0.057699 0.0576904
0.734375 1.05531 0.055306 0.0552978
0.734375 1.05531 0.055306 0.0552978
0.75 1.05278 0.0527798 0.0527719
0.75 1.05278 0.0527798 0.0527719
0.765625 1.05013 0.0501264 0.050119
0.765625 1.05013 0.0501264 0.050119
0.78125 1.04735 0.0473523 0.0473453
0.78125 1.04735 0.0473523 0.0473453
0.796875 1.04446 0.0444641 0.0444575
0.796875 1.04446 0.0444641 0.0444575
0.8125 1.04147 0.0414688 0.0414627
0.8125 1.04147 0.0414688 0.0414627
0.828125 1.03837 0.0383736 0.0383679
0.828125 1.03837 0.0383736 0.0383679
0.84375 1.03519 0.035186 0.0351807
0.84375 1.03519 0.035186 0.0351807
0.859375 1.03191 0.0319136 0.0319088
0.859375 1.03191 0.0319136 0.0319088
0.875 1.02856 0.0285645 0.0285601
0.875 1.02856 0.0285645 0.0285601
0.890625 1.02515 0.0251474 0.0251434
0.890625 1.02515 0.0251474 0.0251434
0.90625 1.02167 0.0216735 0.0216706
0.90625 1.02167 0.0216735 0.0216706
0.921875 1.01816 0.018161 0.0181665
0.921875 1.01816 0.018161 0.0181665
0.9375 1.01465 0.0146503 0.0146944
0.9375 1.01465 0.0146503 0.0146944
0.953125 1.01123 0.011235 0.0114046
0.953125 1.01123 0.011235 0.0114046
0.96875 1.00811 0.00811054 0.00858248
0.96875 1.00811 0.00811054 0.00858248
0.984375 1.00561 0.00560977 0.00662948
0.984375 1.00561 0.00560977 0.00662948
1 1.00415 0.00414884 0.00592547
