# x y topography analytical topography
0 1.02189 0.0218867 0.0242119
0.015625 1.02227 0.0222683 0.0243501
0.015625 1.02227 0.0222683 0.0243501
0.03125 1.02292 0.0229166 0.0247622
0.03125 1.02292 0.0229166 0.0247622
0.046875 1.02382 0.0238217 0.0254409
0.046875 1.02382 0.0238217 0.0254409
0.0625 1.02497 0.0249695 0.026374
0.0625 1.02497 0.0249695 0.026374
0.078125 1.02634 0.0263419 0.0275453
0.078125 1.02634 0.0263419 0.0275453
0.09375 1.02792 0.0279176 0.0289348
0.09375 1.02792 0.0279176 0.0289348
0.109375 1.02967 0.0296728 0.0305196
0.109375 1.02967 0.0296728 0.0305196
0.125 1.03158 0.0315817 0.0322743
0.125 1.03158 0.0315817 0.0322743
0.140625 1.03362 0.0336174 0.0341722
0.140625 1.03362 0.0336174 0.0341722
0.15625 1.03575 0.0357525 0.0361855
0.15625 1.03575 0.0357525 0.0361855
0.171875 1.03796 0.0379599 0.0382865
0.171875 1.03796 0.0379599 0.0382865
0.1875 1.04021 0.0402131 0.0404478
0.1875 1.04021 0.0402131 0.0404478
0.203125 1.04249 0.0424868 0.042643
0.203125 1.04249 0.0424868 0.042643
0.21875 1.04476 0.0447573 0.0448471
0.21875 1.04476 0.0447573 0.0448471
0.234375 1.047 0.0470027 0.0470369
0.234375 1.047 0.0470027 0.0470369
0.25 1.0492 0.0492029 0.049191
0.25 1.0492 0.0492029 0.049191
0.265625 1.05134 0.0513398 0.05129
0.265625 1.05134 0.0513398 0.05129
0.28125 1.0534 0.0533975 0.0533167
0.28125 1.0534 0.0533975 0.0533167
0.296875 1.05536 0.0553616 0.0552557
0.296875 1.05536 0.0553616 0.0552557
0.3125 1.05722 0.0572199 0.0570938
0.3125 1.05722 0.0572199 0.0570938
0.328125 1.05896 0.0589615 0.0588191
0.328125 1.05896 0.0589615 0.0588191
0.34375 1.06058 0.0605773 0.0604219
0.34375 1.06058 0.0605773 0.0604219
0.359375 1.06206 0.0620593 0.0618935
0.359375 1.06206 0.0620593 0.0618935
0.375 1.0634 0.0634009 0.0632268
0.375 1.0634 0.0634009 0.0632268
0.390625 1.0646 0.0645965 0.0644157
0.390625 1.0646 0.0645965 0.0644157
0.40625 1.06564 0.0656412 0.0654552
0.40625 1.06564 0.0656412 0.0654552
0.421875 1.06653 0.0665314 0.0663412
0.421875 1.06653 0.0665314 0.0663412
0.4375 1.06726 0.0672637 0.0670704
0.4375 1.06726 0.0672637 0.0670704
0.453125 1.06784 0.0678357 0.0676401
0.453125 1.06784 0.0678357 0.0676401
0.46875 1.06825 0.0682456 0.0680484
0.46875 1.06825 0.0682456 0.0680484
0.484375 1.06849 0.0684921 0.0682939
0.484375 1.06849 0.0684921 0.0682939
0.5 1.06857 0.0685743 0.0683759
0.5 1.06857 0.0685743 0.0683759
0.515625 1.06849 0.0684921 0.0682939
0.515625 1.06849 0.0684921 0.0682939
0.53125 1.06825 0.0682456 0.0680484
0.53125 1.06825 0.0682456 0.0680484
0.546875 1.06784 0.0678357 0.0676401
0.546875 1.06784 0.0678357 0.0676401
0.5625 1.06726 0.0672637 0.0670704
0.5625 1.06726 0.0672637 0.0670704
0.578125 1.06653 0.0665314 0.0663412
0.578125 1.06653 0.0665314 0.0663412
0.59375 1.06564 0.0656412 0.0654552
0.59375 1.06564 0.0656412 0.0654552
0.609375 1.0646 0.0645965 0.0644157
0.609375 1.0646 0.0645965 0.0644157
0.625 1.0634 0.0634009 0.0632268
0.625 1.0634 0.0634009 0.0632268
0.640625 1.06206 0.0620593 0.0618935
0.640625 1.06206 0.0620593 0.0618935
0.65625 1.06058 0.0605773 0.0604219
0.65625 1.06058 0.0605773 0.0604219
0.671875 1.05896 0.0589615 0.0588191
0.671875 1.05896 0.0589615 0.0588191
0.6875 1.05722 0.0572199 0.0570938
0.6875 1.05722 0.0572199 0.0570938
0.703125 1.05536 0.0553616 0.0552557
0.703125 1.05536 0.0553616 0.0552557
0.71875 1.0534 0.0533975 0.0533167
0.71875 1.0534 0.0533975 0.0533167
0.734375 1.05134 0.0513398 0.05129
0.734375 1.05134 0.0513398 0.05129
0.75 1.0492 0.0492029 0.049191
0.75 1.0492 0.0492029 0.049191
0.765625 1.047 0.0470027 0.0470369
0.765625 1.047 0.0470027 0.0470369
0.78125 1.04476 0.0447573 0.0448471
0.78125 1.04476 0.0447573 0.0448471
0.796875 1.04249 0.0424868 0.042643
0.796875 1.04249 0.0424868 0.042643
0.8125 1.04021 0.0402131 0.0404478
0.8125 1.04021 0.0402131 0.0404478
0.828125 1.03796 0.0379599 0.0382865
0.828125 1.03796 0.0379599 0.0382865
0.84375 1.03575 0.0357525 0.0361855
0.84375 1.03575 0.0357525 0.0361855
0.859375 1.03362 0.0336174 0.0341722
0.859375 1.03362 0.0336174 0.0341722
0.875 1.03158 0.0315817 0.0322743
0.875 1.03158 0.0315817 0.0322743
0.890625 1.02967 0.0296728 0.0305196
0.890625 1.02967 0.0296728 0.0305196
0.90625 1.02792 0.0279176 0.0289348
0.90625 1.02792 0.0279176 0.0289348
0.921875 1.02634 0.0263419 0.0275453
0.921875 1.02634 0.0263419 0.0275453
0.9375 1.02497 0.0249695 0.026374
0.9375 1.02497 0.0249695 0.026374
0.953125 1.02382 0.0238217 0.0254409
0.953125 1.02382 0.0238217 0.0254409
0.96875 1.02292 0.0229166 0.0247622
0.96875 1.02292 0.0229166 0.0247622
0.984375 1.02227 0.0222683 0.0243501
0.984375 1.02227 0.0222683 0.0243501
1 1.02189 0.0218867 0.0242119
