# x y topography analytical topography
0 1.02161 0.0216058 0.0239257
0.015625 1.02199 0.0219925 0.0240666
0.015625 1.02199 0.0219925 0.0240666
0.03125 1.02265 0.0226508 0.0244865
0.03125 1.02265 0.0226508 0.0244865
0.046875 1.02357 0.0235704 0.0251777
0.046875 1.02357 0.0235704 0.0251777
0.0625 1.02474 0.0247367 0.0261279
0.0625 1.02474 0.0247367 0.0261279
0.078125 1.02613 0.026131 0.02732
0.078125 1.02613 0.026131 0.02732
0.09375 1.02773 0.0277313 0.0287335
0.09375 1.02773 0.0277313 0.0287335
0.109375 1.02951 0.029513 0.0303446
0.109375 1.02951 0.029513 0.0303446
0.125 1.03145 0.0314495 0.0321273
0.125 1.03145 0.0314495 0.0321273
0.140625 1.03351 0.0335133 0.0340539
0.140625 1.03351 0.0335133 0.0340539
0.15625 1.03568 0.0356763 0.0360961
0.15625 1.03568 0.0356763 0.0360961
0.171875 1.03791 0.0379108 0.0382254
0.171875 1.03791 0.0379108 0.0382254
0.1875 1.04019 0.0401898 0.0404139
0.1875 1.04019 0.0401898 0.0404139
0.203125 1.04249 0.0424877 0.0426349
0.203125 1.04249 0.0424877 0.0426349
0.21875 1.04478 0.0447806 0.044863
0.21875 1.04478 0.0447806 0.044863
0.234375 1.04705 0.0470463 0.0470747
0.234375 1.04705 0.0470463 0.0470747
0.25 1.04926 0.0492648 0.0492486
0.25 1.04926 0.0492648 0.0492486
0.265625 1.05142 0.051418 0.0513653
0.265625 1.05142 0.051418 0.0513653
0.28125 1.05349 0.0534899 0.0534076
0.28125 1.05349 0.0534899 0.0534076
0.296875 1.05547 0.0554665 0.0553603
0.296875 1.05547 0.0554665 0.0553603
0.3125 1.05734 0.0573355 0.0572101
0.3125 1.05734 0.0573355 0.0572101
0.328125 1.05909 0.0590863 0.0589456
0.328125 1.05909 0.0590863 0.0589456
0.34375 1.06071 0.06071 0.0605569
0.34375 1.06071 0.06071 0.0605569
0.359375 1.0622 0.0621987 0.0620358
0.359375 1.0622 0.0621987 0.0620358
0.375 1.06355 0.0635459 0.0633752
0.375 1.06355 0.0635459 0.0633752
0.390625 1.06475 0.0647461 0.0645692
0.390625 1.06475 0.0647461 0.0645692
0.40625 1.06579 0.0657947 0.0656129
0.40625 1.06579 0.0657947 0.0656129
0.421875 1.06669 0.0666879 0.0665022
0.421875 1.06669 0.0666879 0.0665022
0.4375 1.06742 0.0674227 0.067234
0.4375 1.06742 0.0674227 0.067234
0.453125 1.068 0.0679966 0.0678057
0.453125 1.068 0.0679966 0.0678057
0.46875 1.06841 0.0684078 0.0682154
0.46875 1.06841 0.0684078 0.0682154
0.484375 1.06866 0.068655 0.0684618
0.484375 1.06866 0.068655 0.0684618
0.5 1.06874 0.0687375 0.068544
0.5 1.06874 0.0687375 0.068544
0.515625 1.06866 0.068655 0.0684618
0.515625 1.06866 0.068655 0.0684618
0.53125 1.06841 0.0684078 0.0682154
0.53125 1.06841 0.0684078 0.0682154
0.546875 1.068 0.0679966 0.0678057
0.546875 1.068 0.0679966 0.0678057
0.5625 1.06742 0.0674227 0.067234
0.5625 1.06742 0.0674227 0.067234
0.578125 1.06669 0.0666879 0.0665022
0.578125 1.06669 0.0666879 0.0665022
0.59375 1.06579 0.0657947 0.0656129
0.59375 1.06579 0.0657947 0.0656129
0.609375 1.06475 0.0647461 0.0645692
0.609375 1.06475 0.0647461 0.0645692
0.625 1.06355 0.0635459 0.0633752
0.625 1.06355 0.0635459 0.0633752
0.640625 1.0622 0.0621987 0.0620358
0.640625 1.0622 0.0621987 0.0620358
0.65625 1.06071 0.06071 0.0605569
0.65625 1.06071 0.06071 0.0605569
0.671875 1.05909 0.0590863 0.0589456
0.671875 1.05909 0.0590863 0.0589456
0.6875 1.05734 0.0573355 0.0572101
0.6875 1.05734 0.0573355 0.0572101
0.703125 1.05547 0.0554665 0.0553603
0.703125 1.05547 0.0554665 0.0553603
0.71875 1.05349 0.0534899 0.0534076
0.71875 1.05349 0.0534899 0.0534076
0.734375 1.05142 0.051418 0.0513653
0.734375 1.05142 0.051418 0.0513653
0.75 1.04926 0.0492648 0.0492486
0.75 1.04926 0.0492648 0.0492486
0.765625 1.04705 0.0470463 0.0470747
0.765625 1.04705 0.0470463 0.0470747
0.78125 1.04478 0.0447806 0.044863
0.78125 1.04478 0.0447806 0.044863
0.796875 1.04249 0.0424877 0.0426349
0.796875 1.04249 0.0424877 0.0426349
0.8125 1.04019 0.0401898 0.0404139
0.8125 1.04019 0.0401898 0.0404139
0.828125 1.03791 0.0379108 0.0382254
0.828125 1.03791 0.0379108 0.0382254
0.84375 1.03568 0.0356763 0.0360961
0.84375 1.03568 0.0356763 0.0360961
0.859375 1.03351 0.0335133 0.0340539
0.859375 1.03351 0.0335133 0.0340539
0.875 1.03145 0.0314495 0.0321273
0.875 1.03145 0.0314495 0.0321273
0.890625 1.02951 0.029513 0.0303446
0.890625 1.02951 0.029513 0.0303446
0.90625 1.02773 0.0277313 0.0287335
0.90625 1.02773 0.0277313 0.0287335
0.921875 1.02613 0.026131 0.02732
0.921875 1.02613 0.026131 0.02732
0.9375 1.02474 0.0247367 0.0261279
0.9375 1.02474 0.0247367 0.0261279
0.953125 1.02357 0.0235704 0.0251777
0.953125 1.02357 0.0235704 0.0251777
0.96875 1.02265 0.0226508 0.0244865
0.96875 1.02265 0.0226508 0.0244865
0.984375 1.02199 0.0219925 0.0240666
0.984375 1.02199 0.0219925 0.0240666
1 1.02161 0.0216058 0.0239257
