# x y topography analytical topography
0 1.03324 0.0332383 0.0356984
0.015625 1.03347 0.0334675 0.0357583
0.015625 1.03347 0.0334675 0.0357583
0.03125 1.03381 0.0338145 0.0359371
0.03125 1.03381 0.0338145 0.0359371
0.046875 1.03428 0.0342767 0.0362331
0.046875 1.03428 0.0342767 0.0362331
0.0625 1.03485 0.0348499 0.0366429
0.0625 1.03485 0.0348499 0.0366429
0.078125 1.03553 0.035529 0.0371623
0.078125 1.03553 0.035529 0.0371623
0.09375 1.03631 0.0363079 0.0377855
0.09375 1.03631 0.0363079 0.0377855
0.109375 1.03718 0.0371792 0.0385061
0.109375 1.03718 0.0371792 0.0385061
0.125 1.03813 0.0381348 0.0393164
0.125 1.03813 0.0381348 0.0393164
0.140625 1.03917 0.0391657 0.0402078
0.140625 1.03917 0.0391657 0.0402078
0.15625 1.04026 0.0402622 0.0411711
0.15625 1.04026 0.0402622 0.0411711
0.171875 1.04141 0.0414141 0.0421963
0.171875 1.04141 0.0414141 0.0421963
0.1875 1.04261 0.0426106 0.043273
0.1875 1.04261 0.0426106 0.043273
0.203125 1.04384 0.0438407 0.0443901
0.203125 1.04384 0.0438407 0.0443901
0.21875 1.04509 0.045093 0.0455365
0.21875 1.04509 0.045093 0.0455365
0.234375 1.04636 0.0463562 0.0467009
0.234375 1.04636 0.0463562 0.0467009
0.25 1.04762 0.0476188 0.0478718
0.25 1.04762 0.0476188 0.0478718
0.265625 1.04887 0.0488696 0.0490378
0.265625 1.04887 0.0488696 0.0490378
0.28125 1.0501 0.0500975 0.050188
0.28125 1.0501 0.0500975 0.050188
0.296875 1.05129 0.0512919 0.0513112
0.296875 1.05129 0.0512919 0.0513112
0.3125 1.05244 0.0524424 0.0523972
0.3125 1.05244 0.0524424 0.0523972
0.328125 1.05354 0.0535394 0.0534359
0.328125 1.05354 0.0535394 0.0534359
0.34375 1.05457 0.0545734 0.0544177
0.34375 1.05457 0.0545734 0.0544177
0.359375 1.05554 0.055536 0.055334
0.359375 1.05554 0.055536 0.055334
0.375 1.05642 0.0564192 0.0561766
0.375 1.05642 0.0564192 0.0561766
0.390625 1.05722 0.0572158 0.056938
0.390625 1.05722 0.0572158 0.056938
0.40625 1.05792 0.0579195 0.0576115
0.40625 1.05792 0.0579195 0.0576115
0.421875 1.05852 0.0585245 0.0581915
0.421875 1.05852 0.0585245 0.0581915
0.4375 1.05903 0.0590261 0.0586729
0.4375 1.05903 0.0590261 0.0586729
0.453125 1.05942 0.0594204 0.0590515
0.453125 1.05942 0.0594204 0.0590515
0.46875 1.0597 0.0597043 0.0593243
0.46875 1.0597 0.0597043 0.0593243
0.484375 1.05988 0.0598754 0.0594889
0.484375 1.05988 0.0598754 0.0594889
0.5 1.05993 0.0599327 0.0595439
0.5 1.05993 0.0599327 0.0595439
0.515625 1.05988 0.0598754 0.0594889
0.515625 1.05988 0.0598754 0.0594889
0.53125 1.0597 0.0597043 0.0593243
0.53125 1.0597 0.0597043 0.0593243
0.546875 1.05942 0.0594204 0.0590515
0.546875 1.05942 0.0594204 0.0590515
0.5625 1.05903 0.0590261 0.0586729
0.5625 1.05903 0.0590261 0.0586729
0.578125 1.05852 0.0585245 0.0581915
0.578125 1.05852 0.0585245 0.0581915
0.59375 1.05792 0.0579195 0.0576115
0.59375 1.05792 0.0579195 0.0576115
0.609375 1.05722 0.0572158 0.056938
0.609375 1.05722 0.0572158 0.056938
0.625 1.05642 0.0564192 0.0561766
0.625 1.05642 0.0564192 0.0561766
0.640625 1.05554 0.055536 0.055334
0.640625 1.05554 0.055536 0.055334
0.65625 1.05457 0.0545734 0.0544177
0.65625 1.05457 0.0545734 0.0544177
0.671875 1.05354 0.0535394 0.0534359
0.671875 1.05354 0.0535394 0.0534359
0.6875 1.05244 0.0524424 0.0523972
0.6875 1.05244 0.0524424 0.0523972
0.703125 1.05129 0.0512919 0.0513112
0.703125 1.05129 0.0512919 0.0513112
0.71875 1.0501 0.0500975 0.050188
0.71875 1.0501 0.0500975 0.050188
0.734375 1.04887 0.0488696 0.0490378
0.734375 1.04887 0.0488696 0.0490378
0.75 1.04762 0.0476188 0.0478718
0.75 1.04762 0.0476188 0.0478718
0.765625 1.04636 0.0463562 0.0467009
0.765625 1.04636 0.0463562 0.0467009
0.78125 1.04509 0.045093 0.0455365
0.78125 1.04509 0.045093 0.0455365
0.796875 1.04384 0.0438407 0.0443901
0.796875 1.04384 0.0438407 0.0443901
0.8125 1.04261 0.0426106 0.043273
0.8125 1.04261 0.0426106 0.043273
0.828125 1.04141 0.0414141 0.0421963
0.828125 1.04141 0.0414141 0.0421963
0.84375 1.04026 0.0402622 0.0411711
0.84375 1.04026 0.0402622 0.0411711
0.859375 1.03917 0.0391657 0.0402078
0.859375 1.03917 0.0391657 0.0402078
0.875 1.03813 0.0381348 0.0393164
0.875 1.03813 0.0381348 0.0393164
0.890625 1.03718 0.0371792 0.0385061
0.890625 1.03718 0.0371792 0.0385061
0.90625 1.03631 0.0363079 0.0377855
0.90625 1.03631 0.0363079 0.0377855
0.921875 1.03553 0.035529 0.0371623
0.921875 1.03553 0.035529 0.0371623
0.9375 1.03485 0.0348499 0.0366429
0.9375 1.03485 0.0348499 0.0366429
0.953125 1.03428 0.0342767 0.0362331
0.953125 1.03428 0.0342767 0.0362331
0.96875 1.03381 0.0338145 0.0359371
0.96875 1.03381 0.0338145 0.0359371
0.984375 1.03347 0.0334675 0.0357583
0.984375 1.03347 0.0334675 0.0357583
1 1.03324 0.0332383 0.0356984
