# x y topography analytical topography
0 1.03305 0.0330534 0.0355129
0.015625 1.03328 0.0332846 0.0355738
0.015625 1.03328 0.0332846 0.0355738
0.03125 1.03364 0.0336355 0.0357556
0.03125 1.03364 0.0336355 0.0357556
0.046875 1.0341 0.0341034 0.0360565
0.046875 1.0341 0.0341034 0.0360565
0.0625 1.03468 0.0346842 0.0364732
0.0625 1.03468 0.0346842 0.0364732
0.078125 1.03537 0.0353726 0.0370012
0.078125 1.03537 0.0353726 0.0370012
0.09375 1.03616 0.0361623 0.0376348
0.09375 1.03616 0.0361623 0.0376348
0.109375 1.03705 0.0370459 0.0383672
0.109375 1.03705 0.0370459 0.0383672
0.125 1.03802 0.0380151 0.0391907
0.125 1.03802 0.0380151 0.0391907
0.140625 1.03906 0.0390606 0.0400966
0.140625 1.03906 0.0390606 0.0400966
0.15625 1.04017 0.0401727 0.0410753
0.15625 1.04017 0.0401727 0.0410753
0.171875 1.04134 0.0413409 0.0421168
0.171875 1.04134 0.0413409 0.0421168
0.1875 1.04255 0.0425542 0.0432104
0.1875 1.04255 0.0425542 0.0432104
0.203125 1.0438 0.0438015 0.0443449
0.203125 1.0438 0.0438015 0.0443449
0.21875 1.04507 0.0450711 0.0455089
0.21875 1.04507 0.0450711 0.0455089
0.234375 1.04635 0.0463516 0.046691
0.234375 1.04635 0.0463516 0.046691
0.25 1.04763 0.0476313 0.0478794
0.25 1.04763 0.0476313 0.0478794
0.265625 1.0489 0.0488989 0.0490628
0.265625 1.0489 0.0488989 0.0490628
0.28125 1.05014 0.0501431 0.0502297
0.28125 1.05014 0.0501431 0.0502297
0.296875 1.05135 0.0513532 0.0513692
0.296875 1.05135 0.0513532 0.0513692
0.3125 1.05252 0.0525186 0.0524706
0.3125 1.05252 0.0525186 0.0524706
0.328125 1.05363 0.0536296 0.0535239
0.328125 1.05363 0.0536296 0.0535239
0.34375 1.05468 0.0546767 0.0545194
0.34375 1.05468 0.0546767 0.0545194
0.359375 1.05565 0.0556513 0.0554483
0.359375 1.05565 0.0556513 0.0554483
0.375 1.05655 0.0565454 0.0563023
0.375 1.05655 0.0565454 0.0563023
0.390625 1.05735 0.0573518 0.0570739
0.390625 1.05735 0.0573518 0.0570739
0.40625 1.05806 0.058064 0.0577564
0.40625 1.05806 0.058064 0.0577564
0.421875 1.05868 0.0586763 0.0583441
0.421875 1.05868 0.0586763 0.0583441
0.4375 1.05918 0.0591839 0.0588318
0.4375 1.05918 0.0591839 0.0588318
0.453125 1.05958 0.0595829 0.0592154
0.453125 1.05958 0.0595829 0.0592154
0.46875 1.05987 0.0598701 0.0594917
0.46875 1.05987 0.0598701 0.0594917
0.484375 1.06004 0.0600433 0.0596584
0.484375 1.06004 0.0600433 0.0596584
0.5 1.0601 0.0601012 0.0597142
0.5 1.0601 0.0601012 0.0597142
0.515625 1.06004 0.0600433 0.0596584
0.515625 1.06004 0.0600433 0.0596584
0.53125 1.05987 0.0598701 0.0594917
0.53125 1.05987 0.0598701 0.0594917
0.546875 1.05958 0.0595829 0.0592154
0.546875 1.05958 0.0595829 0.0592154
0.5625 1.05918 0.0591839 0.0588318
0.5625 1.05918 0.0591839 0.0588318
0.578125 1.05868 0.0586763 0.0583441
0.578125 1.05868 0.0586763 0.0583441
0.59375 1.05806 0.058064 0.0577564
0.59375 1.05806 0.058064 0.0577564
0.609375 1.05735 0.0573518 0.0570739
0.609375 1.05735 0.0573518 0.0570739
0.625 1.05655 0.0565454 0.0563023
0.625 1.05655 0.0565454 0.0563023
0.640625 1.05565 0.0556513 0.0554483
0.640625 1.05565 0.0556513 0.0554483
0.65625 1.05468 0.0546767 0.0545194
0.65625 1.05468 0.0546767 0.0545194
0.671875 1.05363 0.0536296 0.0535239
0.671875 1.05363 0.0536296 0.0535239
0.6875 1.05252 0.0525186 0.0524706
0.6875 1.05252 0.0525186 0.0524706
0.703125 1.05135 0.0513532 0.0513692
0.703125 1.05135 0.0513532 0.0513692
0.71875 1.05014 0.0501431 0.0502297
0.71875 1.05014 0.0501431 0.0502297
0.734375 1.0489 0.0488989 0.0490628
0.734375 1.0489 0.0488989 0.0490628
0.75 1.04763 0.0476313 0.0478794
0.75 1.04763 0.0476313 0.0478794
0.765625 1.04635 0.0463516 0.046691
0.765625 1.04635 0.0463516 0.046691
0.78125 1.04507 0.0450711 0.0455089
0.78125 1.04507 0.0450711 0.0455089
0.796875 1.0438 0.0438015 0.0443449
0.796875 1.0438 0.0438015 0.0443449
0.8125 1.04255 0.0425542 0.0432104
0.8125 1.04255 0.0425542 0.0432104
0.828125 1.04134 0.0413409 0.0421168
0.828125 1.04134 0.0413409 0.0421168
0.84375 1.04017 0.0401727 0.0410753
0.84375 1.04017 0.0401727 0.0410753
0.859375 1.03906 0.0390606 0.0400966
0.859375 1.03906 0.0390606 0.0400966
0.875 1.03802 0.0380151 0.0391907
0.875 1.03802 0.0380151 0.0391907
0.890625 1.03705 0.0370459 0.0383672
0.890625 1.03705 0.0370459 0.0383672
0.90625 1.03616 0.0361623 0.0376348
0.90625 1.03616 0.0361623 0.0376348
0.921875 1.03537 0.0353726 0.0370012
0.921875 1.03537 0.0353726 0.0370012
0.9375 1.03468 0.0346842 0.0364732
0.9375 1.03468 0.0346842 0.0364732
0.953125 1.0341 0.0341034 0.0360565
0.953125 1.0341 0.0341034 0.0360565
0.96875 1.03364 0.0336355 0.0357556
0.96875 1.03364 0.0336355 0.0357556
0.984375 1.03328 0.0332846 0.0355738
0.984375 1.03328 0.0332846 0.0355738
1 1.03305 0.0330534 0.0355129
