# x y topography analytical topography
0 1.0048 0.00480418 0.00661944
0.015625 1.00613 0.00612853 0.00725006
0.015625 1.00613 0.00612853 0.00725006
0.03125 1.00844 0.00843842 0.0090252
0.03125 1.00844 0.00843842 0.0090252
0.046875 1.0114 0.0114003 0.0116536
0.046875 1.0114 0.0114003 0.0116536
0.0625 1.01471 0.0147125 0.0147992
0.0625 1.01471 0.0147125 0.0147992
0.078125 1.01817 0.0181698 0.0181906
0.078125 1.01817 0.0181698 0.0181906
0.09375 1.02166 0.0216577 0.0216581
0.09375 1.02166 0.0216577 0.0216581
0.109375 1.02512 0.0251204 0.0251159
0.109375 1.02512 0.0251204 0.0251159
0.125 1.02853 0.0285311 0.0285256
0.125 1.02853 0.0285311 0.0285256
0.140625 1.03188 0.0318756 0.0318696
0.140625 1.03188 0.0318756 0.0318696
0.15625 1.03514 0.0351439 0.0351374
0.15625 1.03514 0.0351439 0.0351374
0.171875 1.03833 0.0383277 0.0383206
0.171875 1.03833 0.0383277 0.0383206
0.1875 1.04142 0.0414192 0.0414115
0.1875 1.04142 0.0414192 0.0414115
0.203125 1.04441 0.044411 0.0444027
0.203125 1.04441 0.044411 0.0444027
0.21875 1.0473 0.0472957 0.0472869
0.21875 1.0473 0.0472957 0.0472869
0.234375 1.05007 0.0500665 0.0500572
0.234375 1.05007 0.0500665 0.0500572
0.25 1.05272 0.0527167 0.0527069
0.25 1.05272 0.0527167 0.0527069
0.265625 1.05524 0.0552399 0.0552296
0.265625 1.05524 0.0552399 0.0552296
0.28125 1.05763 0.05763 0.0576193
0.28125 1.05763 0.05763 0.0576193
0.296875 1.05988 0.0598812 0.0598701
0.296875 1.05988 0.0598812 0.0598701
0.3125 1.06199 0.0619883 0.0619767
0.3125 1.06199 0.0619883 0.0619767
0.328125 1.06395 0.0639459 0.063934
0.328125 1.06395 0.0639459 0.063934
0.34375 1.06575 0.0657496 0.0657373
0.34375 1.06575 0.0657496 0.0657373
0.359375 1.06739 0.0673948 0.0673823
0.359375 1.06739 0.0673948 0.0673823
0.375 1.06888 0.0688777 0.0688649
0.375 1.06888 0.0688777 0.0688649
0.390625 1.07019 0.0701946 0.0701816
0.390625 1.07019 0.0701946 0.0701816
0.40625 1.07134 0.0713424 0.0713292
0.40625 1.07134 0.0713424 0.0713292
0.421875 1.07232 0.0723184 0.072305
0.421875 1.07232 0.0723184 0.072305
0.4375 1.07312 0.0731201 0.0731065
0.4375 1.07312 0.0731201 0.0731065
0.453125 1.07375 0.0737457 0.073732
0.453125 1.07375 0.0737457 0.073732
0.46875 1.07419 0.0741936 0.0741799
0.46875 1.07419 0.0741936 0.0741799
0.484375 1.07446 0.0744628 0.074449
0.484375 1.07446 0.0744628 0.074449
0.5 1.07455 0.0745526 0.0745388
0.5 1.07455 0.0745526 0.0745388
0.515625 1.07446 0.0744628 0.074449
0.515625 1.07446 0.0744628 0.074449
0.53125 1.07419 0.0741936 0.0741799
0.53125 1.07419 0.0741936 0.0741799
0.546875 1.07375 0.0737457 0.073732
0.546875 1.07375 0.0737457 0.073732
0.5625 1.07312 0.0731201 0.0731065
0.5625 1.07312 0.0731201 0.0731065
0.578125 1.07232 0.0723184 0.072305
0.578125 1.07232 0.0723184 0.072305
0.59375 1.07134 0.0713424 0.0713292
0.59375 1.07134 0.0713424 0.0713292
0.609375 1.07019 0.0701946 0.0701816
0.609375 1.07019 0.0701946 0.0701816
0.625 1.06888 0.0688777 0.0688649
0.625 1.06888 0.0688777 0.0688649
0.640625 1.06739 0.0673948 0.0673823
0.640625 1.06739 0.0673948 0.0673823
0.65625 1.06575 0.0657496 0.0657373
0.65625 1.06575 0.0657496 0.0657373
0.671875 1.06395 0.0639459 0.063934
0.671875 1.06395 0.0639459 0.063934
0.6875 1.06199 0.0619883 0.0619767
0.6875 1.06199 0.0619883 0.0619767
0.703125 1.05988 0.0598812 0.0598701
0.703125 1.05988 0.0598812 0.0598701
0.71875 1.05763 0.05763 0.0576193
0.71875 1.05763 0.05763 0.0576193
0.734375 1.05524 0.0552399 0.0552296
0.734375 1.05524 0.0552399 0.0552296
0.75 1.05272 0.0527167 0.0527069
0.75 1.05272 0.0527167 0.0527069
0.765625 1.05007 0.0500665 0.0500572
0.765625 1.05007 0.0500665 0.0500572
0.78125 1.0473 0.0472957 0.0472869
0.78125 1.0473 0.0472957 0.0472869
0.796875 1.04441 0.044411 0.0444027
0.796875 1.04441 0.044411 0.0444027
0.8125 1.04142 0.0414192 0.0414115
0.8125 1.04142 0.0414192 0.0414115
0.828125 1.03833 0.0383277 0.0383206
0.828125 1.03833 0.0383277 0.0383206
0.84375 1.03514 0.0351439 0.0351374
0.84375 1.03514 0.0351439 0.0351374
0.859375 1.03188 0.0318756 0.0318696
0.859375 1.03188 0.0318756 0.0318696
0.875 1.02853 0.0285311 0.0285256
0.875 1.02853 0.0285311 0.0285256
0.890625 1.02512 0.0251204 0.0251159
0.890625 1.02512 0.0251204 0.0251159
0.90625 1.02166 0.0216577 0.0216581
0.90625 1.02166 0.0216577 0.0216581
0.921875 1.01817 0.0181698 0.0181906
0.921875 1.01817 0.0181698 0.0181906
0.9375 1.01471 0.0147125 0.0147992
0.9375 1.01471 0.0147125 0.0147992
0.953125 1.0114 0.0114003 0.0116536
0.953125 1.0114 0.0114003 0.0116536
0.96875 1.00844 0.00843842 0.0090252
0.96875 1.00844 0.00843842 0.0090252
0.984375 1.00613 0.00612853 0.00725006
0.984375 1.00613 0.00612853 0.00725006
1 1.0048 0.00480418 0.00661944
