# x y topography analytical topography
0 1.0277 0.0276989 0.0301142
0.015625 1.02799 0.0279926 0.0302071
0.015625 1.02799 0.0279926 0.0302071
0.03125 1.02847 0.0284674 0.0304846
0.03125 1.02847 0.0284674 0.0304846
0.046875 1.02912 0.0291184 0.0309431
0.046875 1.02912 0.0291184 0.0309431
0.0625 1.02994 0.0299384 0.0315767
0.0625 1.02994 0.0299384 0.0315767
0.078125 1.03092 0.0309181 0.032377
0.078125 1.03092 0.0309181 0.032377
0.09375 1.03205 0.0320462 0.0333338
0.09375 1.03205 0.0320462 0.0333338
0.109375 1.03331 0.0333101 0.0344352
0.109375 1.03331 0.0333101 0.0344352
0.125 1.0347 0.0346952 0.0356673
0.125 1.0347 0.0346952 0.0356673
0.140625 1.03619 0.0361863 0.0370152
0.140625 1.03619 0.0361863 0.0370152
0.15625 1.03777 0.0377669 0.0384628
0.15625 1.03777 0.0377669 0.0384628
0.171875 1.03942 0.0394199 0.0399932
0.171875 1.03942 0.0394199 0.0399932
0.1875 1.04113 0.0411281 0.041589
0.1875 1.04113 0.0411281 0.041589
0.203125 1.04287 0.0428741 0.0432326
0.203125 1.04287 0.0428741 0.0432326
0.21875 1.04464 0.0446404 0.0449065
0.21875 1.04464 0.0446404 0.0449065
0.234375 1.04641 0.0464102 0.0465931
0.234375 1.04641 0.0464102 0.0465931
0.25 1.04817 0.0481669 0.0482757
0.25 1.04817 0.0481669 0.0482757
0.265625 1.04989 0.049895 0.049938
0.265625 1.04989 0.049895 0.049938
0.28125 1.05158 0.0515793 0.0515645
0.28125 1.05158 0.0515793 0.0515645
0.296875 1.05321 0.0532061 0.0531405
0.296875 1.05321 0.0532061 0.0531405
0.3125 1.05476 0.0547622 0.0546525
0.3125 1.05476 0.0547622 0.0546525
0.328125 1.05624 0.0562357 0.056088
0.328125 1.05624 0.0562357 0.056088
0.34375 1.05762 0.0576157 0.0574354
0.34375 1.05762 0.0576157 0.0574354
0.359375 1.05889 0.0588925 0.0586844
0.359375 1.05889 0.0588925 0.0586844
0.375 1.06006 0.0600573 0.0598258
0.375 1.06006 0.0600573 0.0598258
0.390625 1.0611 0.0611025 0.0608514
0.390625 1.0611 0.0611025 0.0608514
0.40625 1.06202 0.0620213 0.0617541
0.40625 1.06202 0.0620213 0.0617541
0.421875 1.06281 0.0628081 0.0625279
0.421875 1.06281 0.0628081 0.0625279
0.4375 1.06346 0.0634581 0.0631677
0.4375 1.06346 0.0634581 0.0631677
0.453125 1.06397 0.0639676 0.0636695
0.453125 1.06397 0.0639676 0.0636695
0.46875 1.06433 0.0643335 0.0640301
0.46875 1.06433 0.0643335 0.0640301
0.484375 1.06455 0.0645539 0.0642474
0.484375 1.06455 0.0645539 0.0642474
0.5 1.06463 0.0646275 0.06432
0.5 1.06463 0.0646275 0.06432
0.515625 1.06455 0.0645539 0.0642474
0.515625 1.06455 0.0645539 0.0642474
0.53125 1.06433 0.0643335 0.0640301
0.53125 1.06433 0.0643335 0.0640301
0.546875 1.06397 0.0639676 0.0636695
0.546875 1.06397 0.0639676 0.0636695
0.5625 1.06346 0.0634581 0.0631677
0.5625 1.06346 0.0634581 0.0631677
0.578125 1.06281 0.0628081 0.0625279
0.578125 1.06281 0.0628081 0.0625279
0.59375 1.06202 0.0620213 0.0617541
0.59375 1.06202 0.0620213 0.0617541
0.609375 1.0611 0.0611025 0.0608514
0.609375 1.0611 0.0611025 0.0608514
0.625 1.06006 0.0600573 0.0598258
0.625 1.06006 0.0600573 0.0598258
0.640625 1.05889 0.0588925 0.0586844
0.640625 1.05889 0.0588925 0.0586844
0.65625 1.05762 0.0576157 0.0574354
0.65625 1.05762 0.0576157 0.0574354
0.671875 1.05624 0.0562357 0.056088
0.671875 1.05624 0.0562357 0.056088
0.6875 1.05476 0.0547622 0.0546525
0.6875 1.05476 0.0547622 0.0546525
0.703125 1.05321 0.0532061 0.0531405
0.703125 1.05321 0.0532061 0.0531405
0.71875 1.05158 0.0515793 0.0515645
0.71875 1.05158 0.0515793 0.0515645
0.734375 1.04989 0.049895 0.049938
0.734375 1.04989 0.049895 0.049938
0.75 1.04817 0.0481669 0.0482757
0.75 1.04817 0.0481669 0.0482757
0.765625 1.04641 0.0464102 0.0465931
0.765625 1.04641 0.0464102 0.0465931
0.78125 1.04464 0.0446404 0.0449065
0.78125 1.04464 0.0446404 0.0449065
0.796875 1.04287 0.0428741 0.0432326
0.796875 1.04287 0.0428741 0.0432326
0.8125 1.04113 0.0411281 0.041589
0.8125 1.04113 0.0411281 0.041589
0.828125 1.03942 0.0394199 0.0399932
0.828125 1.03942 0.0394199 0.0399932
0.84375 1.03777 0.0377669 0.0384628
0.84375 1.03777 0.0377669 0.0384628
0.859375 1.03619 0.0361863 0.0370152
0.859375 1.03619 0.0361863 0.0370152
0.875 1.0347 0.0346952 0.0356673
0.875 1.0347 0.0346952 0.0356673
0.890625 1.03331 0.0333101 0.0344352
0.890625 1.03331 0.0333101 0.0344352
0.90625 1.03205 0.0320462 0.0333338
0.90625 1.03205 0.0320462 0.0333338
0.921875 1.03092 0.0309181 0.032377
0.921875 1.03092 0.0309181 0.032377
0.9375 1.02994 0.0299384 0.0315767
0.9375 1.02994 0.0299384 0.0315767
0.953125 1.02912 0.0291184 0.0309431
0.953125 1.02912 0.0291184 0.0309431
0.96875 1.02847 0.0284674 0.0304846
0.96875 1.02847 0.0284674 0.0304846
0.984375 1.02799 0.0279926 0.0302071
0.984375 1.02799 0.0279926 0.0302071
1 1.0277 0.0276989 0.0301142
