# x y topography analytical topography
0 1.0308 0.0308029 0.0332493
0.015625 1.03106 0.0310589 0.0333229
0.015625 1.03106 0.0310589 0.0333229
0.03125 1.03146 0.0314591 0.0335427
0.03125 1.03146 0.0314591 0.0335427
0.046875 1.032 0.0319998 0.0339062
0.046875 1.032 0.0319998 0.0339062
0.0625 1.03268 0.032676 0.0344092
0.0625 1.03268 0.032676 0.0344092
0.078125 1.03348 0.033481 0.0350459
0.078125 1.03348 0.033481 0.0350459
0.09375 1.03441 0.0344067 0.035809
0.09375 1.03441 0.0344067 0.035809
0.109375 1.03544 0.0354437 0.0366899
0.109375 1.03544 0.0354437 0.0366899
0.125 1.03658 0.0365817 0.0376785
0.125 1.03658 0.0365817 0.0376785
0.140625 1.03781 0.037809 0.0387641
0.140625 1.03781 0.037809 0.0387641
0.15625 1.03911 0.0391135 0.0399346
0.15625 1.03911 0.0391135 0.0399346
0.171875 1.04048 0.0404822 0.0411773
0.171875 1.04048 0.0404822 0.0411773
0.1875 1.0419 0.0419017 0.0424791
0.1875 1.0419 0.0419017 0.0424791
0.203125 1.04336 0.0433584 0.0438263
0.203125 1.04336 0.0433584 0.0438263
0.21875 1.04484 0.0448383 0.045205
0.21875 1.04484 0.0448383 0.045205
0.234375 1.04633 0.0463278 0.0466014
0.234375 1.04633 0.0463278 0.0466014
0.25 1.04781 0.047813 0.0480015
0.25 1.04781 0.047813 0.0480015
0.265625 1.04928 0.0492808 0.0493918
0.265625 1.04928 0.0492808 0.0493918
0.28125 1.05072 0.0507182 0.0507591
0.28125 1.05072 0.0507182 0.0507591
0.296875 1.05211 0.0521128 0.0520907
0.296875 1.05211 0.0521128 0.0520907
0.3125 1.05345 0.0534529 0.0533745
0.3125 1.05345 0.0534529 0.0533745
0.328125 1.05473 0.0547274 0.054599
0.328125 1.05473 0.0547274 0.054599
0.34375 1.05593 0.055926 0.0557536
0.34375 1.05593 0.055926 0.0557536
0.359375 1.05704 0.0570393 0.0568284
0.359375 1.05704 0.0570393 0.0568284
0.375 1.05806 0.0580587 0.0578144
0.375 1.05806 0.0580587 0.0578144
0.390625 1.05898 0.0589764 0.0587036
0.390625 1.05898 0.0589764 0.0587036
0.40625 1.05979 0.0597855 0.0594888
0.40625 1.05979 0.0597855 0.0594888
0.421875 1.06048 0.0604802 0.0601637
0.421875 1.06048 0.0604802 0.0601637
0.4375 1.06106 0.0610554 0.0607231
0.4375 1.06106 0.0610554 0.0607231
0.453125 1.06151 0.0615071 0.0611627
0.453125 1.06151 0.0615071 0.0611627
0.46875 1.06183 0.0618319 0.0614791
0.46875 1.06183 0.0618319 0.0614791
0.484375 1.06203 0.0620278 0.0616699
0.484375 1.06203 0.0620278 0.0616699
0.5 1.06209 0.0620932 0.0617336
0.5 1.06209 0.0620932 0.0617336
0.515625 1.06203 0.0620278 0.0616699
0.515625 1.06203 0.0620278 0.0616699
0.53125 1.06183 0.0618319 0.0614791
0.53125 1.06183 0.0618319 0.0614791
0.546875 1.06151 0.0615071 0.0611627
0.546875 1.06151 0.0615071 0.0611627
0.5625 1.06106 0.0610554 0.0607231
0.5625 1.06106 0.0610554 0.0607231
0.578125 1.06048 0.0604802 0.0601637
0.578125 1.06048 0.0604802 0.0601637
0.59375 1.05979 0.0597855 0.0594888
0.59375 1.05979 0.0597855 0.0594888
0.609375 1.05898 0.0589764 0.0587036
0.609375 1.05898 0.0589764 0.0587036
0.625 1.05806 0.0580587 0.0578144
0.625 1.05806 0.0580587 0.0578144
0.640625 1.05704 0.0570393 0.0568284
0.640625 1.05704 0.0570393 0.0568284
0.65625 1.05593 0.055926 0.0557536
0.65625 1.05593 0.055926 0.0557536
0.671875 1.05473 0.0547274 0.054599
0.671875 1.05473 0.0547274 0.054599
0.6875 1.05345 0.0534529 0.0533745
0.6875 1.05345 0.0534529 0.0533745
0.703125 1.05211 0.0521128 0.0520907
0.703125 1.05211 0.0521128 0.0520907
0.71875 1.05072 0.0507182 0.0507591
0.71875 1.05072 0.0507182 0.0507591
0.734375 1.04928 0.0492808 0.0493918
0.734375 1.04928 0.0492808 0.0493918
0.75 1.04781 0.047813 0.0480015
0.75 1.04781 0.047813 0.0480015
0.765625 1.04633 0.0463278 0.0466014
0.765625 1.04633 0.0463278 0.0466014
0.78125 1.04484 0.0448383 0.045205
0.78125 1.04484 0.0448383 0.045205
0.796875 1.04336 0.0433584 0.0438263
0.796875 1.04336 0.0433584 0.0438263
0.8125 1.0419 0.0419017 0.0424791
0.8125 1.0419 0.0419017 0.0424791
0.828125 1.04048 0.0404822 0.0411773
0.828125 1.04048 0.0404822 0.0411773
0.84375 1.03911 0.0391135 0.0399346
0.84375 1.03911 0.0391135 0.0399346
0.859375 1.03781 0.037809 0.0387641
0.859375 1.03781 0.037809 0.0387641
0.875 1.03658 0.0365817 0.0376785
0.875 1.03658 0.0365817 0.0376785
0.890625 1.03544 0.0354437 0.0366899
0.890625 1.03544 0.0354437 0.0366899
0.90625 1.03441 0.0344067 0.035809
0.90625 1.03441 0.0344067 0.035809
0.921875 1.03348 0.033481 0.0350459
0.921875 1.03348 0.033481 0.0350459
0.9375 1.03268 0.032676 0.0344092
0.9375 1.03268 0.032676 0.0344092
0.953125 1.032 0.0319998 0.0339062
0.953125 1.032 0.0319998 0.0339062
0.96875 1.03146 0.0314591 0.0335427
0.96875 1.03146 0.0314591 0.0335427
0.984375 1.03106 0.0310589 0.0333229
0.984375 1.03106 0.0310589 0.0333229
1 1.0308 0.0308029 0.0332493
