# x y topography analytical topography
0 1.01132 0.0113185 0.0133888
0.015625 1.01201 0.0120116 0.0136881
0.015625 1.01201 0.0120116 0.0136881
0.03125 1.01326 0.0132584 0.014571
0.03125 1.01326 0.0132584 0.014571
0.046875 1.015 0.0150036 0.015994
0.046875 1.015 0.0150036 0.015994
0.0625 1.01717 0.0171734 0.017891
0.0625 1.01717 0.0171734 0.017891
0.078125 1.01968 0.019684 0.0201811
0.078125 1.01968 0.019684 0.0201811
0.09375 1.02245 0.02245 0.0227769
0.09375 1.02245 0.02245 0.0227769
0.109375 1.02539 0.0253911 0.0255927
0.109375 1.02539 0.0253911 0.0255927
0.125 1.02844 0.0284369 0.0285506
0.125 1.02844 0.0284369 0.0285506
0.140625 1.03153 0.031529 0.0315839
0.140625 1.03153 0.031529 0.0315839
0.15625 1.03462 0.0346213 0.0346383
0.15625 1.03462 0.0346213 0.0346383
0.171875 1.03768 0.0376785 0.0376721
0.171875 1.03768 0.0376785 0.0376721
0.1875 1.04067 0.0406743 0.0406539
0.1875 1.04067 0.0406743 0.0406539
0.203125 1.04359 0.0435894 0.0435604
0.203125 1.04359 0.0435894 0.0435604
0.21875 1.04641 0.046409 0.0463748
0.21875 1.04641 0.046409 0.0463748
0.234375 1.04912 0.0491221 0.0490843
0.234375 1.04912 0.0491221 0.0490843
0.25 1.05172 0.0517195 0.0516791
0.25 1.05172 0.0517195 0.0516791
0.265625 1.05419 0.0541937 0.0541511
0.265625 1.05419 0.0541937 0.0541511
0.28125 1.05654 0.056538 0.0564935
0.28125 1.05654 0.056538 0.0564935
0.296875 1.05875 0.0587464 0.0587001
0.296875 1.05875 0.0587464 0.0587001
0.3125 1.06081 0.0608133 0.0607654
0.3125 1.06081 0.0608133 0.0607654
0.328125 1.06273 0.0627339 0.0626844
0.328125 1.06273 0.0627339 0.0626844
0.34375 1.0645 0.0645033 0.0644525
0.34375 1.0645 0.0645033 0.0644525
0.359375 1.06612 0.0661173 0.0660652
0.359375 1.06612 0.0661173 0.0660652
0.375 1.06757 0.0675721 0.0675189
0.375 1.06757 0.0675721 0.0675189
0.390625 1.06886 0.0688641 0.0688098
0.390625 1.06886 0.0688641 0.0688098
0.40625 1.06999 0.0699901 0.069935
0.40625 1.06999 0.0699901 0.069935
0.421875 1.07095 0.0709476 0.0708917
0.421875 1.07095 0.0709476 0.0708917
0.4375 1.07173 0.0717341 0.0716776
0.4375 1.07173 0.0717341 0.0716776
0.453125 1.07235 0.0723479 0.0722909
0.453125 1.07235 0.0723479 0.0722909
0.46875 1.07279 0.0727873 0.07273
0.46875 1.07279 0.0727873 0.07273
0.484375 1.07305 0.0730514 0.0729938
0.484375 1.07305 0.0730514 0.0729938
0.5 1.07314 0.0731395 0.0730819
0.5 1.07314 0.0731395 0.0730819
0.515625 1.07305 0.0730514 0.0729938
0.515625 1.07305 0.0730514 0.0729938
0.53125 1.07279 0.0727873 0.07273
0.53125 1.07279 0.0727873 0.07273
0.546875 1.07235 0.0723479 0.0722909
0.546875 1.07235 0.0723479 0.0722909
0.5625 1.07173 0.0717341 0.0716776
0.5625 1.07173 0.0717341 0.0716776
0.578125 1.07095 0.0709476 0.0708917
0.578125 1.07095 0.0709476 0.0708917
0.59375 1.06999 0.0699901 0.069935
0.59375 1.06999 0.0699901 0.069935
0.609375 1.06886 0.0688641 0.0688098
0.609375 1.06886 0.0688641 0.0688098
0.625 1.06757 0.0675721 0.0675189
0.625 1.06757 0.0675721 0.0675189
0.640625 1.06612 0.0661173 0.0660652
0.640625 1.06612 0.0661173 0.0660652
0.65625 1.0645 0.0645033 0.0644525
0.65625 1.0645 0.0645033 0.0644525
0.671875 1.06273 0.0627339 0.0626844
0.671875 1.06273 0.0627339 0.0626844
0.6875 1.06081 0.0608133 0.0607654
0.6875 1.06081 0.0608133 0.0607654
0.703125 1.05875 0.0587464 0.0587001
0.703125 1.05875 0.0587464 0.0587001
0.71875 1.05654 0.056538 0.0564935
0.71875 1.05654 0.056538 0.0564935
0.734375 1.05419 0.0541937 0.0541511
0.734375 1.05419 0.0541937 0.0541511
0.75 1.05172 0.0517195 0.0516791
0.75 1.05172 0.0517195 0.0516791
0.765625 1.04912 0.0491221 0.0490843
0.765625 1.04912 0.0491221 0.0490843
0.78125 1.04641 0.046409 0.0463748
0.78125 1.04641 0.046409 0.0463748
0.796875 1.04359 0.0435894 0.0435604
0.796875 1.04359 0.0435894 0.0435604
0.8125 1.04067 0.0406743 0.0406539
0.8125 1.04067 0.0406743 0.0406539
0.828125 1.03768 0.0376785 0.0376721
0.828125 1.03768 0.0376785 0.0376721
0.84375 1.03462 0.0346213 0.0346383
0.84375 1.03462 0.0346213 0.0346383
0.859375 1.03153 0.031529 0.0315839
0.859375 1.03153 0.031529 0.0315839
0.875 1.02844 0.0284369 0.0285506
0.875 1.02844 0.0284369 0.0285506
0.890625 1.02539 0.0253911 0.0255927
0.890625 1.02539 0.0253911 0.0255927
0.90625 1.02245 0.02245 0.0227769
0.90625 1.02245 0.02245 0.0227769
0.921875 1.01968 0.019684 0.0201811
0.921875 1.01968 0.019684 0.0201811
0.9375 1.01717 0.0171734 0.017891
0.9375 1.01717 0.0171734 0.017891
0.953125 1.015 0.0150036 0.015994
0.953125 1.015 0.0150036 0.015994
0.96875 1.01326 0.0132584 0.014571
0.96875 1.01326 0.0132584 0.014571
0.984375 1.01201 0.0120116 0.0136881
0.984375 1.01201 0.0120116 0.0136881
1 1.01132 0.0113185 0.0133888
