# x y topography analytical topography
0 1.01811 0.0181116 0.0203595
0.015625 1.01857 0.018571 0.0205378
0.015625 1.01857 0.018571 0.0205378
0.03125 1.01937 0.0193715 0.0210686
0.03125 1.01937 0.0193715 0.0210686
0.046875 1.0205 0.0204964 0.0219391
0.046875 1.0205 0.0204964 0.0219391
0.0625 1.02192 0.0219223 0.0231292
0.0625 1.02192 0.0219223 0.0231292
0.078125 1.02362 0.0236198 0.0246118
0.078125 1.02362 0.0236198 0.0246118
0.09375 1.02556 0.0255551 0.0263548
0.09375 1.02556 0.0255551 0.0263548
0.109375 1.02769 0.0276916 0.028322
0.109375 1.02769 0.0276916 0.028322
0.125 1.02999 0.029991 0.0304752
0.125 1.02999 0.029991 0.0304752
0.140625 1.03242 0.0324153 0.0327753
0.140625 1.03242 0.0324153 0.0327753
0.15625 1.03493 0.0349273 0.0351837
0.15625 1.03493 0.0349273 0.0351837
0.171875 1.03749 0.0374921 0.0376636
0.171875 1.03749 0.0374921 0.0376636
0.1875 1.04008 0.0400776 0.0401806
0.1875 1.04008 0.0400776 0.0401806
0.203125 1.04265 0.042655 0.0427035
0.203125 1.04265 0.042655 0.0427035
0.21875 1.0452 0.0451985 0.0452044
0.21875 1.0452 0.0451985 0.0452044
0.234375 1.04769 0.047686 0.0476588
0.234375 1.04769 0.047686 0.0476588
0.25 1.0501 0.0500983 0.0500459
0.25 1.0501 0.0500983 0.0500459
0.265625 1.05242 0.0524193 0.0523476
0.265625 1.05242 0.0524193 0.0523476
0.28125 1.05464 0.0546353 0.054549
0.28125 1.05464 0.0546353 0.054549
0.296875 1.05673 0.0567349 0.0566373
0.296875 1.05673 0.0567349 0.0566373
0.3125 1.05871 0.0587083 0.0586022
0.3125 1.05871 0.0587083 0.0586022
0.328125 1.06055 0.0605476 0.0604348
0.328125 1.06055 0.0605476 0.0604348
0.34375 1.06225 0.062246 0.0621278
0.34375 1.06225 0.062246 0.0621278
0.359375 1.0638 0.0637976 0.0636752
0.359375 1.0638 0.0637976 0.0636752
0.375 1.0652 0.0651977 0.0650718
0.375 1.0652 0.0651977 0.0650718
0.390625 1.06644 0.066442 0.0663133
0.390625 1.06644 0.066442 0.0663133
0.40625 1.06753 0.0675272 0.067396
0.40625 1.06753 0.0675272 0.067396
0.421875 1.06845 0.0684502 0.0683171
0.421875 1.06845 0.0684502 0.0683171
0.4375 1.06921 0.0692086 0.0690739
0.4375 1.06921 0.0692086 0.0690739
0.453125 1.0698 0.0698004 0.0696646
0.453125 1.0698 0.0698004 0.0696646
0.46875 1.07022 0.0702242 0.0700876
0.46875 1.07022 0.0702242 0.0700876
0.484375 1.07048 0.070479 0.0703418
0.484375 1.07048 0.070479 0.0703418
0.5 1.07056 0.0705639 0.0704266
0.5 1.07056 0.0705639 0.0704266
0.515625 1.07048 0.070479 0.0703418
0.515625 1.07048 0.070479 0.0703418
0.53125 1.07022 0.0702242 0.0700876
0.53125 1.07022 0.0702242 0.0700876
0.546875 1.0698 0.0698004 0.0696646
0.546875 1.0698 0.0698004 0.0696646
0.5625 1.06921 0.0692086 0.0690739
0.5625 1.06921 0.0692086 0.0690739
0.578125 1.06845 0.0684502 0.0683171
0.578125 1.06845 0.0684502 0.0683171
0.59375 1.06753 0.0675272 0.067396
0.59375 1.06753 0.0675272 0.067396
0.609375 1.06644 0.066442 0.0663133
0.609375 1.06644 0.066442 0.0663133
0.625 1.0652 0.0651977 0.0650718
0.625 1.0652 0.0651977 0.0650718
0.640625 1.0638 0.0637976 0.0636752
0.640625 1.0638 0.0637976 0.0636752
0.65625 1.06225 0.062246 0.0621278
0.65625 1.06225 0.062246 0.0621278
0.671875 1.06055 0.0605476 0.0604348
0.671875 1.06055 0.0605476 0.0604348
0.6875 1.05871 0.0587083 0.0586022
0.6875 1.05871 0.0587083 0.0586022
0.703125 1.05673 0.0567349 0.0566373
0.703125 1.05673 0.0567349 0.0566373
0.71875 1.05464 0.0546353 0.054549
0.71875 1.05464 0.0546353 0.054549
0.734375 1.05242 0.0524193 0.0523476
0.734375 1.05242 0.0524193 0.0523476
0.75 1.0501 0.0500983 0.0500459
0.75 1.0501 0.0500983 0.0500459
0.765625 1.04769 0.047686 0.0476588
0.765625 1.04769 0.047686 0.0476588
0.78125 1.0452 0.0451985 0.0452044
0.78125 1.0452 0.0451985 0.0452044
0.796875 1.04265 0.042655 0.0427035
0.796875 1.04265 0.042655 0.0427035
0.8125 1.04008 0.0400776 0.0401806
0.8125 1.04008 0.0400776 0.0401806
0.828125 1.03749 0.0374921 0.0376636
0.828125 1.03749 0.0374921 0.0376636
0.84375 1.03493 0.0349273 0.0351837
0.84375 1.03493 0.0349273 0.0351837
0.859375 1.03242 0.0324153 0.0327753
0.859375 1.03242 0.0324153 0.0327753
0.875 1.02999 0.029991 0.0304752
0.875 1.02999 0.029991 0.0304752
0.890625 1.02769 0.0276916 0.028322
0.890625 1.02769 0.0276916 0.028322
0.90625 1.02556 0.0255551 0.0263548
0.90625 1.02556 0.0255551 0.0263548
0.921875 1.02362 0.0236198 0.0246118
0.921875 1.02362 0.0236198 0.0246118
0.9375 1.02192 0.0219223 0.0231292
0.9375 1.02192 0.0219223 0.0231292
0.953125 1.0205 0.0204964 0.0219391
0.953125 1.0205 0.0204964 0.0219391
0.96875 1.01937 0.0193715 0.0210686
0.96875 1.01937 0.0193715 0.0210686
0.984375 1.01857 0.018571 0.0205378
0.984375 1.01857 0.018571 0.0205378
1 1.01811 0.0181116 0.0203595
