# x y topography analytical topography
0 1.03208 0.0320821 0.034537
0.015625 1.03232 0.0323237 0.0346032
0.015625 1.03232 0.0323237 0.0346032
0.03125 1.0327 0.0326955 0.0348011
0.03125 1.0327 0.0326955 0.0348011
0.046875 1.03319 0.0331942 0.0351285
0.046875 1.03319 0.0331942 0.0351285
0.0625 1.03382 0.0338155 0.0355818
0.0625 1.03382 0.0338155 0.0355818
0.078125 1.03455 0.0345533 0.0361558
0.078125 1.03455 0.0345533 0.0361558
0.09375 1.0354 0.0354008 0.0368443
0.09375 1.0354 0.0354008 0.0368443
0.109375 1.03635 0.0363496 0.0376398
0.109375 1.03635 0.0363496 0.0376398
0.125 1.03739 0.0373907 0.0385336
0.125 1.03739 0.0373907 0.0385336
0.140625 1.03851 0.0385139 0.0395161
0.140625 1.03851 0.0385139 0.0395161
0.15625 1.03971 0.0397083 0.0405768
0.15625 1.03971 0.0397083 0.0405768
0.171875 1.04096 0.0409625 0.0417044
0.171875 1.04096 0.0409625 0.0417044
0.1875 1.04226 0.0422645 0.0428874
0.1875 1.04226 0.0422645 0.0428874
0.203125 1.0436 0.0436021 0.0441134
0.203125 1.0436 0.0436021 0.0441134
0.21875 1.04496 0.0449627 0.0453701
0.21875 1.04496 0.0449627 0.0453701
0.234375 1.04633 0.0463338 0.0466449
0.234375 1.04633 0.0463338 0.0466449
0.25 1.0477 0.0477029 0.0479252
0.25 1.0477 0.0477029 0.0479252
0.265625 1.04906 0.0490579 0.0491987
0.265625 1.04906 0.0490579 0.0491987
0.28125 1.05039 0.0503867 0.0504531
0.28125 1.05039 0.0503867 0.0504531
0.296875 1.05168 0.0516778 0.0516768
0.296875 1.05168 0.0516778 0.0516768
0.3125 1.05292 0.0529202 0.0528584
0.3125 1.05292 0.0529202 0.0528584
0.328125 1.0541 0.0541035 0.0539871
0.328125 1.0541 0.0541035 0.0539871
0.34375 1.05522 0.0552178 0.055053
0.34375 1.05522 0.0552178 0.055053
0.359375 1.05625 0.0562541 0.0560466
0.359375 1.05625 0.0562541 0.0560466
0.375 1.0572 0.0572041 0.0569593
0.375 1.0572 0.0572041 0.0569593
0.390625 1.05806 0.0580603 0.0577834
0.390625 1.05806 0.0580603 0.0577834
0.40625 1.05882 0.058816 0.0585118
0.40625 1.05882 0.058816 0.0585118
0.421875 1.05947 0.0594653 0.0591385
0.421875 1.05947 0.0594653 0.0591385
0.4375 1.06 0.0600033 0.0596584
0.4375 1.06 0.0600033 0.0596584
0.453125 1.06043 0.0604261 0.0600672
0.453125 1.06043 0.0604261 0.0600672
0.46875 1.06073 0.0607303 0.0603615
0.46875 1.06073 0.0607303 0.0603615
0.484375 1.06091 0.0609137 0.0605391
0.484375 1.06091 0.0609137 0.0605391
0.5 1.06097 0.060975 0.0605984
0.5 1.06097 0.060975 0.0605984
0.515625 1.06091 0.0609137 0.0605391
0.515625 1.06091 0.0609137 0.0605391
0.53125 1.06073 0.0607303 0.0603615
0.53125 1.06073 0.0607303 0.0603615
0.546875 1.06043 0.0604261 0.0600672
0.546875 1.06043 0.0604261 0.0600672
0.5625 1.06 0.0600033 0.0596584
0.5625 1.06 0.0600033 0.0596584
0.578125 1.05947 0.0594653 0.0591385
0.578125 1.05947 0.0594653 0.0591385
0.59375 1.05882 0.058816 0.0585118
0.59375 1.05882 0.058816 0.0585118
0.609375 1.05806 0.0580603 0.0577834
0.609375 1.05806 0.0580603 0.0577834
0.625 1.0572 0.0572041 0.0569593
0.625 1.0572 0.0572041 0.0569593
0.640625 1.05625 0.0562541 0.0560466
0.640625 1.05625 0.0562541 0.0560466
0.65625 1.05522 0.0552178 0.055053
0.65625 1.05522 0.0552178 0.055053
0.671875 1.0541 0.0541035 0.0539871
0.671875 1.0541 0.0541035 0.0539871
0.6875 1.05292 0.0529202 0.0528584
0.6875 1.05292 0.0529202 0.0528584
0.703125 1.05168 0.0516778 0.0516768
0.703125 1.05168 0.0516778 0.0516768
0.71875 1.05039 0.0503867 0.0504531
0.71875 1.05039 0.0503867 0.0504531
0.734375 1.04906 0.0490579 0.0491987
0.734375 1.04906 0.0490579 0.0491987
0.75 1.0477 0.0477029 0.0479252
0.75 1.0477 0.0477029 0.0479252
0.765625 1.04633 0.0463338 0.0466449
0.765625 1.04633 0.0463338 0.0466449
0.78125 1.04496 0.0449627 0.0453701
0.78125 1.04496 0.0449627 0.0453701
0.796875 1.0436 0.0436021 0.0441134
0.796875 1.0436 0.0436021 0.0441134
0.8125 1.04226 0.0422645 0.0428874
0.8125 1.04226 0.0422645 0.0428874
0.828125 1.04096 0.0409625 0.0417044
0.828125 1.04096 0.0409625 0.0417044
0.84375 1.03971 0.0397083 0.0405768
0.84375 1.03971 0.0397083 0.0405768
0.859375 1.03851 0.0385139 0.0395161
0.859375 1.03851 0.0385139 0.0395161
0.875 1.03739 0.0373907 0.0385336
0.875 1.03739 0.0373907 0.0385336
0.890625 1.03635 0.0363496 0.0376398
0.890625 1.03635 0.0363496 0.0376398
0.90625 1.0354 0.0354008 0.0368443
0.90625 1.0354 0.0354008 0.0368443
0.921875 1.03455 0.0345533 0.0361558
0.921875 1.03455 0.0345533 0.0361558
0.9375 1.03382 0.0338155 0.0355818
0.9375 1.03382 0.0338155 0.0355818
0.953125 1.03319 0.0331942 0.0351285
0.953125 1.03319 0.0331942 0.0351285
0.96875 1.0327 0.0326955 0.0348011
0.96875 1.0327 0.0326955 0.0348011
0.984375 1.03232 0.0323237 0.0346032
0.984375 1.03232 0.0323237 0.0346032
1 1.03208 0.0320821 0.034537
