# x y topography analytical topography
0 1.02409 0.0240851 0.0264487
0.015625 1.02443 0.02443 0.026568
0.015625 1.02443 0.02443 0.026568
0.03125 1.02501 0.025006 0.026924
0.03125 1.02501 0.025006 0.026924
0.046875 1.02581 0.0258057 0.0275111
0.046875 1.02581 0.0258057 0.0275111
0.0625 1.02682 0.0268182 0.0283202
0.0625 1.02682 0.0268182 0.0283202
0.078125 1.02803 0.0280296 0.0293388
0.078125 1.02803 0.0280296 0.0293388
0.09375 1.02942 0.0294233 0.0305515
0.09375 1.02942 0.0294233 0.0305515
0.109375 1.03098 0.0309805 0.0319404
0.109375 1.03098 0.0309805 0.0319404
0.125 1.03268 0.0326807 0.0334856
0.125 1.03268 0.0326807 0.0334856
0.140625 1.0345 0.034502 0.0351655
0.140625 1.0345 0.034502 0.0351655
0.15625 1.03642 0.0364219 0.0369575
0.15625 1.03642 0.0364219 0.0369575
0.171875 1.03842 0.0384173 0.0388385
0.171875 1.03842 0.0384173 0.0388385
0.1875 1.04047 0.0404655 0.0407851
0.1875 1.04047 0.0404655 0.0407851
0.203125 1.04254 0.0425442 0.0427744
0.203125 1.04254 0.0425442 0.0427744
0.21875 1.04463 0.0446319 0.0447842
0.21875 1.04463 0.0446319 0.0447842
0.234375 1.04671 0.0467081 0.0467931
0.234375 1.04671 0.0467081 0.0467931
0.25 1.04875 0.0487538 0.048781
0.25 1.04875 0.0487538 0.048781
0.265625 1.05075 0.0507512 0.0507294
0.265625 1.05075 0.0507512 0.0507294
0.28125 1.05268 0.0526841 0.0526209
0.28125 1.05268 0.0526841 0.0526209
0.296875 1.05454 0.0545379 0.0544399
0.296875 1.05454 0.0545379 0.0544399
0.3125 1.0563 0.0562994 0.0561725
0.3125 1.0563 0.0562994 0.0561725
0.328125 1.05796 0.0579569 0.057806
0.328125 1.05796 0.0579569 0.057806
0.34375 1.0595 0.0595002 0.0593296
0.34375 1.0595 0.0595002 0.0593296
0.359375 1.06092 0.0609202 0.0607335
0.359375 1.06092 0.0609202 0.0607335
0.375 1.06221 0.0622093 0.0620095
0.375 1.06221 0.0622093 0.0620095
0.390625 1.06336 0.0633608 0.0631504
0.390625 1.06336 0.0633608 0.0631504
0.40625 1.06437 0.0643692 0.0641504
0.40625 1.06437 0.0643692 0.0641504
0.421875 1.06523 0.0652298 0.0650043
0.421875 1.06523 0.0652298 0.0650043
0.4375 1.06594 0.0659388 0.0657082
0.4375 1.06594 0.0659388 0.0657082
0.453125 1.06649 0.0664932 0.0662589
0.453125 1.06649 0.0664932 0.0662589
0.46875 1.06689 0.0668908 0.0666539
0.46875 1.06689 0.0668908 0.0666539
0.484375 1.06713 0.06713 0.0668916
0.484375 1.06713 0.06713 0.0668916
0.5 1.06721 0.0672099 0.0669709
0.5 1.06721 0.0672099 0.0669709
0.515625 1.06713 0.06713 0.0668916
0.515625 1.06713 0.06713 0.0668916
0.53125 1.06689 0.0668908 0.0666539
0.53125 1.06689 0.0668908 0.0666539
0.546875 1.06649 0.0664932 0.0662589
0.546875 1.06649 0.0664932 0.0662589
0.5625 1.06594 0.0659388 0.0657082
0.5625 1.06594 0.0659388 0.0657082
0.578125 1.06523 0.0652298 0.0650043
0.578125 1.06523 0.0652298 0.0650043
0.59375 1.06437 0.0643692 0.0641504
0.59375 1.06437 0.0643692 0.0641504
0.609375 1.06336 0.0633608 0.0631504
0.609375 1.06336 0.0633608 0.0631504
0.625 1.06221 0.0622093 0.0620095
0.625 1.06221 0.0622093 0.0620095
0.640625 1.06092 0.0609202 0.0607335
0.640625 1.06092 0.0609202 0.0607335
0.65625 1.0595 0.0595002 0.0593296
0.65625 1.0595 0.0595002 0.0593296
0.671875 1.05796 0.0579569 0.057806
0.671875 1.05796 0.0579569 0.057806
0.6875 1.0563 0.0562994 0.0561725
0.6875 1.0563 0.0562994 0.0561725
0.703125 1.05454 0.0545379 0.0544399
0.703125 1.05454 0.0545379 0.0544399
0.71875 1.05268 0.0526841 0.0526209
0.71875 1.05268 0.0526841 0.0526209
0.734375 1.05075 0.0507512 0.0507294
0.734375 1.05075 0.0507512 0.0507294
0.75 1.04875 0.0487538 0.048781
0.75 1.04875 0.0487538 0.048781
0.765625 1.04671 0.0467081 0.0467931
0.765625 1.04671 0.0467081 0.0467931
0.78125 1.04463 0.0446319 0.0447842
0.78125 1.04463 0.0446319 0.0447842
0.796875 1.04254 0.0425442 0.0427744
0.796875 1.04254 0.0425442 0.0427744
0.8125 1.04047 0.0404655 0.0407851
0.8125 1.04047 0.0404655 0.0407851
0.828125 1.03842 0.0384173 0.0388385
0.828125 1.03842 0.0384173 0.0388385
0.84375 1.03642 0.0364219 0.0369575
0.84375 1.03642 0.0364219 0.0369575
0.859375 1.0345 0.034502 0.0351655
0.859375 1.0345 0.034502 0.0351655
0.875 1.03268 0.0326807 0.0334856
0.875 1.03268 0.0326807 0.0334856
0.890625 1.03098 0.0309805 0.0319404
0.890625 1.03098 0.0309805 0.0319404
0.90625 1.02942 0.0294233 0.0305515
0.90625 1.02942 0.0294233 0.0305515
0.921875 1.02803 0.0280296 0.0293388
0.921875 1.02803 0.0280296 0.0293388
0.9375 1.02682 0.0268182 0.0283202
0.9375 1.02682 0.0268182 0.0283202
0.953125 1.02581 0.0258057 0.0275111
0.953125 1.02581 0.0258057 0.0275111
0.96875 1.02501 0.025006 0.026924
0.96875 1.02501 0.025006 0.026924
0.984375 1.02443 0.02443 0.026568
0.984375 1.02443 0.02443 0.026568
1 1.02409 0.0240851 0.0264487
