# x y topography analytical topography
0 1.03195 0.0319463 0.0344005
0.015625 1.03219 0.0321895 0.0344675
0.015625 1.03219 0.0321895 0.0344675
0.03125 1.03256 0.0325642 0.0346677
0.03125 1.03256 0.0325642 0.0346677
0.046875 1.03307 0.0330673 0.0349988
0.046875 1.03307 0.0330673 0.0349988
0.0625 1.03369 0.0336943 0.0354572
0.0625 1.03369 0.0336943 0.0354572
0.078125 1.03444 0.0344391 0.0360378
0.078125 1.03444 0.0344391 0.0360378
0.09375 1.03529 0.0352948 0.0367342
0.09375 1.03529 0.0352948 0.0367342
0.109375 1.03625 0.0362529 0.0375386
0.109375 1.03625 0.0362529 0.0375386
0.125 1.0373 0.0373041 0.0384423
0.125 1.0373 0.0373041 0.0384423
0.140625 1.03844 0.0384382 0.0394356
0.140625 1.03844 0.0384382 0.0394356
0.15625 1.03964 0.0396442 0.0405078
0.15625 1.03964 0.0396442 0.0405078
0.171875 1.04091 0.0409105 0.0416476
0.171875 1.04091 0.0409105 0.0416476
0.1875 1.04222 0.042225 0.0428431
0.1875 1.04222 0.042225 0.0428431
0.203125 1.04358 0.0435752 0.044082
0.203125 1.04358 0.0435752 0.044082
0.21875 1.04495 0.0449484 0.0453516
0.21875 1.04495 0.0449484 0.0453516
0.234375 1.04633 0.0463322 0.0466393
0.234375 1.04633 0.0463322 0.0466393
0.25 1.04771 0.0477137 0.0479324
0.25 1.04771 0.0477137 0.0479324
0.265625 1.04908 0.0490808 0.0492184
0.265625 1.04908 0.0490808 0.0492184
0.28125 1.05042 0.0504213 0.0504849
0.28125 1.05042 0.0504213 0.0504849
0.296875 1.05172 0.0517236 0.0517202
0.296875 1.05172 0.0517236 0.0517202
0.3125 1.05298 0.0529765 0.0529128
0.3125 1.05298 0.0529765 0.0529128
0.328125 1.05417 0.0541697 0.054052
0.328125 1.05417 0.0541697 0.054052
0.34375 1.05529 0.0552932 0.0551275
0.34375 1.05529 0.0552932 0.0551275
0.359375 1.05634 0.0563379 0.0561299
0.359375 1.05634 0.0563379 0.0561299
0.375 1.0573 0.0572955 0.0570507
0.375 1.0573 0.0572955 0.0570507
0.390625 1.05816 0.0581585 0.0578818
0.390625 1.05816 0.0581585 0.0578818
0.40625 1.05892 0.05892 0.0586165
0.40625 1.05892 0.05892 0.0586165
0.421875 1.05957 0.0595743 0.0592485
0.421875 1.05957 0.0595743 0.0592485
0.4375 1.06012 0.0601165 0.0597728
0.4375 1.06012 0.0601165 0.0597728
0.453125 1.06054 0.0605424 0.0601849
0.453125 1.06054 0.0605424 0.0601849
0.46875 1.06085 0.0608489 0.0604817
0.46875 1.06085 0.0608489 0.0604817
0.484375 1.06103 0.0610337 0.0606607
0.484375 1.06103 0.0610337 0.0606607
0.5 1.0611 0.0610955 0.0607206
0.5 1.0611 0.0610955 0.0607206
0.515625 1.06103 0.0610337 0.0606607
0.515625 1.06103 0.0610337 0.0606607
0.53125 1.06085 0.0608489 0.0604817
0.53125 1.06085 0.0608489 0.0604817
0.546875 1.06054 0.0605424 0.0601849
0.546875 1.06054 0.0605424 0.0601849
0.5625 1.06012 0.0601165 0.0597728
0.5625 1.06012 0.0601165 0.0597728
0.578125 1.05957 0.0595743 0.0592485
0.578125 1.05957 0.0595743 0.0592485
0.59375 1.05892 0.05892 0.0586165
0.59375 1.05892 0.05892 0.0586165
0.609375 1.05816 0.0581585 0.0578818
0.609375 1.05816 0.0581585 0.0578818
0.625 1.0573 0.0572955 0.0570507
0.625 1.0573 0.0572955 0.0570507
0.640625 1.05634 0.0563379 0.0561299
0.640625 1.05634 0.0563379 0.0561299
0.65625 1.05529 0.0552932 0.0551275
0.65625 1.05529 0.0552932 0.0551275
0.671875 1.05417 0.0541697 0.054052
0.671875 1.05417 0.0541697 0.054052
0.6875 1.05298 0.0529765 0.0529128
0.6875 1.05298 0.0529765 0.0529128
0.703125 1.05172 0.0517236 0.0517202
0.703125 1.05172 0.0517236 0.0517202
0.71875 1.05042 0.0504213 0.0504849
0.71875 1.05042 0.0504213 0.0504849
0.734375 1.04908 0.0490808 0.0492184
0.734375 1.04908 0.0490808 0.0492184
0.75 1.04771 0.0477137 0.0479324
0.75 1.04771 0.0477137 0.0479324
0.765625 1.04633 0.0463322 0.0466393
0.765625 1.04633 0.0463322 0.0466393
0.78125 1.04495 0.0449484 0.0453516
0.78125 1.04495 0.0449484 0.0453516
0.796875 1.04358 0.0435752 0.044082
0.796875 1.04358 0.0435752 0.044082
0.8125 1.04222 0.042225 0.0428431
0.8125 1.04222 0.042225 0.0428431
0.828125 1.04091 0.0409105 0.0416476
0.828125 1.04091 0.0409105 0.0416476
0.84375 1.03964 0.0396442 0.0405078
0.84375 1.03964 0.0396442 0.0405078
0.859375 1.03844 0.0384382 0.0394356
0.859375 1.03844 0.0384382 0.0394356
0.875 1.0373 0.0373041 0.0384423
0.875 1.0373 0.0373041 0.0384423
0.890625 1.03625 0.0362529 0.0375386
0.890625 1.03625 0.0362529 0.0375386
0.90625 1.03529 0.0352948 0.0367342
0.90625 1.03529 0.0352948 0.0367342
0.921875 1.03444 0.0344391 0.0360378
0.921875 1.03444 0.0344391 0.0360378
0.9375 1.03369 0.0336943 0.0354572
0.9375 1.03369 0.0336943 0.0354572
0.953125 1.03307 0.0330673 0.0349988
0.953125 1.03307 0.0330673 0.0349988
0.96875 1.03256 0.0325642 0.0346677
0.96875 1.03256 0.0325642 0.0346677
0.984375 1.03219 0.0321895 0.0344675
0.984375 1.03219 0.0321895 0.0344675
1 1.03195 0.0319463 0.0344005
