# x y topography analytical topography
0 1.01829 0.0182895 0.0205413
0.015625 1.01874 0.0187448 0.0207175
0.015625 1.01874 0.0187448 0.0207175
0.03125 1.01954 0.019537 0.0212419
0.03125 1.01954 0.019537 0.0212419
0.046875 1.02065 0.0206501 0.0221021
0.046875 1.02065 0.0206501 0.0221021
0.0625 1.02206 0.0220613 0.0232785
0.0625 1.02206 0.0220613 0.0232785
0.078125 1.02374 0.0237418 0.0247448
0.078125 1.02374 0.0237418 0.0247448
0.09375 1.02566 0.0256587 0.0264694
0.09375 1.02566 0.0256587 0.0264694
0.109375 1.02778 0.027776 0.0284172
0.109375 1.02778 0.027776 0.0284172
0.125 1.03006 0.0300561 0.0305505
0.125 1.03006 0.0300561 0.0305505
0.140625 1.03246 0.0324617 0.0328309
0.140625 1.03246 0.0324617 0.0328309
0.15625 1.03496 0.034956 0.0352205
0.15625 1.03496 0.034956 0.0352205
0.171875 1.0375 0.0375045 0.0376829
0.171875 1.0375 0.0375045 0.0376829
0.1875 1.04008 0.0400754 0.0401839
0.1875 1.04008 0.0400754 0.0401839
0.203125 1.04264 0.0426397 0.0426925
0.203125 1.04264 0.0426397 0.0426925
0.21875 1.04517 0.0451719 0.0451809
0.21875 1.04517 0.0451719 0.0451809
0.234375 1.04765 0.0476497 0.0476246
0.234375 1.04765 0.0476497 0.0476246
0.25 1.05005 0.0500538 0.0500025
0.25 1.05005 0.0500538 0.0500025
0.265625 1.05237 0.0523679 0.0522964
0.265625 1.05237 0.0523679 0.0522964
0.28125 1.05458 0.0545781 0.0544913
0.28125 1.05458 0.0545781 0.0544913
0.296875 1.05667 0.0566727 0.0565743
0.296875 1.05667 0.0566727 0.0565743
0.3125 1.05864 0.0586421 0.0585346
0.3125 1.05864 0.0586421 0.0585346
0.328125 1.06048 0.060478 0.0603635
0.328125 1.06048 0.060478 0.0603635
0.34375 1.06217 0.0621734 0.0620533
0.34375 1.06217 0.0621734 0.0620533
0.359375 1.06372 0.0637226 0.0635981
0.359375 1.06372 0.0637226 0.0635981
0.375 1.06512 0.0651206 0.0649924
0.375 1.06512 0.0651206 0.0649924
0.390625 1.06636 0.0663632 0.0662321
0.390625 1.06636 0.0663632 0.0662321
0.40625 1.06745 0.0674469 0.0673133
0.40625 1.06745 0.0674469 0.0673133
0.421875 1.06837 0.0683686 0.068233
0.421875 1.06837 0.0683686 0.068233
0.4375 1.06913 0.0691261 0.0689889
0.4375 1.06913 0.0691261 0.0689889
0.453125 1.06972 0.0697172 0.0695788
0.453125 1.06972 0.0697172 0.0695788
0.46875 1.07014 0.0701405 0.0700012
0.46875 1.07014 0.0701405 0.0700012
0.484375 1.07039 0.0703949 0.0702551
0.484375 1.07039 0.0703949 0.0702551
0.5 1.07048 0.0704797 0.0703398
0.5 1.07048 0.0704797 0.0703398
0.515625 1.07039 0.0703949 0.0702551
0.515625 1.07039 0.0703949 0.0702551
0.53125 1.07014 0.0701405 0.0700012
0.53125 1.07014 0.0701405 0.0700012
0.546875 1.06972 0.0697172 0.0695788
0.546875 1.06972 0.0697172 0.0695788
0.5625 1.06913 0.0691261 0.0689889
0.5625 1.06913 0.0691261 0.0689889
0.578125 1.06837 0.0683686 0.068233
0.578125 1.06837 0.0683686 0.068233
0.59375 1.06745 0.0674469 0.0673133
0.59375 1.06745 0.0674469 0.0673133
0.609375 1.06636 0.0663632 0.0662321
0.609375 1.06636 0.0663632 0.0662321
0.625 1.06512 0.0651206 0.0649924
0.625 1.06512 0.0651206 0.0649924
0.640625 1.06372 0.0637226 0.0635981
0.640625 1.06372 0.0637226 0.0635981
0.65625 1.06217 0.0621734 0.0620533
0.65625 1.06217 0.0621734 0.0620533
0.671875 1.06048 0.060478 0.0603635
0.671875 1.06048 0.060478 0.0603635
0.6875 1.05864 0.0586421 0.0585346
0.6875 1.05864 0.0586421 0.0585346
0.703125 1.05667 0.0566727 0.0565743
0.703125 1.05667 0.0566727 0.0565743
0.71875 1.05458 0.0545781 0.0544913
0.71875 1.05458 0.0545781 0.0544913
0.734375 1.05237 0.0523679 0.0522964
0.734375 1.05237 0.0523679 0.0522964
0.75 1.05005 0.0500538 0.0500025
0.75 1.05005 0.0500538 0.0500025
0.765625 1.04765 0.0476497 0.0476246
0.765625 1.04765 0.0476497 0.0476246
0.78125 1.04517 0.0451719 0.0451809
0.78125 1.04517 0.0451719 0.0451809
0.796875 1.04264 0.0426397 0.0426925
0.796875 1.04264 0.0426397 0.0426925
0.8125 1.04008 0.0400754 0.0401839
0.8125 1.04008 0.0400754 0.0401839
0.828125 1.0375 0.0375045 0.0376829
0.828125 1.0375 0.0375045 0.0376829
0.84375 1.03496 0.034956 0.0352205
0.84375 1.03496 0.034956 0.0352205
0.859375 1.03246 0.0324617 0.0328309
0.859375 1.03246 0.0324617 0.0328309
0.875 1.03006 0.0300561 0.0305505
0.875 1.03006 0.0300561 0.0305505
0.890625 1.02778 0.027776 0.0284172
0.890625 1.02778 0.027776 0.0284172
0.90625 1.02566 0.0256587 0.0264694
0.90625 1.02566 0.0256587 0.0264694
0.921875 1.02374 0.0237418 0.0247448
0.921875 1.02374 0.0237418 0.0247448
0.9375 1.02206 0.0220613 0.0232785
0.9375 1.02206 0.0220613 0.0232785
0.953125 1.02065 0.0206501 0.0221021
0.953125 1.02065 0.0206501 0.0221021
0.96875 1.01954 0.019537 0.0212419
0.96875 1.01954 0.019537 0.0212419
0.984375 1.01874 0.0187448 0.0207175
0.984375 1.01874 0.0187448 0.0207175
1 1.01829 0.0182895 0.0205413
