# x y topography analytical topography
0 1.02852 0.0285214 0.0309463
0.015625 1.0288 0.0288046 0.0310338
0.015625 1.0288 0.0288046 0.0310338
0.03125 1.02926 0.0292587 0.0312953
0.03125 1.02926 0.0292587 0.0312953
0.046875 1.02988 0.0298792 0.0317275
0.046875 1.02988 0.0298792 0.0317275
0.0625 1.03066 0.0306595 0.0323249
0.0625 1.03066 0.0306595 0.0323249
0.078125 1.03159 0.031591 0.03308
0.078125 1.03159 0.031591 0.03308
0.09375 1.03266 0.0326635 0.0339835
0.09375 1.03266 0.0326635 0.0339835
0.109375 1.03387 0.0338653 0.0350244
0.109375 1.03387 0.0338653 0.0350244
0.125 1.03518 0.0351831 0.03619
0.125 1.03518 0.0351831 0.03619
0.140625 1.0366 0.0366026 0.0374665
0.140625 1.0366 0.0366026 0.0374665
0.15625 1.03811 0.0381087 0.0388391
0.15625 1.03811 0.0381087 0.0388391
0.171875 1.03969 0.0396855 0.040292
0.171875 1.03969 0.0396855 0.040292
0.1875 1.04132 0.0413167 0.0418092
0.1875 1.04132 0.0413167 0.0418092
0.203125 1.04299 0.0429861 0.043374
0.203125 1.04299 0.0429861 0.043374
0.21875 1.04468 0.0446771 0.0449699
0.21875 1.04468 0.0446771 0.0449699
0.234375 1.04637 0.0463738 0.0465805
0.234375 1.04637 0.0463738 0.0465805
0.25 1.04806 0.0480603 0.0481896
0.25 1.04806 0.0480603 0.0481896
0.265625 1.04972 0.0497215 0.0497817
0.265625 1.04972 0.0497215 0.0497817
0.28125 1.05134 0.051343 0.0513419
0.28125 1.05134 0.051343 0.0513419
0.296875 1.05291 0.0529112 0.0528559
0.296875 1.05291 0.0529112 0.0528559
0.3125 1.05441 0.0544132 0.0543105
0.3125 1.05441 0.0544132 0.0543105
0.328125 1.05584 0.0558374 0.0556934
0.328125 1.05584 0.0558374 0.0556934
0.34375 1.05717 0.0571729 0.0569931
0.34375 1.05717 0.0571729 0.0569931
0.359375 1.05841 0.0584098 0.0581995
0.359375 1.05841 0.0584098 0.0581995
0.375 1.05954 0.0595394 0.0593031
0.375 1.05954 0.0595394 0.0593031
0.390625 1.06055 0.060554 0.0602958
0.390625 1.06055 0.060554 0.0602958
0.40625 1.06145 0.0614467 0.0611703
0.40625 1.06145 0.0614467 0.0611703
0.421875 1.06221 0.0622116 0.0619206
0.421875 1.06221 0.0622116 0.0619206
0.4375 1.06284 0.0628441 0.0625414
0.4375 1.06284 0.0628441 0.0625414
0.453125 1.06334 0.06334 0.0630285
0.453125 1.06334 0.06334 0.0630285
0.46875 1.0637 0.0636964 0.0633787
0.46875 1.0637 0.0636964 0.0633787
0.484375 1.06391 0.063911 0.0635898
0.484375 1.06391 0.063911 0.0635898
0.5 1.06398 0.0639827 0.0636603
0.5 1.06398 0.0639827 0.0636603
0.515625 1.06391 0.063911 0.0635898
0.515625 1.06391 0.063911 0.0635898
0.53125 1.0637 0.0636964 0.0633787
0.53125 1.0637 0.0636964 0.0633787
0.546875 1.06334 0.06334 0.0630285
0.546875 1.06334 0.06334 0.0630285
0.5625 1.06284 0.0628441 0.0625414
0.5625 1.06284 0.0628441 0.0625414
0.578125 1.06221 0.0622116 0.0619206
0.578125 1.06221 0.0622116 0.0619206
0.59375 1.06145 0.0614467 0.0611703
0.59375 1.06145 0.0614467 0.0611703
0.609375 1.06055 0.060554 0.0602958
0.609375 1.06055 0.060554 0.0602958
0.625 1.05954 0.0595394 0.0593031
0.625 1.05954 0.0595394 0.0593031
0.640625 1.05841 0.0584098 0.0581995
0.640625 1.05841 0.0584098 0.0581995
0.65625 1.05717 0.0571729 0.0569931
0.65625 1.05717 0.0571729 0.0569931
0.671875 1.05584 0.0558374 0.0556934
0.671875 1.05584 0.0558374 0.0556934
0.6875 1.05441 0.0544132 0.0543105
0.6875 1.05441 0.0544132 0.0543105
0.703125 1.05291 0.0529112 0.0528559
0.703125 1.05291 0.0529112 0.0528559
0.71875 1.05134 0.051343 0.0513419
0.71875 1.05134 0.051343 0.0513419
0.734375 1.04972 0.0497215 0.0497817
0.734375 1.04972 0.0497215 0.0497817
0.75 1.04806 0.0480603 0.0481896
0.75 1.04806 0.0480603 0.0481896
0.765625 1.04637 0.0463738 0.0465805
0.765625 1.04637 0.0463738 0.0465805
0.78125 1.04468 0.0446771 0.0449699
0.78125 1.04468 0.0446771 0.0449699
0.796875 1.04299 0.0429861 0.043374
0.796875 1.04299 0.0429861 0.043374
0.8125 1.04132 0.0413167 0.0418092
0.8125 1.04132 0.0413167 0.0418092
0.828125 1.03969 0.0396855 0.040292
0.828125 1.03969 0.0396855 0.040292
0.84375 1.03811 0.0381087 0.0388391
0.84375 1.03811 0.0381087 0.0388391
0.859375 1.0366 0.0366026 0.0374665
0.859375 1.0366 0.0366026 0.0374665
0.875 1.03518 0.0351831 0.03619
0.875 1.03518 0.0351831 0.03619
0.890625 1.03387 0.0338653 0.0350244
0.890625 1.03387 0.0338653 0.0350244
0.90625 1.03266 0.0326635 0.0339835
0.90625 1.03266 0.0326635 0.0339835
0.921875 1.03159 0.031591 0.03308
0.921875 1.03159 0.031591 0.03308
0.9375 1.03066 0.0306595 0.0323249
0.9375 1.03066 0.0306595 0.0323249
0.953125 1.02988 0.0298792 0.0317275
0.953125 1.02988 0.0298792 0.0317275
0.96875 1.02926 0.0292587 0.0312953
0.96875 1.02926 0.0292587 0.0312953
0.984375 1.0288 0.0288046 0.0310338
0.984375 1.0288 0.0288046 0.0310338
1 1.02852 0.0285214 0.0309463
