# x y topography analytical topography
0 1.0293 0.0292979 0.0317309
0.015625 1.02957 0.0295716 0.0318136
0.015625 1.02957 0.0295716 0.0318136
0.03125 1.03001 0.0300068 0.0320605
0.03125 1.03001 0.0300068 0.0320605
0.046875 1.0306 0.0305994 0.0324686
0.046875 1.0306 0.0305994 0.0324686
0.0625 1.03134 0.0313432 0.0330329
0.0625 1.03134 0.0313432 0.0330329
0.078125 1.03223 0.0322306 0.0337467
0.078125 1.03223 0.0322306 0.0337467
0.09375 1.03325 0.033252 0.0346012
0.09375 1.03325 0.033252 0.0346012
0.109375 1.0344 0.0343965 0.0355864
0.109375 1.0344 0.0343965 0.0355864
0.125 1.03565 0.035652 0.0366906
0.125 1.03565 0.035652 0.0366906
0.140625 1.03701 0.0370051 0.037901
0.140625 1.03701 0.0370051 0.037901
0.15625 1.03844 0.0384418 0.0392039
0.15625 1.03844 0.0384418 0.0392039
0.171875 1.03995 0.0399472 0.0405845
0.171875 1.03995 0.0399472 0.0405845
0.1875 1.04151 0.0415061 0.0420279
0.1875 1.04151 0.0415061 0.0420279
0.203125 1.0431 0.043103 0.0435185
0.203125 1.0431 0.043103 0.0435185
0.21875 1.04472 0.0447226 0.0450406
0.21875 1.04472 0.0447226 0.0450406
0.234375 1.04635 0.0463494 0.0465787
0.234375 1.04635 0.0463494 0.0465787
0.25 1.04797 0.0479683 0.0481175
0.25 1.04797 0.0479683 0.0481175
0.265625 1.04956 0.049565 0.049642
0.265625 1.04956 0.049565 0.049642
0.28125 1.05113 0.0511253 0.0511379
0.28125 1.05113 0.0511253 0.0511379
0.296875 1.05264 0.0526362 0.0525915
0.296875 1.05264 0.0526362 0.0525915
0.3125 1.05409 0.054085 0.0539898
0.3125 1.05409 0.054085 0.0539898
0.328125 1.05546 0.0554603 0.0553207
0.328125 1.05546 0.0554603 0.0553207
0.34375 1.05675 0.0567513 0.0565731
0.34375 1.05675 0.0567513 0.0565731
0.359375 1.05795 0.0579482 0.0577368
0.359375 1.05795 0.0579482 0.0577368
0.375 1.05904 0.0590424 0.0588024
0.375 1.05904 0.0590424 0.0588024
0.390625 1.06003 0.0600259 0.0597618
0.390625 1.06003 0.0600259 0.0597618
0.40625 1.06089 0.060892 0.0606078
0.40625 1.06089 0.060892 0.0606078
0.421875 1.06163 0.0616346 0.061334
0.421875 1.06163 0.0616346 0.061334
0.4375 1.06225 0.0622489 0.0619353
0.4375 1.06225 0.0622489 0.0619353
0.453125 1.06273 0.0627309 0.0624074
0.453125 1.06273 0.0627309 0.0624074
0.46875 1.06308 0.0630773 0.0627469
0.46875 1.06308 0.0630773 0.0627469
0.484375 1.06329 0.0632861 0.0629516
0.484375 1.06329 0.0632861 0.0629516
0.5 1.06336 0.0633558 0.0630199
0.5 1.06336 0.0633558 0.0630199
0.515625 1.06329 0.0632861 0.0629516
0.515625 1.06329 0.0632861 0.0629516
0.53125 1.06308 0.0630773 0.0627469
0.53125 1.06308 0.0630773 0.0627469
0.546875 1.06273 0.0627309 0.0624074
0.546875 1.06273 0.0627309 0.0624074
0.5625 1.06225 0.0622489 0.0619353
0.5625 1.06225 0.0622489 0.0619353
0.578125 1.06163 0.0616346 0.061334
0.578125 1.06163 0.0616346 0.061334
0.59375 1.06089 0.060892 0.0606078
0.59375 1.06089 0.060892 0.0606078
0.609375 1.06003 0.0600259 0.0597618
0.609375 1.06003 0.0600259 0.0597618
0.625 1.05904 0.0590424 0.0588024
0.625 1.05904 0.0590424 0.0588024
0.640625 1.05795 0.0579482 0.0577368
0.640625 1.05795 0.0579482 0.0577368
0.65625 1.05675 0.0567513 0.0565731
0.65625 1.05675 0.0567513 0.0565731
0.671875 1.05546 0.0554603 0.0553207
0.671875 1.05546 0.0554603 0.0553207
0.6875 1.05409 0.054085 0.0539898
0.6875 1.05409 0.054085 0.0539898
0.703125 1.05264 0.0526362 0.0525915
0.703125 1.05264 0.0526362 0.0525915
0.71875 1.05113 0.0511253 0.0511379
0.71875 1.05113 0.0511253 0.0511379
0.734375 1.04956 0.049565 0.049642
0.734375 1.04956 0.049565 0.049642
0.75 1.04797 0.0479683 0.0481175
0.75 1.04797 0.0479683 0.0481175
0.765625 1.04635 0.0463494 0.0465787
0.765625 1.04635 0.0463494 0.0465787
0.78125 1.04472 0.0447226 0.0450406
0.78125 1.04472 0.0447226 0.0450406
0.796875 1.0431 0.043103 0.0435185
0.796875 1.0431 0.043103 0.0435185
0.8125 1.04151 0.0415061 0.0420279
0.8125 1.04151 0.0415061 0.0420279
0.828125 1.03995 0.0399472 0.0405845
0.828125 1.03995 0.0399472 0.0405845
0.84375 1.03844 0.0384418 0.0392039
0.84375 1.03844 0.0384418 0.0392039
0.859375 1.03701 0.0370051 0.037901
0.859375 1.03701 0.0370051 0.037901
0.875 1.03565 0.035652 0.0366906
0.875 1.03565 0.035652 0.0366906
0.890625 1.0344 0.0343965 0.0355864
0.890625 1.0344 0.0343965 0.0355864
0.90625 1.03325 0.033252 0.0346012
0.90625 1.03325 0.033252 0.0346012
0.921875 1.03223 0.0322306 0.0337467
0.921875 1.03223 0.0322306 0.0337467
0.9375 1.03134 0.0313432 0.0330329
0.9375 1.03134 0.0313432 0.0330329
0.953125 1.0306 0.0305994 0.0324686
0.953125 1.0306 0.0305994 0.0324686
0.96875 1.03001 0.0300068 0.0320605
0.96875 1.03001 0.0300068 0.0320605
0.984375 1.02957 0.0295716 0.0318136
0.984375 1.02957 0.0295716 0.0318136
1 1.0293 0.0292979 0.0317309
