# x y topography analytical topography
0 1.03153 0.0315298 0.0339814
0.015625 1.03178 0.0317776 0.0340507
0.015625 1.03178 0.0317776 0.0340507
0.03125 1.03216 0.0321614 0.034258
0.03125 1.03216 0.0321614 0.034258
0.046875 1.03268 0.0326781 0.0346008
0.046875 1.03268 0.0326781 0.0346008
0.0625 1.03332 0.0333228 0.0350753
0.0625 1.03332 0.0333228 0.0350753
0.078125 1.03409 0.0340893 0.0356761
0.078125 1.03409 0.0340893 0.0356761
0.09375 1.03497 0.0349703 0.0363965
0.09375 1.03497 0.0349703 0.0363965
0.109375 1.03596 0.0359569 0.0372285
0.109375 1.03596 0.0359569 0.0372285
0.125 1.03704 0.0370394 0.0381629
0.125 1.03704 0.0370394 0.0381629
0.140625 1.03821 0.0382073 0.0391895
0.140625 1.03821 0.0382073 0.0391895
0.15625 1.03945 0.039449 0.0402973
0.15625 1.03945 0.039449 0.0402973
0.171875 1.04075 0.0407525 0.0414745
0.171875 1.04075 0.0407525 0.0414745
0.1875 1.04211 0.0421051 0.0427086
0.1875 1.04211 0.0421051 0.0427086
0.203125 1.04349 0.0434941 0.0439868
0.203125 1.04349 0.0434941 0.0439868
0.21875 1.04491 0.0449063 0.0452962
0.21875 1.04491 0.0449063 0.0452962
0.234375 1.04633 0.0463286 0.0466236
0.234375 1.04633 0.0463286 0.0466236
0.25 1.04775 0.0477482 0.0479558
0.25 1.04775 0.0477482 0.0479558
0.265625 1.04915 0.0491522 0.04928
0.265625 1.04915 0.0491522 0.04928
0.28125 1.05053 0.0505283 0.0505835
0.28125 1.05053 0.0505283 0.0505835
0.296875 1.05186 0.0518645 0.0518542
0.296875 1.05186 0.0518645 0.0518542
0.3125 1.05315 0.0531497 0.0530804
0.3125 1.05315 0.0531497 0.0530804
0.328125 1.05437 0.0543729 0.0542511
0.328125 1.05437 0.0543729 0.0542511
0.34375 1.05552 0.0555243 0.0553558
0.34375 1.05552 0.0555243 0.0553558
0.359375 1.05659 0.0565944 0.0563851
0.359375 1.05659 0.0565944 0.0563851
0.375 1.05757 0.057575 0.0573301
0.375 1.05757 0.057575 0.0573301
0.390625 1.05846 0.0584583 0.0581828
0.390625 1.05846 0.0584583 0.0581828
0.40625 1.05924 0.0592376 0.0589363
0.40625 1.05924 0.0592376 0.0589363
0.421875 1.05991 0.059907 0.0595843
0.421875 1.05991 0.059907 0.0595843
0.4375 1.06046 0.0604616 0.0601217
0.4375 1.06046 0.0604616 0.0601217
0.453125 1.0609 0.0608971 0.0605441
0.453125 1.0609 0.0608971 0.0605441
0.46875 1.06121 0.0612105 0.0608482
0.46875 1.06121 0.0612105 0.0608482
0.484375 1.0614 0.0613994 0.0610316
0.484375 1.0614 0.0613994 0.0610316
0.5 1.06146 0.0614626 0.0610929
0.5 1.06146 0.0614626 0.0610929
0.515625 1.0614 0.0613994 0.0610316
0.515625 1.0614 0.0613994 0.0610316
0.53125 1.06121 0.0612105 0.0608482
0.53125 1.06121 0.0612105 0.0608482
0.546875 1.0609 0.0608971 0.0605441
0.546875 1.0609 0.0608971 0.0605441
0.5625 1.06046 0.0604616 0.0601217
0.5625 1.06046 0.0604616 0.0601217
0.578125 1.05991 0.059907 0.0595843
0.578125 1.05991 0.059907 0.0595843
0.59375 1.05924 0.0592376 0.0589363
0.59375 1.05924 0.0592376 0.0589363
0.609375 1.05846 0.0584583 0.0581828
0.609375 1.05846 0.0584583 0.0581828
0.625 1.05757 0.057575 0.0573301
0.625 1.05757 0.057575 0.0573301
0.640625 1.05659 0.0565944 0.0563851
0.640625 1.05659 0.0565944 0.0563851
0.65625 1.05552 0.0555243 0.0553558
0.65625 1.05552 0.0555243 0.0553558
0.671875 1.05437 0.0543729 0.0542511
0.671875 1.05437 0.0543729 0.0542511
0.6875 1.05315 0.0531497 0.0530804
0.6875 1.05315 0.0531497 0.0530804
0.703125 1.05186 0.0518645 0.0518542
0.703125 1.05186 0.0518645 0.0518542
0.71875 1.05053 0.0505283 0.0505835
0.71875 1.05053 0.0505283 0.0505835
0.734375 1.04915 0.0491522 0.04928
0.734375 1.04915 0.0491522 0.04928
0.75 1.04775 0.0477482 0.0479558
0.75 1.04775 0.0477482 0.0479558
0.765625 1.04633 0.0463286 0.0466236
0.765625 1.04633 0.0463286 0.0466236
0.78125 1.04491 0.0449063 0.0452962
0.78125 1.04491 0.0449063 0.0452962
0.796875 1.04349 0.0434941 0.0439868
0.796875 1.04349 0.0434941 0.0439868
0.8125 1.04211 0.0421051 0.0427086
0.8125 1.04211 0.0421051 0.0427086
0.828125 1.04075 0.0407525 0.0414745
0.828125 1.04075 0.0407525 0.0414745
0.84375 1.03945 0.039449 0.0402973
0.84375 1.03945 0.039449 0.0402973
0.859375 1.03821 0.0382073 0.0391895
0.859375 1.03821 0.0382073 0.0391895
0.875 1.03704 0.0370394 0.0381629
0.875 1.03704 0.0370394 0.0381629
0.890625 1.03596 0.0359569 0.0372285
0.890625 1.03596 0.0359569 0.0372285
0.90625 1.03497 0.0349703 0.0363965
0.90625 1.03497 0.0349703 0.0363965
0.921875 1.03409 0.0340893 0.0356761
0.921875 1.03409 0.0340893 0.0356761
0.9375 1.03332 0.0333228 0.0350753
0.9375 1.03332 0.0333228 0.0350753
0.953125 1.03268 0.0326781 0.0346008
0.953125 1.03268 0.0326781 0.0346008
0.96875 1.03216 0.0321614 0.034258
0.96875 1.03216 0.0321614 0.034258
0.984375 1.03178 0.0317776 0.0340507
0.984375 1.03178 0.0317776 0.0340507
1 1.03153 0.0315298 0.0339814
