# x y topography analytical topography
0 3.00269 0.00268871 0.00328292
0.046875 3.00431 0.00430696 0.00451066
0.046875 3.00431 0.00430696 0.00451066
0.09375 3.00742 0.00742482 0.00746144
0.09375 3.00742 0.00742482 0.00746144
0.140625 3.01099 0.0109944 0.0109975
0.140625 3.01099 0.0109944 0.0109975
0.1875 3.01461 0.0146102 0.0146101
0.1875 3.01461 0.0146102 0.0146101
0.234375 3.0182 0.0181963 0.0181961
0.234375 3.0182 0.0181963 0.0181961
0.28125 3.02174 0.0217389 0.0217385
0.28125 3.02174 0.0217389 0.0217385
0.328125 3.02523 0.0252291 0.0252287
0.328125 3.02523 0.0252291 0.0252287
0.375 3.02866 0.0286585 0.028658
0.375 3.02866 0.0286585 0.028658
0.421875 3.03202 0.0320188 0.0320183
0.421875 3.03202 0.0320188 0.0320183
0.46875 3.0353 0.035302 0.0353015
0.46875 3.0353 0.035302 0.0353015
0.515625 3.0385 0.0385002 0.0384996
0.515625 3.0385 0.0385002 0.0384996
0.5625 3.04161 0.0416056 0.041605
0.5625 3.04161 0.0416056 0.041605
0.609375 3.04461 0.0446108 0.0446101
0.609375 3.04461 0.0446108 0.0446101
0.65625 3.04751 0.0475085 0.0475078
0.65625 3.04751 0.0475085 0.0475078
0.703125 3.05029 0.0502918 0.050291
0.703125 3.05029 0.0502918 0.050291
0.75 3.05295 0.0529539 0.0529531
0.75 3.05295 0.0529539 0.0529531
0.796875 3.05549 0.0554885 0.0554876
0.796875 3.05549 0.0554885 0.0554876
0.84375 3.05789 0.0578893 0.0578884
0.84375 3.05789 0.0578893 0.0578884
0.890625 3.06015 0.0601507 0.0601498
0.890625 3.06015 0.0601507 0.0601498
0.9375 3.06227 0.0622672 0.0622663
0.9375 3.06227 0.0622672 0.0622663
0.984375 3.06423 0.0642337 0.0642327
0.984375 3.06423 0.0642337 0.0642327
1.03125 3.06605 0.0660455 0.0660444
1.03125 3.06605 0.0660455 0.0660444
1.07812 3.0677 0.0676981 0.067697
1.07812 3.0677 0.0676981 0.067697
1.125 3.06919 0.0691876 0.0691866
1.125 3.06919 0.0691876 0.0691866
1.17188 3.07051 0.0705105 0.0705094
1.17188 3.07051 0.0705105 0.0705094
1.21875 3.07166 0.0716635 0.0716624
1.21875 3.07166 0.0716635 0.0716624
1.26562 3.07264 0.0726439 0.0726427
1.26562 3.07264 0.0726439 0.0726427
1.3125 3.07345 0.0734492 0.0734481
1.3125 3.07345 0.0734492 0.0734481
1.35938 3.07408 0.0740776 0.0740765
1.35938 3.07408 0.0740776 0.0740765
1.40625 3.07453 0.0745275 0.0745264
1.40625 3.07453 0.0745275 0.0745264
1.45312 3.0748 0.0747979 0.0747968
1.45312 3.0748 0.0747979 0.0747968
1.5 3.07489 0.0748882 0.074887
1.5 3.07489 0.0748882 0.074887
1.54688 3.0748 0.0747979 0.0747968
1.54688 3.0748 0.0747979 0.0747968
1.59375 3.07453 0.0745275 0.0745264
1.59375 3.07453 0.0745275 0.0745264
1.64062 3.07408 0.0740776 0.0740765
1.64062 3.07408 0.0740776 0.0740765
1.6875 3.07345 0.0734492 0.0734481
1.6875 3.07345 0.0734492 0.0734481
1.73438 3.07264 0.0726439 0.0726427
1.73438 3.07264 0.0726439 0.0726427
1.78125 3.07166 0.0716635 0.0716624
1.78125 3.07166 0.0716635 0.0716624
1.82812 3.07051 0.0705105 0.0705094
1.82812 3.07051 0.0705105 0.0705094
1.875 3.06919 0.0691876 0.0691866
1.875 3.06919 0.0691876 0.0691866
1.92188 3.0677 0.0676981 0.067697
1.92188 3.0677 0.0676981 0.067697
1.96875 3.06605 0.0660455 0.0660444
1.96875 3.06605 0.0660455 0.0660444
2.01562 3.06423 0.0642337 0.0642327
2.01562 3.06423 0.0642337 0.0642327
2.0625 3.06227 0.0622672 0.0622663
2.0625 3.06227 0.0622672 0.0622663
2.10938 3.06015 0.0601507 0.0601498
2.10938 3.06015 0.0601507 0.0601498
2.15625 3.05789 0.0578893 0.0578884
2.15625 3.05789 0.0578893 0.0578884
2.20312 3.05549 0.0554885 0.0554876
2.20312 3.05549 0.0554885 0.0554876
2.25 3.05295 0.0529539 0.0529531
2.25 3.05295 0.0529539 0.0529531
2.29688 3.05029 0.0502918 0.050291
2.29688 3.05029 0.0502918 0.050291
2.34375 3.04751 0.0475085 0.0475078
2.34375 3.04751 0.0475085 0.0475078
2.39062 3.04461 0.0446108 0.0446101
2.39062 3.04461 0.0446108 0.0446101
2.4375 3.04161 0.0416056 0.041605
2.4375 3.04161 0.0416056 0.041605
2.48438 3.0385 0.0385002 0.0384996
2.48438 3.0385 0.0385002 0.0384996
2.53125 3.0353 0.035302 0.0353015
2.53125 3.0353 0.035302 0.0353015
2.57812 3.03202 0.0320188 0.0320183
2.57812 3.03202 0.0320188 0.0320183
2.625 3.02866 0.0286585 0.028658
2.625 3.02866 0.0286585 0.028658
2.67188 3.02523 0.0252291 0.0252287
2.67188 3.02523 0.0252291 0.0252287
2.71875 3.02174 0.0217389 0.0217385
2.71875 3.02174 0.0217389 0.0217385
2.76562 3.0182 0.0181963 0.0181961
2.76562 3.0182 0.0181963 0.0181961
2.8125 3.01461 0.0146102 0.0146101
2.8125 3.01461 0.0146102 0.0146101
2.85938 3.01099 0.0109944 0.0109975
2.85938 3.01099 0.0109944 0.0109975
2.90625 3.00742 0.00742482 0.00746144
2.90625 3.00742 0.00742482 0.00746144
2.95312 3.00431 0.00430696 0.00451066
2.95312 3.00431 0.00430696 0.00451066
3 3.00269 0.00268871 0.00328292
