# x y topography analytical topography
0 3.00991 0.00991069 0.0106036
0.046875 3.01046 0.0104589 0.0109908
0.046875 3.01046 0.0104589 0.0109908
0.09375 3.01173 0.0117346 0.0121223
0.09375 3.01173 0.0117346 0.0121223
0.140625 3.01365 0.013647 0.0139143
0.140625 3.01365 0.013647 0.0139143
0.1875 3.01607 0.0160723 0.0162456
0.1875 3.01607 0.0160723 0.0162456
0.234375 3.01887 0.0188747 0.0189797
0.234375 3.01887 0.0188747 0.0189797
0.28125 3.02193 0.0219257 0.0219844
0.28125 3.02193 0.0219257 0.0219844
0.328125 3.02512 0.0251171 0.0251467
0.328125 3.02512 0.0251171 0.0251467
0.375 3.02837 0.0283659 0.0283783
0.375 3.02837 0.0283659 0.0283783
0.421875 3.03161 0.0316131 0.0316159
0.421875 3.03161 0.0316131 0.0316159
0.46875 3.03482 0.0348193 0.0348171
0.46875 3.03482 0.0348193 0.0348171
0.515625 3.03796 0.0379588 0.037954
0.515625 3.03796 0.0379588 0.037954
0.5625 3.04101 0.0410146 0.0410084
0.5625 3.04101 0.0410146 0.0410084
0.609375 3.04397 0.0439749 0.0439678
0.609375 3.04397 0.0439749 0.0439678
0.65625 3.04683 0.0468306 0.0468229
0.65625 3.04683 0.0468306 0.0468229
0.703125 3.04957 0.0495739 0.0495657
0.703125 3.04957 0.0495739 0.0495657
0.75 3.0522 0.0521979 0.0521893
0.75 3.0522 0.0521979 0.0521893
0.796875 3.0547 0.0546963 0.0546872
0.796875 3.0547 0.0546963 0.0546872
0.84375 3.05706 0.0570628 0.0570534
0.84375 3.05706 0.0570628 0.0570534
0.890625 3.05929 0.059292 0.0592821
0.890625 3.05929 0.059292 0.0592821
0.9375 3.06138 0.0613782 0.0613681
0.9375 3.06138 0.0613782 0.0613681
0.984375 3.06332 0.0633167 0.0633061
0.984375 3.06332 0.0633167 0.0633061
1.03125 3.0651 0.0651025 0.0650917
1.03125 3.0651 0.0651025 0.0650917
1.07812 3.06673 0.0667316 0.0667205
1.07812 3.06673 0.0667316 0.0667205
1.125 3.0682 0.0681998 0.0681885
1.125 3.0682 0.0681998 0.0681885
1.17188 3.0695 0.0695038 0.0694923
1.17188 3.0695 0.0695038 0.0694923
1.21875 3.07064 0.0706404 0.0706286
1.21875 3.07064 0.0706404 0.0706286
1.26562 3.07161 0.0716067 0.0715948
1.26562 3.07161 0.0716067 0.0715948
1.3125 3.0724 0.0724006 0.0723886
1.3125 3.0724 0.0724006 0.0723886
1.35938 3.07302 0.07302 0.0730079
1.35938 3.07302 0.07302 0.0730079
1.40625 3.07346 0.0734635 0.0734513
1.40625 3.07346 0.0734635 0.0734513
1.45312 3.07373 0.0737301 0.0737178
1.45312 3.07373 0.0737301 0.0737178
1.5 3.07382 0.073819 0.0738067
1.5 3.07382 0.073819 0.0738067
1.54688 3.07373 0.0737301 0.0737178
1.54688 3.07373 0.0737301 0.0737178
1.59375 3.07346 0.0734635 0.0734513
1.59375 3.07346 0.0734635 0.0734513
1.64062 3.07302 0.07302 0.0730079
1.64062 3.07302 0.07302 0.0730079
1.6875 3.0724 0.0724006 0.0723886
1.6875 3.0724 0.0724006 0.0723886
1.73438 3.07161 0.0716067 0.0715948
1.73438 3.07161 0.0716067 0.0715948
1.78125 3.07064 0.0706404 0.0706286
1.78125 3.07064 0.0706404 0.0706286
1.82812 3.0695 0.0695038 0.0694923
1.82812 3.0695 0.0695038 0.0694923
1.875 3.0682 0.0681998 0.0681885
1.875 3.0682 0.0681998 0.0681885
1.92188 3.06673 0.0667316 0.0667205
1.92188 3.06673 0.0667316 0.0667205
1.96875 3.0651 0.0651025 0.0650917
1.96875 3.0651 0.0651025 0.0650917
2.01562 3.06332 0.0633167 0.0633061
2.01562 3.06332 0.0633167 0.0633061
2.0625 3.06138 0.0613782 0.0613681
2.0625 3.06138 0.0613782 0.0613681
2.10938 3.05929 0.059292 0.0592821
2.10938 3.05929 0.059292 0.0592821
2.15625 3.05706 0.0570628 0.0570534
2.15625 3.05706 0.0570628 0.0570534
2.20312 3.0547 0.0546963 0.0546872
2.20312 3.0547 0.0546963 0.0546872
2.25 3.0522 0.0521979 0.0521893
2.25 3.0522 0.0521979 0.0521893
2.29688 3.04957 0.0495739 0.0495657
2.29688 3.04957 0.0495739 0.0495657
2.34375 3.04683 0.0468306 0.0468229
2.34375 3.04683 0.0468306 0.0468229
2.39062 3.04397 0.0439749 0.0439678
2.39062 3.04397 0.0439749 0.0439678
2.4375 3.04101 0.0410146 0.0410084
2.4375 3.04101 0.0410146 0.0410084
2.48438 3.03796 0.0379588 0.037954
2.48438 3.03796 0.0379588 0.037954
2.53125 3.03482 0.0348193 0.0348171
2.53125 3.03482 0.0348193 0.0348171
2.57812 3.03161 0.0316131 0.0316159
2.57812 3.03161 0.0316131 0.0316159
2.625 3.02837 0.0283659 0.0283783
2.625 3.02837 0.0283659 0.0283783
2.67188 3.02512 0.0251171 0.0251467
2.67188 3.02512 0.0251171 0.0251467
2.71875 3.02193 0.0219257 0.0219844
2.71875 3.02193 0.0219257 0.0219844
2.76562 3.01887 0.0188747 0.0189797
2.76562 3.01887 0.0188747 0.0189797
2.8125 3.01607 0.0160723 0.0162456
2.8125 3.01607 0.0160723 0.0162456
2.85938 3.01365 0.013647 0.0139143
2.85938 3.01365 0.013647 0.0139143
2.90625 3.01173 0.0117346 0.0121223
2.90625 3.01173 0.0117346 0.0121223
2.95312 3.01046 0.0104589 0.0109908
2.95312 3.01046 0.0104589 0.0109908
3 3.00991 0.00991069 0.0106036
