# x y topography analytical topography
0 3.00973 0.00973342 0.0104246
0.046875 3.01029 0.010291 0.0108189
0.046875 3.01029 0.010291 0.0108189
0.09375 3.01159 0.0115881 0.0119703
0.09375 3.01159 0.0115881 0.0119703
0.140625 3.01353 0.0135298 0.0137909
0.140625 3.01353 0.0135298 0.0137909
0.1875 3.01599 0.0159869 0.0161542
0.1875 3.01599 0.0159869 0.0161542
0.234375 3.01882 0.018819 0.018919
0.234375 3.01882 0.018819 0.018919
0.28125 3.02189 0.0218948 0.0219498
0.28125 3.02189 0.0218948 0.0219498
0.328125 3.02511 0.025105 0.0251321
0.328125 3.02511 0.025105 0.0251321
0.375 3.02837 0.028367 0.0283778
0.375 3.02837 0.028367 0.0283778
0.421875 3.03162 0.0316229 0.0316249
0.421875 3.03162 0.0316229 0.0316249
0.46875 3.03483 0.0348347 0.0348321
0.46875 3.03483 0.0348347 0.0348321
0.515625 3.03798 0.0379778 0.037973
0.515625 3.03798 0.0379778 0.037973
0.5625 3.04104 0.0410362 0.0410301
0.5625 3.04104 0.0410362 0.0410301
0.609375 3.044 0.0439986 0.0439917
0.609375 3.044 0.0439986 0.0439917
0.65625 3.04686 0.0468559 0.0468485
0.65625 3.04686 0.0468559 0.0468485
0.703125 3.0496 0.0496008 0.0495928
0.703125 3.0496 0.0496008 0.0495928
0.75 3.05223 0.0522262 0.0522179
0.75 3.05223 0.0522262 0.0522179
0.796875 3.05473 0.0547259 0.0547172
0.796875 3.05473 0.0547259 0.0547172
0.84375 3.05709 0.0570938 0.0570847
0.84375 3.05709 0.0570938 0.0570847
0.890625 3.05932 0.0593241 0.0593146
0.890625 3.05932 0.0593241 0.0593146
0.9375 3.06141 0.0614116 0.0614017
0.9375 3.06141 0.0614116 0.0614017
0.984375 3.06335 0.063351 0.0633409
0.984375 3.06335 0.063351 0.0633409
1.03125 3.06514 0.0651379 0.0651274
1.03125 3.06514 0.0651379 0.0651274
1.07812 3.06677 0.0667678 0.0667571
1.07812 3.06677 0.0667678 0.0667571
1.125 3.06824 0.0682369 0.0682259
1.125 3.06824 0.0682369 0.0682259
1.17188 3.06954 0.0695415 0.0695304
1.17188 3.06954 0.0695415 0.0695304
1.21875 3.07068 0.0706787 0.0706674
1.21875 3.07068 0.0706787 0.0706674
1.26562 3.07165 0.0716456 0.0716341
1.26562 3.07165 0.0716456 0.0716341
1.3125 3.07244 0.0724399 0.0724283
1.3125 3.07244 0.0724399 0.0724283
1.35938 3.07306 0.0730596 0.0730479
1.35938 3.07306 0.0730596 0.0730479
1.40625 3.0735 0.0735034 0.0734916
1.40625 3.0735 0.0735034 0.0734916
1.45312 3.07377 0.0737701 0.0737583
1.45312 3.07377 0.0737701 0.0737583
1.5 3.07386 0.073859 0.0738472
1.5 3.07386 0.073859 0.0738472
1.54688 3.07377 0.0737701 0.0737583
1.54688 3.07377 0.0737701 0.0737583
1.59375 3.0735 0.0735034 0.0734916
1.59375 3.0735 0.0735034 0.0734916
1.64062 3.07306 0.0730596 0.0730479
1.64062 3.07306 0.0730596 0.0730479
1.6875 3.07244 0.0724399 0.0724283
1.6875 3.07244 0.0724399 0.0724283
1.73438 3.07165 0.0716456 0.0716341
1.73438 3.07165 0.0716456 0.0716341
1.78125 3.07068 0.0706787 0.0706674
1.78125 3.07068 0.0706787 0.0706674
1.82812 3.06954 0.0695415 0.0695304
1.82812 3.06954 0.0695415 0.0695304
1.875 3.06824 0.0682369 0.0682259
1.875 3.06824 0.0682369 0.0682259
1.92188 3.06677 0.0667678 0.0667571
1.92188 3.06677 0.0667678 0.0667571
1.96875 3.06514 0.0651379 0.0651274
1.96875 3.06514 0.0651379 0.0651274
2.01562 3.06335 0.063351 0.0633409
2.01562 3.06335 0.063351 0.0633409
2.0625 3.06141 0.0614116 0.0614017
2.0625 3.06141 0.0614116 0.0614017
2.10938 3.05932 0.0593241 0.0593146
2.10938 3.05932 0.0593241 0.0593146
2.15625 3.05709 0.0570938 0.0570847
2.15625 3.05709 0.0570938 0.0570847
2.20312 3.05473 0.0547259 0.0547172
2.20312 3.05473 0.0547259 0.0547172
2.25 3.05223 0.0522262 0.0522179
2.25 3.05223 0.0522262 0.0522179
2.29688 3.0496 0.0496008 0.0495928
2.29688 3.0496 0.0496008 0.0495928
2.34375 3.04686 0.0468559 0.0468485
2.34375 3.04686 0.0468559 0.0468485
2.39062 3.044 0.0439986 0.0439917
2.39062 3.044 0.0439986 0.0439917
2.4375 3.04104 0.0410362 0.0410301
2.4375 3.04104 0.0410362 0.0410301
2.48438 3.03798 0.0379778 0.037973
2.48438 3.03798 0.0379778 0.037973
2.53125 3.03483 0.0348347 0.0348321
2.53125 3.03483 0.0348347 0.0348321
2.57812 3.03162 0.0316229 0.0316249
2.57812 3.03162 0.0316229 0.0316249
2.625 3.02837 0.028367 0.0283778
2.625 3.02837 0.028367 0.0283778
2.67188 3.02511 0.025105 0.0251321
2.67188 3.02511 0.025105 0.0251321
2.71875 3.02189 0.0218948 0.0219498
2.71875 3.02189 0.0218948 0.0219498
2.76562 3.01882 0.018819 0.018919
2.76562 3.01882 0.018819 0.018919
2.8125 3.01599 0.0159869 0.0161542
2.8125 3.01599 0.0159869 0.0161542
2.85938 3.01353 0.0135298 0.0137909
2.85938 3.01353 0.0135298 0.0137909
2.90625 3.01159 0.0115881 0.0119703
2.90625 3.01159 0.0115881 0.0119703
2.95312 3.01029 0.010291 0.0108189
2.95312 3.01029 0.010291 0.0108189
3 3.00973 0.00973342 0.0104246
