# x y topography analytical topography
0 3.00828 0.00828265 0.00895875
0.046875 3.00893 0.00892987 0.00942163
0.046875 3.00893 0.00892987 0.00942163
0.09375 3.01043 0.0104289 0.0107611
0.09375 3.01043 0.0104289 0.0107611
0.140625 3.01264 0.012637 0.0128441
0.140625 3.01264 0.012637 0.0128441
0.1875 3.01537 0.0153711 0.0154892
0.1875 3.01537 0.0153711 0.0154892
0.234375 3.01845 0.0184482 0.0185092
0.234375 3.01845 0.0184482 0.0185092
0.28125 3.02171 0.0217148 0.0217425
0.28125 3.02171 0.0217148 0.0217425
0.328125 3.02506 0.0250588 0.0250691
0.328125 3.02506 0.0250588 0.0250691
0.375 3.02841 0.0284074 0.0284093
0.375 3.02841 0.0284074 0.0284093
0.421875 3.03172 0.0317168 0.0317149
0.421875 3.03172 0.0317168 0.0317149
0.46875 3.03496 0.0349617 0.0349582
0.46875 3.03496 0.0349617 0.0349582
0.515625 3.03813 0.0381268 0.0381225
0.515625 3.03813 0.0381268 0.0381225
0.5625 3.0412 0.0412014 0.0411966
0.5625 3.0412 0.0412014 0.0411966
0.609375 3.04418 0.0441772 0.0441721
0.609375 3.04418 0.0441772 0.0441721
0.65625 3.04705 0.0470468 0.0470412
0.65625 3.04705 0.0470468 0.0470412
0.703125 3.0498 0.049803 0.0497971
0.703125 3.0498 0.049803 0.0497971
0.75 3.05244 0.0524392 0.052433
0.75 3.05244 0.0524392 0.052433
0.796875 3.05495 0.0549491 0.0549427
0.796875 3.05495 0.0549491 0.0549427
0.84375 3.05733 0.0573266 0.0573199
0.84375 3.05733 0.0573266 0.0573199
0.890625 3.05957 0.0595661 0.0595591
0.890625 3.05957 0.0595661 0.0595591
0.9375 3.06166 0.061662 0.0616547
0.9375 3.06166 0.061662 0.0616547
0.984375 3.06361 0.0636094 0.0636019
0.984375 3.06361 0.0636094 0.0636019
1.03125 3.0654 0.0654035 0.0653958
1.03125 3.0654 0.0654035 0.0653958
1.07812 3.06704 0.0670401 0.0670322
1.07812 3.06704 0.0670401 0.0670322
1.125 3.06852 0.0685151 0.0685071
1.125 3.06852 0.0685151 0.0685071
1.17188 3.06983 0.0698251 0.0698169
1.17188 3.06983 0.0698251 0.0698169
1.21875 3.07097 0.0709669 0.0709586
1.21875 3.07097 0.0709669 0.0709586
1.26562 3.07194 0.0719377 0.0719293
1.26562 3.07194 0.0719377 0.0719293
1.3125 3.07274 0.0727353 0.0727267
1.3125 3.07274 0.0727353 0.0727267
1.35938 3.07336 0.0733576 0.0733489
1.35938 3.07336 0.0733576 0.0733489
1.40625 3.0738 0.0738031 0.0737945
1.40625 3.0738 0.0738031 0.0737945
1.45312 3.07407 0.0740709 0.0740622
1.45312 3.07407 0.0740709 0.0740622
1.5 3.07416 0.0741602 0.0741515
1.5 3.07416 0.0741602 0.0741515
1.54688 3.07407 0.0740709 0.0740622
1.54688 3.07407 0.0740709 0.0740622
1.59375 3.0738 0.0738031 0.0737945
1.59375 3.0738 0.0738031 0.0737945
1.64062 3.07336 0.0733576 0.0733489
1.64062 3.07336 0.0733576 0.0733489
1.6875 3.07274 0.0727353 0.0727267
1.6875 3.07274 0.0727353 0.0727267
1.73438 3.07194 0.0719377 0.0719293
1.73438 3.07194 0.0719377 0.0719293
1.78125 3.07097 0.0709669 0.0709586
1.78125 3.07097 0.0709669 0.0709586
1.82812 3.06983 0.0698251 0.0698169
1.82812 3.06983 0.0698251 0.0698169
1.875 3.06852 0.0685151 0.0685071
1.875 3.06852 0.0685151 0.0685071
1.92188 3.06704 0.0670401 0.0670322
1.92188 3.06704 0.0670401 0.0670322
1.96875 3.0654 0.0654035 0.0653958
1.96875 3.0654 0.0654035 0.0653958
2.01562 3.06361 0.0636094 0.0636019
2.01562 3.06361 0.0636094 0.0636019
2.0625 3.06166 0.061662 0.0616547
2.0625 3.06166 0.061662 0.0616547
2.10938 3.05957 0.0595661 0.0595591
2.10938 3.05957 0.0595661 0.0595591
2.15625 3.05733 0.0573266 0.0573199
2.15625 3.05733 0.0573266 0.0573199
2.20312 3.05495 0.0549491 0.0549427
2.20312 3.05495 0.0549491 0.0549427
2.25 3.05244 0.0524392 0.052433
2.25 3.05244 0.0524392 0.052433
2.29688 3.0498 0.049803 0.0497971
2.29688 3.0498 0.049803 0.0497971
2.34375 3.04705 0.0470468 0.0470412
2.34375 3.04705 0.0470468 0.0470412
2.39062 3.04418 0.0441772 0.0441721
2.39062 3.04418 0.0441772 0.0441721
2.4375 3.0412 0.0412014 0.0411966
2.4375 3.0412 0.0412014 0.0411966
2.48438 3.03813 0.0381268 0.0381225
2.48438 3.03813 0.0381268 0.0381225
2.53125 3.03496 0.0349617 0.0349582
2.53125 3.03496 0.0349617 0.0349582
2.57812 3.03172 0.0317168 0.0317149
2.57812 3.03172 0.0317168 0.0317149
2.625 3.02841 0.0284074 0.0284093
2.625 3.02841 0.0284074 0.0284093
2.67188 3.02506 0.0250588 0.0250691
2.67188 3.02506 0.0250588 0.0250691
2.71875 3.02171 0.0217148 0.0217425
2.71875 3.02171 0.0217148 0.0217425
2.76562 3.01845 0.0184482 0.0185092
2.76562 3.01845 0.0184482 0.0185092
2.8125 3.01537 0.0153711 0.0154892
2.8125 3.01537 0.0153711 0.0154892
2.85938 3.01264 0.012637 0.0128441
2.85938 3.01264 0.012637 0.0128441
2.90625 3.01043 0.0104289 0.0107611
2.90625 3.01043 0.0104289 0.0107611
2.95312 3.00893 0.00892987 0.00942163
2.95312 3.00893 0.00892987 0.00942163
3 3.00828 0.00828265 0.00895875
