# x y topography analytical topography
0 3.00774 0.00773928 0.00840942
0.046875 3.00843 0.00842754 0.00890376
0.046875 3.00843 0.00842754 0.00890376
0.09375 3.01002 0.0100167 0.0103278
0.09375 3.01002 0.0100167 0.0103278
0.140625 3.01234 0.0123386 0.0125237
0.140625 3.01234 0.0123386 0.0125237
0.1875 3.01518 0.0151832 0.0152828
0.1875 3.01518 0.0151832 0.0152828
0.234375 3.01835 0.0183498 0.0183974
0.234375 3.01835 0.0183498 0.0183974
0.28125 3.02168 0.021679 0.0216986
0.28125 3.02168 0.021679 0.0216986
0.328125 3.02506 0.0250619 0.025068
0.328125 3.02506 0.0250619 0.025068
0.375 3.02843 0.0284328 0.028433
0.375 3.02843 0.0284328 0.028433
0.421875 3.03175 0.0317549 0.0317526
0.421875 3.03175 0.0317549 0.0317526
0.46875 3.03501 0.0350075 0.0350041
0.46875 3.03501 0.0350075 0.0350041
0.515625 3.03818 0.038178 0.0381741
0.515625 3.03818 0.038178 0.0381741
0.5625 3.04126 0.0412572 0.041253
0.5625 3.04126 0.0412572 0.041253
0.609375 3.04424 0.0442372 0.0442326
0.609375 3.04424 0.0442372 0.0442326
0.65625 3.04711 0.0471106 0.0471058
0.65625 3.04711 0.0471106 0.0471058
0.703125 3.04987 0.0498706 0.0498654
0.703125 3.04987 0.0498706 0.0498654
0.75 3.05251 0.0525104 0.052505
0.75 3.05251 0.0525104 0.052505
0.796875 3.05502 0.0550237 0.055018
0.796875 3.05502 0.0550237 0.055018
0.84375 3.0574 0.0574045 0.0573985
0.84375 3.0574 0.0574045 0.0573985
0.890625 3.05965 0.0596469 0.0596408
0.890625 3.05965 0.0596469 0.0596408
0.9375 3.06175 0.0617457 0.0617393
0.9375 3.06175 0.0617457 0.0617393
0.984375 3.0637 0.0636957 0.0636891
0.984375 3.0637 0.0636957 0.0636891
1.03125 3.06549 0.0654923 0.0654855
1.03125 3.06549 0.0654923 0.0654855
1.07812 3.06713 0.0671311 0.0671241
1.07812 3.06713 0.0671311 0.0671241
1.125 3.06861 0.0686081 0.068601
1.125 3.06861 0.0686081 0.068601
1.17188 3.06992 0.0699199 0.0699127
1.17188 3.06992 0.0699199 0.0699127
1.21875 3.07106 0.0710633 0.0710559
1.21875 3.07106 0.0710633 0.0710559
1.26562 3.07204 0.0720354 0.072028
1.26562 3.07204 0.0720354 0.072028
1.3125 3.07283 0.072834 0.0728265
1.3125 3.07283 0.072834 0.0728265
1.35938 3.07346 0.0734571 0.0734496
1.35938 3.07346 0.0734571 0.0734496
1.40625 3.0739 0.0739033 0.0738957
1.40625 3.0739 0.0739033 0.0738957
1.45312 3.07417 0.0741715 0.0741638
1.45312 3.07417 0.0741715 0.0741638
1.5 3.07426 0.0742609 0.0742532
1.5 3.07426 0.0742609 0.0742532
1.54688 3.07417 0.0741715 0.0741638
1.54688 3.07417 0.0741715 0.0741638
1.59375 3.0739 0.0739033 0.0738957
1.59375 3.0739 0.0739033 0.0738957
1.64062 3.07346 0.0734571 0.0734496
1.64062 3.07346 0.0734571 0.0734496
1.6875 3.07283 0.072834 0.0728265
1.6875 3.07283 0.072834 0.0728265
1.73438 3.07204 0.0720354 0.072028
1.73438 3.07204 0.0720354 0.072028
1.78125 3.07106 0.0710633 0.0710559
1.78125 3.07106 0.0710633 0.0710559
1.82812 3.06992 0.0699199 0.0699127
1.82812 3.06992 0.0699199 0.0699127
1.875 3.06861 0.0686081 0.068601
1.875 3.06861 0.0686081 0.068601
1.92188 3.06713 0.0671311 0.0671241
1.92188 3.06713 0.0671311 0.0671241
1.96875 3.06549 0.0654923 0.0654855
1.96875 3.06549 0.0654923 0.0654855
2.01562 3.0637 0.0636957 0.0636891
2.01562 3.0637 0.0636957 0.0636891
2.0625 3.06175 0.0617457 0.0617393
2.0625 3.06175 0.0617457 0.0617393
2.10938 3.05965 0.0596469 0.0596408
2.10938 3.05965 0.0596469 0.0596408
2.15625 3.0574 0.0574045 0.0573985
2.15625 3.0574 0.0574045 0.0573985
2.20312 3.05502 0.0550237 0.055018
2.20312 3.05502 0.0550237 0.055018
2.25 3.05251 0.0525104 0.052505
2.25 3.05251 0.0525104 0.052505
2.29688 3.04987 0.0498706 0.0498654
2.29688 3.04987 0.0498706 0.0498654
2.34375 3.04711 0.0471106 0.0471058
2.34375 3.04711 0.0471106 0.0471058
2.39062 3.04424 0.0442372 0.0442326
2.39062 3.04424 0.0442372 0.0442326
2.4375 3.04126 0.0412572 0.041253
2.4375 3.04126 0.0412572 0.041253
2.48438 3.03818 0.038178 0.0381741
2.48438 3.03818 0.038178 0.0381741
2.53125 3.03501 0.0350075 0.0350041
2.53125 3.03501 0.0350075 0.0350041
2.57812 3.03175 0.0317549 0.0317526
2.57812 3.03175 0.0317549 0.0317526
2.625 3.02843 0.0284328 0.028433
2.625 3.02843 0.0284328 0.028433
2.67188 3.02506 0.0250619 0.025068
2.67188 3.02506 0.0250619 0.025068
2.71875 3.02168 0.021679 0.0216986
2.71875 3.02168 0.021679 0.0216986
2.76562 3.01835 0.0183498 0.0183974
2.76562 3.01835 0.0183498 0.0183974
2.8125 3.01518 0.0151832 0.0152828
2.8125 3.01518 0.0151832 0.0152828
2.85938 3.01234 0.0123386 0.0125237
2.85938 3.01234 0.0123386 0.0125237
2.90625 3.01002 0.0100167 0.0103278
2.90625 3.01002 0.0100167 0.0103278
2.95312 3.00843 0.00842754 0.00890376
2.95312 3.00843 0.00842754 0.00890376
3 3.00774 0.00773928 0.00840942
