# x y z topography
0 0 1.00055 0.000548814
100 0 1.00072 0.000715189
0 100 1.00079 0.000791725
100 100 1.00353 0.00352889
100 0 1.00072 0.000715189
200 0 1.0006 0.000602763
100 100 1.00353 0.00352889
200 100 1.00357 0.00356804
200 0 1.0006 0.000602763
300 0 1.00054 0.000544883
200 100 1.00357 0.00356804
300 100 1.00393 0.0039256
300 0 1.00054 0.000544883
400 0 1.00042 0.000423655
300 100 1.00393 0.0039256
400 100 1.00307 0.00307104
400 0 1.00042 0.000423655
500 0 1.00065 0.000645894
400 100 1.00307 0.00307104
500 100 1.00309 0.00308713
500 0 1.00065 0.000645894
600 0 1.00044 0.000437587
500 100 1.00309 0.00308713
600 100 1.00302 0.00302022
600 0 1.00044 0.000437587
700 0 1.00089 0.000891773
600 100 1.00302 0.00302022
700 100 1.00383 0.00383262
700 0 1.00089 0.000891773
800 0 1.00096 0.000963663
700 100 1.00383 0.00383262
800 100 1.00378 0.00377816
800 0 1.00096 0.000963663
900 0 1.00038 0.000383442
800 100 1.00378 0.00377816
900 100 1.00087 0.000870012
0 100 1.00079 0.000791725
100 100 1.00353 0.00352889
0 200 1.00098 0.000978618
100 200 1.0068 0.00679916
100 100 1.00353 0.00352889
200 100 1.00357 0.00356804
100 200 1.0068 0.00679916
200 200 1.00646 0.00646148
200 100 1.00357 0.00356804
300 100 1.00393 0.0039256
200 200 1.00646 0.00646148
300 200 1.00678 0.00678053
300 100 1.00393 0.0039256
400 100 1.00307 0.00307104
300 200 1.00678 0.00678053
400 200 1.00612 0.00611827
400 100 1.00307 0.00307104
500 100 1.00309 0.00308713
400 200 1.00612 0.00611827
500 200 1.00664 0.00663992
500 100 1.00309 0.00308713
600 100 1.00302 0.00302022
500 200 1.00664 0.00663992
600 200 1.00614 0.00614335
600 100 1.00302 0.00302022
700 100 1.00383 0.00383262
600 200 1.00614 0.00614335
700 200 1.00694 0.00694467
700 100 1.00383 0.00383262
800 100 1.00378 0.00377816
700 200 1.00694 0.00694467
800 200 1.00652 0.00652185
800 100 1.00378 0.00377816
900 100 1.00087 0.000870012
800 200 1.00652 0.00652185
900 200 1.00041 0.000414662
0 200 1.00098 0.000978618
100 200 1.0068 0.00679916
0 300 1.00026 0.000264556
100 300 1.00977 0.00977423
100 200 1.0068 0.00679916
200 200 1.00646 0.00646148
100 300 1.00977 0.00977423
200 300 1.00946 0.00945615
200 200 1.00646 0.00646148
300 200 1.00678 0.00678053
200 300 1.00946 0.00945615
300 300 1.00957 0.00956843
300 200 1.00678 0.00678053
400 200 1.00612 0.00611827
300 300 1.00957 0.00956843
400 300 1.00902 0.00901879
400 200 1.00612 0.00611827
500 200 1.00664 0.00663992
400 300 1.00902 0.00901879
500 300 1.00962 0.00961764
500 200 1.00664 0.00663992
600 200 1.00614 0.00614335
500 300 1.00962 0.00961764
600 300 1.00961 0.0096121
600 200 1.00614 0.00614335
700 200 1.00694 0.00694467
600 300 1.00961 0.0096121
700 300 1.00962 0.00961693
700 200 1.00694 0.00694467
800 200 1.00652 0.00652185
700 300 1.00962 0.00961693
800 300 1.00994 0.00994375
800 200 1.00652 0.00652185
900 200 1.00041 0.000414662
800 300 1.00994 0.00994375
900 300 1.00068 0.00068182
0 300 1.00026 0.000264556
100 300 1.00977 0.00977423
0 400 1.00036 0.000359508
100 400 1.01244 0.012437
100 300 1.00977 0.00977423
200 300 1.00946 0.00945615
100 400 1.01244 0.012437
200 400 1.0127 0.0126976
200 300 1.00946 0.00945615
300 300 1.00957 0.00956843
200 400 1.0127 0.0126976
300 400 1.01206 0.0120602
300 300 1.00957 0.00956843
400 300 1.00902 0.00901879
300 400 1.01206 0.0120602
400 400 1.01267 0.0126668
400 300 1.00902 0.00901879
500 300 1.00962 0.00961764
400 400 1.01267 0.0126668
500 400 1.01267 0.0126706
500 300 1.00962 0.00961764
600 300 1.00961 0.0096121
500 400 1.01267 0.0126706
600 400 1.01221 0.0122104
600 300 1.00961 0.0096121
700 300 1.00962 0.00961693
600 400 1.01221 0.0122104
700 400 1.01213 0.0121289
700 300 1.00962 0.00961693
800 300 1.00994 0.00994375
700 400 1.01213 0.0121289
800 400 1.01232 0.0123154
800 300 1.00994 0.00994375
900 300 1.00068 0.00068182
800 400 1.01232 0.0123154
900 400 1.00036 0.000363711
0 400 1.00036 0.000359508
100 400 1.01244 0.012437
0 500 1.00057 0.000570197
100 500 1.01544 0.0154386
100 400 1.01244 0.012437
200 400 1.0127 0.0126976
100 500 1.01544 0.0154386
200 500 1.01599 0.0159884
200 400 1.0127 0.0126976
300 400 1.01206 0.0120602
200 500 1.01599 0.0159884
300 500 1.0151 0.015102
300 400 1.01206 0.0120602
400 400 1.01267 0.0126668
300 500 1.0151 0.015102
400 500 1.01521 0.0152089
400 400 1.01267 0.0126668
500 400 1.01267 0.0126706
400 500 1.01521 0.0152089
500 500 1.01516 0.0151613
500 400 1.01267 0.0126706
600 400 1.01221 0.0122104
500 500 1.01516 0.0151613
600 500 1.01565 0.0156531
600 400 1.01221 0.0122104
700 400 1.01213 0.0121289
600 500 1.01565 0.0156531
700 500 1.01525 0.0152533
700 400 1.01213 0.0121289
800 400 1.01232 0.0123154
700 500 1.01525 0.0152533
800 500 1.01547 0.0154663
800 400 1.01232 0.0123154
900 400 1.00036 0.000363711
800 500 1.01547 0.0154663
900 500 1.00024 0.000244426
0 500 1.00057 0.000570197
100 500 1.01544 0.0154386
0 600 1.00016 0.00015897
100 600 1.01811 0.0181104
100 500 1.01544 0.0154386
200 500 1.01599 0.0159884
100 600 1.01811 0.0181104
200 600 1.01866 0.0186563
200 500 1.01599 0.0159884
300 500 1.0151 0.015102
200 600 1.01866 0.0186563
300 600 1.01814 0.0181382
300 500 1.0151 0.015102
400 500 1.01521 0.0152089
300 600 1.01814 0.0181382
400 600 1.0182 0.0181966
400 500 1.01521 0.0152089
500 500 1.01516 0.0151613
400 600 1.0182 0.0181966
500 600 1.01837 0.0183687
500 500 1.01516 0.0151613
600 500 1.01565 0.0156531
500 600 1.01837 0.0183687
600 600 1.01882 0.018821
600 500 1.01565 0.0156531
700 500 1.01525 0.0152533
600 600 1.01882 0.018821
700 600 1.0181 0.0180971
700 500 1.01525 0.0152533
800 500 1.01547 0.0154663
700 600 1.0181 0.0180971
800 600 1.01884 0.0188379
800 500 1.01547 0.0154663
900 500 1.00024 0.000244426
800 600 1.01884 0.0188379
900 600 1.0001 9.60984e-05
0 600 1.00016 0.00015897
100 600 1.01811 0.0181104
0 700 1.00098 0.000976459
100 700 1.02147 0.0214687
100 600 1.01811 0.0181104
200 600 1.01866 0.0186563
100 700 1.02147 0.0214687
200 700 1.02198 0.0219768
200 600 1.01866 0.0186563
300 600 1.01814 0.0181382
200 700 1.02198 0.0219768
300 700 1.0216 0.0216048
300 600 1.01814 0.0181382
400 600 1.0182 0.0181966
300 700 1.0216 0.0216048
400 700 1.02174 0.0217393
400 600 1.0182 0.0181966
500 600 1.01837 0.0183687
400 700 1.02174 0.0217393
500 700 1.02104 0.0210392
500 600 1.01837 0.0183687
600 600 1.01882 0.018821
500 700 1.02104 0.0210392
600 700 1.02128 0.0212828
600 600 1.01882 0.018821
700 600 1.0181 0.0180971
600 700 1.02128 0.0212828
700 700 1.02112 0.0211202
700 600 1.0181 0.0180971
800 600 1.01884 0.0188379
700 700 1.02112 0.0211202
800 700 1.0213 0.0212961
800 600 1.01884 0.0188379
900 600 1.0001 9.60984e-05
800 700 1.0213 0.0212961
900 700 1.00012 0.000118728
0 700 1.00098 0.000976459
100 700 1.02147 0.0214687
0 800 1.00032 0.000317983
100 800 1.02441 0.0244143
100 700 1.02147 0.0214687
200 700 1.02198 0.0219768
100 800 1.02441 0.0244143
200 800 1.02406 0.0240641
200 700 1.02198 0.0219768
300 700 1.0216 0.0216048
200 800 1.02406 0.0240641
300 800 1.02469 0.0246925
300 700 1.0216 0.0216048
400 700 1.02174 0.0217393
300 800 1.02469 0.0246925
400 800 1.02457 0.0245666
400 700 1.02174 0.0217393
500 700 1.02104 0.0210392
400 800 1.02457 0.0245666
500 800 1.02427 0.0242654
500 700 1.02104 0.0210392
600 700 1.02128 0.0212828
500 800 1.02427 0.0242654
600 800 1.02452 0.0245232
600 700 1.02128 0.0212828
700 700 1.02112 0.0211202
600 800 1.02452 0.0245232
700 800 1.02409 0.0240939
700 700 1.02112 0.0211202
800 700 1.0213 0.0212961
700 800 1.02409 0.0240939
800 800 1.02458 0.0245759
800 700 1.0213 0.0212961
900 700 1.00012 0.000118728
800 800 1.02458 0.0245759
900 800 1.00093 0.000929296
0 800 1.00032 0.000317983
100 800 1.02441 0.0244143
0 900 1.00032 0.000318569
100 900 1.02767 0.0276674
100 800 1.02441 0.0244143
200 800 1.02406 0.0240641
100 900 1.02767 0.0276674
200 900 1.02713 0.0271318
200 800 1.02406 0.0240641
300 800 1.02469 0.0246925
200 900 1.02713 0.0271318
300 900 1.02772 0.0277163
300 800 1.02469 0.0246925
400 800 1.02457 0.0245666
300 900 1.02772 0.0277163
400 900 1.02729 0.0272894
400 800 1.02457 0.0245666
500 800 1.02427 0.0242654
400 900 1.02729 0.0272894
500 900 1.02718 0.0271832
500 800 1.02427 0.0242654
600 800 1.02452 0.0245232
500 900 1.02718 0.0271832
600 900 1.02759 0.0275865
600 800 1.02452 0.0245232
700 800 1.02409 0.0240939
600 900 1.02759 0.0275865
700 900 1.02702 0.0270201
700 800 1.02409 0.0240939
800 800 1.02458 0.0245759
700 900 1.02702 0.0270201
800 900 1.02783 0.0278289
800 800 1.02458 0.0245759
900 800 1.00093 0.000929296
800 900 1.02783 0.0278289
900 900 1 4.69548e-06
0 900 1.00032 0.000318569
100 900 1.02767 0.0276674
0 1000 1.00068 0.000677817
100 1000 1.03027 0.03027
100 900 1.02767 0.0276674
200 900 1.02713 0.0271318
100 1000 1.03027 0.03027
200 1000 1.03074 0.0307352
200 900 1.02713 0.0271318
300 900 1.02772 0.0277163
200 1000 1.03074 0.0307352
300 1000 1.03096 0.0309622
300 900 1.02772 0.0277163
400 900 1.02729 0.0272894
300 1000 1.03096 0.0309622
400 1000 1.03025 0.0302488
400 900 1.02729 0.0272894
500 900 1.02718 0.0271832
400 1000 1.03025 0.0302488
500 1000 1.03058 0.0305762
500 900 1.02718 0.0271832
600 900 1.02759 0.0275865
500 1000 1.03058 0.0305762
600 1000 1.03059 0.030592
600 900 1.02759 0.0275865
700 900 1.02702 0.0270201
600 1000 1.03059 0.030592
700 1000 1.03057 0.0305723
700 900 1.02702 0.0270201
800 900 1.02783 0.0278289
700 1000 1.03057 0.0305723
800 1000 1.03022 0.0302231
800 900 1.02783 0.0278289
900 900 1 4.69548e-06
800 1000 1.03022 0.0302231
900 1000 1.00095 0.000952749
0 1000 1.00068 0.000677817
100 1000 1.03027 0.03027
0 1100 1.00045 0.000447125
100 1100 1.03385 0.0338464
100 1000 1.03027 0.03027
200 1000 1.03074 0.0307352
100 1100 1.03385 0.0338464
200 1100 1.0337 0.0336995
200 1000 1.03074 0.0307352
300 1000 1.03096 0.0309622
200 1100 1.0337 0.0336995
300 1100 1.0333 0.0332974
300 1000 1.03096 0.0309622
400 1000 1.03025 0.0302488
300 1100 1.0333 0.0332974
400 1100 1.03381 0.0338138
400 1000 1.03025 0.0302488
500 1000 1.03058 0.0305762
400 1100 1.03381 0.0338138
500 1100 1.0334 0.0333965
500 1000 1.03058 0.0305762
600 1000 1.03059 0.030592
500 1100 1.0334 0.0333965
600 1100 1.03388 0.0338811
600 1000 1.03059 0.030592
700 1000 1.03057 0.0305723
600 1100 1.03388 0.0338811
700 1100 1.03358 0.0335813
700 1000 1.03057 0.0305723
800 1000 1.03022 0.0302231
700 1100 1.03358 0.0335813
800 1100 1.03388 0.0338817
800 1000 1.03022 0.0302231
900 1000 1.00095 0.000952749
800 1100 1.03388 0.0338817
900 1100 1.00069 0.000692532
0 1100 1.00045 0.000447125
100 1100 1.03385 0.0338464
0 1200 1.00073 0.000725254
100 1200 1.0365 0.0365013
100 1100 1.03385 0.0338464
200 1100 1.0337 0.0336995
100 1200 1.0365 0.0365013
200 1200 1.03696 0.0369561
200 1100 1.0337 0.0336995
300 1100 1.0333 0.0332974
200 1200 1.03696 0.0369561
300 1200 1.03664 0.036644
300 1100 1.0333 0.0332974
400 1100 1.03381 0.0338138
300 1200 1.03664 0.036644
400 1200 1.03642 0.0364239
400 1100 1.03381 0.0338138
500 1100 1.0334 0.0333965
400 1200 1.03642 0.0364239
500 1200 1.03661 0.0366064
500 1100 1.0334 0.0333965
600 1100 1.03388 0.0338811
500 1200 1.03661 0.0366064
600 1200 1.03602 0.0360192
600 1100 1.03388 0.0338811
700 1100 1.03358 0.0335813
600 1200 1.03602 0.0360192
700 1200 1.0363 0.0363016
700 1100 1.03358 0.0335813
800 1100 1.03388 0.0338817
700 1200 1.0363 0.0363016
800 1200 1.03666 0.0366602
800 1100 1.03388 0.0338817
900 1100 1.00069 0.000692532
800 1200 1.03666 0.0366602
900 1200 1.00029 0.000290078
0 1200 1.00073 0.000725254
100 1200 1.0365 0.0365013
0 1300 1.00062 0.000618015
100 1300 1.03943 0.0394288
100 1200 1.0365 0.0365013
200 1200 1.03696 0.0369561
100 1300 1.03943 0.0394288
200 1300 1.03914 0.0391355
200 1200 1.03696 0.0369561
300 1200 1.03664 0.036644
200 1300 1.03914 0.0391355
300 1300 1.0393 0.0392983
300 1200 1.03664 0.036644
400 1200 1.03642 0.0364239
300 1300 1.0393 0.0392983
400 1300 1.03957 0.03957
400 1200 1.03642 0.0364239
500 1200 1.03661 0.0366064
400 1300 1.03957 0.03957
500 1300 1.03959 0.0395909
500 1200 1.03661 0.0366064
600 1200 1.03602 0.0360192
500 1300 1.03959 0.0395909
600 1300 1.03957 0.0395743
600 1200 1.03602 0.0360192
700 1200 1.0363 0.0363016
600 1300 1.03957 0.0395743
700 1300 1.03965 0.0396532
700 1200 1.0363 0.0363016
800 1200 1.03666 0.0366602
700 1300 1.03965 0.0396532
800 1300 1.03965 0.0396521
800 1200 1.03666 0.0366602
900 1200 1.00029 0.000290078
800 1300 1.03965 0.0396521
900 1300 1.00043 0.000431418
0 1300 1.00062 0.000618015
100 1300 1.03943 0.0394288
0 1400 1.0009 0.000896547
100 1400 1.04237 0.0423676
100 1300 1.03943 0.0394288
200 1300 1.03914 0.0391355
100 1400 1.04237 0.0423676
200 1400 1.04244 0.0424359
200 1300 1.03914 0.0391355
300 1300 1.0393 0.0392983
200 1400 1.04244 0.0424359
300 1400 1.04289 0.0428919
300 1300 1.0393 0.0392983
400 1300 1.03957 0.03957
300 1400 1.04289 0.0428919
400 1400 1.04281 0.0428062
400 1300 1.03957 0.03957
500 1300 1.03959 0.0395909
400 1400 1.04281 0.0428062
500 1400 1.0427 0.0427039
500 1300 1.03959 0.0395909
600 1300 1.03957 0.0395743
500 1400 1.0427 0.0427039
600 1400 1.0421 0.0421002
600 1300 1.03957 0.0395743
700 1300 1.03965 0.0396532
600 1400 1.0421 0.0421002
700 1400 1.04292 0.0429195
700 1300 1.03965 0.0396532
800 1300 1.03965 0.0396521
700 1400 1.04292 0.0429195
800 1400 1.04271 0.0427142
800 1300 1.03965 0.0396521
900 1300 1.00043 0.000431418
800 1400 1.04271 0.0427142
900 1400 1.001 0.000998847
0 1400 1.0009 0.000896547
100 1400 1.04237 0.0423676
0 1500 1.00015 0.000149448
100 1500 1.04587 0.0458681
100 1400 1.04237 0.0423676
200 1400 1.04244 0.0424359
100 1500 1.04587 0.0458681
200 1500 1.04516 0.0451625
200 1400 1.04244 0.0424359
300 1400 1.04289 0.0428919
200 1500 1.04516 0.0451625
300 1500 1.04562 0.0456156
300 1400 1.04289 0.0428919
400 1400 1.04281 0.0428062
300 1500 1.04562 0.0456156
400 1500 1.04512 0.0451238
400 1400 1.04281 0.0428062
500 1400 1.0427 0.0427039
400 1500 1.04512 0.0451238
500 1500 1.04585 0.045848
500 1400 1.0427 0.0427039
600 1400 1.0421 0.0421002
500 1500 1.04585 0.045848
600 1500 1.04581 0.0458073
600 1400 1.0421 0.0421002
700 1400 1.04292 0.0429195
600 1500 1.04581 0.0458073
700 1500 1.04557 0.0455691
700 1400 1.04292 0.0429195
800 1400 1.04271 0.0427142
700 1500 1.04557 0.0455691
800 1500 1.04541 0.0454072
800 1400 1.04271 0.0427142
900 1400 1.001 0.000998847
800 1500 1.04541 0.0454072
900 1500 1.00007 6.9167e-05
0 1500 1.00015 0.000149448
100 1500 1.04587 0.0458681
0 1600 1.0007 0.000697429
100 1600 1.04845 0.0484535
100 1500 1.04587 0.0458681
200 1500 1.04516 0.0451625
100 1600 1.04845 0.0484535
200 1600 1.04872 0.0487221
200 1500 1.04516 0.0451625
300 1500 1.04562 0.0456156
200 1600 1.04872 0.0487221
300 1600 1.04887 0.0488664
300 1500 1.04562 0.0456156
400 1500 1.04512 0.0451238
300 1600 1.04887 0.0488664
400 1600 1.04898 0.0489755
400 1500 1.04512 0.0451238
500 1500 1.04585 0.045848
400 1600 1.04898 0.0489755
500 1600 1.04886 0.0488558
500 1500 1.04585 0.045848
600 1500 1.04581 0.0458073
500 1600 1.04886 0.0488558
600 1600 1.04801 0.0480117
600 1500 1.04581 0.0458073
700 1500 1.04557 0.0455691
600 1600 1.04801 0.0480117
700 1600 1.04836 0.04836
700 1500 1.04557 0.0455691
800 1500 1.04541 0.0454072
700 1600 1.04836 0.04836
800 1600 1.04873 0.04873
800 1500 1.04541 0.0454072
900 1500 1.00007 6.9167e-05
800 1600 1.04873 0.04873
900 1600 1.00017 0.00017163
0 1600 1.0007 0.000697429
100 1600 1.04845 0.0484535
0 1700 1.00052 0.000521037
100 1700 1.05105 0.0510543
100 1600 1.04845 0.0484535
200 1600 1.04872 0.0487221
100 1700 1.05105 0.0510543
200 1700 1.0512 0.0512
200 1600 1.04872 0.0487221
300 1600 1.04887 0.0488664
200 1700 1.0512 0.0512
300 1700 1.05102 0.0510185
300 1600 1.04887 0.0488664
400 1600 1.04898 0.0489755
300 1700 1.05102 0.0510185
400 1700 1.05179 0.0517937
400 1600 1.04898 0.0489755
500 1600 1.04886 0.0488558
400 1700 1.05179 0.0517937
500 1700 1.05122 0.0512239
500 1600 1.04886 0.0488558
600 1600 1.04801 0.0480117
500 1700 1.05122 0.0512239
600 1700 1.05135 0.0513454
600 1600 1.04801 0.0480117
700 1600 1.04836 0.04836
600 1700 1.05135 0.0513454
700 1700 1.05193 0.0519281
700 1600 1.04836 0.04836
800 1600 1.04873 0.04873
700 1700 1.05193 0.0519281
800 1700 1.0517 0.0517044
800 1600 1.04873 0.04873
900 1600 1.00017 0.00017163
800 1700 1.0517 0.0517044
900 1700 1.00003 3.18389e-05
0 1700 1.00052 0.000521037
100 1700 1.05105 0.0510543
0 1800 1.00016 0.000164694
100 1800 1.05462 0.0546215
100 1700 1.05105 0.0510543
200 1700 1.0512 0.0512
100 1800 1.05462 0.0546215
200 1800 1.05458 0.0545772
200 1700 1.0512 0.0512
300 1700 1.05102 0.0510185
200 1800 1.05458 0.0545772
300 1800 1.05424 0.0542379
300 1700 1.05102 0.0510185
400 1700 1.05179 0.0517937
300 1800 1.05424 0.0542379
400 1800 1.05493 0.0549342
400 1700 1.05179 0.0517937
500 1700 1.05122 0.0512239
400 1800 1.05493 0.0549342
500 1800 1.05461 0.054614
500 1700 1.05122 0.0512239
600 1700 1.05135 0.0513454
500 1800 1.05461 0.054614
600 1800 1.05454 0.0545356
600 1700 1.05135 0.0513454
700 1700 1.05193 0.0519281
600 1800 1.05454 0.0545356
700 1800 1.05459 0.0545899
700 1700 1.05193 0.0519281
800 1700 1.0517 0.0517044
700 1800 1.05459 0.0545899
800 1800 1.05473 0.0547301
800 1700 1.0517 0.0517044
900 1700 1.00003 3.18389e-05
800 1800 1.05473 0.0547301
900 1800 1.00031 0.000311945
0 1800 1.00016 0.000164694
100 1800 1.05462 0.0546215
0 1900 1.0004 0.000398221
100 1900 1.00021 0.000209844
100 1800 1.05462 0.0546215
200 1800 1.05458 0.0545772
100 1900 1.00021 0.000209844
200 1900 1.00019 0.000186193
200 1800 1.05458 0.0545772
300 1800 1.05424 0.0542379
200 1900 1.00019 0.000186193
300 1900 1.00094 0.000944372
300 1800 1.05424 0.0542379
400 1800 1.05493 0.0549342
300 1900 1.00094 0.000944372
400 1900 1.00074 0.000739551
400 1800 1.05493 0.0549342
500 1800 1.05461 0.054614
400 1900 1.00074 0.000739551
500 1900 1.00049 0.000490459
500 1800 1.05461 0.054614
600 1800 1.05454 0.0545356
500 1900 1.00049 0.000490459
600 1900 1.00023 0.000227415
600 1800 1.05454 0.0545356
700 1800 1.05459 0.0545899
600 1900 1.00023 0.000227415
700 1900 1.00025 0.000254356
700 1800 1.05459 0.0545899
800 1800 1.05473 0.0547301
700 1900 1.00025 0.000254356
800 1900 1.00006 5.80292e-05
800 1800 1.05473 0.0547301
900 1800 1.00031 0.000311945
800 1900 1.00006 5.80292e-05
900 1900 1.00043 0.000434417
