# x y topography
0 1.14908 0.149081
0.015625 1.1489 0.148902
0.015625 1.1489 0.148902
0.03125 1.14837 0.148367
0.03125 1.14837 0.148367
0.046875 1.14748 0.147476
0.046875 1.14748 0.147476
0.0625 1.14623 0.146231
0.0625 1.14623 0.146231
0.078125 1.14464 0.144635
0.078125 1.14464 0.144635
0.09375 1.14269 0.142693
0.09375 1.14269 0.142693
0.109375 1.14041 0.140407
0.109375 1.14041 0.140407
0.125 1.13778 0.137784
0.125 1.13778 0.137784
0.140625 1.13483 0.134829
0.140625 1.13483 0.134829
0.15625 1.13155 0.13155
0.15625 1.13155 0.13155
0.171875 1.12795 0.127954
0.171875 1.12795 0.127954
0.1875 1.12405 0.124049
0.1875 1.12405 0.124049
0.203125 1.11984 0.119845
0.203125 1.11984 0.119845
0.21875 1.11535 0.115351
0.21875 1.11535 0.115351
0.234375 1.11058 0.110578
0.234375 1.11058 0.110578
0.25 1.10554 0.105537
0.25 1.10554 0.105537
0.265625 1.10024 0.100241
0.265625 1.10024 0.100241
0.28125 1.0947 0.0947027
0.28125 1.0947 0.0947027
0.296875 1.08893 0.0889343
0.296875 1.08893 0.0889343
0.3125 1.08295 0.0829503
0.3125 1.08295 0.0829503
0.328125 1.07676 0.076765
0.328125 1.07676 0.076765
0.34375 1.07039 0.0703935
0.34375 1.07039 0.0703935
0.359375 1.06385 0.0638513
0.359375 1.06385 0.0638513
0.375 1.05715 0.0571548
0.375 1.05715 0.0571548
0.390625 1.05032 0.0503222
0.390625 1.05032 0.0503222
0.40625 1.04338 0.0433758
0.40625 1.04338 0.0433758
0.421875 1.03635 0.0363499
0.421875 1.03635 0.0363499
0.4375 1.02931 0.0293102
0.4375 1.02931 0.0293102
0.453125 1.0224 0.0223984
0.453125 1.0224 0.0223984
0.46875 1.01591 0.0159055
0.46875 1.01591 0.0159055
0.484375 1.0103 0.0103028
0.484375 1.0103 0.0103028
0.5 1.00604 0.00604128
0.5 1.00604 0.00604128
0.515625 1.00322 0.00321524
0.515625 1.00322 0.00321524
0.53125 1.00156 0.00156403
0.53125 1.00156 0.00156403
0.546875 1.0007 0.000702723
0.546875 1.0007 0.000702723
0.5625 1.0003 0.000295229
0.5625 1.0003 0.000295229
0.578125 1.00012 0.000117316
0.578125 1.00012 0.000117316
0.59375 1.00004 4.45185e-05
0.59375 1.00004 4.45185e-05
0.609375 1.00002 1.62722e-05
0.609375 1.00002 1.62722e-05
0.625 1.00001 5.75697e-06
0.625 1.00001 5.75697e-06
0.640625 1 1.97425e-06
0.640625 1 1.97425e-06
0.65625 1 6.57597e-07
0.65625 1 6.57597e-07
0.671875 1 2.12969e-07
0.671875 1 2.12969e-07
0.6875 1 6.7178e-08
0.6875 1 6.7178e-08
0.703125 1 2.06811e-08
0.703125 1 2.06811e-08
0.71875 1 6.22582e-09
0.71875 1 6.22582e-09
0.734375 1 1.83397e-09
0.734375 1 1.83397e-09
0.75 1 5.29595e-10
0.75 1 5.29595e-10
0.765625 1 1.50229e-10
0.765625 1 1.50229e-10
0.78125 1 4.1644e-11
0.78125 1 4.1644e-11
0.796875 1 1.13303e-11
0.796875 1 1.13303e-11
0.8125 1 3.0318e-12
0.8125 1 3.0318e-12
0.828125 1 7.96474e-13
0.828125 1 7.96474e-13
0.84375 1 2.05391e-13
0.84375 1 2.05391e-13
0.859375 1 5.21805e-14
0.859375 1 5.21805e-14
0.875 1 1.28786e-14
0.875 1 1.28786e-14
0.890625 1 3.10862e-15
0.890625 1 3.10862e-15
0.90625 1 6.66134e-16
0.90625 1 6.66134e-16
0.921875 1 2.22045e-16
0.921875 1 2.22045e-16
0.9375 1 0
0.9375 1 0
0.953125 1 0
0.953125 1 0
0.96875 1 0
0.96875 1 0
0.984375 1 0
0.984375 1 0
1 1 0
