# x y topography
0 1.1489 0.148898
0.015625 1.14872 0.14872
0.015625 1.14872 0.14872
0.03125 1.14819 0.148186
0.03125 1.14819 0.148186
0.046875 1.1473 0.147297
0.046875 1.1473 0.147297
0.0625 1.14605 0.146055
0.0625 1.14605 0.146055
0.078125 1.14446 0.144462
0.078125 1.14446 0.144462
0.09375 1.14252 0.142524
0.09375 1.14252 0.142524
0.109375 1.14024 0.140243
0.109375 1.14024 0.140243
0.125 1.13762 0.137625
0.125 1.13762 0.137625
0.140625 1.13468 0.134676
0.140625 1.13468 0.134676
0.15625 1.1314 0.131403
0.15625 1.1314 0.131403
0.171875 1.12781 0.127813
0.171875 1.12781 0.127813
0.1875 1.12391 0.123914
0.1875 1.12391 0.123914
0.203125 1.11972 0.119717
0.203125 1.11972 0.119717
0.21875 1.11523 0.11523
0.21875 1.11523 0.11523
0.234375 1.11046 0.110464
0.234375 1.11046 0.110464
0.25 1.10543 0.105431
0.25 1.10543 0.105431
0.265625 1.10014 0.100142
0.265625 1.10014 0.100142
0.28125 1.09461 0.0946107
0.28125 1.09461 0.0946107
0.296875 1.08885 0.0888495
0.296875 1.08885 0.0888495
0.3125 1.08287 0.0828725
0.3125 1.08287 0.0828725
0.328125 1.07669 0.0766943
0.328125 1.07669 0.0766943
0.34375 1.07033 0.0703297
0.34375 1.07033 0.0703297
0.359375 1.06379 0.0637947
0.359375 1.06379 0.0637947
0.375 1.05711 0.057106
0.375 1.05711 0.057106
0.390625 1.05028 0.0502832
0.390625 1.05028 0.0502832
0.40625 1.04335 0.043352
0.40625 1.04335 0.043352
0.421875 1.03635 0.0363548
0.421875 1.03635 0.0363548
0.4375 1.02937 0.0293734
0.4375 1.02937 0.0293734
0.453125 1.02257 0.022573
0.453125 1.02257 0.022573
0.46875 1.01625 0.0162546
0.46875 1.01625 0.0162546
0.484375 1.01083 0.0108338
0.484375 1.01083 0.0108338
0.5 1.00665 0.00664923
0.5 1.00665 0.00664923
0.515625 1.00376 0.00375778
0.515625 1.00376 0.00375778
0.53125 1.00196 0.00196077
0.53125 1.00196 0.00196077
0.546875 1.00095 0.00095009
0.546875 1.00095 0.00095009
0.5625 1.00043 0.000431064
0.5625 1.00043 0.000431064
0.578125 1.00018 0.000184769
0.578125 1.00018 0.000184769
0.59375 1.00008 7.54482e-05
0.59375 1.00008 7.54482e-05
0.609375 1.00003 2.95691e-05
0.609375 1.00003 2.95691e-05
0.625 1.00001 1.11817e-05
0.625 1.00001 1.11817e-05
0.640625 1 4.09319e-06
0.640625 1 4.09319e-06
0.65625 1 1.45377e-06
0.65625 1 1.45377e-06
0.671875 1 5.01805e-07
0.671875 1 5.01805e-07
0.6875 1 1.68539e-07
0.6875 1 1.68539e-07
0.703125 1 5.51437e-08
0.703125 1 5.51437e-08
0.71875 1 1.7596e-08
0.71875 1 1.7596e-08
0.734375 1 5.48219e-09
0.734375 1 5.48219e-09
0.75 1 1.66977e-09
0.75 1 1.66977e-09
0.765625 1 4.9758e-10
0.765625 1 4.9758e-10
0.78125 1 1.45112e-10
0.78125 1 1.45112e-10
0.796875 1 4.13809e-11
0.796875 1 4.13809e-11
0.8125 1 1.15423e-11
0.8125 1 1.15423e-11
0.828125 1 3.14859e-12
0.828125 1 3.14859e-12
0.84375 1 8.39773e-13
0.84375 1 8.39773e-13
0.859375 1 2.19158e-13
0.859375 1 2.19158e-13
0.875 1 5.57332e-14
0.875 1 5.57332e-14
0.890625 1 1.39888e-14
0.890625 1 1.39888e-14
0.90625 1 3.33067e-15
0.90625 1 3.33067e-15
0.921875 1 8.88178e-16
0.921875 1 8.88178e-16
0.9375 1 2.22045e-16
0.9375 1 2.22045e-16
0.953125 1 0
0.953125 1 0
0.96875 1 0
0.96875 1 0
0.984375 1 0
0.984375 1 0
1 1 0
