# x y topography
0 1 0
0.015625 1.02159 0.0215855
0.015625 1.02159 0.0215855
0.03125 1.02211 0.0221142
0.03125 1.02211 0.0221142
0.046875 1.023 0.0229966
0.046875 1.023 0.0229966
0.0625 1.02419 0.0241885
0.0625 1.02419 0.0241885
0.078125 1.02565 0.0256523
0.078125 1.02565 0.0256523
0.09375 1.02735 0.0273527
0.09375 1.02735 0.0273527
0.109375 1.02925 0.0292548
0.109375 1.02925 0.0292548
0.125 1.03132 0.0313246
0.125 1.03132 0.0313246
0.140625 1.03353 0.0335283
0.140625 1.03353 0.0335283
0.15625 1.03583 0.0358332
0.15625 1.03583 0.0358332
0.171875 1.03821 0.0382078
0.171875 1.03821 0.0382078
0.1875 1.04062 0.0406223
0.1875 1.04062 0.0406223
0.203125 1.04305 0.043049
0.203125 1.04305 0.043049
0.21875 1.04546 0.0454625
0.21875 1.04546 0.0454625
0.234375 1.04784 0.0478399
0.234375 1.04784 0.0478399
0.25 1.05016 0.0501605
0.25 1.05016 0.0501605
0.265625 1.05241 0.0524064
0.265625 1.05241 0.0524064
0.28125 1.05456 0.0545618
0.28125 1.05456 0.0545618
0.296875 1.05661 0.056613
0.296875 1.05661 0.056613
0.3125 1.05855 0.0585484
0.3125 1.05855 0.0585484
0.328125 1.06036 0.0603578
0.328125 1.06036 0.0603578
0.34375 1.06203 0.062033
0.34375 1.06203 0.062033
0.359375 1.06357 0.0635667
0.359375 1.06357 0.0635667
0.375 1.06495 0.0649529
0.375 1.06495 0.0649529
0.390625 1.06619 0.0661865
0.390625 1.06619 0.0661865
0.40625 1.06726 0.0672635
0.40625 1.06726 0.0672635
0.421875 1.06818 0.0681802
0.421875 1.06818 0.0681802
0.4375 1.06893 0.0689338
0.4375 1.06893 0.0689338
0.453125 1.06952 0.0695223
0.453125 1.06952 0.0695223
0.46875 1.06994 0.0699437
0.46875 1.06994 0.0699437
0.484375 1.0702 0.0701971
0.484375 1.0702 0.0701971
0.5 1.07028 0.0702816
0.5 1.07028 0.0702816
0.515625 1.0702 0.0701971
0.515625 1.0702 0.0701971
0.53125 1.06994 0.0699437
0.53125 1.06994 0.0699437
0.546875 1.06952 0.0695223
0.546875 1.06952 0.0695223
0.5625 1.06893 0.0689338
0.5625 1.06893 0.0689338
0.578125 1.06818 0.0681802
0.578125 1.06818 0.0681802
0.59375 1.06726 0.0672635
0.59375 1.06726 0.0672635
0.609375 1.06619 0.0661865
0.609375 1.06619 0.0661865
0.625 1.06495 0.0649529
0.625 1.06495 0.0649529
0.640625 1.06357 0.0635667
0.640625 1.06357 0.0635667
0.65625 1.06203 0.062033
0.65625 1.06203 0.062033
0.671875 1.06036 0.0603578
0.671875 1.06036 0.0603578
0.6875 1.05855 0.0585484
0.6875 1.05855 0.0585484
0.703125 1.05661 0.056613
0.703125 1.05661 0.056613
0.71875 1.05456 0.0545618
0.71875 1.05456 0.0545618
0.734375 1.05241 0.0524064
0.734375 1.05241 0.0524064
0.75 1.05016 0.0501605
0.75 1.05016 0.0501605
0.765625 1.04784 0.0478399
0.765625 1.04784 0.0478399
0.78125 1.04546 0.0454625
0.78125 1.04546 0.0454625
0.796875 1.04305 0.043049
0.796875 1.04305 0.043049
0.8125 1.04062 0.0406223
0.8125 1.04062 0.0406223
0.828125 1.03821 0.0382078
0.828125 1.03821 0.0382078
0.84375 1.03583 0.0358332
0.84375 1.03583 0.0358332
0.859375 1.03353 0.0335283
0.859375 1.03353 0.0335283
0.875 1.03132 0.0313246
0.875 1.03132 0.0313246
0.890625 1.02925 0.0292548
0.890625 1.02925 0.0292548
0.90625 1.02735 0.0273527
0.90625 1.02735 0.0273527
0.921875 1.02565 0.0256523
0.921875 1.02565 0.0256523
0.9375 1.02419 0.0241885
0.9375 1.02419 0.0241885
0.953125 1.023 0.0229966
0.953125 1.023 0.0229966
0.96875 1.02211 0.0221142
0.96875 1.02211 0.0221142
0.984375 1.02159 0.0215855
0.984375 1.02159 0.0215855
1 1 0
