# x y topography
0 1 0
0.015625 1.02681 0.0268143
0.015625 1.02681 0.0268143
0.03125 1.02725 0.0272545
0.03125 1.02725 0.0272545
0.046875 1.02796 0.0279625
0.046875 1.02796 0.0279625
0.0625 1.0289 0.0289
0.0625 1.0289 0.0289
0.078125 1.03004 0.0300373
0.078125 1.03004 0.0300373
0.09375 1.03135 0.0313491
0.09375 1.03135 0.0313491
0.109375 1.03281 0.032812
0.109375 1.03281 0.032812
0.125 1.0344 0.0344041
0.125 1.0344 0.0344041
0.140625 1.0361 0.036104
0.140625 1.0361 0.036104
0.15625 1.03789 0.0378912
0.15625 1.03789 0.0378912
0.171875 1.03975 0.0397454
0.171875 1.03975 0.0397454
0.1875 1.04165 0.041647
0.1875 1.04165 0.041647
0.203125 1.04358 0.0435769
0.203125 1.04358 0.0435769
0.21875 1.04552 0.0455168
0.21875 1.04552 0.0455168
0.234375 1.04745 0.047449
0.234375 1.04745 0.047449
0.25 1.04936 0.0493568
0.25 1.04936 0.0493568
0.265625 1.05122 0.0512243
0.265625 1.05122 0.0512243
0.28125 1.05304 0.0530369
0.28125 1.05304 0.0530369
0.296875 1.05478 0.0547806
0.296875 1.05478 0.0547806
0.3125 1.05644 0.0564429
0.3125 1.05644 0.0564429
0.328125 1.05801 0.0580122
0.328125 1.05801 0.0580122
0.34375 1.05948 0.059478
0.34375 1.05948 0.059478
0.359375 1.06083 0.060831
0.359375 1.06083 0.060831
0.375 1.06206 0.0620627
0.375 1.06206 0.0620627
0.390625 1.06317 0.063166
0.390625 1.06317 0.063166
0.40625 1.06413 0.0641344
0.40625 1.06413 0.0641344
0.421875 1.06496 0.0649626
0.421875 1.06496 0.0649626
0.4375 1.06565 0.0656462
0.4375 1.06565 0.0656462
0.453125 1.06618 0.0661815
0.453125 1.06618 0.0661815
0.46875 1.06657 0.0665659
0.46875 1.06657 0.0665659
0.484375 1.0668 0.0667972
0.484375 1.0668 0.0667972
0.5 1.06687 0.0668745
0.5 1.06687 0.0668745
0.515625 1.0668 0.0667972
0.515625 1.0668 0.0667972
0.53125 1.06657 0.0665659
0.53125 1.06657 0.0665659
0.546875 1.06618 0.0661815
0.546875 1.06618 0.0661815
0.5625 1.06565 0.0656462
0.5625 1.06565 0.0656462
0.578125 1.06496 0.0649626
0.578125 1.06496 0.0649626
0.59375 1.06413 0.0641344
0.59375 1.06413 0.0641344
0.609375 1.06317 0.063166
0.609375 1.06317 0.063166
0.625 1.06206 0.0620627
0.625 1.06206 0.0620627
0.640625 1.06083 0.060831
0.640625 1.06083 0.060831
0.65625 1.05948 0.059478
0.65625 1.05948 0.059478
0.671875 1.05801 0.0580122
0.671875 1.05801 0.0580122
0.6875 1.05644 0.0564429
0.6875 1.05644 0.0564429
0.703125 1.05478 0.0547806
0.703125 1.05478 0.0547806
0.71875 1.05304 0.0530369
0.71875 1.05304 0.0530369
0.734375 1.05122 0.0512243
0.734375 1.05122 0.0512243
0.75 1.04936 0.0493568
0.75 1.04936 0.0493568
0.765625 1.04745 0.047449
0.765625 1.04745 0.047449
0.78125 1.04552 0.0455168
0.78125 1.04552 0.0455168
0.796875 1.04358 0.0435769
0.796875 1.04358 0.0435769
0.8125 1.04165 0.041647
0.8125 1.04165 0.041647
0.828125 1.03975 0.0397454
0.828125 1.03975 0.0397454
0.84375 1.03789 0.0378912
0.84375 1.03789 0.0378912
0.859375 1.0361 0.036104
0.859375 1.0361 0.036104
0.875 1.0344 0.0344041
0.875 1.0344 0.0344041
0.890625 1.03281 0.032812
0.890625 1.03281 0.032812
0.90625 1.03135 0.0313491
0.90625 1.03135 0.0313491
0.921875 1.03004 0.0300373
0.921875 1.03004 0.0300373
0.9375 1.0289 0.0289
0.9375 1.0289 0.0289
0.953125 1.02796 0.0279625
0.953125 1.02796 0.0279625
0.96875 1.02725 0.0272545
0.96875 1.02725 0.0272545
0.984375 1.02681 0.0268143
0.984375 1.02681 0.0268143
1 1 0
