# x y topography
0 1 0
0.015625 1.03418 0.0341807
0.015625 1.03418 0.0341807
0.03125 1.03454 0.0345359
0.03125 1.03454 0.0345359
0.046875 1.03508 0.0350755
0.046875 1.03508 0.0350755
0.0625 1.03576 0.0357637
0.0625 1.03576 0.0357637
0.078125 1.03657 0.0365747
0.078125 1.03657 0.0365747
0.09375 1.03749 0.0374881
0.09375 1.03749 0.0374881
0.109375 1.03849 0.0384866
0.109375 1.03849 0.0384866
0.125 1.03956 0.0395552
0.125 1.03956 0.0395552
0.140625 1.04068 0.04068
0.140625 1.04068 0.04068
0.15625 1.04185 0.0418486
0.15625 1.04185 0.0418486
0.171875 1.04305 0.0430489
0.171875 1.04305 0.0430489
0.1875 1.04427 0.0442701
0.1875 1.04427 0.0442701
0.203125 1.0455 0.0455015
0.203125 1.0455 0.0455015
0.21875 1.04673 0.046733
0.21875 1.04673 0.046733
0.234375 1.04796 0.0479552
0.234375 1.04796 0.0479552
0.25 1.04916 0.0491588
0.25 1.04916 0.0491588
0.265625 1.05034 0.0503353
0.265625 1.05034 0.0503353
0.28125 1.05148 0.0514764
0.28125 1.05148 0.0514764
0.296875 1.05257 0.0525743
0.296875 1.05257 0.0525743
0.3125 1.05362 0.0536216
0.3125 1.05362 0.0536216
0.328125 1.05461 0.0546114
0.328125 1.05461 0.0546114
0.34375 1.05554 0.0555374
0.34375 1.05554 0.0555374
0.359375 1.05639 0.0563936
0.359375 1.05639 0.0563936
0.375 1.05717 0.0571745
0.375 1.05717 0.0571745
0.390625 1.05788 0.0578753
0.390625 1.05788 0.0578753
0.40625 1.05849 0.0584917
0.40625 1.05849 0.0584917
0.421875 1.05902 0.0590197
0.421875 1.05902 0.0590197
0.4375 1.05946 0.0594562
0.4375 1.05946 0.0594562
0.453125 1.0598 0.0597985
0.453125 1.0598 0.0597985
0.46875 1.06004 0.0600445
0.46875 1.06004 0.0600445
0.484375 1.06019 0.0601927
0.484375 1.06019 0.0601927
0.5 1.06024 0.0602422
0.5 1.06024 0.0602422
0.515625 1.06019 0.0601927
0.515625 1.06019 0.0601927
0.53125 1.06004 0.0600445
0.53125 1.06004 0.0600445
0.546875 1.0598 0.0597985
0.546875 1.0598 0.0597985
0.5625 1.05946 0.0594562
0.5625 1.05946 0.0594562
0.578125 1.05902 0.0590197
0.578125 1.05902 0.0590197
0.59375 1.05849 0.0584917
0.59375 1.05849 0.0584917
0.609375 1.05788 0.0578753
0.609375 1.05788 0.0578753
0.625 1.05717 0.0571745
0.625 1.05717 0.0571745
0.640625 1.05639 0.0563936
0.640625 1.05639 0.0563936
0.65625 1.05554 0.0555374
0.65625 1.05554 0.0555374
0.671875 1.05461 0.0546114
0.671875 1.05461 0.0546114
0.6875 1.05362 0.0536216
0.6875 1.05362 0.0536216
0.703125 1.05257 0.0525743
0.703125 1.05257 0.0525743
0.71875 1.05148 0.0514764
0.71875 1.05148 0.0514764
0.734375 1.05034 0.0503353
0.734375 1.05034 0.0503353
0.75 1.04916 0.0491588
0.75 1.04916 0.0491588
0.765625 1.04796 0.0479552
0.765625 1.04796 0.0479552
0.78125 1.04673 0.046733
0.78125 1.04673 0.046733
0.796875 1.0455 0.0455015
0.796875 1.0455 0.0455015
0.8125 1.04427 0.0442701
0.8125 1.04427 0.0442701
0.828125 1.04305 0.0430489
0.828125 1.04305 0.0430489
0.84375 1.04185 0.0418486
0.84375 1.04185 0.0418486
0.859375 1.04068 0.04068
0.859375 1.04068 0.04068
0.875 1.03956 0.0395552
0.875 1.03956 0.0395552
0.890625 1.03849 0.0384866
0.890625 1.03849 0.0384866
0.90625 1.03749 0.0374881
0.90625 1.03749 0.0374881
0.921875 1.03657 0.0365747
0.921875 1.03657 0.0365747
0.9375 1.03576 0.0357637
0.9375 1.03576 0.0357637
0.953125 1.03508 0.0350755
0.953125 1.03508 0.0350755
0.96875 1.03454 0.0345359
0.96875 1.03454 0.0345359
0.984375 1.03418 0.0341807
0.984375 1.03418 0.0341807
1 1 0
