# x y topography
0 1 0
0.015625 1.01408 0.0140764
0.015625 1.01408 0.0140764
0.03125 1.01485 0.0148538
0.03125 1.01485 0.0148538
0.046875 1.01621 0.0162119
0.046875 1.01621 0.0162119
0.0625 1.01807 0.0180671
0.0625 1.01807 0.0180671
0.078125 1.02033 0.0203302
0.078125 1.02033 0.0203302
0.09375 1.02291 0.0229096
0.09375 1.02291 0.0229096
0.109375 1.02572 0.0257171
0.109375 1.02572 0.0257171
0.125 1.02867 0.0286727
0.125 1.02867 0.0286727
0.140625 1.03171 0.031708
0.140625 1.03171 0.031708
0.15625 1.03477 0.0347677
0.15625 1.03477 0.0347677
0.171875 1.03781 0.0378086
0.171875 1.03781 0.0378086
0.1875 1.0408 0.0407987
0.1875 1.0408 0.0407987
0.203125 1.04371 0.0437142
0.203125 1.04371 0.0437142
0.21875 1.04654 0.0465378
0.21875 1.04654 0.0465378
0.234375 1.04926 0.0492564
0.234375 1.04926 0.0492564
0.25 1.05186 0.05186
0.25 1.05186 0.05186
0.265625 1.05434 0.0543405
0.265625 1.05434 0.0543405
0.28125 1.05669 0.056691
0.28125 1.05669 0.056691
0.296875 1.05891 0.0589053
0.296875 1.05891 0.0589053
0.3125 1.06098 0.0609779
0.3125 1.06098 0.0609779
0.328125 1.0629 0.0629036
0.328125 1.0629 0.0629036
0.34375 1.06468 0.0646778
0.34375 1.06468 0.0646778
0.359375 1.0663 0.0662962
0.359375 1.0663 0.0662962
0.375 1.06775 0.0677549
0.375 1.06775 0.0677549
0.390625 1.06905 0.0690504
0.390625 1.06905 0.0690504
0.40625 1.07018 0.0701795
0.40625 1.07018 0.0701795
0.421875 1.07114 0.0711396
0.421875 1.07114 0.0711396
0.4375 1.07193 0.0719282
0.4375 1.07193 0.0719282
0.453125 1.07254 0.0725436
0.453125 1.07254 0.0725436
0.46875 1.07298 0.0729842
0.46875 1.07298 0.0729842
0.484375 1.07325 0.073249
0.484375 1.07325 0.073249
0.5 1.07334 0.0733374
0.5 1.07334 0.0733374
0.515625 1.07325 0.073249
0.515625 1.07325 0.073249
0.53125 1.07298 0.0729842
0.53125 1.07298 0.0729842
0.546875 1.07254 0.0725436
0.546875 1.07254 0.0725436
0.5625 1.07193 0.0719282
0.5625 1.07193 0.0719282
0.578125 1.07114 0.0711396
0.578125 1.07114 0.0711396
0.59375 1.07018 0.0701795
0.59375 1.07018 0.0701795
0.609375 1.06905 0.0690504
0.609375 1.06905 0.0690504
0.625 1.06775 0.0677549
0.625 1.06775 0.0677549
0.640625 1.0663 0.0662962
0.640625 1.0663 0.0662962
0.65625 1.06468 0.0646778
0.65625 1.06468 0.0646778
0.671875 1.0629 0.0629036
0.671875 1.0629 0.0629036
0.6875 1.06098 0.0609779
0.6875 1.06098 0.0609779
0.703125 1.05891 0.0589053
0.703125 1.05891 0.0589053
0.71875 1.05669 0.056691
0.71875 1.05669 0.056691
0.734375 1.05434 0.0543405
0.734375 1.05434 0.0543405
0.75 1.05186 0.05186
0.75 1.05186 0.05186
0.765625 1.04926 0.0492564
0.765625 1.04926 0.0492564
0.78125 1.04654 0.0465378
0.78125 1.04654 0.0465378
0.796875 1.04371 0.0437142
0.796875 1.04371 0.0437142
0.8125 1.0408 0.0407987
0.8125 1.0408 0.0407987
0.828125 1.03781 0.0378086
0.828125 1.03781 0.0378086
0.84375 1.03477 0.0347677
0.84375 1.03477 0.0347677
0.859375 1.03171 0.031708
0.859375 1.03171 0.031708
0.875 1.02867 0.0286727
0.875 1.02867 0.0286727
0.890625 1.02572 0.0257171
0.890625 1.02572 0.0257171
0.90625 1.02291 0.0229096
0.90625 1.02291 0.0229096
0.921875 1.02033 0.0203302
0.921875 1.02033 0.0203302
0.9375 1.01807 0.0180671
0.9375 1.01807 0.0180671
0.953125 1.01621 0.0162119
0.953125 1.01621 0.0162119
0.96875 1.01485 0.0148538
0.96875 1.01485 0.0148538
0.984375 1.01408 0.0140764
0.984375 1.01408 0.0140764
1 1 0
