# x y topography
0 1 0
0.015625 1.01903 0.0190304
0.015625 1.01903 0.0190304
0.03125 1.01962 0.0196201
0.03125 1.01962 0.0196201
0.046875 1.02062 0.0206212
0.046875 1.02062 0.0206212
0.0625 1.02198 0.0219835
0.0625 1.02198 0.0219835
0.078125 1.02366 0.0236609
0.078125 1.02366 0.0236609
0.09375 1.02561 0.0256077
0.09375 1.02561 0.0256077
0.109375 1.02778 0.0277784
0.109375 1.02778 0.0277784
0.125 1.03013 0.0301279
0.125 1.03013 0.0301279
0.140625 1.03261 0.0326124
0.140625 1.03261 0.0326124
0.15625 1.03519 0.0351904
0.15625 1.03519 0.0351904
0.171875 1.03782 0.0378233
0.171875 1.03782 0.0378233
0.1875 1.04048 0.0404764
0.1875 1.04048 0.0404764
0.203125 1.04312 0.0431187
0.203125 1.04312 0.0431187
0.21875 1.04572 0.0457233
0.21875 1.04572 0.0457233
0.234375 1.04827 0.0482673
0.234375 1.04827 0.0482673
0.25 1.05073 0.0507313
0.25 1.05073 0.0507313
0.265625 1.0531 0.053099
0.265625 1.0531 0.053099
0.28125 1.05536 0.0553571
0.28125 1.05536 0.0553571
0.296875 1.05749 0.0574943
0.296875 1.05749 0.0574943
0.3125 1.0595 0.0595014
0.3125 1.0595 0.0595014
0.328125 1.06137 0.0613706
0.328125 1.06137 0.0613706
0.34375 1.0631 0.0630957
0.34375 1.0631 0.0630957
0.359375 1.06467 0.0646709
0.359375 1.06467 0.0646709
0.375 1.06609 0.0660918
0.375 1.06609 0.0660918
0.390625 1.06735 0.0673543
0.390625 1.06735 0.0673543
0.40625 1.06845 0.068455
0.40625 1.06845 0.068455
0.421875 1.06939 0.0693911
0.421875 1.06939 0.0693911
0.4375 1.07016 0.0701602
0.4375 1.07016 0.0701602
0.453125 1.07076 0.0707603
0.453125 1.07076 0.0707603
0.46875 1.07119 0.0711901
0.46875 1.07119 0.0711901
0.484375 1.07145 0.0714483
0.484375 1.07145 0.0714483
0.5 1.07153 0.0715345
0.5 1.07153 0.0715345
0.515625 1.07145 0.0714483
0.515625 1.07145 0.0714483
0.53125 1.07119 0.0711901
0.53125 1.07119 0.0711901
0.546875 1.07076 0.0707603
0.546875 1.07076 0.0707603
0.5625 1.07016 0.0701602
0.5625 1.07016 0.0701602
0.578125 1.06939 0.0693911
0.578125 1.06939 0.0693911
0.59375 1.06845 0.068455
0.59375 1.06845 0.068455
0.609375 1.06735 0.0673543
0.609375 1.06735 0.0673543
0.625 1.06609 0.0660918
0.625 1.06609 0.0660918
0.640625 1.06467 0.0646709
0.640625 1.06467 0.0646709
0.65625 1.0631 0.0630957
0.65625 1.0631 0.0630957
0.671875 1.06137 0.0613706
0.671875 1.06137 0.0613706
0.6875 1.0595 0.0595014
0.6875 1.0595 0.0595014
0.703125 1.05749 0.0574943
0.703125 1.05749 0.0574943
0.71875 1.05536 0.0553571
0.71875 1.05536 0.0553571
0.734375 1.0531 0.053099
0.734375 1.0531 0.053099
0.75 1.05073 0.0507313
0.75 1.05073 0.0507313
0.765625 1.04827 0.0482673
0.765625 1.04827 0.0482673
0.78125 1.04572 0.0457233
0.78125 1.04572 0.0457233
0.796875 1.04312 0.0431187
0.796875 1.04312 0.0431187
0.8125 1.04048 0.0404764
0.8125 1.04048 0.0404764
0.828125 1.03782 0.0378233
0.828125 1.03782 0.0378233
0.84375 1.03519 0.0351904
0.84375 1.03519 0.0351904
0.859375 1.03261 0.0326124
0.859375 1.03261 0.0326124
0.875 1.03013 0.0301279
0.875 1.03013 0.0301279
0.890625 1.02778 0.0277784
0.890625 1.02778 0.0277784
0.90625 1.02561 0.0256077
0.90625 1.02561 0.0256077
0.921875 1.02366 0.0236609
0.921875 1.02366 0.0236609
0.9375 1.02198 0.0219835
0.9375 1.02198 0.0219835
0.953125 1.02062 0.0206212
0.953125 1.02062 0.0206212
0.96875 1.01962 0.0196201
0.96875 1.01962 0.0196201
0.984375 1.01903 0.0190304
0.984375 1.01903 0.0190304
1 1 0
