# x y topography
0 1 0
0.015625 1.03235 0.0323501
0.015625 1.03235 0.0323501
0.03125 1.03272 0.0327242
0.03125 1.03272 0.0327242
0.046875 1.0333 0.0333013
0.046875 1.0333 0.0333013
0.0625 1.03405 0.0340452
0.0625 1.03405 0.0340452
0.078125 1.03493 0.0349295
0.078125 1.03493 0.0349295
0.09375 1.03593 0.0359329
0.09375 1.03593 0.0359329
0.109375 1.03704 0.0370373
0.109375 1.03704 0.0370373
0.125 1.03823 0.0382263
0.125 1.03823 0.0382263
0.140625 1.03948 0.0394848
0.140625 1.03948 0.0394848
0.15625 1.0408 0.0407987
0.15625 1.0408 0.0407987
0.171875 1.04215 0.0421548
0.171875 1.04215 0.0421548
0.1875 1.04354 0.0435402
0.1875 1.04354 0.0435402
0.203125 1.04494 0.0449426
0.203125 1.04494 0.0449426
0.21875 1.04635 0.0463502
0.21875 1.04635 0.0463502
0.234375 1.04775 0.0477516
0.234375 1.04775 0.0477516
0.25 1.04914 0.0491359
0.25 1.04914 0.0491359
0.265625 1.05049 0.0504927
0.265625 1.05049 0.0504927
0.28125 1.05181 0.0518117
0.28125 1.05181 0.0518117
0.296875 1.05308 0.0530837
0.296875 1.05308 0.0530837
0.3125 1.0543 0.0542994
0.3125 1.0543 0.0542994
0.328125 1.05545 0.0554504
0.328125 1.05545 0.0554504
0.34375 1.05653 0.0565289
0.34375 1.05653 0.0565289
0.359375 1.05753 0.0575274
0.359375 1.05753 0.0575274
0.375 1.05844 0.0584393
0.375 1.05844 0.0584393
0.390625 1.05926 0.0592584
0.390625 1.05926 0.0592584
0.40625 1.05998 0.0599795
0.40625 1.05998 0.0599795
0.421875 1.0606 0.0605977
0.421875 1.0606 0.0605977
0.4375 1.06111 0.0611091
0.4375 1.06111 0.0611091
0.453125 1.06151 0.0615103
0.453125 1.06151 0.0615103
0.46875 1.0618 0.0617987
0.46875 1.0618 0.0617987
0.484375 1.06197 0.0619725
0.484375 1.06197 0.0619725
0.5 1.06203 0.0620306
0.5 1.06203 0.0620306
0.515625 1.06197 0.0619725
0.515625 1.06197 0.0619725
0.53125 1.0618 0.0617987
0.53125 1.0618 0.0617987
0.546875 1.06151 0.0615103
0.546875 1.06151 0.0615103
0.5625 1.06111 0.0611091
0.5625 1.06111 0.0611091
0.578125 1.0606 0.0605977
0.578125 1.0606 0.0605977
0.59375 1.05998 0.0599795
0.59375 1.05998 0.0599795
0.609375 1.05926 0.0592584
0.609375 1.05926 0.0592584
0.625 1.05844 0.0584393
0.625 1.05844 0.0584393
0.640625 1.05753 0.0575274
0.640625 1.05753 0.0575274
0.65625 1.05653 0.0565289
0.65625 1.05653 0.0565289
0.671875 1.05545 0.0554504
0.671875 1.05545 0.0554504
0.6875 1.0543 0.0542994
0.6875 1.0543 0.0542994
0.703125 1.05308 0.0530837
0.703125 1.05308 0.0530837
0.71875 1.05181 0.0518117
0.71875 1.05181 0.0518117
0.734375 1.05049 0.0504927
0.734375 1.05049 0.0504927
0.75 1.04914 0.0491359
0.75 1.04914 0.0491359
0.765625 1.04775 0.0477516
0.765625 1.04775 0.0477516
0.78125 1.04635 0.0463502
0.78125 1.04635 0.0463502
0.796875 1.04494 0.0449426
0.796875 1.04494 0.0449426
0.8125 1.04354 0.0435402
0.8125 1.04354 0.0435402
0.828125 1.04215 0.0421548
0.828125 1.04215 0.0421548
0.84375 1.0408 0.0407987
0.84375 1.0408 0.0407987
0.859375 1.03948 0.0394848
0.859375 1.03948 0.0394848
0.875 1.03823 0.0382263
0.875 1.03823 0.0382263
0.890625 1.03704 0.0370373
0.890625 1.03704 0.0370373
0.90625 1.03593 0.0359329
0.90625 1.03593 0.0359329
0.921875 1.03493 0.0349295
0.921875 1.03493 0.0349295
0.9375 1.03405 0.0340452
0.9375 1.03405 0.0340452
0.953125 1.0333 0.0333013
0.953125 1.0333 0.0333013
0.96875 1.03272 0.0327242
0.96875 1.03272 0.0327242
0.984375 1.03235 0.0323501
0.984375 1.03235 0.0323501
1 1 0
