# x y topography
0 1 0
0.015625 1.0146 0.014604
0.015625 1.0146 0.014604
0.03125 1.01535 0.0153546
0.03125 1.01535 0.0153546
0.046875 1.01666 0.0166626
0.046875 1.01666 0.0166626
0.0625 1.01845 0.0184507
0.0625 1.01845 0.0184507
0.078125 1.02064 0.0206374
0.078125 1.02064 0.0206374
0.09375 1.02314 0.0231387
0.09375 1.02314 0.0231387
0.109375 1.02587 0.0258727
0.109375 1.02587 0.0258727
0.125 1.02876 0.0287637
0.125 1.02876 0.0287637
0.140625 1.03175 0.0317455
0.140625 1.03175 0.0317455
0.15625 1.03476 0.0347629
0.15625 1.03476 0.0347629
0.171875 1.03777 0.0377718
0.171875 1.03777 0.0377718
0.1875 1.04074 0.040738
0.1875 1.04074 0.040738
0.203125 1.04364 0.0436361
0.203125 1.04364 0.0436361
0.21875 1.04645 0.0464467
0.21875 1.04645 0.0464467
0.234375 1.04916 0.0491555
0.234375 1.04916 0.0491555
0.25 1.05175 0.0517514
0.25 1.05175 0.0517514
0.265625 1.05423 0.0542254
0.265625 1.05423 0.0542254
0.28125 1.05657 0.0565703
0.28125 1.05657 0.0565703
0.296875 1.05878 0.0587795
0.296875 1.05878 0.0587795
0.3125 1.06085 0.0608475
0.3125 1.06085 0.0608475
0.328125 1.06277 0.0627691
0.328125 1.06277 0.0627691
0.34375 1.06454 0.0645394
0.34375 1.06454 0.0645394
0.359375 1.06615 0.0661544
0.359375 1.06615 0.0661544
0.375 1.06761 0.0676099
0.375 1.06761 0.0676099
0.390625 1.0689 0.0689026
0.390625 1.0689 0.0689026
0.40625 1.07003 0.0700293
0.40625 1.07003 0.0700293
0.421875 1.07099 0.0709873
0.421875 1.07099 0.0709873
0.4375 1.07177 0.0717743
0.4375 1.07177 0.0717743
0.453125 1.07239 0.0723884
0.453125 1.07239 0.0723884
0.46875 1.07283 0.0728281
0.46875 1.07283 0.0728281
0.484375 1.07309 0.0730923
0.484375 1.07309 0.0730923
0.5 1.07318 0.0731805
0.5 1.07318 0.0731805
0.515625 1.07309 0.0730923
0.515625 1.07309 0.0730923
0.53125 1.07283 0.0728281
0.53125 1.07283 0.0728281
0.546875 1.07239 0.0723884
0.546875 1.07239 0.0723884
0.5625 1.07177 0.0717743
0.5625 1.07177 0.0717743
0.578125 1.07099 0.0709873
0.578125 1.07099 0.0709873
0.59375 1.07003 0.0700293
0.59375 1.07003 0.0700293
0.609375 1.0689 0.0689026
0.609375 1.0689 0.0689026
0.625 1.06761 0.0676099
0.625 1.06761 0.0676099
0.640625 1.06615 0.0661544
0.640625 1.06615 0.0661544
0.65625 1.06454 0.0645394
0.65625 1.06454 0.0645394
0.671875 1.06277 0.0627691
0.671875 1.06277 0.0627691
0.6875 1.06085 0.0608475
0.6875 1.06085 0.0608475
0.703125 1.05878 0.0587795
0.703125 1.05878 0.0587795
0.71875 1.05657 0.0565703
0.71875 1.05657 0.0565703
0.734375 1.05423 0.0542254
0.734375 1.05423 0.0542254
0.75 1.05175 0.0517514
0.75 1.05175 0.0517514
0.765625 1.04916 0.0491555
0.765625 1.04916 0.0491555
0.78125 1.04645 0.0464467
0.78125 1.04645 0.0464467
0.796875 1.04364 0.0436361
0.796875 1.04364 0.0436361
0.8125 1.04074 0.040738
0.8125 1.04074 0.040738
0.828125 1.03777 0.0377718
0.828125 1.03777 0.0377718
0.84375 1.03476 0.0347629
0.84375 1.03476 0.0347629
0.859375 1.03175 0.0317455
0.859375 1.03175 0.0317455
0.875 1.02876 0.0287637
0.875 1.02876 0.0287637
0.890625 1.02587 0.0258727
0.890625 1.02587 0.0258727
0.90625 1.02314 0.0231387
0.90625 1.02314 0.0231387
0.921875 1.02064 0.0206374
0.921875 1.02064 0.0206374
0.9375 1.01845 0.0184507
0.9375 1.01845 0.0184507
0.953125 1.01666 0.0166626
0.953125 1.01666 0.0166626
0.96875 1.01535 0.0153546
0.96875 1.01535 0.0153546
0.984375 1.0146 0.014604
0.984375 1.0146 0.014604
1 1 0
