# x y topography
0 1 0
0.015625 1.03303 0.0330281
0.015625 1.03303 0.0330281
0.03125 1.0334 0.0333951
0.03125 1.0334 0.0333951
0.046875 1.03396 0.0339581
0.046875 1.03396 0.0339581
0.0625 1.03468 0.0346811
0.0625 1.03468 0.0346811
0.078125 1.03554 0.035538
0.078125 1.03554 0.035538
0.09375 1.03651 0.0365077
0.09375 1.03651 0.0365077
0.109375 1.03757 0.0375724
0.109375 1.03757 0.0375724
0.125 1.03872 0.0387164
0.125 1.03872 0.0387164
0.140625 1.03992 0.0399249
0.140625 1.03992 0.0399249
0.15625 1.04118 0.0411847
0.15625 1.04118 0.0411847
0.171875 1.04248 0.0424828
0.171875 1.04248 0.0424828
0.1875 1.04381 0.0438071
0.1875 1.04381 0.0438071
0.203125 1.04515 0.045146
0.203125 1.04515 0.045146
0.21875 1.04649 0.0464884
0.21875 1.04649 0.0464884
0.234375 1.04782 0.0478235
0.234375 1.04782 0.0478235
0.25 1.04914 0.0491411
0.25 1.04914 0.0491411
0.265625 1.05043 0.0504315
0.265625 1.05043 0.0504315
0.28125 1.05169 0.0516851
0.28125 1.05169 0.0516851
0.296875 1.05289 0.0528931
0.296875 1.05289 0.0528931
0.3125 1.05405 0.0540472
0.3125 1.05405 0.0540472
0.328125 1.05514 0.0551393
0.328125 1.05514 0.0551393
0.34375 1.05616 0.0561621
0.34375 1.05616 0.0561621
0.359375 1.05711 0.0571087
0.359375 1.05711 0.0571087
0.375 1.05797 0.057973
0.375 1.05797 0.057973
0.390625 1.05875 0.0587492
0.390625 1.05875 0.0587492
0.40625 1.05943 0.0594323
0.40625 1.05943 0.0594323
0.421875 1.06002 0.0600178
0.421875 1.06002 0.0600178
0.4375 1.0605 0.0605021
0.4375 1.0605 0.0605021
0.453125 1.06088 0.060882
0.453125 1.06088 0.060882
0.46875 1.06116 0.0611551
0.46875 1.06116 0.0611551
0.484375 1.06132 0.0613196
0.484375 1.06132 0.0613196
0.5 1.06137 0.0613746
0.5 1.06137 0.0613746
0.515625 1.06132 0.0613196
0.515625 1.06132 0.0613196
0.53125 1.06116 0.0611551
0.53125 1.06116 0.0611551
0.546875 1.06088 0.060882
0.546875 1.06088 0.060882
0.5625 1.0605 0.0605021
0.5625 1.0605 0.0605021
0.578125 1.06002 0.0600178
0.578125 1.06002 0.0600178
0.59375 1.05943 0.0594323
0.59375 1.05943 0.0594323
0.609375 1.05875 0.0587492
0.609375 1.05875 0.0587492
0.625 1.05797 0.057973
0.625 1.05797 0.057973
0.640625 1.05711 0.0571087
0.640625 1.05711 0.0571087
0.65625 1.05616 0.0561621
0.65625 1.05616 0.0561621
0.671875 1.05514 0.0551393
0.671875 1.05514 0.0551393
0.6875 1.05405 0.0540472
0.6875 1.05405 0.0540472
0.703125 1.05289 0.0528931
0.703125 1.05289 0.0528931
0.71875 1.05169 0.0516851
0.71875 1.05169 0.0516851
0.734375 1.05043 0.0504315
0.734375 1.05043 0.0504315
0.75 1.04914 0.0491411
0.75 1.04914 0.0491411
0.765625 1.04782 0.0478235
0.765625 1.04782 0.0478235
0.78125 1.04649 0.0464884
0.78125 1.04649 0.0464884
0.796875 1.04515 0.045146
0.796875 1.04515 0.045146
0.8125 1.04381 0.0438071
0.8125 1.04381 0.0438071
0.828125 1.04248 0.0424828
0.828125 1.04248 0.0424828
0.84375 1.04118 0.0411847
0.84375 1.04118 0.0411847
0.859375 1.03992 0.0399249
0.859375 1.03992 0.0399249
0.875 1.03872 0.0387164
0.875 1.03872 0.0387164
0.890625 1.03757 0.0375724
0.890625 1.03757 0.0375724
0.90625 1.03651 0.0365077
0.90625 1.03651 0.0365077
0.921875 1.03554 0.035538
0.921875 1.03554 0.035538
0.9375 1.03468 0.0346811
0.9375 1.03468 0.0346811
0.953125 1.03396 0.0339581
0.953125 1.03396 0.0339581
0.96875 1.0334 0.0333951
0.96875 1.0334 0.0333951
0.984375 1.03303 0.0330281
0.984375 1.03303 0.0330281
1 1 0
