# x y topography
0 1 0
0.015625 1.03434 0.0343391
0.015625 1.03434 0.0343391
0.03125 1.03469 0.0346927
0.03125 1.03469 0.0346927
0.046875 1.03523 0.0352292
0.046875 1.03523 0.0352292
0.0625 1.03591 0.0359126
0.0625 1.03591 0.0359126
0.078125 1.03672 0.0367174
0.078125 1.03672 0.0367174
0.09375 1.03762 0.0376231
0.09375 1.03762 0.0376231
0.109375 1.03861 0.0386126
0.109375 1.03861 0.0386126
0.125 1.03967 0.0396709
0.125 1.03967 0.0396709
0.140625 1.04078 0.0407843
0.140625 1.04078 0.0407843
0.15625 1.04194 0.0419404
0.15625 1.04194 0.0419404
0.171875 1.04313 0.0431274
0.171875 1.04313 0.0431274
0.1875 1.04433 0.0443344
0.1875 1.04433 0.0443344
0.203125 1.04555 0.045551
0.203125 1.04555 0.045551
0.21875 1.04677 0.0467674
0.21875 1.04677 0.0467674
0.234375 1.04797 0.047974
0.234375 1.04797 0.047974
0.25 1.04916 0.0491619
0.25 1.04916 0.0491619
0.265625 1.05032 0.0503227
0.265625 1.05032 0.0503227
0.28125 1.05145 0.0514482
0.28125 1.05145 0.0514482
0.296875 1.05253 0.0525308
0.296875 1.05253 0.0525308
0.3125 1.05356 0.0535633
0.3125 1.05356 0.0535633
0.328125 1.05454 0.0545389
0.328125 1.05454 0.0545389
0.34375 1.05545 0.0554514
0.34375 1.05545 0.0554514
0.359375 1.05629 0.056295
0.359375 1.05629 0.056295
0.375 1.05706 0.0570643
0.375 1.05706 0.0570643
0.390625 1.05775 0.0577546
0.390625 1.05775 0.0577546
0.40625 1.05836 0.0583616
0.40625 1.05836 0.0583616
0.421875 1.05888 0.0588816
0.421875 1.05888 0.0588816
0.4375 1.05931 0.0593114
0.4375 1.05931 0.0593114
0.453125 1.05965 0.0596484
0.453125 1.05965 0.0596484
0.46875 1.05989 0.0598906
0.46875 1.05989 0.0598906
0.484375 1.06004 0.0600365
0.484375 1.06004 0.0600365
0.5 1.06009 0.0600853
0.5 1.06009 0.0600853
0.515625 1.06004 0.0600365
0.515625 1.06004 0.0600365
0.53125 1.05989 0.0598906
0.53125 1.05989 0.0598906
0.546875 1.05965 0.0596484
0.546875 1.05965 0.0596484
0.5625 1.05931 0.0593114
0.5625 1.05931 0.0593114
0.578125 1.05888 0.0588816
0.578125 1.05888 0.0588816
0.59375 1.05836 0.0583616
0.59375 1.05836 0.0583616
0.609375 1.05775 0.0577546
0.609375 1.05775 0.0577546
0.625 1.05706 0.0570643
0.625 1.05706 0.0570643
0.640625 1.05629 0.056295
0.640625 1.05629 0.056295
0.65625 1.05545 0.0554514
0.65625 1.05545 0.0554514
0.671875 1.05454 0.0545389
0.671875 1.05454 0.0545389
0.6875 1.05356 0.0535633
0.6875 1.05356 0.0535633
0.703125 1.05253 0.0525308
0.703125 1.05253 0.0525308
0.71875 1.05145 0.0514482
0.71875 1.05145 0.0514482
0.734375 1.05032 0.0503227
0.734375 1.05032 0.0503227
0.75 1.04916 0.0491619
0.75 1.04916 0.0491619
0.765625 1.04797 0.047974
0.765625 1.04797 0.047974
0.78125 1.04677 0.0467674
0.78125 1.04677 0.0467674
0.796875 1.04555 0.045551
0.796875 1.04555 0.045551
0.8125 1.04433 0.0443344
0.8125 1.04433 0.0443344
0.828125 1.04313 0.0431274
0.828125 1.04313 0.0431274
0.84375 1.04194 0.0419404
0.84375 1.04194 0.0419404
0.859375 1.04078 0.0407843
0.859375 1.04078 0.0407843
0.875 1.03967 0.0396709
0.875 1.03967 0.0396709
0.890625 1.03861 0.0386126
0.890625 1.03861 0.0386126
0.90625 1.03762 0.0376231
0.90625 1.03762 0.0376231
0.921875 1.03672 0.0367174
0.921875 1.03672 0.0367174
0.9375 1.03591 0.0359126
0.9375 1.03591 0.0359126
0.953125 1.03523 0.0352292
0.953125 1.03523 0.0352292
0.96875 1.03469 0.0346927
0.96875 1.03469 0.0346927
0.984375 1.03434 0.0343391
0.984375 1.03434 0.0343391
1 1 0
