# x y topography
0 1 0
0.015625 1.0297 0.0296979
0.015625 1.0297 0.0296979
0.03125 1.0301 0.0301013
0.03125 1.0301 0.0301013
0.046875 1.03074 0.0307368
0.046875 1.03074 0.0307368
0.0625 1.03157 0.0315672
0.0625 1.03157 0.0315672
0.078125 1.03256 0.0325649
0.078125 1.03256 0.0325649
0.09375 1.03371 0.0337072
0.09375 1.03371 0.0337072
0.109375 1.03497 0.0349738
0.109375 1.03497 0.0349738
0.125 1.03635 0.0363463
0.125 1.03635 0.0363463
0.140625 1.03781 0.0378073
0.140625 1.03781 0.0378073
0.15625 1.03934 0.0393399
0.15625 1.03934 0.0393399
0.171875 1.04093 0.0409282
0.171875 1.04093 0.0409282
0.1875 1.04256 0.0425564
0.1875 1.04256 0.0425564
0.203125 1.04421 0.0442094
0.203125 1.04421 0.0442094
0.21875 1.04587 0.0458724
0.21875 1.04587 0.0458724
0.234375 1.04753 0.0475313
0.234375 1.04753 0.0475313
0.25 1.04917 0.0491724
0.25 1.04917 0.0491724
0.265625 1.05078 0.0507825
0.265625 1.05078 0.0507825
0.28125 1.05235 0.0523492
0.28125 1.05235 0.0523492
0.296875 1.05386 0.0538606
0.296875 1.05386 0.0538606
0.3125 1.05531 0.0553056
0.3125 1.05531 0.0553056
0.328125 1.05667 0.0566738
0.328125 1.05667 0.0566738
0.34375 1.05796 0.0579555
0.34375 1.05796 0.0579555
0.359375 1.05914 0.059142
0.359375 1.05914 0.059142
0.375 1.06023 0.0602252
0.375 1.06023 0.0602252
0.390625 1.0612 0.0611979
0.390625 1.0612 0.0611979
0.40625 1.06205 0.0620538
0.40625 1.06205 0.0620538
0.421875 1.06279 0.0627873
0.421875 1.06279 0.0627873
0.4375 1.06339 0.0633938
0.4375 1.06339 0.0633938
0.453125 1.06387 0.0638695
0.453125 1.06387 0.0638695
0.46875 1.06421 0.0642114
0.46875 1.06421 0.0642114
0.484375 1.06442 0.0644173
0.484375 1.06442 0.0644173
0.5 1.06449 0.0644861
0.5 1.06449 0.0644861
0.515625 1.06442 0.0644173
0.515625 1.06442 0.0644173
0.53125 1.06421 0.0642114
0.53125 1.06421 0.0642114
0.546875 1.06387 0.0638695
0.546875 1.06387 0.0638695
0.5625 1.06339 0.0633938
0.5625 1.06339 0.0633938
0.578125 1.06279 0.0627873
0.578125 1.06279 0.0627873
0.59375 1.06205 0.0620538
0.59375 1.06205 0.0620538
0.609375 1.0612 0.0611979
0.609375 1.0612 0.0611979
0.625 1.06023 0.0602252
0.625 1.06023 0.0602252
0.640625 1.05914 0.059142
0.640625 1.05914 0.059142
0.65625 1.05796 0.0579555
0.65625 1.05796 0.0579555
0.671875 1.05667 0.0566738
0.671875 1.05667 0.0566738
0.6875 1.05531 0.0553056
0.6875 1.05531 0.0553056
0.703125 1.05386 0.0538606
0.703125 1.05386 0.0538606
0.71875 1.05235 0.0523492
0.71875 1.05235 0.0523492
0.734375 1.05078 0.0507825
0.734375 1.05078 0.0507825
0.75 1.04917 0.0491724
0.75 1.04917 0.0491724
0.765625 1.04753 0.0475313
0.765625 1.04753 0.0475313
0.78125 1.04587 0.0458724
0.78125 1.04587 0.0458724
0.796875 1.04421 0.0442094
0.796875 1.04421 0.0442094
0.8125 1.04256 0.0425564
0.8125 1.04256 0.0425564
0.828125 1.04093 0.0409282
0.828125 1.04093 0.0409282
0.84375 1.03934 0.0393399
0.84375 1.03934 0.0393399
0.859375 1.03781 0.0378073
0.859375 1.03781 0.0378073
0.875 1.03635 0.0363463
0.875 1.03635 0.0363463
0.890625 1.03497 0.0349738
0.890625 1.03497 0.0349738
0.90625 1.03371 0.0337072
0.90625 1.03371 0.0337072
0.921875 1.03256 0.0325649
0.921875 1.03256 0.0325649
0.9375 1.03157 0.0315672
0.9375 1.03157 0.0315672
0.953125 1.03074 0.0307368
0.953125 1.03074 0.0307368
0.96875 1.0301 0.0301013
0.96875 1.0301 0.0301013
0.984375 1.0297 0.0296979
0.984375 1.0297 0.0296979
1 1 0
