# x y topography
0 1 0
0.015625 1.03421 0.0342132
0.015625 1.03421 0.0342132
0.03125 1.03457 0.0345681
0.03125 1.03457 0.0345681
0.046875 1.03511 0.035107
0.046875 1.03511 0.035107
0.0625 1.03579 0.0357943
0.0625 1.03579 0.0357943
0.078125 1.0366 0.036604
0.078125 1.0366 0.036604
0.09375 1.03752 0.0375158
0.09375 1.03752 0.0375158
0.109375 1.03851 0.0385125
0.109375 1.03851 0.0385125
0.125 1.03958 0.0395789
0.125 1.03958 0.0395789
0.140625 1.0407 0.0407014
0.140625 1.0407 0.0407014
0.15625 1.04187 0.0418674
0.15625 1.04187 0.0418674
0.171875 1.04307 0.043065
0.171875 1.04307 0.043065
0.1875 1.04428 0.0442833
0.1875 1.04428 0.0442833
0.203125 1.04551 0.0455116
0.203125 1.04551 0.0455116
0.21875 1.04674 0.04674
0.21875 1.04674 0.04674
0.234375 1.04796 0.047959
0.234375 1.04796 0.047959
0.25 1.04916 0.0491595
0.25 1.04916 0.0491595
0.265625 1.05033 0.0503327
0.265625 1.05033 0.0503327
0.28125 1.05147 0.0514706
0.28125 1.05147 0.0514706
0.296875 1.05257 0.0525653
0.296875 1.05257 0.0525653
0.3125 1.05361 0.0536096
0.3125 1.05361 0.0536096
0.328125 1.0546 0.0545965
0.328125 1.0546 0.0545965
0.34375 1.05552 0.0555197
0.34375 1.05552 0.0555197
0.359375 1.05637 0.0563733
0.359375 1.05637 0.0563733
0.375 1.05715 0.0571519
0.375 1.05715 0.0571519
0.390625 1.05785 0.0578506
0.390625 1.05785 0.0578506
0.40625 1.05846 0.058465
0.40625 1.05846 0.058465
0.421875 1.05899 0.0589914
0.421875 1.05899 0.0589914
0.4375 1.05943 0.0594265
0.4375 1.05943 0.0594265
0.453125 1.05977 0.0597677
0.453125 1.05977 0.0597677
0.46875 1.06001 0.060013
0.46875 1.06001 0.060013
0.484375 1.06016 0.0601607
0.484375 1.06016 0.0601607
0.5 1.06021 0.06021
0.5 1.06021 0.06021
0.515625 1.06016 0.0601607
0.515625 1.06016 0.0601607
0.53125 1.06001 0.060013
0.53125 1.06001 0.060013
0.546875 1.05977 0.0597677
0.546875 1.05977 0.0597677
0.5625 1.05943 0.0594265
0.5625 1.05943 0.0594265
0.578125 1.05899 0.0589914
0.578125 1.05899 0.0589914
0.59375 1.05846 0.058465
0.59375 1.05846 0.058465
0.609375 1.05785 0.0578506
0.609375 1.05785 0.0578506
0.625 1.05715 0.0571519
0.625 1.05715 0.0571519
0.640625 1.05637 0.0563733
0.640625 1.05637 0.0563733
0.65625 1.05552 0.0555197
0.65625 1.05552 0.0555197
0.671875 1.0546 0.0545965
0.671875 1.0546 0.0545965
0.6875 1.05361 0.0536096
0.6875 1.05361 0.0536096
0.703125 1.05257 0.0525653
0.703125 1.05257 0.0525653
0.71875 1.05147 0.0514706
0.71875 1.05147 0.0514706
0.734375 1.05033 0.0503327
0.734375 1.05033 0.0503327
0.75 1.04916 0.0491595
0.75 1.04916 0.0491595
0.765625 1.04796 0.047959
0.765625 1.04796 0.047959
0.78125 1.04674 0.04674
0.78125 1.04674 0.04674
0.796875 1.04551 0.0455116
0.796875 1.04551 0.0455116
0.8125 1.04428 0.0442833
0.8125 1.04428 0.0442833
0.828125 1.04307 0.043065
0.828125 1.04307 0.043065
0.84375 1.04187 0.0418674
0.84375 1.04187 0.0418674
0.859375 1.0407 0.0407014
0.859375 1.0407 0.0407014
0.875 1.03958 0.0395789
0.875 1.03958 0.0395789
0.890625 1.03851 0.0385125
0.890625 1.03851 0.0385125
0.90625 1.03752 0.0375158
0.90625 1.03752 0.0375158
0.921875 1.0366 0.036604
0.921875 1.0366 0.036604
0.9375 1.03579 0.0357943
0.9375 1.03579 0.0357943
0.953125 1.03511 0.035107
0.953125 1.03511 0.035107
0.96875 1.03457 0.0345681
0.96875 1.03457 0.0345681
0.984375 1.03421 0.0342132
0.984375 1.03421 0.0342132
1 1 0
