# x y topography
0 1 0
0.015625 1.03312 0.0331224
0.015625 1.03312 0.0331224
0.03125 1.03349 0.0334884
0.03125 1.03349 0.0334884
0.046875 1.03405 0.0340495
0.046875 1.03405 0.0340495
0.0625 1.03477 0.0347696
0.0625 1.03477 0.0347696
0.078125 1.03562 0.0356227
0.078125 1.03562 0.0356227
0.09375 1.03659 0.0365877
0.09375 1.03659 0.0365877
0.109375 1.03765 0.037647
0.109375 1.03765 0.037647
0.125 1.03878 0.0387847
0.125 1.03878 0.0387847
0.140625 1.03999 0.0399864
0.140625 1.03999 0.0399864
0.15625 1.04124 0.0412387
0.15625 1.04124 0.0412387
0.171875 1.04253 0.0425287
0.171875 1.04253 0.0425287
0.1875 1.04384 0.0438446
0.1875 1.04384 0.0438446
0.203125 1.04517 0.0451747
0.203125 1.04517 0.0451747
0.21875 1.04651 0.046508
0.21875 1.04651 0.046508
0.234375 1.04783 0.0478339
0.234375 1.04783 0.0478339
0.25 1.04914 0.0491422
0.25 1.04914 0.0491422
0.265625 1.05042 0.0504233
0.265625 1.05042 0.0504233
0.28125 1.05167 0.0516677
0.28125 1.05167 0.0516677
0.296875 1.05287 0.0528668
0.296875 1.05287 0.0528668
0.3125 1.05401 0.0540122
0.3125 1.05401 0.0540122
0.328125 1.0551 0.055096
0.328125 1.0551 0.055096
0.34375 1.05611 0.056111
0.34375 1.05611 0.056111
0.359375 1.05705 0.0570504
0.359375 1.05705 0.0570504
0.375 1.05791 0.0579079
0.375 1.05791 0.0579079
0.390625 1.05868 0.058678
0.390625 1.05868 0.058678
0.40625 1.05936 0.0593557
0.40625 1.05936 0.0593557
0.421875 1.05994 0.0599367
0.421875 1.05994 0.0599367
0.4375 1.06042 0.0604171
0.4375 1.06042 0.0604171
0.453125 1.06079 0.060794
0.453125 1.06079 0.060794
0.46875 1.06106 0.0610649
0.46875 1.06106 0.0610649
0.484375 1.06123 0.0612282
0.484375 1.06123 0.0612282
0.5 1.06128 0.0612827
0.5 1.06128 0.0612827
0.515625 1.06123 0.0612282
0.515625 1.06123 0.0612282
0.53125 1.06106 0.0610649
0.53125 1.06106 0.0610649
0.546875 1.06079 0.060794
0.546875 1.06079 0.060794
0.5625 1.06042 0.0604171
0.5625 1.06042 0.0604171
0.578125 1.05994 0.0599367
0.578125 1.05994 0.0599367
0.59375 1.05936 0.0593557
0.59375 1.05936 0.0593557
0.609375 1.05868 0.058678
0.609375 1.05868 0.058678
0.625 1.05791 0.0579079
0.625 1.05791 0.0579079
0.640625 1.05705 0.0570504
0.640625 1.05705 0.0570504
0.65625 1.05611 0.056111
0.65625 1.05611 0.056111
0.671875 1.0551 0.055096
0.671875 1.0551 0.055096
0.6875 1.05401 0.0540122
0.6875 1.05401 0.0540122
0.703125 1.05287 0.0528668
0.703125 1.05287 0.0528668
0.71875 1.05167 0.0516677
0.71875 1.05167 0.0516677
0.734375 1.05042 0.0504233
0.734375 1.05042 0.0504233
0.75 1.04914 0.0491422
0.75 1.04914 0.0491422
0.765625 1.04783 0.0478339
0.765625 1.04783 0.0478339
0.78125 1.04651 0.046508
0.78125 1.04651 0.046508
0.796875 1.04517 0.0451747
0.796875 1.04517 0.0451747
0.8125 1.04384 0.0438446
0.8125 1.04384 0.0438446
0.828125 1.04253 0.0425287
0.828125 1.04253 0.0425287
0.84375 1.04124 0.0412387
0.84375 1.04124 0.0412387
0.859375 1.03999 0.0399864
0.859375 1.03999 0.0399864
0.875 1.03878 0.0387847
0.875 1.03878 0.0387847
0.890625 1.03765 0.037647
0.890625 1.03765 0.037647
0.90625 1.03659 0.0365877
0.90625 1.03659 0.0365877
0.921875 1.03562 0.0356227
0.921875 1.03562 0.0356227
0.9375 1.03477 0.0347696
0.9375 1.03477 0.0347696
0.953125 1.03405 0.0340495
0.953125 1.03405 0.0340495
0.96875 1.03349 0.0334884
0.96875 1.03349 0.0334884
0.984375 1.03312 0.0331224
0.984375 1.03312 0.0331224
1 1 0
