# x y topography
0 1 0
0.015625 1.02361 0.02361
0.015625 1.02361 0.02361
0.03125 1.0241 0.0240999
0.03125 1.0241 0.0240999
0.046875 1.02491 0.0249062
0.046875 1.02491 0.0249062
0.0625 1.02599 0.0259877
0.0625 1.02599 0.0259877
0.078125 1.02731 0.0273108
0.078125 1.02731 0.0273108
0.09375 1.02885 0.0288451
0.09375 1.02885 0.0288451
0.109375 1.03056 0.0305617
0.109375 1.03056 0.0305617
0.125 1.03243 0.0324323
0.125 1.03243 0.0324323
0.140625 1.03443 0.0344292
0.140625 1.03443 0.0344292
0.15625 1.03653 0.0365251
0.15625 1.03653 0.0365251
0.171875 1.03869 0.0386937
0.171875 1.03869 0.0386937
0.1875 1.04091 0.0409093
0.1875 1.04091 0.0409093
0.203125 1.04315 0.0431479
0.203125 1.04315 0.0431479
0.21875 1.04539 0.0453863
0.21875 1.04539 0.0453863
0.234375 1.0476 0.0476034
0.234375 1.0476 0.0476034
0.25 1.04978 0.0497795
0.25 1.04978 0.0497795
0.265625 1.0519 0.0518966
0.265625 1.0519 0.0518966
0.28125 1.05394 0.0539387
0.28125 1.05394 0.0539387
0.296875 1.05589 0.0558911
0.296875 1.05589 0.0558911
0.3125 1.05774 0.0577413
0.3125 1.05774 0.0577413
0.328125 1.05948 0.0594779
0.328125 1.05948 0.0594779
0.34375 1.06109 0.0610913
0.34375 1.06109 0.0610913
0.359375 1.06257 0.0625728
0.359375 1.06257 0.0625728
0.375 1.06392 0.0639155
0.375 1.06392 0.0639155
0.390625 1.06511 0.0651131
0.390625 1.06511 0.0651131
0.40625 1.06616 0.0661605
0.40625 1.06616 0.0661605
0.421875 1.06705 0.0670534
0.421875 1.06705 0.0670534
0.4375 1.06779 0.0677884
0.4375 1.06779 0.0677884
0.453125 1.06836 0.0683628
0.453125 1.06836 0.0683628
0.46875 1.06877 0.0687746
0.46875 1.06877 0.0687746
0.484375 1.06902 0.0690222
0.484375 1.06902 0.0690222
0.5 1.0691 0.0691048
0.5 1.0691 0.0691048
0.515625 1.06902 0.0690222
0.515625 1.06902 0.0690222
0.53125 1.06877 0.0687746
0.53125 1.06877 0.0687746
0.546875 1.06836 0.0683628
0.546875 1.06836 0.0683628
0.5625 1.06779 0.0677884
0.5625 1.06779 0.0677884
0.578125 1.06705 0.0670534
0.578125 1.06705 0.0670534
0.59375 1.06616 0.0661605
0.59375 1.06616 0.0661605
0.609375 1.06511 0.0651131
0.609375 1.06511 0.0651131
0.625 1.06392 0.0639155
0.625 1.06392 0.0639155
0.640625 1.06257 0.0625728
0.640625 1.06257 0.0625728
0.65625 1.06109 0.0610913
0.65625 1.06109 0.0610913
0.671875 1.05948 0.0594779
0.671875 1.05948 0.0594779
0.6875 1.05774 0.0577413
0.6875 1.05774 0.0577413
0.703125 1.05589 0.0558911
0.703125 1.05589 0.0558911
0.71875 1.05394 0.0539387
0.71875 1.05394 0.0539387
0.734375 1.0519 0.0518966
0.734375 1.0519 0.0518966
0.75 1.04978 0.0497795
0.75 1.04978 0.0497795
0.765625 1.0476 0.0476034
0.765625 1.0476 0.0476034
0.78125 1.04539 0.0453863
0.78125 1.04539 0.0453863
0.796875 1.04315 0.0431479
0.796875 1.04315 0.0431479
0.8125 1.04091 0.0409093
0.8125 1.04091 0.0409093
0.828125 1.03869 0.0386937
0.828125 1.03869 0.0386937
0.84375 1.03653 0.0365251
0.84375 1.03653 0.0365251
0.859375 1.03443 0.0344292
0.859375 1.03443 0.0344292
0.875 1.03243 0.0324323
0.875 1.03243 0.0324323
0.890625 1.03056 0.0305617
0.890625 1.03056 0.0305617
0.90625 1.02885 0.0288451
0.90625 1.02885 0.0288451
0.921875 1.02731 0.0273108
0.921875 1.02731 0.0273108
0.9375 1.02599 0.0259877
0.9375 1.02599 0.0259877
0.953125 1.02491 0.0249062
0.953125 1.02491 0.0249062
0.96875 1.0241 0.0240999
0.96875 1.0241 0.0240999
0.984375 1.02361 0.02361
0.984375 1.02361 0.02361
1 1 0
