# x y topography
0 1 0
0.015625 1.03379 0.0337939
0.015625 1.03379 0.0337939
0.03125 1.03415 0.034153
0.03125 1.03415 0.034153
0.046875 1.0347 0.0347004
0.046875 1.0347 0.0347004
0.0625 1.0354 0.0354002
0.0625 1.0354 0.0354002
0.078125 1.03623 0.0362265
0.078125 1.03623 0.0362265
0.09375 1.03716 0.0371587
0.09375 1.03716 0.0371587
0.109375 1.03818 0.0381793
0.109375 1.03818 0.0381793
0.125 1.03927 0.039273
0.125 1.03927 0.039273
0.140625 1.04043 0.0404258
0.140625 1.04043 0.0404258
0.15625 1.04162 0.0416248
0.15625 1.04162 0.0416248
0.171875 1.04286 0.0428579
0.171875 1.04286 0.0428579
0.1875 1.04411 0.0441136
0.1875 1.04411 0.0441136
0.203125 1.04538 0.0453811
0.203125 1.04538 0.0453811
0.21875 1.04665 0.0466498
0.21875 1.04665 0.0466498
0.234375 1.04791 0.0479099
0.234375 1.04791 0.0479099
0.25 1.04915 0.0491519
0.25 1.04915 0.0491519
0.265625 1.05037 0.0503667
0.265625 1.05037 0.0503667
0.28125 1.05155 0.0515457
0.28125 1.05155 0.0515457
0.296875 1.05268 0.0526807
0.296875 1.05268 0.0526807
0.3125 1.05376 0.053764
0.3125 1.05376 0.053764
0.328125 1.05479 0.0547884
0.328125 1.05479 0.0547884
0.34375 1.05575 0.0557472
0.34375 1.05575 0.0557472
0.359375 1.05663 0.056634
0.359375 1.05663 0.056634
0.375 1.05744 0.0574431
0.375 1.05744 0.0574431
0.390625 1.05817 0.0581695
0.390625 1.05817 0.0581695
0.40625 1.05881 0.0588085
0.40625 1.05881 0.0588085
0.421875 1.05936 0.0593561
0.421875 1.05936 0.0593561
0.4375 1.05981 0.0598088
0.4375 1.05981 0.0598088
0.453125 1.06016 0.0601639
0.453125 1.06016 0.0601639
0.46875 1.06042 0.0604191
0.46875 1.06042 0.0604191
0.484375 1.06057 0.0605729
0.484375 1.06057 0.0605729
0.5 1.06062 0.0606242
0.5 1.06062 0.0606242
0.515625 1.06057 0.0605729
0.515625 1.06057 0.0605729
0.53125 1.06042 0.0604191
0.53125 1.06042 0.0604191
0.546875 1.06016 0.0601639
0.546875 1.06016 0.0601639
0.5625 1.05981 0.0598088
0.5625 1.05981 0.0598088
0.578125 1.05936 0.0593561
0.578125 1.05936 0.0593561
0.59375 1.05881 0.0588085
0.59375 1.05881 0.0588085
0.609375 1.05817 0.0581695
0.609375 1.05817 0.0581695
0.625 1.05744 0.0574431
0.625 1.05744 0.0574431
0.640625 1.05663 0.056634
0.640625 1.05663 0.056634
0.65625 1.05575 0.0557472
0.65625 1.05575 0.0557472
0.671875 1.05479 0.0547884
0.671875 1.05479 0.0547884
0.6875 1.05376 0.053764
0.6875 1.05376 0.053764
0.703125 1.05268 0.0526807
0.703125 1.05268 0.0526807
0.71875 1.05155 0.0515457
0.71875 1.05155 0.0515457
0.734375 1.05037 0.0503667
0.734375 1.05037 0.0503667
0.75 1.04915 0.0491519
0.75 1.04915 0.0491519
0.765625 1.04791 0.0479099
0.765625 1.04791 0.0479099
0.78125 1.04665 0.0466498
0.78125 1.04665 0.0466498
0.796875 1.04538 0.0453811
0.796875 1.04538 0.0453811
0.8125 1.04411 0.0441136
0.8125 1.04411 0.0441136
0.828125 1.04286 0.0428579
0.828125 1.04286 0.0428579
0.84375 1.04162 0.0416248
0.84375 1.04162 0.0416248
0.859375 1.04043 0.0404258
0.859375 1.04043 0.0404258
0.875 1.03927 0.039273
0.875 1.03927 0.039273
0.890625 1.03818 0.0381793
0.890625 1.03818 0.0381793
0.90625 1.03716 0.0371587
0.90625 1.03716 0.0371587
0.921875 1.03623 0.0362265
0.921875 1.03623 0.0362265
0.9375 1.0354 0.0354002
0.9375 1.0354 0.0354002
0.953125 1.0347 0.0347004
0.953125 1.0347 0.0347004
0.96875 1.03415 0.034153
0.96875 1.03415 0.034153
0.984375 1.03379 0.0337939
0.984375 1.03379 0.0337939
1 1 0
