# x y topography
0 1 0
0.015625 1.02133 0.021332
0.015625 1.02133 0.021332
0.03125 1.02187 0.0218661
0.03125 1.02187 0.0218661
0.046875 1.02276 0.022759
0.046875 1.02276 0.022759
0.0625 1.02397 0.0239661
0.0625 1.02397 0.0239661
0.078125 1.02545 0.0254492
0.078125 1.02545 0.0254492
0.09375 1.02717 0.027172
0.09375 1.02717 0.027172
0.109375 1.0291 0.029099
0.109375 1.0291 0.029099
0.125 1.0312 0.0311951
0.125 1.0312 0.0311951
0.140625 1.03343 0.0334258
0.140625 1.03343 0.0334258
0.15625 1.03576 0.0357574
0.15625 1.03576 0.0357574
0.171875 1.03816 0.0381579
0.171875 1.03816 0.0381579
0.1875 1.0406 0.0405969
0.1875 1.0406 0.0405969
0.203125 1.04305 0.0430464
0.203125 1.04305 0.0430464
0.21875 1.04548 0.0454806
0.21875 1.04548 0.0454806
0.234375 1.04788 0.0478764
0.234375 1.04788 0.0478764
0.25 1.05021 0.0502134
0.25 1.05021 0.0502134
0.265625 1.05247 0.0524735
0.265625 1.05247 0.0524735
0.28125 1.05464 0.0546412
0.28125 1.05464 0.0546412
0.296875 1.0567 0.0567028
0.296875 1.0567 0.0567028
0.3125 1.05865 0.0586469
0.3125 1.05865 0.0586469
0.328125 1.06046 0.0604638
0.328125 1.06046 0.0604638
0.34375 1.06215 0.0621452
0.34375 1.06215 0.0621452
0.359375 1.06368 0.0636841
0.359375 1.06368 0.0636841
0.375 1.06507 0.0650746
0.375 1.06507 0.0650746
0.390625 1.06631 0.0663118
0.390625 1.06631 0.0663118
0.40625 1.06739 0.0673916
0.40625 1.06739 0.0673916
0.421875 1.06831 0.0683106
0.421875 1.06831 0.0683106
0.4375 1.06907 0.0690661
0.4375 1.06907 0.0690661
0.453125 1.06966 0.0696559
0.453125 1.06966 0.0696559
0.46875 1.07008 0.0700784
0.46875 1.07008 0.0700784
0.484375 1.07033 0.0703323
0.484375 1.07033 0.0703323
0.5 1.07042 0.070417
0.5 1.07042 0.070417
0.515625 1.07033 0.0703323
0.515625 1.07033 0.0703323
0.53125 1.07008 0.0700784
0.53125 1.07008 0.0700784
0.546875 1.06966 0.0696559
0.546875 1.06966 0.0696559
0.5625 1.06907 0.0690661
0.5625 1.06907 0.0690661
0.578125 1.06831 0.0683106
0.578125 1.06831 0.0683106
0.59375 1.06739 0.0673916
0.59375 1.06739 0.0673916
0.609375 1.06631 0.0663118
0.609375 1.06631 0.0663118
0.625 1.06507 0.0650746
0.625 1.06507 0.0650746
0.640625 1.06368 0.0636841
0.640625 1.06368 0.0636841
0.65625 1.06215 0.0621452
0.65625 1.06215 0.0621452
0.671875 1.06046 0.0604638
0.671875 1.06046 0.0604638
0.6875 1.05865 0.0586469
0.6875 1.05865 0.0586469
0.703125 1.0567 0.0567028
0.703125 1.0567 0.0567028
0.71875 1.05464 0.0546412
0.71875 1.05464 0.0546412
0.734375 1.05247 0.0524735
0.734375 1.05247 0.0524735
0.75 1.05021 0.0502134
0.75 1.05021 0.0502134
0.765625 1.04788 0.0478764
0.765625 1.04788 0.0478764
0.78125 1.04548 0.0454806
0.78125 1.04548 0.0454806
0.796875 1.04305 0.0430464
0.796875 1.04305 0.0430464
0.8125 1.0406 0.0405969
0.8125 1.0406 0.0405969
0.828125 1.03816 0.0381579
0.828125 1.03816 0.0381579
0.84375 1.03576 0.0357574
0.84375 1.03576 0.0357574
0.859375 1.03343 0.0334258
0.859375 1.03343 0.0334258
0.875 1.0312 0.0311951
0.875 1.0312 0.0311951
0.890625 1.0291 0.029099
0.890625 1.0291 0.029099
0.90625 1.02717 0.027172
0.90625 1.02717 0.027172
0.921875 1.02545 0.0254492
0.921875 1.02545 0.0254492
0.9375 1.02397 0.0239661
0.9375 1.02397 0.0239661
0.953125 1.02276 0.022759
0.953125 1.02276 0.022759
0.96875 1.02187 0.0218661
0.96875 1.02187 0.0218661
0.984375 1.02133 0.021332
0.984375 1.02133 0.021332
1 1 0
