# x y topography
0 1 0
0.015625 1.02025 0.0202477
0.015625 1.02025 0.0202477
0.03125 1.02081 0.0208064
0.03125 1.02081 0.0208064
0.046875 1.02175 0.0217472
0.046875 1.02175 0.0217472
0.0625 1.02302 0.0230233
0.0625 1.02302 0.0230233
0.078125 1.02459 0.0245932
0.078125 1.02459 0.0245932
0.09375 1.02642 0.0264168
0.09375 1.02642 0.0264168
0.109375 1.02845 0.0284544
0.109375 1.02845 0.0284544
0.125 1.03067 0.0306667
0.125 1.03067 0.0306667
0.140625 1.03302 0.0330151
0.140625 1.03302 0.0330151
0.15625 1.03546 0.0354623
0.15625 1.03546 0.0354623
0.171875 1.03797 0.0379733
0.171875 1.03797 0.0379733
0.1875 1.04052 0.0405156
0.1875 1.04052 0.0405156
0.203125 1.04306 0.0430593
0.203125 1.04306 0.0430593
0.21875 1.04558 0.0455781
0.21875 1.04558 0.0455781
0.234375 1.04805 0.0480485
0.234375 1.04805 0.0480485
0.25 1.05045 0.0504502
0.25 1.05045 0.0504502
0.265625 1.05277 0.0527659
0.265625 1.05277 0.0527659
0.28125 1.05498 0.0549807
0.28125 1.05498 0.0549807
0.296875 1.05708 0.0570821
0.296875 1.05708 0.0570821
0.3125 1.05906 0.0590596
0.3125 1.05906 0.0590596
0.328125 1.0609 0.0609044
0.328125 1.0609 0.0609044
0.34375 1.06261 0.0626089
0.34375 1.06261 0.0626089
0.359375 1.06417 0.0641671
0.359375 1.06417 0.0641671
0.375 1.06557 0.0655736
0.375 1.06557 0.0655736
0.390625 1.06682 0.0668241
0.390625 1.06682 0.0668241
0.40625 1.06791 0.0679148
0.40625 1.06791 0.0679148
0.421875 1.06884 0.0688427
0.421875 1.06884 0.0688427
0.4375 1.06961 0.0696052
0.4375 1.06961 0.0696052
0.453125 1.0702 0.0702003
0.453125 1.0702 0.0702003
0.46875 1.07063 0.0706265
0.46875 1.07063 0.0706265
0.484375 1.07088 0.0708826
0.484375 1.07088 0.0708826
0.5 1.07097 0.070968
0.5 1.07097 0.070968
0.515625 1.07088 0.0708826
0.515625 1.07088 0.0708826
0.53125 1.07063 0.0706265
0.53125 1.07063 0.0706265
0.546875 1.0702 0.0702003
0.546875 1.0702 0.0702003
0.5625 1.06961 0.0696052
0.5625 1.06961 0.0696052
0.578125 1.06884 0.0688427
0.578125 1.06884 0.0688427
0.59375 1.06791 0.0679148
0.59375 1.06791 0.0679148
0.609375 1.06682 0.0668241
0.609375 1.06682 0.0668241
0.625 1.06557 0.0655736
0.625 1.06557 0.0655736
0.640625 1.06417 0.0641671
0.640625 1.06417 0.0641671
0.65625 1.06261 0.0626089
0.65625 1.06261 0.0626089
0.671875 1.0609 0.0609044
0.671875 1.0609 0.0609044
0.6875 1.05906 0.0590596
0.6875 1.05906 0.0590596
0.703125 1.05708 0.0570821
0.703125 1.05708 0.0570821
0.71875 1.05498 0.0549807
0.71875 1.05498 0.0549807
0.734375 1.05277 0.0527659
0.734375 1.05277 0.0527659
0.75 1.05045 0.0504502
0.75 1.05045 0.0504502
0.765625 1.04805 0.0480485
0.765625 1.04805 0.0480485
0.78125 1.04558 0.0455781
0.78125 1.04558 0.0455781
0.796875 1.04306 0.0430593
0.796875 1.04306 0.0430593
0.8125 1.04052 0.0405156
0.8125 1.04052 0.0405156
0.828125 1.03797 0.0379733
0.828125 1.03797 0.0379733
0.84375 1.03546 0.0354623
0.84375 1.03546 0.0354623
0.859375 1.03302 0.0330151
0.859375 1.03302 0.0330151
0.875 1.03067 0.0306667
0.875 1.03067 0.0306667
0.890625 1.02845 0.0284544
0.890625 1.02845 0.0284544
0.90625 1.02642 0.0264168
0.90625 1.02642 0.0264168
0.921875 1.02459 0.0245932
0.921875 1.02459 0.0245932
0.9375 1.02302 0.0230233
0.9375 1.02302 0.0230233
0.953125 1.02175 0.0217472
0.953125 1.02175 0.0217472
0.96875 1.02081 0.0208064
0.96875 1.02081 0.0208064
0.984375 1.02025 0.0202477
0.984375 1.02025 0.0202477
1 1 0
