# x y topography
0 1 0
0.015625 1.03024 0.0302393
0.015625 1.03024 0.0302393
0.03125 1.03064 0.0306365
0.03125 1.03064 0.0306365
0.046875 1.03126 0.0312595
0.046875 1.03126 0.0312595
0.0625 1.03207 0.0320715
0.0625 1.03207 0.0320715
0.078125 1.03305 0.0330451
0.078125 1.03305 0.0330451
0.09375 1.03416 0.034158
0.09375 1.03416 0.034158
0.109375 1.03539 0.0353903
0.109375 1.03539 0.0353903
0.125 1.03672 0.0367242
0.125 1.03672 0.0367242
0.140625 1.03814 0.0381427
0.140625 1.03814 0.0381427
0.15625 1.03963 0.0396297
0.15625 1.03963 0.0396297
0.171875 1.04117 0.0411697
0.171875 1.04117 0.0411697
0.1875 1.04275 0.0427477
0.1875 1.04275 0.0427477
0.203125 1.04435 0.0443492
0.203125 1.04435 0.0443492
0.21875 1.04596 0.0459601
0.21875 1.04596 0.0459601
0.234375 1.04757 0.0475668
0.234375 1.04757 0.0475668
0.25 1.04916 0.0491561
0.25 1.04916 0.0491561
0.265625 1.05072 0.0507155
0.265625 1.05072 0.0507155
0.28125 1.05223 0.052233
0.28125 1.05223 0.052233
0.296875 1.0537 0.0536971
0.296875 1.0537 0.0536971
0.3125 1.0551 0.0550972
0.3125 1.0551 0.0550972
0.328125 1.05642 0.0564232
0.328125 1.05642 0.0564232
0.34375 1.05767 0.0576657
0.34375 1.05767 0.0576657
0.359375 1.05882 0.0588161
0.359375 1.05882 0.0588161
0.375 1.05987 0.0598667
0.375 1.05987 0.0598667
0.390625 1.06081 0.0608103
0.390625 1.06081 0.0608103
0.40625 1.06164 0.0616408
0.40625 1.06164 0.0616408
0.421875 1.06235 0.0623527
0.421875 1.06235 0.0623527
0.4375 1.06294 0.0629414
0.4375 1.06294 0.0629414
0.453125 1.0634 0.0634033
0.453125 1.0634 0.0634033
0.46875 1.06374 0.0637352
0.46875 1.06374 0.0637352
0.484375 1.06394 0.0639353
0.484375 1.06394 0.0639353
0.5 1.064 0.0640021
0.5 1.064 0.0640021
0.515625 1.06394 0.0639353
0.515625 1.06394 0.0639353
0.53125 1.06374 0.0637352
0.53125 1.06374 0.0637352
0.546875 1.0634 0.0634033
0.546875 1.0634 0.0634033
0.5625 1.06294 0.0629414
0.5625 1.06294 0.0629414
0.578125 1.06235 0.0623527
0.578125 1.06235 0.0623527
0.59375 1.06164 0.0616408
0.59375 1.06164 0.0616408
0.609375 1.06081 0.0608103
0.609375 1.06081 0.0608103
0.625 1.05987 0.0598667
0.625 1.05987 0.0598667
0.640625 1.05882 0.0588161
0.640625 1.05882 0.0588161
0.65625 1.05767 0.0576657
0.65625 1.05767 0.0576657
0.671875 1.05642 0.0564232
0.671875 1.05642 0.0564232
0.6875 1.0551 0.0550972
0.6875 1.0551 0.0550972
0.703125 1.0537 0.0536971
0.703125 1.0537 0.0536971
0.71875 1.05223 0.052233
0.71875 1.05223 0.052233
0.734375 1.05072 0.0507155
0.734375 1.05072 0.0507155
0.75 1.04916 0.0491561
0.75 1.04916 0.0491561
0.765625 1.04757 0.0475668
0.765625 1.04757 0.0475668
0.78125 1.04596 0.0459601
0.78125 1.04596 0.0459601
0.796875 1.04435 0.0443492
0.796875 1.04435 0.0443492
0.8125 1.04275 0.0427477
0.8125 1.04275 0.0427477
0.828125 1.04117 0.0411697
0.828125 1.04117 0.0411697
0.84375 1.03963 0.0396297
0.84375 1.03963 0.0396297
0.859375 1.03814 0.0381427
0.859375 1.03814 0.0381427
0.875 1.03672 0.0367242
0.875 1.03672 0.0367242
0.890625 1.03539 0.0353903
0.890625 1.03539 0.0353903
0.90625 1.03416 0.034158
0.90625 1.03416 0.034158
0.921875 1.03305 0.0330451
0.921875 1.03305 0.0330451
0.9375 1.03207 0.0320715
0.9375 1.03207 0.0320715
0.953125 1.03126 0.0312595
0.953125 1.03126 0.0312595
0.96875 1.03064 0.0306365
0.96875 1.03064 0.0306365
0.984375 1.03024 0.0302393
0.984375 1.03024 0.0302393
1 1 0
