# x y topography
0 1 0
0.015625 1.02381 0.0238105
0.015625 1.02381 0.0238105
0.03125 1.0243 0.024297
0.03125 1.0243 0.024297
0.046875 1.0251 0.0250964
0.046875 1.0251 0.0250964
0.0625 1.02617 0.0261679
0.0625 1.02617 0.0261679
0.078125 1.02748 0.0274781
0.078125 1.02748 0.0274781
0.09375 1.029 0.0289972
0.09375 1.029 0.0289972
0.109375 1.0307 0.0306965
0.109375 1.0307 0.0306965
0.125 1.03255 0.0325485
0.125 1.03255 0.0325485
0.140625 1.03453 0.0345257
0.140625 1.03453 0.0345257
0.15625 1.0366 0.0366015
0.15625 1.0366 0.0366015
0.171875 1.03875 0.0387498
0.171875 1.03875 0.0387498
0.1875 1.04095 0.0409457
0.1875 1.04095 0.0409457
0.203125 1.04317 0.0431651
0.203125 1.04317 0.0431651
0.21875 1.04539 0.0453855
0.21875 1.04539 0.0453855
0.234375 1.04759 0.0475857
0.234375 1.04759 0.0475857
0.25 1.04975 0.0497463
0.25 1.04975 0.0497463
0.265625 1.05185 0.0518493
0.265625 1.05185 0.0518493
0.28125 1.05388 0.0538786
0.28125 1.05388 0.0538786
0.296875 1.05582 0.0558199
0.296875 1.05582 0.0558199
0.3125 1.05766 0.0576601
0.3125 1.05766 0.0576601
0.328125 1.05939 0.0593882
0.328125 1.05939 0.0593882
0.34375 1.06099 0.0609941
0.34375 1.06099 0.0609941
0.359375 1.06247 0.0624694
0.359375 1.06247 0.0624694
0.375 1.06381 0.0638067
0.375 1.06381 0.0638067
0.390625 1.065 0.0649998
0.390625 1.065 0.0649998
0.40625 1.06604 0.0660436
0.40625 1.06604 0.0660436
0.421875 1.06693 0.0669335
0.421875 1.06693 0.0669335
0.4375 1.06767 0.0676662
0.4375 1.06767 0.0676662
0.453125 1.06824 0.0682389
0.453125 1.06824 0.0682389
0.46875 1.06865 0.0686494
0.46875 1.06865 0.0686494
0.484375 1.0689 0.0688963
0.484375 1.0689 0.0688963
0.5 1.06898 0.0689787
0.5 1.06898 0.0689787
0.515625 1.0689 0.0688963
0.515625 1.0689 0.0688963
0.53125 1.06865 0.0686494
0.53125 1.06865 0.0686494
0.546875 1.06824 0.0682389
0.546875 1.06824 0.0682389
0.5625 1.06767 0.0676662
0.5625 1.06767 0.0676662
0.578125 1.06693 0.0669335
0.578125 1.06693 0.0669335
0.59375 1.06604 0.0660436
0.59375 1.06604 0.0660436
0.609375 1.065 0.0649998
0.609375 1.065 0.0649998
0.625 1.06381 0.0638067
0.625 1.06381 0.0638067
0.640625 1.06247 0.0624694
0.640625 1.06247 0.0624694
0.65625 1.06099 0.0609941
0.65625 1.06099 0.0609941
0.671875 1.05939 0.0593882
0.671875 1.05939 0.0593882
0.6875 1.05766 0.0576601
0.6875 1.05766 0.0576601
0.703125 1.05582 0.0558199
0.703125 1.05582 0.0558199
0.71875 1.05388 0.0538786
0.71875 1.05388 0.0538786
0.734375 1.05185 0.0518493
0.734375 1.05185 0.0518493
0.75 1.04975 0.0497463
0.75 1.04975 0.0497463
0.765625 1.04759 0.0475857
0.765625 1.04759 0.0475857
0.78125 1.04539 0.0453855
0.78125 1.04539 0.0453855
0.796875 1.04317 0.0431651
0.796875 1.04317 0.0431651
0.8125 1.04095 0.0409457
0.8125 1.04095 0.0409457
0.828125 1.03875 0.0387498
0.828125 1.03875 0.0387498
0.84375 1.0366 0.0366015
0.84375 1.0366 0.0366015
0.859375 1.03453 0.0345257
0.859375 1.03453 0.0345257
0.875 1.03255 0.0325485
0.875 1.03255 0.0325485
0.890625 1.0307 0.0306965
0.890625 1.0307 0.0306965
0.90625 1.029 0.0289972
0.90625 1.029 0.0289972
0.921875 1.02748 0.0274781
0.921875 1.02748 0.0274781
0.9375 1.02617 0.0261679
0.9375 1.02617 0.0261679
0.953125 1.0251 0.0250964
0.953125 1.0251 0.0250964
0.96875 1.0243 0.024297
0.96875 1.0243 0.024297
0.984375 1.02381 0.0238105
0.984375 1.02381 0.0238105
1 1 0
