# x y topography
0 1 0
0.015625 1.0208 0.0208047
0.015625 1.0208 0.0208047
0.03125 1.02135 0.0213504
0.03125 1.02135 0.0213504
0.046875 1.02227 0.022266
0.046875 1.02227 0.022266
0.0625 1.02351 0.0235058
0.0625 1.02351 0.0235058
0.078125 1.02503 0.0250301
0.078125 1.02503 0.0250301
0.09375 1.0268 0.026801
0.09375 1.0268 0.026801
0.109375 1.02878 0.0287809
0.109375 1.02878 0.0287809
0.125 1.03093 0.0309328
0.125 1.03093 0.0309328
0.140625 1.03322 0.0332202
0.140625 1.03322 0.0332202
0.15625 1.03561 0.0356079
0.15625 1.03561 0.0356079
0.171875 1.03806 0.0380622
0.171875 1.03806 0.0380622
0.1875 1.04055 0.0405519
0.1875 1.04055 0.0405519
0.203125 1.04305 0.0430478
0.203125 1.04305 0.0430478
0.21875 1.04552 0.045524
0.21875 1.04552 0.045524
0.234375 1.04796 0.0479571
0.234375 1.04796 0.0479571
0.25 1.05033 0.0503266
0.25 1.05033 0.0503266
0.265625 1.05261 0.0526148
0.265625 1.05261 0.0526148
0.28125 1.05481 0.0548064
0.28125 1.05481 0.0548064
0.296875 1.05689 0.0568884
0.296875 1.05689 0.0568884
0.3125 1.05885 0.0588496
0.3125 1.05885 0.0588496
0.328125 1.06068 0.0606808
0.328125 1.06068 0.0606808
0.34375 1.06237 0.0623741
0.34375 1.06237 0.0623741
0.359375 1.06392 0.0639229
0.359375 1.06392 0.0639229
0.375 1.06532 0.0653216
0.375 1.06532 0.0653216
0.390625 1.06657 0.0665656
0.390625 1.06657 0.0665656
0.40625 1.06765 0.067651
0.40625 1.06765 0.067651
0.421875 1.06857 0.0685746
0.421875 1.06857 0.0685746
0.4375 1.06933 0.0693337
0.4375 1.06933 0.0693337
0.453125 1.06993 0.0699262
0.453125 1.06993 0.0699262
0.46875 1.07035 0.0703505
0.46875 1.07035 0.0703505
0.484375 1.07061 0.0706056
0.484375 1.07061 0.0706056
0.5 1.07069 0.0706906
0.5 1.07069 0.0706906
0.515625 1.07061 0.0706056
0.515625 1.07061 0.0706056
0.53125 1.07035 0.0703505
0.53125 1.07035 0.0703505
0.546875 1.06993 0.0699262
0.546875 1.06993 0.0699262
0.5625 1.06933 0.0693337
0.5625 1.06933 0.0693337
0.578125 1.06857 0.0685746
0.578125 1.06857 0.0685746
0.59375 1.06765 0.067651
0.59375 1.06765 0.067651
0.609375 1.06657 0.0665656
0.609375 1.06657 0.0665656
0.625 1.06532 0.0653216
0.625 1.06532 0.0653216
0.640625 1.06392 0.0639229
0.640625 1.06392 0.0639229
0.65625 1.06237 0.0623741
0.65625 1.06237 0.0623741
0.671875 1.06068 0.0606808
0.671875 1.06068 0.0606808
0.6875 1.05885 0.0588496
0.6875 1.05885 0.0588496
0.703125 1.05689 0.0568884
0.703125 1.05689 0.0568884
0.71875 1.05481 0.0548064
0.71875 1.05481 0.0548064
0.734375 1.05261 0.0526148
0.734375 1.05261 0.0526148
0.75 1.05033 0.0503266
0.75 1.05033 0.0503266
0.765625 1.04796 0.0479571
0.765625 1.04796 0.0479571
0.78125 1.04552 0.045524
0.78125 1.04552 0.045524
0.796875 1.04305 0.0430478
0.796875 1.04305 0.0430478
0.8125 1.04055 0.0405519
0.8125 1.04055 0.0405519
0.828125 1.03806 0.0380622
0.828125 1.03806 0.0380622
0.84375 1.03561 0.0356079
0.84375 1.03561 0.0356079
0.859375 1.03322 0.0332202
0.859375 1.03322 0.0332202
0.875 1.03093 0.0309328
0.875 1.03093 0.0309328
0.890625 1.02878 0.0287809
0.890625 1.02878 0.0287809
0.90625 1.0268 0.026801
0.90625 1.0268 0.026801
0.921875 1.02503 0.0250301
0.921875 1.02503 0.0250301
0.9375 1.02351 0.0235058
0.9375 1.02351 0.0235058
0.953125 1.02227 0.022266
0.953125 1.02227 0.022266
0.96875 1.02135 0.0213504
0.96875 1.02135 0.0213504
0.984375 1.0208 0.0208047
0.984375 1.0208 0.0208047
1 1 0
