# x y topography
0 1 0
0.015625 1.02298 0.0229815
0.015625 1.02298 0.0229815
0.03125 1.02348 0.0234827
0.03125 1.02348 0.0234827
0.046875 1.02431 0.0243113
0.046875 1.02431 0.0243113
0.0625 1.02543 0.0254251
0.0625 1.02543 0.0254251
0.078125 1.02679 0.0267896
0.078125 1.02679 0.0267896
0.09375 1.02837 0.0283731
0.09375 1.02837 0.0283731
0.109375 1.03014 0.030145
0.109375 1.03014 0.030145
0.125 1.03208 0.0320753
0.125 1.03208 0.0320753
0.140625 1.03413 0.0341348
0.140625 1.03413 0.0341348
0.15625 1.03629 0.0362946
0.15625 1.03629 0.0362946
0.171875 1.03853 0.0385267
0.171875 1.03853 0.0385267
0.1875 1.0408 0.0408044
0.1875 1.0408 0.0408044
0.203125 1.0431 0.0431024
0.203125 1.0431 0.0431024
0.21875 1.0454 0.0453968
0.21875 1.0454 0.0453968
0.234375 1.04767 0.0476658
0.234375 1.04767 0.0476658
0.25 1.04989 0.0498892
0.25 1.04989 0.0498892
0.265625 1.05205 0.0520491
0.265625 1.05205 0.0520491
0.28125 1.05413 0.0541292
0.28125 1.05413 0.0541292
0.296875 1.05612 0.0561153
0.296875 1.05612 0.0561153
0.3125 1.05799 0.0579947
0.3125 1.05799 0.0579947
0.328125 1.05976 0.0597566
0.328125 1.05976 0.0597566
0.34375 1.06139 0.0613916
0.34375 1.06139 0.0613916
0.359375 1.06289 0.0628916
0.359375 1.06289 0.0628916
0.375 1.06425 0.0642497
0.375 1.06425 0.0642497
0.390625 1.06546 0.0654601
0.390625 1.06546 0.0654601
0.40625 1.06652 0.066518
0.40625 1.06652 0.066518
0.421875 1.06742 0.0674194
0.421875 1.06742 0.0674194
0.4375 1.06816 0.0681611
0.4375 1.06816 0.0681611
0.453125 1.06874 0.0687405
0.453125 1.06874 0.0687405
0.46875 1.06916 0.0691557
0.46875 1.06916 0.0691557
0.484375 1.06941 0.0694054
0.484375 1.06941 0.0694054
0.5 1.06949 0.0694887
0.5 1.06949 0.0694887
0.515625 1.06941 0.0694054
0.515625 1.06941 0.0694054
0.53125 1.06916 0.0691557
0.53125 1.06916 0.0691557
0.546875 1.06874 0.0687405
0.546875 1.06874 0.0687405
0.5625 1.06816 0.0681611
0.5625 1.06816 0.0681611
0.578125 1.06742 0.0674194
0.578125 1.06742 0.0674194
0.59375 1.06652 0.066518
0.59375 1.06652 0.066518
0.609375 1.06546 0.0654601
0.609375 1.06546 0.0654601
0.625 1.06425 0.0642497
0.625 1.06425 0.0642497
0.640625 1.06289 0.0628916
0.640625 1.06289 0.0628916
0.65625 1.06139 0.0613916
0.65625 1.06139 0.0613916
0.671875 1.05976 0.0597566
0.671875 1.05976 0.0597566
0.6875 1.05799 0.0579947
0.6875 1.05799 0.0579947
0.703125 1.05612 0.0561153
0.703125 1.05612 0.0561153
0.71875 1.05413 0.0541292
0.71875 1.05413 0.0541292
0.734375 1.05205 0.0520491
0.734375 1.05205 0.0520491
0.75 1.04989 0.0498892
0.75 1.04989 0.0498892
0.765625 1.04767 0.0476658
0.765625 1.04767 0.0476658
0.78125 1.0454 0.0453968
0.78125 1.0454 0.0453968
0.796875 1.0431 0.0431024
0.796875 1.0431 0.0431024
0.8125 1.0408 0.0408044
0.8125 1.0408 0.0408044
0.828125 1.03853 0.0385267
0.828125 1.03853 0.0385267
0.84375 1.03629 0.0362946
0.84375 1.03629 0.0362946
0.859375 1.03413 0.0341348
0.859375 1.03413 0.0341348
0.875 1.03208 0.0320753
0.875 1.03208 0.0320753
0.890625 1.03014 0.030145
0.890625 1.03014 0.030145
0.90625 1.02837 0.0283731
0.90625 1.02837 0.0283731
0.921875 1.02679 0.0267896
0.921875 1.02679 0.0267896
0.9375 1.02543 0.0254251
0.9375 1.02543 0.0254251
0.953125 1.02431 0.0243113
0.953125 1.02431 0.0243113
0.96875 1.02348 0.0234827
0.96875 1.02348 0.0234827
0.984375 1.02298 0.0229815
0.984375 1.02298 0.0229815
1 1 0
