# x y topography
0 1 0
0.015625 1.02823 0.028226
0.015625 1.02823 0.028226
0.03125 1.02865 0.0286474
0.03125 1.02865 0.0286474
0.046875 1.02932 0.0293184
0.046875 1.02932 0.0293184
0.0625 1.0302 0.0302014
0.0625 1.0302 0.0302014
0.078125 1.03127 0.0312678
0.078125 1.03127 0.0312678
0.09375 1.03249 0.0324936
0.09375 1.03249 0.0324936
0.109375 1.03386 0.0338572
0.109375 1.03386 0.0338572
0.125 1.03534 0.0353387
0.125 1.03534 0.0353387
0.140625 1.03692 0.0369187
0.140625 1.03692 0.0369187
0.15625 1.03858 0.0385787
0.15625 1.03858 0.0385787
0.171875 1.0403 0.0403007
0.171875 1.0403 0.0403007
0.1875 1.04207 0.0420672
0.1875 1.04207 0.0420672
0.203125 1.04386 0.043861
0.203125 1.04386 0.043861
0.21875 1.04567 0.0456657
0.21875 1.04567 0.0456657
0.234375 1.04747 0.0474653
0.234375 1.04747 0.0474653
0.25 1.04924 0.0492447
0.25 1.04924 0.0492447
0.265625 1.05099 0.0509892
0.265625 1.05099 0.0509892
0.28125 1.05269 0.0526851
0.28125 1.05269 0.0526851
0.296875 1.05432 0.0543196
0.296875 1.05432 0.0543196
0.3125 1.05588 0.0558805
0.3125 1.05588 0.0558805
0.328125 1.05736 0.0573567
0.328125 1.05736 0.0573567
0.34375 1.05874 0.058738
0.34375 1.05874 0.058738
0.359375 1.06002 0.0600151
0.359375 1.06002 0.0600151
0.375 1.06118 0.0611798
0.375 1.06118 0.0611798
0.390625 1.06222 0.0622245
0.390625 1.06222 0.0622245
0.40625 1.06314 0.0631428
0.40625 1.06314 0.0631428
0.421875 1.06393 0.0639291
0.421875 1.06393 0.0639291
0.4375 1.06458 0.0645787
0.4375 1.06458 0.0645787
0.453125 1.06509 0.0650879
0.453125 1.06509 0.0650879
0.46875 1.06545 0.0654537
0.46875 1.06545 0.0654537
0.484375 1.06567 0.065674
0.484375 1.06567 0.065674
0.5 1.06575 0.0657476
0.5 1.06575 0.0657476
0.515625 1.06567 0.065674
0.515625 1.06567 0.065674
0.53125 1.06545 0.0654537
0.53125 1.06545 0.0654537
0.546875 1.06509 0.0650879
0.546875 1.06509 0.0650879
0.5625 1.06458 0.0645787
0.5625 1.06458 0.0645787
0.578125 1.06393 0.0639291
0.578125 1.06393 0.0639291
0.59375 1.06314 0.0631428
0.59375 1.06314 0.0631428
0.609375 1.06222 0.0622245
0.609375 1.06222 0.0622245
0.625 1.06118 0.0611798
0.625 1.06118 0.0611798
0.640625 1.06002 0.0600151
0.640625 1.06002 0.0600151
0.65625 1.05874 0.058738
0.65625 1.05874 0.058738
0.671875 1.05736 0.0573567
0.671875 1.05736 0.0573567
0.6875 1.05588 0.0558805
0.6875 1.05588 0.0558805
0.703125 1.05432 0.0543196
0.703125 1.05432 0.0543196
0.71875 1.05269 0.0526851
0.71875 1.05269 0.0526851
0.734375 1.05099 0.0509892
0.734375 1.05099 0.0509892
0.75 1.04924 0.0492447
0.75 1.04924 0.0492447
0.765625 1.04747 0.0474653
0.765625 1.04747 0.0474653
0.78125 1.04567 0.0456657
0.78125 1.04567 0.0456657
0.796875 1.04386 0.043861
0.796875 1.04386 0.043861
0.8125 1.04207 0.0420672
0.8125 1.04207 0.0420672
0.828125 1.0403 0.0403007
0.828125 1.0403 0.0403007
0.84375 1.03858 0.0385787
0.84375 1.03858 0.0385787
0.859375 1.03692 0.0369187
0.859375 1.03692 0.0369187
0.875 1.03534 0.0353387
0.875 1.03534 0.0353387
0.890625 1.03386 0.0338572
0.890625 1.03386 0.0338572
0.90625 1.03249 0.0324936
0.90625 1.03249 0.0324936
0.921875 1.03127 0.0312678
0.921875 1.03127 0.0312678
0.9375 1.0302 0.0302014
0.9375 1.0302 0.0302014
0.953125 1.02932 0.0293184
0.953125 1.02932 0.0293184
0.96875 1.02865 0.0286474
0.96875 1.02865 0.0286474
0.984375 1.02823 0.028226
0.984375 1.02823 0.028226
1 1 0
