# x y topography
0 1 0
0.015625 1.03387 0.0338684
0.015625 1.03387 0.0338684
0.03125 1.03423 0.0342267
0.03125 1.03423 0.0342267
0.046875 1.03477 0.0347727
0.046875 1.03477 0.0347727
0.0625 1.03547 0.0354702
0.0625 1.03547 0.0354702
0.078125 1.03629 0.0362935
0.078125 1.03629 0.0362935
0.09375 1.03722 0.0372221
0.09375 1.03722 0.0372221
0.109375 1.03824 0.0382384
0.109375 1.03824 0.0382384
0.125 1.03933 0.0393273
0.125 1.03933 0.0393273
0.140625 1.04047 0.0404747
0.140625 1.04047 0.0404747
0.15625 1.04167 0.0416679
0.15625 1.04167 0.0416679
0.171875 1.04289 0.0428947
0.171875 1.04289 0.0428947
0.1875 1.04414 0.0441437
0.1875 1.04414 0.0441437
0.203125 1.0454 0.0454042
0.203125 1.0454 0.0454042
0.21875 1.04667 0.0466657
0.21875 1.04667 0.0466657
0.234375 1.04792 0.0479185
0.234375 1.04792 0.0479185
0.25 1.04915 0.0491531
0.25 1.04915 0.0491531
0.265625 1.05036 0.0503606
0.265625 1.05036 0.0503606
0.28125 1.05153 0.0515323
0.28125 1.05153 0.0515323
0.296875 1.05266 0.0526602
0.296875 1.05266 0.0526602
0.3125 1.05374 0.0537366
0.3125 1.05374 0.0537366
0.328125 1.05475 0.0547543
0.328125 1.05475 0.0547543
0.34375 1.05571 0.0557068
0.34375 1.05571 0.0557068
0.359375 1.05659 0.0565877
0.359375 1.05659 0.0565877
0.375 1.05739 0.0573915
0.375 1.05739 0.0573915
0.390625 1.05811 0.0581129
0.390625 1.05811 0.0581129
0.40625 1.05875 0.0587476
0.40625 1.05875 0.0587476
0.421875 1.05929 0.0592914
0.421875 1.05929 0.0592914
0.4375 1.05974 0.059741
0.4375 1.05974 0.059741
0.453125 1.06009 0.0600937
0.453125 1.06009 0.0600937
0.46875 1.06035 0.0603471
0.46875 1.06035 0.0603471
0.484375 1.0605 0.0604998
0.484375 1.0605 0.0604998
0.5 1.06055 0.0605508
0.5 1.06055 0.0605508
0.515625 1.0605 0.0604998
0.515625 1.0605 0.0604998
0.53125 1.06035 0.0603471
0.53125 1.06035 0.0603471
0.546875 1.06009 0.0600937
0.546875 1.06009 0.0600937
0.5625 1.05974 0.059741
0.5625 1.05974 0.059741
0.578125 1.05929 0.0592914
0.578125 1.05929 0.0592914
0.59375 1.05875 0.0587476
0.59375 1.05875 0.0587476
0.609375 1.05811 0.0581129
0.609375 1.05811 0.0581129
0.625 1.05739 0.0573915
0.625 1.05739 0.0573915
0.640625 1.05659 0.0565877
0.640625 1.05659 0.0565877
0.65625 1.05571 0.0557068
0.65625 1.05571 0.0557068
0.671875 1.05475 0.0547543
0.671875 1.05475 0.0547543
0.6875 1.05374 0.0537366
0.6875 1.05374 0.0537366
0.703125 1.05266 0.0526602
0.703125 1.05266 0.0526602
0.71875 1.05153 0.0515323
0.71875 1.05153 0.0515323
0.734375 1.05036 0.0503606
0.734375 1.05036 0.0503606
0.75 1.04915 0.0491531
0.75 1.04915 0.0491531
0.765625 1.04792 0.0479185
0.765625 1.04792 0.0479185
0.78125 1.04667 0.0466657
0.78125 1.04667 0.0466657
0.796875 1.0454 0.0454042
0.796875 1.0454 0.0454042
0.8125 1.04414 0.0441437
0.8125 1.04414 0.0441437
0.828125 1.04289 0.0428947
0.828125 1.04289 0.0428947
0.84375 1.04167 0.0416679
0.84375 1.04167 0.0416679
0.859375 1.04047 0.0404747
0.859375 1.04047 0.0404747
0.875 1.03933 0.0393273
0.875 1.03933 0.0393273
0.890625 1.03824 0.0382384
0.890625 1.03824 0.0382384
0.90625 1.03722 0.0372221
0.90625 1.03722 0.0372221
0.921875 1.03629 0.0362935
0.921875 1.03629 0.0362935
0.9375 1.03547 0.0354702
0.9375 1.03547 0.0354702
0.953125 1.03477 0.0347727
0.953125 1.03477 0.0347727
0.96875 1.03423 0.0342267
0.96875 1.03423 0.0342267
0.984375 1.03387 0.0338684
0.984375 1.03387 0.0338684
1 1 0
