# x y topography
0 1 0
0.015625 1.03468 0.0346802
0.015625 1.03468 0.0346802
0.03125 1.03503 0.0350304
0.03125 1.03503 0.0350304
0.046875 1.03556 0.03556
0.046875 1.03556 0.03556
0.0625 1.03623 0.0362333
0.0625 1.03623 0.0362333
0.078125 1.03702 0.0370247
0.078125 1.03702 0.0370247
0.09375 1.03791 0.037914
0.09375 1.03791 0.037914
0.109375 1.03888 0.0388842
0.109375 1.03888 0.0388842
0.125 1.03992 0.0399204
0.125 1.03992 0.0399204
0.140625 1.04101 0.0410092
0.140625 1.04101 0.0410092
0.15625 1.04214 0.0421385
0.15625 1.04214 0.0421385
0.171875 1.0433 0.0432968
0.171875 1.0433 0.0432968
0.1875 1.04447 0.0444734
0.1875 1.04447 0.0444734
0.203125 1.04566 0.0456583
0.203125 1.04566 0.0456583
0.21875 1.04684 0.0468418
0.21875 1.04684 0.0468418
0.234375 1.04801 0.0480149
0.234375 1.04801 0.0480149
0.25 1.04917 0.049169
0.25 1.04917 0.049169
0.265625 1.0503 0.0502959
0.265625 1.0503 0.0502959
0.28125 1.05139 0.0513878
0.28125 1.05139 0.0513878
0.296875 1.05244 0.0524375
0.296875 1.05244 0.0524375
0.3125 1.05344 0.053438
0.3125 1.05344 0.053438
0.328125 1.05438 0.0543829
0.328125 1.05438 0.0543829
0.34375 1.05527 0.0552663
0.34375 1.05527 0.0552663
0.359375 1.05608 0.0560826
0.359375 1.05608 0.0560826
0.375 1.05683 0.0568268
0.375 1.05683 0.0568268
0.390625 1.05749 0.0574943
0.390625 1.05749 0.0574943
0.40625 1.05808 0.0580811
0.40625 1.05808 0.0580811
0.421875 1.05858 0.0585836
0.421875 1.05858 0.0585836
0.4375 1.059 0.058999
0.4375 1.059 0.058999
0.453125 1.05932 0.0593246
0.453125 1.05932 0.0593246
0.46875 1.05956 0.0595585
0.46875 1.05956 0.0595585
0.484375 1.0597 0.0596995
0.484375 1.0597 0.0596995
0.5 1.05975 0.0597465
0.5 1.05975 0.0597465
0.515625 1.0597 0.0596995
0.515625 1.0597 0.0596995
0.53125 1.05956 0.0595585
0.53125 1.05956 0.0595585
0.546875 1.05932 0.0593246
0.546875 1.05932 0.0593246
0.5625 1.059 0.058999
0.5625 1.059 0.058999
0.578125 1.05858 0.0585836
0.578125 1.05858 0.0585836
0.59375 1.05808 0.0580811
0.59375 1.05808 0.0580811
0.609375 1.05749 0.0574943
0.609375 1.05749 0.0574943
0.625 1.05683 0.0568268
0.625 1.05683 0.0568268
0.640625 1.05608 0.0560826
0.640625 1.05608 0.0560826
0.65625 1.05527 0.0552663
0.65625 1.05527 0.0552663
0.671875 1.05438 0.0543829
0.671875 1.05438 0.0543829
0.6875 1.05344 0.053438
0.6875 1.05344 0.053438
0.703125 1.05244 0.0524375
0.703125 1.05244 0.0524375
0.71875 1.05139 0.0513878
0.71875 1.05139 0.0513878
0.734375 1.0503 0.0502959
0.734375 1.0503 0.0502959
0.75 1.04917 0.049169
0.75 1.04917 0.049169
0.765625 1.04801 0.0480149
0.765625 1.04801 0.0480149
0.78125 1.04684 0.0468418
0.78125 1.04684 0.0468418
0.796875 1.04566 0.0456583
0.796875 1.04566 0.0456583
0.8125 1.04447 0.0444734
0.8125 1.04447 0.0444734
0.828125 1.0433 0.0432968
0.828125 1.0433 0.0432968
0.84375 1.04214 0.0421385
0.84375 1.04214 0.0421385
0.859375 1.04101 0.0410092
0.859375 1.04101 0.0410092
0.875 1.03992 0.0399204
0.875 1.03992 0.0399204
0.890625 1.03888 0.0388842
0.890625 1.03888 0.0388842
0.90625 1.03791 0.037914
0.90625 1.03791 0.037914
0.921875 1.03702 0.0370247
0.921875 1.03702 0.0370247
0.9375 1.03623 0.0362333
0.9375 1.03623 0.0362333
0.953125 1.03556 0.03556
0.953125 1.03556 0.03556
0.96875 1.03503 0.0350304
0.96875 1.03503 0.0350304
0.984375 1.03468 0.0346802
0.984375 1.03468 0.0346802
1 1 0
