# x y topography
0 1 0
0.015625 1.0314 0.0314046
0.015625 1.0314 0.0314046
0.03125 1.03179 0.0317888
0.03125 1.03179 0.0317888
0.046875 1.03239 0.032386
0.046875 1.03239 0.032386
0.0625 1.03316 0.0331598
0.0625 1.03316 0.0331598
0.078125 1.03408 0.0340833
0.078125 1.03408 0.0340833
0.09375 1.03513 0.0351348
0.09375 1.03513 0.0351348
0.109375 1.0363 0.0362955
0.109375 1.0363 0.0362955
0.125 1.03755 0.0375483
0.125 1.03755 0.0375483
0.140625 1.03888 0.0388775
0.140625 1.03888 0.0388775
0.15625 1.04027 0.0402682
0.15625 1.04027 0.0402682
0.171875 1.04171 0.0417059
0.171875 1.04171 0.0417059
0.1875 1.04318 0.043177
0.1875 1.04318 0.043177
0.203125 1.04467 0.0446683
0.203125 1.04467 0.0446683
0.21875 1.04617 0.046167
0.21875 1.04617 0.046167
0.234375 1.04766 0.0476606
0.234375 1.04766 0.0476606
0.25 1.04914 0.0491373
0.25 1.04914 0.0491373
0.265625 1.05059 0.0505857
0.265625 1.05059 0.0505857
0.28125 1.05199 0.0519948
0.28125 1.05199 0.0519948
0.296875 1.05335 0.0533542
0.296875 1.05335 0.0533542
0.3125 1.05465 0.0546541
0.3125 1.05465 0.0546541
0.328125 1.05589 0.0558853
0.328125 1.05589 0.0558853
0.34375 1.05704 0.0570392
0.34375 1.05704 0.0570392
0.359375 1.05811 0.0581078
0.359375 1.05811 0.0581078
0.375 1.05908 0.0590838
0.375 1.05908 0.0590838
0.390625 1.05996 0.0599607
0.390625 1.05996 0.0599607
0.40625 1.06073 0.0607327
0.40625 1.06073 0.0607327
0.421875 1.06139 0.0613946
0.421875 1.06139 0.0613946
0.4375 1.06194 0.0619421
0.4375 1.06194 0.0619421
0.453125 1.06237 0.0623716
0.453125 1.06237 0.0623716
0.46875 1.06268 0.0626804
0.46875 1.06268 0.0626804
0.484375 1.06287 0.0628665
0.484375 1.06287 0.0628665
0.5 1.06293 0.0629287
0.5 1.06293 0.0629287
0.515625 1.06287 0.0628665
0.515625 1.06287 0.0628665
0.53125 1.06268 0.0626804
0.53125 1.06268 0.0626804
0.546875 1.06237 0.0623716
0.546875 1.06237 0.0623716
0.5625 1.06194 0.0619421
0.5625 1.06194 0.0619421
0.578125 1.06139 0.0613946
0.578125 1.06139 0.0613946
0.59375 1.06073 0.0607327
0.59375 1.06073 0.0607327
0.609375 1.05996 0.0599607
0.609375 1.05996 0.0599607
0.625 1.05908 0.0590838
0.625 1.05908 0.0590838
0.640625 1.05811 0.0581078
0.640625 1.05811 0.0581078
0.65625 1.05704 0.0570392
0.65625 1.05704 0.0570392
0.671875 1.05589 0.0558853
0.671875 1.05589 0.0558853
0.6875 1.05465 0.0546541
0.6875 1.05465 0.0546541
0.703125 1.05335 0.0533542
0.703125 1.05335 0.0533542
0.71875 1.05199 0.0519948
0.71875 1.05199 0.0519948
0.734375 1.05059 0.0505857
0.734375 1.05059 0.0505857
0.75 1.04914 0.0491373
0.75 1.04914 0.0491373
0.765625 1.04766 0.0476606
0.765625 1.04766 0.0476606
0.78125 1.04617 0.046167
0.78125 1.04617 0.046167
0.796875 1.04467 0.0446683
0.796875 1.04467 0.0446683
0.8125 1.04318 0.043177
0.8125 1.04318 0.043177
0.828125 1.04171 0.0417059
0.828125 1.04171 0.0417059
0.84375 1.04027 0.0402682
0.84375 1.04027 0.0402682
0.859375 1.03888 0.0388775
0.859375 1.03888 0.0388775
0.875 1.03755 0.0375483
0.875 1.03755 0.0375483
0.890625 1.0363 0.0362955
0.890625 1.0363 0.0362955
0.90625 1.03513 0.0351348
0.90625 1.03513 0.0351348
0.921875 1.03408 0.0340833
0.921875 1.03408 0.0340833
0.9375 1.03316 0.0331598
0.9375 1.03316 0.0331598
0.953125 1.03239 0.032386
0.953125 1.03239 0.032386
0.96875 1.03179 0.0317888
0.96875 1.03179 0.0317888
0.984375 1.0314 0.0314046
0.984375 1.0314 0.0314046
1 1 0
