# x y topography
0 1 0
0.015625 1.03497 0.0349727
0.015625 1.03497 0.0349727
0.03125 1.03532 0.03532
0.03125 1.03532 0.03532
0.046875 1.03584 0.0358437
0.046875 1.03584 0.0358437
0.0625 1.03651 0.0365084
0.0625 1.03651 0.0365084
0.078125 1.03729 0.0372883
0.078125 1.03729 0.0372883
0.09375 1.03816 0.0381636
0.09375 1.03816 0.0381636
0.109375 1.03912 0.0391172
0.109375 1.03912 0.0391172
0.125 1.04013 0.0401345
0.125 1.04013 0.0401345
0.140625 1.0412 0.0412023
0.140625 1.0412 0.0412023
0.15625 1.04231 0.0423087
0.15625 1.04231 0.0423087
0.171875 1.04344 0.0434424
0.171875 1.04344 0.0434424
0.1875 1.04459 0.044593
0.1875 1.04459 0.044593
0.203125 1.04575 0.0457506
0.203125 1.04575 0.0457506
0.21875 1.04691 0.046906
0.21875 1.04691 0.046906
0.234375 1.04805 0.0480504
0.234375 1.04805 0.0480504
0.25 1.04918 0.0491754
0.25 1.04918 0.0491754
0.265625 1.05027 0.0502732
0.265625 1.05027 0.0502732
0.28125 1.05134 0.0513363
0.28125 1.05134 0.0513363
0.296875 1.05236 0.0523577
0.296875 1.05236 0.0523577
0.3125 1.05333 0.0533307
0.3125 1.05333 0.0533307
0.328125 1.05425 0.0542492
0.328125 1.05425 0.0542492
0.34375 1.05511 0.0551075
0.34375 1.05511 0.0551075
0.359375 1.0559 0.0559003
0.359375 1.0559 0.0559003
0.375 1.05662 0.0566228
0.375 1.05662 0.0566228
0.390625 1.05727 0.0572707
0.390625 1.05727 0.0572707
0.40625 1.05784 0.0578401
0.40625 1.05784 0.0578401
0.421875 1.05833 0.0583276
0.421875 1.05833 0.0583276
0.4375 1.05873 0.0587305
0.4375 1.05873 0.0587305
0.453125 1.05905 0.0590462
0.453125 1.05905 0.0590462
0.46875 1.05927 0.0592731
0.46875 1.05927 0.0592731
0.484375 1.05941 0.0594097
0.484375 1.05941 0.0594097
0.5 1.05946 0.0594554
0.5 1.05946 0.0594554
0.515625 1.05941 0.0594097
0.515625 1.05941 0.0594097
0.53125 1.05927 0.0592731
0.53125 1.05927 0.0592731
0.546875 1.05905 0.0590462
0.546875 1.05905 0.0590462
0.5625 1.05873 0.0587305
0.5625 1.05873 0.0587305
0.578125 1.05833 0.0583276
0.578125 1.05833 0.0583276
0.59375 1.05784 0.0578401
0.59375 1.05784 0.0578401
0.609375 1.05727 0.0572707
0.609375 1.05727 0.0572707
0.625 1.05662 0.0566228
0.625 1.05662 0.0566228
0.640625 1.0559 0.0559003
0.640625 1.0559 0.0559003
0.65625 1.05511 0.0551075
0.65625 1.05511 0.0551075
0.671875 1.05425 0.0542492
0.671875 1.05425 0.0542492
0.6875 1.05333 0.0533307
0.6875 1.05333 0.0533307
0.703125 1.05236 0.0523577
0.703125 1.05236 0.0523577
0.71875 1.05134 0.0513363
0.71875 1.05134 0.0513363
0.734375 1.05027 0.0502732
0.734375 1.05027 0.0502732
0.75 1.04918 0.0491754
0.75 1.04918 0.0491754
0.765625 1.04805 0.0480504
0.765625 1.04805 0.0480504
0.78125 1.04691 0.046906
0.78125 1.04691 0.046906
0.796875 1.04575 0.0457506
0.796875 1.04575 0.0457506
0.8125 1.04459 0.044593
0.8125 1.04459 0.044593
0.828125 1.04344 0.0434424
0.828125 1.04344 0.0434424
0.84375 1.04231 0.0423087
0.84375 1.04231 0.0423087
0.859375 1.0412 0.0412023
0.859375 1.0412 0.0412023
0.875 1.04013 0.0401345
0.875 1.04013 0.0401345
0.890625 1.03912 0.0391172
0.890625 1.03912 0.0391172
0.90625 1.03816 0.0381636
0.90625 1.03816 0.0381636
0.921875 1.03729 0.0372883
0.921875 1.03729 0.0372883
0.9375 1.03651 0.0365084
0.9375 1.03651 0.0365084
0.953125 1.03584 0.0358437
0.953125 1.03584 0.0358437
0.96875 1.03532 0.03532
0.96875 1.03532 0.03532
0.984375 1.03497 0.0349727
0.984375 1.03497 0.0349727
1 1 0
