# x y topography
0 1 0
0.015625 1.02667 0.0266725
0.015625 1.02667 0.0266725
0.03125 1.02711 0.0271146
0.03125 1.02711 0.0271146
0.046875 1.02783 0.0278265
0.046875 1.02783 0.0278265
0.0625 1.02877 0.0287697
0.0625 1.02877 0.0287697
0.078125 1.02991 0.0299145
0.078125 1.02991 0.0299145
0.09375 1.03124 0.0312353
0.09375 1.03124 0.0312353
0.109375 1.03271 0.0327086
0.109375 1.03271 0.0327086
0.125 1.03431 0.0343121
0.125 1.03431 0.0343121
0.140625 1.03602 0.0360244
0.140625 1.03602 0.0360244
0.15625 1.03782 0.0378247
0.15625 1.03782 0.0378247
0.171875 1.03969 0.0396924
0.171875 1.03969 0.0396924
0.1875 1.04161 0.0416077
0.1875 1.04161 0.0416077
0.203125 1.04355 0.0435514
0.203125 1.04355 0.0435514
0.21875 1.0455 0.0455047
0.21875 1.0455 0.0455047
0.234375 1.04745 0.0474501
0.234375 1.04745 0.0474501
0.25 1.04937 0.0493705
0.25 1.04937 0.0493705
0.265625 1.05125 0.0512501
0.265625 1.05125 0.0512501
0.28125 1.05307 0.0530738
0.28125 1.05307 0.0530738
0.296875 1.05483 0.054828
0.296875 1.05483 0.054828
0.3125 1.0565 0.0565
0.3125 1.0565 0.0565
0.328125 1.05808 0.058078
0.328125 1.05808 0.058078
0.34375 1.05955 0.0595517
0.34375 1.05955 0.0595517
0.359375 1.06091 0.0609116
0.359375 1.06091 0.0609116
0.375 1.06215 0.0621495
0.375 1.06215 0.0621495
0.390625 1.06326 0.063258
0.390625 1.06326 0.063258
0.40625 1.06423 0.0642309
0.40625 1.06423 0.0642309
0.421875 1.06506 0.0650629
0.421875 1.06506 0.0650629
0.4375 1.06575 0.0657495
0.4375 1.06575 0.0657495
0.453125 1.06629 0.0662871
0.453125 1.06629 0.0662871
0.46875 1.06667 0.0666731
0.46875 1.06667 0.0666731
0.484375 1.06691 0.0669054
0.484375 1.06691 0.0669054
0.5 1.06698 0.066983
0.5 1.06698 0.066983
0.515625 1.06691 0.0669054
0.515625 1.06691 0.0669054
0.53125 1.06667 0.0666731
0.53125 1.06667 0.0666731
0.546875 1.06629 0.0662871
0.546875 1.06629 0.0662871
0.5625 1.06575 0.0657495
0.5625 1.06575 0.0657495
0.578125 1.06506 0.0650629
0.578125 1.06506 0.0650629
0.59375 1.06423 0.0642309
0.59375 1.06423 0.0642309
0.609375 1.06326 0.063258
0.609375 1.06326 0.063258
0.625 1.06215 0.0621495
0.625 1.06215 0.0621495
0.640625 1.06091 0.0609116
0.640625 1.06091 0.0609116
0.65625 1.05955 0.0595517
0.65625 1.05955 0.0595517
0.671875 1.05808 0.058078
0.671875 1.05808 0.058078
0.6875 1.0565 0.0565
0.6875 1.0565 0.0565
0.703125 1.05483 0.054828
0.703125 1.05483 0.054828
0.71875 1.05307 0.0530738
0.71875 1.05307 0.0530738
0.734375 1.05125 0.0512501
0.734375 1.05125 0.0512501
0.75 1.04937 0.0493705
0.75 1.04937 0.0493705
0.765625 1.04745 0.0474501
0.765625 1.04745 0.0474501
0.78125 1.0455 0.0455047
0.78125 1.0455 0.0455047
0.796875 1.04355 0.0435514
0.796875 1.04355 0.0435514
0.8125 1.04161 0.0416077
0.8125 1.04161 0.0416077
0.828125 1.03969 0.0396924
0.828125 1.03969 0.0396924
0.84375 1.03782 0.0378247
0.84375 1.03782 0.0378247
0.859375 1.03602 0.0360244
0.859375 1.03602 0.0360244
0.875 1.03431 0.0343121
0.875 1.03431 0.0343121
0.890625 1.03271 0.0327086
0.890625 1.03271 0.0327086
0.90625 1.03124 0.0312353
0.90625 1.03124 0.0312353
0.921875 1.02991 0.0299145
0.921875 1.02991 0.0299145
0.9375 1.02877 0.0287697
0.9375 1.02877 0.0287697
0.953125 1.02783 0.0278265
0.953125 1.02783 0.0278265
0.96875 1.02711 0.0271146
0.96875 1.02711 0.0271146
0.984375 1.02667 0.0266725
0.984375 1.02667 0.0266725
1 1 0
