# x y topography
0 1 0
0.015625 1.03339 0.0333908
0.015625 1.03339 0.0333908
0.03125 1.03375 0.0337541
0.03125 1.03375 0.0337541
0.046875 1.03431 0.0343097
0.046875 1.03431 0.0343097
0.0625 1.03502 0.0350217
0.0625 1.03502 0.0350217
0.078125 1.03586 0.0358639
0.078125 1.03586 0.0358639
0.09375 1.03682 0.0368158
0.09375 1.03682 0.0368158
0.109375 1.03786 0.0378596
0.109375 1.03786 0.0378596
0.125 1.03898 0.0389797
0.125 1.03898 0.0389797
0.140625 1.04016 0.0401618
0.140625 1.04016 0.0401618
0.15625 1.04139 0.0413927
0.15625 1.04139 0.0413927
0.171875 1.04266 0.0426599
0.171875 1.04266 0.0426599
0.1875 1.04395 0.0439517
0.1875 1.04395 0.0439517
0.203125 1.04526 0.0452567
0.203125 1.04526 0.0452567
0.21875 1.04656 0.0465642
0.21875 1.04656 0.0465642
0.234375 1.04786 0.0478638
0.234375 1.04786 0.0478638
0.25 1.04915 0.0491457
0.25 1.04915 0.0491457
0.265625 1.0504 0.0504003
0.265625 1.0504 0.0504003
0.28125 1.05162 0.0516186
0.28125 1.05162 0.0516186
0.296875 1.05279 0.0527922
0.296875 1.05279 0.0527922
0.3125 1.05391 0.0539129
0.3125 1.05391 0.0539129
0.328125 1.05497 0.054973
0.328125 1.05497 0.054973
0.34375 1.05597 0.0559656
0.34375 1.05597 0.0559656
0.359375 1.05688 0.0568841
0.359375 1.05688 0.0568841
0.375 1.05772 0.0577224
0.375 1.05772 0.0577224
0.390625 1.05848 0.0584751
0.390625 1.05848 0.0584751
0.40625 1.05914 0.0591375
0.40625 1.05914 0.0591375
0.421875 1.05971 0.0597052
0.421875 1.05971 0.0597052
0.4375 1.06017 0.0601746
0.4375 1.06017 0.0601746
0.453125 1.06054 0.0605428
0.453125 1.06054 0.0605428
0.46875 1.06081 0.0608075
0.46875 1.06081 0.0608075
0.484375 1.06097 0.060967
0.484375 1.06097 0.060967
0.5 1.06102 0.0610203
0.5 1.06102 0.0610203
0.515625 1.06097 0.060967
0.515625 1.06097 0.060967
0.53125 1.06081 0.0608075
0.53125 1.06081 0.0608075
0.546875 1.06054 0.0605428
0.546875 1.06054 0.0605428
0.5625 1.06017 0.0601746
0.5625 1.06017 0.0601746
0.578125 1.05971 0.0597052
0.578125 1.05971 0.0597052
0.59375 1.05914 0.0591375
0.59375 1.05914 0.0591375
0.609375 1.05848 0.0584751
0.609375 1.05848 0.0584751
0.625 1.05772 0.0577224
0.625 1.05772 0.0577224
0.640625 1.05688 0.0568841
0.640625 1.05688 0.0568841
0.65625 1.05597 0.0559656
0.65625 1.05597 0.0559656
0.671875 1.05497 0.054973
0.671875 1.05497 0.054973
0.6875 1.05391 0.0539129
0.6875 1.05391 0.0539129
0.703125 1.05279 0.0527922
0.703125 1.05279 0.0527922
0.71875 1.05162 0.0516186
0.71875 1.05162 0.0516186
0.734375 1.0504 0.0504003
0.734375 1.0504 0.0504003
0.75 1.04915 0.0491457
0.75 1.04915 0.0491457
0.765625 1.04786 0.0478638
0.765625 1.04786 0.0478638
0.78125 1.04656 0.0465642
0.78125 1.04656 0.0465642
0.796875 1.04526 0.0452567
0.796875 1.04526 0.0452567
0.8125 1.04395 0.0439517
0.8125 1.04395 0.0439517
0.828125 1.04266 0.0426599
0.828125 1.04266 0.0426599
0.84375 1.04139 0.0413927
0.84375 1.04139 0.0413927
0.859375 1.04016 0.0401618
0.859375 1.04016 0.0401618
0.875 1.03898 0.0389797
0.875 1.03898 0.0389797
0.890625 1.03786 0.0378596
0.890625 1.03786 0.0378596
0.90625 1.03682 0.0368158
0.90625 1.03682 0.0368158
0.921875 1.03586 0.0358639
0.921875 1.03586 0.0358639
0.9375 1.03502 0.0350217
0.9375 1.03502 0.0350217
0.953125 1.03431 0.0343097
0.953125 1.03431 0.0343097
0.96875 1.03375 0.0337541
0.96875 1.03375 0.0337541
0.984375 1.03339 0.0333908
0.984375 1.03339 0.0333908
1 1 0
