# x y topography
0 1 0
0.015625 1.02868 0.0286796
0.015625 1.02868 0.0286796
0.03125 1.0291 0.0290954
0.03125 1.0291 0.0290954
0.046875 1.02976 0.0297551
0.046875 1.02976 0.0297551
0.0625 1.03062 0.0306214
0.0625 1.03062 0.0306214
0.078125 1.03167 0.0316661
0.078125 1.03167 0.0316661
0.09375 1.03287 0.0328656
0.09375 1.03287 0.0328656
0.109375 1.0342 0.0341987
0.109375 1.0342 0.0341987
0.125 1.03565 0.0356459
0.125 1.03565 0.0356459
0.140625 1.03719 0.0371887
0.140625 1.03719 0.0371887
0.15625 1.03881 0.0388089
0.15625 1.03881 0.0388089
0.171875 1.04049 0.0404892
0.171875 1.04049 0.0404892
0.1875 1.04221 0.0422128
0.1875 1.04221 0.0422128
0.203125 1.04396 0.0439631
0.203125 1.04396 0.0439631
0.21875 1.04572 0.0457241
0.21875 1.04572 0.0457241
0.234375 1.04748 0.0474806
0.234375 1.04748 0.0474806
0.25 1.04922 0.0492178
0.25 1.04922 0.0492178
0.265625 1.05092 0.0509215
0.265625 1.05092 0.0509215
0.28125 1.05258 0.0525783
0.28125 1.05258 0.0525783
0.296875 1.05418 0.0541757
0.296875 1.05418 0.0541757
0.3125 1.0557 0.055702
0.3125 1.0557 0.055702
0.328125 1.05715 0.057146
0.328125 1.05715 0.057146
0.34375 1.0585 0.0584978
0.34375 1.0585 0.0584978
0.359375 1.05975 0.0597482
0.359375 1.05975 0.0597482
0.375 1.06089 0.0608889
0.375 1.06089 0.0608889
0.390625 1.06191 0.0619126
0.390625 1.06191 0.0619126
0.40625 1.06281 0.0628127
0.40625 1.06281 0.0628127
0.421875 1.06358 0.0635837
0.421875 1.06358 0.0635837
0.4375 1.06422 0.0642209
0.4375 1.06422 0.0642209
0.453125 1.06472 0.0647204
0.453125 1.06472 0.0647204
0.46875 1.06508 0.0650793
0.46875 1.06508 0.0650793
0.484375 1.0653 0.0652955
0.484375 1.0653 0.0652955
0.5 1.06537 0.0653677
0.5 1.06537 0.0653677
0.515625 1.0653 0.0652955
0.515625 1.0653 0.0652955
0.53125 1.06508 0.0650793
0.53125 1.06508 0.0650793
0.546875 1.06472 0.0647204
0.546875 1.06472 0.0647204
0.5625 1.06422 0.0642209
0.5625 1.06422 0.0642209
0.578125 1.06358 0.0635837
0.578125 1.06358 0.0635837
0.59375 1.06281 0.0628127
0.59375 1.06281 0.0628127
0.609375 1.06191 0.0619126
0.609375 1.06191 0.0619126
0.625 1.06089 0.0608889
0.625 1.06089 0.0608889
0.640625 1.05975 0.0597482
0.640625 1.05975 0.0597482
0.65625 1.0585 0.0584978
0.65625 1.0585 0.0584978
0.671875 1.05715 0.057146
0.671875 1.05715 0.057146
0.6875 1.0557 0.055702
0.6875 1.0557 0.055702
0.703125 1.05418 0.0541757
0.703125 1.05418 0.0541757
0.71875 1.05258 0.0525783
0.71875 1.05258 0.0525783
0.734375 1.05092 0.0509215
0.734375 1.05092 0.0509215
0.75 1.04922 0.0492178
0.75 1.04922 0.0492178
0.765625 1.04748 0.0474806
0.765625 1.04748 0.0474806
0.78125 1.04572 0.0457241
0.78125 1.04572 0.0457241
0.796875 1.04396 0.0439631
0.796875 1.04396 0.0439631
0.8125 1.04221 0.0422128
0.8125 1.04221 0.0422128
0.828125 1.04049 0.0404892
0.828125 1.04049 0.0404892
0.84375 1.03881 0.0388089
0.84375 1.03881 0.0388089
0.859375 1.03719 0.0371887
0.859375 1.03719 0.0371887
0.875 1.03565 0.0356459
0.875 1.03565 0.0356459
0.890625 1.0342 0.0341987
0.890625 1.0342 0.0341987
0.90625 1.03287 0.0328656
0.90625 1.03287 0.0328656
0.921875 1.03167 0.0316661
0.921875 1.03167 0.0316661
0.9375 1.03062 0.0306214
0.9375 1.03062 0.0306214
0.953125 1.02976 0.0297551
0.953125 1.02976 0.0297551
0.96875 1.0291 0.0290954
0.96875 1.0291 0.0290954
0.984375 1.02868 0.0286796
0.984375 1.02868 0.0286796
1 1 0
