# x y topography
0 1 0
0.015625 1.03372 0.0337174
0.015625 1.03372 0.0337174
0.03125 1.03408 0.0340773
0.03125 1.03408 0.0340773
0.046875 1.03463 0.0346263
0.046875 1.03463 0.0346263
0.0625 1.03533 0.0353284
0.0625 1.03533 0.0353284
0.078125 1.03616 0.0361577
0.078125 1.03616 0.0361577
0.09375 1.03709 0.0370936
0.09375 1.03709 0.0370936
0.109375 1.03812 0.0381186
0.109375 1.03812 0.0381186
0.125 1.03922 0.0392173
0.125 1.03922 0.0392173
0.140625 1.04038 0.0403757
0.140625 1.04038 0.0403757
0.15625 1.04158 0.0415807
0.15625 1.04158 0.0415807
0.171875 1.04282 0.0428203
0.171875 1.04282 0.0428203
0.1875 1.04408 0.0440828
0.1875 1.04408 0.0440828
0.203125 1.04536 0.0453574
0.203125 1.04536 0.0453574
0.21875 1.04663 0.0466335
0.21875 1.04663 0.0466335
0.234375 1.0479 0.0479011
0.234375 1.0479 0.0479011
0.25 1.04915 0.0491506
0.25 1.04915 0.0491506
0.265625 1.05037 0.050373
0.265625 1.05037 0.050373
0.28125 1.05156 0.0515594
0.28125 1.05156 0.0515594
0.296875 1.0527 0.0527018
0.296875 1.0527 0.0527018
0.3125 1.05379 0.0537922
0.3125 1.05379 0.0537922
0.328125 1.05482 0.0548234
0.328125 1.05482 0.0548234
0.34375 1.05579 0.0557886
0.34375 1.05579 0.0557886
0.359375 1.05668 0.0566814
0.359375 1.05668 0.0566814
0.375 1.0575 0.0574962
0.375 1.0575 0.0574962
0.390625 1.05823 0.0582276
0.390625 1.05823 0.0582276
0.40625 1.05887 0.058871
0.40625 1.05887 0.058871
0.421875 1.05942 0.0594224
0.421875 1.05942 0.0594224
0.4375 1.05988 0.0598784
0.4375 1.05988 0.0598784
0.453125 1.06024 0.060236
0.453125 1.06024 0.060236
0.46875 1.06049 0.060493
0.46875 1.06049 0.060493
0.484375 1.06065 0.0606478
0.484375 1.06065 0.0606478
0.5 1.0607 0.0606995
0.5 1.0607 0.0606995
0.515625 1.06065 0.0606478
0.515625 1.06065 0.0606478
0.53125 1.06049 0.060493
0.53125 1.06049 0.060493
0.546875 1.06024 0.060236
0.546875 1.06024 0.060236
0.5625 1.05988 0.0598784
0.5625 1.05988 0.0598784
0.578125 1.05942 0.0594224
0.578125 1.05942 0.0594224
0.59375 1.05887 0.058871
0.59375 1.05887 0.058871
0.609375 1.05823 0.0582276
0.609375 1.05823 0.0582276
0.625 1.0575 0.0574962
0.625 1.0575 0.0574962
0.640625 1.05668 0.0566814
0.640625 1.05668 0.0566814
0.65625 1.05579 0.0557886
0.65625 1.05579 0.0557886
0.671875 1.05482 0.0548234
0.671875 1.05482 0.0548234
0.6875 1.05379 0.0537922
0.6875 1.05379 0.0537922
0.703125 1.0527 0.0527018
0.703125 1.0527 0.0527018
0.71875 1.05156 0.0515594
0.71875 1.05156 0.0515594
0.734375 1.05037 0.050373
0.734375 1.05037 0.050373
0.75 1.04915 0.0491506
0.75 1.04915 0.0491506
0.765625 1.0479 0.0479011
0.765625 1.0479 0.0479011
0.78125 1.04663 0.0466335
0.78125 1.04663 0.0466335
0.796875 1.04536 0.0453574
0.796875 1.04536 0.0453574
0.8125 1.04408 0.0440828
0.8125 1.04408 0.0440828
0.828125 1.04282 0.0428203
0.828125 1.04282 0.0428203
0.84375 1.04158 0.0415807
0.84375 1.04158 0.0415807
0.859375 1.04038 0.0403757
0.859375 1.04038 0.0403757
0.875 1.03922 0.0392173
0.875 1.03922 0.0392173
0.890625 1.03812 0.0381186
0.890625 1.03812 0.0381186
0.90625 1.03709 0.0370936
0.90625 1.03709 0.0370936
0.921875 1.03616 0.0361577
0.921875 1.03616 0.0361577
0.9375 1.03533 0.0353284
0.9375 1.03533 0.0353284
0.953125 1.03463 0.0346263
0.953125 1.03463 0.0346263
0.96875 1.03408 0.0340773
0.96875 1.03408 0.0340773
0.984375 1.03372 0.0337174
0.984375 1.03372 0.0337174
1 1 0
