# x y topography
0 1 0
0.015625 1.03041 0.0304095
0.015625 1.03041 0.0304095
0.03125 1.0308 0.0308047
0.03125 1.0308 0.0308047
0.046875 1.03142 0.0314239
0.046875 1.03142 0.0314239
0.0625 1.03223 0.0322302
0.0625 1.03223 0.0322302
0.078125 1.0332 0.0331963
0.078125 1.0332 0.0331963
0.09375 1.0343 0.0343001
0.09375 1.0343 0.0343001
0.109375 1.03552 0.0355218
0.109375 1.03552 0.0355218
0.125 1.03684 0.0368436
0.125 1.03684 0.0368436
0.140625 1.03825 0.0382489
0.140625 1.03825 0.0382489
0.15625 1.03972 0.0397217
0.15625 1.03972 0.0397217
0.171875 1.04125 0.0412467
0.171875 1.04125 0.0412467
0.1875 1.04281 0.042809
0.1875 1.04281 0.042809
0.203125 1.04439 0.0443943
0.203125 1.04439 0.0443943
0.21875 1.04599 0.0459888
0.21875 1.04599 0.0459888
0.234375 1.04758 0.047579
0.234375 1.04758 0.047579
0.25 1.04915 0.049152
0.25 1.04915 0.049152
0.265625 1.0507 0.0506953
0.265625 1.0507 0.0506953
0.28125 1.0522 0.0521972
0.28125 1.0522 0.0521972
0.296875 1.05365 0.0536463
0.296875 1.05365 0.0536463
0.3125 1.05503 0.0550321
0.3125 1.05503 0.0550321
0.328125 1.05634 0.0563445
0.328125 1.05634 0.0563445
0.34375 1.05757 0.0575744
0.34375 1.05757 0.0575744
0.359375 1.05871 0.0587132
0.359375 1.05871 0.0587132
0.375 1.05975 0.0597533
0.375 1.05975 0.0597533
0.390625 1.06069 0.0606875
0.390625 1.06069 0.0606875
0.40625 1.06151 0.0615097
0.40625 1.06151 0.0615097
0.421875 1.06221 0.0622146
0.421875 1.06221 0.0622146
0.4375 1.0628 0.0627976
0.4375 1.0628 0.0627976
0.453125 1.06325 0.0632549
0.453125 1.06325 0.0632549
0.46875 1.06358 0.0635837
0.46875 1.06358 0.0635837
0.484375 1.06378 0.0637818
0.484375 1.06378 0.0637818
0.5 1.06385 0.0638479
0.5 1.06385 0.0638479
0.515625 1.06378 0.0637818
0.515625 1.06378 0.0637818
0.53125 1.06358 0.0635837
0.53125 1.06358 0.0635837
0.546875 1.06325 0.0632549
0.546875 1.06325 0.0632549
0.5625 1.0628 0.0627976
0.5625 1.0628 0.0627976
0.578125 1.06221 0.0622146
0.578125 1.06221 0.0622146
0.59375 1.06151 0.0615097
0.59375 1.06151 0.0615097
0.609375 1.06069 0.0606875
0.609375 1.06069 0.0606875
0.625 1.05975 0.0597533
0.625 1.05975 0.0597533
0.640625 1.05871 0.0587132
0.640625 1.05871 0.0587132
0.65625 1.05757 0.0575744
0.65625 1.05757 0.0575744
0.671875 1.05634 0.0563445
0.671875 1.05634 0.0563445
0.6875 1.05503 0.0550321
0.6875 1.05503 0.0550321
0.703125 1.05365 0.0536463
0.703125 1.05365 0.0536463
0.71875 1.0522 0.0521972
0.71875 1.0522 0.0521972
0.734375 1.0507 0.0506953
0.734375 1.0507 0.0506953
0.75 1.04915 0.049152
0.75 1.04915 0.049152
0.765625 1.04758 0.047579
0.765625 1.04758 0.047579
0.78125 1.04599 0.0459888
0.78125 1.04599 0.0459888
0.796875 1.04439 0.0443943
0.796875 1.04439 0.0443943
0.8125 1.04281 0.042809
0.8125 1.04281 0.042809
0.828125 1.04125 0.0412467
0.828125 1.04125 0.0412467
0.84375 1.03972 0.0397217
0.84375 1.03972 0.0397217
0.859375 1.03825 0.0382489
0.859375 1.03825 0.0382489
0.875 1.03684 0.0368436
0.875 1.03684 0.0368436
0.890625 1.03552 0.0355218
0.890625 1.03552 0.0355218
0.90625 1.0343 0.0343001
0.90625 1.0343 0.0343001
0.921875 1.0332 0.0331963
0.921875 1.0332 0.0331963
0.9375 1.03223 0.0322302
0.9375 1.03223 0.0322302
0.953125 1.03142 0.0314239
0.953125 1.03142 0.0314239
0.96875 1.0308 0.0308047
0.96875 1.0308 0.0308047
0.984375 1.03041 0.0304095
0.984375 1.03041 0.0304095
1 1 0
