# x y topography
0 1 0
0.015625 1.03486 0.0348563
0.015625 1.03486 0.0348563
0.03125 1.0352 0.0352047
0.03125 1.0352 0.0352047
0.046875 1.03573 0.0357308
0.046875 1.03573 0.0357308
0.0625 1.0364 0.0363989
0.0625 1.0364 0.0363989
0.078125 1.03718 0.0371834
0.078125 1.03718 0.0371834
0.09375 1.03806 0.0380642
0.09375 1.03806 0.0380642
0.109375 1.03902 0.0390244
0.109375 1.03902 0.0390244
0.125 1.04005 0.0400492
0.125 1.04005 0.0400492
0.140625 1.04113 0.0411254
0.140625 1.04113 0.0411254
0.15625 1.04224 0.0422409
0.15625 1.04224 0.0422409
0.171875 1.04338 0.0433844
0.171875 1.04338 0.0433844
0.1875 1.04455 0.0445453
0.1875 1.04455 0.0445453
0.203125 1.04571 0.0457138
0.203125 1.04571 0.0457138
0.21875 1.04688 0.0468804
0.21875 1.04688 0.0468804
0.234375 1.04804 0.0480362
0.234375 1.04804 0.0480362
0.25 1.04917 0.0491728
0.25 1.04917 0.0491728
0.265625 1.05028 0.0502822
0.265625 1.05028 0.0502822
0.28125 1.05136 0.0513568
0.28125 1.05136 0.0513568
0.296875 1.05239 0.0523894
0.296875 1.05239 0.0523894
0.3125 1.05337 0.0533734
0.3125 1.05337 0.0533734
0.328125 1.0543 0.0543025
0.328125 1.0543 0.0543025
0.34375 1.05517 0.0551707
0.34375 1.05517 0.0551707
0.359375 1.05597 0.0559729
0.359375 1.05597 0.0559729
0.375 1.0567 0.056704
0.375 1.0567 0.056704
0.390625 1.05736 0.0573597
0.390625 1.05736 0.0573597
0.40625 1.05794 0.0579361
0.40625 1.05794 0.0579361
0.421875 1.05843 0.0584296
0.421875 1.05843 0.0584296
0.4375 1.05884 0.0588374
0.4375 1.05884 0.0588374
0.453125 1.05916 0.0591571
0.453125 1.05916 0.0591571
0.46875 1.05939 0.0593868
0.46875 1.05939 0.0593868
0.484375 1.05953 0.0595251
0.484375 1.05953 0.0595251
0.5 1.05957 0.0595713
0.5 1.05957 0.0595713
0.515625 1.05953 0.0595251
0.515625 1.05953 0.0595251
0.53125 1.05939 0.0593868
0.53125 1.05939 0.0593868
0.546875 1.05916 0.0591571
0.546875 1.05916 0.0591571
0.5625 1.05884 0.0588374
0.5625 1.05884 0.0588374
0.578125 1.05843 0.0584296
0.578125 1.05843 0.0584296
0.59375 1.05794 0.0579361
0.59375 1.05794 0.0579361
0.609375 1.05736 0.0573597
0.609375 1.05736 0.0573597
0.625 1.0567 0.056704
0.625 1.0567 0.056704
0.640625 1.05597 0.0559729
0.640625 1.05597 0.0559729
0.65625 1.05517 0.0551707
0.65625 1.05517 0.0551707
0.671875 1.0543 0.0543025
0.671875 1.0543 0.0543025
0.6875 1.05337 0.0533734
0.6875 1.05337 0.0533734
0.703125 1.05239 0.0523894
0.703125 1.05239 0.0523894
0.71875 1.05136 0.0513568
0.71875 1.05136 0.0513568
0.734375 1.05028 0.0502822
0.734375 1.05028 0.0502822
0.75 1.04917 0.0491728
0.75 1.04917 0.0491728
0.765625 1.04804 0.0480362
0.765625 1.04804 0.0480362
0.78125 1.04688 0.0468804
0.78125 1.04688 0.0468804
0.796875 1.04571 0.0457138
0.796875 1.04571 0.0457138
0.8125 1.04455 0.0445453
0.8125 1.04455 0.0445453
0.828125 1.04338 0.0433844
0.828125 1.04338 0.0433844
0.84375 1.04224 0.0422409
0.84375 1.04224 0.0422409
0.859375 1.04113 0.0411254
0.859375 1.04113 0.0411254
0.875 1.04005 0.0400492
0.875 1.04005 0.0400492
0.890625 1.03902 0.0390244
0.890625 1.03902 0.0390244
0.90625 1.03806 0.0380642
0.90625 1.03806 0.0380642
0.921875 1.03718 0.0371834
0.921875 1.03718 0.0371834
0.9375 1.0364 0.0363989
0.9375 1.0364 0.0363989
0.953125 1.03573 0.0357308
0.953125 1.03573 0.0357308
0.96875 1.0352 0.0352047
0.96875 1.0352 0.0352047
0.984375 1.03486 0.0348563
0.984375 1.03486 0.0348563
1 1 0
