# x y topography analytical topography
0 3 0 0.0116551
0.046875 3.011 0.0110048 0.0120045
0.046875 3.011 0.0110048 0.0120045
0.09375 3.02177 0.0217714 0.01303
0.09375 3.02177 0.0217714 0.01303
0.140625 3.03207 0.0320666 0.0146671
0.140625 3.03207 0.0320666 0.0146671
0.1875 3.04167 0.0416678 0.0168207
0.1875 3.04167 0.0416678 0.0168207
0.234375 3.05037 0.0503669 0.0193791
0.234375 3.05037 0.0503669 0.0193791
0.28125 3.05798 0.0579758 0.0222288
0.28125 3.05798 0.0579758 0.0222288
0.328125 3.06433 0.0643296 0.0252662
0.328125 3.06433 0.0643296 0.0252662
0.375 3.06929 0.069291 0.0284048
0.375 3.06929 0.069291 0.0284048
0.421875 3.07275 0.0727523 0.0315773
0.421875 3.07275 0.0727523 0.0315773
0.46875 3.07464 0.0746389 0.0347346
0.46875 3.07464 0.0746389 0.0347346
0.515625 3.07491 0.0749097 0.0378422
0.515625 3.07491 0.0749097 0.0378422
0.5625 3.07356 0.0735589 0.0408764
0.5625 3.07356 0.0735589 0.0408764
0.609375 3.07062 0.0706158 0.043821
0.609375 3.07062 0.0706158 0.043821
0.65625 3.06614 0.0661441 0.0466642
0.65625 3.06614 0.0661441 0.0466642
0.703125 3.06024 0.0602406 0.0493967
0.703125 3.06024 0.0602406 0.0493967
0.75 3.05303 0.053033 0.0520109
0.75 3.05303 0.053033 0.0520109
0.796875 3.04468 0.0446774 0.0545002
0.796875 3.04468 0.0446774 0.0545002
0.84375 3.03535 0.0353548 0.0568582
0.84375 3.03535 0.0353548 0.0568582
0.890625 3.02527 0.0252667 0.0590793
0.890625 3.02527 0.0252667 0.0590793
0.9375 3.01463 0.0146318 0.0611581
0.9375 3.01463 0.0146318 0.0611581
0.984375 3.00368 0.00368008 0.0630896
0.984375 3.00368 0.00368008 0.0630896
1.03125 2.99265 -0.00735129 0.064869
1.03125 2.99265 -0.00735129 0.064869
1.07812 2.98178 -0.0182235 0.0664922
1.07812 2.98178 -0.0182235 0.0664922
1.125 2.9713 -0.0287013 0.0679553
1.125 2.9713 -0.0287013 0.0679553
1.17188 2.96144 -0.0385577 0.0692546
1.17188 2.96144 -0.0385577 0.0692546
1.21875 2.95242 -0.0475795 0.070387
1.21875 2.95242 -0.0475795 0.070387
1.26562 2.94443 -0.0555713 0.0713499
1.26562 2.94443 -0.0555713 0.0713499
1.3125 2.93764 -0.0623602 0.0721409
1.3125 2.93764 -0.0623602 0.0721409
1.35938 2.9322 -0.0677992 0.0727581
1.35938 2.9322 -0.0677992 0.0727581
1.40625 2.92823 -0.0717705 0.0732001
1.40625 2.92823 -0.0717705 0.0732001
1.45312 2.92581 -0.0741882 0.0734656
1.45312 2.92581 -0.0741882 0.0734656
1.5 2.925 -0.075 0.0735542
1.5 2.925 -0.075 0.0735542
1.54688 2.92581 -0.0741882 0.0734656
1.54688 2.92581 -0.0741882 0.0734656
1.59375 2.92823 -0.0717705 0.0732001
1.59375 2.92823 -0.0717705 0.0732001
1.64062 2.9322 -0.0677992 0.0727581
1.64062 2.9322 -0.0677992 0.0727581
1.6875 2.93764 -0.0623602 0.0721409
1.6875 2.93764 -0.0623602 0.0721409
1.73438 2.94443 -0.0555713 0.0713499
1.73438 2.94443 -0.0555713 0.0713499
1.78125 2.95242 -0.0475795 0.070387
1.78125 2.95242 -0.0475795 0.070387
1.82812 2.96144 -0.0385577 0.0692546
1.82812 2.96144 -0.0385577 0.0692546
1.875 2.9713 -0.0287013 0.0679553
1.875 2.9713 -0.0287013 0.0679553
1.92188 2.98178 -0.0182235 0.0664922
1.92188 2.98178 -0.0182235 0.0664922
1.96875 2.99265 -0.00735129 0.064869
1.96875 2.99265 -0.00735129 0.064869
2.01562 3.00368 0.00368008 0.0630896
2.01562 3.00368 0.00368008 0.0630896
2.0625 3.01463 0.0146318 0.0611581
2.0625 3.01463 0.0146318 0.0611581
2.10938 3.02527 0.0252667 0.0590793
2.10938 3.02527 0.0252667 0.0590793
2.15625 3.03535 0.0353548 0.0568582
2.15625 3.03535 0.0353548 0.0568582
2.20312 3.04468 0.0446774 0.0545002
2.20312 3.04468 0.0446774 0.0545002
2.25 3.05303 0.053033 0.0520109
2.25 3.05303 0.053033 0.0520109
2.29688 3.06024 0.0602406 0.0493967
2.29688 3.06024 0.0602406 0.0493967
2.34375 3.06614 0.0661441 0.0466642
2.34375 3.06614 0.0661441 0.0466642
2.39062 3.07062 0.0706158 0.043821
2.39062 3.07062 0.0706158 0.043821
2.4375 3.07356 0.0735589 0.0408764
2.4375 3.07356 0.0735589 0.0408764
2.48438 3.07491 0.0749097 0.0378422
2.48438 3.07491 0.0749097 0.0378422
2.53125 3.07464 0.0746389 0.0347346
2.53125 3.07464 0.0746389 0.0347346
2.57812 3.07275 0.0727523 0.0315773
2.57812 3.07275 0.0727523 0.0315773
2.625 3.06929 0.069291 0.0284048
2.625 3.06929 0.069291 0.0284048
2.67188 3.06433 0.0643296 0.0252662
2.67188 3.06433 0.0643296 0.0252662
2.71875 3.05798 0.0579758 0.0222288
2.71875 3.05798 0.0579758 0.0222288
2.76562 3.05037 0.0503669 0.0193791
2.76562 3.05037 0.0503669 0.0193791
2.8125 3.04167 0.0416678 0.0168207
2.8125 3.04167 0.0416678 0.0168207
2.85938 3.03207 0.0320666 0.0146671
2.85938 3.03207 0.0320666 0.0146671
2.90625 3.02177 0.0217714 0.01303
2.90625 3.02177 0.0217714 0.01303
2.95312 3.011 0.0110048 0.0120045
2.95312 3.011 0.0110048 0.0120045
3 3 0 0.0116551
