# x y topography analytical topography
0 3 0 0.00868868
0.046875 3.011 0.0110048 0.00916656
0.046875 3.011 0.0110048 0.00916656
0.09375 3.02177 0.0217714 0.0105465
0.09375 3.02177 0.0217714 0.0105465
0.140625 3.03207 0.0320666 0.0126839
0.140625 3.03207 0.0320666 0.0126839
0.1875 3.04167 0.0416678 0.0153846
0.1875 3.04167 0.0416678 0.0153846
0.234375 3.05037 0.0503669 0.0184513
0.234375 3.05037 0.0503669 0.0184513
0.28125 3.05798 0.0579758 0.0217187
0.28125 3.05798 0.0579758 0.0217187
0.328125 3.06433 0.0643296 0.0250672
0.328125 3.06433 0.0643296 0.0250672
0.375 3.06929 0.069291 0.0284204
0.375 3.06929 0.069291 0.0284204
0.421875 3.07275 0.0727523 0.0317334
0.421875 3.07275 0.0727523 0.0317334
0.46875 3.07464 0.0746389 0.034981
0.46875 3.07464 0.0746389 0.034981
0.515625 3.07491 0.0749097 0.0381482
0.515625 3.07491 0.0749097 0.0381482
0.5625 3.07356 0.0735589 0.0412248
0.5625 3.07356 0.0735589 0.0412248
0.609375 3.07062 0.0706158 0.0442023
0.609375 3.07062 0.0706158 0.0442023
0.65625 3.06614 0.0661441 0.0470735
0.65625 3.06614 0.0661441 0.0470735
0.703125 3.06024 0.0602406 0.0498313
0.703125 3.06024 0.0602406 0.0498313
0.75 3.05303 0.053033 0.052469
0.75 3.05303 0.053033 0.052469
0.796875 3.04468 0.0446774 0.0549803
0.796875 3.04468 0.0446774 0.0549803
0.84375 3.03535 0.0353548 0.0573592
0.84375 3.03535 0.0353548 0.0573592
0.890625 3.02527 0.0252667 0.0595999
0.890625 3.02527 0.0252667 0.0595999
0.9375 3.01463 0.0146318 0.061697
0.9375 3.01463 0.0146318 0.061697
0.984375 3.00368 0.00368008 0.0636455
0.984375 3.00368 0.00368008 0.0636455
1.03125 2.99265 -0.00735129 0.0654406
1.03125 2.99265 -0.00735129 0.0654406
1.07812 2.98178 -0.0182235 0.0670781
1.07812 2.98178 -0.0182235 0.0670781
1.125 2.9713 -0.0287013 0.068554
1.125 2.9713 -0.0287013 0.068554
1.17188 2.96144 -0.0385577 0.0698648
1.17188 2.96144 -0.0385577 0.0698648
1.21875 2.95242 -0.0475795 0.0710072
1.21875 2.95242 -0.0475795 0.0710072
1.26562 2.94443 -0.0555713 0.0719786
1.26562 2.94443 -0.0555713 0.0719786
1.3125 2.93764 -0.0623602 0.0727766
1.3125 2.93764 -0.0623602 0.0727766
1.35938 2.9322 -0.0677992 0.0733992
1.35938 2.9322 -0.0677992 0.0733992
1.40625 2.92823 -0.0717705 0.0738451
1.40625 2.92823 -0.0717705 0.0738451
1.45312 2.92581 -0.0741882 0.074113
1.45312 2.92581 -0.0741882 0.074113
1.5 2.925 -0.075 0.0742024
1.5 2.925 -0.075 0.0742024
1.54688 2.92581 -0.0741882 0.074113
1.54688 2.92581 -0.0741882 0.074113
1.59375 2.92823 -0.0717705 0.0738451
1.59375 2.92823 -0.0717705 0.0738451
1.64062 2.9322 -0.0677992 0.0733992
1.64062 2.9322 -0.0677992 0.0733992
1.6875 2.93764 -0.0623602 0.0727766
1.6875 2.93764 -0.0623602 0.0727766
1.73438 2.94443 -0.0555713 0.0719786
1.73438 2.94443 -0.0555713 0.0719786
1.78125 2.95242 -0.0475795 0.0710072
1.78125 2.95242 -0.0475795 0.0710072
1.82812 2.96144 -0.0385577 0.0698648
1.82812 2.96144 -0.0385577 0.0698648
1.875 2.9713 -0.0287013 0.068554
1.875 2.9713 -0.0287013 0.068554
1.92188 2.98178 -0.0182235 0.0670781
1.92188 2.98178 -0.0182235 0.0670781
1.96875 2.99265 -0.00735129 0.0654406
1.96875 2.99265 -0.00735129 0.0654406
2.01562 3.00368 0.00368008 0.0636455
2.01562 3.00368 0.00368008 0.0636455
2.0625 3.01463 0.0146318 0.061697
2.0625 3.01463 0.0146318 0.061697
2.10938 3.02527 0.0252667 0.0595999
2.10938 3.02527 0.0252667 0.0595999
2.15625 3.03535 0.0353548 0.0573592
2.15625 3.03535 0.0353548 0.0573592
2.20312 3.04468 0.0446774 0.0549803
2.20312 3.04468 0.0446774 0.0549803
2.25 3.05303 0.053033 0.052469
2.25 3.05303 0.053033 0.052469
2.29688 3.06024 0.0602406 0.0498313
2.29688 3.06024 0.0602406 0.0498313
2.34375 3.06614 0.0661441 0.0470735
2.34375 3.06614 0.0661441 0.0470735
2.39062 3.07062 0.0706158 0.0442023
2.39062 3.07062 0.0706158 0.0442023
2.4375 3.07356 0.0735589 0.0412248
2.4375 3.07356 0.0735589 0.0412248
2.48438 3.07491 0.0749097 0.0381482
2.48438 3.07491 0.0749097 0.0381482
2.53125 3.07464 0.0746389 0.034981
2.53125 3.07464 0.0746389 0.034981
2.57812 3.07275 0.0727523 0.0317334
2.57812 3.07275 0.0727523 0.0317334
2.625 3.06929 0.069291 0.0284204
2.625 3.06929 0.069291 0.0284204
2.67188 3.06433 0.0643296 0.0250672
2.67188 3.06433 0.0643296 0.0250672
2.71875 3.05798 0.0579758 0.0217187
2.71875 3.05798 0.0579758 0.0217187
2.76562 3.05037 0.0503669 0.0184513
2.76562 3.05037 0.0503669 0.0184513
2.8125 3.04167 0.0416678 0.0153846
2.8125 3.04167 0.0416678 0.0153846
2.85938 3.03207 0.0320666 0.0126839
2.85938 3.03207 0.0320666 0.0126839
2.90625 3.02177 0.0217714 0.0105465
2.90625 3.02177 0.0217714 0.0105465
2.95312 3.011 0.0110048 0.00916656
2.95312 3.011 0.0110048 0.00916656
3 3 0 0.00868868
