# x y topography analytical topography
0 3 0 0.0130064
0.046875 3.011 0.0110048 0.0133157
0.046875 3.011 0.0110048 0.0133157
0.09375 3.02177 0.0217714 0.0142271
0.09375 3.02177 0.0217714 0.0142271
0.140625 3.03207 0.0320666 0.0156935
0.140625 3.03207 0.0320666 0.0156935
0.1875 3.04167 0.0416678 0.0176436
0.1875 3.04167 0.0416678 0.0176436
0.234375 3.05037 0.0503669 0.0199903
0.234375 3.05037 0.0503669 0.0199903
0.28125 3.05798 0.0579758 0.0226413
0.28125 3.05798 0.0579758 0.0226413
0.328125 3.06433 0.0643296 0.0255069
0.328125 3.06433 0.0643296 0.0255069
0.375 3.06929 0.069291 0.0285068
0.375 3.06929 0.069291 0.0285068
0.421875 3.07275 0.0727523 0.0315737
0.421875 3.07275 0.0727523 0.0315737
0.46875 3.07464 0.0746389 0.0346539
0.46875 3.07464 0.0746389 0.0346539
0.515625 3.07491 0.0749097 0.0377068
0.515625 3.07491 0.0749097 0.0377068
0.5625 3.07356 0.0735589 0.0407024
0.5625 3.07356 0.0735589 0.0407024
0.609375 3.07062 0.0706158 0.0436191
0.609375 3.07062 0.0706158 0.0436191
0.65625 3.06614 0.0661441 0.0464411
0.65625 3.06614 0.0661441 0.0464411
0.703125 3.06024 0.0602406 0.0491566
0.703125 3.06024 0.0602406 0.0491566
0.75 3.05303 0.053033 0.0517562
0.75 3.05303 0.053033 0.0517562
0.796875 3.04468 0.0446774 0.0542324
0.796875 3.04468 0.0446774 0.0542324
0.84375 3.03535 0.0353548 0.0565785
0.84375 3.03535 0.0353548 0.0565785
0.890625 3.02527 0.0252667 0.0587886
0.890625 3.02527 0.0252667 0.0587886
0.9375 3.01463 0.0146318 0.0608571
0.9375 3.01463 0.0146318 0.0608571
0.984375 3.00368 0.00368008 0.062779
0.984375 3.00368 0.00368008 0.062779
1.03125 2.99265 -0.00735129 0.0645497
1.03125 2.99265 -0.00735129 0.0645497
1.07812 2.98178 -0.0182235 0.0661649
1.07812 2.98178 -0.0182235 0.0661649
1.125 2.9713 -0.0287013 0.0676207
1.125 2.9713 -0.0287013 0.0676207
1.17188 2.96144 -0.0385577 0.0689136
1.17188 2.96144 -0.0385577 0.0689136
1.21875 2.95242 -0.0475795 0.0700405
1.21875 2.95242 -0.0475795 0.0700405
1.26562 2.94443 -0.0555713 0.0709987
1.26562 2.94443 -0.0555713 0.0709987
1.3125 2.93764 -0.0623602 0.0717858
1.3125 2.93764 -0.0623602 0.0717858
1.35938 2.9322 -0.0677992 0.0724
1.35938 2.9322 -0.0677992 0.0724
1.40625 2.92823 -0.0717705 0.0728397
1.40625 2.92823 -0.0717705 0.0728397
1.45312 2.92581 -0.0741882 0.073104
1.45312 2.92581 -0.0741882 0.073104
1.5 2.925 -0.075 0.0731922
1.5 2.925 -0.075 0.0731922
1.54688 2.92581 -0.0741882 0.073104
1.54688 2.92581 -0.0741882 0.073104
1.59375 2.92823 -0.0717705 0.0728397
1.59375 2.92823 -0.0717705 0.0728397
1.64062 2.9322 -0.0677992 0.0724
1.64062 2.9322 -0.0677992 0.0724
1.6875 2.93764 -0.0623602 0.0717858
1.6875 2.93764 -0.0623602 0.0717858
1.73438 2.94443 -0.0555713 0.0709987
1.73438 2.94443 -0.0555713 0.0709987
1.78125 2.95242 -0.0475795 0.0700405
1.78125 2.95242 -0.0475795 0.0700405
1.82812 2.96144 -0.0385577 0.0689136
1.82812 2.96144 -0.0385577 0.0689136
1.875 2.9713 -0.0287013 0.0676207
1.875 2.9713 -0.0287013 0.0676207
1.92188 2.98178 -0.0182235 0.0661649
1.92188 2.98178 -0.0182235 0.0661649
1.96875 2.99265 -0.00735129 0.0645497
1.96875 2.99265 -0.00735129 0.0645497
2.01562 3.00368 0.00368008 0.062779
2.01562 3.00368 0.00368008 0.062779
2.0625 3.01463 0.0146318 0.0608571
2.0625 3.01463 0.0146318 0.0608571
2.10938 3.02527 0.0252667 0.0587886
2.10938 3.02527 0.0252667 0.0587886
2.15625 3.03535 0.0353548 0.0565785
2.15625 3.03535 0.0353548 0.0565785
2.20312 3.04468 0.0446774 0.0542324
2.20312 3.04468 0.0446774 0.0542324
2.25 3.05303 0.053033 0.0517562
2.25 3.05303 0.053033 0.0517562
2.29688 3.06024 0.0602406 0.0491566
2.29688 3.06024 0.0602406 0.0491566
2.34375 3.06614 0.0661441 0.0464411
2.34375 3.06614 0.0661441 0.0464411
2.39062 3.07062 0.0706158 0.0436191
2.39062 3.07062 0.0706158 0.0436191
2.4375 3.07356 0.0735589 0.0407024
2.4375 3.07356 0.0735589 0.0407024
2.48438 3.07491 0.0749097 0.0377068
2.48438 3.07491 0.0749097 0.0377068
2.53125 3.07464 0.0746389 0.0346539
2.53125 3.07464 0.0746389 0.0346539
2.57812 3.07275 0.0727523 0.0315737
2.57812 3.07275 0.0727523 0.0315737
2.625 3.06929 0.069291 0.0285068
2.625 3.06929 0.069291 0.0285068
2.67188 3.06433 0.0643296 0.0255069
2.67188 3.06433 0.0643296 0.0255069
2.71875 3.05798 0.0579758 0.0226413
2.71875 3.05798 0.0579758 0.0226413
2.76562 3.05037 0.0503669 0.0199903
2.76562 3.05037 0.0503669 0.0199903
2.8125 3.04167 0.0416678 0.0176436
2.8125 3.04167 0.0416678 0.0176436
2.85938 3.03207 0.0320666 0.0156935
2.85938 3.03207 0.0320666 0.0156935
2.90625 3.02177 0.0217714 0.0142271
2.90625 3.02177 0.0217714 0.0142271
2.95312 3.011 0.0110048 0.0133157
2.95312 3.011 0.0110048 0.0133157
3 3 0 0.0130064
