# x y topography analytical topography
0 3 0 0.00442304
0.046875 3.011 0.0110048 0.00535701
0.046875 3.011 0.0110048 0.00535701
0.09375 3.02177 0.0217714 0.00780931
0.09375 3.02177 0.0217714 0.00780931
0.140625 3.03207 0.0320666 0.0110718
0.140625 3.03207 0.0320666 0.0110718
0.1875 3.04167 0.0416678 0.0146055
0.1875 3.04167 0.0416678 0.0146055
0.234375 3.05037 0.0503669 0.018175
0.234375 3.05037 0.0503669 0.018175
0.28125 3.05798 0.0579758 0.0217118
0.28125 3.05798 0.0579758 0.0217118
0.328125 3.06433 0.0643296 0.0251976
0.328125 3.06433 0.0643296 0.0251976
0.375 3.06929 0.069291 0.0286227
0.375 3.06929 0.069291 0.0286227
0.421875 3.07275 0.0727523 0.0319788
0.421875 3.07275 0.0727523 0.0319788
0.46875 3.07464 0.0746389 0.035258
0.46875 3.07464 0.0746389 0.035258
0.515625 3.07491 0.0749097 0.0384521
0.515625 3.07491 0.0749097 0.0384521
0.5625 3.07356 0.0735589 0.0415537
0.5625 3.07356 0.0735589 0.0415537
0.609375 3.07062 0.0706158 0.0445551
0.609375 3.07062 0.0706158 0.0445551
0.65625 3.06614 0.0661441 0.0474492
0.65625 3.06614 0.0661441 0.0474492
0.703125 3.06024 0.0602406 0.050229
0.703125 3.06024 0.0602406 0.050229
0.75 3.05303 0.053033 0.0528878
0.75 3.05303 0.053033 0.0528878
0.796875 3.04468 0.0446774 0.0554192
0.796875 3.04468 0.0446774 0.0554192
0.84375 3.03535 0.0353548 0.0578171
0.84375 3.03535 0.0353548 0.0578171
0.890625 3.02527 0.0252667 0.0600756
0.890625 3.02527 0.0252667 0.0600756
0.9375 3.01463 0.0146318 0.0621895
0.9375 3.01463 0.0146318 0.0621895
0.984375 3.00368 0.00368008 0.0641535
0.984375 3.00368 0.00368008 0.0641535
1.03125 2.99265 -0.00735129 0.065963
1.03125 2.99265 -0.00735129 0.065963
1.07812 2.98178 -0.0182235 0.0676136
1.07812 2.98178 -0.0182235 0.0676136
1.125 2.9713 -0.0287013 0.0691013
1.125 2.9713 -0.0287013 0.0691013
1.17188 2.96144 -0.0385577 0.0704225
1.17188 2.96144 -0.0385577 0.0704225
1.21875 2.95242 -0.0475795 0.071574
1.21875 2.95242 -0.0475795 0.071574
1.26562 2.94443 -0.0555713 0.0725532
1.26562 2.94443 -0.0555713 0.0725532
1.3125 2.93764 -0.0623602 0.0733575
1.3125 2.93764 -0.0623602 0.0733575
1.35938 2.9322 -0.0677992 0.0739851
1.35938 2.9322 -0.0677992 0.0739851
1.40625 2.92823 -0.0717705 0.0744345
1.40625 2.92823 -0.0717705 0.0744345
1.45312 2.92581 -0.0741882 0.0747046
1.45312 2.92581 -0.0741882 0.0747046
1.5 2.925 -0.075 0.0747947
1.5 2.925 -0.075 0.0747947
1.54688 2.92581 -0.0741882 0.0747046
1.54688 2.92581 -0.0741882 0.0747046
1.59375 2.92823 -0.0717705 0.0744345
1.59375 2.92823 -0.0717705 0.0744345
1.64062 2.9322 -0.0677992 0.0739851
1.64062 2.9322 -0.0677992 0.0739851
1.6875 2.93764 -0.0623602 0.0733575
1.6875 2.93764 -0.0623602 0.0733575
1.73438 2.94443 -0.0555713 0.0725532
1.73438 2.94443 -0.0555713 0.0725532
1.78125 2.95242 -0.0475795 0.071574
1.78125 2.95242 -0.0475795 0.071574
1.82812 2.96144 -0.0385577 0.0704225
1.82812 2.96144 -0.0385577 0.0704225
1.875 2.9713 -0.0287013 0.0691013
1.875 2.9713 -0.0287013 0.0691013
1.92188 2.98178 -0.0182235 0.0676136
1.92188 2.98178 -0.0182235 0.0676136
1.96875 2.99265 -0.00735129 0.065963
1.96875 2.99265 -0.00735129 0.065963
2.01562 3.00368 0.00368008 0.0641535
2.01562 3.00368 0.00368008 0.0641535
2.0625 3.01463 0.0146318 0.0621895
2.0625 3.01463 0.0146318 0.0621895
2.10938 3.02527 0.0252667 0.0600756
2.10938 3.02527 0.0252667 0.0600756
2.15625 3.03535 0.0353548 0.0578171
2.15625 3.03535 0.0353548 0.0578171
2.20312 3.04468 0.0446774 0.0554192
2.20312 3.04468 0.0446774 0.0554192
2.25 3.05303 0.053033 0.0528878
2.25 3.05303 0.053033 0.0528878
2.29688 3.06024 0.0602406 0.050229
2.29688 3.06024 0.0602406 0.050229
2.34375 3.06614 0.0661441 0.0474492
2.34375 3.06614 0.0661441 0.0474492
2.39062 3.07062 0.0706158 0.0445551
2.39062 3.07062 0.0706158 0.0445551
2.4375 3.07356 0.0735589 0.0415537
2.4375 3.07356 0.0735589 0.0415537
2.48438 3.07491 0.0749097 0.0384521
2.48438 3.07491 0.0749097 0.0384521
2.53125 3.07464 0.0746389 0.035258
2.53125 3.07464 0.0746389 0.035258
2.57812 3.07275 0.0727523 0.0319788
2.57812 3.07275 0.0727523 0.0319788
2.625 3.06929 0.069291 0.0286227
2.625 3.06929 0.069291 0.0286227
2.67188 3.06433 0.0643296 0.0251976
2.67188 3.06433 0.0643296 0.0251976
2.71875 3.05798 0.0579758 0.0217118
2.71875 3.05798 0.0579758 0.0217118
2.76562 3.05037 0.0503669 0.018175
2.76562 3.05037 0.0503669 0.018175
2.8125 3.04167 0.0416678 0.0146055
2.8125 3.04167 0.0416678 0.0146055
2.85938 3.03207 0.0320666 0.0110718
2.85938 3.03207 0.0320666 0.0110718
2.90625 3.02177 0.0217714 0.00780931
2.90625 3.02177 0.0217714 0.00780931
2.95312 3.011 0.0110048 0.00535701
2.95312 3.011 0.0110048 0.00535701
3 3 0 0.00442304
