# x y topography analytical topography
0 3 0 0.0118138
0.046875 3.011 0.0110048 0.0121581
0.046875 3.011 0.0110048 0.0121581
0.09375 3.02177 0.0217714 0.013169
0.09375 3.02177 0.0217714 0.013169
0.140625 3.03207 0.0320666 0.0147846
0.140625 3.03207 0.0320666 0.0147846
0.1875 3.04167 0.0416678 0.0169128
0.1875 3.04167 0.0416678 0.0169128
0.234375 3.05037 0.0503669 0.0194455
0.234375 3.05037 0.0503669 0.0194455
0.28125 3.05798 0.0579758 0.0222716
0.28125 3.05798 0.0579758 0.0222716
0.328125 3.06433 0.0643296 0.0252894
0.328125 3.06433 0.0643296 0.0252894
0.375 3.06929 0.069291 0.0284127
0.375 3.06929 0.069291 0.0284127
0.421875 3.07275 0.0727523 0.031574
0.421875 3.07275 0.0727523 0.031574
0.46875 3.07464 0.0746389 0.0347234
0.46875 3.07464 0.0746389 0.0347234
0.515625 3.07491 0.0749097 0.0378255
0.515625 3.07491 0.0749097 0.0378255
0.5625 3.07356 0.0735589 0.0408561
0.5625 3.07356 0.0735589 0.0408561
0.609375 3.07062 0.0706158 0.043798
0.609375 3.07062 0.0706158 0.043798
0.65625 3.06614 0.0661441 0.046639
0.65625 3.06614 0.0661441 0.046639
0.703125 3.06024 0.0602406 0.0493698
0.703125 3.06024 0.0602406 0.0493698
0.75 3.05303 0.053033 0.0519825
0.75 3.05303 0.053033 0.0519825
0.796875 3.04468 0.0446774 0.0544703
0.796875 3.04468 0.0446774 0.0544703
0.84375 3.03535 0.0353548 0.0568271
0.84375 3.03535 0.0353548 0.0568271
0.890625 3.02527 0.0252667 0.0590469
0.890625 3.02527 0.0252667 0.0590469
0.9375 3.01463 0.0146318 0.0611246
0.9375 3.01463 0.0146318 0.0611246
0.984375 3.00368 0.00368008 0.063055
0.984375 3.00368 0.00368008 0.063055
1.03125 2.99265 -0.00735129 0.0648335
1.03125 2.99265 -0.00735129 0.0648335
1.07812 2.98178 -0.0182235 0.0664558
1.07812 2.98178 -0.0182235 0.0664558
1.125 2.9713 -0.0287013 0.067918
1.125 2.9713 -0.0287013 0.067918
1.17188 2.96144 -0.0385577 0.0692166
1.17188 2.96144 -0.0385577 0.0692166
1.21875 2.95242 -0.0475795 0.0703484
1.21875 2.95242 -0.0475795 0.0703484
1.26562 2.94443 -0.0555713 0.0713108
1.26562 2.94443 -0.0555713 0.0713108
1.3125 2.93764 -0.0623602 0.0721014
1.3125 2.93764 -0.0623602 0.0721014
1.35938 2.9322 -0.0677992 0.0727182
1.35938 2.9322 -0.0677992 0.0727182
1.40625 2.92823 -0.0717705 0.0731599
1.40625 2.92823 -0.0717705 0.0731599
1.45312 2.92581 -0.0741882 0.0734254
1.45312 2.92581 -0.0741882 0.0734254
1.5 2.925 -0.075 0.0735139
1.5 2.925 -0.075 0.0735139
1.54688 2.92581 -0.0741882 0.0734254
1.54688 2.92581 -0.0741882 0.0734254
1.59375 2.92823 -0.0717705 0.0731599
1.59375 2.92823 -0.0717705 0.0731599
1.64062 2.9322 -0.0677992 0.0727182
1.64062 2.9322 -0.0677992 0.0727182
1.6875 2.93764 -0.0623602 0.0721014
1.6875 2.93764 -0.0623602 0.0721014
1.73438 2.94443 -0.0555713 0.0713108
1.73438 2.94443 -0.0555713 0.0713108
1.78125 2.95242 -0.0475795 0.0703484
1.78125 2.95242 -0.0475795 0.0703484
1.82812 2.96144 -0.0385577 0.0692166
1.82812 2.96144 -0.0385577 0.0692166
1.875 2.9713 -0.0287013 0.067918
1.875 2.9713 -0.0287013 0.067918
1.92188 2.98178 -0.0182235 0.0664558
1.92188 2.98178 -0.0182235 0.0664558
1.96875 2.99265 -0.00735129 0.0648335
1.96875 2.99265 -0.00735129 0.0648335
2.01562 3.00368 0.00368008 0.063055
2.01562 3.00368 0.00368008 0.063055
2.0625 3.01463 0.0146318 0.0611246
2.0625 3.01463 0.0146318 0.0611246
2.10938 3.02527 0.0252667 0.0590469
2.10938 3.02527 0.0252667 0.0590469
2.15625 3.03535 0.0353548 0.0568271
2.15625 3.03535 0.0353548 0.0568271
2.20312 3.04468 0.0446774 0.0544703
2.20312 3.04468 0.0446774 0.0544703
2.25 3.05303 0.053033 0.0519825
2.25 3.05303 0.053033 0.0519825
2.29688 3.06024 0.0602406 0.0493698
2.29688 3.06024 0.0602406 0.0493698
2.34375 3.06614 0.0661441 0.046639
2.34375 3.06614 0.0661441 0.046639
2.39062 3.07062 0.0706158 0.043798
2.39062 3.07062 0.0706158 0.043798
2.4375 3.07356 0.0735589 0.0408561
2.4375 3.07356 0.0735589 0.0408561
2.48438 3.07491 0.0749097 0.0378255
2.48438 3.07491 0.0749097 0.0378255
2.53125 3.07464 0.0746389 0.0347234
2.53125 3.07464 0.0746389 0.0347234
2.57812 3.07275 0.0727523 0.031574
2.57812 3.07275 0.0727523 0.031574
2.625 3.06929 0.069291 0.0284127
2.625 3.06929 0.069291 0.0284127
2.67188 3.06433 0.0643296 0.0252894
2.67188 3.06433 0.0643296 0.0252894
2.71875 3.05798 0.0579758 0.0222716
2.71875 3.05798 0.0579758 0.0222716
2.76562 3.05037 0.0503669 0.0194455
2.76562 3.05037 0.0503669 0.0194455
2.8125 3.04167 0.0416678 0.0169128
2.8125 3.04167 0.0416678 0.0169128
2.85938 3.03207 0.0320666 0.0147846
2.85938 3.03207 0.0320666 0.0147846
2.90625 3.02177 0.0217714 0.013169
2.90625 3.02177 0.0217714 0.013169
2.95312 3.011 0.0110048 0.0121581
2.95312 3.011 0.0110048 0.0121581
3 3 0 0.0118138
