# x y topography analytical topography
0 3 0 0.00744177
0.046875 3.011 0.0110048 0.00800213
0.046875 3.011 0.0110048 0.00800213
0.09375 3.02177 0.0217714 0.00959941
0.09375 3.02177 0.0217714 0.00959941
0.140625 3.03207 0.0320666 0.0120166
0.140625 3.03207 0.0320666 0.0120166
0.1875 3.04167 0.0416678 0.0149837
0.1875 3.04167 0.0416678 0.0149837
0.234375 3.05037 0.0503669 0.0182569
0.234375 3.05037 0.0503669 0.0182569
0.28125 3.05798 0.0579758 0.02166
0.28125 3.05798 0.0579758 0.02166
0.328125 3.06433 0.0643296 0.025087
0.328125 3.06433 0.0643296 0.025087
0.375 3.06929 0.069291 0.0284822
0.375 3.06929 0.069291 0.0284822
0.421875 3.07275 0.0727523 0.031818
0.421875 3.07275 0.0727523 0.031818
0.46875 3.07464 0.0746389 0.0350798
0.46875 3.07464 0.0746389 0.0350798
0.515625 3.07491 0.0749097 0.0382576
0.515625 3.07491 0.0749097 0.0382576
0.5625 3.07356 0.0735589 0.0413435
0.5625 3.07356 0.0735589 0.0413435
0.609375 3.07062 0.0706158 0.0443297
0.609375 3.07062 0.0706158 0.0443297
0.65625 3.06614 0.0661441 0.0472092
0.65625 3.06614 0.0661441 0.0472092
0.703125 3.06024 0.0602406 0.0499749
0.703125 3.06024 0.0602406 0.0499749
0.75 3.05303 0.053033 0.0526203
0.75 3.05303 0.053033 0.0526203
0.796875 3.04468 0.0446774 0.0551388
0.796875 3.04468 0.0446774 0.0551388
0.84375 3.03535 0.0353548 0.0575246
0.84375 3.03535 0.0353548 0.0575246
0.890625 3.02527 0.0252667 0.0597717
0.890625 3.02527 0.0252667 0.0597717
0.9375 3.01463 0.0146318 0.0618749
0.9375 3.01463 0.0146318 0.0618749
0.984375 3.00368 0.00368008 0.063829
0.984375 3.00368 0.00368008 0.063829
1.03125 2.99265 -0.00735129 0.0656293
1.03125 2.99265 -0.00735129 0.0656293
1.07812 2.98178 -0.0182235 0.0672715
1.07812 2.98178 -0.0182235 0.0672715
1.125 2.9713 -0.0287013 0.0687517
1.125 2.9713 -0.0287013 0.0687517
1.17188 2.96144 -0.0385577 0.0700662
1.17188 2.96144 -0.0385577 0.0700662
1.21875 2.95242 -0.0475795 0.0712119
1.21875 2.95242 -0.0475795 0.0712119
1.26562 2.94443 -0.0555713 0.0721861
1.26562 2.94443 -0.0555713 0.0721861
1.3125 2.93764 -0.0623602 0.0729864
1.3125 2.93764 -0.0623602 0.0729864
1.35938 2.9322 -0.0677992 0.0736108
1.35938 2.9322 -0.0677992 0.0736108
1.40625 2.92823 -0.0717705 0.0740579
1.40625 2.92823 -0.0717705 0.0740579
1.45312 2.92581 -0.0741882 0.0743266
1.45312 2.92581 -0.0741882 0.0743266
1.5 2.925 -0.075 0.0744163
1.5 2.925 -0.075 0.0744163
1.54688 2.92581 -0.0741882 0.0743266
1.54688 2.92581 -0.0741882 0.0743266
1.59375 2.92823 -0.0717705 0.0740579
1.59375 2.92823 -0.0717705 0.0740579
1.64062 2.9322 -0.0677992 0.0736108
1.64062 2.9322 -0.0677992 0.0736108
1.6875 2.93764 -0.0623602 0.0729864
1.6875 2.93764 -0.0623602 0.0729864
1.73438 2.94443 -0.0555713 0.0721861
1.73438 2.94443 -0.0555713 0.0721861
1.78125 2.95242 -0.0475795 0.0712119
1.78125 2.95242 -0.0475795 0.0712119
1.82812 2.96144 -0.0385577 0.0700662
1.82812 2.96144 -0.0385577 0.0700662
1.875 2.9713 -0.0287013 0.0687517
1.875 2.9713 -0.0287013 0.0687517
1.92188 2.98178 -0.0182235 0.0672715
1.92188 2.98178 -0.0182235 0.0672715
1.96875 2.99265 -0.00735129 0.0656293
1.96875 2.99265 -0.00735129 0.0656293
2.01562 3.00368 0.00368008 0.063829
2.01562 3.00368 0.00368008 0.063829
2.0625 3.01463 0.0146318 0.0618749
2.0625 3.01463 0.0146318 0.0618749
2.10938 3.02527 0.0252667 0.0597717
2.10938 3.02527 0.0252667 0.0597717
2.15625 3.03535 0.0353548 0.0575246
2.15625 3.03535 0.0353548 0.0575246
2.20312 3.04468 0.0446774 0.0551388
2.20312 3.04468 0.0446774 0.0551388
2.25 3.05303 0.053033 0.0526203
2.25 3.05303 0.053033 0.0526203
2.29688 3.06024 0.0602406 0.0499749
2.29688 3.06024 0.0602406 0.0499749
2.34375 3.06614 0.0661441 0.0472092
2.34375 3.06614 0.0661441 0.0472092
2.39062 3.07062 0.0706158 0.0443297
2.39062 3.07062 0.0706158 0.0443297
2.4375 3.07356 0.0735589 0.0413435
2.4375 3.07356 0.0735589 0.0413435
2.48438 3.07491 0.0749097 0.0382576
2.48438 3.07491 0.0749097 0.0382576
2.53125 3.07464 0.0746389 0.0350798
2.53125 3.07464 0.0746389 0.0350798
2.57812 3.07275 0.0727523 0.031818
2.57812 3.07275 0.0727523 0.031818
2.625 3.06929 0.069291 0.0284822
2.625 3.06929 0.069291 0.0284822
2.67188 3.06433 0.0643296 0.025087
2.67188 3.06433 0.0643296 0.025087
2.71875 3.05798 0.0579758 0.02166
2.71875 3.05798 0.0579758 0.02166
2.76562 3.05037 0.0503669 0.0182569
2.76562 3.05037 0.0503669 0.0182569
2.8125 3.04167 0.0416678 0.0149837
2.8125 3.04167 0.0416678 0.0149837
2.85938 3.03207 0.0320666 0.0120166
2.85938 3.03207 0.0320666 0.0120166
2.90625 3.02177 0.0217714 0.00959941
2.90625 3.02177 0.0217714 0.00959941
2.95312 3.011 0.0110048 0.00800213
2.95312 3.011 0.0110048 0.00800213
3 3 0 0.00744177
