# x y z topography
0 0 1.00055 0.000548814
100 0 1.00072 0.000715189
0 100 1.00079 0.000791725
100 100 1.00098 0.000984983
100 0 1.00072 0.000715189
200 0 1.0006 0.000602763
100 100 1.00098 0.000984983
200 100 1.00114 0.00114313
200 0 1.0006 0.000602763
300 0 1.00054 0.000544883
200 100 1.00114 0.00114313
300 100 1.00127 0.00127101
300 0 1.00054 0.000544883
400 0 1.00042 0.000423655
300 100 1.00127 0.00127101
400 100 1.00134 0.00134063
0 100 1.00079 0.000791725
100 100 1.00098 0.000984983
0 200 1.00098 0.000978618
100 200 1.00127 0.0012744
100 100 1.00098 0.000984983
200 100 1.00114 0.00114313
100 200 1.00127 0.0012744
200 200 1.00169 0.00168677
200 100 1.00114 0.00114313
300 100 1.00127 0.00127101
200 200 1.00169 0.00168677
300 200 1.00235 0.00235303
300 100 1.00127 0.00127101
400 100 1.00134 0.00134063
300 200 1.00235 0.00235303
400 200 1.00255 0.00254807
0 200 1.00098 0.000978618
100 200 1.00127 0.0012744
0 300 1.00026 0.000264556
100 300 1.00174 0.00173514
100 200 1.00127 0.0012744
200 200 1.00169 0.00168677
100 300 1.00174 0.00173514
200 300 1.00257 0.00256644
400 0 1.00042 0.000423655
500 0 1.00065 0.000645894
400 100 1.00134 0.00134063
500 100 1.00141 0.00140803
500 0 1.00065 0.000645894
600 0 1.00044 0.000437587
500 100 1.00141 0.00140803
600 100 1.00133 0.00132983
400 100 1.00134 0.00134063
500 100 1.00141 0.00140803
400 200 1.00255 0.00254807
500 200 1.00259 0.00259308
500 100 1.00141 0.00140803
600 100 1.00133 0.00132983
500 200 1.00259 0.00259308
600 200 1.00245 0.00244667
200 200 1.00169 0.00168677
300 200 1.00235 0.00235303
200 300 1.00257 0.00256644
300 300 1.00314 0.00314405
300 200 1.00235 0.00235303
400 200 1.00255 0.00254807
300 300 1.00314 0.00314405
400 300 1.00346 0.00345991
0 300 1.00026 0.000264556
100 300 1.00174 0.00173514
0 400 1.00036 0.000359508
100 400 1.00241 0.00240577
100 300 1.00174 0.00173514
200 300 1.00257 0.00256644
100 400 1.00241 0.00240577
200 400 1.00354 0.00354092
200 300 1.00257 0.00256644
300 300 1.00314 0.00314405
200 400 1.00354 0.00354092
300 400 1.00434 0.00434132
300 300 1.00314 0.00314405
400 300 1.00346 0.00345991
300 400 1.00434 0.00434132
400 400 1.00477 0.00476888
600 0 1.00044 0.000437587
700 0 1.00089 0.000891773
600 100 1.00133 0.00132983
700 100 1.0013 0.0012952
700 0 1.00089 0.000891773
800 0 1.00096 0.000963663
700 100 1.0013 0.0012952
800 100 1.0011 0.00110303
600 100 1.00133 0.00132983
700 100 1.0013 0.0012952
600 200 1.00245 0.00244667
700 200 1.00213 0.00212588
700 100 1.0013 0.0012952
800 100 1.0011 0.00110303
700 200 1.00213 0.00212588
800 200 1.00158 0.00157533
400 200 1.00255 0.00254807
500 200 1.00259 0.00259308
400 300 1.00346 0.00345991
500 300 1.00384 0.00383711
500 200 1.00259 0.00259308
600 200 1.00245 0.00244667
500 300 1.00384 0.00383711
600 300 1.00359 0.00358836
600 200 1.00245 0.00244667
700 200 1.00213 0.00212588
600 300 1.00359 0.00358836
700 300 1.00304 0.00304271
700 200 1.00213 0.00212588
800 200 1.00158 0.00157533
700 300 1.00304 0.00304271
800 300 1.00223 0.00223205
400 300 1.00346 0.00345991
500 300 1.00384 0.00383711
400 400 1.00477 0.00476888
500 400 1.00481 0.00480829
500 300 1.00384 0.00383711
600 300 1.00359 0.00358836
500 400 1.00481 0.00480829
600 400 1.00444 0.0044405
600 300 1.00359 0.00358836
700 300 1.00304 0.00304271
600 400 1.00444 0.0044405
700 400 1.00399 0.00398584
700 300 1.00304 0.00304271
800 300 1.00223 0.00223205
700 400 1.00399 0.00398584
800 400 1.00281 0.00280952
0 400 1.00036 0.000359508
100 400 1.00241 0.00240577
0 500 1.00057 0.000570197
100 500 1.00316 0.00315719
100 400 1.00241 0.00240577
200 400 1.00354 0.00354092
100 500 1.00316 0.00315719
200 500 1.00458 0.00458206
200 400 1.00354 0.00354092
300 400 1.00434 0.00434132
200 500 1.00458 0.00458206
300 500 1.0056 0.00560067
300 400 1.00434 0.00434132
400 400 1.00477 0.00476888
300 500 1.0056 0.00560067
400 500 1.00614 0.00613757
0 500 1.00057 0.000570197
100 500 1.00316 0.00315719
0 600 1.00016 0.00015897
100 600 1.00383 0.00383263
100 500 1.00316 0.00315719
200 500 1.00458 0.00458206
100 600 1.00383 0.00383263
200 600 1.00564 0.00563986
200 500 1.00458 0.00458206
300 500 1.0056 0.00560067
200 600 1.00564 0.00563986
300 600 1.00689 0.00689348
300 500 1.0056 0.00560067
400 500 1.00614 0.00613757
300 600 1.00689 0.00689348
400 600 1.00755 0.00754522
400 400 1.00477 0.00476888
500 400 1.00481 0.00480829
400 500 1.00614 0.00613757
500 500 1.00617 0.00617039
500 400 1.00481 0.00480829
600 400 1.00444 0.0044405
500 500 1.00617 0.00617039
600 500 1.00568 0.00567798
0 600 1.00016 0.00015897
100 600 1.00383 0.00383263
0 700 1.00098 0.000976459
100 700 1.0044 0.00439787
100 600 1.00383 0.00383263
200 600 1.00564 0.00563986
100 700 1.0044 0.00439787
200 700 1.00641 0.00640978
200 600 1.00564 0.00563986
300 600 1.00689 0.00689348
200 700 1.00641 0.00640978
300 700 1.0082 0.00820259
300 600 1.00689 0.00689348
400 600 1.00755 0.00754522
300 700 1.0082 0.00820259
400 700 1.00897 0.00896751
0 700 1.00098 0.000976459
100 700 1.0044 0.00439787
0 800 1.00032 0.000317983
100 800 1.005 0.00499539
100 700 1.0044 0.00439787
200 700 1.00641 0.00640978
100 800 1.005 0.00499539
200 800 1.00745 0.00744648
200 700 1.00641 0.00640978
300 700 1.0082 0.00820259
200 800 1.00745 0.00744648
300 800 1.00916 0.0091584
300 700 1.0082 0.00820259
400 700 1.00897 0.00896751
300 800 1.00916 0.0091584
400 800 1.01005 0.0100455
600 400 1.00444 0.0044405
700 400 1.00399 0.00398584
600 500 1.00568 0.00567798
700 500 1.00464 0.00464356
700 400 1.00399 0.00398584
800 400 1.00281 0.00280952
700 500 1.00464 0.00464356
800 500 1.00311 0.0031081
400 500 1.00614 0.00613757
500 500 1.00617 0.00617039
400 600 1.00755 0.00754522
500 600 1.00758 0.00757592
500 500 1.00617 0.00617039
600 500 1.00568 0.00567798
500 600 1.00758 0.00757592
600 600 1.00696 0.00696321
600 500 1.00568 0.00567798
700 500 1.00464 0.00464356
600 600 1.00696 0.00696321
700 600 1.00569 0.00568686
700 500 1.00464 0.00464356
800 500 1.00311 0.0031081
700 600 1.00569 0.00568686
800 600 1.00379 0.00378735
400 600 1.00755 0.00754522
500 600 1.00758 0.00757592
400 700 1.00897 0.00896751
500 700 1.009 0.00900185
500 600 1.00758 0.00757592
600 600 1.00696 0.00696321
500 700 1.009 0.00900185
600 700 1.00828 0.00828057
400 700 1.00897 0.00896751
500 700 1.009 0.00900185
400 800 1.01005 0.0100455
500 800 1.01042 0.0104208
500 700 1.009 0.00900185
600 700 1.00828 0.00828057
500 800 1.01042 0.0104208
600 800 1.0096 0.00959946
800 0 1.00096 0.000963663
900 0 1.00038 0.000383442
800 100 1.0011 0.00110303
900 100 1.00087 0.000870012
800 100 1.0011 0.00110303
900 100 1.00087 0.000870012
800 200 1.00158 0.00157533
900 200 1.00041 0.000414662
800 200 1.00158 0.00157533
900 200 1.00041 0.000414662
800 300 1.00223 0.00223205
900 300 1.00068 0.00068182
800 300 1.00223 0.00223205
900 300 1.00068 0.00068182
800 400 1.00281 0.00280952
900 400 1.00036 0.000363711
800 400 1.00281 0.00280952
900 400 1.00036 0.000363711
800 500 1.00311 0.0031081
900 500 1.00024 0.000244426
800 500 1.00311 0.0031081
900 500 1.00024 0.000244426
800 600 1.00379 0.00378735
900 600 1.0001 9.60984e-05
600 600 1.00696 0.00696321
700 600 1.00569 0.00568686
600 700 1.00828 0.00828057
700 700 1.00679 0.00678605
700 600 1.00569 0.00568686
800 600 1.00379 0.00378735
700 700 1.00679 0.00678605
800 700 1.00457 0.00457237
600 700 1.00828 0.00828057
700 700 1.00679 0.00678605
600 800 1.0096 0.00959946
700 800 1.00791 0.00791335
700 700 1.00679 0.00678605
800 700 1.00457 0.00457237
700 800 1.00791 0.00791335
800 800 1.0055 0.00550213
800 600 1.00379 0.00378735
900 600 1.0001 9.60984e-05
800 700 1.00457 0.00457237
900 700 1.00012 0.000118728
800 700 1.00457 0.00457237
900 700 1.00012 0.000118728
800 800 1.0055 0.00550213
900 800 1.00093 0.000929296
0 800 1.00032 0.000317983
100 800 1.005 0.00499539
0 900 1.00032 0.000318569
100 900 1.00571 0.00570676
100 800 1.005 0.00499539
200 800 1.00745 0.00744648
100 900 1.00571 0.00570676
200 900 1.00849 0.00849189
200 800 1.00745 0.00744648
300 800 1.00916 0.0091584
200 900 1.00849 0.00849189
300 900 1.01043 0.0104309
300 800 1.00916 0.0091584
400 800 1.01005 0.0100455
300 900 1.01043 0.0104309
400 900 1.01143 0.0114303
0 900 1.00032 0.000318569
100 900 1.00571 0.00570676
0 1000 1.00068 0.000677817
100 1000 1.0065 0.00650016
100 900 1.00571 0.00570676
200 900 1.00849 0.00849189
100 1000 1.0065 0.00650016
200 1000 1.00953 0.0095309
200 900 1.00849 0.00849189
300 900 1.01043 0.0104309
200 1000 1.00953 0.0095309
300 1000 1.01166 0.011664
300 900 1.01043 0.0104309
400 900 1.01143 0.0114303
300 1000 1.01166 0.011664
400 1000 1.01276 0.0127623
400 800 1.01005 0.0100455
500 800 1.01042 0.0104208
400 900 1.01143 0.0114303
500 900 1.01147 0.0114742
500 800 1.01042 0.0104208
600 800 1.0096 0.00959946
500 900 1.01147 0.0114742
600 900 1.01054 0.0105442
0 1000 1.00068 0.000677817
100 1000 1.0065 0.00650016
0 1100 1.00045 0.000447125
100 1100 1.00715 0.00715082
100 1000 1.0065 0.00650016
200 1000 1.00953 0.0095309
100 1100 1.00715 0.00715082
200 1100 1.01048 0.0104835
200 1000 1.00953 0.0095309
300 1000 1.01166 0.011664
200 1100 1.01048 0.0104835
300 1100 1.0128 0.0128025
300 1000 1.01166 0.011664
400 1000 1.01276 0.0127623
300 1100 1.0128 0.0128025
400 1100 1.01399 0.0139897
0 1100 1.00045 0.000447125
100 1100 1.00715 0.00715082
0 1200 1.00073 0.000725254
100 1200 1.00749 0.0074927
100 1100 1.00715 0.00715082
200 1100 1.01048 0.0104835
100 1200 1.00749 0.0074927
200 1200 1.011 0.0110009
200 1100 1.01048 0.0104835
300 1100 1.0128 0.0128025
200 1200 1.011 0.0110009
300 1200 1.01379 0.0137883
300 1100 1.0128 0.0128025
400 1100 1.01399 0.0139897
300 1200 1.01379 0.0137883
400 1200 1.01504 0.0150427
600 800 1.0096 0.00959946
700 800 1.00791 0.00791335
600 900 1.01054 0.0105442
700 900 1.00896 0.00895516
700 800 1.00791 0.00791335
800 800 1.0055 0.00550213
700 900 1.00896 0.00895516
800 900 1.00609 0.00609109
400 900 1.01143 0.0114303
500 900 1.01147 0.0114742
400 1000 1.01276 0.0127623
500 1000 1.01281 0.0128055
500 900 1.01147 0.0114742
600 900 1.01054 0.0105442
500 1000 1.01281 0.0128055
600 1000 1.01178 0.0117786
600 900 1.01054 0.0105442
700 900 1.00896 0.00895516
600 1000 1.01178 0.0117786
700 1000 1.00968 0.00968071
700 900 1.00896 0.00895516
800 900 1.00609 0.00609109
700 1000 1.00968 0.00968071
800 1000 1.00666 0.00666337
400 1000 1.01276 0.0127623
500 1000 1.01281 0.0128055
400 1100 1.01399 0.0139897
500 1100 1.01403 0.0140303
500 1000 1.01281 0.0128055
600 1000 1.01178 0.0117786
500 1100 1.01403 0.0140303
600 1100 1.01291 0.0129085
400 1100 1.01399 0.0139897
500 1100 1.01403 0.0140303
400 1200 1.01504 0.0150427
500 1200 1.01508 0.01508
500 1100 1.01403 0.0140303
600 1100 1.01291 0.0129085
500 1200 1.01508 0.01508
600 1200 1.01388 0.013879
600 1000 1.01178 0.0117786
700 1000 1.00968 0.00968071
600 1100 1.01291 0.0129085
700 1100 1.01062 0.0106159
700 1000 1.00968 0.00968071
800 1000 1.00666 0.00666337
700 1100 1.01062 0.0106159
800 1100 1.00729 0.00728519
600 1100 1.01291 0.0129085
700 1100 1.01062 0.0106159
600 1200 1.01388 0.013879
700 1200 1.01141 0.0114147
700 1100 1.01062 0.0106159
800 1100 1.00729 0.00728519
700 1200 1.01141 0.0114147
800 1200 1.00778 0.00777975
0 1200 1.00073 0.000725254
100 1200 1.00749 0.0074927
0 1300 1.00062 0.000618015
100 1300 1.008 0.00800415
100 1200 1.00749 0.0074927
200 1200 1.011 0.0110009
100 1300 1.008 0.00800415
200 1300 1.01166 0.011662
200 1200 1.011 0.0110009
300 1200 1.01379 0.0137883
200 1300 1.01166 0.011662
300 1300 1.0142 0.0142041
300 1200 1.01379 0.0137883
400 1200 1.01504 0.0150427
300 1300 1.0142 0.0142041
400 1300 1.0155 0.015497
0 1300 1.00062 0.000618015
100 1300 1.008 0.00800415
0 1400 1.0009 0.000896547
100 1400 1.00841 0.00840678
100 1300 1.008 0.00800415
200 1300 1.01166 0.011662
100 1400 1.00841 0.00840678
200 1400 1.01206 0.0120607
200 1300 1.01166 0.011662
300 1300 1.0142 0.0142041
200 1400 1.01206 0.0120607
300 1400 1.01461 0.0146084
300 1300 1.0142 0.0142041
400 1300 1.0155 0.015497
300 1400 1.01461 0.0146084
400 1400 1.0159 0.0158965
0 1400 1.0009 0.000896547
100 1400 1.00841 0.00840678
0 1500 1.00015 0.000149448
100 1500 1.0084 0.00840476
100 1400 1.00841 0.00840678
200 1400 1.01206 0.0120607
100 1500 1.0084 0.00840476
200 1500 1.01204 0.0120363
200 1400 1.01206 0.0120607
300 1400 1.01461 0.0146084
200 1500 1.01204 0.0120363
300 1500 1.0145 0.0145011
300 1400 1.01461 0.0146084
400 1400 1.0159 0.0158965
300 1500 1.0145 0.0145011
400 1500 1.01573 0.0157282
0 1500 1.00015 0.000149448
100 1500 1.0084 0.00840476
0 1600 1.0007 0.000697429
100 1600 1.00834 0.00834348
100 1500 1.0084 0.00840476
200 1500 1.01204 0.0120363
100 1600 1.00834 0.00834348
200 1600 1.0115 0.0114957
200 1500 1.01204 0.0120363
300 1500 1.0145 0.0145011
200 1600 1.0115 0.0114957
300 1600 1.01367 0.0136739
300 1500 1.0145 0.0145011
400 1500 1.01573 0.0157282
300 1600 1.01367 0.0136739
400 1600 1.01475 0.0147491
400 1200 1.01504 0.0150427
500 1200 1.01508 0.01508
400 1300 1.0155 0.015497
500 1300 1.01586 0.0158642
500 1200 1.01508 0.01508
600 1200 1.01388 0.013879
500 1300 1.01586 0.0158642
600 1300 1.01462 0.0146191
600 1200 1.01388 0.013879
700 1200 1.01141 0.0114147
600 1300 1.01462 0.0146191
700 1300 1.01207 0.0120682
700 1200 1.01141 0.0114147
800 1200 1.00778 0.00777975
700 1300 1.01207 0.0120682
800 1300 1.00832 0.0083214
400 1300 1.0155 0.015497
500 1300 1.01586 0.0158642
400 1400 1.0159 0.0158965
500 1400 1.01592 0.0159232
500 1300 1.01586 0.0158642
600 1300 1.01462 0.0146191
500 1400 1.01592 0.0159232
600 1400 1.01467 0.0146734
600 1300 1.01462 0.0146191
700 1300 1.01207 0.0120682
600 1400 1.01467 0.0146734
700 1400 1.01246 0.0124592
700 1300 1.01207 0.0120682
800 1300 1.00832 0.0083214
700 1400 1.01246 0.0124592
800 1400 1.00878 0.00877915
400 1400 1.0159 0.0158965
500 1400 1.01592 0.0159232
400 1500 1.01573 0.0157282
500 1500 1.01574 0.0157418
500 1400 1.01592 0.0159232
600 1400 1.01467 0.0146734
500 1500 1.01574 0.0157418
600 1500 1.01453 0.0145302
800 800 1.0055 0.00550213
900 800 1.00093 0.000929296
800 900 1.00609 0.00609109
900 900 1 4.69548e-06
800 900 1.00609 0.00609109
900 900 1 4.69548e-06
800 1000 1.00666 0.00666337
900 1000 1.00095 0.000952749
800 1000 1.00666 0.00666337
900 1000 1.00095 0.000952749
800 1100 1.00729 0.00728519
900 1100 1.00069 0.000692532
800 1100 1.00729 0.00728519
900 1100 1.00069 0.000692532
800 1200 1.00778 0.00777975
900 1200 1.00029 0.000290078
600 1400 1.01467 0.0146734
700 1400 1.01246 0.0124592
600 1500 1.01453 0.0145302
700 1500 1.01205 0.0120478
700 1400 1.01246 0.0124592
800 1400 1.00878 0.00877915
700 1500 1.01205 0.0120478
800 1500 1.00836 0.00835819
400 1500 1.01573 0.0157282
500 1500 1.01574 0.0157418
400 1600 1.01475 0.0147491
500 1600 1.01474 0.0147441
500 1500 1.01574 0.0157418
600 1500 1.01453 0.0145302
500 1600 1.01474 0.0147441
600 1600 1.01365 0.0136546
600 1500 1.01453 0.0145302
700 1500 1.01205 0.0120478
600 1600 1.01365 0.0136546
700 1600 1.01144 0.0114351
700 1500 1.01205 0.0120478
800 1500 1.00836 0.00835819
700 1600 1.01144 0.0114351
800 1600 1.00814 0.00814485
800 1200 1.00778 0.00777975
900 1200 1.00029 0.000290078
800 1300 1.00832 0.0083214
900 1300 1.00043 0.000431418
800 1300 1.00832 0.0083214
900 1300 1.00043 0.000431418
800 1400 1.00878 0.00877915
900 1400 1.001 0.000998847
800 1400 1.00878 0.00877915
900 1400 1.001 0.000998847
800 1500 1.00836 0.00835819
900 1500 1.00007 6.9167e-05
800 1500 1.00836 0.00835819
900 1500 1.00007 6.9167e-05
800 1600 1.00814 0.00814485
900 1600 1.00017 0.00017163
0 1600 1.0007 0.000697429
100 1600 1.00834 0.00834348
0 1700 1.00052 0.000521037
100 1700 1.00739 0.00739021
100 1600 1.00834 0.00834348
200 1600 1.0115 0.0114957
100 1700 1.00739 0.00739021
200 1700 1.00984 0.00984051
0 1700 1.00052 0.000521037
100 1700 1.00739 0.00739021
0 1800 1.00016 0.000164694
100 1800 1.00625 0.00625405
100 1700 1.00739 0.00739021
200 1700 1.00984 0.00984051
100 1800 1.00625 0.00625405
200 1800 1.00768 0.00768048
0 1800 1.00016 0.000164694
100 1800 1.00625 0.00625405
0 1900 1.0004 0.000398221
100 1900 1.00021 0.000209844
100 1800 1.00625 0.00625405
200 1800 1.00768 0.00768048
100 1900 1.00021 0.000209844
200 1900 1.00019 0.000186193
200 1600 1.0115 0.0114957
300 1600 1.01367 0.0136739
200 1700 1.00984 0.00984051
300 1700 1.01189 0.0118903
300 1600 1.01367 0.0136739
400 1600 1.01475 0.0147491
300 1700 1.01189 0.0118903
400 1700 1.01271 0.0127082
400 1600 1.01475 0.0147491
500 1600 1.01474 0.0147441
400 1700 1.01271 0.0127082
500 1700 1.01267 0.0126734
500 1600 1.01474 0.0147441
600 1600 1.01365 0.0136546
500 1700 1.01267 0.0126734
600 1700 1.01181 0.0118064
200 1700 1.00984 0.00984051
300 1700 1.01189 0.0118903
200 1800 1.00768 0.00768048
300 1800 1.00881 0.00880897
300 1700 1.01189 0.0118903
400 1700 1.01271 0.0127082
300 1800 1.00881 0.00880897
400 1800 1.00923 0.00923457
400 1700 1.01271 0.0127082
500 1700 1.01267 0.0126734
400 1800 1.00923 0.00923457
500 1800 1.00947 0.00946645
500 1700 1.01267 0.0126734
600 1700 1.01181 0.0118064
500 1800 1.00947 0.00946645
600 1800 1.00891 0.00890701
200 1800 1.00768 0.00768048
300 1800 1.00881 0.00880897
200 1900 1.00019 0.000186193
300 1900 1.00094 0.000944372
300 1800 1.00881 0.00880897
400 1800 1.00923 0.00923457
300 1900 1.00094 0.000944372
400 1900 1.00074 0.000739551
600 1600 1.01365 0.0136546
700 1600 1.01144 0.0114351
600 1700 1.01181 0.0118064
700 1700 1.01008 0.0100837
700 1600 1.01144 0.0114351
800 1600 1.00814 0.00814485
700 1700 1.01008 0.0100837
800 1700 1.00752 0.00752305
800 1600 1.00814 0.00814485
900 1600 1.00017 0.00017163
800 1700 1.00752 0.00752305
900 1700 1.00003 3.18389e-05
600 1700 1.01181 0.0118064
700 1700 1.01008 0.0100837
600 1800 1.00891 0.00890701
700 1800 1.00794 0.0079435
700 1700 1.01008 0.0100837
800 1700 1.00752 0.00752305
700 1800 1.00794 0.0079435
800 1800 1.00653 0.00652515
800 1700 1.00752 0.00752305
900 1700 1.00003 3.18389e-05
800 1800 1.00653 0.00652515
900 1800 1.00031 0.000311945
400 1800 1.00923 0.00923457
500 1800 1.00947 0.00946645
400 1900 1.00074 0.000739551
500 1900 1.00049 0.000490459
500 1800 1.00947 0.00946645
600 1800 1.00891 0.00890701
500 1900 1.00049 0.000490459
600 1900 1.00023 0.000227415
600 1800 1.00891 0.00890701
700 1800 1.00794 0.0079435
600 1900 1.00023 0.000227415
700 1900 1.00025 0.000254356
700 1800 1.00794 0.0079435
800 1800 1.00653 0.00652515
700 1900 1.00025 0.000254356
800 1900 1.00006 5.80292e-05
800 1800 1.00653 0.00652515
900 1800 1.00031 0.000311945
800 1900 1.00006 5.80292e-05
900 1900 1.00043 0.000434417
