# x y topography analytical topography
0 2.00354 0.0035439 0.0044505
0.03125 2.00495 0.00494865 0.00537902
0.03125 2.00495 0.00494865 0.00537902
0.0625 2.00768 0.00767877 0.00782057
0.0625 2.00768 0.00767877 0.00782057
0.09375 2.01105 0.011045 0.0110753
0.09375 2.01105 0.011045 0.0110753
0.125 2.0146 0.0146024 0.0146058
0.125 2.0146 0.0146024 0.0146058
0.15625 2.01817 0.018175 0.0181745
0.15625 2.01817 0.018175 0.0181745
0.1875 2.02171 0.021712 0.0217111
0.1875 2.02171 0.021712 0.0217111
0.21875 2.0252 0.0251978 0.0251967
0.21875 2.0252 0.0251978 0.0251967
0.25 2.02862 0.0286229 0.0286217
0.25 2.02862 0.0286229 0.0286217
0.28125 2.03198 0.0319791 0.0319777
0.28125 2.03198 0.0319791 0.0319777
0.3125 2.03526 0.0352583 0.0352568
0.3125 2.03526 0.0352583 0.0352568
0.34375 2.03845 0.0384525 0.0384508
0.34375 2.03845 0.0384525 0.0384508
0.375 2.04155 0.041554 0.0415523
0.375 2.04155 0.041554 0.0415523
0.40625 2.04456 0.0445555 0.0445536
0.40625 2.04456 0.0445555 0.0445536
0.4375 2.04745 0.0474496 0.0474476
0.4375 2.04745 0.0474496 0.0474476
0.46875 2.05023 0.0502294 0.0502273
0.46875 2.05023 0.0502294 0.0502273
0.5 2.05289 0.0528883 0.052886
0.5 2.05289 0.0528883 0.052886
0.53125 2.05542 0.0554196 0.0554173
0.53125 2.05542 0.0554196 0.0554173
0.5625 2.05782 0.0578175 0.0578151
0.5625 2.05782 0.0578175 0.0578151
0.59375 2.06008 0.0600761 0.0600736
0.59375 2.06008 0.0600761 0.0600736
0.625 2.06219 0.06219 0.0621874
0.625 2.06219 0.06219 0.0621874
0.65625 2.06415 0.0641541 0.0641513
0.65625 2.06415 0.0641541 0.0641513
0.6875 2.06596 0.0659636 0.0659607
0.6875 2.06596 0.0659636 0.0659607
0.71875 2.06761 0.0676141 0.0676113
0.71875 2.06761 0.0676141 0.0676113
0.75 2.0691 0.0691018 0.0690989
0.75 2.0691 0.0691018 0.0690989
0.78125 2.07042 0.0704231 0.0704201
0.78125 2.07042 0.0704231 0.0704201
0.8125 2.07157 0.0715746 0.0715716
0.8125 2.07157 0.0715746 0.0715716
0.84375 2.07255 0.0725538 0.0725507
0.84375 2.07255 0.0725538 0.0725507
0.875 2.07336 0.0733581 0.073355
0.875 2.07336 0.0733581 0.073355
0.90625 2.07399 0.0739857 0.0739826
0.90625 2.07399 0.0739857 0.0739826
0.9375 2.07444 0.0744351 0.074432
0.9375 2.07444 0.0744351 0.074432
0.96875 2.07471 0.0747052 0.074702
0.96875 2.07471 0.0747052 0.074702
1 2.0748 0.0747953 0.0747921
1 2.0748 0.0747953 0.0747921
1.03125 2.07471 0.0747052 0.074702
1.03125 2.07471 0.0747052 0.074702
1.0625 2.07444 0.0744351 0.074432
1.0625 2.07444 0.0744351 0.074432
1.09375 2.07399 0.0739857 0.0739826
1.09375 2.07399 0.0739857 0.0739826
1.125 2.07336 0.0733581 0.073355
1.125 2.07336 0.0733581 0.073355
1.15625 2.07255 0.0725538 0.0725507
1.15625 2.07255 0.0725538 0.0725507
1.1875 2.07157 0.0715746 0.0715716
1.1875 2.07157 0.0715746 0.0715716
1.21875 2.07042 0.0704231 0.0704201
1.21875 2.07042 0.0704231 0.0704201
1.25 2.0691 0.0691018 0.0690989
1.25 2.0691 0.0691018 0.0690989
1.28125 2.06761 0.0676141 0.0676113
1.28125 2.06761 0.0676141 0.0676113
1.3125 2.06596 0.0659636 0.0659607
1.3125 2.06596 0.0659636 0.0659607
1.34375 2.06415 0.0641541 0.0641513
1.34375 2.06415 0.0641541 0.0641513
1.375 2.06219 0.06219 0.0621874
1.375 2.06219 0.06219 0.0621874
1.40625 2.06008 0.0600761 0.0600736
1.40625 2.06008 0.0600761 0.0600736
1.4375 2.05782 0.0578175 0.0578151
1.4375 2.05782 0.0578175 0.0578151
1.46875 2.05542 0.0554196 0.0554173
1.46875 2.05542 0.0554196 0.0554173
1.5 2.05289 0.0528883 0.052886
1.5 2.05289 0.0528883 0.052886
1.53125 2.05023 0.0502294 0.0502273
1.53125 2.05023 0.0502294 0.0502273
1.5625 2.04745 0.0474496 0.0474476
1.5625 2.04745 0.0474496 0.0474476
1.59375 2.04456 0.0445555 0.0445536
1.59375 2.04456 0.0445555 0.0445536
1.625 2.04155 0.041554 0.0415523
1.625 2.04155 0.041554 0.0415523
1.65625 2.03845 0.0384525 0.0384508
1.65625 2.03845 0.0384525 0.0384508
1.6875 2.03526 0.0352583 0.0352568
1.6875 2.03526 0.0352583 0.0352568
1.71875 2.03198 0.0319791 0.0319777
1.71875 2.03198 0.0319791 0.0319777
1.75 2.02862 0.0286229 0.0286217
1.75 2.02862 0.0286229 0.0286217
1.78125 2.0252 0.0251978 0.0251967
1.78125 2.0252 0.0251978 0.0251967
1.8125 2.02171 0.021712 0.0217111
1.8125 2.02171 0.021712 0.0217111
1.84375 2.01817 0.018175 0.0181745
1.84375 2.01817 0.018175 0.0181745
1.875 2.0146 0.0146024 0.0146058
1.875 2.0146 0.0146024 0.0146058
1.90625 2.01105 0.011045 0.0110753
1.90625 2.01105 0.011045 0.0110753
1.9375 2.00768 0.00767877 0.00782057
1.9375 2.00768 0.00767877 0.00782057
1.96875 2.00495 0.00494865 0.00537902
1.96875 2.00495 0.00494865 0.00537902
2 2.00354 0.0035439 0.0044505
