# x y topography analytical topography
0 2.01375 0.0137495 0.0148368
0.03125 2.0142 0.0141992 0.0151026
0.03125 2.0142 0.0141992 0.0151026
0.0625 2.01516 0.0151576 0.015889
0.0625 2.01516 0.0151576 0.015889
0.09375 2.01659 0.0165879 0.0171637
0.09375 2.01659 0.0165879 0.0171637
0.125 2.01844 0.0184369 0.0188767
0.125 2.01844 0.0184369 0.0188767
0.15625 2.02064 0.0206403 0.0209651
0.15625 2.02064 0.0206403 0.0209651
0.1875 2.02313 0.0231277 0.0233589
0.1875 2.02313 0.0231277 0.0233589
0.21875 2.02583 0.0258288 0.0259862
0.21875 2.02583 0.0258288 0.0259862
0.25 2.02868 0.0286769 0.0287783
0.25 2.02868 0.0286769 0.0287783
0.28125 2.03161 0.0316126 0.0316728
0.28125 2.03161 0.0316126 0.0316728
0.3125 2.03459 0.0345853 0.0346163
0.3125 2.03459 0.0345853 0.0346163
0.34375 2.03755 0.0375532 0.0375641
0.34375 2.03755 0.0375532 0.0375641
0.375 2.04048 0.0404834 0.0404807
0.375 2.04048 0.0404834 0.0404807
0.40625 2.04335 0.04335 0.0433384
0.40625 2.04335 0.04335 0.0433384
0.4375 2.04613 0.0461334 0.0461159
0.4375 2.04613 0.0461334 0.0461159
0.46875 2.04882 0.0488184 0.048797
0.46875 2.04882 0.0488184 0.048797
0.5 2.05139 0.0513931 0.051369
0.5 2.05139 0.0513931 0.051369
0.53125 2.05385 0.0538481 0.053822
0.53125 2.05385 0.0538481 0.053822
0.5625 2.05618 0.0561756 0.056148
0.5625 2.05618 0.0561756 0.056148
0.59375 2.05837 0.0583689 0.05834
0.59375 2.05837 0.0583689 0.05834
0.625 2.06042 0.0604222 0.0603921
0.625 2.06042 0.0604222 0.0603921
0.65625 2.06233 0.0623302 0.0622991
0.65625 2.06233 0.0623302 0.0622991
0.6875 2.06409 0.0640881 0.0640562
0.6875 2.06409 0.0640881 0.0640562
0.71875 2.06569 0.0656917 0.065659
0.71875 2.06569 0.0656917 0.065659
0.75 2.06714 0.0671371 0.0671037
0.75 2.06714 0.0671371 0.0671037
0.78125 2.06842 0.0684208 0.0683867
0.78125 2.06842 0.0684208 0.0683867
0.8125 2.06954 0.0695396 0.0695049
0.8125 2.06954 0.0695396 0.0695049
0.84375 2.07049 0.0704909 0.0704558
0.84375 2.07049 0.0704909 0.0704558
0.875 2.07127 0.0712724 0.0712368
0.875 2.07127 0.0712724 0.0712368
0.90625 2.07188 0.0718822 0.0718463
0.90625 2.07188 0.0718822 0.0718463
0.9375 2.07232 0.0723188 0.0722827
0.9375 2.07232 0.0723188 0.0722827
0.96875 2.07258 0.0725812 0.072545
0.96875 2.07258 0.0725812 0.072545
1 2.07267 0.0726687 0.0726325
1 2.07267 0.0726687 0.0726325
1.03125 2.07258 0.0725812 0.072545
1.03125 2.07258 0.0725812 0.072545
1.0625 2.07232 0.0723188 0.0722827
1.0625 2.07232 0.0723188 0.0722827
1.09375 2.07188 0.0718822 0.0718463
1.09375 2.07188 0.0718822 0.0718463
1.125 2.07127 0.0712724 0.0712368
1.125 2.07127 0.0712724 0.0712368
1.15625 2.07049 0.0704909 0.0704558
1.15625 2.07049 0.0704909 0.0704558
1.1875 2.06954 0.0695396 0.0695049
1.1875 2.06954 0.0695396 0.0695049
1.21875 2.06842 0.0684208 0.0683867
1.21875 2.06842 0.0684208 0.0683867
1.25 2.06714 0.0671371 0.0671037
1.25 2.06714 0.0671371 0.0671037
1.28125 2.06569 0.0656917 0.065659
1.28125 2.06569 0.0656917 0.065659
1.3125 2.06409 0.0640881 0.0640562
1.3125 2.06409 0.0640881 0.0640562
1.34375 2.06233 0.0623302 0.0622991
1.34375 2.06233 0.0623302 0.0622991
1.375 2.06042 0.0604222 0.0603921
1.375 2.06042 0.0604222 0.0603921
1.40625 2.05837 0.0583689 0.05834
1.40625 2.05837 0.0583689 0.05834
1.4375 2.05618 0.0561756 0.056148
1.4375 2.05618 0.0561756 0.056148
1.46875 2.05385 0.0538481 0.053822
1.46875 2.05385 0.0538481 0.053822
1.5 2.05139 0.0513931 0.051369
1.5 2.05139 0.0513931 0.051369
1.53125 2.04882 0.0488184 0.048797
1.53125 2.04882 0.0488184 0.048797
1.5625 2.04613 0.0461334 0.0461159
1.5625 2.04613 0.0461334 0.0461159
1.59375 2.04335 0.04335 0.0433384
1.59375 2.04335 0.04335 0.0433384
1.625 2.04048 0.0404834 0.0404807
1.625 2.04048 0.0404834 0.0404807
1.65625 2.03755 0.0375532 0.0375641
1.65625 2.03755 0.0375532 0.0375641
1.6875 2.03459 0.0345853 0.0346163
1.6875 2.03459 0.0345853 0.0346163
1.71875 2.03161 0.0316126 0.0316728
1.71875 2.03161 0.0316126 0.0316728
1.75 2.02868 0.0286769 0.0287783
1.75 2.02868 0.0286769 0.0287783
1.78125 2.02583 0.0258288 0.0259862
1.78125 2.02583 0.0258288 0.0259862
1.8125 2.02313 0.0231277 0.0233589
1.8125 2.02313 0.0231277 0.0233589
1.84375 2.02064 0.0206403 0.0209651
1.84375 2.02064 0.0206403 0.0209651
1.875 2.01844 0.0184369 0.0188767
1.875 2.01844 0.0184369 0.0188767
1.90625 2.01659 0.0165879 0.0171637
1.90625 2.01659 0.0165879 0.0171637
1.9375 2.01516 0.0151576 0.015889
1.9375 2.01516 0.0151576 0.015889
1.96875 2.0142 0.0141992 0.0151026
1.96875 2.0142 0.0141992 0.0151026
2 2.01375 0.0137495 0.0148368
