# x y topography analytical topography
0 2.01298 0.0129847 0.0140619
0.03125 2.01346 0.0134596 0.0143449
0.03125 2.01346 0.0134596 0.0143449
0.0625 2.01447 0.014474 0.0151807
0.0625 2.01447 0.014474 0.0151807
0.09375 2.01599 0.015985 0.0165317
0.09375 2.01599 0.015985 0.0165317
0.125 2.01793 0.0179313 0.0183401
0.125 2.01793 0.0179313 0.0183401
0.15625 2.02024 0.0202395 0.0205339
0.15625 2.02024 0.0202395 0.0205339
0.1875 2.02283 0.0228312 0.0230344
0.1875 2.02283 0.0228312 0.0230344
0.21875 2.02563 0.025629 0.0257624
0.21875 2.02563 0.025629 0.0257624
0.25 2.02856 0.0285623 0.0286443
0.25 2.02856 0.0285623 0.0286443
0.28125 2.03157 0.0315695 0.0316151
0.28125 2.03157 0.0315695 0.0316151
0.3125 2.0346 0.0345997 0.0346204
0.3125 2.0346 0.0345997 0.0346204
0.34375 2.03761 0.0376126 0.0376169
0.34375 2.03761 0.0376126 0.0376169
0.375 2.04058 0.0405771 0.0405708
0.375 2.04058 0.0405771 0.0405708
0.40625 2.04347 0.0434698 0.0434567
0.40625 2.04347 0.0434698 0.0434567
0.4375 2.04627 0.046273 0.0462557
0.4375 2.04627 0.046273 0.0462557
0.46875 2.04897 0.0489735 0.0489532
0.46875 2.04897 0.0489735 0.0489532
0.5 2.05156 0.0515606 0.0515384
0.5 2.05156 0.0515606 0.0515384
0.53125 2.05403 0.0540259 0.0540022
0.53125 2.05403 0.0540259 0.0540022
0.5625 2.05636 0.0563624 0.0563374
0.5625 2.05636 0.0563624 0.0563374
0.59375 2.05856 0.0585636 0.0585376
0.59375 2.05856 0.0585636 0.0585376
0.625 2.06062 0.060624 0.0605971
0.625 2.06062 0.060624 0.0605971
0.65625 2.06254 0.0625385 0.0625107
0.65625 2.06254 0.0625385 0.0625107
0.6875 2.0643 0.0643024 0.0642738
0.6875 2.0643 0.0643024 0.0642738
0.71875 2.06591 0.0659114 0.0658821
0.71875 2.06591 0.0659114 0.0658821
0.75 2.06736 0.0673617 0.0673317
0.75 2.06736 0.0673617 0.0673317
0.78125 2.06865 0.0686496 0.0686191
0.78125 2.06865 0.0686496 0.0686191
0.8125 2.06977 0.0697722 0.0697411
0.8125 2.06977 0.0697722 0.0697411
0.84375 2.07073 0.0707267 0.0706952
0.84375 2.07073 0.0707267 0.0706952
0.875 2.07151 0.0715108 0.0714789
0.875 2.07151 0.0715108 0.0714789
0.90625 2.07212 0.0721226 0.0720905
0.90625 2.07212 0.0721226 0.0720905
0.9375 2.07256 0.0725607 0.0725284
0.9375 2.07256 0.0725607 0.0725284
0.96875 2.07282 0.0728239 0.0727915
0.96875 2.07282 0.0728239 0.0727915
1 2.07291 0.0729117 0.0728793
1 2.07291 0.0729117 0.0728793
1.03125 2.07282 0.0728239 0.0727915
1.03125 2.07282 0.0728239 0.0727915
1.0625 2.07256 0.0725607 0.0725284
1.0625 2.07256 0.0725607 0.0725284
1.09375 2.07212 0.0721226 0.0720905
1.09375 2.07212 0.0721226 0.0720905
1.125 2.07151 0.0715108 0.0714789
1.125 2.07151 0.0715108 0.0714789
1.15625 2.07073 0.0707267 0.0706952
1.15625 2.07073 0.0707267 0.0706952
1.1875 2.06977 0.0697722 0.0697411
1.1875 2.06977 0.0697722 0.0697411
1.21875 2.06865 0.0686496 0.0686191
1.21875 2.06865 0.0686496 0.0686191
1.25 2.06736 0.0673617 0.0673317
1.25 2.06736 0.0673617 0.0673317
1.28125 2.06591 0.0659114 0.0658821
1.28125 2.06591 0.0659114 0.0658821
1.3125 2.0643 0.0643024 0.0642738
1.3125 2.0643 0.0643024 0.0642738
1.34375 2.06254 0.0625385 0.0625107
1.34375 2.06254 0.0625385 0.0625107
1.375 2.06062 0.060624 0.0605971
1.375 2.06062 0.060624 0.0605971
1.40625 2.05856 0.0585636 0.0585376
1.40625 2.05856 0.0585636 0.0585376
1.4375 2.05636 0.0563624 0.0563374
1.4375 2.05636 0.0563624 0.0563374
1.46875 2.05403 0.0540259 0.0540022
1.46875 2.05403 0.0540259 0.0540022
1.5 2.05156 0.0515606 0.0515384
1.5 2.05156 0.0515606 0.0515384
1.53125 2.04897 0.0489735 0.0489532
1.53125 2.04897 0.0489735 0.0489532
1.5625 2.04627 0.046273 0.0462557
1.5625 2.04627 0.046273 0.0462557
1.59375 2.04347 0.0434698 0.0434567
1.59375 2.04347 0.0434698 0.0434567
1.625 2.04058 0.0405771 0.0405708
1.625 2.04058 0.0405771 0.0405708
1.65625 2.03761 0.0376126 0.0376169
1.65625 2.03761 0.0376126 0.0376169
1.6875 2.0346 0.0345997 0.0346204
1.6875 2.0346 0.0345997 0.0346204
1.71875 2.03157 0.0315695 0.0316151
1.71875 2.03157 0.0315695 0.0316151
1.75 2.02856 0.0285623 0.0286443
1.75 2.02856 0.0285623 0.0286443
1.78125 2.02563 0.025629 0.0257624
1.78125 2.02563 0.025629 0.0257624
1.8125 2.02283 0.0228312 0.0230344
1.8125 2.02283 0.0228312 0.0230344
1.84375 2.02024 0.0202395 0.0205339
1.84375 2.02024 0.0202395 0.0205339
1.875 2.01793 0.0179313 0.0183401
1.875 2.01793 0.0179313 0.0183401
1.90625 2.01599 0.015985 0.0165317
1.90625 2.01599 0.015985 0.0165317
1.9375 2.01447 0.014474 0.0151807
1.9375 2.01447 0.014474 0.0151807
1.96875 2.01346 0.0134596 0.0143449
1.96875 2.01346 0.0134596 0.0143449
2 2.01298 0.0129847 0.0140619
