# x y topography analytical topography
0 2.01563 0.0156274 0.0167383
0.03125 2.01602 0.0160243 0.0169682
0.03125 2.01602 0.0160243 0.0169682
0.0625 2.01686 0.0168643 0.0176503
0.0625 2.01686 0.0168643 0.0176503
0.09375 2.01812 0.0181214 0.0187619
0.09375 2.01812 0.0181214 0.0187619
0.125 2.01976 0.0197574 0.0202673
0.125 2.01976 0.0197574 0.0202673
0.15625 2.02172 0.0217249 0.0221204
0.15625 2.02172 0.0217249 0.0221204
0.1875 2.02397 0.0239701 0.0242684
0.1875 2.02397 0.0239701 0.0242684
0.21875 2.02644 0.026437 0.0266546
0.21875 2.02644 0.026437 0.0266546
0.25 2.02907 0.0290698 0.0292224
0.25 2.02907 0.0290698 0.0292224
0.28125 2.03182 0.031816 0.0319174
0.28125 2.03182 0.031816 0.0319174
0.3125 2.03463 0.0346278 0.0346901
0.3125 2.03463 0.0346278 0.0346901
0.34375 2.03746 0.0374634 0.0374965
0.34375 2.03746 0.0374634 0.0374965
0.375 2.04029 0.0402873 0.040299
0.375 2.04029 0.0402873 0.040299
0.40625 2.04307 0.04307 0.0430663
0.40625 2.04307 0.04307 0.0430663
0.4375 2.04579 0.0457876 0.0457731
0.4375 2.04579 0.0457876 0.0457731
0.46875 2.04842 0.0484208 0.0483987
0.46875 2.04842 0.0484208 0.0483987
0.5 2.05095 0.0509543 0.0509268
0.5 2.05095 0.0509543 0.0509268
0.53125 2.05338 0.0533758 0.0533445
0.53125 2.05338 0.0533758 0.0533445
0.5625 2.05568 0.0556754 0.0556412
0.5625 2.05568 0.0556754 0.0556412
0.59375 2.05784 0.0578448 0.0578084
0.59375 2.05784 0.0578448 0.0578084
0.625 2.05988 0.0598771 0.059839
0.625 2.05988 0.0598771 0.059839
0.65625 2.06177 0.0617666 0.0617269
0.65625 2.06177 0.0617666 0.0617269
0.6875 2.06351 0.0635079 0.063467
0.6875 2.06351 0.0635079 0.063467
0.71875 2.0651 0.0650966 0.0650547
0.71875 2.0651 0.0650966 0.0650547
0.75 2.06653 0.0665287 0.0664858
0.75 2.06653 0.0665287 0.0664858
0.78125 2.0678 0.0678006 0.0677569
0.78125 2.0678 0.0678006 0.0677569
0.8125 2.06891 0.0689093 0.0688648
0.8125 2.06891 0.0689093 0.0688648
0.84375 2.06985 0.0698519 0.0698069
0.84375 2.06985 0.0698519 0.0698069
0.875 2.07063 0.0706263 0.0705808
0.875 2.07063 0.0706263 0.0705808
0.90625 2.07123 0.0712306 0.0711846
0.90625 2.07123 0.0712306 0.0711846
0.9375 2.07166 0.0716632 0.071617
0.9375 2.07166 0.0716632 0.071617
0.96875 2.07192 0.0719232 0.0718768
0.96875 2.07192 0.0719232 0.0718768
1 2.07201 0.07201 0.0719635
1 2.07201 0.07201 0.0719635
1.03125 2.07192 0.0719232 0.0718768
1.03125 2.07192 0.0719232 0.0718768
1.0625 2.07166 0.0716632 0.071617
1.0625 2.07166 0.0716632 0.071617
1.09375 2.07123 0.0712306 0.0711846
1.09375 2.07123 0.0712306 0.0711846
1.125 2.07063 0.0706263 0.0705808
1.125 2.07063 0.0706263 0.0705808
1.15625 2.06985 0.0698519 0.0698069
1.15625 2.06985 0.0698519 0.0698069
1.1875 2.06891 0.0689093 0.0688648
1.1875 2.06891 0.0689093 0.0688648
1.21875 2.0678 0.0678006 0.0677569
1.21875 2.0678 0.0678006 0.0677569
1.25 2.06653 0.0665287 0.0664858
1.25 2.06653 0.0665287 0.0664858
1.28125 2.0651 0.0650966 0.0650547
1.28125 2.0651 0.0650966 0.0650547
1.3125 2.06351 0.0635079 0.063467
1.3125 2.06351 0.0635079 0.063467
1.34375 2.06177 0.0617666 0.0617269
1.34375 2.06177 0.0617666 0.0617269
1.375 2.05988 0.0598771 0.059839
1.375 2.05988 0.0598771 0.059839
1.40625 2.05784 0.0578448 0.0578084
1.40625 2.05784 0.0578448 0.0578084
1.4375 2.05568 0.0556754 0.0556412
1.4375 2.05568 0.0556754 0.0556412
1.46875 2.05338 0.0533758 0.0533445
1.46875 2.05338 0.0533758 0.0533445
1.5 2.05095 0.0509543 0.0509268
1.5 2.05095 0.0509543 0.0509268
1.53125 2.04842 0.0484208 0.0483987
1.53125 2.04842 0.0484208 0.0483987
1.5625 2.04579 0.0457876 0.0457731
1.5625 2.04579 0.0457876 0.0457731
1.59375 2.04307 0.04307 0.0430663
1.59375 2.04307 0.04307 0.0430663
1.625 2.04029 0.0402873 0.040299
1.625 2.04029 0.0402873 0.040299
1.65625 2.03746 0.0374634 0.0374965
1.65625 2.03746 0.0374634 0.0374965
1.6875 2.03463 0.0346278 0.0346901
1.6875 2.03463 0.0346278 0.0346901
1.71875 2.03182 0.031816 0.0319174
1.71875 2.03182 0.031816 0.0319174
1.75 2.02907 0.0290698 0.0292224
1.75 2.02907 0.0290698 0.0292224
1.78125 2.02644 0.026437 0.0266546
1.78125 2.02644 0.026437 0.0266546
1.8125 2.02397 0.0239701 0.0242684
1.8125 2.02397 0.0239701 0.0242684
1.84375 2.02172 0.0217249 0.0221204
1.84375 2.02172 0.0217249 0.0221204
1.875 2.01976 0.0197574 0.0202673
1.875 2.01976 0.0197574 0.0202673
1.90625 2.01812 0.0181214 0.0187619
1.90625 2.01812 0.0181214 0.0187619
1.9375 2.01686 0.0168643 0.0176503
1.9375 2.01686 0.0168643 0.0176503
1.96875 2.01602 0.0160243 0.0169682
1.96875 2.01602 0.0160243 0.0169682
2 2.01563 0.0156274 0.0167383
