# x y topography analytical topography
0 2.01625 0.0162543 0.0173726
0.03125 2.01664 0.0166359 0.0175922
0.03125 2.01664 0.0166359 0.0175922
0.0625 2.01744 0.0174413 0.0182439
0.0625 2.01744 0.0174413 0.0182439
0.09375 2.01865 0.0186473 0.0193075
0.09375 2.01865 0.0186473 0.0193075
0.125 2.02022 0.0202194 0.0207509
0.125 2.02022 0.0202194 0.0207509
0.15625 2.02211 0.0221146 0.0225324
0.15625 2.02211 0.0221146 0.0225324
0.1875 2.02428 0.0242836 0.0246035
0.1875 2.02428 0.0242836 0.0246035
0.21875 2.02667 0.0266745 0.0269122
0.21875 2.02667 0.0266745 0.0269122
0.25 2.02923 0.029235 0.0294053
0.25 2.02923 0.029235 0.0294053
0.28125 2.03192 0.0319151 0.0320315
0.28125 2.03192 0.0319151 0.0320315
0.3125 2.03467 0.0346686 0.0347429
0.3125 2.03467 0.0346686 0.0347429
0.34375 2.03745 0.0374542 0.0374964
0.34375 2.03745 0.0374542 0.0374964
0.375 2.04024 0.0402363 0.0402545
0.375 2.04024 0.0402363 0.0402545
0.40625 2.04298 0.0429848 0.0429853
0.40625 2.04298 0.0429848 0.0429853
0.4375 2.04567 0.0456747 0.0456625
0.4375 2.04567 0.0456747 0.0456625
0.46875 2.04829 0.0482858 0.0482644
0.46875 2.04829 0.0482858 0.0482644
0.5 2.0508 0.0508015 0.0507735
0.5 2.0508 0.0508015 0.0507735
0.53125 2.05321 0.0532086 0.0531759
0.53125 2.05321 0.0532086 0.0531759
0.5625 2.0555 0.0554963 0.0554601
0.5625 2.0555 0.0554963 0.0554601
0.59375 2.05766 0.0576559 0.057617
0.59375 2.05766 0.0576559 0.057617
0.625 2.05968 0.0596798 0.0596389
0.625 2.05968 0.0596798 0.0596389
0.65625 2.06156 0.0615619 0.0615193
0.65625 2.06156 0.0615619 0.0615193
0.6875 2.0633 0.0632969 0.0632529
0.6875 2.0633 0.0632969 0.0632529
0.71875 2.06488 0.06488 0.0648348
0.71875 2.06488 0.06488 0.0648348
0.75 2.06631 0.0663072 0.0662608
0.75 2.06631 0.0663072 0.0662608
0.78125 2.06757 0.0675748 0.0675275
0.78125 2.06757 0.0675748 0.0675275
0.8125 2.06868 0.0686797 0.0686316
0.8125 2.06868 0.0686797 0.0686316
0.84375 2.06962 0.0696191 0.0695705
0.84375 2.06962 0.0696191 0.0695705
0.875 2.07039 0.0703909 0.0703417
0.875 2.07039 0.0703909 0.0703417
0.90625 2.07099 0.0709932 0.0709435
0.90625 2.07099 0.0709932 0.0709435
0.9375 2.07142 0.0714244 0.0713744
0.9375 2.07142 0.0714244 0.0713744
0.96875 2.07168 0.0716835 0.0716334
0.96875 2.07168 0.0716835 0.0716334
1 2.07177 0.07177 0.0717198
1 2.07177 0.07177 0.0717198
1.03125 2.07168 0.0716835 0.0716334
1.03125 2.07168 0.0716835 0.0716334
1.0625 2.07142 0.0714244 0.0713744
1.0625 2.07142 0.0714244 0.0713744
1.09375 2.07099 0.0709932 0.0709435
1.09375 2.07099 0.0709932 0.0709435
1.125 2.07039 0.0703909 0.0703417
1.125 2.07039 0.0703909 0.0703417
1.15625 2.06962 0.0696191 0.0695705
1.15625 2.06962 0.0696191 0.0695705
1.1875 2.06868 0.0686797 0.0686316
1.1875 2.06868 0.0686797 0.0686316
1.21875 2.06757 0.0675748 0.0675275
1.21875 2.06757 0.0675748 0.0675275
1.25 2.06631 0.0663072 0.0662608
1.25 2.06631 0.0663072 0.0662608
1.28125 2.06488 0.06488 0.0648348
1.28125 2.06488 0.06488 0.0648348
1.3125 2.0633 0.0632969 0.0632529
1.3125 2.0633 0.0632969 0.0632529
1.34375 2.06156 0.0615619 0.0615193
1.34375 2.06156 0.0615619 0.0615193
1.375 2.05968 0.0596798 0.0596389
1.375 2.05968 0.0596798 0.0596389
1.40625 2.05766 0.0576559 0.057617
1.40625 2.05766 0.0576559 0.057617
1.4375 2.0555 0.0554963 0.0554601
1.4375 2.0555 0.0554963 0.0554601
1.46875 2.05321 0.0532086 0.0531759
1.46875 2.05321 0.0532086 0.0531759
1.5 2.0508 0.0508015 0.0507735
1.5 2.0508 0.0508015 0.0507735
1.53125 2.04829 0.0482858 0.0482644
1.53125 2.04829 0.0482858 0.0482644
1.5625 2.04567 0.0456747 0.0456625
1.5625 2.04567 0.0456747 0.0456625
1.59375 2.04298 0.0429848 0.0429853
1.59375 2.04298 0.0429848 0.0429853
1.625 2.04024 0.0402363 0.0402545
1.625 2.04024 0.0402363 0.0402545
1.65625 2.03745 0.0374542 0.0374964
1.65625 2.03745 0.0374542 0.0374964
1.6875 2.03467 0.0346686 0.0347429
1.6875 2.03467 0.0346686 0.0347429
1.71875 2.03192 0.0319151 0.0320315
1.71875 2.03192 0.0319151 0.0320315
1.75 2.02923 0.029235 0.0294053
1.75 2.02923 0.029235 0.0294053
1.78125 2.02667 0.0266745 0.0269122
1.78125 2.02667 0.0266745 0.0269122
1.8125 2.02428 0.0242836 0.0246035
1.8125 2.02428 0.0242836 0.0246035
1.84375 2.02211 0.0221146 0.0225324
1.84375 2.02211 0.0221146 0.0225324
1.875 2.02022 0.0202194 0.0207509
1.875 2.02022 0.0202194 0.0207509
1.90625 2.01865 0.0186473 0.0193075
1.90625 2.01865 0.0186473 0.0193075
1.9375 2.01744 0.0174413 0.0182439
1.9375 2.01744 0.0174413 0.0182439
1.96875 2.01664 0.0166359 0.0175922
1.96875 2.01664 0.0166359 0.0175922
2 2.01625 0.0162543 0.0173726
