# x y topography analytical topography
0 2.0158 0.0158013 0.0169142
0.03125 2.01619 0.0161939 0.0171412
0.03125 2.01619 0.0161939 0.0171412
0.0625 2.01702 0.017024 0.0178147
0.0625 2.01702 0.017024 0.0178147
0.09375 2.01827 0.0182666 0.0189127
0.09375 2.01827 0.0182666 0.0189127
0.125 2.01988 0.0198846 0.0204005
0.125 2.01988 0.0198846 0.0204005
0.15625 2.02183 0.0218317 0.0222335
0.15625 2.02183 0.0218317 0.0222335
0.1875 2.02406 0.0240556 0.0243599
0.1875 2.02406 0.0240556 0.0243599
0.21875 2.0265 0.0265012 0.0267244
0.21875 2.0265 0.0265012 0.0267244
0.25 2.02911 0.029114 0.0292714
0.25 2.02911 0.029114 0.0292714
0.28125 2.03184 0.0318419 0.0319475
0.28125 2.03184 0.0318419 0.0319475
0.3125 2.03464 0.0346377 0.0347033
0.3125 2.03464 0.0346377 0.0347033
0.34375 2.03746 0.0374597 0.0374952
0.34375 2.03746 0.0374597 0.0374952
0.375 2.04027 0.0402723 0.0402857
0.375 2.04027 0.0402723 0.0402857
0.40625 2.04305 0.0430459 0.0430433
0.40625 2.04305 0.0430459 0.0430433
0.4375 2.04576 0.0457561 0.0457421
0.4375 2.04576 0.0457561 0.0457421
0.46875 2.04838 0.0483834 0.0483614
0.46875 2.04838 0.0483834 0.0483614
0.5 2.05091 0.0509122 0.0508845
0.5 2.05091 0.0509122 0.0508845
0.53125 2.05333 0.0533299 0.0532981
0.53125 2.05333 0.0533299 0.0532981
0.5625 2.05563 0.0556263 0.0555915
0.5625 2.05563 0.0556263 0.0555915
0.59375 2.05779 0.0577931 0.057756
0.59375 2.05779 0.0577931 0.057756
0.625 2.05982 0.0598232 0.0597842
0.625 2.05982 0.0598232 0.0597842
0.65625 2.06171 0.0617106 0.0616702
0.65625 2.06171 0.0617106 0.0616702
0.6875 2.06345 0.0634502 0.0634085
0.6875 2.06345 0.0634502 0.0634085
0.71875 2.06504 0.0650374 0.0649946
0.71875 2.06504 0.0650374 0.0649946
0.75 2.06647 0.0664682 0.0664244
0.75 2.06647 0.0664682 0.0664244
0.78125 2.06774 0.067739 0.0676943
0.78125 2.06774 0.067739 0.0676943
0.8125 2.06885 0.0688466 0.0688011
0.8125 2.06885 0.0688466 0.0688011
0.84375 2.06979 0.0697884 0.0697423
0.84375 2.06979 0.0697884 0.0697423
0.875 2.07056 0.070562 0.0705155
0.875 2.07056 0.070562 0.0705155
0.90625 2.07117 0.0711657 0.0711188
0.90625 2.07117 0.0711657 0.0711188
0.9375 2.0716 0.071598 0.0715508
0.9375 2.0716 0.071598 0.0715508
0.96875 2.07186 0.0718578 0.0718103
0.96875 2.07186 0.0718578 0.0718103
1 2.07194 0.0719444 0.071897
1 2.07194 0.0719444 0.071897
1.03125 2.07186 0.0718578 0.0718103
1.03125 2.07186 0.0718578 0.0718103
1.0625 2.0716 0.071598 0.0715508
1.0625 2.0716 0.071598 0.0715508
1.09375 2.07117 0.0711657 0.0711188
1.09375 2.07117 0.0711657 0.0711188
1.125 2.07056 0.070562 0.0705155
1.125 2.07056 0.070562 0.0705155
1.15625 2.06979 0.0697884 0.0697423
1.15625 2.06979 0.0697884 0.0697423
1.1875 2.06885 0.0688466 0.0688011
1.1875 2.06885 0.0688466 0.0688011
1.21875 2.06774 0.067739 0.0676943
1.21875 2.06774 0.067739 0.0676943
1.25 2.06647 0.0664682 0.0664244
1.25 2.06647 0.0664682 0.0664244
1.28125 2.06504 0.0650374 0.0649946
1.28125 2.06504 0.0650374 0.0649946
1.3125 2.06345 0.0634502 0.0634085
1.3125 2.06345 0.0634502 0.0634085
1.34375 2.06171 0.0617106 0.0616702
1.34375 2.06171 0.0617106 0.0616702
1.375 2.05982 0.0598232 0.0597842
1.375 2.05982 0.0598232 0.0597842
1.40625 2.05779 0.0577931 0.057756
1.40625 2.05779 0.0577931 0.057756
1.4375 2.05563 0.0556263 0.0555915
1.4375 2.05563 0.0556263 0.0555915
1.46875 2.05333 0.0533299 0.0532981
1.46875 2.05333 0.0533299 0.0532981
1.5 2.05091 0.0509122 0.0508845
1.5 2.05091 0.0509122 0.0508845
1.53125 2.04838 0.0483834 0.0483614
1.53125 2.04838 0.0483834 0.0483614
1.5625 2.04576 0.0457561 0.0457421
1.5625 2.04576 0.0457561 0.0457421
1.59375 2.04305 0.0430459 0.0430433
1.59375 2.04305 0.0430459 0.0430433
1.625 2.04027 0.0402723 0.0402857
1.625 2.04027 0.0402723 0.0402857
1.65625 2.03746 0.0374597 0.0374952
1.65625 2.03746 0.0374597 0.0374952
1.6875 2.03464 0.0346377 0.0347033
1.6875 2.03464 0.0346377 0.0347033
1.71875 2.03184 0.0318419 0.0319475
1.71875 2.03184 0.0318419 0.0319475
1.75 2.02911 0.029114 0.0292714
1.75 2.02911 0.029114 0.0292714
1.78125 2.0265 0.0265012 0.0267244
1.78125 2.0265 0.0265012 0.0267244
1.8125 2.02406 0.0240556 0.0243599
1.8125 2.02406 0.0240556 0.0243599
1.84375 2.02183 0.0218317 0.0222335
1.84375 2.02183 0.0218317 0.0222335
1.875 2.01988 0.0198846 0.0204005
1.875 2.01988 0.0198846 0.0204005
1.90625 2.01827 0.0182666 0.0189127
1.90625 2.01827 0.0182666 0.0189127
1.9375 2.01702 0.017024 0.0178147
1.9375 2.01702 0.017024 0.0178147
1.96875 2.01619 0.0161939 0.0171412
1.96875 2.01619 0.0161939 0.0171412
2 2.0158 0.0158013 0.0169142
