# x y topography analytical topography
0 2.01861 0.0186074 0.0197524
0.03125 2.01894 0.0189393 0.0199382
0.03125 2.01894 0.0189393 0.0199382
0.0625 2.01963 0.0196321 0.0204911
0.0625 2.01963 0.0196321 0.0204911
0.09375 2.02067 0.0206697 0.0213971
0.09375 2.02067 0.0206697 0.0213971
0.125 2.02203 0.0220283 0.0226341
0.125 2.02203 0.0220283 0.0226341
0.15625 2.02368 0.0236772 0.0241728
0.15625 2.02368 0.0236772 0.0241728
0.1875 2.02558 0.0255808 0.0259782
0.1875 2.02558 0.0255808 0.0259782
0.21875 2.0277 0.0277001 0.0280116
0.21875 2.0277 0.0277001 0.0280116
0.25 2.02999 0.0299941 0.0302319
0.25 2.02999 0.0299941 0.0302319
0.28125 2.03242 0.0324222 0.0325979
0.28125 2.03242 0.0324222 0.0325979
0.3125 2.03494 0.0349447 0.0350689
0.3125 2.03494 0.0349447 0.0350689
0.34375 2.03752 0.0375244 0.0376068
0.34375 2.03752 0.0375244 0.0376068
0.375 2.04013 0.0401274 0.0401763
0.375 2.04013 0.0401274 0.0401763
0.40625 2.04272 0.0427231 0.0427456
0.40625 2.04272 0.0427231 0.0427456
0.4375 2.04528 0.0452848 0.0452868
0.4375 2.04528 0.0452848 0.0452868
0.46875 2.04779 0.0477896 0.0477759
0.46875 2.04779 0.0477896 0.0477759
0.5 2.05022 0.0502179 0.0501922
0.5 2.05022 0.0502179 0.0501922
0.53125 2.05255 0.0525532 0.0525184
0.53125 2.05255 0.0525532 0.0525184
0.5625 2.05478 0.0547818 0.0547402
0.5625 2.05478 0.0547818 0.0547402
0.59375 2.05689 0.0568924 0.0568455
0.59375 2.05689 0.0568924 0.0568455
0.625 2.05888 0.0588753 0.0588244
0.625 2.05888 0.0588753 0.0588244
0.65625 2.06072 0.0607228 0.0606688
0.65625 2.06072 0.0607228 0.0606688
0.6875 2.06243 0.0624282 0.0623717
0.6875 2.06243 0.0624282 0.0623717
0.71875 2.06399 0.0639859 0.0639273
0.71875 2.06399 0.0639859 0.0639273
0.75 2.06539 0.0653911 0.0653309
0.75 2.06539 0.0653911 0.0653309
0.78125 2.06664 0.0666398 0.0665783
0.78125 2.06664 0.0666398 0.0665783
0.8125 2.06773 0.0677286 0.0676659
0.8125 2.06773 0.0677286 0.0676659
0.84375 2.06865 0.0686546 0.068591
0.84375 2.06865 0.0686546 0.068591
0.875 2.06942 0.0694155 0.0693511
0.875 2.06942 0.0694155 0.0693511
0.90625 2.07001 0.0700092 0.0699443
0.90625 2.07001 0.0700092 0.0699443
0.9375 2.07043 0.0704344 0.070369
0.9375 2.07043 0.0704344 0.070369
0.96875 2.07069 0.0706899 0.0706243
0.96875 2.07069 0.0706899 0.0706243
1 2.07078 0.0707751 0.0707095
1 2.07078 0.0707751 0.0707095
1.03125 2.07069 0.0706899 0.0706243
1.03125 2.07069 0.0706899 0.0706243
1.0625 2.07043 0.0704344 0.070369
1.0625 2.07043 0.0704344 0.070369
1.09375 2.07001 0.0700092 0.0699443
1.09375 2.07001 0.0700092 0.0699443
1.125 2.06942 0.0694155 0.0693511
1.125 2.06942 0.0694155 0.0693511
1.15625 2.06865 0.0686546 0.068591
1.15625 2.06865 0.0686546 0.068591
1.1875 2.06773 0.0677286 0.0676659
1.1875 2.06773 0.0677286 0.0676659
1.21875 2.06664 0.0666398 0.0665783
1.21875 2.06664 0.0666398 0.0665783
1.25 2.06539 0.0653911 0.0653309
1.25 2.06539 0.0653911 0.0653309
1.28125 2.06399 0.0639859 0.0639273
1.28125 2.06399 0.0639859 0.0639273
1.3125 2.06243 0.0624282 0.0623717
1.3125 2.06243 0.0624282 0.0623717
1.34375 2.06072 0.0607228 0.0606688
1.34375 2.06072 0.0607228 0.0606688
1.375 2.05888 0.0588753 0.0588244
1.375 2.05888 0.0588753 0.0588244
1.40625 2.05689 0.0568924 0.0568455
1.40625 2.05689 0.0568924 0.0568455
1.4375 2.05478 0.0547818 0.0547402
1.4375 2.05478 0.0547818 0.0547402
1.46875 2.05255 0.0525532 0.0525184
1.46875 2.05255 0.0525532 0.0525184
1.5 2.05022 0.0502179 0.0501922
1.5 2.05022 0.0502179 0.0501922
1.53125 2.04779 0.0477896 0.0477759
1.53125 2.04779 0.0477896 0.0477759
1.5625 2.04528 0.0452848 0.0452868
1.5625 2.04528 0.0452848 0.0452868
1.59375 2.04272 0.0427231 0.0427456
1.59375 2.04272 0.0427231 0.0427456
1.625 2.04013 0.0401274 0.0401763
1.625 2.04013 0.0401274 0.0401763
1.65625 2.03752 0.0375244 0.0376068
1.65625 2.03752 0.0375244 0.0376068
1.6875 2.03494 0.0349447 0.0350689
1.6875 2.03494 0.0349447 0.0350689
1.71875 2.03242 0.0324222 0.0325979
1.71875 2.03242 0.0324222 0.0325979
1.75 2.02999 0.0299941 0.0302319
1.75 2.02999 0.0299941 0.0302319
1.78125 2.0277 0.0277001 0.0280116
1.78125 2.0277 0.0277001 0.0280116
1.8125 2.02558 0.0255808 0.0259782
1.8125 2.02558 0.0255808 0.0259782
1.84375 2.02368 0.0236772 0.0241728
1.84375 2.02368 0.0236772 0.0241728
1.875 2.02203 0.0220283 0.0226341
1.875 2.02203 0.0220283 0.0226341
1.90625 2.02067 0.0206697 0.0213971
1.90625 2.02067 0.0206697 0.0213971
1.9375 2.01963 0.0196321 0.0204911
1.9375 2.01963 0.0196321 0.0204911
1.96875 2.01894 0.0189393 0.0199382
1.96875 2.01894 0.0189393 0.0199382
2 2.01861 0.0186074 0.0197524
