# x y topography analytical topography
0 2.01758 0.0175813 0.0187149
0.03125 2.01793 0.0179335 0.0189146
0.03125 2.01793 0.0179335 0.0189146
0.0625 2.01867 0.0186724 0.0195079
0.0625 2.01867 0.0186724 0.0195079
0.09375 2.01978 0.0197793 0.0204787
0.09375 2.01978 0.0197793 0.0204787
0.125 2.02123 0.0212263 0.021801
0.125 2.02123 0.0212263 0.021801
0.15625 2.02298 0.022978 0.0234407
0.15625 2.02298 0.022978 0.0234407
0.1875 2.02499 0.0249934 0.0253578
0.1875 2.02499 0.0249934 0.0253578
0.21875 2.02723 0.0272283 0.027508
0.21875 2.02723 0.0272283 0.027508
0.25 2.02964 0.0296372 0.0298456
0.25 2.02964 0.0296372 0.0298456
0.28125 2.03218 0.0321755 0.0323249
0.28125 2.03218 0.0321755 0.0323249
0.3125 2.0348 0.0348004 0.0349021
0.3125 2.0348 0.0348004 0.0349021
0.34375 2.03747 0.0374729 0.0375368
0.34375 2.03747 0.0374729 0.0375368
0.375 2.04016 0.0401579 0.0401922
0.375 2.04016 0.0401579 0.0401922
0.40625 2.04282 0.0428246 0.0428363
0.40625 2.04282 0.0428246 0.0428363
0.4375 2.04545 0.0454468 0.0454414
0.4375 2.04545 0.0454468 0.0454414
0.46875 2.048 0.0480023 0.0479842
0.46875 2.048 0.0480023 0.0479842
0.5 2.05047 0.0504728 0.0504453
0.5 2.05047 0.0504728 0.0504453
0.53125 2.05284 0.0528431 0.0528085
0.53125 2.05284 0.0528431 0.0528085
0.5625 2.0551 0.0551006 0.0550608
0.5625 2.0551 0.0551006 0.0550608
0.59375 2.05724 0.057235 0.0571914
0.59375 2.05724 0.057235 0.0571914
0.625 2.05924 0.059238 0.0591912
0.625 2.05924 0.059238 0.0591912
0.65625 2.0611 0.0611022 0.0610531
0.65625 2.0611 0.0611022 0.0610531
0.6875 2.06282 0.0628218 0.0627707
0.6875 2.06282 0.0628218 0.0627707
0.71875 2.06439 0.0643915 0.0643389
0.71875 2.06439 0.0643915 0.0643389
0.75 2.06581 0.0658071 0.0657531
0.75 2.06581 0.0658071 0.0657531
0.78125 2.06706 0.0670646 0.0670095
0.78125 2.06706 0.0670646 0.0670095
0.8125 2.06816 0.0681609 0.0681048
0.8125 2.06816 0.0681609 0.0681048
0.84375 2.06909 0.0690931 0.0690363
0.84375 2.06909 0.0690931 0.0690363
0.875 2.06986 0.069859 0.0698015
0.875 2.06986 0.069859 0.0698015
0.90625 2.07046 0.0704566 0.0703987
0.90625 2.07046 0.0704566 0.0703987
0.9375 2.07088 0.0708846 0.0708262
0.9375 2.07088 0.0708846 0.0708262
0.96875 2.07114 0.0711417 0.0710832
0.96875 2.07114 0.0711417 0.0710832
1 2.07123 0.0712275 0.0711689
1 2.07123 0.0712275 0.0711689
1.03125 2.07114 0.0711417 0.0710832
1.03125 2.07114 0.0711417 0.0710832
1.0625 2.07088 0.0708846 0.0708262
1.0625 2.07088 0.0708846 0.0708262
1.09375 2.07046 0.0704566 0.0703987
1.09375 2.07046 0.0704566 0.0703987
1.125 2.06986 0.069859 0.0698015
1.125 2.06986 0.069859 0.0698015
1.15625 2.06909 0.0690931 0.0690363
1.15625 2.06909 0.0690931 0.0690363
1.1875 2.06816 0.0681609 0.0681048
1.1875 2.06816 0.0681609 0.0681048
1.21875 2.06706 0.0670646 0.0670095
1.21875 2.06706 0.0670646 0.0670095
1.25 2.06581 0.0658071 0.0657531
1.25 2.06581 0.0658071 0.0657531
1.28125 2.06439 0.0643915 0.0643389
1.28125 2.06439 0.0643915 0.0643389
1.3125 2.06282 0.0628218 0.0627707
1.3125 2.06282 0.0628218 0.0627707
1.34375 2.0611 0.0611022 0.0610531
1.34375 2.0611 0.0611022 0.0610531
1.375 2.05924 0.059238 0.0591912
1.375 2.05924 0.059238 0.0591912
1.40625 2.05724 0.057235 0.0571914
1.40625 2.05724 0.057235 0.0571914
1.4375 2.0551 0.0551006 0.0550608
1.4375 2.0551 0.0551006 0.0550608
1.46875 2.05284 0.0528431 0.0528085
1.46875 2.05284 0.0528431 0.0528085
1.5 2.05047 0.0504728 0.0504453
1.5 2.05047 0.0504728 0.0504453
1.53125 2.048 0.0480023 0.0479842
1.53125 2.048 0.0480023 0.0479842
1.5625 2.04545 0.0454468 0.0454414
1.5625 2.04545 0.0454468 0.0454414
1.59375 2.04282 0.0428246 0.0428363
1.59375 2.04282 0.0428246 0.0428363
1.625 2.04016 0.0401579 0.0401922
1.625 2.04016 0.0401579 0.0401922
1.65625 2.03747 0.0374729 0.0375368
1.65625 2.03747 0.0374729 0.0375368
1.6875 2.0348 0.0348004 0.0349021
1.6875 2.0348 0.0348004 0.0349021
1.71875 2.03218 0.0321755 0.0323249
1.71875 2.03218 0.0321755 0.0323249
1.75 2.02964 0.0296372 0.0298456
1.75 2.02964 0.0296372 0.0298456
1.78125 2.02723 0.0272283 0.027508
1.78125 2.02723 0.0272283 0.027508
1.8125 2.02499 0.0249934 0.0253578
1.8125 2.02499 0.0249934 0.0253578
1.84375 2.02298 0.022978 0.0234407
1.84375 2.02298 0.022978 0.0234407
1.875 2.02123 0.0212263 0.021801
1.875 2.02123 0.0212263 0.021801
1.90625 2.01978 0.0197793 0.0204787
1.90625 2.01978 0.0197793 0.0204787
1.9375 2.01867 0.0186724 0.0195079
1.9375 2.01867 0.0186724 0.0195079
1.96875 2.01793 0.0179335 0.0189146
1.96875 2.01793 0.0179335 0.0189146
2 2.01758 0.0175813 0.0187149
