# x y topography analytical topography
0 2.01434 0.0143421 0.015437
0.03125 2.01477 0.0147739 0.0156907
0.03125 2.01477 0.0147739 0.0156907
0.0625 2.01569 0.0156922 0.0164417
0.0625 2.01569 0.0156922 0.0164417
0.09375 2.01706 0.0170642 0.0176614
0.09375 2.01706 0.0170642 0.0176614
0.125 2.01884 0.0188423 0.0193051
0.125 2.01884 0.0188423 0.0193051
0.15625 2.02097 0.020968 0.0213158
0.15625 2.02097 0.020968 0.0213158
0.1875 2.02338 0.0233768 0.0236294
0.1875 2.02338 0.0233768 0.0236294
0.21875 2.026 0.0260031 0.0261795
0.21875 2.026 0.0260031 0.0261795
0.25 2.02878 0.0287839 0.028901
0.25 2.02878 0.0287839 0.028901
0.28125 2.03166 0.0316616 0.0317342
0.28125 2.03166 0.0316616 0.0317342
0.3125 2.03459 0.0345862 0.0346262
0.3125 2.03459 0.0345862 0.0346262
0.34375 2.03752 0.0375156 0.0375325
0.34375 2.03752 0.0375156 0.0375325
0.375 2.04042 0.0404155 0.0404165
0.375 2.04042 0.0404155 0.0404165
0.40625 2.04326 0.0432587 0.0432489
0.40625 2.04326 0.0432587 0.0432489
0.4375 2.04602 0.0460241 0.0460069
0.4375 2.04602 0.0460241 0.0460069
0.46875 2.04869 0.048695 0.0486729
0.46875 2.04869 0.048695 0.0486729
0.5 2.05126 0.0512585 0.051233
0.5 2.05126 0.0512585 0.051233
0.53125 2.0537 0.0537043 0.0536764
0.53125 2.0537 0.0537043 0.0536764
0.5625 2.05602 0.056024 0.0559942
0.5625 2.05602 0.056024 0.0559942
0.59375 2.05821 0.0582105 0.0581792
0.59375 2.05821 0.0582105 0.0581792
0.625 2.06026 0.0602578 0.0602252
0.625 2.06026 0.0602578 0.0602252
0.65625 2.06216 0.0621603 0.0621267
0.65625 2.06216 0.0621603 0.0621267
0.6875 2.06391 0.0639134 0.0638787
0.6875 2.06391 0.0639134 0.0638787
0.71875 2.06551 0.0655126 0.065477
0.71875 2.06551 0.0655126 0.065477
0.75 2.06695 0.066954 0.0669177
0.75 2.06695 0.066954 0.0669177
0.78125 2.06823 0.0682341 0.0681971
0.78125 2.06823 0.0682341 0.0681971
0.8125 2.06935 0.0693499 0.0693123
0.8125 2.06935 0.0693499 0.0693123
0.84375 2.0703 0.0702986 0.0702605
0.84375 2.0703 0.0702986 0.0702605
0.875 2.07108 0.0710779 0.0710394
0.875 2.07108 0.0710779 0.0710394
0.90625 2.07169 0.071686 0.0716472
0.90625 2.07169 0.071686 0.0716472
0.9375 2.07212 0.0721215 0.0720823
0.9375 2.07212 0.0721215 0.0720823
0.96875 2.07238 0.0723831 0.0723439
0.96875 2.07238 0.0723831 0.0723439
1 2.07247 0.0724704 0.0724311
1 2.07247 0.0724704 0.0724311
1.03125 2.07238 0.0723831 0.0723439
1.03125 2.07238 0.0723831 0.0723439
1.0625 2.07212 0.0721215 0.0720823
1.0625 2.07212 0.0721215 0.0720823
1.09375 2.07169 0.071686 0.0716472
1.09375 2.07169 0.071686 0.0716472
1.125 2.07108 0.0710779 0.0710394
1.125 2.07108 0.0710779 0.0710394
1.15625 2.0703 0.0702986 0.0702605
1.15625 2.0703 0.0702986 0.0702605
1.1875 2.06935 0.0693499 0.0693123
1.1875 2.06935 0.0693499 0.0693123
1.21875 2.06823 0.0682341 0.0681971
1.21875 2.06823 0.0682341 0.0681971
1.25 2.06695 0.066954 0.0669177
1.25 2.06695 0.066954 0.0669177
1.28125 2.06551 0.0655126 0.065477
1.28125 2.06551 0.0655126 0.065477
1.3125 2.06391 0.0639134 0.0638787
1.3125 2.06391 0.0639134 0.0638787
1.34375 2.06216 0.0621603 0.0621267
1.34375 2.06216 0.0621603 0.0621267
1.375 2.06026 0.0602578 0.0602252
1.375 2.06026 0.0602578 0.0602252
1.40625 2.05821 0.0582105 0.0581792
1.40625 2.05821 0.0582105 0.0581792
1.4375 2.05602 0.056024 0.0559942
1.4375 2.05602 0.056024 0.0559942
1.46875 2.0537 0.0537043 0.0536764
1.46875 2.0537 0.0537043 0.0536764
1.5 2.05126 0.0512585 0.051233
1.5 2.05126 0.0512585 0.051233
1.53125 2.04869 0.048695 0.0486729
1.53125 2.04869 0.048695 0.0486729
1.5625 2.04602 0.0460241 0.0460069
1.5625 2.04602 0.0460241 0.0460069
1.59375 2.04326 0.0432587 0.0432489
1.59375 2.04326 0.0432587 0.0432489
1.625 2.04042 0.0404155 0.0404165
1.625 2.04042 0.0404155 0.0404165
1.65625 2.03752 0.0375156 0.0375325
1.65625 2.03752 0.0375156 0.0375325
1.6875 2.03459 0.0345862 0.0346262
1.6875 2.03459 0.0345862 0.0346262
1.71875 2.03166 0.0316616 0.0317342
1.71875 2.03166 0.0316616 0.0317342
1.75 2.02878 0.0287839 0.028901
1.75 2.02878 0.0287839 0.028901
1.78125 2.026 0.0260031 0.0261795
1.78125 2.026 0.0260031 0.0261795
1.8125 2.02338 0.0233768 0.0236294
1.8125 2.02338 0.0233768 0.0236294
1.84375 2.02097 0.020968 0.0213158
1.84375 2.02097 0.020968 0.0213158
1.875 2.01884 0.0188423 0.0193051
1.875 2.01884 0.0188423 0.0193051
1.90625 2.01706 0.0170642 0.0176614
1.90625 2.01706 0.0170642 0.0176614
1.9375 2.01569 0.0156922 0.0164417
1.9375 2.01569 0.0156922 0.0164417
1.96875 2.01477 0.0147739 0.0156907
1.96875 2.01477 0.0147739 0.0156907
2 2.01434 0.0143421 0.015437
