# x y topography analytical topography
0 2.01441 0.0144063 0.015502
0.03125 2.01484 0.0148362 0.0157544
0.03125 2.01484 0.0148362 0.0157544
0.0625 2.01575 0.0157503 0.0165017
0.0625 2.01575 0.0157503 0.0165017
0.09375 2.01712 0.0171163 0.0177157
0.09375 2.01712 0.0171163 0.0177157
0.125 2.01889 0.0188869 0.0193521
0.125 2.01889 0.0188869 0.0193521
0.15625 2.021 0.0210043 0.0213545
0.15625 2.021 0.0210043 0.0213545
0.1875 2.0234 0.0234048 0.0236597
0.1875 2.0234 0.0234048 0.0236597
0.21875 2.02602 0.026023 0.0262014
0.21875 2.02602 0.026023 0.0262014
0.25 2.0288 0.0287965 0.0289153
0.25 2.0288 0.0287965 0.0289153
0.28125 2.03167 0.0316678 0.0317417
0.28125 2.03167 0.0316678 0.0317417
0.3125 2.03459 0.034587 0.034628
0.3125 2.03459 0.034587 0.034628
0.34375 2.03751 0.037512 0.0375297
0.34375 2.03751 0.037512 0.0375297
0.375 2.04041 0.0404084 0.0404099
0.375 2.04041 0.0404084 0.0404099
0.40625 2.04325 0.043249 0.0432393
0.40625 2.04325 0.043249 0.0432393
0.4375 2.04601 0.0460122 0.0459951
0.4375 2.04601 0.0460122 0.0459951
0.46875 2.04868 0.0486814 0.0486593
0.46875 2.04868 0.0486814 0.0486593
0.5 2.05124 0.0512437 0.051218
0.5 2.05124 0.0512437 0.051218
0.53125 2.05369 0.0536884 0.0536603
0.53125 2.05369 0.0536884 0.0536603
0.5625 2.05601 0.0560072 0.0559772
0.5625 2.05601 0.0560072 0.0559772
0.59375 2.05819 0.058193 0.0581614
0.59375 2.05819 0.058193 0.0581614
0.625 2.06024 0.0602395 0.0602067
0.625 2.06024 0.0602395 0.0602067
0.65625 2.06214 0.0621415 0.0621076
0.65625 2.06214 0.0621415 0.0621076
0.6875 2.06389 0.063894 0.0638591
0.6875 2.06389 0.063894 0.0638591
0.71875 2.06549 0.0654927 0.0654569
0.71875 2.06549 0.0654927 0.0654569
0.75 2.06693 0.0669337 0.066897
0.75 2.06693 0.0669337 0.066897
0.78125 2.06821 0.0682134 0.0681761
0.78125 2.06821 0.0682134 0.0681761
0.8125 2.06933 0.0693288 0.0692909
0.8125 2.06933 0.0693288 0.0692909
0.84375 2.07028 0.0702772 0.0702388
0.84375 2.07028 0.0702772 0.0702388
0.875 2.07106 0.0710564 0.0710175
0.875 2.07106 0.0710564 0.0710175
0.90625 2.07166 0.0716643 0.0716251
0.90625 2.07166 0.0716643 0.0716251
0.9375 2.0721 0.0720996 0.0720601
0.9375 2.0721 0.0720996 0.0720601
0.96875 2.07236 0.0723612 0.0723216
0.96875 2.07236 0.0723612 0.0723216
1 2.07245 0.0724484 0.0724088
1 2.07245 0.0724484 0.0724088
1.03125 2.07236 0.0723612 0.0723216
1.03125 2.07236 0.0723612 0.0723216
1.0625 2.0721 0.0720996 0.0720601
1.0625 2.0721 0.0720996 0.0720601
1.09375 2.07166 0.0716643 0.0716251
1.09375 2.07166 0.0716643 0.0716251
1.125 2.07106 0.0710564 0.0710175
1.125 2.07106 0.0710564 0.0710175
1.15625 2.07028 0.0702772 0.0702388
1.15625 2.07028 0.0702772 0.0702388
1.1875 2.06933 0.0693288 0.0692909
1.1875 2.06933 0.0693288 0.0692909
1.21875 2.06821 0.0682134 0.0681761
1.21875 2.06821 0.0682134 0.0681761
1.25 2.06693 0.0669337 0.066897
1.25 2.06693 0.0669337 0.066897
1.28125 2.06549 0.0654927 0.0654569
1.28125 2.06549 0.0654927 0.0654569
1.3125 2.06389 0.063894 0.0638591
1.3125 2.06389 0.063894 0.0638591
1.34375 2.06214 0.0621415 0.0621076
1.34375 2.06214 0.0621415 0.0621076
1.375 2.06024 0.0602395 0.0602067
1.375 2.06024 0.0602395 0.0602067
1.40625 2.05819 0.058193 0.0581614
1.40625 2.05819 0.058193 0.0581614
1.4375 2.05601 0.0560072 0.0559772
1.4375 2.05601 0.0560072 0.0559772
1.46875 2.05369 0.0536884 0.0536603
1.46875 2.05369 0.0536884 0.0536603
1.5 2.05124 0.0512437 0.051218
1.5 2.05124 0.0512437 0.051218
1.53125 2.04868 0.0486814 0.0486593
1.53125 2.04868 0.0486814 0.0486593
1.5625 2.04601 0.0460122 0.0459951
1.5625 2.04601 0.0460122 0.0459951
1.59375 2.04325 0.043249 0.0432393
1.59375 2.04325 0.043249 0.0432393
1.625 2.04041 0.0404084 0.0404099
1.625 2.04041 0.0404084 0.0404099
1.65625 2.03751 0.037512 0.0375297
1.65625 2.03751 0.037512 0.0375297
1.6875 2.03459 0.034587 0.034628
1.6875 2.03459 0.034587 0.034628
1.71875 2.03167 0.0316678 0.0317417
1.71875 2.03167 0.0316678 0.0317417
1.75 2.0288 0.0287965 0.0289153
1.75 2.0288 0.0287965 0.0289153
1.78125 2.02602 0.026023 0.0262014
1.78125 2.02602 0.026023 0.0262014
1.8125 2.0234 0.0234048 0.0236597
1.8125 2.0234 0.0234048 0.0236597
1.84375 2.021 0.0210043 0.0213545
1.84375 2.021 0.0210043 0.0213545
1.875 2.01889 0.0188869 0.0193521
1.875 2.01889 0.0188869 0.0193521
1.90625 2.01712 0.0171163 0.0177157
1.90625 2.01712 0.0171163 0.0177157
1.9375 2.01575 0.0157503 0.0165017
1.9375 2.01575 0.0157503 0.0165017
1.96875 2.01484 0.0148362 0.0157544
1.96875 2.01484 0.0148362 0.0157544
2 2.01441 0.0144063 0.015502
