# x y topography analytical topography
0 2.01497 0.0149699 0.0160727
0.03125 2.01538 0.015384 0.0163143
0.03125 2.01538 0.015384 0.0163143
0.0625 2.01626 0.0162627 0.0170304
0.0625 2.01626 0.0162627 0.0170304
0.09375 2.01758 0.0175768 0.0181956
0.09375 2.01758 0.0175768 0.0181956
0.125 2.01928 0.0192835 0.0197697
0.125 2.01928 0.0192835 0.0197697
0.15625 2.02133 0.0213302 0.0217017
0.15625 2.02133 0.0213302 0.0217017
0.1875 2.02366 0.0236579 0.023933
0.1875 2.02366 0.0236579 0.023933
0.21875 2.02621 0.0262058 0.0264023
0.21875 2.02621 0.0262058 0.0264023
0.25 2.02891 0.0289145 0.0290487
0.25 2.02891 0.0289145 0.0290487
0.28125 2.03173 0.0317288 0.0318151
0.28125 2.03173 0.0317288 0.0318151
0.3125 2.0346 0.0345996 0.0346501
0.3125 2.0346 0.0345996 0.0346501
0.34375 2.03748 0.0374848 0.0375091
0.34375 2.03748 0.0374848 0.0375091
0.375 2.04035 0.0403492 0.040355
0.375 2.04035 0.0403492 0.040355
0.40625 2.04316 0.0431646 0.0431573
0.40625 2.04316 0.0431646 0.0431573
0.4375 2.04591 0.0459081 0.0458919
0.4375 2.04591 0.0459081 0.0458919
0.46875 2.04856 0.0485618 0.0485395
0.46875 2.04856 0.0485618 0.0485395
0.5 2.05111 0.0511117 0.0510851
0.5 2.05111 0.0511117 0.0510851
0.53125 2.05355 0.0535465 0.0535168
0.53125 2.05355 0.0535465 0.0535168
0.5625 2.05586 0.055857 0.055825
0.5625 2.05586 0.055857 0.055825
0.59375 2.05804 0.0580356 0.0580018
0.59375 2.05804 0.0580356 0.0580018
0.625 2.06008 0.0600759 0.0600407
0.625 2.06008 0.0600759 0.0600407
0.65625 2.06197 0.0619723 0.0619358
0.65625 2.06197 0.0619723 0.0619358
0.6875 2.06372 0.0637199 0.0636823
0.6875 2.06372 0.0637199 0.0636823
0.71875 2.06531 0.0653141 0.0652755
0.71875 2.06531 0.0653141 0.0652755
0.75 2.06675 0.0667511 0.0667116
0.75 2.06675 0.0667511 0.0667116
0.78125 2.06803 0.0680273 0.0679871
0.78125 2.06803 0.0680273 0.0679871
0.8125 2.06914 0.0691397 0.0690988
0.8125 2.06914 0.0691397 0.0690988
0.84375 2.07009 0.0700855 0.0700441
0.84375 2.07009 0.0700855 0.0700441
0.875 2.07086 0.0708625 0.0708206
0.875 2.07086 0.0708625 0.0708206
0.90625 2.07147 0.0714688 0.0714265
0.90625 2.07147 0.0714688 0.0714265
0.9375 2.0719 0.0719029 0.0718604
0.9375 2.0719 0.0719029 0.0718604
0.96875 2.07216 0.0721638 0.0721211
0.96875 2.07216 0.0721638 0.0721211
1 2.07225 0.0722508 0.0722081
1 2.07225 0.0722508 0.0722081
1.03125 2.07216 0.0721638 0.0721211
1.03125 2.07216 0.0721638 0.0721211
1.0625 2.0719 0.0719029 0.0718604
1.0625 2.0719 0.0719029 0.0718604
1.09375 2.07147 0.0714688 0.0714265
1.09375 2.07147 0.0714688 0.0714265
1.125 2.07086 0.0708625 0.0708206
1.125 2.07086 0.0708625 0.0708206
1.15625 2.07009 0.0700855 0.0700441
1.15625 2.07009 0.0700855 0.0700441
1.1875 2.06914 0.0691397 0.0690988
1.1875 2.06914 0.0691397 0.0690988
1.21875 2.06803 0.0680273 0.0679871
1.21875 2.06803 0.0680273 0.0679871
1.25 2.06675 0.0667511 0.0667116
1.25 2.06675 0.0667511 0.0667116
1.28125 2.06531 0.0653141 0.0652755
1.28125 2.06531 0.0653141 0.0652755
1.3125 2.06372 0.0637199 0.0636823
1.3125 2.06372 0.0637199 0.0636823
1.34375 2.06197 0.0619723 0.0619358
1.34375 2.06197 0.0619723 0.0619358
1.375 2.06008 0.0600759 0.0600407
1.375 2.06008 0.0600759 0.0600407
1.40625 2.05804 0.0580356 0.0580018
1.40625 2.05804 0.0580356 0.0580018
1.4375 2.05586 0.055857 0.055825
1.4375 2.05586 0.055857 0.055825
1.46875 2.05355 0.0535465 0.0535168
1.46875 2.05355 0.0535465 0.0535168
1.5 2.05111 0.0511117 0.0510851
1.5 2.05111 0.0511117 0.0510851
1.53125 2.04856 0.0485618 0.0485395
1.53125 2.04856 0.0485618 0.0485395
1.5625 2.04591 0.0459081 0.0458919
1.5625 2.04591 0.0459081 0.0458919
1.59375 2.04316 0.0431646 0.0431573
1.59375 2.04316 0.0431646 0.0431573
1.625 2.04035 0.0403492 0.040355
1.625 2.04035 0.0403492 0.040355
1.65625 2.03748 0.0374848 0.0375091
1.65625 2.03748 0.0374848 0.0375091
1.6875 2.0346 0.0345996 0.0346501
1.6875 2.0346 0.0345996 0.0346501
1.71875 2.03173 0.0317288 0.0318151
1.71875 2.03173 0.0317288 0.0318151
1.75 2.02891 0.0289145 0.0290487
1.75 2.02891 0.0289145 0.0290487
1.78125 2.02621 0.0262058 0.0264023
1.78125 2.02621 0.0262058 0.0264023
1.8125 2.02366 0.0236579 0.023933
1.8125 2.02366 0.0236579 0.023933
1.84375 2.02133 0.0213302 0.0217017
1.84375 2.02133 0.0213302 0.0217017
1.875 2.01928 0.0192835 0.0197697
1.875 2.01928 0.0192835 0.0197697
1.90625 2.01758 0.0175768 0.0181956
1.90625 2.01758 0.0175768 0.0181956
1.9375 2.01626 0.0162627 0.0170304
1.9375 2.01626 0.0162627 0.0170304
1.96875 2.01538 0.015384 0.0163143
1.96875 2.01538 0.015384 0.0163143
2 2.01497 0.0149699 0.0160727
