# x y topography analytical topography
0 2.01763 0.0176318 0.0187661
0.03125 2.01798 0.017983 0.018965
0.03125 2.01798 0.017983 0.018965
0.0625 2.01872 0.0187196 0.0195562
0.0625 2.01872 0.0187196 0.0195562
0.09375 2.01982 0.0198229 0.0205237
0.09375 2.01982 0.0198229 0.0205237
0.125 2.02127 0.0212654 0.0218416
0.125 2.02127 0.0212654 0.0218416
0.15625 2.02301 0.0230118 0.0234762
0.15625 2.02301 0.0230118 0.0234762
0.1875 2.02502 0.0250216 0.0253876
0.1875 2.02502 0.0250216 0.0253876
0.21875 2.02725 0.0272507 0.027532
0.21875 2.02725 0.0272507 0.027532
0.25 2.02965 0.0296539 0.0298638
0.25 2.02965 0.0296539 0.0298638
0.28125 2.03219 0.0321867 0.0323374
0.28125 2.03219 0.0321867 0.0323374
0.3125 2.03481 0.0348067 0.0349095
0.3125 2.03481 0.0348067 0.0349095
0.34375 2.03747 0.0374747 0.0375394
0.34375 2.03747 0.0374747 0.0375394
0.375 2.04016 0.0401557 0.0401907
0.375 2.04016 0.0401557 0.0401907
0.40625 2.04282 0.0428191 0.0428313
0.40625 2.04282 0.0428191 0.0428313
0.4375 2.04544 0.0454385 0.0454334
0.4375 2.04544 0.0454385 0.0454334
0.46875 2.04799 0.0479917 0.0479738
0.46875 2.04799 0.0479917 0.0479738
0.5 2.05046 0.0504602 0.0504328
0.5 2.05046 0.0504602 0.0504328
0.53125 2.05283 0.0528289 0.0527943
0.53125 2.05283 0.0528289 0.0527943
0.5625 2.05509 0.0550851 0.0550452
0.5625 2.05509 0.0550851 0.0550452
0.59375 2.05722 0.0572185 0.0571746
0.59375 2.05722 0.0572185 0.0571746
0.625 2.05922 0.0592205 0.0591736
0.625 2.05922 0.0592205 0.0591736
0.65625 2.06108 0.061084 0.0610346
0.65625 2.06108 0.061084 0.0610346
0.6875 2.0628 0.0628029 0.0627516
0.6875 2.0628 0.0628029 0.0627516
0.71875 2.06437 0.0643721 0.0643192
0.71875 2.06437 0.0643721 0.0643192
0.75 2.06579 0.0657872 0.0657329
0.75 2.06579 0.0657872 0.0657329
0.78125 2.06704 0.0670443 0.0669889
0.78125 2.06704 0.0670443 0.0669889
0.8125 2.06814 0.0681402 0.0680839
0.8125 2.06814 0.0681402 0.0680839
0.84375 2.06907 0.0690722 0.069015
0.84375 2.06907 0.0690722 0.069015
0.875 2.06984 0.0698378 0.06978
0.875 2.06984 0.0698378 0.06978
0.90625 2.07044 0.0704353 0.0703769
0.90625 2.07044 0.0704353 0.0703769
0.9375 2.07086 0.0708631 0.0708044
0.9375 2.07086 0.0708631 0.0708044
0.96875 2.07112 0.0711201 0.0710613
0.96875 2.07112 0.0711201 0.0710613
1 2.07121 0.0712059 0.071147
1 2.07121 0.0712059 0.071147
1.03125 2.07112 0.0711201 0.0710613
1.03125 2.07112 0.0711201 0.0710613
1.0625 2.07086 0.0708631 0.0708044
1.0625 2.07086 0.0708631 0.0708044
1.09375 2.07044 0.0704353 0.0703769
1.09375 2.07044 0.0704353 0.0703769
1.125 2.06984 0.0698378 0.06978
1.125 2.06984 0.0698378 0.06978
1.15625 2.06907 0.0690722 0.069015
1.15625 2.06907 0.0690722 0.069015
1.1875 2.06814 0.0681402 0.0680839
1.1875 2.06814 0.0681402 0.0680839
1.21875 2.06704 0.0670443 0.0669889
1.21875 2.06704 0.0670443 0.0669889
1.25 2.06579 0.0657872 0.0657329
1.25 2.06579 0.0657872 0.0657329
1.28125 2.06437 0.0643721 0.0643192
1.28125 2.06437 0.0643721 0.0643192
1.3125 2.0628 0.0628029 0.0627516
1.3125 2.0628 0.0628029 0.0627516
1.34375 2.06108 0.061084 0.0610346
1.34375 2.06108 0.061084 0.0610346
1.375 2.05922 0.0592205 0.0591736
1.375 2.05922 0.0592205 0.0591736
1.40625 2.05722 0.0572185 0.0571746
1.40625 2.05722 0.0572185 0.0571746
1.4375 2.05509 0.0550851 0.0550452
1.4375 2.05509 0.0550851 0.0550452
1.46875 2.05283 0.0528289 0.0527943
1.46875 2.05283 0.0528289 0.0527943
1.5 2.05046 0.0504602 0.0504328
1.5 2.05046 0.0504602 0.0504328
1.53125 2.04799 0.0479917 0.0479738
1.53125 2.04799 0.0479917 0.0479738
1.5625 2.04544 0.0454385 0.0454334
1.5625 2.04544 0.0454385 0.0454334
1.59375 2.04282 0.0428191 0.0428313
1.59375 2.04282 0.0428191 0.0428313
1.625 2.04016 0.0401557 0.0401907
1.625 2.04016 0.0401557 0.0401907
1.65625 2.03747 0.0374747 0.0375394
1.65625 2.03747 0.0374747 0.0375394
1.6875 2.03481 0.0348067 0.0349095
1.6875 2.03481 0.0348067 0.0349095
1.71875 2.03219 0.0321867 0.0323374
1.71875 2.03219 0.0321867 0.0323374
1.75 2.02965 0.0296539 0.0298638
1.75 2.02965 0.0296539 0.0298638
1.78125 2.02725 0.0272507 0.027532
1.78125 2.02725 0.0272507 0.027532
1.8125 2.02502 0.0250216 0.0253876
1.8125 2.02502 0.0250216 0.0253876
1.84375 2.02301 0.0230118 0.0234762
1.84375 2.02301 0.0230118 0.0234762
1.875 2.02127 0.0212654 0.0218416
1.875 2.02127 0.0212654 0.0218416
1.90625 2.01982 0.0198229 0.0205237
1.90625 2.01982 0.0198229 0.0205237
1.9375 2.01872 0.0187196 0.0195562
1.9375 2.01872 0.0187196 0.0195562
1.96875 2.01798 0.017983 0.018965
1.96875 2.01798 0.017983 0.018965
2 2.01763 0.0176318 0.0187661
