# x y topography analytical topography
0 2.00809 0.00808659 0.0090906
0.03125 2.00881 0.00881473 0.00954646
0.03125 2.00881 0.00881473 0.00954646
0.0625 2.01037 0.0103717 0.0108669
0.0625 2.01037 0.0103717 0.0108669
0.09375 2.01262 0.0126152 0.012924
0.09375 2.01262 0.0126152 0.012924
0.125 2.01537 0.0153666 0.0155425
0.125 2.01537 0.0153666 0.0155425
0.15625 2.01845 0.0184492 0.0185394
0.15625 2.01845 0.0184492 0.0185394
0.1875 2.02172 0.0217151 0.0217557
0.1875 2.02172 0.0217151 0.0217557
0.21875 2.02506 0.0250563 0.025071
0.21875 2.02506 0.0250563 0.025071
0.25 2.0284 0.028402 0.0284043
0.25 2.0284 0.028402 0.0284043
0.28125 2.03171 0.0317092 0.0317061
0.28125 2.03171 0.0317092 0.0317061
0.3125 2.03495 0.0349525 0.034947
0.3125 2.03495 0.0349525 0.034947
0.34375 2.03812 0.0381163 0.0381096
0.34375 2.03812 0.0381163 0.0381096
0.375 2.04119 0.04119 0.0411826
0.375 2.04119 0.04119 0.0411826
0.40625 2.04416 0.0441649 0.044157
0.40625 2.04416 0.0441649 0.044157
0.4375 2.04703 0.0470336 0.0470251
0.4375 2.04703 0.0470336 0.0470251
0.46875 2.04979 0.049789 0.0497801
0.46875 2.04979 0.049789 0.0497801
0.5 2.05242 0.0524245 0.0524151
0.5 2.05242 0.0524245 0.0524151
0.53125 2.05493 0.0549337 0.0549238
0.53125 2.05493 0.0549337 0.0549238
0.5625 2.05731 0.0573106 0.0573003
0.5625 2.05731 0.0573106 0.0573003
0.59375 2.05955 0.0595494 0.0595387
0.59375 2.05955 0.0595494 0.0595387
0.625 2.06164 0.0616447 0.0616336
0.625 2.06164 0.0616447 0.0616336
0.65625 2.06359 0.0635916 0.0635801
0.65625 2.06359 0.0635916 0.0635801
0.6875 2.06539 0.0653852 0.0653734
0.6875 2.06539 0.0653852 0.0653734
0.71875 2.06702 0.0670213 0.0670092
0.71875 2.06702 0.0670213 0.0670092
0.75 2.0685 0.068496 0.0684836
0.75 2.0685 0.068496 0.0684836
0.78125 2.06981 0.0698056 0.069793
0.78125 2.06981 0.0698056 0.069793
0.8125 2.07095 0.0709471 0.0709343
0.8125 2.07095 0.0709471 0.0709343
0.84375 2.07192 0.0719176 0.0719047
0.84375 2.07192 0.0719176 0.0719047
0.875 2.07271 0.0727149 0.0727018
0.875 2.07271 0.0727149 0.0727018
0.90625 2.07334 0.073337 0.0733238
0.90625 2.07334 0.073337 0.0733238
0.9375 2.07378 0.0737825 0.0737692
0.9375 2.07378 0.0737825 0.0737692
0.96875 2.07405 0.0740502 0.0740368
0.96875 2.07405 0.0740502 0.0740368
1 2.07414 0.0741395 0.0741261
1 2.07414 0.0741395 0.0741261
1.03125 2.07405 0.0740502 0.0740368
1.03125 2.07405 0.0740502 0.0740368
1.0625 2.07378 0.0737825 0.0737692
1.0625 2.07378 0.0737825 0.0737692
1.09375 2.07334 0.073337 0.0733238
1.09375 2.07334 0.073337 0.0733238
1.125 2.07271 0.0727149 0.0727018
1.125 2.07271 0.0727149 0.0727018
1.15625 2.07192 0.0719176 0.0719047
1.15625 2.07192 0.0719176 0.0719047
1.1875 2.07095 0.0709471 0.0709343
1.1875 2.07095 0.0709471 0.0709343
1.21875 2.06981 0.0698056 0.069793
1.21875 2.06981 0.0698056 0.069793
1.25 2.0685 0.068496 0.0684836
1.25 2.0685 0.068496 0.0684836
1.28125 2.06702 0.0670213 0.0670092
1.28125 2.06702 0.0670213 0.0670092
1.3125 2.06539 0.0653852 0.0653734
1.3125 2.06539 0.0653852 0.0653734
1.34375 2.06359 0.0635916 0.0635801
1.34375 2.06359 0.0635916 0.0635801
1.375 2.06164 0.0616447 0.0616336
1.375 2.06164 0.0616447 0.0616336
1.40625 2.05955 0.0595494 0.0595387
1.40625 2.05955 0.0595494 0.0595387
1.4375 2.05731 0.0573106 0.0573003
1.4375 2.05731 0.0573106 0.0573003
1.46875 2.05493 0.0549337 0.0549238
1.46875 2.05493 0.0549337 0.0549238
1.5 2.05242 0.0524245 0.0524151
1.5 2.05242 0.0524245 0.0524151
1.53125 2.04979 0.049789 0.0497801
1.53125 2.04979 0.049789 0.0497801
1.5625 2.04703 0.0470336 0.0470251
1.5625 2.04703 0.0470336 0.0470251
1.59375 2.04416 0.0441649 0.044157
1.59375 2.04416 0.0441649 0.044157
1.625 2.04119 0.04119 0.0411826
1.625 2.04119 0.04119 0.0411826
1.65625 2.03812 0.0381163 0.0381096
1.65625 2.03812 0.0381163 0.0381096
1.6875 2.03495 0.0349525 0.034947
1.6875 2.03495 0.0349525 0.034947
1.71875 2.03171 0.0317092 0.0317061
1.71875 2.03171 0.0317092 0.0317061
1.75 2.0284 0.028402 0.0284043
1.75 2.0284 0.028402 0.0284043
1.78125 2.02506 0.0250563 0.025071
1.78125 2.02506 0.0250563 0.025071
1.8125 2.02172 0.0217151 0.0217557
1.8125 2.02172 0.0217151 0.0217557
1.84375 2.01845 0.0184492 0.0185394
1.84375 2.01845 0.0184492 0.0185394
1.875 2.01537 0.0153666 0.0155425
1.875 2.01537 0.0153666 0.0155425
1.90625 2.01262 0.0126152 0.012924
1.90625 2.01262 0.0126152 0.012924
1.9375 2.01037 0.0103717 0.0108669
1.9375 2.01037 0.0103717 0.0108669
1.96875 2.00881 0.00881473 0.00954646
1.96875 2.00881 0.00881473 0.00954646
2 2.00809 0.00808659 0.0090906
