# x y topography analytical topography
0 2.01334 0.0133383 0.0144202
0.03125 2.0138 0.0138012 0.014695
0.03125 2.0138 0.0138012 0.014695
0.0625 2.01479 0.0147891 0.0155074
0.0625 2.01479 0.0147891 0.0155074
0.09375 2.01626 0.0162619 0.0168223
0.09375 2.01626 0.0162619 0.0168223
0.125 2.01816 0.0181625 0.0185857
0.125 2.01816 0.0181625 0.0185857
0.15625 2.02042 0.0204215 0.0207301
0.15625 2.02042 0.0204215 0.0207301
0.1875 2.02296 0.0229646 0.0231808
0.1875 2.02296 0.0229646 0.0231808
0.21875 2.02572 0.0257177 0.0258622
0.21875 2.02572 0.0257177 0.0258622
0.25 2.02861 0.028612 0.0287028
0.25 2.02861 0.028612 0.0287028
0.28125 2.03159 0.0315866 0.0316388
0.28125 2.03159 0.0315866 0.0316388
0.3125 2.03459 0.0345909 0.0346162
0.3125 2.03459 0.0345909 0.0346162
0.34375 2.03758 0.0375837 0.0375909
0.34375 2.03758 0.0375837 0.0375909
0.375 2.04053 0.040533 0.0405282
0.375 2.04053 0.040533 0.0405282
0.40625 2.04341 0.0434143 0.0434018
0.40625 2.04341 0.0434143 0.0434018
0.4375 2.04621 0.0462088 0.0461913
0.4375 2.04621 0.0462088 0.0461913
0.46875 2.0489 0.0489025 0.0488816
0.46875 2.0489 0.0489025 0.0488816
0.5 2.05148 0.0514841 0.051461
0.5 2.05148 0.0514841 0.051461
0.53125 2.05394 0.0539449 0.05392
0.53125 2.05394 0.0539449 0.05392
0.5625 2.05628 0.0562773 0.0562511
0.5625 2.05628 0.0562773 0.0562511
0.59375 2.05847 0.058475 0.0584476
0.59375 2.05847 0.058475 0.0584476
0.625 2.06053 0.0605322 0.0605038
0.625 2.06053 0.0605322 0.0605038
0.65625 2.06244 0.0624437 0.0624144
0.65625 2.06244 0.0624437 0.0624144
0.6875 2.0642 0.0642049 0.0641748
0.6875 2.0642 0.0642049 0.0641748
0.71875 2.06581 0.0658115 0.0657806
0.71875 2.06581 0.0658115 0.0657806
0.75 2.06726 0.0672595 0.0672279
0.75 2.06726 0.0672595 0.0672279
0.78125 2.06855 0.0685455 0.0685133
0.78125 2.06855 0.0685455 0.0685133
0.8125 2.06967 0.0696664 0.0696337
0.8125 2.06967 0.0696664 0.0696337
0.84375 2.07062 0.0706194 0.0705863
0.84375 2.07062 0.0706194 0.0705863
0.875 2.0714 0.0714023 0.0713688
0.875 2.0714 0.0714023 0.0713688
0.90625 2.07201 0.0720132 0.0719794
0.90625 2.07201 0.0720132 0.0719794
0.9375 2.07245 0.0724506 0.0724166
0.9375 2.07245 0.0724506 0.0724166
0.96875 2.07271 0.0727135 0.0726793
0.96875 2.07271 0.0727135 0.0726793
1 2.0728 0.0728012 0.072767
1 2.0728 0.0728012 0.072767
1.03125 2.07271 0.0727135 0.0726793
1.03125 2.07271 0.0727135 0.0726793
1.0625 2.07245 0.0724506 0.0724166
1.0625 2.07245 0.0724506 0.0724166
1.09375 2.07201 0.0720132 0.0719794
1.09375 2.07201 0.0720132 0.0719794
1.125 2.0714 0.0714023 0.0713688
1.125 2.0714 0.0714023 0.0713688
1.15625 2.07062 0.0706194 0.0705863
1.15625 2.07062 0.0706194 0.0705863
1.1875 2.06967 0.0696664 0.0696337
1.1875 2.06967 0.0696664 0.0696337
1.21875 2.06855 0.0685455 0.0685133
1.21875 2.06855 0.0685455 0.0685133
1.25 2.06726 0.0672595 0.0672279
1.25 2.06726 0.0672595 0.0672279
1.28125 2.06581 0.0658115 0.0657806
1.28125 2.06581 0.0658115 0.0657806
1.3125 2.0642 0.0642049 0.0641748
1.3125 2.0642 0.0642049 0.0641748
1.34375 2.06244 0.0624437 0.0624144
1.34375 2.06244 0.0624437 0.0624144
1.375 2.06053 0.0605322 0.0605038
1.375 2.06053 0.0605322 0.0605038
1.40625 2.05847 0.058475 0.0584476
1.40625 2.05847 0.058475 0.0584476
1.4375 2.05628 0.0562773 0.0562511
1.4375 2.05628 0.0562773 0.0562511
1.46875 2.05394 0.0539449 0.05392
1.46875 2.05394 0.0539449 0.05392
1.5 2.05148 0.0514841 0.051461
1.5 2.05148 0.0514841 0.051461
1.53125 2.0489 0.0489025 0.0488816
1.53125 2.0489 0.0489025 0.0488816
1.5625 2.04621 0.0462088 0.0461913
1.5625 2.04621 0.0462088 0.0461913
1.59375 2.04341 0.0434143 0.0434018
1.59375 2.04341 0.0434143 0.0434018
1.625 2.04053 0.040533 0.0405282
1.625 2.04053 0.040533 0.0405282
1.65625 2.03758 0.0375837 0.0375909
1.65625 2.03758 0.0375837 0.0375909
1.6875 2.03459 0.0345909 0.0346162
1.6875 2.03459 0.0345909 0.0346162
1.71875 2.03159 0.0315866 0.0316388
1.71875 2.03159 0.0315866 0.0316388
1.75 2.02861 0.028612 0.0287028
1.75 2.02861 0.028612 0.0287028
1.78125 2.02572 0.0257177 0.0258622
1.78125 2.02572 0.0257177 0.0258622
1.8125 2.02296 0.0229646 0.0231808
1.8125 2.02296 0.0229646 0.0231808
1.84375 2.02042 0.0204215 0.0207301
1.84375 2.02042 0.0204215 0.0207301
1.875 2.01816 0.0181625 0.0185857
1.875 2.01816 0.0181625 0.0185857
1.90625 2.01626 0.0162619 0.0168223
1.90625 2.01626 0.0162619 0.0168223
1.9375 2.01479 0.0147891 0.0155074
1.9375 2.01479 0.0147891 0.0155074
1.96875 2.0138 0.0138012 0.014695
1.96875 2.0138 0.0138012 0.014695
2 2.01334 0.0133383 0.0144202
