# x y topography analytical topography
0 2.01341 0.0134078 0.0144906
0.03125 2.01387 0.0138684 0.0147639
0.03125 2.01387 0.0138684 0.0147639
0.0625 2.01485 0.0148512 0.0155718
0.0625 2.01485 0.0148512 0.0155718
0.09375 2.01632 0.0163167 0.0168798
0.09375 2.01632 0.0163167 0.0168798
0.125 2.01821 0.0182084 0.0186345
0.125 2.01821 0.0182084 0.0186345
0.15625 2.02046 0.020458 0.0207693
0.15625 2.02046 0.020458 0.0207693
0.1875 2.02299 0.0229916 0.0232103
0.1875 2.02299 0.0229916 0.0232103
0.21875 2.02574 0.0257359 0.0258825
0.21875 2.02574 0.0257359 0.0258825
0.25 2.02862 0.0286224 0.028715
0.25 2.02862 0.0286224 0.028715
0.28125 2.03159 0.0315906 0.0316441
0.28125 2.03159 0.0315906 0.0316441
0.3125 2.03459 0.0345896 0.0346158
0.3125 2.03459 0.0345896 0.0346158
0.34375 2.03758 0.0375783 0.0375861
0.34375 2.03758 0.0375783 0.0375861
0.375 2.04052 0.0405245 0.0405201
0.375 2.04052 0.0405245 0.0405201
0.40625 2.0434 0.0434034 0.043391
0.40625 2.0434 0.0434034 0.043391
0.4375 2.0462 0.0461961 0.0461786
0.4375 2.0462 0.0461961 0.0461786
0.46875 2.04889 0.0488884 0.0488674
0.46875 2.04889 0.0488884 0.0488674
0.5 2.05147 0.0514689 0.0514456
0.5 2.05147 0.0514689 0.0514456
0.53125 2.05393 0.0539287 0.0539037
0.53125 2.05393 0.0539287 0.0539037
0.5625 2.05626 0.0562603 0.0562339
0.5625 2.05626 0.0562603 0.0562339
0.59375 2.05846 0.0584573 0.0584297
0.59375 2.05846 0.0584573 0.0584297
0.625 2.06051 0.0605138 0.0604852
0.625 2.06051 0.0605138 0.0604852
0.65625 2.06242 0.0624248 0.0623952
0.65625 2.06242 0.0624248 0.0623952
0.6875 2.06419 0.0641854 0.064155
0.6875 2.06419 0.0641854 0.064155
0.71875 2.06579 0.0657915 0.0657603
0.71875 2.06579 0.0657915 0.0657603
0.75 2.06724 0.0672391 0.0672072
0.75 2.06724 0.0672391 0.0672072
0.78125 2.06852 0.0685247 0.0684922
0.78125 2.06852 0.0685247 0.0684922
0.8125 2.06965 0.0696452 0.0696122
0.8125 2.06965 0.0696452 0.0696122
0.84375 2.0706 0.070598 0.0705645
0.84375 2.0706 0.070598 0.0705645
0.875 2.07138 0.0713806 0.0713468
0.875 2.07138 0.0713806 0.0713468
0.90625 2.07199 0.0719913 0.0719572
0.90625 2.07199 0.0719913 0.0719572
0.9375 2.07243 0.0724286 0.0723943
0.9375 2.07243 0.0724286 0.0723943
0.96875 2.07269 0.0726914 0.0726569
0.96875 2.07269 0.0726914 0.0726569
1 2.07278 0.0727791 0.0727446
1 2.07278 0.0727791 0.0727446
1.03125 2.07269 0.0726914 0.0726569
1.03125 2.07269 0.0726914 0.0726569
1.0625 2.07243 0.0724286 0.0723943
1.0625 2.07243 0.0724286 0.0723943
1.09375 2.07199 0.0719913 0.0719572
1.09375 2.07199 0.0719913 0.0719572
1.125 2.07138 0.0713806 0.0713468
1.125 2.07138 0.0713806 0.0713468
1.15625 2.0706 0.070598 0.0705645
1.15625 2.0706 0.070598 0.0705645
1.1875 2.06965 0.0696452 0.0696122
1.1875 2.06965 0.0696452 0.0696122
1.21875 2.06852 0.0685247 0.0684922
1.21875 2.06852 0.0685247 0.0684922
1.25 2.06724 0.0672391 0.0672072
1.25 2.06724 0.0672391 0.0672072
1.28125 2.06579 0.0657915 0.0657603
1.28125 2.06579 0.0657915 0.0657603
1.3125 2.06419 0.0641854 0.064155
1.3125 2.06419 0.0641854 0.064155
1.34375 2.06242 0.0624248 0.0623952
1.34375 2.06242 0.0624248 0.0623952
1.375 2.06051 0.0605138 0.0604852
1.375 2.06051 0.0605138 0.0604852
1.40625 2.05846 0.0584573 0.0584297
1.40625 2.05846 0.0584573 0.0584297
1.4375 2.05626 0.0562603 0.0562339
1.4375 2.05626 0.0562603 0.0562339
1.46875 2.05393 0.0539287 0.0539037
1.46875 2.05393 0.0539287 0.0539037
1.5 2.05147 0.0514689 0.0514456
1.5 2.05147 0.0514689 0.0514456
1.53125 2.04889 0.0488884 0.0488674
1.53125 2.04889 0.0488884 0.0488674
1.5625 2.0462 0.0461961 0.0461786
1.5625 2.0462 0.0461961 0.0461786
1.59375 2.0434 0.0434034 0.043391
1.59375 2.0434 0.0434034 0.043391
1.625 2.04052 0.0405245 0.0405201
1.625 2.04052 0.0405245 0.0405201
1.65625 2.03758 0.0375783 0.0375861
1.65625 2.03758 0.0375783 0.0375861
1.6875 2.03459 0.0345896 0.0346158
1.6875 2.03459 0.0345896 0.0346158
1.71875 2.03159 0.0315906 0.0316441
1.71875 2.03159 0.0315906 0.0316441
1.75 2.02862 0.0286224 0.028715
1.75 2.02862 0.0286224 0.028715
1.78125 2.02574 0.0257359 0.0258825
1.78125 2.02574 0.0257359 0.0258825
1.8125 2.02299 0.0229916 0.0232103
1.8125 2.02299 0.0229916 0.0232103
1.84375 2.02046 0.020458 0.0207693
1.84375 2.02046 0.020458 0.0207693
1.875 2.01821 0.0182084 0.0186345
1.875 2.01821 0.0182084 0.0186345
1.90625 2.01632 0.0163167 0.0168798
1.90625 2.01632 0.0163167 0.0168798
1.9375 2.01485 0.0148512 0.0155718
1.9375 2.01485 0.0148512 0.0155718
1.96875 2.01387 0.0138684 0.0147639
1.96875 2.01387 0.0138684 0.0147639
2 2.01341 0.0134078 0.0144906
