# x y topography analytical topography
0 2.01521 0.0152128 0.0163186
0.03125 2.01562 0.0156204 0.0165558
0.03125 2.01562 0.0156204 0.0165558
0.0625 2.01648 0.0164845 0.0172591
0.0625 2.01648 0.0164845 0.0172591
0.09375 2.01778 0.0177771 0.018404
0.09375 2.01778 0.0177771 0.018404
0.125 2.01946 0.0194572 0.0199523
0.125 2.01946 0.0194572 0.0199523
0.15625 2.02147 0.0214742 0.0218547
0.15625 2.02147 0.0214742 0.0218547
0.1875 2.02377 0.0237712 0.0240549
0.1875 2.02377 0.0237712 0.0240549
0.21875 2.02629 0.026289 0.0264933
0.21875 2.02629 0.026289 0.0264933
0.25 2.02897 0.0289697 0.0291106
0.25 2.02897 0.0289697 0.0291106
0.28125 2.03176 0.031759 0.0318508
0.28125 2.03176 0.031759 0.0318508
0.3125 2.03461 0.0346083 0.034663
0.3125 2.03461 0.0346083 0.034663
0.34375 2.03748 0.0374755 0.037503
0.34375 2.03748 0.0374755 0.037503
0.375 2.04033 0.0403254 0.0403332
0.375 2.04033 0.0403254 0.0403332
0.40625 2.04313 0.0431291 0.0431231
0.40625 2.04313 0.0431291 0.0431231
0.4375 2.04586 0.0458634 0.0458477
0.4375 2.04586 0.0458634 0.0458477
0.46875 2.04851 0.0485099 0.0484876
0.46875 2.04851 0.0485099 0.0484876
0.5 2.05105 0.051054 0.051027
0.5 2.05105 0.051054 0.051027
0.53125 2.05348 0.0534841 0.0534537
0.53125 2.05348 0.0534841 0.0534537
0.5625 2.05579 0.0557907 0.0557578
0.5625 2.05579 0.0557907 0.0557578
0.59375 2.05797 0.057966 0.0579313
0.59375 2.05797 0.057966 0.0579313
0.625 2.06 0.0600035 0.0599672
0.625 2.06 0.0600035 0.0599672
0.65625 2.0619 0.0618974 0.0618597
0.65625 2.0619 0.0618974 0.0618597
0.6875 2.06364 0.0636427 0.0636039
0.6875 2.06364 0.0636427 0.0636039
0.71875 2.06523 0.0652349 0.0651951
0.71875 2.06523 0.0652349 0.0651951
0.75 2.06667 0.0666701 0.0666294
0.75 2.06667 0.0666701 0.0666294
0.78125 2.06794 0.0679448 0.0679033
0.78125 2.06794 0.0679448 0.0679033
0.8125 2.06906 0.0690558 0.0690136
0.8125 2.06906 0.0690558 0.0690136
0.84375 2.07 0.0700005 0.0699577
0.84375 2.07 0.0700005 0.0699577
0.875 2.07078 0.0707765 0.0707333
0.875 2.07078 0.0707765 0.0707333
0.90625 2.07138 0.0713821 0.0713385
0.90625 2.07138 0.0713821 0.0713385
0.9375 2.07182 0.0718156 0.0717718
0.9375 2.07182 0.0718156 0.0717718
0.96875 2.07208 0.0720762 0.0720322
0.96875 2.07208 0.0720762 0.0720322
1 2.07216 0.0721631 0.072119
1 2.07216 0.0721631 0.072119
1.03125 2.07208 0.0720762 0.0720322
1.03125 2.07208 0.0720762 0.0720322
1.0625 2.07182 0.0718156 0.0717718
1.0625 2.07182 0.0718156 0.0717718
1.09375 2.07138 0.0713821 0.0713385
1.09375 2.07138 0.0713821 0.0713385
1.125 2.07078 0.0707765 0.0707333
1.125 2.07078 0.0707765 0.0707333
1.15625 2.07 0.0700005 0.0699577
1.15625 2.07 0.0700005 0.0699577
1.1875 2.06906 0.0690558 0.0690136
1.1875 2.06906 0.0690558 0.0690136
1.21875 2.06794 0.0679448 0.0679033
1.21875 2.06794 0.0679448 0.0679033
1.25 2.06667 0.0666701 0.0666294
1.25 2.06667 0.0666701 0.0666294
1.28125 2.06523 0.0652349 0.0651951
1.28125 2.06523 0.0652349 0.0651951
1.3125 2.06364 0.0636427 0.0636039
1.3125 2.06364 0.0636427 0.0636039
1.34375 2.0619 0.0618974 0.0618597
1.34375 2.0619 0.0618974 0.0618597
1.375 2.06 0.0600035 0.0599672
1.375 2.06 0.0600035 0.0599672
1.40625 2.05797 0.057966 0.0579313
1.40625 2.05797 0.057966 0.0579313
1.4375 2.05579 0.0557907 0.0557578
1.4375 2.05579 0.0557907 0.0557578
1.46875 2.05348 0.0534841 0.0534537
1.46875 2.05348 0.0534841 0.0534537
1.5 2.05105 0.051054 0.051027
1.5 2.05105 0.051054 0.051027
1.53125 2.04851 0.0485099 0.0484876
1.53125 2.04851 0.0485099 0.0484876
1.5625 2.04586 0.0458634 0.0458477
1.5625 2.04586 0.0458634 0.0458477
1.59375 2.04313 0.0431291 0.0431231
1.59375 2.04313 0.0431291 0.0431231
1.625 2.04033 0.0403254 0.0403332
1.625 2.04033 0.0403254 0.0403332
1.65625 2.03748 0.0374755 0.037503
1.65625 2.03748 0.0374755 0.037503
1.6875 2.03461 0.0346083 0.034663
1.6875 2.03461 0.0346083 0.034663
1.71875 2.03176 0.031759 0.0318508
1.71875 2.03176 0.031759 0.0318508
1.75 2.02897 0.0289697 0.0291106
1.75 2.02897 0.0289697 0.0291106
1.78125 2.02629 0.026289 0.0264933
1.78125 2.02629 0.026289 0.0264933
1.8125 2.02377 0.0237712 0.0240549
1.8125 2.02377 0.0237712 0.0240549
1.84375 2.02147 0.0214742 0.0218547
1.84375 2.02147 0.0214742 0.0218547
1.875 2.01946 0.0194572 0.0199523
1.875 2.01946 0.0194572 0.0199523
1.90625 2.01778 0.0177771 0.018404
1.90625 2.01778 0.0177771 0.018404
1.9375 2.01648 0.0164845 0.0172591
1.9375 2.01648 0.0164845 0.0172591
1.96875 2.01562 0.0156204 0.0165558
1.96875 2.01562 0.0156204 0.0165558
2 2.01521 0.0152128 0.0163186
