# x y topography analytical topography
0 2.0071 0.00710371 0.00809048
0.03125 2.00792 0.00791716 0.00860494
0.03125 2.00792 0.00791716 0.00860494
0.0625 2.00965 0.00964662 0.0100823
0.0625 2.00965 0.00964662 0.0100823
0.09375 2.0121 0.0120999 0.012348
0.09375 2.0121 0.0120999 0.012348
0.125 2.01505 0.0150494 0.0151748
0.125 2.01505 0.0150494 0.0151748
0.15625 2.01829 0.0182881 0.0183433
0.15625 2.01829 0.0182881 0.0183433
0.1875 2.02166 0.0216608 0.0216807
0.1875 2.02166 0.0216608 0.0216807
0.21875 2.02507 0.0250673 0.0250717
0.21875 2.02507 0.0250673 0.0250717
0.25 2.02845 0.0284501 0.0284485
0.25 2.02845 0.0284501 0.0284485
0.28125 2.03178 0.0317784 0.0317745
0.28125 2.03178 0.0317784 0.0317745
0.3125 2.03503 0.0350348 0.0350299
0.3125 2.03503 0.0350348 0.0350299
0.34375 2.03821 0.0382082 0.0382028
0.34375 2.03821 0.0382082 0.0382028
0.375 2.04129 0.0412899 0.041284
0.375 2.04129 0.0412899 0.041284
0.40625 2.04427 0.0442723 0.044266
0.40625 2.04427 0.0442723 0.044266
0.4375 2.04715 0.047148 0.0471413
0.4375 2.04715 0.047148 0.0471413
0.46875 2.04991 0.0499101 0.049903
0.46875 2.04991 0.0499101 0.049903
0.5 2.05255 0.052552 0.0525446
0.5 2.05255 0.052552 0.0525446
0.53125 2.05507 0.0550673 0.0550595
0.53125 2.05507 0.0550673 0.0550595
0.5625 2.05745 0.05745 0.0574418
0.5625 2.05745 0.05745 0.0574418
0.59375 2.05969 0.0596942 0.0596857
0.59375 2.05969 0.0596942 0.0596857
0.625 2.06179 0.0617947 0.0617859
0.625 2.06179 0.0617947 0.0617859
0.65625 2.06375 0.0637462 0.0637372
0.65625 2.06375 0.0637462 0.0637372
0.6875 2.06554 0.0655442 0.0655349
0.6875 2.06554 0.0655442 0.0655349
0.71875 2.06718 0.0671843 0.0671748
0.71875 2.06718 0.0671843 0.0671748
0.75 2.06866 0.0686626 0.0686528
0.75 2.06866 0.0686626 0.0686528
0.78125 2.06998 0.0699754 0.0699654
0.78125 2.06998 0.0699754 0.0699654
0.8125 2.07112 0.0711196 0.0711095
0.8125 2.07112 0.0711196 0.0711095
0.84375 2.07209 0.0720925 0.0720823
0.84375 2.07209 0.0720925 0.0720823
0.875 2.07289 0.0728918 0.0728814
0.875 2.07289 0.0728918 0.0728814
0.90625 2.07352 0.0735154 0.073505
0.90625 2.07352 0.0735154 0.073505
0.9375 2.07396 0.0739619 0.0739514
0.9375 2.07396 0.0739619 0.0739514
0.96875 2.07423 0.0742303 0.0742197
0.96875 2.07423 0.0742303 0.0742197
1 2.07432 0.0743198 0.0743092
1 2.07432 0.0743198 0.0743092
1.03125 2.07423 0.0742303 0.0742197
1.03125 2.07423 0.0742303 0.0742197
1.0625 2.07396 0.0739619 0.0739514
1.0625 2.07396 0.0739619 0.0739514
1.09375 2.07352 0.0735154 0.073505
1.09375 2.07352 0.0735154 0.073505
1.125 2.07289 0.0728918 0.0728814
1.125 2.07289 0.0728918 0.0728814
1.15625 2.07209 0.0720925 0.0720823
1.15625 2.07209 0.0720925 0.0720823
1.1875 2.07112 0.0711196 0.0711095
1.1875 2.07112 0.0711196 0.0711095
1.21875 2.06998 0.0699754 0.0699654
1.21875 2.06998 0.0699754 0.0699654
1.25 2.06866 0.0686626 0.0686528
1.25 2.06866 0.0686626 0.0686528
1.28125 2.06718 0.0671843 0.0671748
1.28125 2.06718 0.0671843 0.0671748
1.3125 2.06554 0.0655442 0.0655349
1.3125 2.06554 0.0655442 0.0655349
1.34375 2.06375 0.0637462 0.0637372
1.34375 2.06375 0.0637462 0.0637372
1.375 2.06179 0.0617947 0.0617859
1.375 2.06179 0.0617947 0.0617859
1.40625 2.05969 0.0596942 0.0596857
1.40625 2.05969 0.0596942 0.0596857
1.4375 2.05745 0.05745 0.0574418
1.4375 2.05745 0.05745 0.0574418
1.46875 2.05507 0.0550673 0.0550595
1.46875 2.05507 0.0550673 0.0550595
1.5 2.05255 0.052552 0.0525446
1.5 2.05255 0.052552 0.0525446
1.53125 2.04991 0.0499101 0.049903
1.53125 2.04991 0.0499101 0.049903
1.5625 2.04715 0.047148 0.0471413
1.5625 2.04715 0.047148 0.0471413
1.59375 2.04427 0.0442723 0.044266
1.59375 2.04427 0.0442723 0.044266
1.625 2.04129 0.0412899 0.041284
1.625 2.04129 0.0412899 0.041284
1.65625 2.03821 0.0382082 0.0382028
1.65625 2.03821 0.0382082 0.0382028
1.6875 2.03503 0.0350348 0.0350299
1.6875 2.03503 0.0350348 0.0350299
1.71875 2.03178 0.0317784 0.0317745
1.71875 2.03178 0.0317784 0.0317745
1.75 2.02845 0.0284501 0.0284485
1.75 2.02845 0.0284501 0.0284485
1.78125 2.02507 0.0250673 0.0250717
1.78125 2.02507 0.0250673 0.0250717
1.8125 2.02166 0.0216608 0.0216807
1.8125 2.02166 0.0216608 0.0216807
1.84375 2.01829 0.0182881 0.0183433
1.84375 2.01829 0.0182881 0.0183433
1.875 2.01505 0.0150494 0.0151748
1.875 2.01505 0.0150494 0.0151748
1.90625 2.0121 0.0120999 0.012348
1.90625 2.0121 0.0120999 0.012348
1.9375 2.00965 0.00964662 0.0100823
1.9375 2.00965 0.00964662 0.0100823
1.96875 2.00792 0.00791716 0.00860494
1.96875 2.00792 0.00791716 0.00860494
2 2.0071 0.00710371 0.00809048
