# x y topography analytical topography
0 2.01631 0.0163099 0.0174289
0.03125 2.01669 0.0166902 0.0176475
0.03125 2.01669 0.0166902 0.0176475
0.0625 2.01749 0.0174926 0.0182967
0.0625 2.01749 0.0174926 0.0182967
0.09375 2.01869 0.0186942 0.0193562
0.09375 2.01869 0.0186942 0.0193562
0.125 2.02026 0.0202609 0.0207942
0.125 2.02026 0.0202609 0.0207942
0.15625 2.02215 0.0221497 0.0225695
0.15625 2.02215 0.0221497 0.0225695
0.1875 2.02431 0.0243121 0.0246339
0.1875 2.02431 0.0243121 0.0246339
0.21875 2.0267 0.0266963 0.0269358
0.21875 2.0267 0.0266963 0.0269358
0.25 2.02925 0.0292504 0.0294224
0.25 2.02925 0.0292504 0.0294224
0.28125 2.03192 0.0319246 0.0320424
0.28125 2.03192 0.0319246 0.0320424
0.3125 2.03467 0.0346728 0.0347483
0.3125 2.03467 0.0346728 0.0347483
0.34375 2.03745 0.0374539 0.037497
0.34375 2.03745 0.0374539 0.037497
0.375 2.04023 0.0402322 0.040251
0.375 2.04023 0.0402322 0.040251
0.40625 2.04298 0.0429775 0.0429784
0.40625 2.04298 0.0429775 0.0429784
0.4375 2.04566 0.0456649 0.0456528
0.4375 2.04566 0.0456649 0.0456528
0.46875 2.04827 0.0482738 0.0482525
0.46875 2.04827 0.0482738 0.0482525
0.5 2.05079 0.0507879 0.0507598
0.5 2.05079 0.0507879 0.0507598
0.53125 2.05319 0.0531936 0.0531608
0.53125 2.05319 0.0531936 0.0531608
0.5625 2.05548 0.0554802 0.0554438
0.5625 2.05548 0.0554802 0.0554438
0.59375 2.05764 0.0576388 0.0575997
0.59375 2.05764 0.0576388 0.0575997
0.625 2.05966 0.0596619 0.0596208
0.625 2.05966 0.0596619 0.0596208
0.65625 2.06154 0.0615434 0.0615005
0.65625 2.06154 0.0615434 0.0615005
0.6875 2.06328 0.0632778 0.0632334
0.6875 2.06328 0.0632778 0.0632334
0.71875 2.06486 0.0648604 0.0648148
0.71875 2.06486 0.0648604 0.0648148
0.75 2.06629 0.0662871 0.0662404
0.75 2.06629 0.0662871 0.0662404
0.78125 2.06755 0.0675543 0.0675067
0.78125 2.06755 0.0675543 0.0675067
0.8125 2.06866 0.0686588 0.0686105
0.8125 2.06866 0.0686588 0.0686105
0.84375 2.0696 0.069598 0.069549
0.84375 2.0696 0.069598 0.069549
0.875 2.07037 0.0703696 0.07032
0.875 2.07037 0.0703696 0.07032
0.90625 2.07097 0.0709716 0.0709216
0.90625 2.07097 0.0709716 0.0709216
0.9375 2.0714 0.0714027 0.0713524
0.9375 2.0714 0.0714027 0.0713524
0.96875 2.07166 0.0716618 0.0716113
0.96875 2.07166 0.0716618 0.0716113
1 2.07175 0.0717482 0.0716977
1 2.07175 0.0717482 0.0716977
1.03125 2.07166 0.0716618 0.0716113
1.03125 2.07166 0.0716618 0.0716113
1.0625 2.0714 0.0714027 0.0713524
1.0625 2.0714 0.0714027 0.0713524
1.09375 2.07097 0.0709716 0.0709216
1.09375 2.07097 0.0709716 0.0709216
1.125 2.07037 0.0703696 0.07032
1.125 2.07037 0.0703696 0.07032
1.15625 2.0696 0.069598 0.069549
1.15625 2.0696 0.069598 0.069549
1.1875 2.06866 0.0686588 0.0686105
1.1875 2.06866 0.0686588 0.0686105
1.21875 2.06755 0.0675543 0.0675067
1.21875 2.06755 0.0675543 0.0675067
1.25 2.06629 0.0662871 0.0662404
1.25 2.06629 0.0662871 0.0662404
1.28125 2.06486 0.0648604 0.0648148
1.28125 2.06486 0.0648604 0.0648148
1.3125 2.06328 0.0632778 0.0632334
1.3125 2.06328 0.0632778 0.0632334
1.34375 2.06154 0.0615434 0.0615005
1.34375 2.06154 0.0615434 0.0615005
1.375 2.05966 0.0596619 0.0596208
1.375 2.05966 0.0596619 0.0596208
1.40625 2.05764 0.0576388 0.0575997
1.40625 2.05764 0.0576388 0.0575997
1.4375 2.05548 0.0554802 0.0554438
1.4375 2.05548 0.0554802 0.0554438
1.46875 2.05319 0.0531936 0.0531608
1.46875 2.05319 0.0531936 0.0531608
1.5 2.05079 0.0507879 0.0507598
1.5 2.05079 0.0507879 0.0507598
1.53125 2.04827 0.0482738 0.0482525
1.53125 2.04827 0.0482738 0.0482525
1.5625 2.04566 0.0456649 0.0456528
1.5625 2.04566 0.0456649 0.0456528
1.59375 2.04298 0.0429775 0.0429784
1.59375 2.04298 0.0429775 0.0429784
1.625 2.04023 0.0402322 0.040251
1.625 2.04023 0.0402322 0.040251
1.65625 2.03745 0.0374539 0.037497
1.65625 2.03745 0.0374539 0.037497
1.6875 2.03467 0.0346728 0.0347483
1.6875 2.03467 0.0346728 0.0347483
1.71875 2.03192 0.0319246 0.0320424
1.71875 2.03192 0.0319246 0.0320424
1.75 2.02925 0.0292504 0.0294224
1.75 2.02925 0.0292504 0.0294224
1.78125 2.0267 0.0266963 0.0269358
1.78125 2.0267 0.0266963 0.0269358
1.8125 2.02431 0.0243121 0.0246339
1.8125 2.02431 0.0243121 0.0246339
1.84375 2.02215 0.0221497 0.0225695
1.84375 2.02215 0.0221497 0.0225695
1.875 2.02026 0.0202609 0.0207942
1.875 2.02026 0.0202609 0.0207942
1.90625 2.01869 0.0186942 0.0193562
1.90625 2.01869 0.0186942 0.0193562
1.9375 2.01749 0.0174926 0.0182967
1.9375 2.01749 0.0174926 0.0182967
1.96875 2.01669 0.0166902 0.0176475
1.96875 2.01669 0.0166902 0.0176475
2 2.01631 0.0163099 0.0174289
