# x y topography analytical topography
0 2.00378 0.00377686 0.00469028
0.03125 2.00512 0.00511839 0.00557365
0.03125 2.00512 0.00511839 0.00557365
0.0625 2.00776 0.00775989 0.00792403
0.0625 2.00776 0.00775989 0.00792403
0.09375 2.01107 0.0110693 0.0111097
0.09375 2.01107 0.0110693 0.0111097
0.125 2.0146 0.0146044 0.0146103
0.125 2.0146 0.0146044 0.0146103
0.15625 2.01817 0.0181705 0.0181703
0.15625 2.01817 0.0181705 0.0181703
0.1875 2.02171 0.0217056 0.0217046
0.1875 2.02171 0.0217056 0.0217046
0.21875 2.02519 0.0251901 0.0251889
0.21875 2.02519 0.0251901 0.0251889
0.25 2.02861 0.0286142 0.0286129
0.25 2.02861 0.0286142 0.0286129
0.28125 2.03197 0.0319694 0.0319679
0.28125 2.03197 0.0319694 0.0319679
0.3125 2.03525 0.0352475 0.0352459
0.3125 2.03525 0.0352475 0.0352459
0.34375 2.03844 0.0384408 0.038439
0.34375 2.03844 0.0384408 0.038439
0.375 2.04154 0.0415414 0.0415395
0.375 2.04154 0.0415414 0.0415395
0.40625 2.04454 0.044542 0.0445399
0.40625 2.04454 0.044542 0.0445399
0.4375 2.04744 0.0474352 0.047433
0.4375 2.04744 0.0474352 0.047433
0.46875 2.05021 0.0502142 0.0502118
0.46875 2.05021 0.0502142 0.0502118
0.5 2.05287 0.0528722 0.0528697
0.5 2.05287 0.0528722 0.0528697
0.53125 2.0554 0.0554028 0.0554002
0.53125 2.0554 0.0554028 0.0554002
0.5625 2.0578 0.0578 0.0577972
0.5625 2.0578 0.0578 0.0577972
0.59375 2.06006 0.0600579 0.0600551
0.59375 2.06006 0.0600579 0.0600551
0.625 2.06217 0.0621711 0.0621682
0.625 2.06217 0.0621711 0.0621682
0.65625 2.06413 0.0641346 0.0641315
0.65625 2.06413 0.0641346 0.0641315
0.6875 2.06594 0.0659435 0.0659404
0.6875 2.06594 0.0659435 0.0659404
0.71875 2.06759 0.0675936 0.0675904
0.71875 2.06759 0.0675936 0.0675904
0.75 2.06908 0.0690808 0.0690776
0.75 2.06908 0.0690808 0.0690776
0.78125 2.0704 0.0704017 0.0703983
0.78125 2.0704 0.0704017 0.0703983
0.8125 2.07155 0.0715529 0.0715495
0.8125 2.07155 0.0715529 0.0715495
0.84375 2.07253 0.0725317 0.0725283
0.84375 2.07253 0.0725317 0.0725283
0.875 2.07334 0.0733358 0.0733324
0.875 2.07334 0.0733358 0.0733324
0.90625 2.07396 0.0739633 0.0739598
0.90625 2.07396 0.0739633 0.0739598
0.9375 2.07441 0.0744125 0.074409
0.9375 2.07441 0.0744125 0.074409
0.96875 2.07468 0.0746825 0.074679
0.96875 2.07468 0.0746825 0.074679
1 2.07477 0.0747726 0.074769
1 2.07477 0.0747726 0.074769
1.03125 2.07468 0.0746825 0.074679
1.03125 2.07468 0.0746825 0.074679
1.0625 2.07441 0.0744125 0.074409
1.0625 2.07441 0.0744125 0.074409
1.09375 2.07396 0.0739633 0.0739598
1.09375 2.07396 0.0739633 0.0739598
1.125 2.07334 0.0733358 0.0733324
1.125 2.07334 0.0733358 0.0733324
1.15625 2.07253 0.0725317 0.0725283
1.15625 2.07253 0.0725317 0.0725283
1.1875 2.07155 0.0715529 0.0715495
1.1875 2.07155 0.0715529 0.0715495
1.21875 2.0704 0.0704017 0.0703983
1.21875 2.0704 0.0704017 0.0703983
1.25 2.06908 0.0690808 0.0690776
1.25 2.06908 0.0690808 0.0690776
1.28125 2.06759 0.0675936 0.0675904
1.28125 2.06759 0.0675936 0.0675904
1.3125 2.06594 0.0659435 0.0659404
1.3125 2.06594 0.0659435 0.0659404
1.34375 2.06413 0.0641346 0.0641315
1.34375 2.06413 0.0641346 0.0641315
1.375 2.06217 0.0621711 0.0621682
1.375 2.06217 0.0621711 0.0621682
1.40625 2.06006 0.0600579 0.0600551
1.40625 2.06006 0.0600579 0.0600551
1.4375 2.0578 0.0578 0.0577972
1.4375 2.0578 0.0578 0.0577972
1.46875 2.0554 0.0554028 0.0554002
1.46875 2.0554 0.0554028 0.0554002
1.5 2.05287 0.0528722 0.0528697
1.5 2.05287 0.0528722 0.0528697
1.53125 2.05021 0.0502142 0.0502118
1.53125 2.05021 0.0502142 0.0502118
1.5625 2.04744 0.0474352 0.047433
1.5625 2.04744 0.0474352 0.047433
1.59375 2.04454 0.044542 0.0445399
1.59375 2.04454 0.044542 0.0445399
1.625 2.04154 0.0415414 0.0415395
1.625 2.04154 0.0415414 0.0415395
1.65625 2.03844 0.0384408 0.038439
1.65625 2.03844 0.0384408 0.038439
1.6875 2.03525 0.0352475 0.0352459
1.6875 2.03525 0.0352475 0.0352459
1.71875 2.03197 0.0319694 0.0319679
1.71875 2.03197 0.0319694 0.0319679
1.75 2.02861 0.0286142 0.0286129
1.75 2.02861 0.0286142 0.0286129
1.78125 2.02519 0.0251901 0.0251889
1.78125 2.02519 0.0251901 0.0251889
1.8125 2.02171 0.0217056 0.0217046
1.8125 2.02171 0.0217056 0.0217046
1.84375 2.01817 0.0181705 0.0181703
1.84375 2.01817 0.0181705 0.0181703
1.875 2.0146 0.0146044 0.0146103
1.875 2.0146 0.0146044 0.0146103
1.90625 2.01107 0.0110693 0.0111097
1.90625 2.01107 0.0110693 0.0111097
1.9375 2.00776 0.00775989 0.00792403
1.9375 2.00776 0.00775989 0.00792403
1.96875 2.00512 0.00511839 0.00557365
1.96875 2.00512 0.00511839 0.00557365
2 2.00378 0.00377686 0.00469028
