# x y z topography
0 0 5000 0.000548813
250 0 5000 0.000602763
0 250 83892.4 78892.4
250 250 83892.4 78892.4
250 0 5000 0.000602763
500 0 5000 0.000423655
250 250 83892.4 78892.4
500 250 83892.4 78892.4
0 250 83892.4 78892.4
250 250 83892.4 78892.4
0 500 162785 157785
250 500 162785 157785
250 250 83892.4 78892.4
500 250 83892.4 78892.4
250 500 162785 157785
500 500 162785 157785
500 0 5000 0.000423655
750 0 5000 0.000437587
500 250 83892.4 78892.4
750 250 83892.4 78892.4
750 0 5000 0.000437587
1000 0 5000 0.000963663
750 250 83892.4 78892.4
1000 250 83892.4 78892.4
500 250 83892.4 78892.4
750 250 83892.4 78892.4
500 500 162785 157785
750 500 162785 157785
750 250 83892.4 78892.4
1000 250 83892.4 78892.4
750 500 162785 157785
1000 500 162785 157785
0 500 162785 157785
250 500 162785 157785
0 750 241677 236677
250 750 241677 236677
250 500 162785 157785
500 500 162785 157785
250 750 241677 236677
500 750 241677 236677
0 750 241677 236677
250 750 241677 236677
0 1000 320570 315570
250 1000 320570 315570
250 750 241677 236677
500 750 241677 236677
250 1000 320570 315570
500 1000 320570 315570
500 500 162785 157785
750 500 162785 157785
500 750 241677 236677
750 750 241677 236677
750 500 162785 157785
1000 500 162785 157785
750 750 241677 236677
1000 750 241677 236677
500 750 241677 236677
750 750 241677 236677
500 1000 320570 315570
750 1000 320570 315570
750 750 241677 236677
1000 750 241677 236677
750 1000 320570 315570
1000 1000 320570 315570
1000 0 5000 0.000963663
1250 0 5000 0.000791725
1000 250 83892.4 78892.4
1250 250 83892.4 78892.4
1250 0 5000 0.000791725
1500 0 5000 0.000568045
1250 250 83892.4 78892.4
1500 250 83892.4 78892.4
1000 250 83892.4 78892.4
1250 250 83892.4 78892.4
1000 500 162785 157785
1250 500 162785 157785
1250 250 83892.4 78892.4
1500 250 83892.4 78892.4
1250 500 162785 157785
1500 500 162785 157785
1500 0 5000 0.000568045
1750 0 5000 7.1036e-05
1500 250 83892.4 78892.4
1750 250 83892.4 78892.4
1750 0 5000 7.1036e-05
2000 0 5000 2.02184e-05
1750 250 83892.4 78892.4
2000 250 83892.4 78892.4
1500 250 83892.4 78892.4
1750 250 83892.4 78892.4
1500 500 162785 157785
1750 500 162785 157785
1750 250 83892.4 78892.4
2000 250 83892.4 78892.4
1750 500 162785 157785
2000 500 162785 157785
1000 500 162785 157785
1250 500 162785 157785
1000 750 241677 236677
1250 750 241677 236677
1250 500 162785 157785
1500 500 162785 157785
1250 750 241677 236677
1500 750 241677 236677
1000 750 241677 236677
1250 750 241677 236677
1000 1000 320570 315570
1250 1000 320570 315570
1250 750 241677 236677
1500 750 241677 236677
1250 1000 320570 315570
1500 1000 320570 315570
1500 500 162785 157785
1750 500 162785 157785
1500 750 241677 236677
1750 750 241677 236677
1750 500 162785 157785
2000 500 162785 157785
1750 750 241677 236677
2000 750 241677 236677
1500 750 241677 236677
1750 750 241677 236677
1500 1000 320570 315570
1750 1000 320570 315570
1750 750 241677 236677
2000 750 241677 236677
1750 1000 320570 315570
2000 1000 320570 315570
0 1000 320570 315570
250 1000 320570 315570
0 1250 399462 394462
250 1250 399462 394462
250 1000 320570 315570
500 1000 320570 315570
250 1250 399462 394462
500 1250 399462 394462
0 1250 399462 394462
250 1250 399462 394462
0 1500 478354 473354
250 1500 478354 473354
250 1250 399462 394462
500 1250 399462 394462
250 1500 478354 473354
500 1500 478354 473354
500 1000 320570 315570
750 1000 320570 315570
500 1250 399462 394462
750 1250 399462 394462
750 1000 320570 315570
1000 1000 320570 315570
750 1250 399462 394462
1000 1250 399462 394462
500 1250 399462 394462
750 1250 399462 394462
500 1500 478354 473354
750 1500 478354 473354
750 1250 399462 394462
1000 1250 399462 394462
750 1500 478354 473354
1000 1500 478354 473354
1000 1000 320570 315570
1250 1000 320570 315570
1000 1250 399462 394462
1250 1250 399462 394462
1250 1000 320570 315570
1500 1000 320570 315570
1250 1250 399462 394462
1500 1250 399462 394462
1000 1250 399462 394462
1250 1250 399462 394462
1000 1500 478354 473354
1250 1500 478354 473354
1250 1250 399462 394462
1500 1250 399462 394462
1250 1500 478354 473354
1500 1500 478354 473354
1500 1000 320570 315570
1750 1000 320570 315570
1500 1250 399462 394462
1750 1250 399462 394462
1750 1000 320570 315570
2000 1000 320570 315570
1750 1250 399462 394462
2000 1250 399462 394462
1500 1250 399462 394462
1750 1250 399462 394462
1500 1500 478354 473354
1750 1500 478354 473354
1750 1250 399462 394462
2000 1250 399462 394462
1750 1500 478354 473354
2000 1500 478354 473354
0 1500 478354 473354
250 1500 478354 473354
0 1750 557247 552247
250 1750 557247 552247
250 1500 478354 473354
500 1500 478354 473354
250 1750 557247 552247
500 1750 557247 552247
0 1750 557247 552247
250 1750 557247 552247
0 2000 636139 631139
250 2000 636139 631139
250 1750 557247 552247
500 1750 557247 552247
250 2000 636139 631139
500 2000 636139 631139
500 1500 478354 473354
750 1500 478354 473354
500 1750 557247 552247
750 1750 557247 552247
750 1500 478354 473354
1000 1500 478354 473354
750 1750 557247 552247
1000 1750 557247 552247
500 1750 557247 552247
750 1750 557247 552247
500 2000 636139 631139
750 2000 636139 631139
750 1750 557247 552247
1000 1750 557247 552247
750 2000 636139 631139
1000 2000 636139 631139
1000 1500 478354 473354
1250 1500 478354 473354
1000 1750 557247 552247
1250 1750 557247 552247
1250 1500 478354 473354
1500 1500 478354 473354
1250 1750 557247 552247
1500 1750 557247 552247
1000 1750 557247 552247
1250 1750 557247 552247
1000 2000 636139 631139
1250 2000 636139 631139
1250 1750 557247 552247
1500 1750 557247 552247
1250 2000 636139 631139
1500 2000 636139 631139
1500 1500 478354 473354
1750 1500 478354 473354
1500 1750 557247 552247
1750 1750 557247 552247
1750 1500 478354 473354
2000 1500 478354 473354
1750 1750 557247 552247
2000 1750 557247 552247
1500 1750 557247 552247
1750 1750 557247 552247
1500 2000 636139 631139
1750 2000 636139 631139
1750 1750 557247 552247
2000 1750 557247 552247
1750 2000 636139 631139
2000 2000 636139 631139
2000 0 5000 2.02184e-05
2250 0 5000 0.000778157
2000 250 83892.4 78892.4
2250 250 83892.4 78892.4
2250 0 5000 0.000778157
2500 0 5000 0.000978618
2250 250 83892.4 78892.4
2500 250 83892.4 78892.4
2000 250 83892.4 78892.4
2250 250 83892.4 78892.4
2000 500 162785 157785
2250 500 162785 157785
2250 250 83892.4 78892.4
2500 250 83892.4 78892.4
2250 500 162785 157785
2500 500 162785 157785
2500 0 5000 0.000978618
2750 0 5000 0.000461479
2500 250 83892.4 78892.4
2750 250 83892.4 78892.4
2750 0 5000 0.000461479
3000 0 5000 0.000118274
2750 250 83892.4 78892.4
3000 250 83892.4 78892.4
2500 250 83892.4 78892.4
2750 250 83892.4 78892.4
2500 500 162785 157785
2750 500 162785 157785
2750 250 83892.4 78892.4
3000 250 83892.4 78892.4
2750 500 162785 157785
3000 500 162785 157785
2000 500 162785 157785
2250 500 162785 157785
2000 750 241677 236677
2250 750 241677 236677
2250 500 162785 157785
2500 500 162785 157785
2250 750 241677 236677
2500 750 241677 236677
2000 750 241677 236677
2250 750 241677 236677
2000 1000 320570 315570
2250 1000 320570 315570
2250 750 241677 236677
2500 750 241677 236677
2250 1000 320570 315570
2500 1000 320570 315570
2500 500 162785 157785
2750 500 162785 157785
2500 750 241677 236677
2750 750 241677 236677
2750 500 162785 157785
3000 500 162785 157785
2750 750 241677 236677
3000 750 241677 236677
2500 750 241677 236677
2750 750 241677 236677
2500 1000 320570 315570
2750 1000 320570 315570
2750 750 241677 236677
3000 750 241677 236677
2750 1000 320570 315570
3000 1000 320570 315570
3000 0 5000 0.000118274
3250 0 5000 0.000143353
3000 250 83892.4 78892.4
3250 250 83892.4 78892.4
3250 0 5000 0.000143353
3500 0 5000 0.000521848
3250 250 83892.4 78892.4
3500 250 83892.4 78892.4
3000 250 83892.4 78892.4
3250 250 83892.4 78892.4
3000 500 162785 157785
3250 500 162785 157785
3250 250 83892.4 78892.4
3500 250 83892.4 78892.4
3250 500 162785 157785
3500 500 162785 157785
3500 0 5000 0.000521848
3750 0 5000 0.000264556
3500 250 83892.4 78892.4
3750 250 83892.4 78892.4
3750 0 5000 0.000264556
4000 0 5000 0.00045615
3750 250 83892.4 78892.4
4000 250 83892.4 78892.4
3500 250 83892.4 78892.4
3750 250 83892.4 78892.4
3500 500 162785 157785
3750 500 162785 157785
3750 250 83892.4 78892.4
4000 250 83892.4 78892.4
3750 500 162785 157785
4000 500 162785 157785
3000 500 162785 157785
3250 500 162785 157785
3000 750 241677 236677
3250 750 241677 236677
3250 500 162785 157785
3500 500 162785 157785
3250 750 241677 236677
3500 750 241677 236677
3000 750 241677 236677
3250 750 241677 236677
3000 1000 320570 315570
3250 1000 320570 315570
3250 750 241677 236677
3500 750 241677 236677
3250 1000 320570 315570
3500 1000 320570 315570
3500 500 162785 157785
3750 500 162785 157785
3500 750 241677 236677
3750 750 241677 236677
3750 500 162785 157785
4000 500 162785 157785
3750 750 241677 236677
4000 750 241677 236677
3500 750 241677 236677
3750 750 241677 236677
3500 1000 320570 315570
3750 1000 320570 315570
3750 750 241677 236677
4000 750 241677 236677
3750 1000 320570 315570
4000 1000 320570 315570
2000 1000 320570 315570
2250 1000 320570 315570
2000 1250 399462 394462
2250 1250 399462 394462
2250 1000 320570 315570
2500 1000 320570 315570
2250 1250 399462 394462
2500 1250 399462 394462
2000 1250 399462 394462
2250 1250 399462 394462
2000 1500 478354 473354
2250 1500 478354 473354
2250 1250 399462 394462
2500 1250 399462 394462
2250 1500 478354 473354
2500 1500 478354 473354
2500 1000 320570 315570
2750 1000 320570 315570
2500 1250 399462 394462
2750 1250 399462 394462
2750 1000 320570 315570
3000 1000 320570 315570
2750 1250 399462 394462
3000 1250 399462 394462
2500 1250 399462 394462
2750 1250 399462 394462
2500 1500 478354 473354
2750 1500 478354 473354
2750 1250 399462 394462
3000 1250 399462 394462
2750 1500 478354 473354
3000 1500 478354 473354
3000 1000 320570 315570
3250 1000 320570 315570
3000 1250 399462 394462
3250 1250 399462 394462
3250 1000 320570 315570
3500 1000 320570 315570
3250 1250 399462 394462
3500 1250 399462 394462
3000 1250 399462 394462
3250 1250 399462 394462
3000 1500 478354 473354
3250 1500 478354 473354
3250 1250 399462 394462
3500 1250 399462 394462
3250 1500 478354 473354
3500 1500 478354 473354
3500 1000 320570 315570
3750 1000 320570 315570
3500 1250 399462 394462
3750 1250 399462 394462
3750 1000 320570 315570
4000 1000 320570 315570
3750 1250 399462 394462
4000 1250 399462 394462
3500 1250 399462 394462
3750 1250 399462 394462
3500 1500 478354 473354
3750 1500 478354 473354
3750 1250 399462 394462
4000 1250 399462 394462
3750 1500 478354 473354
4000 1500 478354 473354
2000 1500 478354 473354
2250 1500 478354 473354
2000 1750 557247 552247
2250 1750 557247 552247
2250 1500 478354 473354
2500 1500 478354 473354
2250 1750 557247 552247
2500 1750 557247 552247
2000 1750 557247 552247
2250 1750 557247 552247
2000 2000 636139 631139
2250 2000 636139 631139
2250 1750 557247 552247
2500 1750 557247 552247
2250 2000 636139 631139
2500 2000 636139 631139
2500 1500 478354 473354
2750 1500 478354 473354
2500 1750 557247 552247
2750 1750 557247 552247
2750 1500 478354 473354
3000 1500 478354 473354
2750 1750 557247 552247
3000 1750 557247 552247
2500 1750 557247 552247
2750 1750 557247 552247
2500 2000 636139 631139
2750 2000 636139 631139
2750 1750 557247 552247
3000 1750 557247 552247
2750 2000 636139 631139
3000 2000 636139 631139
3000 1500 478354 473354
3250 1500 478354 473354
3000 1750 557247 552247
3250 1750 557247 552247
3250 1500 478354 473354
3500 1500 478354 473354
3250 1750 557247 552247
3500 1750 557247 552247
3000 1750 557247 552247
3250 1750 557247 552247
3000 2000 636139 631139
3250 2000 636139 631139
3250 1750 557247 552247
3500 1750 557247 552247
3250 2000 636139 631139
3500 2000 636139 631139
3500 1500 478354 473354
3750 1500 478354 473354
3500 1750 557247 552247
3750 1750 557247 552247
3750 1500 478354 473354
4000 1500 478354 473354
3750 1750 557247 552247
4000 1750 557247 552247
3500 1750 557247 552247
3750 1750 557247 552247
3500 2000 636139 631139
3750 2000 636139 631139
3750 1750 557247 552247
4000 1750 557247 552247
3750 2000 636139 631139
4000 2000 636139 631139
0 2000 636139 631139
250 2000 636139 631139
0 2250 715031 710031
250 2250 715031 710031
250 2000 636139 631139
500 2000 636139 631139
250 2250 715031 710031
500 2250 715031 710031
0 2250 715031 710031
250 2250 715031 710031
0 2500 793924 788924
250 2500 793924 788924
250 2250 715031 710031
500 2250 715031 710031
250 2500 793924 788924
500 2500 793924 788924
500 2000 636139 631139
750 2000 636139 631139
500 2250 715031 710031
750 2250 715031 710031
750 2000 636139 631139
1000 2000 636139 631139
750 2250 715031 710031
1000 2250 715031 710031
500 2250 715031 710031
750 2250 715031 710031
500 2500 793924 788924
750 2500 793924 788924
750 2250 715031 710031
1000 2250 715031 710031
750 2500 793924 788924
1000 2500 793924 788924
0 2500 793924 788924
250 2500 793924 788924
0 2750 872816 867816
250 2750 872816 867816
250 2500 793924 788924
500 2500 793924 788924
250 2750 872816 867816
500 2750 872816 867816
0 2750 872816 867816
250 2750 872816 867816
0 3000 951709 946709
250 3000 951709 946709
250 2750 872816 867816
500 2750 872816 867816
250 3000 951709 946709
500 3000 951709 946709
500 2500 793924 788924
750 2500 793924 788924
500 2750 872816 867816
750 2750 872816 867816
750 2500 793924 788924
1000 2500 793924 788924
750 2750 872816 867816
1000 2750 872816 867816
500 2750 872816 867816
750 2750 872816 867816
500 3000 951709 946709
750 3000 951709 946709
750 2750 872816 867816
1000 2750 872816 867816
750 3000 951709 946709
1000 3000 951709 946709
1000 2000 636139 631139
1250 2000 636139 631139
1000 2250 715031 710031
1250 2250 715031 710031
1250 2000 636139 631139
1500 2000 636139 631139
1250 2250 715031 710031
1500 2250 715031 710031
1000 2250 715031 710031
1250 2250 715031 710031
1000 2500 793924 788924
1250 2500 793924 788924
1250 2250 715031 710031
1500 2250 715031 710031
1250 2500 793924 788924
1500 2500 793924 788924
1500 2000 636139 631139
1750 2000 636139 631139
1500 2250 715031 710031
1750 2250 715031 710031
1750 2000 636139 631139
2000 2000 636139 631139
1750 2250 715031 710031
2000 2250 715031 710031
1500 2250 715031 710031
1750 2250 715031 710031
1500 2500 793924 788924
1750 2500 793924 788924
1750 2250 715031 710031
2000 2250 715031 710031
1750 2500 793924 788924
2000 2500 793924 788924
1000 2500 793924 788924
1250 2500 793924 788924
1000 2750 872816 867816
1250 2750 872816 867816
1250 2500 793924 788924
1500 2500 793924 788924
1250 2750 872816 867816
1500 2750 872816 867816
1000 2750 872816 867816
1250 2750 872816 867816
1000 3000 951709 946709
1250 3000 951709 946709
1250 2750 872816 867816
1500 2750 872816 867816
1250 3000 951709 946709
1500 3000 951709 946709
1500 2500 793924 788924
1750 2500 793924 788924
1500 2750 872816 867816
1750 2750 872816 867816
1750 2500 793924 788924
2000 2500 793924 788924
1750 2750 872816 867816
2000 2750 872816 867816
1500 2750 872816 867816
1750 2750 872816 867816
1500 3000 951709 946709
1750 3000 951709 946709
1750 2750 872816 867816
2000 2750 872816 867816
1750 3000 951709 946709
2000 3000 951709 946709
0 3000 951709 946709
250 3000 951709 946709
0 3250 1.0306e+06 1.0256e+06
250 3250 1.0306e+06 1.0256e+06
250 3000 951709 946709
500 3000 951709 946709
250 3250 1.0306e+06 1.0256e+06
500 3250 1.0306e+06 1.0256e+06
0 3250 1.0306e+06 1.0256e+06
250 3250 1.0306e+06 1.0256e+06
0 3500 1.10949e+06 1.10449e+06
250 3500 1.10949e+06 1.10449e+06
250 3250 1.0306e+06 1.0256e+06
500 3250 1.0306e+06 1.0256e+06
250 3500 1.10949e+06 1.10449e+06
500 3500 1.10949e+06 1.10449e+06
500 3000 951709 946709
750 3000 951709 946709
500 3250 1.0306e+06 1.0256e+06
750 3250 1.0306e+06 1.0256e+06
750 3000 951709 946709
1000 3000 951709 946709
750 3250 1.0306e+06 1.0256e+06
1000 3250 1.0306e+06 1.0256e+06
500 3250 1.0306e+06 1.0256e+06
750 3250 1.0306e+06 1.0256e+06
500 3500 1.10949e+06 1.10449e+06
750 3500 1.10949e+06 1.10449e+06
750 3250 1.0306e+06 1.0256e+06
1000 3250 1.0306e+06 1.0256e+06
750 3500 1.10949e+06 1.10449e+06
1000 3500 1.10949e+06 1.10449e+06
1000 3000 951709 946709
1250 3000 951709 946709
1000 3250 1.0306e+06 1.0256e+06
1250 3250 1.0306e+06 1.0256e+06
1250 3000 951709 946709
1500 3000 951709 946709
1250 3250 1.0306e+06 1.0256e+06
1500 3250 1.0306e+06 1.0256e+06
1000 3250 1.0306e+06 1.0256e+06
1250 3250 1.0306e+06 1.0256e+06
1000 3500 1.10949e+06 1.10449e+06
1250 3500 1.10949e+06 1.10449e+06
1250 3250 1.0306e+06 1.0256e+06
1500 3250 1.0306e+06 1.0256e+06
1250 3500 1.10949e+06 1.10449e+06
1500 3500 1.10949e+06 1.10449e+06
1500 3000 951709 946709
1750 3000 951709 946709
1500 3250 1.0306e+06 1.0256e+06
1750 3250 1.0306e+06 1.0256e+06
1750 3000 951709 946709
2000 3000 951709 946709
1750 3250 1.0306e+06 1.0256e+06
2000 3250 1.0306e+06 1.0256e+06
1500 3250 1.0306e+06 1.0256e+06
1750 3250 1.0306e+06 1.0256e+06
1500 3500 1.10949e+06 1.10449e+06
1750 3500 1.10949e+06 1.10449e+06
1750 3250 1.0306e+06 1.0256e+06
2000 3250 1.0306e+06 1.0256e+06
1750 3500 1.10949e+06 1.10449e+06
2000 3500 1.10949e+06 1.10449e+06
0 3500 1.10949e+06 1.10449e+06
250 3500 1.10949e+06 1.10449e+06
0 3750 1.18839e+06 1.18339e+06
250 3750 1.18839e+06 1.18339e+06
250 3500 1.10949e+06 1.10449e+06
500 3500 1.10949e+06 1.10449e+06
250 3750 1.18839e+06 1.18339e+06
500 3750 1.18839e+06 1.18339e+06
0 3750 1.18839e+06 1.18339e+06
250 3750 1.18839e+06 1.18339e+06
0 4000 1.26728e+06 1.26228e+06
250 4000 1.26728e+06 1.26228e+06
250 3750 1.18839e+06 1.18339e+06
500 3750 1.18839e+06 1.18339e+06
250 4000 1.26728e+06 1.26228e+06
500 4000 1.26728e+06 1.26228e+06
500 3500 1.10949e+06 1.10449e+06
750 3500 1.10949e+06 1.10449e+06
500 3750 1.18839e+06 1.18339e+06
750 3750 1.18839e+06 1.18339e+06
750 3500 1.10949e+06 1.10449e+06
1000 3500 1.10949e+06 1.10449e+06
750 3750 1.18839e+06 1.18339e+06
1000 3750 1.18839e+06 1.18339e+06
500 3750 1.18839e+06 1.18339e+06
750 3750 1.18839e+06 1.18339e+06
500 4000 1.26728e+06 1.26228e+06
750 4000 1.26728e+06 1.26228e+06
750 3750 1.18839e+06 1.18339e+06
1000 3750 1.18839e+06 1.18339e+06
750 4000 1.26728e+06 1.26228e+06
1000 4000 1.26728e+06 1.26228e+06
1000 3500 1.10949e+06 1.10449e+06
1250 3500 1.10949e+06 1.10449e+06
1000 3750 1.18839e+06 1.18339e+06
1250 3750 1.18839e+06 1.18339e+06
1250 3500 1.10949e+06 1.10449e+06
1500 3500 1.10949e+06 1.10449e+06
1250 3750 1.18839e+06 1.18339e+06
1500 3750 1.18839e+06 1.18339e+06
1000 3750 1.18839e+06 1.18339e+06
1250 3750 1.18839e+06 1.18339e+06
1000 4000 1.26728e+06 1.26228e+06
1250 4000 1.26728e+06 1.26228e+06
1250 3750 1.18839e+06 1.18339e+06
1500 3750 1.18839e+06 1.18339e+06
1250 4000 1.26728e+06 1.26228e+06
1500 4000 1.26728e+06 1.26228e+06
1500 3500 1.10949e+06 1.10449e+06
1750 3500 1.10949e+06 1.10449e+06
1500 3750 1.18839e+06 1.18339e+06
1750 3750 1.18839e+06 1.18339e+06
1750 3500 1.10949e+06 1.10449e+06
2000 3500 1.10949e+06 1.10449e+06
1750 3750 1.18839e+06 1.18339e+06
2000 3750 1.18839e+06 1.18339e+06
1500 3750 1.18839e+06 1.18339e+06
1750 3750 1.18839e+06 1.18339e+06
1500 4000 1.26728e+06 1.26228e+06
1750 4000 1.26728e+06 1.26228e+06
1750 3750 1.18839e+06 1.18339e+06
2000 3750 1.18839e+06 1.18339e+06
1750 4000 1.26728e+06 1.26228e+06
2000 4000 1.26728e+06 1.26228e+06
2000 2000 636139 631139
2250 2000 636139 631139
2000 2250 715031 710031
2250 2250 715031 710031
2250 2000 636139 631139
2500 2000 636139 631139
2250 2250 715031 710031
2500 2250 715031 710031
2000 2250 715031 710031
2250 2250 715031 710031
2000 2500 793924 788924
2250 2500 793924 788924
2250 2250 715031 710031
2500 2250 715031 710031
2250 2500 793924 788924
2500 2500 793924 788924
2500 2000 636139 631139
2750 2000 636139 631139
2500 2250 715031 710031
2750 2250 715031 710031
2750 2000 636139 631139
3000 2000 636139 631139
2750 2250 715031 710031
3000 2250 715031 710031
2500 2250 715031 710031
2750 2250 715031 710031
2500 2500 793924 788924
2750 2500 793924 788924
2750 2250 715031 710031
3000 2250 715031 710031
2750 2500 793924 788924
3000 2500 793924 788924
2000 2500 793924 788924
2250 2500 793924 788924
2000 2750 872816 867816
2250 2750 872816 867816
2250 2500 793924 788924
2500 2500 793924 788924
2250 2750 872816 867816
2500 2750 872816 867816
2000 2750 872816 867816
2250 2750 872816 867816
2000 3000 951709 946709
2250 3000 951709 946709
2250 2750 872816 867816
2500 2750 872816 867816
2250 3000 951709 946709
2500 3000 951709 946709
2500 2500 793924 788924
2750 2500 793924 788924
2500 2750 872816 867816
2750 2750 872816 867816
2750 2500 793924 788924
3000 2500 793924 788924
2750 2750 872816 867816
3000 2750 872816 867816
2500 2750 872816 867816
2750 2750 872816 867816
2500 3000 951709 946709
2750 3000 951709 946709
2750 2750 872816 867816
3000 2750 872816 867816
2750 3000 951709 946709
3000 3000 951709 946709
3000 2000 636139 631139
3250 2000 636139 631139
3000 2250 715031 710031
3250 2250 715031 710031
3250 2000 636139 631139
3500 2000 636139 631139
3250 2250 715031 710031
3500 2250 715031 710031
3000 2250 715031 710031
3250 2250 715031 710031
3000 2500 793924 788924
3250 2500 793924 788924
3250 2250 715031 710031
3500 2250 715031 710031
3250 2500 793924 788924
3500 2500 793924 788924
3500 2000 636139 631139
3750 2000 636139 631139
3500 2250 715031 710031
3750 2250 715031 710031
3750 2000 636139 631139
4000 2000 636139 631139
3750 2250 715031 710031
4000 2250 715031 710031
3500 2250 715031 710031
3750 2250 715031 710031
3500 2500 793924 788924
3750 2500 793924 788924
3750 2250 715031 710031
4000 2250 715031 710031
3750 2500 793924 788924
4000 2500 793924 788924
3000 2500 793924 788924
3250 2500 793924 788924
3000 2750 872816 867816
3250 2750 872816 867816
3250 2500 793924 788924
3500 2500 793924 788924
3250 2750 872816 867816
3500 2750 872816 867816
3000 2750 872816 867816
3250 2750 872816 867816
3000 3000 951709 946709
3250 3000 951709 946709
3250 2750 872816 867816
3500 2750 872816 867816
3250 3000 951709 946709
3500 3000 951709 946709
3500 2500 793924 788924
3750 2500 793924 788924
3500 2750 872816 867816
3750 2750 872816 867816
3750 2500 793924 788924
4000 2500 793924 788924
3750 2750 872816 867816
4000 2750 872816 867816
3500 2750 872816 867816
3750 2750 872816 867816
3500 3000 951709 946709
3750 3000 951709 946709
3750 2750 872816 867816
4000 2750 872816 867816
3750 3000 951709 946709
4000 3000 951709 946709
2000 3000 951709 946709
2250 3000 951709 946709
2000 3250 1.0306e+06 1.0256e+06
2250 3250 1.0306e+06 1.0256e+06
2250 3000 951709 946709
2500 3000 951709 946709
2250 3250 1.0306e+06 1.0256e+06
2500 3250 1.0306e+06 1.0256e+06
2000 3250 1.0306e+06 1.0256e+06
2250 3250 1.0306e+06 1.0256e+06
2000 3500 1.10949e+06 1.10449e+06
2250 3500 1.10949e+06 1.10449e+06
2250 3250 1.0306e+06 1.0256e+06
2500 3250 1.0306e+06 1.0256e+06
2250 3500 1.10949e+06 1.10449e+06
2500 3500 1.10949e+06 1.10449e+06
2500 3000 951709 946709
2750 3000 951709 946709
2500 3250 1.0306e+06 1.0256e+06
2750 3250 1.0306e+06 1.0256e+06
2750 3000 951709 946709
3000 3000 951709 946709
2750 3250 1.0306e+06 1.0256e+06
3000 3250 1.0306e+06 1.0256e+06
2500 3250 1.0306e+06 1.0256e+06
2750 3250 1.0306e+06 1.0256e+06
2500 3500 1.10949e+06 1.10449e+06
2750 3500 1.10949e+06 1.10449e+06
2750 3250 1.0306e+06 1.0256e+06
3000 3250 1.0306e+06 1.0256e+06
2750 3500 1.10949e+06 1.10449e+06
3000 3500 1.10949e+06 1.10449e+06
3000 3000 951709 946709
3250 3000 951709 946709
3000 3250 1.0306e+06 1.0256e+06
3250 3250 1.0306e+06 1.0256e+06
3250 3000 951709 946709
3500 3000 951709 946709
3250 3250 1.0306e+06 1.0256e+06
3500 3250 1.0306e+06 1.0256e+06
3000 3250 1.0306e+06 1.0256e+06
3250 3250 1.0306e+06 1.0256e+06
3000 3500 1.10949e+06 1.10449e+06
3250 3500 1.10949e+06 1.10449e+06
3250 3250 1.0306e+06 1.0256e+06
3500 3250 1.0306e+06 1.0256e+06
3250 3500 1.10949e+06 1.10449e+06
3500 3500 1.10949e+06 1.10449e+06
3500 3000 951709 946709
3750 3000 951709 946709
3500 3250 1.0306e+06 1.0256e+06
3750 3250 1.0306e+06 1.0256e+06
3750 3000 951709 946709
4000 3000 951709 946709
3750 3250 1.0306e+06 1.0256e+06
4000 3250 1.0306e+06 1.0256e+06
3500 3250 1.0306e+06 1.0256e+06
3750 3250 1.0306e+06 1.0256e+06
3500 3500 1.10949e+06 1.10449e+06
3750 3500 1.10949e+06 1.10449e+06
3750 3250 1.0306e+06 1.0256e+06
4000 3250 1.0306e+06 1.0256e+06
3750 3500 1.10949e+06 1.10449e+06
4000 3500 1.10949e+06 1.10449e+06
2000 3500 1.10949e+06 1.10449e+06
2250 3500 1.10949e+06 1.10449e+06
2000 3750 1.18839e+06 1.18339e+06
2250 3750 1.18839e+06 1.18339e+06
2250 3500 1.10949e+06 1.10449e+06
2500 3500 1.10949e+06 1.10449e+06
2250 3750 1.18839e+06 1.18339e+06
2500 3750 1.18839e+06 1.18339e+06
2000 3750 1.18839e+06 1.18339e+06
2250 3750 1.18839e+06 1.18339e+06
2000 4000 1.26728e+06 1.26228e+06
2250 4000 1.26728e+06 1.26228e+06
2250 3750 1.18839e+06 1.18339e+06
2500 3750 1.18839e+06 1.18339e+06
2250 4000 1.26728e+06 1.26228e+06
2500 4000 1.26728e+06 1.26228e+06
2500 3500 1.10949e+06 1.10449e+06
2750 3500 1.10949e+06 1.10449e+06
2500 3750 1.18839e+06 1.18339e+06
2750 3750 1.18839e+06 1.18339e+06
2750 3500 1.10949e+06 1.10449e+06
3000 3500 1.10949e+06 1.10449e+06
2750 3750 1.18839e+06 1.18339e+06
3000 3750 1.18839e+06 1.18339e+06
2500 3750 1.18839e+06 1.18339e+06
2750 3750 1.18839e+06 1.18339e+06
2500 4000 1.26728e+06 1.26228e+06
2750 4000 1.26728e+06 1.26228e+06
2750 3750 1.18839e+06 1.18339e+06
3000 3750 1.18839e+06 1.18339e+06
2750 4000 1.26728e+06 1.26228e+06
3000 4000 1.26728e+06 1.26228e+06
3000 3500 1.10949e+06 1.10449e+06
3250 3500 1.10949e+06 1.10449e+06
3000 3750 1.18839e+06 1.18339e+06
3250 3750 1.18839e+06 1.18339e+06
3250 3500 1.10949e+06 1.10449e+06
3500 3500 1.10949e+06 1.10449e+06
3250 3750 1.18839e+06 1.18339e+06
3500 3750 1.18839e+06 1.18339e+06
3000 3750 1.18839e+06 1.18339e+06
3250 3750 1.18839e+06 1.18339e+06
3000 4000 1.26728e+06 1.26228e+06
3250 4000 1.26728e+06 1.26228e+06
3250 3750 1.18839e+06 1.18339e+06
3500 3750 1.18839e+06 1.18339e+06
3250 4000 1.26728e+06 1.26228e+06
3500 4000 1.26728e+06 1.26228e+06
3500 3500 1.10949e+06 1.10449e+06
3750 3500 1.10949e+06 1.10449e+06
3500 3750 1.18839e+06 1.18339e+06
3750 3750 1.18839e+06 1.18339e+06
3750 3500 1.10949e+06 1.10449e+06
4000 3500 1.10949e+06 1.10449e+06
3750 3750 1.18839e+06 1.18339e+06
4000 3750 1.18839e+06 1.18339e+06
3500 3750 1.18839e+06 1.18339e+06
3750 3750 1.18839e+06 1.18339e+06
3500 4000 1.26728e+06 1.26228e+06
3750 4000 1.26728e+06 1.26228e+06
3750 3750 1.18839e+06 1.18339e+06
4000 3750 1.18839e+06 1.18339e+06
3750 4000 1.26728e+06 1.26228e+06
4000 4000 1.26728e+06 1.26228e+06
4000 0 5000 0.00045615
4250 0 5000 1.87898e-05
4000 250 83892.4 78892.4
4250 250 83892.4 78892.4
4250 0 5000 1.87898e-05
4500 0 5000 0.000612096
4250 250 83892.4 78892.4
4500 250 83892.4 78892.4
4000 250 83892.4 78892.4
4250 250 83892.4 78892.4
4000 500 162785 157785
4250 500 162785 157785
4250 250 83892.4 78892.4
4500 250 83892.4 78892.4
4250 500 162785 157785
4500 500 162785 157785
4500 0 5000 0.000612096
4750 0 5000 0.000943748
4500 250 83892.4 78892.4
4750 250 83892.4 78892.4
4750 0 5000 0.000943748
5000 0 5000 0.000359508
4750 250 83892.4 78892.4
5000 250 83892.4 78892.4
4500 250 83892.4 78892.4
4750 250 83892.4 78892.4
4500 500 162785 157785
4750 500 162785 157785
4750 250 83892.4 78892.4
5000 250 83892.4 78892.4
4750 500 162785 157785
5000 500 162785 157785
4000 500 162785 157785
4250 500 162785 157785
4000 750 241677 236677
4250 750 241677 236677
4250 500 162785 157785
4500 500 162785 157785
4250 750 241677 236677
4500 750 241677 236677
4000 750 241677 236677
4250 750 241677 236677
4000 1000 320570 315570
4250 1000 320570 315570
4250 750 241677 236677
4500 750 241677 236677
4250 1000 320570 315570
4500 1000 320570 315570
4500 500 162785 157785
4750 500 162785 157785
4500 750 241677 236677
4750 750 241677 236677
4750 500 162785 157785
5000 500 162785 157785
4750 750 241677 236677
5000 750 241677 236677
4500 750 241677 236677
4750 750 241677 236677
4500 1000 320570 315570
4750 1000 320570 315570
4750 750 241677 236677
5000 750 241677 236677
4750 1000 320570 315570
5000 1000 320570 315570
4000 1000 320570 315570
4250 1000 320570 315570
4000 1250 399462 394462
4250 1250 399462 394462
4250 1000 320570 315570
4500 1000 320570 315570
4250 1250 399462 394462
4500 1250 399462 394462
4000 1250 399462 394462
4250 1250 399462 394462
4000 1500 478354 473354
4250 1500 478354 473354
4250 1250 399462 394462
4500 1250 399462 394462
4250 1500 478354 473354
4500 1500 478354 473354
4500 1000 320570 315570
4750 1000 320570 315570
4500 1250 399462 394462
4750 1250 399462 394462
4750 1000 320570 315570
5000 1000 320570 315570
4750 1250 399462 394462
5000 1250 399462 394462
4500 1250 399462 394462
4750 1250 399462 394462
4500 1500 478354 473354
4750 1500 478354 473354
4750 1250 399462 394462
5000 1250 399462 394462
4750 1500 478354 473354
5000 1500 478354 473354
4000 1500 478354 473354
4250 1500 478354 473354
4000 1750 557247 552247
4250 1750 557247 552247
4250 1500 478354 473354
4500 1500 478354 473354
4250 1750 557247 552247
4500 1750 557247 552247
4000 1750 557247 552247
4250 1750 557247 552247
4000 2000 636139 631139
4250 2000 636139 631139
4250 1750 557247 552247
4500 1750 557247 552247
4250 2000 636139 631139
4500 2000 636139 631139
4500 1500 478354 473354
4750 1500 478354 473354
4500 1750 557247 552247
4750 1750 557247 552247
4750 1500 478354 473354
5000 1500 478354 473354
4750 1750 557247 552247
5000 1750 557247 552247
4500 1750 557247 552247
4750 1750 557247 552247
4500 2000 636139 631139
4750 2000 636139 631139
4750 1750 557247 552247
5000 1750 557247 552247
4750 2000 636139 631139
5000 2000 636139 631139
4000 2000 636139 631139
4250 2000 636139 631139
4000 2250 715031 710031
4250 2250 715031 710031
4250 2000 636139 631139
4500 2000 636139 631139
4250 2250 715031 710031
4500 2250 715031 710031
4000 2250 715031 710031
4250 2250 715031 710031
4000 2500 793924 788924
4250 2500 793924 788924
4250 2250 715031 710031
4500 2250 715031 710031
4250 2500 793924 788924
4500 2500 793924 788924
4500 2000 636139 631139
4750 2000 636139 631139
4500 2250 715031 710031
4750 2250 715031 710031
4750 2000 636139 631139
5000 2000 636139 631139
4750 2250 715031 710031
5000 2250 715031 710031
4500 2250 715031 710031
4750 2250 715031 710031
4500 2500 793924 788924
4750 2500 793924 788924
4750 2250 715031 710031
5000 2250 715031 710031
4750 2500 793924 788924
5000 2500 793924 788924
4000 2500 793924 788924
4250 2500 793924 788924
4000 2750 872816 867816
4250 2750 872816 867816
4250 2500 793924 788924
4500 2500 793924 788924
4250 2750 872816 867816
4500 2750 872816 867816
4000 2750 872816 867816
4250 2750 872816 867816
4000 3000 951709 946709
4250 3000 951709 946709
4250 2750 872816 867816
4500 2750 872816 867816
4250 3000 951709 946709
4500 3000 951709 946709
4500 2500 793924 788924
4750 2500 793924 788924
4500 2750 872816 867816
4750 2750 872816 867816
4750 2500 793924 788924
5000 2500 793924 788924
4750 2750 872816 867816
5000 2750 872816 867816
4500 2750 872816 867816
4750 2750 872816 867816
4500 3000 951709 946709
4750 3000 951709 946709
4750 2750 872816 867816
5000 2750 872816 867816
4750 3000 951709 946709
5000 3000 951709 946709
4000 3000 951709 946709
4250 3000 951709 946709
4000 3250 1.0306e+06 1.0256e+06
4250 3250 1.0306e+06 1.0256e+06
4250 3000 951709 946709
4500 3000 951709 946709
4250 3250 1.0306e+06 1.0256e+06
4500 3250 1.0306e+06 1.0256e+06
4000 3250 1.0306e+06 1.0256e+06
4250 3250 1.0306e+06 1.0256e+06
4000 3500 1.10949e+06 1.10449e+06
4250 3500 1.10949e+06 1.10449e+06
4250 3250 1.0306e+06 1.0256e+06
4500 3250 1.0306e+06 1.0256e+06
4250 3500 1.10949e+06 1.10449e+06
4500 3500 1.10949e+06 1.10449e+06
4500 3000 951709 946709
4750 3000 951709 946709
4500 3250 1.0306e+06 1.0256e+06
4750 3250 1.0306e+06 1.0256e+06
4750 3000 951709 946709
5000 3000 951709 946709
4750 3250 1.0306e+06 1.0256e+06
5000 3250 1.0306e+06 1.0256e+06
4500 3250 1.0306e+06 1.0256e+06
4750 3250 1.0306e+06 1.0256e+06
4500 3500 1.10949e+06 1.10449e+06
4750 3500 1.10949e+06 1.10449e+06
4750 3250 1.0306e+06 1.0256e+06
5000 3250 1.0306e+06 1.0256e+06
4750 3500 1.10949e+06 1.10449e+06
5000 3500 1.10949e+06 1.10449e+06
4000 3500 1.10949e+06 1.10449e+06
4250 3500 1.10949e+06 1.10449e+06
4000 3750 1.18839e+06 1.18339e+06
4250 3750 1.18839e+06 1.18339e+06
4250 3500 1.10949e+06 1.10449e+06
4500 3500 1.10949e+06 1.10449e+06
4250 3750 1.18839e+06 1.18339e+06
4500 3750 1.18839e+06 1.18339e+06
4000 3750 1.18839e+06 1.18339e+06
4250 3750 1.18839e+06 1.18339e+06
4000 4000 1.26728e+06 1.26228e+06
4250 4000 1.26728e+06 1.26228e+06
4250 3750 1.18839e+06 1.18339e+06
4500 3750 1.18839e+06 1.18339e+06
4250 4000 1.26728e+06 1.26228e+06
4500 4000 1.26728e+06 1.26228e+06
4500 3500 1.10949e+06 1.10449e+06
4750 3500 1.10949e+06 1.10449e+06
4500 3750 1.18839e+06 1.18339e+06
4750 3750 1.18839e+06 1.18339e+06
4750 3500 1.10949e+06 1.10449e+06
5000 3500 1.10949e+06 1.10449e+06
4750 3750 1.18839e+06 1.18339e+06
5000 3750 1.18839e+06 1.18339e+06
4500 3750 1.18839e+06 1.18339e+06
4750 3750 1.18839e+06 1.18339e+06
4500 4000 1.26728e+06 1.26228e+06
4750 4000 1.26728e+06 1.26228e+06
4750 3750 1.18839e+06 1.18339e+06
5000 3750 1.18839e+06 1.18339e+06
4750 4000 1.26728e+06 1.26228e+06
5000 4000 1.26728e+06 1.26228e+06
0 4000 1.26728e+06 1.26228e+06
250 4000 1.26728e+06 1.26228e+06
0 4250 1.34617e+06 1.34117e+06
250 4250 1.34617e+06 1.34117e+06
250 4000 1.26728e+06 1.26228e+06
500 4000 1.26728e+06 1.26228e+06
250 4250 1.34617e+06 1.34117e+06
500 4250 1.34617e+06 1.34117e+06
0 4250 1.34617e+06 1.34117e+06
250 4250 1.34617e+06 1.34117e+06
0 4500 1.42506e+06 1.42006e+06
250 4500 1.42506e+06 1.42006e+06
250 4250 1.34617e+06 1.34117e+06
500 4250 1.34617e+06 1.34117e+06
250 4500 1.42506e+06 1.42006e+06
500 4500 1.42506e+06 1.42006e+06
500 4000 1.26728e+06 1.26228e+06
750 4000 1.26728e+06 1.26228e+06
500 4250 1.34617e+06 1.34117e+06
750 4250 1.34617e+06 1.34117e+06
750 4000 1.26728e+06 1.26228e+06
1000 4000 1.26728e+06 1.26228e+06
750 4250 1.34617e+06 1.34117e+06
1000 4250 1.34617e+06 1.34117e+06
500 4250 1.34617e+06 1.34117e+06
750 4250 1.34617e+06 1.34117e+06
500 4500 1.42506e+06 1.42006e+06
750 4500 1.42506e+06 1.42006e+06
750 4250 1.34617e+06 1.34117e+06
1000 4250 1.34617e+06 1.34117e+06
750 4500 1.42506e+06 1.42006e+06
1000 4500 1.42506e+06 1.42006e+06
1000 4000 1.26728e+06 1.26228e+06
1250 4000 1.26728e+06 1.26228e+06
1000 4250 1.34617e+06 1.34117e+06
1250 4250 1.34617e+06 1.34117e+06
1250 4000 1.26728e+06 1.26228e+06
1500 4000 1.26728e+06 1.26228e+06
1250 4250 1.34617e+06 1.34117e+06
1500 4250 1.34617e+06 1.34117e+06
1000 4250 1.34617e+06 1.34117e+06
1250 4250 1.34617e+06 1.34117e+06
1000 4500 1.42506e+06 1.42006e+06
1250 4500 1.42506e+06 1.42006e+06
1250 4250 1.34617e+06 1.34117e+06
1500 4250 1.34617e+06 1.34117e+06
1250 4500 1.42506e+06 1.42006e+06
1500 4500 1.42506e+06 1.42006e+06
1500 4000 1.26728e+06 1.26228e+06
1750 4000 1.26728e+06 1.26228e+06
1500 4250 1.34617e+06 1.34117e+06
1750 4250 1.34617e+06 1.34117e+06
1750 4000 1.26728e+06 1.26228e+06
2000 4000 1.26728e+06 1.26228e+06
1750 4250 1.34617e+06 1.34117e+06
2000 4250 1.34617e+06 1.34117e+06
1500 4250 1.34617e+06 1.34117e+06
1750 4250 1.34617e+06 1.34117e+06
1500 4500 1.42506e+06 1.42006e+06
1750 4500 1.42506e+06 1.42006e+06
1750 4250 1.34617e+06 1.34117e+06
2000 4250 1.34617e+06 1.34117e+06
1750 4500 1.42506e+06 1.42006e+06
2000 4500 1.42506e+06 1.42006e+06
0 4500 1.42506e+06 1.42006e+06
250 4500 1.42506e+06 1.42006e+06
0 4750 1.50396e+06 1.49896e+06
250 4750 1.50396e+06 1.49896e+06
250 4500 1.42506e+06 1.42006e+06
500 4500 1.42506e+06 1.42006e+06
250 4750 1.50396e+06 1.49896e+06
500 4750 1.50396e+06 1.49896e+06
0 4750 1.50396e+06 1.49896e+06
250 4750 1.50396e+06 1.49896e+06
0 5000 1.58285e+06 1.57785e+06
250 5000 1.58285e+06 1.57785e+06
250 4750 1.50396e+06 1.49896e+06
500 4750 1.50396e+06 1.49896e+06
250 5000 1.58285e+06 1.57785e+06
500 5000 1.58285e+06 1.57785e+06
500 4500 1.42506e+06 1.42006e+06
750 4500 1.42506e+06 1.42006e+06
500 4750 1.50396e+06 1.49896e+06
750 4750 1.50396e+06 1.49896e+06
750 4500 1.42506e+06 1.42006e+06
1000 4500 1.42506e+06 1.42006e+06
750 4750 1.50396e+06 1.49896e+06
1000 4750 1.50396e+06 1.49896e+06
500 4750 1.50396e+06 1.49896e+06
750 4750 1.50396e+06 1.49896e+06
500 5000 1.58285e+06 1.57785e+06
750 5000 1.58285e+06 1.57785e+06
750 4750 1.50396e+06 1.49896e+06
1000 4750 1.50396e+06 1.49896e+06
750 5000 1.58285e+06 1.57785e+06
1000 5000 1.58285e+06 1.57785e+06
1000 4500 1.42506e+06 1.42006e+06
1250 4500 1.42506e+06 1.42006e+06
1000 4750 1.50396e+06 1.49896e+06
1250 4750 1.50396e+06 1.49896e+06
1250 4500 1.42506e+06 1.42006e+06
1500 4500 1.42506e+06 1.42006e+06
1250 4750 1.50396e+06 1.49896e+06
1500 4750 1.50396e+06 1.49896e+06
1000 4750 1.50396e+06 1.49896e+06
1250 4750 1.50396e+06 1.49896e+06
1000 5000 1.58285e+06 1.57785e+06
1250 5000 1.58285e+06 1.57785e+06
1250 4750 1.50396e+06 1.49896e+06
1500 4750 1.50396e+06 1.49896e+06
1250 5000 1.58285e+06 1.57785e+06
1500 5000 1.58285e+06 1.57785e+06
1500 4500 1.42506e+06 1.42006e+06
1750 4500 1.42506e+06 1.42006e+06
1500 4750 1.50396e+06 1.49896e+06
1750 4750 1.50396e+06 1.49896e+06
1750 4500 1.42506e+06 1.42006e+06
2000 4500 1.42506e+06 1.42006e+06
1750 4750 1.50396e+06 1.49896e+06
2000 4750 1.50396e+06 1.49896e+06
1500 4750 1.50396e+06 1.49896e+06
1750 4750 1.50396e+06 1.49896e+06
1500 5000 1.58285e+06 1.57785e+06
1750 5000 1.58285e+06 1.57785e+06
1750 4750 1.50396e+06 1.49896e+06
2000 4750 1.50396e+06 1.49896e+06
1750 5000 1.58285e+06 1.57785e+06
2000 5000 1.58285e+06 1.57785e+06
2000 4000 1.26728e+06 1.26228e+06
2250 4000 1.26728e+06 1.26228e+06
2000 4250 1.34617e+06 1.34117e+06
2250 4250 1.34617e+06 1.34117e+06
2250 4000 1.26728e+06 1.26228e+06
2500 4000 1.26728e+06 1.26228e+06
2250 4250 1.34617e+06 1.34117e+06
2500 4250 1.34617e+06 1.34117e+06
2000 4250 1.34617e+06 1.34117e+06
2250 4250 1.34617e+06 1.34117e+06
2000 4500 1.42506e+06 1.42006e+06
2250 4500 1.42506e+06 1.42006e+06
2250 4250 1.34617e+06 1.34117e+06
2500 4250 1.34617e+06 1.34117e+06
2250 4500 1.42506e+06 1.42006e+06
2500 4500 1.42506e+06 1.42006e+06
2500 4000 1.26728e+06 1.26228e+06
2750 4000 1.26728e+06 1.26228e+06
2500 4250 1.34617e+06 1.34117e+06
2750 4250 1.34617e+06 1.34117e+06
2750 4000 1.26728e+06 1.26228e+06
3000 4000 1.26728e+06 1.26228e+06
2750 4250 1.34617e+06 1.34117e+06
3000 4250 1.34617e+06 1.34117e+06
2500 4250 1.34617e+06 1.34117e+06
2750 4250 1.34617e+06 1.34117e+06
2500 4500 1.42506e+06 1.42006e+06
2750 4500 1.42506e+06 1.42006e+06
2750 4250 1.34617e+06 1.34117e+06
3000 4250 1.34617e+06 1.34117e+06
2750 4500 1.42506e+06 1.42006e+06
3000 4500 1.42506e+06 1.42006e+06
3000 4000 1.26728e+06 1.26228e+06
3250 4000 1.26728e+06 1.26228e+06
3000 4250 1.34617e+06 1.34117e+06
3250 4250 1.34617e+06 1.34117e+06
3250 4000 1.26728e+06 1.26228e+06
3500 4000 1.26728e+06 1.26228e+06
3250 4250 1.34617e+06 1.34117e+06
3500 4250 1.34617e+06 1.34117e+06
3000 4250 1.34617e+06 1.34117e+06
3250 4250 1.34617e+06 1.34117e+06
3000 4500 1.42506e+06 1.42006e+06
3250 4500 1.42506e+06 1.42006e+06
3250 4250 1.34617e+06 1.34117e+06
3500 4250 1.34617e+06 1.34117e+06
3250 4500 1.42506e+06 1.42006e+06
3500 4500 1.42506e+06 1.42006e+06
3500 4000 1.26728e+06 1.26228e+06
3750 4000 1.26728e+06 1.26228e+06
3500 4250 1.34617e+06 1.34117e+06
3750 4250 1.34617e+06 1.34117e+06
3750 4000 1.26728e+06 1.26228e+06
4000 4000 1.26728e+06 1.26228e+06
3750 4250 1.34617e+06 1.34117e+06
4000 4250 1.34617e+06 1.34117e+06
3500 4250 1.34617e+06 1.34117e+06
3750 4250 1.34617e+06 1.34117e+06
3500 4500 1.42506e+06 1.42006e+06
3750 4500 1.42506e+06 1.42006e+06
3750 4250 1.34617e+06 1.34117e+06
4000 4250 1.34617e+06 1.34117e+06
3750 4500 1.42506e+06 1.42006e+06
4000 4500 1.42506e+06 1.42006e+06
2000 4500 1.42506e+06 1.42006e+06
2250 4500 1.42506e+06 1.42006e+06
2000 4750 1.50396e+06 1.49896e+06
2250 4750 1.50396e+06 1.49896e+06
2250 4500 1.42506e+06 1.42006e+06
2500 4500 1.42506e+06 1.42006e+06
2250 4750 1.50396e+06 1.49896e+06
2500 4750 1.50396e+06 1.49896e+06
2000 4750 1.50396e+06 1.49896e+06
2250 4750 1.50396e+06 1.49896e+06
2000 5000 1.58285e+06 1.57785e+06
2250 5000 1.58285e+06 1.57785e+06
2250 4750 1.50396e+06 1.49896e+06
2500 4750 1.50396e+06 1.49896e+06
2250 5000 1.58285e+06 1.57785e+06
2500 5000 1.58285e+06 1.57785e+06
2500 4500 1.42506e+06 1.42006e+06
2750 4500 1.42506e+06 1.42006e+06
2500 4750 1.50396e+06 1.49896e+06
2750 4750 1.50396e+06 1.49896e+06
2750 4500 1.42506e+06 1.42006e+06
3000 4500 1.42506e+06 1.42006e+06
2750 4750 1.50396e+06 1.49896e+06
3000 4750 1.50396e+06 1.49896e+06
2500 4750 1.50396e+06 1.49896e+06
2750 4750 1.50396e+06 1.49896e+06
2500 5000 1.58285e+06 1.57785e+06
2750 5000 1.58285e+06 1.57785e+06
2750 4750 1.50396e+06 1.49896e+06
3000 4750 1.50396e+06 1.49896e+06
2750 5000 1.58285e+06 1.57785e+06
3000 5000 1.58285e+06 1.57785e+06
3000 4500 1.42506e+06 1.42006e+06
3250 4500 1.42506e+06 1.42006e+06
3000 4750 1.50396e+06 1.49896e+06
3250 4750 1.50396e+06 1.49896e+06
3250 4500 1.42506e+06 1.42006e+06
3500 4500 1.42506e+06 1.42006e+06
3250 4750 1.50396e+06 1.49896e+06
3500 4750 1.50396e+06 1.49896e+06
3000 4750 1.50396e+06 1.49896e+06
3250 4750 1.50396e+06 1.49896e+06
3000 5000 1.58285e+06 1.57785e+06
3250 5000 1.58285e+06 1.57785e+06
3250 4750 1.50396e+06 1.49896e+06
3500 4750 1.50396e+06 1.49896e+06
3250 5000 1.58285e+06 1.57785e+06
3500 5000 1.58285e+06 1.57785e+06
3500 4500 1.42506e+06 1.42006e+06
3750 4500 1.42506e+06 1.42006e+06
3500 4750 1.50396e+06 1.49896e+06
3750 4750 1.50396e+06 1.49896e+06
3750 4500 1.42506e+06 1.42006e+06
4000 4500 1.42506e+06 1.42006e+06
3750 4750 1.50396e+06 1.49896e+06
4000 4750 1.50396e+06 1.49896e+06
3500 4750 1.50396e+06 1.49896e+06
3750 4750 1.50396e+06 1.49896e+06
3500 5000 1.58285e+06 1.57785e+06
3750 5000 1.58285e+06 1.57785e+06
3750 4750 1.50396e+06 1.49896e+06
4000 4750 1.50396e+06 1.49896e+06
3750 5000 1.58285e+06 1.57785e+06
4000 5000 1.58285e+06 1.57785e+06
4000 4000 1.26728e+06 1.26228e+06
4250 4000 1.26728e+06 1.26228e+06
4000 4250 1.34617e+06 1.34117e+06
4250 4250 1.34617e+06 1.34117e+06
4250 4000 1.26728e+06 1.26228e+06
4500 4000 1.26728e+06 1.26228e+06
4250 4250 1.34617e+06 1.34117e+06
4500 4250 1.34617e+06 1.34117e+06
4000 4250 1.34617e+06 1.34117e+06
4250 4250 1.34617e+06 1.34117e+06
4000 4500 1.42506e+06 1.42006e+06
4250 4500 1.42506e+06 1.42006e+06
4250 4250 1.34617e+06 1.34117e+06
4500 4250 1.34617e+06 1.34117e+06
4250 4500 1.42506e+06 1.42006e+06
4500 4500 1.42506e+06 1.42006e+06
4500 4000 1.26728e+06 1.26228e+06
4750 4000 1.26728e+06 1.26228e+06
4500 4250 1.34617e+06 1.34117e+06
4750 4250 1.34617e+06 1.34117e+06
4750 4000 1.26728e+06 1.26228e+06
5000 4000 1.26728e+06 1.26228e+06
4750 4250 1.34617e+06 1.34117e+06
5000 4250 1.34617e+06 1.34117e+06
4500 4250 1.34617e+06 1.34117e+06
4750 4250 1.34617e+06 1.34117e+06
4500 4500 1.42506e+06 1.42006e+06
4750 4500 1.42506e+06 1.42006e+06
4750 4250 1.34617e+06 1.34117e+06
5000 4250 1.34617e+06 1.34117e+06
4750 4500 1.42506e+06 1.42006e+06
5000 4500 1.42506e+06 1.42006e+06
4000 4500 1.42506e+06 1.42006e+06
4250 4500 1.42506e+06 1.42006e+06
4000 4750 1.50396e+06 1.49896e+06
4250 4750 1.50396e+06 1.49896e+06
4250 4500 1.42506e+06 1.42006e+06
4500 4500 1.42506e+06 1.42006e+06
4250 4750 1.50396e+06 1.49896e+06
4500 4750 1.50396e+06 1.49896e+06
4000 4750 1.50396e+06 1.49896e+06
4250 4750 1.50396e+06 1.49896e+06
4000 5000 1.58285e+06 1.57785e+06
4250 5000 1.58285e+06 1.57785e+06
4250 4750 1.50396e+06 1.49896e+06
4500 4750 1.50396e+06 1.49896e+06
4250 5000 1.58285e+06 1.57785e+06
4500 5000 1.58285e+06 1.57785e+06
4500 4500 1.42506e+06 1.42006e+06
4750 4500 1.42506e+06 1.42006e+06
4500 4750 1.50396e+06 1.49896e+06
4750 4750 1.50396e+06 1.49896e+06
4750 4500 1.42506e+06 1.42006e+06
5000 4500 1.42506e+06 1.42006e+06
4750 4750 1.50396e+06 1.49896e+06
5000 4750 1.50396e+06 1.49896e+06
4500 4750 1.50396e+06 1.49896e+06
4750 4750 1.50396e+06 1.49896e+06
4500 5000 1.58285e+06 1.57785e+06
4750 5000 1.58285e+06 1.57785e+06
4750 4750 1.50396e+06 1.49896e+06
5000 4750 1.50396e+06 1.49896e+06
4750 5000 1.58285e+06 1.57785e+06
5000 5000 1.58285e+06 1.57785e+06
